"","session","alpha","beta","betart","lapse","intercept","sigma","ndt","participant_id","sessions","trials","alpha_obs_power","beta_obs_power","n","rts","resp","X","iter","real_effectsize_alpha","real_effectsize_beta","subjects","parameter","observed_effectsize_alpha","observed_effectsize_beta"
"1","session1",-11.7368078887914,12.9747232390039,3.75663890783388,0.00409261207131645,-0.369784951010249,0.612482551974678,0.757113337243298,1,1,150,-0.907528047772204,1.34570467631622,1,1.1561374574257,1,8.3793477893,2702,0,0,6,"both",-0.907528047772204,1.34570467631622
"2","session1",-11.7368078887914,12.9747232390039,3.75663890783388,0.00409261207131645,-0.369784951010249,0.612482551974678,0.757113337243298,1,1,150,-0.907528047772204,1.34570467631622,1,3.98097781329283,1,-3.6871853007,2702,0,0,6,"both",-0.907528047772204,1.34570467631622
"3","session1",-11.7368078887914,12.9747232390039,3.75663890783388,0.00409261207131645,-0.369784951010249,0.612482551974678,0.757113337243298,1,1,150,-0.907528047772204,1.34570467631622,1,1.40703105430263,1,-12.79048184924,2702,0,0,6,"both",-0.907528047772204,1.34570467631622
"4","session1",-11.7368078887914,12.9747232390039,3.75663890783388,0.00409261207131645,-0.369784951010249,0.612482551974678,0.757113337243298,1,1,150,-0.907528047772204,1.34570467631622,1,2.99323963649383,0,-19.6273556046,2702,0,0,6,"both",-0.907528047772204,1.34570467631622
"5","session1",-11.7368078887914,12.9747232390039,3.75663890783388,0.00409261207131645,-0.369784951010249,0.612482551974678,0.757113337243298,1,1,150,-0.907528047772204,1.34570467631622,1,2.68070439112405,0,-20.97466,2702,0,0,6,"both",-0.907528047772204,1.34570467631622
"6","session1",-11.7368078887914,12.9747232390039,3.75663890783388,0.00409261207131645,-0.369784951010249,0.612482551974678,0.757113337243298,1,1,150,-0.907528047772204,1.34570467631622,1,1.84879783584692,0,-29.357,2702,0,0,6,"both",-0.907528047772204,1.34570467631622
"7","session1",-11.7368078887914,12.9747232390039,3.75663890783388,0.00409261207131645,-0.369784951010249,0.612482551974678,0.757113337243298,1,1,150,-0.907528047772204,1.34570467631622,1,1.88668974760727,0,-7.52831,2702,0,0,6,"both",-0.907528047772204,1.34570467631622
"8","session1",-11.7368078887914,12.9747232390039,3.75663890783388,0.00409261207131645,-0.369784951010249,0.612482551974678,0.757113337243298,1,1,150,-0.907528047772204,1.34570467631622,1,1.85080088246501,1,-21.31269,2702,0,0,6,"both",-0.907528047772204,1.34570467631622
"9","session1",-11.7368078887914,12.9747232390039,3.75663890783388,0.00409261207131645,-0.369784951010249,0.612482551974678,0.757113337243298,1,1,150,-0.907528047772204,1.34570467631622,1,3.08515219306632,1,-13.02484,2702,0,0,6,"both",-0.907528047772204,1.34570467631622
"10","session1",-11.7368078887914,12.9747232390039,3.75663890783388,0.00409261207131645,-0.369784951010249,0.612482551974678,0.757113337243298,1,1,150,-0.907528047772204,1.34570467631622,1,2.82252037353246,1,-12.563371003,2702,0,0,6,"both",-0.907528047772204,1.34570467631622
"11","session1",-11.7368078887914,12.9747232390039,3.75663890783388,0.00409261207131645,-0.369784951010249,0.612482551974678,0.757113337243298,1,1,150,-0.907528047772204,1.34570467631622,1,1.422980400424,1,-17.165331172,2702,0,0,6,"both",-0.907528047772204,1.34570467631622
"12","session1",-11.7368078887914,12.9747232390039,3.75663890783388,0.00409261207131645,-0.369784951010249,0.612482551974678,0.757113337243298,1,1,150,-0.907528047772204,1.34570467631622,1,2.97911121074133,0,-9.3766,2702,0,0,6,"both",-0.907528047772204,1.34570467631622
"13","session1",-11.7368078887914,12.9747232390039,3.75663890783388,0.00409261207131645,-0.369784951010249,0.612482551974678,0.757113337243298,1,1,150,-0.907528047772204,1.34570467631622,1,1.18928523103304,1,2.5084,2702,0,0,6,"both",-0.907528047772204,1.34570467631622
"14","session1",-11.7368078887914,12.9747232390039,3.75663890783388,0.00409261207131645,-0.369784951010249,0.612482551974678,0.757113337243298,1,1,150,-0.907528047772204,1.34570467631622,1,1.3125370990579,0,-16.450769064,2702,0,0,6,"both",-0.907528047772204,1.34570467631622
"15","session1",-11.7368078887914,12.9747232390039,3.75663890783388,0.00409261207131645,-0.369784951010249,0.612482551974678,0.757113337243298,1,1,150,-0.907528047772204,1.34570467631622,1,1.25241124550274,1,6.0829,2702,0,0,6,"both",-0.907528047772204,1.34570467631622
"16","session1",-11.7368078887914,12.9747232390039,3.75663890783388,0.00409261207131645,-0.369784951010249,0.612482551974678,0.757113337243298,1,1,150,-0.907528047772204,1.34570467631622,1,1.78060930496863,1,-0.2407,2702,0,0,6,"both",-0.907528047772204,1.34570467631622
"17","session1",-11.7368078887914,12.9747232390039,3.75663890783388,0.00409261207131645,-0.369784951010249,0.612482551974678,0.757113337243298,1,1,150,-0.907528047772204,1.34570467631622,1,1.75615067538974,1,16.1916,2702,0,0,6,"both",-0.907528047772204,1.34570467631622
"18","session1",-11.7368078887914,12.9747232390039,3.75663890783388,0.00409261207131645,-0.369784951010249,0.612482551974678,0.757113337243298,1,1,150,-0.907528047772204,1.34570467631622,1,1.30941602434098,1,37.7392,2702,0,0,6,"both",-0.907528047772204,1.34570467631622
"19","session1",-11.7368078887914,12.9747232390039,3.75663890783388,0.00409261207131645,-0.369784951010249,0.612482551974678,0.757113337243298,1,1,150,-0.907528047772204,1.34570467631622,1,1.95903956466594,0,-32.4222,2702,0,0,6,"both",-0.907528047772204,1.34570467631622
"20","session1",-11.7368078887914,12.9747232390039,3.75663890783388,0.00409261207131645,-0.369784951010249,0.612482551974678,0.757113337243298,1,1,150,-0.907528047772204,1.34570467631622,1,2.10362193558163,1,-11.37084,2702,0,0,6,"both",-0.907528047772204,1.34570467631622
"21","session1",-11.7368078887914,12.9747232390039,3.75663890783388,0.00409261207131645,-0.369784951010249,0.612482551974678,0.757113337243298,1,1,150,-0.907528047772204,1.34570467631622,1,1.8790698123071,0,-47.6471,2702,0,0,6,"both",-0.907528047772204,1.34570467631622
"22","session1",-11.7368078887914,12.9747232390039,3.75663890783388,0.00409261207131645,-0.369784951010249,0.612482551974678,0.757113337243298,1,1,150,-0.907528047772204,1.34570467631622,1,1.7067311963854,1,15.309922,2702,0,0,6,"both",-0.907528047772204,1.34570467631622
"23","session1",-11.7368078887914,12.9747232390039,3.75663890783388,0.00409261207131645,-0.369784951010249,0.612482551974678,0.757113337243298,1,1,150,-0.907528047772204,1.34570467631622,1,1.44103798159165,0,-24.70768,2702,0,0,6,"both",-0.907528047772204,1.34570467631622
"24","session1",-11.7368078887914,12.9747232390039,3.75663890783388,0.00409261207131645,-0.369784951010249,0.612482551974678,0.757113337243298,1,1,150,-0.907528047772204,1.34570467631622,1,1.47123180769051,0,-27.01507,2702,0,0,6,"both",-0.907528047772204,1.34570467631622
"25","session1",-11.7368078887914,12.9747232390039,3.75663890783388,0.00409261207131645,-0.369784951010249,0.612482551974678,0.757113337243298,1,1,150,-0.907528047772204,1.34570467631622,1,1.76366519131747,0,-25.14656,2702,0,0,6,"both",-0.907528047772204,1.34570467631622
"26","session1",-11.7368078887914,12.9747232390039,3.75663890783388,0.00409261207131645,-0.369784951010249,0.612482551974678,0.757113337243298,1,1,150,-0.907528047772204,1.34570467631622,1,1.93082137644704,1,-28.8193,2702,0,0,6,"both",-0.907528047772204,1.34570467631622
"27","session1",-11.7368078887914,12.9747232390039,3.75663890783388,0.00409261207131645,-0.369784951010249,0.612482551974678,0.757113337243298,1,1,150,-0.907528047772204,1.34570467631622,1,3.3006712648779,1,-6.906,2702,0,0,6,"both",-0.907528047772204,1.34570467631622
"28","session1",-11.7368078887914,12.9747232390039,3.75663890783388,0.00409261207131645,-0.369784951010249,0.612482551974678,0.757113337243298,1,1,150,-0.907528047772204,1.34570467631622,1,1.56264553754598,0,-30.58386,2702,0,0,6,"both",-0.907528047772204,1.34570467631622
"29","session1",-11.7368078887914,12.9747232390039,3.75663890783388,0.00409261207131645,-0.369784951010249,0.612482551974678,0.757113337243298,1,1,150,-0.907528047772204,1.34570467631622,1,1.31501323692973,0,-47.1395,2702,0,0,6,"both",-0.907528047772204,1.34570467631622
"30","session1",-11.7368078887914,12.9747232390039,3.75663890783388,0.00409261207131645,-0.369784951010249,0.612482551974678,0.757113337243298,1,1,150,-0.907528047772204,1.34570467631622,1,2.9554948642386,1,-1.9177,2702,0,0,6,"both",-0.907528047772204,1.34570467631622
"31","session1",-11.7368078887914,12.9747232390039,3.75663890783388,0.00409261207131645,-0.369784951010249,0.612482551974678,0.757113337243298,1,1,150,-0.907528047772204,1.34570467631622,1,1.82772547651671,0,-36.6101,2702,0,0,6,"both",-0.907528047772204,1.34570467631622
"32","session1",-11.7368078887914,12.9747232390039,3.75663890783388,0.00409261207131645,-0.369784951010249,0.612482551974678,0.757113337243298,1,1,150,-0.907528047772204,1.34570467631622,1,2.7180012628899,0,-10.0211,2702,0,0,6,"both",-0.907528047772204,1.34570467631622
"33","session1",-11.7368078887914,12.9747232390039,3.75663890783388,0.00409261207131645,-0.369784951010249,0.612482551974678,0.757113337243298,1,1,150,-0.907528047772204,1.34570467631622,1,1.48842186866792,0,-41.6523,2702,0,0,6,"both",-0.907528047772204,1.34570467631622
"34","session1",-11.7368078887914,12.9747232390039,3.75663890783388,0.00409261207131645,-0.369784951010249,0.612482551974678,0.757113337243298,1,1,150,-0.907528047772204,1.34570467631622,1,3.49485399440041,1,-2.7327,2702,0,0,6,"both",-0.907528047772204,1.34570467631622
"35","session1",-11.7368078887914,12.9747232390039,3.75663890783388,0.00409261207131645,-0.369784951010249,0.612482551974678,0.757113337243298,1,1,150,-0.907528047772204,1.34570467631622,1,2.33282892220894,1,-0.159000000000001,2702,0,0,6,"both",-0.907528047772204,1.34570467631622
"36","session1",-11.7368078887914,12.9747232390039,3.75663890783388,0.00409261207131645,-0.369784951010249,0.612482551974678,0.757113337243298,1,1,150,-0.907528047772204,1.34570467631622,1,1.27210616610824,1,-2.6503,2702,0,0,6,"both",-0.907528047772204,1.34570467631622
"37","session1",-11.7368078887914,12.9747232390039,3.75663890783388,0.00409261207131645,-0.369784951010249,0.612482551974678,0.757113337243298,1,1,150,-0.907528047772204,1.34570467631622,1,2.12352322234609,0,-24.254,2702,0,0,6,"both",-0.907528047772204,1.34570467631622
"38","session1",-11.7368078887914,12.9747232390039,3.75663890783388,0.00409261207131645,-0.369784951010249,0.612482551974678,0.757113337243298,1,1,150,-0.907528047772204,1.34570467631622,1,1.15856729648922,0,-33.397,2702,0,0,6,"both",-0.907528047772204,1.34570467631622
"39","session1",-11.7368078887914,12.9747232390039,3.75663890783388,0.00409261207131645,-0.369784951010249,0.612482551974678,0.757113337243298,1,1,150,-0.907528047772204,1.34570467631622,1,1.72477574787171,0,-23.52346,2702,0,0,6,"both",-0.907528047772204,1.34570467631622
"40","session1",-11.7368078887914,12.9747232390039,3.75663890783388,0.00409261207131645,-0.369784951010249,0.612482551974678,0.757113337243298,1,1,150,-0.907528047772204,1.34570467631622,1,1.46086560143898,1,-1.3439,2702,0,0,6,"both",-0.907528047772204,1.34570467631622
"41","session1",-11.7368078887914,12.9747232390039,3.75663890783388,0.00409261207131645,-0.369784951010249,0.612482551974678,0.757113337243298,1,1,150,-0.907528047772204,1.34570467631622,1,2.25049194183525,0,-25.8369,2702,0,0,6,"both",-0.907528047772204,1.34570467631622
"42","session1",-11.7368078887914,12.9747232390039,3.75663890783388,0.00409261207131645,-0.369784951010249,0.612482551974678,0.757113337243298,1,1,150,-0.907528047772204,1.34570467631622,1,3.70127091341829,0,-7.9646,2702,0,0,6,"both",-0.907528047772204,1.34570467631622
"43","session1",-11.7368078887914,12.9747232390039,3.75663890783388,0.00409261207131645,-0.369784951010249,0.612482551974678,0.757113337243298,1,1,150,-0.907528047772204,1.34570467631622,1,3.57930385461168,0,-29.0274,2702,0,0,6,"both",-0.907528047772204,1.34570467631622
"44","session1",-11.7368078887914,12.9747232390039,3.75663890783388,0.00409261207131645,-0.369784951010249,0.612482551974678,0.757113337243298,1,1,150,-0.907528047772204,1.34570467631622,1,2.58931412372194,1,-1.3006,2702,0,0,6,"both",-0.907528047772204,1.34570467631622
"45","session1",-11.7368078887914,12.9747232390039,3.75663890783388,0.00409261207131645,-0.369784951010249,0.612482551974678,0.757113337243298,1,1,150,-0.907528047772204,1.34570467631622,1,1.29069888985888,1,-18.61482,2702,0,0,6,"both",-0.907528047772204,1.34570467631622
"46","session1",-11.7368078887914,12.9747232390039,3.75663890783388,0.00409261207131645,-0.369784951010249,0.612482551974678,0.757113337243298,1,1,150,-0.907528047772204,1.34570467631622,1,1.63066400399256,1,-5.7606,2702,0,0,6,"both",-0.907528047772204,1.34570467631622
"47","session1",-11.7368078887914,12.9747232390039,3.75663890783388,0.00409261207131645,-0.369784951010249,0.612482551974678,0.757113337243298,1,1,150,-0.907528047772204,1.34570467631622,1,1.46321041364237,0,-6.1587,2702,0,0,6,"both",-0.907528047772204,1.34570467631622
"48","session1",-11.7368078887914,12.9747232390039,3.75663890783388,0.00409261207131645,-0.369784951010249,0.612482551974678,0.757113337243298,1,1,150,-0.907528047772204,1.34570467631622,1,1.80376386855419,0,-20.16436,2702,0,0,6,"both",-0.907528047772204,1.34570467631622
"49","session1",-11.7368078887914,12.9747232390039,3.75663890783388,0.00409261207131645,-0.369784951010249,0.612482551974678,0.757113337243298,1,1,150,-0.907528047772204,1.34570467631622,1,1.25766600497573,1,-2.86396,2702,0,0,6,"both",-0.907528047772204,1.34570467631622
"50","session1",-11.7368078887914,12.9747232390039,3.75663890783388,0.00409261207131645,-0.369784951010249,0.612482551974678,0.757113337243298,1,1,150,-0.907528047772204,1.34570467631622,1,1.5953264217156,0,-22.15988,2702,0,0,6,"both",-0.907528047772204,1.34570467631622
"51","session1",-11.7368078887914,12.9747232390039,3.75663890783388,0.00409261207131645,-0.369784951010249,0.612482551974678,0.757113337243298,1,1,150,-0.907528047772204,1.34570467631622,1,3.9554336051354,1,2.5781,2702,0,0,6,"both",-0.907528047772204,1.34570467631622
"52","session1",-11.7368078887914,12.9747232390039,3.75663890783388,0.00409261207131645,-0.369784951010249,0.612482551974678,0.757113337243298,1,1,150,-0.907528047772204,1.34570467631622,1,1.46483828696313,1,3.5019,2702,0,0,6,"both",-0.907528047772204,1.34570467631622
"53","session1",-11.7368078887914,12.9747232390039,3.75663890783388,0.00409261207131645,-0.369784951010249,0.612482551974678,0.757113337243298,1,1,150,-0.907528047772204,1.34570467631622,1,1.56524213919146,0,-19.61416,2702,0,0,6,"both",-0.907528047772204,1.34570467631622
"54","session1",-11.7368078887914,12.9747232390039,3.75663890783388,0.00409261207131645,-0.369784951010249,0.612482551974678,0.757113337243298,1,1,150,-0.907528047772204,1.34570467631622,1,1.69251412272855,0,-31.4597,2702,0,0,6,"both",-0.907528047772204,1.34570467631622
"55","session1",-11.7368078887914,12.9747232390039,3.75663890783388,0.00409261207131645,-0.369784951010249,0.612482551974678,0.757113337243298,1,1,150,-0.907528047772204,1.34570467631622,1,2.51521101241697,1,-19.62787,2702,0,0,6,"both",-0.907528047772204,1.34570467631622
"56","session1",-11.7368078887914,12.9747232390039,3.75663890783388,0.00409261207131645,-0.369784951010249,0.612482551974678,0.757113337243298,1,1,150,-0.907528047772204,1.34570467631622,1,3.80279635226949,1,-6.07946,2702,0,0,6,"both",-0.907528047772204,1.34570467631622
"57","session1",-11.7368078887914,12.9747232390039,3.75663890783388,0.00409261207131645,-0.369784951010249,0.612482551974678,0.757113337243298,1,1,150,-0.907528047772204,1.34570467631622,1,1.38743115079563,1,-3.909,2702,0,0,6,"both",-0.907528047772204,1.34570467631622
"58","session1",-11.7368078887914,12.9747232390039,3.75663890783388,0.00409261207131645,-0.369784951010249,0.612482551974678,0.757113337243298,1,1,150,-0.907528047772204,1.34570467631622,1,1.70080187628066,1,-19.53788,2702,0,0,6,"both",-0.907528047772204,1.34570467631622
"59","session1",-11.7368078887914,12.9747232390039,3.75663890783388,0.00409261207131645,-0.369784951010249,0.612482551974678,0.757113337243298,1,1,150,-0.907528047772204,1.34570467631622,1,1.73871767652198,0,-7.14094,2702,0,0,6,"both",-0.907528047772204,1.34570467631622
"60","session1",-11.7368078887914,12.9747232390039,3.75663890783388,0.00409261207131645,-0.369784951010249,0.612482551974678,0.757113337243298,1,1,150,-0.907528047772204,1.34570467631622,1,2.34732688376077,0,-32.4152,2702,0,0,6,"both",-0.907528047772204,1.34570467631622
"61","session1",-11.7368078887914,12.9747232390039,3.75663890783388,0.00409261207131645,-0.369784951010249,0.612482551974678,0.757113337243298,1,1,150,-0.907528047772204,1.34570467631622,1,1.38812612870636,0,-24.05996,2702,0,0,6,"both",-0.907528047772204,1.34570467631622
"62","session1",-11.7368078887914,12.9747232390039,3.75663890783388,0.00409261207131645,-0.369784951010249,0.612482551974678,0.757113337243298,1,1,150,-0.907528047772204,1.34570467631622,1,2.73780825834648,1,1.389,2702,0,0,6,"both",-0.907528047772204,1.34570467631622
"63","session1",-11.7368078887914,12.9747232390039,3.75663890783388,0.00409261207131645,-0.369784951010249,0.612482551974678,0.757113337243298,1,1,150,-0.907528047772204,1.34570467631622,1,6.58674432788677,1,-10.48943,2702,0,0,6,"both",-0.907528047772204,1.34570467631622
"64","session1",-11.7368078887914,12.9747232390039,3.75663890783388,0.00409261207131645,-0.369784951010249,0.612482551974678,0.757113337243298,1,1,150,-0.907528047772204,1.34570467631622,1,1.42519851011781,0,-9.35382,2702,0,0,6,"both",-0.907528047772204,1.34570467631622
"65","session1",-11.7368078887914,12.9747232390039,3.75663890783388,0.00409261207131645,-0.369784951010249,0.612482551974678,0.757113337243298,1,1,150,-0.907528047772204,1.34570467631622,1,1.6251904886159,1,-2.4432,2702,0,0,6,"both",-0.907528047772204,1.34570467631622
"66","session1",-11.7368078887914,12.9747232390039,3.75663890783388,0.00409261207131645,-0.369784951010249,0.612482551974678,0.757113337243298,1,1,150,-0.907528047772204,1.34570467631622,1,2.71408739896589,0,-26.8606,2702,0,0,6,"both",-0.907528047772204,1.34570467631622
"67","session1",-11.7368078887914,12.9747232390039,3.75663890783388,0.00409261207131645,-0.369784951010249,0.612482551974678,0.757113337243298,1,1,150,-0.907528047772204,1.34570467631622,1,4.00596225065362,0,-29.8929,2702,0,0,6,"both",-0.907528047772204,1.34570467631622
"68","session1",-11.7368078887914,12.9747232390039,3.75663890783388,0.00409261207131645,-0.369784951010249,0.612482551974678,0.757113337243298,1,1,150,-0.907528047772204,1.34570467631622,1,1.4286982777687,0,-33.1539,2702,0,0,6,"both",-0.907528047772204,1.34570467631622
"69","session1",-11.7368078887914,12.9747232390039,3.75663890783388,0.00409261207131645,-0.369784951010249,0.612482551974678,0.757113337243298,1,1,150,-0.907528047772204,1.34570467631622,1,4.15657303869406,0,-27.697,2702,0,0,6,"both",-0.907528047772204,1.34570467631622
"70","session1",-11.7368078887914,12.9747232390039,3.75663890783388,0.00409261207131645,-0.369784951010249,0.612482551974678,0.757113337243298,1,1,150,-0.907528047772204,1.34570467631622,1,1.21403054564528,1,-4.62661,2702,0,0,6,"both",-0.907528047772204,1.34570467631622
"71","session1",-11.7368078887914,12.9747232390039,3.75663890783388,0.00409261207131645,-0.369784951010249,0.612482551974678,0.757113337243298,1,1,150,-0.907528047772204,1.34570467631622,1,2.15020342937205,1,-26.7083,2702,0,0,6,"both",-0.907528047772204,1.34570467631622
"72","session1",-11.7368078887914,12.9747232390039,3.75663890783388,0.00409261207131645,-0.369784951010249,0.612482551974678,0.757113337243298,1,1,150,-0.907528047772204,1.34570467631622,1,1.58527985072256,1,-4.39387,2702,0,0,6,"both",-0.907528047772204,1.34570467631622
"73","session1",-11.7368078887914,12.9747232390039,3.75663890783388,0.00409261207131645,-0.369784951010249,0.612482551974678,0.757113337243298,1,1,150,-0.907528047772204,1.34570467631622,1,2.57128918146457,1,-11.76844,2702,0,0,6,"both",-0.907528047772204,1.34570467631622
"74","session1",-11.7368078887914,12.9747232390039,3.75663890783388,0.00409261207131645,-0.369784951010249,0.612482551974678,0.757113337243298,1,1,150,-0.907528047772204,1.34570467631622,1,2.42383384632055,0,-24.09443,2702,0,0,6,"both",-0.907528047772204,1.34570467631622
"75","session1",-11.7368078887914,12.9747232390039,3.75663890783388,0.00409261207131645,-0.369784951010249,0.612482551974678,0.757113337243298,1,1,150,-0.907528047772204,1.34570467631622,1,1.88221985398475,0,-4.15289,2702,0,0,6,"both",-0.907528047772204,1.34570467631622
"76","session1",-11.7368078887914,12.9747232390039,3.75663890783388,0.00409261207131645,-0.369784951010249,0.612482551974678,0.757113337243298,1,1,150,-0.907528047772204,1.34570467631622,1,1.21347076045155,0,-29.0078,2702,0,0,6,"both",-0.907528047772204,1.34570467631622
"77","session1",-11.7368078887914,12.9747232390039,3.75663890783388,0.00409261207131645,-0.369784951010249,0.612482551974678,0.757113337243298,1,1,150,-0.907528047772204,1.34570467631622,1,5.19294970587193,1,0.740500000000001,2702,0,0,6,"both",-0.907528047772204,1.34570467631622
"78","session1",-11.7368078887914,12.9747232390039,3.75663890783388,0.00409261207131645,-0.369784951010249,0.612482551974678,0.757113337243298,1,1,150,-0.907528047772204,1.34570467631622,1,1.32444735523067,1,5.3506,2702,0,0,6,"both",-0.907528047772204,1.34570467631622
"79","session1",-11.7368078887914,12.9747232390039,3.75663890783388,0.00409261207131645,-0.369784951010249,0.612482551974678,0.757113337243298,1,1,150,-0.907528047772204,1.34570467631622,1,3.91903779279922,1,-8.27897,2702,0,0,6,"both",-0.907528047772204,1.34570467631622
"80","session1",-11.7368078887914,12.9747232390039,3.75663890783388,0.00409261207131645,-0.369784951010249,0.612482551974678,0.757113337243298,1,1,150,-0.907528047772204,1.34570467631622,1,3.12567043893651,0,-18.71814,2702,0,0,6,"both",-0.907528047772204,1.34570467631622
"81","session1",-11.7368078887914,12.9747232390039,3.75663890783388,0.00409261207131645,-0.369784951010249,0.612482551974678,0.757113337243298,1,1,150,-0.907528047772204,1.34570467631622,1,1.79569712067438,1,-22.42632,2702,0,0,6,"both",-0.907528047772204,1.34570467631622
"82","session1",-11.7368078887914,12.9747232390039,3.75663890783388,0.00409261207131645,-0.369784951010249,0.612482551974678,0.757113337243298,1,1,150,-0.907528047772204,1.34570467631622,1,2.75754452689427,1,-27.6649,2702,0,0,6,"both",-0.907528047772204,1.34570467631622
"83","session1",-11.7368078887914,12.9747232390039,3.75663890783388,0.00409261207131645,-0.369784951010249,0.612482551974678,0.757113337243298,1,1,150,-0.907528047772204,1.34570467631622,1,1.63402864580979,0,-27.25256,2702,0,0,6,"both",-0.907528047772204,1.34570467631622
"84","session1",-11.7368078887914,12.9747232390039,3.75663890783388,0.00409261207131645,-0.369784951010249,0.612482551974678,0.757113337243298,1,1,150,-0.907528047772204,1.34570467631622,1,1.07279002467196,0,-36.7927,2702,0,0,6,"both",-0.907528047772204,1.34570467631622
"85","session1",-11.7368078887914,12.9747232390039,3.75663890783388,0.00409261207131645,-0.369784951010249,0.612482551974678,0.757113337243298,1,1,150,-0.907528047772204,1.34570467631622,1,2.12638172430891,1,-10.94061,2702,0,0,6,"both",-0.907528047772204,1.34570467631622
"86","session1",-11.7368078887914,12.9747232390039,3.75663890783388,0.00409261207131645,-0.369784951010249,0.612482551974678,0.757113337243298,1,1,150,-0.907528047772204,1.34570467631622,1,1.39795778561093,0,-23.75395,2702,0,0,6,"both",-0.907528047772204,1.34570467631622
"87","session1",-11.7368078887914,12.9747232390039,3.75663890783388,0.00409261207131645,-0.369784951010249,0.612482551974678,0.757113337243298,1,1,150,-0.907528047772204,1.34570467631622,1,1.63419683419697,0,-25.5582,2702,0,0,6,"both",-0.907528047772204,1.34570467631622
"88","session1",-11.7368078887914,12.9747232390039,3.75663890783388,0.00409261207131645,-0.369784951010249,0.612482551974678,0.757113337243298,1,1,150,-0.907528047772204,1.34570467631622,1,4.46067363253231,1,-5.64655,2702,0,0,6,"both",-0.907528047772204,1.34570467631622
"89","session1",-11.7368078887914,12.9747232390039,3.75663890783388,0.00409261207131645,-0.369784951010249,0.612482551974678,0.757113337243298,1,1,150,-0.907528047772204,1.34570467631622,1,0.942304433270793,0,-27.7453,2702,0,0,6,"both",-0.907528047772204,1.34570467631622
"90","session1",-11.7368078887914,12.9747232390039,3.75663890783388,0.00409261207131645,-0.369784951010249,0.612482551974678,0.757113337243298,1,1,150,-0.907528047772204,1.34570467631622,1,1.45886144679605,1,-2.9663,2702,0,0,6,"both",-0.907528047772204,1.34570467631622
"91","session1",-11.7368078887914,12.9747232390039,3.75663890783388,0.00409261207131645,-0.369784951010249,0.612482551974678,0.757113337243298,1,1,150,-0.907528047772204,1.34570467631622,1,2.62033863446109,0,-4.5293,2702,0,0,6,"both",-0.907528047772204,1.34570467631622
"92","session1",-11.7368078887914,12.9747232390039,3.75663890783388,0.00409261207131645,-0.369784951010249,0.612482551974678,0.757113337243298,1,1,150,-0.907528047772204,1.34570467631622,1,1.50077315540806,1,-1.5104,2702,0,0,6,"both",-0.907528047772204,1.34570467631622
"93","session1",-11.7368078887914,12.9747232390039,3.75663890783388,0.00409261207131645,-0.369784951010249,0.612482551974678,0.757113337243298,1,1,150,-0.907528047772204,1.34570467631622,1,1.86109269724333,0,-8.05192,2702,0,0,6,"both",-0.907528047772204,1.34570467631622
"94","session1",-11.7368078887914,12.9747232390039,3.75663890783388,0.00409261207131645,-0.369784951010249,0.612482551974678,0.757113337243298,1,1,150,-0.907528047772204,1.34570467631622,1,2.00173068413546,1,0.6297,2702,0,0,6,"both",-0.907528047772204,1.34570467631622
"95","session1",-11.7368078887914,12.9747232390039,3.75663890783388,0.00409261207131645,-0.369784951010249,0.612482551974678,0.757113337243298,1,1,150,-0.907528047772204,1.34570467631622,1,1.30939159375284,1,-8.78628,2702,0,0,6,"both",-0.907528047772204,1.34570467631622
"96","session1",-11.7368078887914,12.9747232390039,3.75663890783388,0.00409261207131645,-0.369784951010249,0.612482551974678,0.757113337243298,1,1,150,-0.907528047772204,1.34570467631622,1,1.49477696055018,0,-23.7576,2702,0,0,6,"both",-0.907528047772204,1.34570467631622
"97","session1",-11.7368078887914,12.9747232390039,3.75663890783388,0.00409261207131645,-0.369784951010249,0.612482551974678,0.757113337243298,1,1,150,-0.907528047772204,1.34570467631622,1,1.45552126050412,1,-2.5206,2702,0,0,6,"both",-0.907528047772204,1.34570467631622
"98","session1",-11.7368078887914,12.9747232390039,3.75663890783388,0.00409261207131645,-0.369784951010249,0.612482551974678,0.757113337243298,1,1,150,-0.907528047772204,1.34570467631622,1,1.38775939876079,1,6.541,2702,0,0,6,"both",-0.907528047772204,1.34570467631622
"99","session1",-11.7368078887914,12.9747232390039,3.75663890783388,0.00409261207131645,-0.369784951010249,0.612482551974678,0.757113337243298,1,1,150,-0.907528047772204,1.34570467631622,1,2.80818283194936,0,-32.8168,2702,0,0,6,"both",-0.907528047772204,1.34570467631622
"100","session1",-11.7368078887914,12.9747232390039,3.75663890783388,0.00409261207131645,-0.369784951010249,0.612482551974678,0.757113337243298,1,1,150,-0.907528047772204,1.34570467631622,1,3.10838718230251,0,-3.1937,2702,0,0,6,"both",-0.907528047772204,1.34570467631622
"101","session1",-11.7368078887914,12.9747232390039,3.75663890783388,0.00409261207131645,-0.369784951010249,0.612482551974678,0.757113337243298,1,1,150,-0.907528047772204,1.34570467631622,1,3.6448408472335,1,-3.1247,2702,0,0,6,"both",-0.907528047772204,1.34570467631622
"102","session1",-11.7368078887914,12.9747232390039,3.75663890783388,0.00409261207131645,-0.369784951010249,0.612482551974678,0.757113337243298,1,1,150,-0.907528047772204,1.34570467631622,1,1.83845944758717,1,-1.409,2702,0,0,6,"both",-0.907528047772204,1.34570467631622
"103","session1",-11.7368078887914,12.9747232390039,3.75663890783388,0.00409261207131645,-0.369784951010249,0.612482551974678,0.757113337243298,1,1,150,-0.907528047772204,1.34570467631622,1,3.31957734662694,0,-26.7662,2702,0,0,6,"both",-0.907528047772204,1.34570467631622
"104","session1",-11.7368078887914,12.9747232390039,3.75663890783388,0.00409261207131645,-0.369784951010249,0.612482551974678,0.757113337243298,1,1,150,-0.907528047772204,1.34570467631622,1,1.59634843821941,0,-25.9871,2702,0,0,6,"both",-0.907528047772204,1.34570467631622
"105","session1",-11.7368078887914,12.9747232390039,3.75663890783388,0.00409261207131645,-0.369784951010249,0.612482551974678,0.757113337243298,1,1,150,-0.907528047772204,1.34570467631622,1,2.04390563629593,1,0.4337,2702,0,0,6,"both",-0.907528047772204,1.34570467631622
"106","session1",-11.7368078887914,12.9747232390039,3.75663890783388,0.00409261207131645,-0.369784951010249,0.612482551974678,0.757113337243298,1,1,150,-0.907528047772204,1.34570467631622,1,1.33788479082466,0,-25.7886,2702,0,0,6,"both",-0.907528047772204,1.34570467631622
"107","session1",-11.7368078887914,12.9747232390039,3.75663890783388,0.00409261207131645,-0.369784951010249,0.612482551974678,0.757113337243298,1,1,150,-0.907528047772204,1.34570467631622,1,3.40826655918321,0,-20.17241,2702,0,0,6,"both",-0.907528047772204,1.34570467631622
"108","session1",-11.7368078887914,12.9747232390039,3.75663890783388,0.00409261207131645,-0.369784951010249,0.612482551974678,0.757113337243298,1,1,150,-0.907528047772204,1.34570467631622,1,4.91130869797216,1,-6.0705,2702,0,0,6,"both",-0.907528047772204,1.34570467631622
"109","session1",-11.7368078887914,12.9747232390039,3.75663890783388,0.00409261207131645,-0.369784951010249,0.612482551974678,0.757113337243298,1,1,150,-0.907528047772204,1.34570467631622,1,4.8613551453666,1,-1.7859,2702,0,0,6,"both",-0.907528047772204,1.34570467631622
"110","session1",-11.7368078887914,12.9747232390039,3.75663890783388,0.00409261207131645,-0.369784951010249,0.612482551974678,0.757113337243298,1,1,150,-0.907528047772204,1.34570467631622,1,2.34587446000823,1,-6.15515,2702,0,0,6,"both",-0.907528047772204,1.34570467631622
"111","session1",-11.7368078887914,12.9747232390039,3.75663890783388,0.00409261207131645,-0.369784951010249,0.612482551974678,0.757113337243298,1,1,150,-0.907528047772204,1.34570467631622,1,2.44382341585955,1,-8.54709,2702,0,0,6,"both",-0.907528047772204,1.34570467631622
"112","session1",-11.7368078887914,12.9747232390039,3.75663890783388,0.00409261207131645,-0.369784951010249,0.612482551974678,0.757113337243298,1,1,150,-0.907528047772204,1.34570467631622,1,1.83247334645974,1,-22.79526,2702,0,0,6,"both",-0.907528047772204,1.34570467631622
"113","session1",-11.7368078887914,12.9747232390039,3.75663890783388,0.00409261207131645,-0.369784951010249,0.612482551974678,0.757113337243298,1,1,150,-0.907528047772204,1.34570467631622,1,3.76444160063853,1,-7.41613,2702,0,0,6,"both",-0.907528047772204,1.34570467631622
"114","session1",-11.7368078887914,12.9747232390039,3.75663890783388,0.00409261207131645,-0.369784951010249,0.612482551974678,0.757113337243298,1,1,150,-0.907528047772204,1.34570467631622,1,1.47060996183019,0,-20.5833,2702,0,0,6,"both",-0.907528047772204,1.34570467631622
"115","session1",-11.7368078887914,12.9747232390039,3.75663890783388,0.00409261207131645,-0.369784951010249,0.612482551974678,0.757113337243298,1,1,150,-0.907528047772204,1.34570467631622,1,2.529575261268,1,-21.07593,2702,0,0,6,"both",-0.907528047772204,1.34570467631622
"116","session1",-11.7368078887914,12.9747232390039,3.75663890783388,0.00409261207131645,-0.369784951010249,0.612482551974678,0.757113337243298,1,1,150,-0.907528047772204,1.34570467631622,1,3.16315471552851,1,-4.6851,2702,0,0,6,"both",-0.907528047772204,1.34570467631622
"117","session1",-11.7368078887914,12.9747232390039,3.75663890783388,0.00409261207131645,-0.369784951010249,0.612482551974678,0.757113337243298,1,1,150,-0.907528047772204,1.34570467631622,1,4.22881109421883,0,-24.2769,2702,0,0,6,"both",-0.907528047772204,1.34570467631622
"118","session1",-11.7368078887914,12.9747232390039,3.75663890783388,0.00409261207131645,-0.369784951010249,0.612482551974678,0.757113337243298,1,1,150,-0.907528047772204,1.34570467631622,1,2.54982915806419,1,-2.6091,2702,0,0,6,"both",-0.907528047772204,1.34570467631622
"119","session1",-11.7368078887914,12.9747232390039,3.75663890783388,0.00409261207131645,-0.369784951010249,0.612482551974678,0.757113337243298,1,1,150,-0.907528047772204,1.34570467631622,1,3.28254364360665,0,-4.8395,2702,0,0,6,"both",-0.907528047772204,1.34570467631622
"120","session1",-11.7368078887914,12.9747232390039,3.75663890783388,0.00409261207131645,-0.369784951010249,0.612482551974678,0.757113337243298,1,1,150,-0.907528047772204,1.34570467631622,1,2.4834006158666,0,-21.5593,2702,0,0,6,"both",-0.907528047772204,1.34570467631622
"121","session1",-11.7368078887914,12.9747232390039,3.75663890783388,0.00409261207131645,-0.369784951010249,0.612482551974678,0.757113337243298,1,1,150,-0.907528047772204,1.34570467631622,1,3.99189498054412,1,-25.8047,2702,0,0,6,"both",-0.907528047772204,1.34570467631622
"122","session1",-11.7368078887914,12.9747232390039,3.75663890783388,0.00409261207131645,-0.369784951010249,0.612482551974678,0.757113337243298,1,1,150,-0.907528047772204,1.34570467631622,1,1.53988028871694,1,-24.29776,2702,0,0,6,"both",-0.907528047772204,1.34570467631622
"123","session1",-11.7368078887914,12.9747232390039,3.75663890783388,0.00409261207131645,-0.369784951010249,0.612482551974678,0.757113337243298,1,1,150,-0.907528047772204,1.34570467631622,1,1.37469004828748,1,-5.497,2702,0,0,6,"both",-0.907528047772204,1.34570467631622
"124","session1",-11.7368078887914,12.9747232390039,3.75663890783388,0.00409261207131645,-0.369784951010249,0.612482551974678,0.757113337243298,1,1,150,-0.907528047772204,1.34570467631622,1,1.82624126878178,1,-2.6126,2702,0,0,6,"both",-0.907528047772204,1.34570467631622
"125","session1",-11.7368078887914,12.9747232390039,3.75663890783388,0.00409261207131645,-0.369784951010249,0.612482551974678,0.757113337243298,1,1,150,-0.907528047772204,1.34570467631622,1,2.8468019457792,0,-2.5902,2702,0,0,6,"both",-0.907528047772204,1.34570467631622
"126","session1",-11.7368078887914,12.9747232390039,3.75663890783388,0.00409261207131645,-0.369784951010249,0.612482551974678,0.757113337243298,1,1,150,-0.907528047772204,1.34570467631622,1,1.48105848503325,1,-1.2037,2702,0,0,6,"both",-0.907528047772204,1.34570467631622
"127","session1",-11.7368078887914,12.9747232390039,3.75663890783388,0.00409261207131645,-0.369784951010249,0.612482551974678,0.757113337243298,1,1,150,-0.907528047772204,1.34570467631622,1,1.54622657950062,0,-23.7542,2702,0,0,6,"both",-0.907528047772204,1.34570467631622
"128","session1",-11.7368078887914,12.9747232390039,3.75663890783388,0.00409261207131645,-0.369784951010249,0.612482551974678,0.757113337243298,1,1,150,-0.907528047772204,1.34570467631622,1,5.96786000595695,0,-6.77621,2702,0,0,6,"both",-0.907528047772204,1.34570467631622
"129","session1",-11.7368078887914,12.9747232390039,3.75663890783388,0.00409261207131645,-0.369784951010249,0.612482551974678,0.757113337243298,1,1,150,-0.907528047772204,1.34570467631622,1,1.47775885739304,0,-29.506,2702,0,0,6,"both",-0.907528047772204,1.34570467631622
"130","session1",-11.7368078887914,12.9747232390039,3.75663890783388,0.00409261207131645,-0.369784951010249,0.612482551974678,0.757113337243298,1,1,150,-0.907528047772204,1.34570467631622,1,2.76784695770058,0,-26.6831,2702,0,0,6,"both",-0.907528047772204,1.34570467631622
"131","session1",-11.7368078887914,12.9747232390039,3.75663890783388,0.00409261207131645,-0.369784951010249,0.612482551974678,0.757113337243298,1,1,150,-0.907528047772204,1.34570467631622,1,2.03750837389951,0,-23.9099,2702,0,0,6,"both",-0.907528047772204,1.34570467631622
"132","session1",-11.7368078887914,12.9747232390039,3.75663890783388,0.00409261207131645,-0.369784951010249,0.612482551974678,0.757113337243298,1,1,150,-0.907528047772204,1.34570467631622,1,2.0811298363453,1,-7.21117,2702,0,0,6,"both",-0.907528047772204,1.34570467631622
"133","session1",-11.7368078887914,12.9747232390039,3.75663890783388,0.00409261207131645,-0.369784951010249,0.612482551974678,0.757113337243298,1,1,150,-0.907528047772204,1.34570467631622,1,1.93976834389721,1,-4.15117,2702,0,0,6,"both",-0.907528047772204,1.34570467631622
"134","session1",-11.7368078887914,12.9747232390039,3.75663890783388,0.00409261207131645,-0.369784951010249,0.612482551974678,0.757113337243298,1,1,150,-0.907528047772204,1.34570467631622,1,1.14904291435088,1,-27.1247,2702,0,0,6,"both",-0.907528047772204,1.34570467631622
"135","session1",-11.7368078887914,12.9747232390039,3.75663890783388,0.00409261207131645,-0.369784951010249,0.612482551974678,0.757113337243298,1,1,150,-0.907528047772204,1.34570467631622,1,1.75288858849219,1,2.484,2702,0,0,6,"both",-0.907528047772204,1.34570467631622
"136","session1",-11.7368078887914,12.9747232390039,3.75663890783388,0.00409261207131645,-0.369784951010249,0.612482551974678,0.757113337243298,1,1,150,-0.907528047772204,1.34570467631622,1,3.28629574825022,0,-27.3378,2702,0,0,6,"both",-0.907528047772204,1.34570467631622
"137","session1",-11.7368078887914,12.9747232390039,3.75663890783388,0.00409261207131645,-0.369784951010249,0.612482551974678,0.757113337243298,1,1,150,-0.907528047772204,1.34570467631622,1,6.59929682800568,0,-4.2588,2702,0,0,6,"both",-0.907528047772204,1.34570467631622
"138","session1",-11.7368078887914,12.9747232390039,3.75663890783388,0.00409261207131645,-0.369784951010249,0.612482551974678,0.757113337243298,1,1,150,-0.907528047772204,1.34570467631622,1,4.48439802441136,1,-2.1982,2702,0,0,6,"both",-0.907528047772204,1.34570467631622
"139","session1",-11.7368078887914,12.9747232390039,3.75663890783388,0.00409261207131645,-0.369784951010249,0.612482551974678,0.757113337243298,1,1,150,-0.907528047772204,1.34570467631622,1,1.82782767947361,1,-5.79284,2702,0,0,6,"both",-0.907528047772204,1.34570467631622
"140","session1",-11.7368078887914,12.9747232390039,3.75663890783388,0.00409261207131645,-0.369784951010249,0.612482551974678,0.757113337243298,1,1,150,-0.907528047772204,1.34570467631622,1,2.39768242473579,1,-2.8676,2702,0,0,6,"both",-0.907528047772204,1.34570467631622
"141","session1",-11.7368078887914,12.9747232390039,3.75663890783388,0.00409261207131645,-0.369784951010249,0.612482551974678,0.757113337243298,1,1,150,-0.907528047772204,1.34570467631622,1,1.49554179889683,0,-1.8107,2702,0,0,6,"both",-0.907528047772204,1.34570467631622
"142","session1",-11.7368078887914,12.9747232390039,3.75663890783388,0.00409261207131645,-0.369784951010249,0.612482551974678,0.757113337243298,1,1,150,-0.907528047772204,1.34570467631622,1,1.92708050333358,0,-28.9843,2702,0,0,6,"both",-0.907528047772204,1.34570467631622
"143","session1",-11.7368078887914,12.9747232390039,3.75663890783388,0.00409261207131645,-0.369784951010249,0.612482551974678,0.757113337243298,1,1,150,-0.907528047772204,1.34570467631622,1,1.87277170210228,0,-24.0646,2702,0,0,6,"both",-0.907528047772204,1.34570467631622
"144","session1",-11.7368078887914,12.9747232390039,3.75663890783388,0.00409261207131645,-0.369784951010249,0.612482551974678,0.757113337243298,1,1,150,-0.907528047772204,1.34570467631622,1,1.23236456260036,1,-22.06717,2702,0,0,6,"both",-0.907528047772204,1.34570467631622
"145","session1",-11.7368078887914,12.9747232390039,3.75663890783388,0.00409261207131645,-0.369784951010249,0.612482551974678,0.757113337243298,1,1,150,-0.907528047772204,1.34570467631622,1,1.59032754873103,1,-24.826,2702,0,0,6,"both",-0.907528047772204,1.34570467631622
"146","session1",-11.7368078887914,12.9747232390039,3.75663890783388,0.00409261207131645,-0.369784951010249,0.612482551974678,0.757113337243298,1,1,150,-0.907528047772204,1.34570467631622,1,1.63958169078812,1,-3.7166,2702,0,0,6,"both",-0.907528047772204,1.34570467631622
"147","session1",-11.7368078887914,12.9747232390039,3.75663890783388,0.00409261207131645,-0.369784951010249,0.612482551974678,0.757113337243298,1,1,150,-0.907528047772204,1.34570467631622,1,1.65142176686307,1,-7.58588,2702,0,0,6,"both",-0.907528047772204,1.34570467631622
"148","session1",-11.7368078887914,12.9747232390039,3.75663890783388,0.00409261207131645,-0.369784951010249,0.612482551974678,0.757113337243298,1,1,150,-0.907528047772204,1.34570467631622,1,2.20188074885454,0,-5.9422,2702,0,0,6,"both",-0.907528047772204,1.34570467631622
"149","session1",-11.7368078887914,12.9747232390039,3.75663890783388,0.00409261207131645,-0.369784951010249,0.612482551974678,0.757113337243298,1,1,150,-0.907528047772204,1.34570467631622,1,2.48933239955892,0,-25.5391,2702,0,0,6,"both",-0.907528047772204,1.34570467631622
"150","session1",-11.7368078887914,12.9747232390039,3.75663890783388,0.00409261207131645,-0.369784951010249,0.612482551974678,0.757113337243298,1,1,150,-0.907528047772204,1.34570467631622,1,1.25738390182937,0,-28.2825,2702,0,0,6,"both",-0.907528047772204,1.34570467631622
"151","session1",4.27533763487178,9.69157965094742,0.882737224188166,0.0676092960462437,0.303082813720282,0.755006836060619,0.818238128347518,2,1,150,-0.907528047772204,1.34570467631622,2,2.02869865206717,0,-7.178260504,2702,0,0,6,"both",-0.907528047772204,1.34570467631622
"152","session1",4.27533763487178,9.69157965094742,0.882737224188166,0.0676092960462437,0.303082813720282,0.755006836060619,0.818238128347518,2,1,150,-0.907528047772204,1.34570467631622,2,1.74423808989602,0,6.9306724071,2702,0,0,6,"both",-0.907528047772204,1.34570467631622
"153","session1",4.27533763487178,9.69157965094742,0.882737224188166,0.0676092960462437,0.303082813720282,0.755006836060619,0.818238128347518,2,1,150,-0.907528047772204,1.34570467631622,2,5.40525595460689,1,15.1097050705,2702,0,0,6,"both",-0.907528047772204,1.34570467631622
"154","session1",4.27533763487178,9.69157965094742,0.882737224188166,0.0676092960462437,0.303082813720282,0.755006836060619,0.818238128347518,2,1,150,-0.907528047772204,1.34570467631622,2,2.34847546699232,0,6.57788212921,2702,0,0,6,"both",-0.907528047772204,1.34570467631622
"155","session1",4.27533763487178,9.69157965094742,0.882737224188166,0.0676092960462437,0.303082813720282,0.755006836060619,0.818238128347518,2,1,150,-0.907528047772204,1.34570467631622,2,1.76734064455634,0,-44.91058,2702,0,0,6,"both",-0.907528047772204,1.34570467631622
"156","session1",4.27533763487178,9.69157965094742,0.882737224188166,0.0676092960462437,0.303082813720282,0.755006836060619,0.818238128347518,2,1,150,-0.907528047772204,1.34570467631622,2,1.33938958531285,1,7.6566,2702,0,0,6,"both",-0.907528047772204,1.34570467631622
"157","session1",4.27533763487178,9.69157965094742,0.882737224188166,0.0676092960462437,0.303082813720282,0.755006836060619,0.818238128347518,2,1,150,-0.907528047772204,1.34570467631622,2,3.45233494446758,1,16.27407,2702,0,0,6,"both",-0.907528047772204,1.34570467631622
"158","session1",4.27533763487178,9.69157965094742,0.882737224188166,0.0676092960462437,0.303082813720282,0.755006836060619,0.818238128347518,2,1,150,-0.907528047772204,1.34570467631622,2,2.18999996295843,0,0.96733,2702,0,0,6,"both",-0.907528047772204,1.34570467631622
"159","session1",4.27533763487178,9.69157965094742,0.882737224188166,0.0676092960462437,0.303082813720282,0.755006836060619,0.818238128347518,2,1,150,-0.907528047772204,1.34570467631622,2,1.77936814246609,0,-8.06631,2702,0,0,6,"both",-0.907528047772204,1.34570467631622
"160","session1",4.27533763487178,9.69157965094742,0.882737224188166,0.0676092960462437,0.303082813720282,0.755006836060619,0.818238128347518,2,1,150,-0.907528047772204,1.34570467631622,2,4.22938377808836,1,6.01258,2702,0,0,6,"both",-0.907528047772204,1.34570467631622
"161","session1",4.27533763487178,9.69157965094742,0.882737224188166,0.0676092960462437,0.303082813720282,0.755006836060619,0.818238128347518,2,1,150,-0.907528047772204,1.34570467631622,2,5.12841516472235,1,16.41052,2702,0,0,6,"both",-0.907528047772204,1.34570467631622
"162","session1",4.27533763487178,9.69157965094742,0.882737224188166,0.0676092960462437,0.303082813720282,0.755006836060619,0.818238128347518,2,1,150,-0.907528047772204,1.34570467631622,2,2.23080777321502,1,19.87045,2702,0,0,6,"both",-0.907528047772204,1.34570467631622
"163","session1",4.27533763487178,9.69157965094742,0.882737224188166,0.0676092960462437,0.303082813720282,0.755006836060619,0.818238128347518,2,1,150,-0.907528047772204,1.34570467631622,2,1.74635061575567,1,10.1238,2702,0,0,6,"both",-0.907528047772204,1.34570467631622
"164","session1",4.27533763487178,9.69157965094742,0.882737224188166,0.0676092960462437,0.303082813720282,0.755006836060619,0.818238128347518,2,1,150,-0.907528047772204,1.34570467631622,2,8,0,10.26982,2702,0,0,6,"both",-0.907528047772204,1.34570467631622
"165","session1",4.27533763487178,9.69157965094742,0.882737224188166,0.0676092960462437,0.303082813720282,0.755006836060619,0.818238128347518,2,1,150,-0.907528047772204,1.34570467631622,2,8,1,18.82449,2702,0,0,6,"both",-0.907528047772204,1.34570467631622
"166","session1",4.27533763487178,9.69157965094742,0.882737224188166,0.0676092960462437,0.303082813720282,0.755006836060619,0.818238128347518,2,1,150,-0.907528047772204,1.34570467631622,2,3.76113913558947,1,8.61336,2702,0,0,6,"both",-0.907528047772204,1.34570467631622
"167","session1",4.27533763487178,9.69157965094742,0.882737224188166,0.0676092960462437,0.303082813720282,0.755006836060619,0.818238128347518,2,1,150,-0.907528047772204,1.34570467631622,2,5.60767729490092,1,15.12717,2702,0,0,6,"both",-0.907528047772204,1.34570467631622
"168","session1",4.27533763487178,9.69157965094742,0.882737224188166,0.0676092960462437,0.303082813720282,0.755006836060619,0.818238128347518,2,1,150,-0.907528047772204,1.34570467631622,2,2.4961815705413,1,6.97254,2702,0,0,6,"both",-0.907528047772204,1.34570467631622
"169","session1",4.27533763487178,9.69157965094742,0.882737224188166,0.0676092960462437,0.303082813720282,0.755006836060619,0.818238128347518,2,1,150,-0.907528047772204,1.34570467631622,2,3.77813418976095,0,-14.33497,2702,0,0,6,"both",-0.907528047772204,1.34570467631622
"170","session1",4.27533763487178,9.69157965094742,0.882737224188166,0.0676092960462437,0.303082813720282,0.755006836060619,0.818238128347518,2,1,150,-0.907528047772204,1.34570467631622,2,5.22460810946373,0,1.36759,2702,0,0,6,"both",-0.907528047772204,1.34570467631622
"171","session1",4.27533763487178,9.69157965094742,0.882737224188166,0.0676092960462437,0.303082813720282,0.755006836060619,0.818238128347518,2,1,150,-0.907528047772204,1.34570467631622,2,3.41685106815418,0,6.852243,2702,0,0,6,"both",-0.907528047772204,1.34570467631622
"172","session1",4.27533763487178,9.69157965094742,0.882737224188166,0.0676092960462437,0.303082813720282,0.755006836060619,0.818238128347518,2,1,150,-0.907528047772204,1.34570467631622,2,1.84757373569118,1,12.3147,2702,0,0,6,"both",-0.907528047772204,1.34570467631622
"173","session1",4.27533763487178,9.69157965094742,0.882737224188166,0.0676092960462437,0.303082813720282,0.755006836060619,0.818238128347518,2,1,150,-0.907528047772204,1.34570467631622,2,2.63565433140368,0,2.45247,2702,0,0,6,"both",-0.907528047772204,1.34570467631622
"174","session1",4.27533763487178,9.69157965094742,0.882737224188166,0.0676092960462437,0.303082813720282,0.755006836060619,0.818238128347518,2,1,150,-0.907528047772204,1.34570467631622,2,1.54011447031406,0,-3.346176,2702,0,0,6,"both",-0.907528047772204,1.34570467631622
"175","session1",4.27533763487178,9.69157965094742,0.882737224188166,0.0676092960462437,0.303082813720282,0.755006836060619,0.818238128347518,2,1,150,-0.907528047772204,1.34570467631622,2,1.75016937830878,1,3.5535,2702,0,0,6,"both",-0.907528047772204,1.34570467631622
"176","session1",4.27533763487178,9.69157965094742,0.882737224188166,0.0676092960462437,0.303082813720282,0.755006836060619,0.818238128347518,2,1,150,-0.907528047772204,1.34570467631622,2,2.6656237783837,1,14.02955,2702,0,0,6,"both",-0.907528047772204,1.34570467631622
"177","session1",4.27533763487178,9.69157965094742,0.882737224188166,0.0676092960462437,0.303082813720282,0.755006836060619,0.818238128347518,2,1,150,-0.907528047772204,1.34570467631622,2,3.60855633578902,0,-0.32185,2702,0,0,6,"both",-0.907528047772204,1.34570467631622
"178","session1",4.27533763487178,9.69157965094742,0.882737224188166,0.0676092960462437,0.303082813720282,0.755006836060619,0.818238128347518,2,1,150,-0.907528047772204,1.34570467631622,2,2.8313156114306,0,10.90979,2702,0,0,6,"both",-0.907528047772204,1.34570467631622
"179","session1",4.27533763487178,9.69157965094742,0.882737224188166,0.0676092960462437,0.303082813720282,0.755006836060619,0.818238128347518,2,1,150,-0.907528047772204,1.34570467631622,2,1.92483264634452,1,20.72957,2702,0,0,6,"both",-0.907528047772204,1.34570467631622
"180","session1",4.27533763487178,9.69157965094742,0.882737224188166,0.0676092960462437,0.303082813720282,0.755006836060619,0.818238128347518,2,1,150,-0.907528047772204,1.34570467631622,2,6.97760667759887,1,4.39523,2702,0,0,6,"both",-0.907528047772204,1.34570467631622
"181","session1",4.27533763487178,9.69157965094742,0.882737224188166,0.0676092960462437,0.303082813720282,0.755006836060619,0.818238128347518,2,1,150,-0.907528047772204,1.34570467631622,2,1.58224992785609,1,0.2339,2702,0,0,6,"both",-0.907528047772204,1.34570467631622
"182","session1",4.27533763487178,9.69157965094742,0.882737224188166,0.0676092960462437,0.303082813720282,0.755006836060619,0.818238128347518,2,1,150,-0.907528047772204,1.34570467631622,2,2.48182911470037,0,-3.86116,2702,0,0,6,"both",-0.907528047772204,1.34570467631622
"183","session1",4.27533763487178,9.69157965094742,0.882737224188166,0.0676092960462437,0.303082813720282,0.755006836060619,0.818238128347518,2,1,150,-0.907528047772204,1.34570467631622,2,6.12987804338685,1,-2.5925,2702,0,0,6,"both",-0.907528047772204,1.34570467631622
"184","session1",4.27533763487178,9.69157965094742,0.882737224188166,0.0676092960462437,0.303082813720282,0.755006836060619,0.818238128347518,2,1,150,-0.907528047772204,1.34570467631622,2,1.17643280220544,1,9.39584,2702,0,0,6,"both",-0.907528047772204,1.34570467631622
"185","session1",4.27533763487178,9.69157965094742,0.882737224188166,0.0676092960462437,0.303082813720282,0.755006836060619,0.818238128347518,2,1,150,-0.907528047772204,1.34570467631622,2,1.21195992548111,0,-4.62238,2702,0,0,6,"both",-0.907528047772204,1.34570467631622
"186","session1",4.27533763487178,9.69157965094742,0.882737224188166,0.0676092960462437,0.303082813720282,0.755006836060619,0.818238128347518,2,1,150,-0.907528047772204,1.34570467631622,2,2.20235385728491,0,-4.523215,2702,0,0,6,"both",-0.907528047772204,1.34570467631622
"187","session1",4.27533763487178,9.69157965094742,0.882737224188166,0.0676092960462437,0.303082813720282,0.755006836060619,0.818238128347518,2,1,150,-0.907528047772204,1.34570467631622,2,3.71018769633353,1,-8.69057,2702,0,0,6,"both",-0.907528047772204,1.34570467631622
"188","session1",4.27533763487178,9.69157965094742,0.882737224188166,0.0676092960462437,0.303082813720282,0.755006836060619,0.818238128347518,2,1,150,-0.907528047772204,1.34570467631622,2,2.65944638134302,0,10.45751,2702,0,0,6,"both",-0.907528047772204,1.34570467631622
"189","session1",4.27533763487178,9.69157965094742,0.882737224188166,0.0676092960462437,0.303082813720282,0.755006836060619,0.818238128347518,2,1,150,-0.907528047772204,1.34570467631622,2,1.98195012516718,1,-13.16355,2702,0,0,6,"both",-0.907528047772204,1.34570467631622
"190","session1",4.27533763487178,9.69157965094742,0.882737224188166,0.0676092960462437,0.303082813720282,0.755006836060619,0.818238128347518,2,1,150,-0.907528047772204,1.34570467631622,2,1.54535330928749,1,7.828835,2702,0,0,6,"both",-0.907528047772204,1.34570467631622
"191","session1",4.27533763487178,9.69157965094742,0.882737224188166,0.0676092960462437,0.303082813720282,0.755006836060619,0.818238128347518,2,1,150,-0.907528047772204,1.34570467631622,2,1.83284531047634,0,-2.09653,2702,0,0,6,"both",-0.907528047772204,1.34570467631622
"192","session1",4.27533763487178,9.69157965094742,0.882737224188166,0.0676092960462437,0.303082813720282,0.755006836060619,0.818238128347518,2,1,150,-0.907528047772204,1.34570467631622,2,2.13535228978269,0,0.92756,2702,0,0,6,"both",-0.907528047772204,1.34570467631622
"193","session1",4.27533763487178,9.69157965094742,0.882737224188166,0.0676092960462437,0.303082813720282,0.755006836060619,0.818238128347518,2,1,150,-0.907528047772204,1.34570467631622,2,2.60271118760539,0,6.60092,2702,0,0,6,"both",-0.907528047772204,1.34570467631622
"194","session1",4.27533763487178,9.69157965094742,0.882737224188166,0.0676092960462437,0.303082813720282,0.755006836060619,0.818238128347518,2,1,150,-0.907528047772204,1.34570467631622,2,1.67216125529886,1,21.04825,2702,0,0,6,"both",-0.907528047772204,1.34570467631622
"195","session1",4.27533763487178,9.69157965094742,0.882737224188166,0.0676092960462437,0.303082813720282,0.755006836060619,0.818238128347518,2,1,150,-0.907528047772204,1.34570467631622,2,2.7836832109331,0,3.87519,2702,0,0,6,"both",-0.907528047772204,1.34570467631622
"196","session1",4.27533763487178,9.69157965094742,0.882737224188166,0.0676092960462437,0.303082813720282,0.755006836060619,0.818238128347518,2,1,150,-0.907528047772204,1.34570467631622,2,2.41822980850376,0,1.26886,2702,0,0,6,"both",-0.907528047772204,1.34570467631622
"197","session1",4.27533763487178,9.69157965094742,0.882737224188166,0.0676092960462437,0.303082813720282,0.755006836060619,0.818238128347518,2,1,150,-0.907528047772204,1.34570467631622,2,1.0779639679885,1,11.79593,2702,0,0,6,"both",-0.907528047772204,1.34570467631622
"198","session1",4.27533763487178,9.69157965094742,0.882737224188166,0.0676092960462437,0.303082813720282,0.755006836060619,0.818238128347518,2,1,150,-0.907528047772204,1.34570467631622,2,2.70982187022905,0,1.61261,2702,0,0,6,"both",-0.907528047772204,1.34570467631622
"199","session1",4.27533763487178,9.69157965094742,0.882737224188166,0.0676092960462437,0.303082813720282,0.755006836060619,0.818238128347518,2,1,150,-0.907528047772204,1.34570467631622,2,3.64763387852033,1,15.86307,2702,0,0,6,"both",-0.907528047772204,1.34570467631622
"200","session1",4.27533763487178,9.69157965094742,0.882737224188166,0.0676092960462437,0.303082813720282,0.755006836060619,0.818238128347518,2,1,150,-0.907528047772204,1.34570467631622,2,3.36796108442678,0,4.27587,2702,0,0,6,"both",-0.907528047772204,1.34570467631622
"201","session1",4.27533763487178,9.69157965094742,0.882737224188166,0.0676092960462437,0.303082813720282,0.755006836060619,0.818238128347518,2,1,150,-0.907528047772204,1.34570467631622,2,2.1550319601216,1,6.75653,2702,0,0,6,"both",-0.907528047772204,1.34570467631622
"202","session1",4.27533763487178,9.69157965094742,0.882737224188166,0.0676092960462437,0.303082813720282,0.755006836060619,0.818238128347518,2,1,150,-0.907528047772204,1.34570467631622,2,8,1,16.09983,2702,0,0,6,"both",-0.907528047772204,1.34570467631622
"203","session1",4.27533763487178,9.69157965094742,0.882737224188166,0.0676092960462437,0.303082813720282,0.755006836060619,0.818238128347518,2,1,150,-0.907528047772204,1.34570467631622,2,1.67570341071146,1,9.95552,2702,0,0,6,"both",-0.907528047772204,1.34570467631622
"204","session1",4.27533763487178,9.69157965094742,0.882737224188166,0.0676092960462437,0.303082813720282,0.755006836060619,0.818238128347518,2,1,150,-0.907528047772204,1.34570467631622,2,1.20046488865614,1,9.30118,2702,0,0,6,"both",-0.907528047772204,1.34570467631622
"205","session1",4.27533763487178,9.69157965094742,0.882737224188166,0.0676092960462437,0.303082813720282,0.755006836060619,0.818238128347518,2,1,150,-0.907528047772204,1.34570467631622,2,2.04692477210231,0,-7.88416,2702,0,0,6,"both",-0.907528047772204,1.34570467631622
"206","session1",4.27533763487178,9.69157965094742,0.882737224188166,0.0676092960462437,0.303082813720282,0.755006836060619,0.818238128347518,2,1,150,-0.907528047772204,1.34570467631622,2,2.97247655997915,1,9.9594,2702,0,0,6,"both",-0.907528047772204,1.34570467631622
"207","session1",4.27533763487178,9.69157965094742,0.882737224188166,0.0676092960462437,0.303082813720282,0.755006836060619,0.818238128347518,2,1,150,-0.907528047772204,1.34570467631622,2,2.79126852251034,0,-2.06909,2702,0,0,6,"both",-0.907528047772204,1.34570467631622
"208","session1",4.27533763487178,9.69157965094742,0.882737224188166,0.0676092960462437,0.303082813720282,0.755006836060619,0.818238128347518,2,1,150,-0.907528047772204,1.34570467631622,2,3.05474294165191,1,7.86012,2702,0,0,6,"both",-0.907528047772204,1.34570467631622
"209","session1",4.27533763487178,9.69157965094742,0.882737224188166,0.0676092960462437,0.303082813720282,0.755006836060619,0.818238128347518,2,1,150,-0.907528047772204,1.34570467631622,2,5.91296690045824,0,2.98601,2702,0,0,6,"both",-0.907528047772204,1.34570467631622
"210","session1",4.27533763487178,9.69157965094742,0.882737224188166,0.0676092960462437,0.303082813720282,0.755006836060619,0.818238128347518,2,1,150,-0.907528047772204,1.34570467631622,2,2.30482267878531,1,18.73499,2702,0,0,6,"both",-0.907528047772204,1.34570467631622
"211","session1",4.27533763487178,9.69157965094742,0.882737224188166,0.0676092960462437,0.303082813720282,0.755006836060619,0.818238128347518,2,1,150,-0.907528047772204,1.34570467631622,2,4.38499676311285,0,9.58608,2702,0,0,6,"both",-0.907528047772204,1.34570467631622
"212","session1",4.27533763487178,9.69157965094742,0.882737224188166,0.0676092960462437,0.303082813720282,0.755006836060619,0.818238128347518,2,1,150,-0.907528047772204,1.34570467631622,2,2.7817884709873,0,3.4767,2702,0,0,6,"both",-0.907528047772204,1.34570467631622
"213","session1",4.27533763487178,9.69157965094742,0.882737224188166,0.0676092960462437,0.303082813720282,0.755006836060619,0.818238128347518,2,1,150,-0.907528047772204,1.34570467631622,2,1.05025719554089,1,17.53179,2702,0,0,6,"both",-0.907528047772204,1.34570467631622
"214","session1",4.27533763487178,9.69157965094742,0.882737224188166,0.0676092960462437,0.303082813720282,0.755006836060619,0.818238128347518,2,1,150,-0.907528047772204,1.34570467631622,2,1.11757141955848,1,10.58806,2702,0,0,6,"both",-0.907528047772204,1.34570467631622
"215","session1",4.27533763487178,9.69157965094742,0.882737224188166,0.0676092960462437,0.303082813720282,0.755006836060619,0.818238128347518,2,1,150,-0.907528047772204,1.34570467631622,2,3.40037192022791,0,0.5677,2702,0,0,6,"both",-0.907528047772204,1.34570467631622
"216","session1",4.27533763487178,9.69157965094742,0.882737224188166,0.0676092960462437,0.303082813720282,0.755006836060619,0.818238128347518,2,1,150,-0.907528047772204,1.34570467631622,2,2.35303024264893,0,8.95935,2702,0,0,6,"both",-0.907528047772204,1.34570467631622
"217","session1",4.27533763487178,9.69157965094742,0.882737224188166,0.0676092960462437,0.303082813720282,0.755006836060619,0.818238128347518,2,1,150,-0.907528047772204,1.34570467631622,2,1.2559194942538,1,2.3855,2702,0,0,6,"both",-0.907528047772204,1.34570467631622
"218","session1",4.27533763487178,9.69157965094742,0.882737224188166,0.0676092960462437,0.303082813720282,0.755006836060619,0.818238128347518,2,1,150,-0.907528047772204,1.34570467631622,2,4.21677589998321,1,5.71228,2702,0,0,6,"both",-0.907528047772204,1.34570467631622
"219","session1",4.27533763487178,9.69157965094742,0.882737224188166,0.0676092960462437,0.303082813720282,0.755006836060619,0.818238128347518,2,1,150,-0.907528047772204,1.34570467631622,2,7.55150653534858,0,2.43235,2702,0,0,6,"both",-0.907528047772204,1.34570467631622
"220","session1",4.27533763487178,9.69157965094742,0.882737224188166,0.0676092960462437,0.303082813720282,0.755006836060619,0.818238128347518,2,1,150,-0.907528047772204,1.34570467631622,2,2.60583917131403,1,-0.5469,2702,0,0,6,"both",-0.907528047772204,1.34570467631622
"221","session1",4.27533763487178,9.69157965094742,0.882737224188166,0.0676092960462437,0.303082813720282,0.755006836060619,0.818238128347518,2,1,150,-0.907528047772204,1.34570467631622,2,2.59332768363541,0,-8.80939,2702,0,0,6,"both",-0.907528047772204,1.34570467631622
"222","session1",4.27533763487178,9.69157965094742,0.882737224188166,0.0676092960462437,0.303082813720282,0.755006836060619,0.818238128347518,2,1,150,-0.907528047772204,1.34570467631622,2,1.21238113677401,1,20.03509,2702,0,0,6,"both",-0.907528047772204,1.34570467631622
"223","session1",4.27533763487178,9.69157965094742,0.882737224188166,0.0676092960462437,0.303082813720282,0.755006836060619,0.818238128347518,2,1,150,-0.907528047772204,1.34570467631622,2,2.6865226469466,1,0.3308,2702,0,0,6,"both",-0.907528047772204,1.34570467631622
"224","session1",4.27533763487178,9.69157965094742,0.882737224188166,0.0676092960462437,0.303082813720282,0.755006836060619,0.818238128347518,2,1,150,-0.907528047772204,1.34570467631622,2,1.77520569661904,1,8.06036,2702,0,0,6,"both",-0.907528047772204,1.34570467631622
"225","session1",4.27533763487178,9.69157965094742,0.882737224188166,0.0676092960462437,0.303082813720282,0.755006836060619,0.818238128347518,2,1,150,-0.907528047772204,1.34570467631622,2,1.5614008420898,0,-5.389593,2702,0,0,6,"both",-0.907528047772204,1.34570467631622
"226","session1",4.27533763487178,9.69157965094742,0.882737224188166,0.0676092960462437,0.303082813720282,0.755006836060619,0.818238128347518,2,1,150,-0.907528047772204,1.34570467631622,2,3.79714628212141,1,13.17386,2702,0,0,6,"both",-0.907528047772204,1.34570467631622
"227","session1",4.27533763487178,9.69157965094742,0.882737224188166,0.0676092960462437,0.303082813720282,0.755006836060619,0.818238128347518,2,1,150,-0.907528047772204,1.34570467631622,2,3.6064277441942,1,12.53992,2702,0,0,6,"both",-0.907528047772204,1.34570467631622
"228","session1",4.27533763487178,9.69157965094742,0.882737224188166,0.0676092960462437,0.303082813720282,0.755006836060619,0.818238128347518,2,1,150,-0.907528047772204,1.34570467631622,2,6.11538322014681,1,2.60537,2702,0,0,6,"both",-0.907528047772204,1.34570467631622
"229","session1",4.27533763487178,9.69157965094742,0.882737224188166,0.0676092960462437,0.303082813720282,0.755006836060619,0.818238128347518,2,1,150,-0.907528047772204,1.34570467631622,2,2.86509940783647,0,-15.421506,2702,0,0,6,"both",-0.907528047772204,1.34570467631622
"230","session1",4.27533763487178,9.69157965094742,0.882737224188166,0.0676092960462437,0.303082813720282,0.755006836060619,0.818238128347518,2,1,150,-0.907528047772204,1.34570467631622,2,3.36552651774925,0,0.25067,2702,0,0,6,"both",-0.907528047772204,1.34570467631622
"231","session1",4.27533763487178,9.69157965094742,0.882737224188166,0.0676092960462437,0.303082813720282,0.755006836060619,0.818238128347518,2,1,150,-0.907528047772204,1.34570467631622,2,2.12764974763565,1,13.67361,2702,0,0,6,"both",-0.907528047772204,1.34570467631622
"232","session1",4.27533763487178,9.69157965094742,0.882737224188166,0.0676092960462437,0.303082813720282,0.755006836060619,0.818238128347518,2,1,150,-0.907528047772204,1.34570467631622,2,3.75233938581727,0,-8.66067,2702,0,0,6,"both",-0.907528047772204,1.34570467631622
"233","session1",4.27533763487178,9.69157965094742,0.882737224188166,0.0676092960462437,0.303082813720282,0.755006836060619,0.818238128347518,2,1,150,-0.907528047772204,1.34570467631622,2,4.11990315631605,0,4.07679,2702,0,0,6,"both",-0.907528047772204,1.34570467631622
"234","session1",4.27533763487178,9.69157965094742,0.882737224188166,0.0676092960462437,0.303082813720282,0.755006836060619,0.818238128347518,2,1,150,-0.907528047772204,1.34570467631622,2,1.51044487936367,0,-0.37253,2702,0,0,6,"both",-0.907528047772204,1.34570467631622
"235","session1",4.27533763487178,9.69157965094742,0.882737224188166,0.0676092960462437,0.303082813720282,0.755006836060619,0.818238128347518,2,1,150,-0.907528047772204,1.34570467631622,2,1.68781953527703,0,0.39919,2702,0,0,6,"both",-0.907528047772204,1.34570467631622
"236","session1",4.27533763487178,9.69157965094742,0.882737224188166,0.0676092960462437,0.303082813720282,0.755006836060619,0.818238128347518,2,1,150,-0.907528047772204,1.34570467631622,2,5.02928244149251,0,1.49494,2702,0,0,6,"both",-0.907528047772204,1.34570467631622
"237","session1",4.27533763487178,9.69157965094742,0.882737224188166,0.0676092960462437,0.303082813720282,0.755006836060619,0.818238128347518,2,1,150,-0.907528047772204,1.34570467631622,2,1.22663930522336,1,6.65483,2702,0,0,6,"both",-0.907528047772204,1.34570467631622
"238","session1",4.27533763487178,9.69157965094742,0.882737224188166,0.0676092960462437,0.303082813720282,0.755006836060619,0.818238128347518,2,1,150,-0.907528047772204,1.34570467631622,2,1.200766781566,0,-4.28697,2702,0,0,6,"both",-0.907528047772204,1.34570467631622
"239","session1",4.27533763487178,9.69157965094742,0.882737224188166,0.0676092960462437,0.303082813720282,0.755006836060619,0.818238128347518,2,1,150,-0.907528047772204,1.34570467631622,2,1.81784381109096,0,10.6028,2702,0,0,6,"both",-0.907528047772204,1.34570467631622
"240","session1",4.27533763487178,9.69157965094742,0.882737224188166,0.0676092960462437,0.303082813720282,0.755006836060619,0.818238128347518,2,1,150,-0.907528047772204,1.34570467631622,2,1.58844788405687,0,-0.879350000000001,2702,0,0,6,"both",-0.907528047772204,1.34570467631622
"241","session1",4.27533763487178,9.69157965094742,0.882737224188166,0.0676092960462437,0.303082813720282,0.755006836060619,0.818238128347518,2,1,150,-0.907528047772204,1.34570467631622,2,4.19314179821944,0,11.36581,2702,0,0,6,"both",-0.907528047772204,1.34570467631622
"242","session1",4.27533763487178,9.69157965094742,0.882737224188166,0.0676092960462437,0.303082813720282,0.755006836060619,0.818238128347518,2,1,150,-0.907528047772204,1.34570467631622,2,2.62039665376394,1,1.21689,2702,0,0,6,"both",-0.907528047772204,1.34570467631622
"243","session1",4.27533763487178,9.69157965094742,0.882737224188166,0.0676092960462437,0.303082813720282,0.755006836060619,0.818238128347518,2,1,150,-0.907528047772204,1.34570467631622,2,1.86451220029285,1,-3.51602,2702,0,0,6,"both",-0.907528047772204,1.34570467631622
"244","session1",4.27533763487178,9.69157965094742,0.882737224188166,0.0676092960462437,0.303082813720282,0.755006836060619,0.818238128347518,2,1,150,-0.907528047772204,1.34570467631622,2,1.5959945809286,0,-2.28757,2702,0,0,6,"both",-0.907528047772204,1.34570467631622
"245","session1",4.27533763487178,9.69157965094742,0.882737224188166,0.0676092960462437,0.303082813720282,0.755006836060619,0.818238128347518,2,1,150,-0.907528047772204,1.34570467631622,2,1.9645766590685,0,11.48322,2702,0,0,6,"both",-0.907528047772204,1.34570467631622
"246","session1",4.27533763487178,9.69157965094742,0.882737224188166,0.0676092960462437,0.303082813720282,0.755006836060619,0.818238128347518,2,1,150,-0.907528047772204,1.34570467631622,2,1.21572145356387,1,-3.27047,2702,0,0,6,"both",-0.907528047772204,1.34570467631622
"247","session1",4.27533763487178,9.69157965094742,0.882737224188166,0.0676092960462437,0.303082813720282,0.755006836060619,0.818238128347518,2,1,150,-0.907528047772204,1.34570467631622,2,4.18183826326131,1,-6.39997,2702,0,0,6,"both",-0.907528047772204,1.34570467631622
"248","session1",4.27533763487178,9.69157965094742,0.882737224188166,0.0676092960462437,0.303082813720282,0.755006836060619,0.818238128347518,2,1,150,-0.907528047772204,1.34570467631622,2,2.42623406948381,1,-3.53755,2702,0,0,6,"both",-0.907528047772204,1.34570467631622
"249","session1",4.27533763487178,9.69157965094742,0.882737224188166,0.0676092960462437,0.303082813720282,0.755006836060619,0.818238128347518,2,1,150,-0.907528047772204,1.34570467631622,2,2.57484037176521,0,-3.39278,2702,0,0,6,"both",-0.907528047772204,1.34570467631622
"250","session1",4.27533763487178,9.69157965094742,0.882737224188166,0.0676092960462437,0.303082813720282,0.755006836060619,0.818238128347518,2,1,150,-0.907528047772204,1.34570467631622,2,1.16454163605381,1,-1.88206,2702,0,0,6,"both",-0.907528047772204,1.34570467631622
"251","session1",4.27533763487178,9.69157965094742,0.882737224188166,0.0676092960462437,0.303082813720282,0.755006836060619,0.818238128347518,2,1,150,-0.907528047772204,1.34570467631622,2,2.22458983485384,1,12.64908,2702,0,0,6,"both",-0.907528047772204,1.34570467631622
"252","session1",4.27533763487178,9.69157965094742,0.882737224188166,0.0676092960462437,0.303082813720282,0.755006836060619,0.818238128347518,2,1,150,-0.907528047772204,1.34570467631622,2,4.93946074069246,1,-0.49698,2702,0,0,6,"both",-0.907528047772204,1.34570467631622
"253","session1",4.27533763487178,9.69157965094742,0.882737224188166,0.0676092960462437,0.303082813720282,0.755006836060619,0.818238128347518,2,1,150,-0.907528047772204,1.34570467631622,2,1.42706015916999,1,14.10647,2702,0,0,6,"both",-0.907528047772204,1.34570467631622
"254","session1",4.27533763487178,9.69157965094742,0.882737224188166,0.0676092960462437,0.303082813720282,0.755006836060619,0.818238128347518,2,1,150,-0.907528047772204,1.34570467631622,2,3.56464788747832,1,15.90696,2702,0,0,6,"both",-0.907528047772204,1.34570467631622
"255","session1",4.27533763487178,9.69157965094742,0.882737224188166,0.0676092960462437,0.303082813720282,0.755006836060619,0.818238128347518,2,1,150,-0.907528047772204,1.34570467631622,2,1.37933516360235,1,17.41453,2702,0,0,6,"both",-0.907528047772204,1.34570467631622
"256","session1",4.27533763487178,9.69157965094742,0.882737224188166,0.0676092960462437,0.303082813720282,0.755006836060619,0.818238128347518,2,1,150,-0.907528047772204,1.34570467631622,2,1.95190113006604,1,14.3706,2702,0,0,6,"both",-0.907528047772204,1.34570467631622
"257","session1",4.27533763487178,9.69157965094742,0.882737224188166,0.0676092960462437,0.303082813720282,0.755006836060619,0.818238128347518,2,1,150,-0.907528047772204,1.34570467631622,2,1.93303373639246,0,-9.96384,2702,0,0,6,"both",-0.907528047772204,1.34570467631622
"258","session1",4.27533763487178,9.69157965094742,0.882737224188166,0.0676092960462437,0.303082813720282,0.755006836060619,0.818238128347518,2,1,150,-0.907528047772204,1.34570467631622,2,2.10560776725611,0,10.24596,2702,0,0,6,"both",-0.907528047772204,1.34570467631622
"259","session1",4.27533763487178,9.69157965094742,0.882737224188166,0.0676092960462437,0.303082813720282,0.755006836060619,0.818238128347518,2,1,150,-0.907528047772204,1.34570467631622,2,2.37706708334405,0,-11.0737,2702,0,0,6,"both",-0.907528047772204,1.34570467631622
"260","session1",4.27533763487178,9.69157965094742,0.882737224188166,0.0676092960462437,0.303082813720282,0.755006836060619,0.818238128347518,2,1,150,-0.907528047772204,1.34570467631622,2,3.85780084590824,0,-8.08284,2702,0,0,6,"both",-0.907528047772204,1.34570467631622
"261","session1",4.27533763487178,9.69157965094742,0.882737224188166,0.0676092960462437,0.303082813720282,0.755006836060619,0.818238128347518,2,1,150,-0.907528047772204,1.34570467631622,2,1.17230539261072,1,15.322,2702,0,0,6,"both",-0.907528047772204,1.34570467631622
"262","session1",4.27533763487178,9.69157965094742,0.882737224188166,0.0676092960462437,0.303082813720282,0.755006836060619,0.818238128347518,2,1,150,-0.907528047772204,1.34570467631622,2,3.61776819436995,1,18.06184,2702,0,0,6,"both",-0.907528047772204,1.34570467631622
"263","session1",4.27533763487178,9.69157965094742,0.882737224188166,0.0676092960462437,0.303082813720282,0.755006836060619,0.818238128347518,2,1,150,-0.907528047772204,1.34570467631622,2,1.27394887814218,0,-5.78814,2702,0,0,6,"both",-0.907528047772204,1.34570467631622
"264","session1",4.27533763487178,9.69157965094742,0.882737224188166,0.0676092960462437,0.303082813720282,0.755006836060619,0.818238128347518,2,1,150,-0.907528047772204,1.34570467631622,2,1.8236402858977,0,-6.46938,2702,0,0,6,"both",-0.907528047772204,1.34570467631622
"265","session1",4.27533763487178,9.69157965094742,0.882737224188166,0.0676092960462437,0.303082813720282,0.755006836060619,0.818238128347518,2,1,150,-0.907528047772204,1.34570467631622,2,4.71387132570019,1,7.16372,2702,0,0,6,"both",-0.907528047772204,1.34570467631622
"266","session1",4.27533763487178,9.69157965094742,0.882737224188166,0.0676092960462437,0.303082813720282,0.755006836060619,0.818238128347518,2,1,150,-0.907528047772204,1.34570467631622,2,1.80841014763387,0,-9.75637,2702,0,0,6,"both",-0.907528047772204,1.34570467631622
"267","session1",4.27533763487178,9.69157965094742,0.882737224188166,0.0676092960462437,0.303082813720282,0.755006836060619,0.818238128347518,2,1,150,-0.907528047772204,1.34570467631622,2,1.59533041361702,0,13.25831,2702,0,0,6,"both",-0.907528047772204,1.34570467631622
"268","session1",4.27533763487178,9.69157965094742,0.882737224188166,0.0676092960462437,0.303082813720282,0.755006836060619,0.818238128347518,2,1,150,-0.907528047772204,1.34570467631622,2,2.41000628854386,1,18.61624,2702,0,0,6,"both",-0.907528047772204,1.34570467631622
"269","session1",4.27533763487178,9.69157965094742,0.882737224188166,0.0676092960462437,0.303082813720282,0.755006836060619,0.818238128347518,2,1,150,-0.907528047772204,1.34570467631622,2,1.76148460732115,0,-11.16519,2702,0,0,6,"both",-0.907528047772204,1.34570467631622
"270","session1",4.27533763487178,9.69157965094742,0.882737224188166,0.0676092960462437,0.303082813720282,0.755006836060619,0.818238128347518,2,1,150,-0.907528047772204,1.34570467631622,2,5.4743575716331,1,-5.74058,2702,0,0,6,"both",-0.907528047772204,1.34570467631622
"271","session1",4.27533763487178,9.69157965094742,0.882737224188166,0.0676092960462437,0.303082813720282,0.755006836060619,0.818238128347518,2,1,150,-0.907528047772204,1.34570467631622,2,4.29986149321368,1,-8.26741,2702,0,0,6,"both",-0.907528047772204,1.34570467631622
"272","session1",4.27533763487178,9.69157965094742,0.882737224188166,0.0676092960462437,0.303082813720282,0.755006836060619,0.818238128347518,2,1,150,-0.907528047772204,1.34570467631622,2,1.95941314581823,0,7.433085,2702,0,0,6,"both",-0.907528047772204,1.34570467631622
"273","session1",4.27533763487178,9.69157965094742,0.882737224188166,0.0676092960462437,0.303082813720282,0.755006836060619,0.818238128347518,2,1,150,-0.907528047772204,1.34570467631622,2,1.78156152509886,1,23.22917,2702,0,0,6,"both",-0.907528047772204,1.34570467631622
"274","session1",4.27533763487178,9.69157965094742,0.882737224188166,0.0676092960462437,0.303082813720282,0.755006836060619,0.818238128347518,2,1,150,-0.907528047772204,1.34570467631622,2,2.21207975803107,0,-9.04209,2702,0,0,6,"both",-0.907528047772204,1.34570467631622
"275","session1",4.27533763487178,9.69157965094742,0.882737224188166,0.0676092960462437,0.303082813720282,0.755006836060619,0.818238128347518,2,1,150,-0.907528047772204,1.34570467631622,2,1.77514518263626,0,-5.41315,2702,0,0,6,"both",-0.907528047772204,1.34570467631622
"276","session1",4.27533763487178,9.69157965094742,0.882737224188166,0.0676092960462437,0.303082813720282,0.755006836060619,0.818238128347518,2,1,150,-0.907528047772204,1.34570467631622,2,1.77810290479183,1,12.75376,2702,0,0,6,"both",-0.907528047772204,1.34570467631622
"277","session1",4.27533763487178,9.69157965094742,0.882737224188166,0.0676092960462437,0.303082813720282,0.755006836060619,0.818238128347518,2,1,150,-0.907528047772204,1.34570467631622,2,1.37757275284255,1,10.82937,2702,0,0,6,"both",-0.907528047772204,1.34570467631622
"278","session1",4.27533763487178,9.69157965094742,0.882737224188166,0.0676092960462437,0.303082813720282,0.755006836060619,0.818238128347518,2,1,150,-0.907528047772204,1.34570467631622,2,2.51317699411398,1,10.60735,2702,0,0,6,"both",-0.907528047772204,1.34570467631622
"279","session1",4.27533763487178,9.69157965094742,0.882737224188166,0.0676092960462437,0.303082813720282,0.755006836060619,0.818238128347518,2,1,150,-0.907528047772204,1.34570467631622,2,4.21071956206631,0,-11.205514,2702,0,0,6,"both",-0.907528047772204,1.34570467631622
"280","session1",4.27533763487178,9.69157965094742,0.882737224188166,0.0676092960462437,0.303082813720282,0.755006836060619,0.818238128347518,2,1,150,-0.907528047772204,1.34570467631622,2,2.03017048850165,1,16.54658,2702,0,0,6,"both",-0.907528047772204,1.34570467631622
"281","session1",4.27533763487178,9.69157965094742,0.882737224188166,0.0676092960462437,0.303082813720282,0.755006836060619,0.818238128347518,2,1,150,-0.907528047772204,1.34570467631622,2,1.17175467055177,0,-7.22817,2702,0,0,6,"both",-0.907528047772204,1.34570467631622
"282","session1",4.27533763487178,9.69157965094742,0.882737224188166,0.0676092960462437,0.303082813720282,0.755006836060619,0.818238128347518,2,1,150,-0.907528047772204,1.34570467631622,2,1.11792709308432,0,-13.3708,2702,0,0,6,"both",-0.907528047772204,1.34570467631622
"283","session1",4.27533763487178,9.69157965094742,0.882737224188166,0.0676092960462437,0.303082813720282,0.755006836060619,0.818238128347518,2,1,150,-0.907528047772204,1.34570467631622,2,4.6675121628482,1,11.87396,2702,0,0,6,"both",-0.907528047772204,1.34570467631622
"284","session1",4.27533763487178,9.69157965094742,0.882737224188166,0.0676092960462437,0.303082813720282,0.755006836060619,0.818238128347518,2,1,150,-0.907528047772204,1.34570467631622,2,5.33591207880692,0,-12.71723,2702,0,0,6,"both",-0.907528047772204,1.34570467631622
"285","session1",4.27533763487178,9.69157965094742,0.882737224188166,0.0676092960462437,0.303082813720282,0.755006836060619,0.818238128347518,2,1,150,-0.907528047772204,1.34570467631622,2,1.42884586934289,0,14.2442,2702,0,0,6,"both",-0.907528047772204,1.34570467631622
"286","session1",4.27533763487178,9.69157965094742,0.882737224188166,0.0676092960462437,0.303082813720282,0.755006836060619,0.818238128347518,2,1,150,-0.907528047772204,1.34570467631622,2,5.56452622027932,0,-7.11689,2702,0,0,6,"both",-0.907528047772204,1.34570467631622
"287","session1",4.27533763487178,9.69157965094742,0.882737224188166,0.0676092960462437,0.303082813720282,0.755006836060619,0.818238128347518,2,1,150,-0.907528047772204,1.34570467631622,2,2.38015790568626,0,-6.83987,2702,0,0,6,"both",-0.907528047772204,1.34570467631622
"288","session1",4.27533763487178,9.69157965094742,0.882737224188166,0.0676092960462437,0.303082813720282,0.755006836060619,0.818238128347518,2,1,150,-0.907528047772204,1.34570467631622,2,2.75619359394197,0,-2.31006,2702,0,0,6,"both",-0.907528047772204,1.34570467631622
"289","session1",4.27533763487178,9.69157965094742,0.882737224188166,0.0676092960462437,0.303082813720282,0.755006836060619,0.818238128347518,2,1,150,-0.907528047772204,1.34570467631622,2,1.47728315634875,1,12.60319,2702,0,0,6,"both",-0.907528047772204,1.34570467631622
"290","session1",4.27533763487178,9.69157965094742,0.882737224188166,0.0676092960462437,0.303082813720282,0.755006836060619,0.818238128347518,2,1,150,-0.907528047772204,1.34570467631622,2,1.5024039868249,1,12.37704,2702,0,0,6,"both",-0.907528047772204,1.34570467631622
"291","session1",4.27533763487178,9.69157965094742,0.882737224188166,0.0676092960462437,0.303082813720282,0.755006836060619,0.818238128347518,2,1,150,-0.907528047772204,1.34570467631622,2,4.16943556277715,0,-10.31446,2702,0,0,6,"both",-0.907528047772204,1.34570467631622
"292","session1",4.27533763487178,9.69157965094742,0.882737224188166,0.0676092960462437,0.303082813720282,0.755006836060619,0.818238128347518,2,1,150,-0.907528047772204,1.34570467631622,2,2.49118464471094,1,12.161653,2702,0,0,6,"both",-0.907528047772204,1.34570467631622
"293","session1",4.27533763487178,9.69157965094742,0.882737224188166,0.0676092960462437,0.303082813720282,0.755006836060619,0.818238128347518,2,1,150,-0.907528047772204,1.34570467631622,2,4.82042429909259,1,11.79931,2702,0,0,6,"both",-0.907528047772204,1.34570467631622
"294","session1",4.27533763487178,9.69157965094742,0.882737224188166,0.0676092960462437,0.303082813720282,0.755006836060619,0.818238128347518,2,1,150,-0.907528047772204,1.34570467631622,2,2.16842473218711,0,-5.1854,2702,0,0,6,"both",-0.907528047772204,1.34570467631622
"295","session1",4.27533763487178,9.69157965094742,0.882737224188166,0.0676092960462437,0.303082813720282,0.755006836060619,0.818238128347518,2,1,150,-0.907528047772204,1.34570467631622,2,1.71255185888607,0,-2.33624,2702,0,0,6,"both",-0.907528047772204,1.34570467631622
"296","session1",4.27533763487178,9.69157965094742,0.882737224188166,0.0676092960462437,0.303082813720282,0.755006836060619,0.818238128347518,2,1,150,-0.907528047772204,1.34570467631622,2,3.51864904301833,0,-8.60485,2702,0,0,6,"both",-0.907528047772204,1.34570467631622
"297","session1",4.27533763487178,9.69157965094742,0.882737224188166,0.0676092960462437,0.303082813720282,0.755006836060619,0.818238128347518,2,1,150,-0.907528047772204,1.34570467631622,2,2.00051749767756,0,-8.31606,2702,0,0,6,"both",-0.907528047772204,1.34570467631622
"298","session1",4.27533763487178,9.69157965094742,0.882737224188166,0.0676092960462437,0.303082813720282,0.755006836060619,0.818238128347518,2,1,150,-0.907528047772204,1.34570467631622,2,6.0261590531035,0,-6.25264,2702,0,0,6,"both",-0.907528047772204,1.34570467631622
"299","session1",4.27533763487178,9.69157965094742,0.882737224188166,0.0676092960462437,0.303082813720282,0.755006836060619,0.818238128347518,2,1,150,-0.907528047772204,1.34570467631622,2,8,1,-6.13011,2702,0,0,6,"both",-0.907528047772204,1.34570467631622
"300","session1",4.27533763487178,9.69157965094742,0.882737224188166,0.0676092960462437,0.303082813720282,0.755006836060619,0.818238128347518,2,1,150,-0.907528047772204,1.34570467631622,2,5.16010526677122,0,-4.42054,2702,0,0,6,"both",-0.907528047772204,1.34570467631622
"301","session1",-15.4051561174222,9.71136821728319,2.37962614674989,0.109108507058899,0.297406520575165,0.359830866508276,0.29636094669021,3,1,150,-0.907528047772204,1.34570467631622,3,1.9690969140802,1,-8.4193153359,2702,0,0,6,"both",-0.907528047772204,1.34570467631622
"302","session1",-15.4051561174222,9.71136821728319,2.37962614674989,0.109108507058899,0.297406520575165,0.359830866508276,0.29636094669021,3,1,150,-0.907528047772204,1.34570467631622,3,1.68876671332376,0,-10.4453053214,2702,0,0,6,"both",-0.907528047772204,1.34570467631622
"303","session1",-15.4051561174222,9.71136821728319,2.37962614674989,0.109108507058899,0.297406520575165,0.359830866508276,0.29636094669021,3,1,150,-0.907528047772204,1.34570467631622,3,3.21849021751372,0,0.61564525716,2702,0,0,6,"both",-0.907528047772204,1.34570467631622
"304","session1",-15.4051561174222,9.71136821728319,2.37962614674989,0.109108507058899,0.297406520575165,0.359830866508276,0.29636094669021,3,1,150,-0.907528047772204,1.34570467631622,3,1.71035279528047,0,2.7010677204,2702,0,0,6,"both",-0.907528047772204,1.34570467631622
"305","session1",-15.4051561174222,9.71136821728319,2.37962614674989,0.109108507058899,0.297406520575165,0.359830866508276,0.29636094669021,3,1,150,-0.907528047772204,1.34570467631622,3,1.89069987791247,1,-3.133,2702,0,0,6,"both",-0.907528047772204,1.34570467631622
"306","session1",-15.4051561174222,9.71136821728319,2.37962614674989,0.109108507058899,0.297406520575165,0.359830866508276,0.29636094669021,3,1,150,-0.907528047772204,1.34570467631622,3,4.28548496377016,1,-9.3607,2702,0,0,6,"both",-0.907528047772204,1.34570467631622
"307","session1",-15.4051561174222,9.71136821728319,2.37962614674989,0.109108507058899,0.297406520575165,0.359830866508276,0.29636094669021,3,1,150,-0.907528047772204,1.34570467631622,3,4.72120279331376,0,-15.81246,2702,0,0,6,"both",-0.907528047772204,1.34570467631622
"308","session1",-15.4051561174222,9.71136821728319,2.37962614674989,0.109108507058899,0.297406520575165,0.359830866508276,0.29636094669021,3,1,150,-0.907528047772204,1.34570467631622,3,2.28650138502812,1,10.23853,2702,0,0,6,"both",-0.907528047772204,1.34570467631622
"309","session1",-15.4051561174222,9.71136821728319,2.37962614674989,0.109108507058899,0.297406520575165,0.359830866508276,0.29636094669021,3,1,150,-0.907528047772204,1.34570467631622,3,1.51416582850886,0,0.21860257951,2702,0,0,6,"both",-0.907528047772204,1.34570467631622
"310","session1",-15.4051561174222,9.71136821728319,2.37962614674989,0.109108507058899,0.297406520575165,0.359830866508276,0.29636094669021,3,1,150,-0.907528047772204,1.34570467631622,3,3.14679560701648,1,-32.44874,2702,0,0,6,"both",-0.907528047772204,1.34570467631622
"311","session1",-15.4051561174222,9.71136821728319,2.37962614674989,0.109108507058899,0.297406520575165,0.359830866508276,0.29636094669021,3,1,150,-0.907528047772204,1.34570467631622,3,2.39442088535541,1,22.26172,2702,0,0,6,"both",-0.907528047772204,1.34570467631622
"312","session1",-15.4051561174222,9.71136821728319,2.37962614674989,0.109108507058899,0.297406520575165,0.359830866508276,0.29636094669021,3,1,150,-0.907528047772204,1.34570467631622,3,1.94136580365933,0,-1.6126655178,2702,0,0,6,"both",-0.907528047772204,1.34570467631622
"313","session1",-15.4051561174222,9.71136821728319,2.37962614674989,0.109108507058899,0.297406520575165,0.359830866508276,0.29636094669021,3,1,150,-0.907528047772204,1.34570467631622,3,1.80133377102267,0,-33.9786,2702,0,0,6,"both",-0.907528047772204,1.34570467631622
"314","session1",-15.4051561174222,9.71136821728319,2.37962614674989,0.109108507058899,0.297406520575165,0.359830866508276,0.29636094669021,3,1,150,-0.907528047772204,1.34570467631622,3,2.23073259761986,1,3.0236822359,2702,0,0,6,"both",-0.907528047772204,1.34570467631622
"315","session1",-15.4051561174222,9.71136821728319,2.37962614674989,0.109108507058899,0.297406520575165,0.359830866508276,0.29636094669021,3,1,150,-0.907528047772204,1.34570467631622,3,1.57888312648418,1,0.30732530172,2702,0,0,6,"both",-0.907528047772204,1.34570467631622
"316","session1",-15.4051561174222,9.71136821728319,2.37962614674989,0.109108507058899,0.297406520575165,0.359830866508276,0.29636094669021,3,1,150,-0.907528047772204,1.34570467631622,3,3.40539681099168,1,-1.5530069578,2702,0,0,6,"both",-0.907528047772204,1.34570467631622
"317","session1",-15.4051561174222,9.71136821728319,2.37962614674989,0.109108507058899,0.297406520575165,0.359830866508276,0.29636094669021,3,1,150,-0.907528047772204,1.34570467631622,3,2.16977327981016,1,3.26369,2702,0,0,6,"both",-0.907528047772204,1.34570467631622
"318","session1",-15.4051561174222,9.71136821728319,2.37962614674989,0.109108507058899,0.297406520575165,0.359830866508276,0.29636094669021,3,1,150,-0.907528047772204,1.34570467631622,3,3.1819277265088,0,-7.89510297752,2702,0,0,6,"both",-0.907528047772204,1.34570467631622
"319","session1",-15.4051561174222,9.71136821728319,2.37962614674989,0.109108507058899,0.297406520575165,0.359830866508276,0.29636094669021,3,1,150,-0.907528047772204,1.34570467631622,3,2.12171846895253,1,46.11293,2702,0,0,6,"both",-0.907528047772204,1.34570467631622
"320","session1",-15.4051561174222,9.71136821728319,2.37962614674989,0.109108507058899,0.297406520575165,0.359830866508276,0.29636094669021,3,1,150,-0.907528047772204,1.34570467631622,3,1.87582086553893,1,-3.54691,2702,0,0,6,"both",-0.907528047772204,1.34570467631622
"321","session1",-15.4051561174222,9.71136821728319,2.37962614674989,0.109108507058899,0.297406520575165,0.359830866508276,0.29636094669021,3,1,150,-0.907528047772204,1.34570467631622,3,2.04109055825134,1,9.051693,2702,0,0,6,"both",-0.907528047772204,1.34570467631622
"322","session1",-15.4051561174222,9.71136821728319,2.37962614674989,0.109108507058899,0.297406520575165,0.359830866508276,0.29636094669021,3,1,150,-0.907528047772204,1.34570467631622,3,4.165742257988,0,-22.97531,2702,0,0,6,"both",-0.907528047772204,1.34570467631622
"323","session1",-15.4051561174222,9.71136821728319,2.37962614674989,0.109108507058899,0.297406520575165,0.359830866508276,0.29636094669021,3,1,150,-0.907528047772204,1.34570467631622,3,2.19091793466737,0,-27.8291,2702,0,0,6,"both",-0.907528047772204,1.34570467631622
"324","session1",-15.4051561174222,9.71136821728319,2.37962614674989,0.109108507058899,0.297406520575165,0.359830866508276,0.29636094669021,3,1,150,-0.907528047772204,1.34570467631622,3,1.84567811430893,0,-8.8248,2702,0,0,6,"both",-0.907528047772204,1.34570467631622
"325","session1",-15.4051561174222,9.71136821728319,2.37962614674989,0.109108507058899,0.297406520575165,0.359830866508276,0.29636094669021,3,1,150,-0.907528047772204,1.34570467631622,3,5.84396225192574,1,17.53546,2702,0,0,6,"both",-0.907528047772204,1.34570467631622
"326","session1",-15.4051561174222,9.71136821728319,2.37962614674989,0.109108507058899,0.297406520575165,0.359830866508276,0.29636094669021,3,1,150,-0.907528047772204,1.34570467631622,3,2.69117295362134,0,-10.45424,2702,0,0,6,"both",-0.907528047772204,1.34570467631622
"327","session1",-15.4051561174222,9.71136821728319,2.37962614674989,0.109108507058899,0.297406520575165,0.359830866508276,0.29636094669021,3,1,150,-0.907528047772204,1.34570467631622,3,2.90017150324113,0,-7.88891,2702,0,0,6,"both",-0.907528047772204,1.34570467631622
"328","session1",-15.4051561174222,9.71136821728319,2.37962614674989,0.109108507058899,0.297406520575165,0.359830866508276,0.29636094669021,3,1,150,-0.907528047772204,1.34570467631622,3,1.71506955971322,0,-7.47448,2702,0,0,6,"both",-0.907528047772204,1.34570467631622
"329","session1",-15.4051561174222,9.71136821728319,2.37962614674989,0.109108507058899,0.297406520575165,0.359830866508276,0.29636094669021,3,1,150,-0.907528047772204,1.34570467631622,3,5.19304462154293,1,-8.66676,2702,0,0,6,"both",-0.907528047772204,1.34570467631622
"330","session1",-15.4051561174222,9.71136821728319,2.37962614674989,0.109108507058899,0.297406520575165,0.359830866508276,0.29636094669021,3,1,150,-0.907528047772204,1.34570467631622,3,3.29998887120787,1,-17.34774,2702,0,0,6,"both",-0.907528047772204,1.34570467631622
"331","session1",-15.4051561174222,9.71136821728319,2.37962614674989,0.109108507058899,0.297406520575165,0.359830866508276,0.29636094669021,3,1,150,-0.907528047772204,1.34570467631622,3,3.96394992231895,1,-4.5734972268,2702,0,0,6,"both",-0.907528047772204,1.34570467631622
"332","session1",-15.4051561174222,9.71136821728319,2.37962614674989,0.109108507058899,0.297406520575165,0.359830866508276,0.29636094669021,3,1,150,-0.907528047772204,1.34570467631622,3,2.28308791225374,0,-39.65849,2702,0,0,6,"both",-0.907528047772204,1.34570467631622
"333","session1",-15.4051561174222,9.71136821728319,2.37962614674989,0.109108507058899,0.297406520575165,0.359830866508276,0.29636094669021,3,1,150,-0.907528047772204,1.34570467631622,3,1.16850909754791,1,4.27569,2702,0,0,6,"both",-0.907528047772204,1.34570467631622
"334","session1",-15.4051561174222,9.71136821728319,2.37962614674989,0.109108507058899,0.297406520575165,0.359830866508276,0.29636094669021,3,1,150,-0.907528047772204,1.34570467631622,3,3.2388510400853,1,17.50964,2702,0,0,6,"both",-0.907528047772204,1.34570467631622
"335","session1",-15.4051561174222,9.71136821728319,2.37962614674989,0.109108507058899,0.297406520575165,0.359830866508276,0.29636094669021,3,1,150,-0.907528047772204,1.34570467631622,3,1.5097352717882,0,-7.1948799679,2702,0,0,6,"both",-0.907528047772204,1.34570467631622
"336","session1",-15.4051561174222,9.71136821728319,2.37962614674989,0.109108507058899,0.297406520575165,0.359830866508276,0.29636094669021,3,1,150,-0.907528047772204,1.34570467631622,3,2.59200209565596,1,16.87584,2702,0,0,6,"both",-0.907528047772204,1.34570467631622
"337","session1",-15.4051561174222,9.71136821728319,2.37962614674989,0.109108507058899,0.297406520575165,0.359830866508276,0.29636094669021,3,1,150,-0.907528047772204,1.34570467631622,3,1.63431604548467,1,7.50239,2702,0,0,6,"both",-0.907528047772204,1.34570467631622
"338","session1",-15.4051561174222,9.71136821728319,2.37962614674989,0.109108507058899,0.297406520575165,0.359830866508276,0.29636094669021,3,1,150,-0.907528047772204,1.34570467631622,3,2.32889802025204,0,-8.26209,2702,0,0,6,"both",-0.907528047772204,1.34570467631622
"339","session1",-15.4051561174222,9.71136821728319,2.37962614674989,0.109108507058899,0.297406520575165,0.359830866508276,0.29636094669021,3,1,150,-0.907528047772204,1.34570467631622,3,3.30042074006664,1,-7.6096,2702,0,0,6,"both",-0.907528047772204,1.34570467631622
"340","session1",-15.4051561174222,9.71136821728319,2.37962614674989,0.109108507058899,0.297406520575165,0.359830866508276,0.29636094669021,3,1,150,-0.907528047772204,1.34570467631622,3,2.47225880315436,1,-18.83356,2702,0,0,6,"both",-0.907528047772204,1.34570467631622
"341","session1",-15.4051561174222,9.71136821728319,2.37962614674989,0.109108507058899,0.297406520575165,0.359830866508276,0.29636094669021,3,1,150,-0.907528047772204,1.34570467631622,3,1.95194200560575,1,3.3318,2702,0,0,6,"both",-0.907528047772204,1.34570467631622
"342","session1",-15.4051561174222,9.71136821728319,2.37962614674989,0.109108507058899,0.297406520575165,0.359830866508276,0.29636094669021,3,1,150,-0.907528047772204,1.34570467631622,3,1.90642886025082,1,7.5263,2702,0,0,6,"both",-0.907528047772204,1.34570467631622
"343","session1",-15.4051561174222,9.71136821728319,2.37962614674989,0.109108507058899,0.297406520575165,0.359830866508276,0.29636094669021,3,1,150,-0.907528047772204,1.34570467631622,3,1.41159979395716,1,6.37482,2702,0,0,6,"both",-0.907528047772204,1.34570467631622
"344","session1",-15.4051561174222,9.71136821728319,2.37962614674989,0.109108507058899,0.297406520575165,0.359830866508276,0.29636094669021,3,1,150,-0.907528047772204,1.34570467631622,3,1.7318925874181,0,-30.3183,2702,0,0,6,"both",-0.907528047772204,1.34570467631622
"345","session1",-15.4051561174222,9.71136821728319,2.37962614674989,0.109108507058899,0.297406520575165,0.359830866508276,0.29636094669021,3,1,150,-0.907528047772204,1.34570467631622,3,1.36137828374034,1,16.707,2702,0,0,6,"both",-0.907528047772204,1.34570467631622
"346","session1",-15.4051561174222,9.71136821728319,2.37962614674989,0.109108507058899,0.297406520575165,0.359830866508276,0.29636094669021,3,1,150,-0.907528047772204,1.34570467631622,3,1.55754327585706,1,8.85991,2702,0,0,6,"both",-0.907528047772204,1.34570467631622
"347","session1",-15.4051561174222,9.71136821728319,2.37962614674989,0.109108507058899,0.297406520575165,0.359830866508276,0.29636094669021,3,1,150,-0.907528047772204,1.34570467631622,3,1.54552943655945,1,0.41981,2702,0,0,6,"both",-0.907528047772204,1.34570467631622
"348","session1",-15.4051561174222,9.71136821728319,2.37962614674989,0.109108507058899,0.297406520575165,0.359830866508276,0.29636094669021,3,1,150,-0.907528047772204,1.34570467631622,3,3.61936387993828,1,-12.7453,2702,0,0,6,"both",-0.907528047772204,1.34570467631622
"349","session1",-15.4051561174222,9.71136821728319,2.37962614674989,0.109108507058899,0.297406520575165,0.359830866508276,0.29636094669021,3,1,150,-0.907528047772204,1.34570467631622,3,4.50572984628723,0,-30.36415,2702,0,0,6,"both",-0.907528047772204,1.34570467631622
"350","session1",-15.4051561174222,9.71136821728319,2.37962614674989,0.109108507058899,0.297406520575165,0.359830866508276,0.29636094669021,3,1,150,-0.907528047772204,1.34570467631622,3,4.54308095176536,0,-13.61749,2702,0,0,6,"both",-0.907528047772204,1.34570467631622
"351","session1",-15.4051561174222,9.71136821728319,2.37962614674989,0.109108507058899,0.297406520575165,0.359830866508276,0.29636094669021,3,1,150,-0.907528047772204,1.34570467631622,3,2.05519519205974,0,4.8838,2702,0,0,6,"both",-0.907528047772204,1.34570467631622
"352","session1",-15.4051561174222,9.71136821728319,2.37962614674989,0.109108507058899,0.297406520575165,0.359830866508276,0.29636094669021,3,1,150,-0.907528047772204,1.34570467631622,3,2.20760855606085,1,25.8801,2702,0,0,6,"both",-0.907528047772204,1.34570467631622
"353","session1",-15.4051561174222,9.71136821728319,2.37962614674989,0.109108507058899,0.297406520575165,0.359830866508276,0.29636094669021,3,1,150,-0.907528047772204,1.34570467631622,3,2.46798912995424,1,-0.0925399999999996,2702,0,0,6,"both",-0.907528047772204,1.34570467631622
"354","session1",-15.4051561174222,9.71136821728319,2.37962614674989,0.109108507058899,0.297406520575165,0.359830866508276,0.29636094669021,3,1,150,-0.907528047772204,1.34570467631622,3,2.45825104241464,1,12.47411,2702,0,0,6,"both",-0.907528047772204,1.34570467631622
"355","session1",-15.4051561174222,9.71136821728319,2.37962614674989,0.109108507058899,0.297406520575165,0.359830866508276,0.29636094669021,3,1,150,-0.907528047772204,1.34570467631622,3,2.37046668768379,1,-20.96851,2702,0,0,6,"both",-0.907528047772204,1.34570467631622
"356","session1",-15.4051561174222,9.71136821728319,2.37962614674989,0.109108507058899,0.297406520575165,0.359830866508276,0.29636094669021,3,1,150,-0.907528047772204,1.34570467631622,3,1.45509923976784,0,13.80171,2702,0,0,6,"both",-0.907528047772204,1.34570467631622
"357","session1",-15.4051561174222,9.71136821728319,2.37962614674989,0.109108507058899,0.297406520575165,0.359830866508276,0.29636094669021,3,1,150,-0.907528047772204,1.34570467631622,3,1.64425080178012,0,-48.9118,2702,0,0,6,"both",-0.907528047772204,1.34570467631622
"358","session1",-15.4051561174222,9.71136821728319,2.37962614674989,0.109108507058899,0.297406520575165,0.359830866508276,0.29636094669021,3,1,150,-0.907528047772204,1.34570467631622,3,2.5288322905359,1,-25.4528,2702,0,0,6,"both",-0.907528047772204,1.34570467631622
"359","session1",-15.4051561174222,9.71136821728319,2.37962614674989,0.109108507058899,0.297406520575165,0.359830866508276,0.29636094669021,3,1,150,-0.907528047772204,1.34570467631622,3,2.02132955105384,1,25.1687,2702,0,0,6,"both",-0.907528047772204,1.34570467631622
"360","session1",-15.4051561174222,9.71136821728319,2.37962614674989,0.109108507058899,0.297406520575165,0.359830866508276,0.29636094669021,3,1,150,-0.907528047772204,1.34570467631622,3,2.04390836650167,1,7.10827,2702,0,0,6,"both",-0.907528047772204,1.34570467631622
"361","session1",-15.4051561174222,9.71136821728319,2.37962614674989,0.109108507058899,0.297406520575165,0.359830866508276,0.29636094669021,3,1,150,-0.907528047772204,1.34570467631622,3,1.05186732963232,1,20.20825,2702,0,0,6,"both",-0.907528047772204,1.34570467631622
"362","session1",-15.4051561174222,9.71136821728319,2.37962614674989,0.109108507058899,0.297406520575165,0.359830866508276,0.29636094669021,3,1,150,-0.907528047772204,1.34570467631622,3,1.33922153332608,0,-42.16499,2702,0,0,6,"both",-0.907528047772204,1.34570467631622
"363","session1",-15.4051561174222,9.71136821728319,2.37962614674989,0.109108507058899,0.297406520575165,0.359830866508276,0.29636094669021,3,1,150,-0.907528047772204,1.34570467631622,3,1.81727197945757,1,13.53722,2702,0,0,6,"both",-0.907528047772204,1.34570467631622
"364","session1",-15.4051561174222,9.71136821728319,2.37962614674989,0.109108507058899,0.297406520575165,0.359830866508276,0.29636094669021,3,1,150,-0.907528047772204,1.34570467631622,3,2.18328109742007,1,15.2855,2702,0,0,6,"both",-0.907528047772204,1.34570467631622
"365","session1",-15.4051561174222,9.71136821728319,2.37962614674989,0.109108507058899,0.297406520575165,0.359830866508276,0.29636094669021,3,1,150,-0.907528047772204,1.34570467631622,3,1.68572022685103,0,-23.44578,2702,0,0,6,"both",-0.907528047772204,1.34570467631622
"366","session1",-15.4051561174222,9.71136821728319,2.37962614674989,0.109108507058899,0.297406520575165,0.359830866508276,0.29636094669021,3,1,150,-0.907528047772204,1.34570467631622,3,2.01597336276858,1,38.4685,2702,0,0,6,"both",-0.907528047772204,1.34570467631622
"367","session1",-15.4051561174222,9.71136821728319,2.37962614674989,0.109108507058899,0.297406520575165,0.359830866508276,0.29636094669021,3,1,150,-0.907528047772204,1.34570467631622,3,1.82388566025053,0,-45.9727,2702,0,0,6,"both",-0.907528047772204,1.34570467631622
"368","session1",-15.4051561174222,9.71136821728319,2.37962614674989,0.109108507058899,0.297406520575165,0.359830866508276,0.29636094669021,3,1,150,-0.907528047772204,1.34570467631622,3,2.02647649844988,1,15.89394,2702,0,0,6,"both",-0.907528047772204,1.34570467631622
"369","session1",-15.4051561174222,9.71136821728319,2.37962614674989,0.109108507058899,0.297406520575165,0.359830866508276,0.29636094669021,3,1,150,-0.907528047772204,1.34570467631622,3,1.58576115504684,0,-21.0735,2702,0,0,6,"both",-0.907528047772204,1.34570467631622
"370","session1",-15.4051561174222,9.71136821728319,2.37962614674989,0.109108507058899,0.297406520575165,0.359830866508276,0.29636094669021,3,1,150,-0.907528047772204,1.34570467631622,3,2.56833068278056,0,-25.54665,2702,0,0,6,"both",-0.907528047772204,1.34570467631622
"371","session1",-15.4051561174222,9.71136821728319,2.37962614674989,0.109108507058899,0.297406520575165,0.359830866508276,0.29636094669021,3,1,150,-0.907528047772204,1.34570467631622,3,2.47783922625269,0,-35.4595,2702,0,0,6,"both",-0.907528047772204,1.34570467631622
"372","session1",-15.4051561174222,9.71136821728319,2.37962614674989,0.109108507058899,0.297406520575165,0.359830866508276,0.29636094669021,3,1,150,-0.907528047772204,1.34570467631622,3,2.05204183135917,0,-27.29268,2702,0,0,6,"both",-0.907528047772204,1.34570467631622
"373","session1",-15.4051561174222,9.71136821728319,2.37962614674989,0.109108507058899,0.297406520575165,0.359830866508276,0.29636094669021,3,1,150,-0.907528047772204,1.34570467631622,3,1.32137347216031,1,6.9555,2702,0,0,6,"both",-0.907528047772204,1.34570467631622
"374","session1",-15.4051561174222,9.71136821728319,2.37962614674989,0.109108507058899,0.297406520575165,0.359830866508276,0.29636094669021,3,1,150,-0.907528047772204,1.34570467631622,3,1.56871645004411,1,-6.7991,2702,0,0,6,"both",-0.907528047772204,1.34570467631622
"375","session1",-15.4051561174222,9.71136821728319,2.37962614674989,0.109108507058899,0.297406520575165,0.359830866508276,0.29636094669021,3,1,150,-0.907528047772204,1.34570467631622,3,2.67522101739666,0,-18.85491,2702,0,0,6,"both",-0.907528047772204,1.34570467631622
"376","session1",-15.4051561174222,9.71136821728319,2.37962614674989,0.109108507058899,0.297406520575165,0.359830866508276,0.29636094669021,3,1,150,-0.907528047772204,1.34570467631622,3,2.8806617194048,1,4.28052,2702,0,0,6,"both",-0.907528047772204,1.34570467631622
"377","session1",-15.4051561174222,9.71136821728319,2.37962614674989,0.109108507058899,0.297406520575165,0.359830866508276,0.29636094669021,3,1,150,-0.907528047772204,1.34570467631622,3,1.79817270664263,1,4.79222,2702,0,0,6,"both",-0.907528047772204,1.34570467631622
"378","session1",-15.4051561174222,9.71136821728319,2.37962614674989,0.109108507058899,0.297406520575165,0.359830866508276,0.29636094669021,3,1,150,-0.907528047772204,1.34570467631622,3,2.22651356553925,0,-31.58573,2702,0,0,6,"both",-0.907528047772204,1.34570467631622
"379","session1",-15.4051561174222,9.71136821728319,2.37962614674989,0.109108507058899,0.297406520575165,0.359830866508276,0.29636094669021,3,1,150,-0.907528047772204,1.34570467631622,3,1.71601188852509,0,-36.0191,2702,0,0,6,"both",-0.907528047772204,1.34570467631622
"380","session1",-15.4051561174222,9.71136821728319,2.37962614674989,0.109108507058899,0.297406520575165,0.359830866508276,0.29636094669021,3,1,150,-0.907528047772204,1.34570467631622,3,1.55851004587073,0,-17.74881,2702,0,0,6,"both",-0.907528047772204,1.34570467631622
"381","session1",-15.4051561174222,9.71136821728319,2.37962614674989,0.109108507058899,0.297406520575165,0.359830866508276,0.29636094669021,3,1,150,-0.907528047772204,1.34570467631622,3,1.59685791020482,0,3.6472,2702,0,0,6,"both",-0.907528047772204,1.34570467631622
"382","session1",-15.4051561174222,9.71136821728319,2.37962614674989,0.109108507058899,0.297406520575165,0.359830866508276,0.29636094669021,3,1,150,-0.907528047772204,1.34570467631622,3,2.31860262058323,0,-21.00238,2702,0,0,6,"both",-0.907528047772204,1.34570467631622
"383","session1",-15.4051561174222,9.71136821728319,2.37962614674989,0.109108507058899,0.297406520575165,0.359830866508276,0.29636094669021,3,1,150,-0.907528047772204,1.34570467631622,3,1.86359292338126,1,14.13833,2702,0,0,6,"both",-0.907528047772204,1.34570467631622
"384","session1",-15.4051561174222,9.71136821728319,2.37962614674989,0.109108507058899,0.297406520575165,0.359830866508276,0.29636094669021,3,1,150,-0.907528047772204,1.34570467631622,3,3.32564695952486,1,6.5932,2702,0,0,6,"both",-0.907528047772204,1.34570467631622
"385","session1",-15.4051561174222,9.71136821728319,2.37962614674989,0.109108507058899,0.297406520575165,0.359830866508276,0.29636094669021,3,1,150,-0.907528047772204,1.34570467631622,3,1.56114897024339,1,25.63526,2702,0,0,6,"both",-0.907528047772204,1.34570467631622
"386","session1",-15.4051561174222,9.71136821728319,2.37962614674989,0.109108507058899,0.297406520575165,0.359830866508276,0.29636094669021,3,1,150,-0.907528047772204,1.34570467631622,3,2.20915392351828,1,15.58722,2702,0,0,6,"both",-0.907528047772204,1.34570467631622
"387","session1",-15.4051561174222,9.71136821728319,2.37962614674989,0.109108507058899,0.297406520575165,0.359830866508276,0.29636094669021,3,1,150,-0.907528047772204,1.34570467631622,3,2.14106081115351,0,-32.33911,2702,0,0,6,"both",-0.907528047772204,1.34570467631622
"388","session1",-15.4051561174222,9.71136821728319,2.37962614674989,0.109108507058899,0.297406520575165,0.359830866508276,0.29636094669021,3,1,150,-0.907528047772204,1.34570467631622,3,3.47170277122108,0,10.10456,2702,0,0,6,"both",-0.907528047772204,1.34570467631622
"389","session1",-15.4051561174222,9.71136821728319,2.37962614674989,0.109108507058899,0.297406520575165,0.359830866508276,0.29636094669021,3,1,150,-0.907528047772204,1.34570467631622,3,2.08903635566857,1,11.5948,2702,0,0,6,"both",-0.907528047772204,1.34570467631622
"390","session1",-15.4051561174222,9.71136821728319,2.37962614674989,0.109108507058899,0.297406520575165,0.359830866508276,0.29636094669021,3,1,150,-0.907528047772204,1.34570467631622,3,2.34087804819299,1,6.28059,2702,0,0,6,"both",-0.907528047772204,1.34570467631622
"391","session1",-15.4051561174222,9.71136821728319,2.37962614674989,0.109108507058899,0.297406520575165,0.359830866508276,0.29636094669021,3,1,150,-0.907528047772204,1.34570467631622,3,1.79237158936846,1,10.64741,2702,0,0,6,"both",-0.907528047772204,1.34570467631622
"392","session1",-15.4051561174222,9.71136821728319,2.37962614674989,0.109108507058899,0.297406520575165,0.359830866508276,0.29636094669021,3,1,150,-0.907528047772204,1.34570467631622,3,3.11029024316561,1,-1.4214,2702,0,0,6,"both",-0.907528047772204,1.34570467631622
"393","session1",-15.4051561174222,9.71136821728319,2.37962614674989,0.109108507058899,0.297406520575165,0.359830866508276,0.29636094669021,3,1,150,-0.907528047772204,1.34570467631622,3,2.15468836409993,0,-28.884,2702,0,0,6,"both",-0.907528047772204,1.34570467631622
"394","session1",-15.4051561174222,9.71136821728319,2.37962614674989,0.109108507058899,0.297406520575165,0.359830866508276,0.29636094669021,3,1,150,-0.907528047772204,1.34570467631622,3,1.54886017298581,1,-28.89204,2702,0,0,6,"both",-0.907528047772204,1.34570467631622
"395","session1",-15.4051561174222,9.71136821728319,2.37962614674989,0.109108507058899,0.297406520575165,0.359830866508276,0.29636094669021,3,1,150,-0.907528047772204,1.34570467631622,3,2.05786131490525,1,1.4144,2702,0,0,6,"both",-0.907528047772204,1.34570467631622
"396","session1",-15.4051561174222,9.71136821728319,2.37962614674989,0.109108507058899,0.297406520575165,0.359830866508276,0.29636094669021,3,1,150,-0.907528047772204,1.34570467631622,3,1.75352857017334,0,4.7857,2702,0,0,6,"both",-0.907528047772204,1.34570467631622
"397","session1",-15.4051561174222,9.71136821728319,2.37962614674989,0.109108507058899,0.297406520575165,0.359830866508276,0.29636094669021,3,1,150,-0.907528047772204,1.34570467631622,3,2.80649215966257,0,-25.8803,2702,0,0,6,"both",-0.907528047772204,1.34570467631622
"398","session1",-15.4051561174222,9.71136821728319,2.37962614674989,0.109108507058899,0.297406520575165,0.359830866508276,0.29636094669021,3,1,150,-0.907528047772204,1.34570467631622,3,2.50703222768592,1,-16.35445,2702,0,0,6,"both",-0.907528047772204,1.34570467631622
"399","session1",-15.4051561174222,9.71136821728319,2.37962614674989,0.109108507058899,0.297406520575165,0.359830866508276,0.29636094669021,3,1,150,-0.907528047772204,1.34570467631622,3,2.47601634917371,1,6.2198,2702,0,0,6,"both",-0.907528047772204,1.34570467631622
"400","session1",-15.4051561174222,9.71136821728319,2.37962614674989,0.109108507058899,0.297406520575165,0.359830866508276,0.29636094669021,3,1,150,-0.907528047772204,1.34570467631622,3,2.12615842702952,0,-32.7281,2702,0,0,6,"both",-0.907528047772204,1.34570467631622
"401","session1",-15.4051561174222,9.71136821728319,2.37962614674989,0.109108507058899,0.297406520575165,0.359830866508276,0.29636094669021,3,1,150,-0.907528047772204,1.34570467631622,3,2.46109066827665,1,7.4673,2702,0,0,6,"both",-0.907528047772204,1.34570467631622
"402","session1",-15.4051561174222,9.71136821728319,2.37962614674989,0.109108507058899,0.297406520575165,0.359830866508276,0.29636094669021,3,1,150,-0.907528047772204,1.34570467631622,3,1.34336919731812,1,12.67632,2702,0,0,6,"both",-0.907528047772204,1.34570467631622
"403","session1",-15.4051561174222,9.71136821728319,2.37962614674989,0.109108507058899,0.297406520575165,0.359830866508276,0.29636094669021,3,1,150,-0.907528047772204,1.34570467631622,3,1.58465912941594,0,-32.4141,2702,0,0,6,"both",-0.907528047772204,1.34570467631622
"404","session1",-15.4051561174222,9.71136821728319,2.37962614674989,0.109108507058899,0.297406520575165,0.359830866508276,0.29636094669021,3,1,150,-0.907528047772204,1.34570467631622,3,2.8235513711049,1,-27.54615,2702,0,0,6,"both",-0.907528047772204,1.34570467631622
"405","session1",-15.4051561174222,9.71136821728319,2.37962614674989,0.109108507058899,0.297406520575165,0.359830866508276,0.29636094669021,3,1,150,-0.907528047772204,1.34570467631622,3,3.37661718987212,1,5.89183,2702,0,0,6,"both",-0.907528047772204,1.34570467631622
"406","session1",-15.4051561174222,9.71136821728319,2.37962614674989,0.109108507058899,0.297406520575165,0.359830866508276,0.29636094669021,3,1,150,-0.907528047772204,1.34570467631622,3,3.1293052308863,0,-20.42005,2702,0,0,6,"both",-0.907528047772204,1.34570467631622
"407","session1",-15.4051561174222,9.71136821728319,2.37962614674989,0.109108507058899,0.297406520575165,0.359830866508276,0.29636094669021,3,1,150,-0.907528047772204,1.34570467631622,3,1.95341957348745,1,9.47,2702,0,0,6,"both",-0.907528047772204,1.34570467631622
"408","session1",-15.4051561174222,9.71136821728319,2.37962614674989,0.109108507058899,0.297406520575165,0.359830866508276,0.29636094669021,3,1,150,-0.907528047772204,1.34570467631622,3,1.99821749477171,0,-29.6218,2702,0,0,6,"both",-0.907528047772204,1.34570467631622
"409","session1",-15.4051561174222,9.71136821728319,2.37962614674989,0.109108507058899,0.297406520575165,0.359830866508276,0.29636094669021,3,1,150,-0.907528047772204,1.34570467631622,3,2.35172962152279,0,-27.42626,2702,0,0,6,"both",-0.907528047772204,1.34570467631622
"410","session1",-15.4051561174222,9.71136821728319,2.37962614674989,0.109108507058899,0.297406520575165,0.359830866508276,0.29636094669021,3,1,150,-0.907528047772204,1.34570467631622,3,1.84483470388926,0,-27.021,2702,0,0,6,"both",-0.907528047772204,1.34570467631622
"411","session1",-15.4051561174222,9.71136821728319,2.37962614674989,0.109108507058899,0.297406520575165,0.359830866508276,0.29636094669021,3,1,150,-0.907528047772204,1.34570467631622,3,2.79835903061561,0,7.83765,2702,0,0,6,"both",-0.907528047772204,1.34570467631622
"412","session1",-15.4051561174222,9.71136821728319,2.37962614674989,0.109108507058899,0.297406520575165,0.359830866508276,0.29636094669021,3,1,150,-0.907528047772204,1.34570467631622,3,2.3059000769652,0,1.2383,2702,0,0,6,"both",-0.907528047772204,1.34570467631622
"413","session1",-15.4051561174222,9.71136821728319,2.37962614674989,0.109108507058899,0.297406520575165,0.359830866508276,0.29636094669021,3,1,150,-0.907528047772204,1.34570467631622,3,1.48602562184276,1,-23.46163,2702,0,0,6,"both",-0.907528047772204,1.34570467631622
"414","session1",-15.4051561174222,9.71136821728319,2.37962614674989,0.109108507058899,0.297406520575165,0.359830866508276,0.29636094669021,3,1,150,-0.907528047772204,1.34570467631622,3,1.73666502840859,1,12.1351,2702,0,0,6,"both",-0.907528047772204,1.34570467631622
"415","session1",-15.4051561174222,9.71136821728319,2.37962614674989,0.109108507058899,0.297406520575165,0.359830866508276,0.29636094669021,3,1,150,-0.907528047772204,1.34570467631622,3,2.89956262843629,0,-32.361,2702,0,0,6,"both",-0.907528047772204,1.34570467631622
"416","session1",-15.4051561174222,9.71136821728319,2.37962614674989,0.109108507058899,0.297406520575165,0.359830866508276,0.29636094669021,3,1,150,-0.907528047772204,1.34570467631622,3,3.71852680234609,0,-29.69862,2702,0,0,6,"both",-0.907528047772204,1.34570467631622
"417","session1",-15.4051561174222,9.71136821728319,2.37962614674989,0.109108507058899,0.297406520575165,0.359830866508276,0.29636094669021,3,1,150,-0.907528047772204,1.34570467631622,3,2.18325789072043,0,-33.32976,2702,0,0,6,"both",-0.907528047772204,1.34570467631622
"418","session1",-15.4051561174222,9.71136821728319,2.37962614674989,0.109108507058899,0.297406520575165,0.359830866508276,0.29636094669021,3,1,150,-0.907528047772204,1.34570467631622,3,1.40174005507373,0,-30.73273,2702,0,0,6,"both",-0.907528047772204,1.34570467631622
"419","session1",-15.4051561174222,9.71136821728319,2.37962614674989,0.109108507058899,0.297406520575165,0.359830866508276,0.29636094669021,3,1,150,-0.907528047772204,1.34570467631622,3,3.27718570329994,1,7.5428,2702,0,0,6,"both",-0.907528047772204,1.34570467631622
"420","session1",-15.4051561174222,9.71136821728319,2.37962614674989,0.109108507058899,0.297406520575165,0.359830866508276,0.29636094669021,3,1,150,-0.907528047772204,1.34570467631622,3,2.90468345404389,0,-3.4268,2702,0,0,6,"both",-0.907528047772204,1.34570467631622
"421","session1",-15.4051561174222,9.71136821728319,2.37962614674989,0.109108507058899,0.297406520575165,0.359830866508276,0.29636094669021,3,1,150,-0.907528047772204,1.34570467631622,3,2.0305045222949,0,-27.515,2702,0,0,6,"both",-0.907528047772204,1.34570467631622
"422","session1",-15.4051561174222,9.71136821728319,2.37962614674989,0.109108507058899,0.297406520575165,0.359830866508276,0.29636094669021,3,1,150,-0.907528047772204,1.34570467631622,3,3.13698189817933,1,2.3308,2702,0,0,6,"both",-0.907528047772204,1.34570467631622
"423","session1",-15.4051561174222,9.71136821728319,2.37962614674989,0.109108507058899,0.297406520575165,0.359830866508276,0.29636094669021,3,1,150,-0.907528047772204,1.34570467631622,3,2.13659669026046,0,-22.87557,2702,0,0,6,"both",-0.907528047772204,1.34570467631622
"424","session1",-15.4051561174222,9.71136821728319,2.37962614674989,0.109108507058899,0.297406520575165,0.359830866508276,0.29636094669021,3,1,150,-0.907528047772204,1.34570467631622,3,2.8397221234087,0,-32.44067,2702,0,0,6,"both",-0.907528047772204,1.34570467631622
"425","session1",-15.4051561174222,9.71136821728319,2.37962614674989,0.109108507058899,0.297406520575165,0.359830866508276,0.29636094669021,3,1,150,-0.907528047772204,1.34570467631622,3,1.15679454076066,0,-30.6085,2702,0,0,6,"both",-0.907528047772204,1.34570467631622
"426","session1",-15.4051561174222,9.71136821728319,2.37962614674989,0.109108507058899,0.297406520575165,0.359830866508276,0.29636094669021,3,1,150,-0.907528047772204,1.34570467631622,3,2.88562991539693,1,10.09558,2702,0,0,6,"both",-0.907528047772204,1.34570467631622
"427","session1",-15.4051561174222,9.71136821728319,2.37962614674989,0.109108507058899,0.297406520575165,0.359830866508276,0.29636094669021,3,1,150,-0.907528047772204,1.34570467631622,3,2.37435118805767,0,-34.4062,2702,0,0,6,"both",-0.907528047772204,1.34570467631622
"428","session1",-15.4051561174222,9.71136821728319,2.37962614674989,0.109108507058899,0.297406520575165,0.359830866508276,0.29636094669021,3,1,150,-0.907528047772204,1.34570467631622,3,2.39347617039659,1,13.90834,2702,0,0,6,"both",-0.907528047772204,1.34570467631622
"429","session1",-15.4051561174222,9.71136821728319,2.37962614674989,0.109108507058899,0.297406520575165,0.359830866508276,0.29636094669021,3,1,150,-0.907528047772204,1.34570467631622,3,1.94491819580216,1,6.5538,2702,0,0,6,"both",-0.907528047772204,1.34570467631622
"430","session1",-15.4051561174222,9.71136821728319,2.37962614674989,0.109108507058899,0.297406520575165,0.359830866508276,0.29636094669021,3,1,150,-0.907528047772204,1.34570467631622,3,2.15659528491461,1,3.4709,2702,0,0,6,"both",-0.907528047772204,1.34570467631622
"431","session1",-15.4051561174222,9.71136821728319,2.37962614674989,0.109108507058899,0.297406520575165,0.359830866508276,0.29636094669021,3,1,150,-0.907528047772204,1.34570467631622,3,2.21239369383176,1,10.47166,2702,0,0,6,"both",-0.907528047772204,1.34570467631622
"432","session1",-15.4051561174222,9.71136821728319,2.37962614674989,0.109108507058899,0.297406520575165,0.359830866508276,0.29636094669021,3,1,150,-0.907528047772204,1.34570467631622,3,1.43172601603616,1,7.32006,2702,0,0,6,"both",-0.907528047772204,1.34570467631622
"433","session1",-15.4051561174222,9.71136821728319,2.37962614674989,0.109108507058899,0.297406520575165,0.359830866508276,0.29636094669021,3,1,150,-0.907528047772204,1.34570467631622,3,2.74609791479584,0,-0.00179999999999936,2702,0,0,6,"both",-0.907528047772204,1.34570467631622
"434","session1",-15.4051561174222,9.71136821728319,2.37962614674989,0.109108507058899,0.297406520575165,0.359830866508276,0.29636094669021,3,1,150,-0.907528047772204,1.34570467631622,3,2.08298467786414,0,7.24875,2702,0,0,6,"both",-0.907528047772204,1.34570467631622
"435","session1",-15.4051561174222,9.71136821728319,2.37962614674989,0.109108507058899,0.297406520575165,0.359830866508276,0.29636094669021,3,1,150,-0.907528047772204,1.34570467631622,3,4.36148334322104,0,-27.83513,2702,0,0,6,"both",-0.907528047772204,1.34570467631622
"436","session1",-15.4051561174222,9.71136821728319,2.37962614674989,0.109108507058899,0.297406520575165,0.359830866508276,0.29636094669021,3,1,150,-0.907528047772204,1.34570467631622,3,1.7212190366057,1,6.46524,2702,0,0,6,"both",-0.907528047772204,1.34570467631622
"437","session1",-15.4051561174222,9.71136821728319,2.37962614674989,0.109108507058899,0.297406520575165,0.359830866508276,0.29636094669021,3,1,150,-0.907528047772204,1.34570467631622,3,1.88351350392347,0,-28.4285,2702,0,0,6,"both",-0.907528047772204,1.34570467631622
"438","session1",-15.4051561174222,9.71136821728319,2.37962614674989,0.109108507058899,0.297406520575165,0.359830866508276,0.29636094669021,3,1,150,-0.907528047772204,1.34570467631622,3,1.55808766982848,0,-26.823,2702,0,0,6,"both",-0.907528047772204,1.34570467631622
"439","session1",-15.4051561174222,9.71136821728319,2.37962614674989,0.109108507058899,0.297406520575165,0.359830866508276,0.29636094669021,3,1,150,-0.907528047772204,1.34570467631622,3,3.31869016457806,0,-20.71414,2702,0,0,6,"both",-0.907528047772204,1.34570467631622
"440","session1",-15.4051561174222,9.71136821728319,2.37962614674989,0.109108507058899,0.297406520575165,0.359830866508276,0.29636094669021,3,1,150,-0.907528047772204,1.34570467631622,3,2.03789255564955,1,7.73084,2702,0,0,6,"both",-0.907528047772204,1.34570467631622
"441","session1",-15.4051561174222,9.71136821728319,2.37962614674989,0.109108507058899,0.297406520575165,0.359830866508276,0.29636094669021,3,1,150,-0.907528047772204,1.34570467631622,3,2.11640305480239,0,-28.20769,2702,0,0,6,"both",-0.907528047772204,1.34570467631622
"442","session1",-15.4051561174222,9.71136821728319,2.37962614674989,0.109108507058899,0.297406520575165,0.359830866508276,0.29636094669021,3,1,150,-0.907528047772204,1.34570467631622,3,1.99549685139039,0,-23.26058,2702,0,0,6,"both",-0.907528047772204,1.34570467631622
"443","session1",-15.4051561174222,9.71136821728319,2.37962614674989,0.109108507058899,0.297406520575165,0.359830866508276,0.29636094669021,3,1,150,-0.907528047772204,1.34570467631622,3,2.33025709962972,1,-21.2213,2702,0,0,6,"both",-0.907528047772204,1.34570467631622
"444","session1",-15.4051561174222,9.71136821728319,2.37962614674989,0.109108507058899,0.297406520575165,0.359830866508276,0.29636094669021,3,1,150,-0.907528047772204,1.34570467631622,3,1.97539372446394,1,13.22143,2702,0,0,6,"both",-0.907528047772204,1.34570467631622
"445","session1",-15.4051561174222,9.71136821728319,2.37962614674989,0.109108507058899,0.297406520575165,0.359830866508276,0.29636094669021,3,1,150,-0.907528047772204,1.34570467631622,3,2.84832521827219,1,6.76419,2702,0,0,6,"both",-0.907528047772204,1.34570467631622
"446","session1",-15.4051561174222,9.71136821728319,2.37962614674989,0.109108507058899,0.297406520575165,0.359830866508276,0.29636094669021,3,1,150,-0.907528047772204,1.34570467631622,3,1.82100125667699,0,10.39456,2702,0,0,6,"both",-0.907528047772204,1.34570467631622
"447","session1",-15.4051561174222,9.71136821728319,2.37962614674989,0.109108507058899,0.297406520575165,0.359830866508276,0.29636094669021,3,1,150,-0.907528047772204,1.34570467631622,3,1.82165980188649,1,3.98123,2702,0,0,6,"both",-0.907528047772204,1.34570467631622
"448","session1",-15.4051561174222,9.71136821728319,2.37962614674989,0.109108507058899,0.297406520575165,0.359830866508276,0.29636094669021,3,1,150,-0.907528047772204,1.34570467631622,3,1.56528394804475,1,13.65457,2702,0,0,6,"both",-0.907528047772204,1.34570467631622
"449","session1",-15.4051561174222,9.71136821728319,2.37962614674989,0.109108507058899,0.297406520575165,0.359830866508276,0.29636094669021,3,1,150,-0.907528047772204,1.34570467631622,3,2.79727547293279,0,10.82958,2702,0,0,6,"both",-0.907528047772204,1.34570467631622
"450","session1",-15.4051561174222,9.71136821728319,2.37962614674989,0.109108507058899,0.297406520575165,0.359830866508276,0.29636094669021,3,1,150,-0.907528047772204,1.34570467631622,3,1.9137767308461,0,-22.01652,2702,0,0,6,"both",-0.907528047772204,1.34570467631622
"451","session1",-4.13654929595871,11.4884960409021,3.30380822930203,0.157549190861521,-0.310072173482156,0.751131899547471,0.821825354841478,4,1,150,-0.907528047772204,1.34570467631622,4,1.61471459566704,1,7.193412016096,2702,0,0,6,"both",-0.907528047772204,1.34570467631622
"452","session1",-4.13654929595871,11.4884960409021,3.30380822930203,0.157549190861521,-0.310072173482156,0.751131899547471,0.821825354841478,4,1,150,-0.907528047772204,1.34570467631622,4,3.2106457985133,0,-9.591037964,2702,0,0,6,"both",-0.907528047772204,1.34570467631622
"453","session1",-4.13654929595871,11.4884960409021,3.30380822930203,0.157549190861521,-0.310072173482156,0.751131899547471,0.821825354841478,4,1,150,-0.907528047772204,1.34570467631622,4,1.63311581388266,0,-1.1639147061,2702,0,0,6,"both",-0.907528047772204,1.34570467631622
"454","session1",-4.13654929595871,11.4884960409021,3.30380822930203,0.157549190861521,-0.310072173482156,0.751131899547471,0.821825354841478,4,1,150,-0.907528047772204,1.34570467631622,4,3.46544563949792,1,2.6876843321,2702,0,0,6,"both",-0.907528047772204,1.34570467631622
"455","session1",-4.13654929595871,11.4884960409021,3.30380822930203,0.157549190861521,-0.310072173482156,0.751131899547471,0.821825354841478,4,1,150,-0.907528047772204,1.34570467631622,4,2.11872191240949,1,-6.70769,2702,0,0,6,"both",-0.907528047772204,1.34570467631622
"456","session1",-4.13654929595871,11.4884960409021,3.30380822930203,0.157549190861521,-0.310072173482156,0.751131899547471,0.821825354841478,4,1,150,-0.907528047772204,1.34570467631622,4,1.85659066082778,1,-7.513235295,2702,0,0,6,"both",-0.907528047772204,1.34570467631622
"457","session1",-4.13654929595871,11.4884960409021,3.30380822930203,0.157549190861521,-0.310072173482156,0.751131899547471,0.821825354841478,4,1,150,-0.907528047772204,1.34570467631622,4,1.54597101829502,0,-30.21429,2702,0,0,6,"both",-0.907528047772204,1.34570467631622
"458","session1",-4.13654929595871,11.4884960409021,3.30380822930203,0.157549190861521,-0.310072173482156,0.751131899547471,0.821825354841478,4,1,150,-0.907528047772204,1.34570467631622,4,3.58883661081312,1,7.9209,2702,0,0,6,"both",-0.907528047772204,1.34570467631622
"459","session1",-4.13654929595871,11.4884960409021,3.30380822930203,0.157549190861521,-0.310072173482156,0.751131899547471,0.821825354841478,4,1,150,-0.907528047772204,1.34570467631622,4,2.22488545656007,0,-39.0635,2702,0,0,6,"both",-0.907528047772204,1.34570467631622
"460","session1",-4.13654929595871,11.4884960409021,3.30380822930203,0.157549190861521,-0.310072173482156,0.751131899547471,0.821825354841478,4,1,150,-0.907528047772204,1.34570467631622,4,2.56486945992578,1,2.03756,2702,0,0,6,"both",-0.907528047772204,1.34570467631622
"461","session1",-4.13654929595871,11.4884960409021,3.30380822930203,0.157549190861521,-0.310072173482156,0.751131899547471,0.821825354841478,4,1,150,-0.907528047772204,1.34570467631622,4,1.32859868339608,0,-5.46214,2702,0,0,6,"both",-0.907528047772204,1.34570467631622
"462","session1",-4.13654929595871,11.4884960409021,3.30380822930203,0.157549190861521,-0.310072173482156,0.751131899547471,0.821825354841478,4,1,150,-0.907528047772204,1.34570467631622,4,2.59032696657193,1,6.35685,2702,0,0,6,"both",-0.907528047772204,1.34570467631622
"463","session1",-4.13654929595871,11.4884960409021,3.30380822930203,0.157549190861521,-0.310072173482156,0.751131899547471,0.821825354841478,4,1,150,-0.907528047772204,1.34570467631622,4,2.25531035308843,0,-16.95105,2702,0,0,6,"both",-0.907528047772204,1.34570467631622
"464","session1",-4.13654929595871,11.4884960409021,3.30380822930203,0.157549190861521,-0.310072173482156,0.751131899547471,0.821825354841478,4,1,150,-0.907528047772204,1.34570467631622,4,4.16834035976846,1,-41.48978,2702,0,0,6,"both",-0.907528047772204,1.34570467631622
"465","session1",-4.13654929595871,11.4884960409021,3.30380822930203,0.157549190861521,-0.310072173482156,0.751131899547471,0.821825354841478,4,1,150,-0.907528047772204,1.34570467631622,4,2.30676176098647,1,-7.4887991507,2702,0,0,6,"both",-0.907528047772204,1.34570467631622
"466","session1",-4.13654929595871,11.4884960409021,3.30380822930203,0.157549190861521,-0.310072173482156,0.751131899547471,0.821825354841478,4,1,150,-0.907528047772204,1.34570467631622,4,1.49796149047748,1,10.70067,2702,0,0,6,"both",-0.907528047772204,1.34570467631622
"467","session1",-4.13654929595871,11.4884960409021,3.30380822930203,0.157549190861521,-0.310072173482156,0.751131899547471,0.821825354841478,4,1,150,-0.907528047772204,1.34570467631622,4,2.67281721118496,1,-3.26671,2702,0,0,6,"both",-0.907528047772204,1.34570467631622
"468","session1",-4.13654929595871,11.4884960409021,3.30380822930203,0.157549190861521,-0.310072173482156,0.751131899547471,0.821825354841478,4,1,150,-0.907528047772204,1.34570467631622,4,2.5818166316865,0,-17.48262,2702,0,0,6,"both",-0.907528047772204,1.34570467631622
"469","session1",-4.13654929595871,11.4884960409021,3.30380822930203,0.157549190861521,-0.310072173482156,0.751131899547471,0.821825354841478,4,1,150,-0.907528047772204,1.34570467631622,4,1.95153131324209,0,-10.63384,2702,0,0,6,"both",-0.907528047772204,1.34570467631622
"470","session1",-4.13654929595871,11.4884960409021,3.30380822930203,0.157549190861521,-0.310072173482156,0.751131899547471,0.821825354841478,4,1,150,-0.907528047772204,1.34570467631622,4,1.53310906729233,0,0.24884,2702,0,0,6,"both",-0.907528047772204,1.34570467631622
"471","session1",-4.13654929595871,11.4884960409021,3.30380822930203,0.157549190861521,-0.310072173482156,0.751131899547471,0.821825354841478,4,1,150,-0.907528047772204,1.34570467631622,4,3.45944862898769,0,-14.41426,2702,0,0,6,"both",-0.907528047772204,1.34570467631622
"472","session1",-4.13654929595871,11.4884960409021,3.30380822930203,0.157549190861521,-0.310072173482156,0.751131899547471,0.821825354841478,4,1,150,-0.907528047772204,1.34570467631622,4,2.0376557157815,0,-5.51810949049,2702,0,0,6,"both",-0.907528047772204,1.34570467631622
"473","session1",-4.13654929595871,11.4884960409021,3.30380822930203,0.157549190861521,-0.310072173482156,0.751131899547471,0.821825354841478,4,1,150,-0.907528047772204,1.34570467631622,4,1.96459731092993,0,-15.48042,2702,0,0,6,"both",-0.907528047772204,1.34570467631622
"474","session1",-4.13654929595871,11.4884960409021,3.30380822930203,0.157549190861521,-0.310072173482156,0.751131899547471,0.821825354841478,4,1,150,-0.907528047772204,1.34570467631622,4,1.89236775278696,1,-15.21283,2702,0,0,6,"both",-0.907528047772204,1.34570467631622
"475","session1",-4.13654929595871,11.4884960409021,3.30380822930203,0.157549190861521,-0.310072173482156,0.751131899547471,0.821825354841478,4,1,150,-0.907528047772204,1.34570467631622,4,4.99281731081425,0,-18.29009,2702,0,0,6,"both",-0.907528047772204,1.34570467631622
"476","session1",-4.13654929595871,11.4884960409021,3.30380822930203,0.157549190861521,-0.310072173482156,0.751131899547471,0.821825354841478,4,1,150,-0.907528047772204,1.34570467631622,4,3.20578055287214,0,24.231074,2702,0,0,6,"both",-0.907528047772204,1.34570467631622
"477","session1",-4.13654929595871,11.4884960409021,3.30380822930203,0.157549190861521,-0.310072173482156,0.751131899547471,0.821825354841478,4,1,150,-0.907528047772204,1.34570467631622,4,1.62567564120799,0,-1.37071359432,2702,0,0,6,"both",-0.907528047772204,1.34570467631622
"478","session1",-4.13654929595871,11.4884960409021,3.30380822930203,0.157549190861521,-0.310072173482156,0.751131899547471,0.821825354841478,4,1,150,-0.907528047772204,1.34570467631622,4,1.74938600665542,1,8.24721,2702,0,0,6,"both",-0.907528047772204,1.34570467631622
"479","session1",-4.13654929595871,11.4884960409021,3.30380822930203,0.157549190861521,-0.310072173482156,0.751131899547471,0.821825354841478,4,1,150,-0.907528047772204,1.34570467631622,4,4.49097767176261,1,16.07415,2702,0,0,6,"both",-0.907528047772204,1.34570467631622
"480","session1",-4.13654929595871,11.4884960409021,3.30380822930203,0.157549190861521,-0.310072173482156,0.751131899547471,0.821825354841478,4,1,150,-0.907528047772204,1.34570467631622,4,1.33772205477833,1,9.35823,2702,0,0,6,"both",-0.907528047772204,1.34570467631622
"481","session1",-4.13654929595871,11.4884960409021,3.30380822930203,0.157549190861521,-0.310072173482156,0.751131899547471,0.821825354841478,4,1,150,-0.907528047772204,1.34570467631622,4,1.33687776108919,1,14.3278,2702,0,0,6,"both",-0.907528047772204,1.34570467631622
"482","session1",-4.13654929595871,11.4884960409021,3.30380822930203,0.157549190861521,-0.310072173482156,0.751131899547471,0.821825354841478,4,1,150,-0.907528047772204,1.34570467631622,4,2.12120067000102,1,-6.1329,2702,0,0,6,"both",-0.907528047772204,1.34570467631622
"483","session1",-4.13654929595871,11.4884960409021,3.30380822930203,0.157549190861521,-0.310072173482156,0.751131899547471,0.821825354841478,4,1,150,-0.907528047772204,1.34570467631622,4,2.942663621539,0,-14.13134,2702,0,0,6,"both",-0.907528047772204,1.34570467631622
"484","session1",-4.13654929595871,11.4884960409021,3.30380822930203,0.157549190861521,-0.310072173482156,0.751131899547471,0.821825354841478,4,1,150,-0.907528047772204,1.34570467631622,4,5.47924976163807,0,-5.3178,2702,0,0,6,"both",-0.907528047772204,1.34570467631622
"485","session1",-4.13654929595871,11.4884960409021,3.30380822930203,0.157549190861521,-0.310072173482156,0.751131899547471,0.821825354841478,4,1,150,-0.907528047772204,1.34570467631622,4,3.9179942318339,1,-0.37035,2702,0,0,6,"both",-0.907528047772204,1.34570467631622
"486","session1",-4.13654929595871,11.4884960409021,3.30380822930203,0.157549190861521,-0.310072173482156,0.751131899547471,0.821825354841478,4,1,150,-0.907528047772204,1.34570467631622,4,2.99329631597976,1,-17.11951,2702,0,0,6,"both",-0.907528047772204,1.34570467631622
"487","session1",-4.13654929595871,11.4884960409021,3.30380822930203,0.157549190861521,-0.310072173482156,0.751131899547471,0.821825354841478,4,1,150,-0.907528047772204,1.34570467631622,4,2.30942447924569,0,-21.3277,2702,0,0,6,"both",-0.907528047772204,1.34570467631622
"488","session1",-4.13654929595871,11.4884960409021,3.30380822930203,0.157549190861521,-0.310072173482156,0.751131899547471,0.821825354841478,4,1,150,-0.907528047772204,1.34570467631622,4,1.7406344191942,1,37.8931,2702,0,0,6,"both",-0.907528047772204,1.34570467631622
"489","session1",-4.13654929595871,11.4884960409021,3.30380822930203,0.157549190861521,-0.310072173482156,0.751131899547471,0.821825354841478,4,1,150,-0.907528047772204,1.34570467631622,4,4.0046598278523,1,13.15167,2702,0,0,6,"both",-0.907528047772204,1.34570467631622
"490","session1",-4.13654929595871,11.4884960409021,3.30380822930203,0.157549190861521,-0.310072173482156,0.751131899547471,0.821825354841478,4,1,150,-0.907528047772204,1.34570467631622,4,1.89466723940025,0,-2.9316,2702,0,0,6,"both",-0.907528047772204,1.34570467631622
"491","session1",-4.13654929595871,11.4884960409021,3.30380822930203,0.157549190861521,-0.310072173482156,0.751131899547471,0.821825354841478,4,1,150,-0.907528047772204,1.34570467631622,4,4.64610649505354,0,-10.611219,2702,0,0,6,"both",-0.907528047772204,1.34570467631622
"492","session1",-4.13654929595871,11.4884960409021,3.30380822930203,0.157549190861521,-0.310072173482156,0.751131899547471,0.821825354841478,4,1,150,-0.907528047772204,1.34570467631622,4,3.0295129542929,0,-2.84585,2702,0,0,6,"both",-0.907528047772204,1.34570467631622
"493","session1",-4.13654929595871,11.4884960409021,3.30380822930203,0.157549190861521,-0.310072173482156,0.751131899547471,0.821825354841478,4,1,150,-0.907528047772204,1.34570467631622,4,1.21763690923637,1,40.24431,2702,0,0,6,"both",-0.907528047772204,1.34570467631622
"494","session1",-4.13654929595871,11.4884960409021,3.30380822930203,0.157549190861521,-0.310072173482156,0.751131899547471,0.821825354841478,4,1,150,-0.907528047772204,1.34570467631622,4,3.37532588685798,0,-3.59157,2702,0,0,6,"both",-0.907528047772204,1.34570467631622
"495","session1",-4.13654929595871,11.4884960409021,3.30380822930203,0.157549190861521,-0.310072173482156,0.751131899547471,0.821825354841478,4,1,150,-0.907528047772204,1.34570467631622,4,2.46432016828965,0,-2.96493,2702,0,0,6,"both",-0.907528047772204,1.34570467631622
"496","session1",-4.13654929595871,11.4884960409021,3.30380822930203,0.157549190861521,-0.310072173482156,0.751131899547471,0.821825354841478,4,1,150,-0.907528047772204,1.34570467631622,4,1.11154516295947,0,-16.55306,2702,0,0,6,"both",-0.907528047772204,1.34570467631622
"497","session1",-4.13654929595871,11.4884960409021,3.30380822930203,0.157549190861521,-0.310072173482156,0.751131899547471,0.821825354841478,4,1,150,-0.907528047772204,1.34570467631622,4,3.43888684693003,1,5.85159432,2702,0,0,6,"both",-0.907528047772204,1.34570467631622
"498","session1",-4.13654929595871,11.4884960409021,3.30380822930203,0.157549190861521,-0.310072173482156,0.751131899547471,0.821825354841478,4,1,150,-0.907528047772204,1.34570467631622,4,8,1,5.966552,2702,0,0,6,"both",-0.907528047772204,1.34570467631622
"499","session1",-4.13654929595871,11.4884960409021,3.30380822930203,0.157549190861521,-0.310072173482156,0.751131899547471,0.821825354841478,4,1,150,-0.907528047772204,1.34570467631622,4,4.13375278432939,0,9.558399,2702,0,0,6,"both",-0.907528047772204,1.34570467631622
"500","session1",-4.13654929595871,11.4884960409021,3.30380822930203,0.157549190861521,-0.310072173482156,0.751131899547471,0.821825354841478,4,1,150,-0.907528047772204,1.34570467631622,4,1.84233180212058,1,1.2173,2702,0,0,6,"both",-0.907528047772204,1.34570467631622
"501","session1",-4.13654929595871,11.4884960409021,3.30380822930203,0.157549190861521,-0.310072173482156,0.751131899547471,0.821825354841478,4,1,150,-0.907528047772204,1.34570467631622,4,2.0461515656137,0,-10.95606,2702,0,0,6,"both",-0.907528047772204,1.34570467631622
"502","session1",-4.13654929595871,11.4884960409021,3.30380822930203,0.157549190861521,-0.310072173482156,0.751131899547471,0.821825354841478,4,1,150,-0.907528047772204,1.34570467631622,4,2.41638030958544,1,-13.55268,2702,0,0,6,"both",-0.907528047772204,1.34570467631622
"503","session1",-4.13654929595871,11.4884960409021,3.30380822930203,0.157549190861521,-0.310072173482156,0.751131899547471,0.821825354841478,4,1,150,-0.907528047772204,1.34570467631622,4,2.58049860617661,1,-4.06005,2702,0,0,6,"both",-0.907528047772204,1.34570467631622
"504","session1",-4.13654929595871,11.4884960409021,3.30380822930203,0.157549190861521,-0.310072173482156,0.751131899547471,0.821825354841478,4,1,150,-0.907528047772204,1.34570467631622,4,2.01339000811136,1,11.97489,2702,0,0,6,"both",-0.907528047772204,1.34570467631622
"505","session1",-4.13654929595871,11.4884960409021,3.30380822930203,0.157549190861521,-0.310072173482156,0.751131899547471,0.821825354841478,4,1,150,-0.907528047772204,1.34570467631622,4,2.34120715781359,1,3.23813,2702,0,0,6,"both",-0.907528047772204,1.34570467631622
"506","session1",-4.13654929595871,11.4884960409021,3.30380822930203,0.157549190861521,-0.310072173482156,0.751131899547471,0.821825354841478,4,1,150,-0.907528047772204,1.34570467631622,4,2.46569579859319,1,-10.428808,2702,0,0,6,"both",-0.907528047772204,1.34570467631622
"507","session1",-4.13654929595871,11.4884960409021,3.30380822930203,0.157549190861521,-0.310072173482156,0.751131899547471,0.821825354841478,4,1,150,-0.907528047772204,1.34570467631622,4,3.05351180924302,1,31.81072,2702,0,0,6,"both",-0.907528047772204,1.34570467631622
"508","session1",-4.13654929595871,11.4884960409021,3.30380822930203,0.157549190861521,-0.310072173482156,0.751131899547471,0.821825354841478,4,1,150,-0.907528047772204,1.34570467631622,4,2.86506371095977,0,-1.72093,2702,0,0,6,"both",-0.907528047772204,1.34570467631622
"509","session1",-4.13654929595871,11.4884960409021,3.30380822930203,0.157549190861521,-0.310072173482156,0.751131899547471,0.821825354841478,4,1,150,-0.907528047772204,1.34570467631622,4,2.05934953379622,1,1.021773,2702,0,0,6,"both",-0.907528047772204,1.34570467631622
"510","session1",-4.13654929595871,11.4884960409021,3.30380822930203,0.157549190861521,-0.310072173482156,0.751131899547471,0.821825354841478,4,1,150,-0.907528047772204,1.34570467631622,4,2.92611234361002,1,5.89588,2702,0,0,6,"both",-0.907528047772204,1.34570467631622
"511","session1",-4.13654929595871,11.4884960409021,3.30380822930203,0.157549190861521,-0.310072173482156,0.751131899547471,0.821825354841478,4,1,150,-0.907528047772204,1.34570467631622,4,4.42694470183824,1,-2.82496,2702,0,0,6,"both",-0.907528047772204,1.34570467631622
"512","session1",-4.13654929595871,11.4884960409021,3.30380822930203,0.157549190861521,-0.310072173482156,0.751131899547471,0.821825354841478,4,1,150,-0.907528047772204,1.34570467631622,4,3.99176528572653,1,32.68212,2702,0,0,6,"both",-0.907528047772204,1.34570467631622
"513","session1",-4.13654929595871,11.4884960409021,3.30380822930203,0.157549190861521,-0.310072173482156,0.751131899547471,0.821825354841478,4,1,150,-0.907528047772204,1.34570467631622,4,1.81792368669511,1,0.57312,2702,0,0,6,"both",-0.907528047772204,1.34570467631622
"514","session1",-4.13654929595871,11.4884960409021,3.30380822930203,0.157549190861521,-0.310072173482156,0.751131899547471,0.821825354841478,4,1,150,-0.907528047772204,1.34570467631622,4,3.36532101466159,1,-41.21397,2702,0,0,6,"both",-0.907528047772204,1.34570467631622
"515","session1",-4.13654929595871,11.4884960409021,3.30380822930203,0.157549190861521,-0.310072173482156,0.751131899547471,0.821825354841478,4,1,150,-0.907528047772204,1.34570467631622,4,2.49186919060427,1,-3.5302065,2702,0,0,6,"both",-0.907528047772204,1.34570467631622
"516","session1",-4.13654929595871,11.4884960409021,3.30380822930203,0.157549190861521,-0.310072173482156,0.751131899547471,0.821825354841478,4,1,150,-0.907528047772204,1.34570467631622,4,7.90591141885161,0,3.01596,2702,0,0,6,"both",-0.907528047772204,1.34570467631622
"517","session1",-4.13654929595871,11.4884960409021,3.30380822930203,0.157549190861521,-0.310072173482156,0.751131899547471,0.821825354841478,4,1,150,-0.907528047772204,1.34570467631622,4,6.41365087164019,1,-0.972049999999999,2702,0,0,6,"both",-0.907528047772204,1.34570467631622
"518","session1",-4.13654929595871,11.4884960409021,3.30380822930203,0.157549190861521,-0.310072173482156,0.751131899547471,0.821825354841478,4,1,150,-0.907528047772204,1.34570467631622,4,1.85322651670019,1,19.66833,2702,0,0,6,"both",-0.907528047772204,1.34570467631622
"519","session1",-4.13654929595871,11.4884960409021,3.30380822930203,0.157549190861521,-0.310072173482156,0.751131899547471,0.821825354841478,4,1,150,-0.907528047772204,1.34570467631622,4,3.59626791917908,0,2.76138,2702,0,0,6,"both",-0.907528047772204,1.34570467631622
"520","session1",-4.13654929595871,11.4884960409021,3.30380822930203,0.157549190861521,-0.310072173482156,0.751131899547471,0.821825354841478,4,1,150,-0.907528047772204,1.34570467631622,4,2.13582854637148,0,15.26832,2702,0,0,6,"both",-0.907528047772204,1.34570467631622
"521","session1",-4.13654929595871,11.4884960409021,3.30380822930203,0.157549190861521,-0.310072173482156,0.751131899547471,0.821825354841478,4,1,150,-0.907528047772204,1.34570467631622,4,2.50344957627983,1,7.33668,2702,0,0,6,"both",-0.907528047772204,1.34570467631622
"522","session1",-4.13654929595871,11.4884960409021,3.30380822930203,0.157549190861521,-0.310072173482156,0.751131899547471,0.821825354841478,4,1,150,-0.907528047772204,1.34570467631622,4,2.41748630371028,1,-0.626589999999999,2702,0,0,6,"both",-0.907528047772204,1.34570467631622
"523","session1",-4.13654929595871,11.4884960409021,3.30380822930203,0.157549190861521,-0.310072173482156,0.751131899547471,0.821825354841478,4,1,150,-0.907528047772204,1.34570467631622,4,2.75740083784922,1,-0.8245,2702,0,0,6,"both",-0.907528047772204,1.34570467631622
"524","session1",-4.13654929595871,11.4884960409021,3.30380822930203,0.157549190861521,-0.310072173482156,0.751131899547471,0.821825354841478,4,1,150,-0.907528047772204,1.34570467631622,4,3.39868887163651,0,-3.70021,2702,0,0,6,"both",-0.907528047772204,1.34570467631622
"525","session1",-4.13654929595871,11.4884960409021,3.30380822930203,0.157549190861521,-0.310072173482156,0.751131899547471,0.821825354841478,4,1,150,-0.907528047772204,1.34570467631622,4,8,1,-0.83751,2702,0,0,6,"both",-0.907528047772204,1.34570467631622
"526","session1",-4.13654929595871,11.4884960409021,3.30380822930203,0.157549190861521,-0.310072173482156,0.751131899547471,0.821825354841478,4,1,150,-0.907528047772204,1.34570467631622,4,1.81705716255543,0,-1.23638,2702,0,0,6,"both",-0.907528047772204,1.34570467631622
"527","session1",-4.13654929595871,11.4884960409021,3.30380822930203,0.157549190861521,-0.310072173482156,0.751131899547471,0.821825354841478,4,1,150,-0.907528047772204,1.34570467631622,4,2.67338103861166,1,5.672815,2702,0,0,6,"both",-0.907528047772204,1.34570467631622
"528","session1",-4.13654929595871,11.4884960409021,3.30380822930203,0.157549190861521,-0.310072173482156,0.751131899547471,0.821825354841478,4,1,150,-0.907528047772204,1.34570467631622,4,3.24023141923098,0,-15.15898,2702,0,0,6,"both",-0.907528047772204,1.34570467631622
"529","session1",-4.13654929595871,11.4884960409021,3.30380822930203,0.157549190861521,-0.310072173482156,0.751131899547471,0.821825354841478,4,1,150,-0.907528047772204,1.34570467631622,4,5.48818751402746,0,-23.3998,2702,0,0,6,"both",-0.907528047772204,1.34570467631622
"530","session1",-4.13654929595871,11.4884960409021,3.30380822930203,0.157549190861521,-0.310072173482156,0.751131899547471,0.821825354841478,4,1,150,-0.907528047772204,1.34570467631622,4,1.25562001655484,0,-17.09126,2702,0,0,6,"both",-0.907528047772204,1.34570467631622
"531","session1",-4.13654929595871,11.4884960409021,3.30380822930203,0.157549190861521,-0.310072173482156,0.751131899547471,0.821825354841478,4,1,150,-0.907528047772204,1.34570467631622,4,3.71045154330519,0,-14.6695,2702,0,0,6,"both",-0.907528047772204,1.34570467631622
"532","session1",-4.13654929595871,11.4884960409021,3.30380822930203,0.157549190861521,-0.310072173482156,0.751131899547471,0.821825354841478,4,1,150,-0.907528047772204,1.34570467631622,4,0.97863528985087,0,-7.38736,2702,0,0,6,"both",-0.907528047772204,1.34570467631622
"533","session1",-4.13654929595871,11.4884960409021,3.30380822930203,0.157549190861521,-0.310072173482156,0.751131899547471,0.821825354841478,4,1,150,-0.907528047772204,1.34570467631622,4,2.23975434052776,1,3.58872,2702,0,0,6,"both",-0.907528047772204,1.34570467631622
"534","session1",-4.13654929595871,11.4884960409021,3.30380822930203,0.157549190861521,-0.310072173482156,0.751131899547471,0.821825354841478,4,1,150,-0.907528047772204,1.34570467631622,4,1.16756439665144,0,-10.31696,2702,0,0,6,"both",-0.907528047772204,1.34570467631622
"535","session1",-4.13654929595871,11.4884960409021,3.30380822930203,0.157549190861521,-0.310072173482156,0.751131899547471,0.821825354841478,4,1,150,-0.907528047772204,1.34570467631622,4,2.7616706255911,0,-6.0058991,2702,0,0,6,"both",-0.907528047772204,1.34570467631622
"536","session1",-4.13654929595871,11.4884960409021,3.30380822930203,0.157549190861521,-0.310072173482156,0.751131899547471,0.821825354841478,4,1,150,-0.907528047772204,1.34570467631622,4,4.29593423871642,1,22.70337,2702,0,0,6,"both",-0.907528047772204,1.34570467631622
"537","session1",-4.13654929595871,11.4884960409021,3.30380822930203,0.157549190861521,-0.310072173482156,0.751131899547471,0.821825354841478,4,1,150,-0.907528047772204,1.34570467631622,4,4.30466843653767,1,-3.551458,2702,0,0,6,"both",-0.907528047772204,1.34570467631622
"538","session1",-4.13654929595871,11.4884960409021,3.30380822930203,0.157549190861521,-0.310072173482156,0.751131899547471,0.821825354841478,4,1,150,-0.907528047772204,1.34570467631622,4,2.19220152362277,0,2.07663,2702,0,0,6,"both",-0.907528047772204,1.34570467631622
"539","session1",-4.13654929595871,11.4884960409021,3.30380822930203,0.157549190861521,-0.310072173482156,0.751131899547471,0.821825354841478,4,1,150,-0.907528047772204,1.34570467631622,4,2.63211876151338,0,-9.38545,2702,0,0,6,"both",-0.907528047772204,1.34570467631622
"540","session1",-4.13654929595871,11.4884960409021,3.30380822930203,0.157549190861521,-0.310072173482156,0.751131899547471,0.821825354841478,4,1,150,-0.907528047772204,1.34570467631622,4,1.91725439088504,1,7.11337,2702,0,0,6,"both",-0.907528047772204,1.34570467631622
"541","session1",-4.13654929595871,11.4884960409021,3.30380822930203,0.157549190861521,-0.310072173482156,0.751131899547471,0.821825354841478,4,1,150,-0.907528047772204,1.34570467631622,4,3.32001521241718,0,1.268856,2702,0,0,6,"both",-0.907528047772204,1.34570467631622
"542","session1",-4.13654929595871,11.4884960409021,3.30380822930203,0.157549190861521,-0.310072173482156,0.751131899547471,0.821825354841478,4,1,150,-0.907528047772204,1.34570467631622,4,2.1753433720631,0,-10.27583,2702,0,0,6,"both",-0.907528047772204,1.34570467631622
"543","session1",-4.13654929595871,11.4884960409021,3.30380822930203,0.157549190861521,-0.310072173482156,0.751131899547471,0.821825354841478,4,1,150,-0.907528047772204,1.34570467631622,4,1.96409182159402,1,3.1062,2702,0,0,6,"both",-0.907528047772204,1.34570467631622
"544","session1",-4.13654929595871,11.4884960409021,3.30380822930203,0.157549190861521,-0.310072173482156,0.751131899547471,0.821825354841478,4,1,150,-0.907528047772204,1.34570467631622,4,5.40487360045551,0,-7.4915,2702,0,0,6,"both",-0.907528047772204,1.34570467631622
"545","session1",-4.13654929595871,11.4884960409021,3.30380822930203,0.157549190861521,-0.310072173482156,0.751131899547471,0.821825354841478,4,1,150,-0.907528047772204,1.34570467631622,4,1.30689060445463,0,-13.86885,2702,0,0,6,"both",-0.907528047772204,1.34570467631622
"546","session1",-4.13654929595871,11.4884960409021,3.30380822930203,0.157549190861521,-0.310072173482156,0.751131899547471,0.821825354841478,4,1,150,-0.907528047772204,1.34570467631622,4,2.15524495757136,1,3.349075,2702,0,0,6,"both",-0.907528047772204,1.34570467631622
"547","session1",-4.13654929595871,11.4884960409021,3.30380822930203,0.157549190861521,-0.310072173482156,0.751131899547471,0.821825354841478,4,1,150,-0.907528047772204,1.34570467631622,4,6.7230854608006,1,-9.585036,2702,0,0,6,"both",-0.907528047772204,1.34570467631622
"548","session1",-4.13654929595871,11.4884960409021,3.30380822930203,0.157549190861521,-0.310072173482156,0.751131899547471,0.821825354841478,4,1,150,-0.907528047772204,1.34570467631622,4,5.60764286176157,1,6.42502,2702,0,0,6,"both",-0.907528047772204,1.34570467631622
"549","session1",-4.13654929595871,11.4884960409021,3.30380822930203,0.157549190861521,-0.310072173482156,0.751131899547471,0.821825354841478,4,1,150,-0.907528047772204,1.34570467631622,4,1.61405722465524,0,-8.71705,2702,0,0,6,"both",-0.907528047772204,1.34570467631622
"550","session1",-4.13654929595871,11.4884960409021,3.30380822930203,0.157549190861521,-0.310072173482156,0.751131899547471,0.821825354841478,4,1,150,-0.907528047772204,1.34570467631622,4,2.59506605672267,1,-4.53405,2702,0,0,6,"both",-0.907528047772204,1.34570467631622
"551","session1",-4.13654929595871,11.4884960409021,3.30380822930203,0.157549190861521,-0.310072173482156,0.751131899547471,0.821825354841478,4,1,150,-0.907528047772204,1.34570467631622,4,3.72766481559101,0,-0.457129999999999,2702,0,0,6,"both",-0.907528047772204,1.34570467631622
"552","session1",-4.13654929595871,11.4884960409021,3.30380822930203,0.157549190861521,-0.310072173482156,0.751131899547471,0.821825354841478,4,1,150,-0.907528047772204,1.34570467631622,4,5.29877752719725,1,6.669456,2702,0,0,6,"both",-0.907528047772204,1.34570467631622
"553","session1",-4.13654929595871,11.4884960409021,3.30380822930203,0.157549190861521,-0.310072173482156,0.751131899547471,0.821825354841478,4,1,150,-0.907528047772204,1.34570467631622,4,3.62803914724289,1,3.2545,2702,0,0,6,"both",-0.907528047772204,1.34570467631622
"554","session1",-4.13654929595871,11.4884960409021,3.30380822930203,0.157549190861521,-0.310072173482156,0.751131899547471,0.821825354841478,4,1,150,-0.907528047772204,1.34570467631622,4,2.57060029434995,0,-11.22773,2702,0,0,6,"both",-0.907528047772204,1.34570467631622
"555","session1",-4.13654929595871,11.4884960409021,3.30380822930203,0.157549190861521,-0.310072173482156,0.751131899547471,0.821825354841478,4,1,150,-0.907528047772204,1.34570467631622,4,4.18448341236372,1,-5.97902,2702,0,0,6,"both",-0.907528047772204,1.34570467631622
"556","session1",-4.13654929595871,11.4884960409021,3.30380822930203,0.157549190861521,-0.310072173482156,0.751131899547471,0.821825354841478,4,1,150,-0.907528047772204,1.34570467631622,4,1.4271117609664,1,1.353,2702,0,0,6,"both",-0.907528047772204,1.34570467631622
"557","session1",-4.13654929595871,11.4884960409021,3.30380822930203,0.157549190861521,-0.310072173482156,0.751131899547471,0.821825354841478,4,1,150,-0.907528047772204,1.34570467631622,4,2.15167563800607,0,-9.85427,2702,0,0,6,"both",-0.907528047772204,1.34570467631622
"558","session1",-4.13654929595871,11.4884960409021,3.30380822930203,0.157549190861521,-0.310072173482156,0.751131899547471,0.821825354841478,4,1,150,-0.907528047772204,1.34570467631622,4,3.05892670226801,0,-13.9321,2702,0,0,6,"both",-0.907528047772204,1.34570467631622
"559","session1",-4.13654929595871,11.4884960409021,3.30380822930203,0.157549190861521,-0.310072173482156,0.751131899547471,0.821825354841478,4,1,150,-0.907528047772204,1.34570467631622,4,5.14423103538297,0,-9.62378,2702,0,0,6,"both",-0.907528047772204,1.34570467631622
"560","session1",-4.13654929595871,11.4884960409021,3.30380822930203,0.157549190861521,-0.310072173482156,0.751131899547471,0.821825354841478,4,1,150,-0.907528047772204,1.34570467631622,4,2.1280864095824,0,-13.80474,2702,0,0,6,"both",-0.907528047772204,1.34570467631622
"561","session1",-4.13654929595871,11.4884960409021,3.30380822930203,0.157549190861521,-0.310072173482156,0.751131899547471,0.821825354841478,4,1,150,-0.907528047772204,1.34570467631622,4,3.75032367814601,0,0.73193,2702,0,0,6,"both",-0.907528047772204,1.34570467631622
"562","session1",-4.13654929595871,11.4884960409021,3.30380822930203,0.157549190861521,-0.310072173482156,0.751131899547471,0.821825354841478,4,1,150,-0.907528047772204,1.34570467631622,4,2.01206009291003,1,-7.626068,2702,0,0,6,"both",-0.907528047772204,1.34570467631622
"563","session1",-4.13654929595871,11.4884960409021,3.30380822930203,0.157549190861521,-0.310072173482156,0.751131899547471,0.821825354841478,4,1,150,-0.907528047772204,1.34570467631622,4,6.91981289165563,0,1.9642,2702,0,0,6,"both",-0.907528047772204,1.34570467631622
"564","session1",-4.13654929595871,11.4884960409021,3.30380822930203,0.157549190861521,-0.310072173482156,0.751131899547471,0.821825354841478,4,1,150,-0.907528047772204,1.34570467631622,4,6.80507262379285,0,0.89141,2702,0,0,6,"both",-0.907528047772204,1.34570467631622
"565","session1",-4.13654929595871,11.4884960409021,3.30380822930203,0.157549190861521,-0.310072173482156,0.751131899547471,0.821825354841478,4,1,150,-0.907528047772204,1.34570467631622,4,3.86329717019084,0,5.77196,2702,0,0,6,"both",-0.907528047772204,1.34570467631622
"566","session1",-4.13654929595871,11.4884960409021,3.30380822930203,0.157549190861521,-0.310072173482156,0.751131899547471,0.821825354841478,4,1,150,-0.907528047772204,1.34570467631622,4,4.86514333922912,1,-4.29878,2702,0,0,6,"both",-0.907528047772204,1.34570467631622
"567","session1",-4.13654929595871,11.4884960409021,3.30380822930203,0.157549190861521,-0.310072173482156,0.751131899547471,0.821825354841478,4,1,150,-0.907528047772204,1.34570467631622,4,3.5446141161451,1,2.94871,2702,0,0,6,"both",-0.907528047772204,1.34570467631622
"568","session1",-4.13654929595871,11.4884960409021,3.30380822930203,0.157549190861521,-0.310072173482156,0.751131899547471,0.821825354841478,4,1,150,-0.907528047772204,1.34570467631622,4,1.24390524701747,0,-14.7339,2702,0,0,6,"both",-0.907528047772204,1.34570467631622
"569","session1",-4.13654929595871,11.4884960409021,3.30380822930203,0.157549190861521,-0.310072173482156,0.751131899547471,0.821825354841478,4,1,150,-0.907528047772204,1.34570467631622,4,2.36769691537324,1,8.0086,2702,0,0,6,"both",-0.907528047772204,1.34570467631622
"570","session1",-4.13654929595871,11.4884960409021,3.30380822930203,0.157549190861521,-0.310072173482156,0.751131899547471,0.821825354841478,4,1,150,-0.907528047772204,1.34570467631622,4,1.42777496408479,0,-7.11814,2702,0,0,6,"both",-0.907528047772204,1.34570467631622
"571","session1",-4.13654929595871,11.4884960409021,3.30380822930203,0.157549190861521,-0.310072173482156,0.751131899547471,0.821825354841478,4,1,150,-0.907528047772204,1.34570467631622,4,2.61414690482146,0,4.62239,2702,0,0,6,"both",-0.907528047772204,1.34570467631622
"572","session1",-4.13654929595871,11.4884960409021,3.30380822930203,0.157549190861521,-0.310072173482156,0.751131899547471,0.821825354841478,4,1,150,-0.907528047772204,1.34570467631622,4,1.36636780006419,1,8.98924,2702,0,0,6,"both",-0.907528047772204,1.34570467631622
"573","session1",-4.13654929595871,11.4884960409021,3.30380822930203,0.157549190861521,-0.310072173482156,0.751131899547471,0.821825354841478,4,1,150,-0.907528047772204,1.34570467631622,4,2.72767169044655,0,5.17348,2702,0,0,6,"both",-0.907528047772204,1.34570467631622
"574","session1",-4.13654929595871,11.4884960409021,3.30380822930203,0.157549190861521,-0.310072173482156,0.751131899547471,0.821825354841478,4,1,150,-0.907528047772204,1.34570467631622,4,2.43959313690297,0,4.36429,2702,0,0,6,"both",-0.907528047772204,1.34570467631622
"575","session1",-4.13654929595871,11.4884960409021,3.30380822930203,0.157549190861521,-0.310072173482156,0.751131899547471,0.821825354841478,4,1,150,-0.907528047772204,1.34570467631622,4,1.60734202819228,0,-17.65448,2702,0,0,6,"both",-0.907528047772204,1.34570467631622
"576","session1",-4.13654929595871,11.4884960409021,3.30380822930203,0.157549190861521,-0.310072173482156,0.751131899547471,0.821825354841478,4,1,150,-0.907528047772204,1.34570467631622,4,5.14635822840925,1,-10.09128,2702,0,0,6,"both",-0.907528047772204,1.34570467631622
"577","session1",-4.13654929595871,11.4884960409021,3.30380822930203,0.157549190861521,-0.310072173482156,0.751131899547471,0.821825354841478,4,1,150,-0.907528047772204,1.34570467631622,4,2.85162409639914,0,18.348507,2702,0,0,6,"both",-0.907528047772204,1.34570467631622
"578","session1",-4.13654929595871,11.4884960409021,3.30380822930203,0.157549190861521,-0.310072173482156,0.751131899547471,0.821825354841478,4,1,150,-0.907528047772204,1.34570467631622,4,1.81580711426407,1,6.284845,2702,0,0,6,"both",-0.907528047772204,1.34570467631622
"579","session1",-4.13654929595871,11.4884960409021,3.30380822930203,0.157549190861521,-0.310072173482156,0.751131899547471,0.821825354841478,4,1,150,-0.907528047772204,1.34570467631622,4,3.72216040747033,1,-5.94879,2702,0,0,6,"both",-0.907528047772204,1.34570467631622
"580","session1",-4.13654929595871,11.4884960409021,3.30380822930203,0.157549190861521,-0.310072173482156,0.751131899547471,0.821825354841478,4,1,150,-0.907528047772204,1.34570467631622,4,3.11528510240652,0,-2.85026,2702,0,0,6,"both",-0.907528047772204,1.34570467631622
"581","session1",-4.13654929595871,11.4884960409021,3.30380822930203,0.157549190861521,-0.310072173482156,0.751131899547471,0.821825354841478,4,1,150,-0.907528047772204,1.34570467631622,4,2.00068807253311,0,-10.96652,2702,0,0,6,"both",-0.907528047772204,1.34570467631622
"582","session1",-4.13654929595871,11.4884960409021,3.30380822930203,0.157549190861521,-0.310072173482156,0.751131899547471,0.821825354841478,4,1,150,-0.907528047772204,1.34570467631622,4,1.67890911585,0,-6.32901,2702,0,0,6,"both",-0.907528047772204,1.34570467631622
"583","session1",-4.13654929595871,11.4884960409021,3.30380822930203,0.157549190861521,-0.310072173482156,0.751131899547471,0.821825354841478,4,1,150,-0.907528047772204,1.34570467631622,4,1.67330002640127,0,15.83157,2702,0,0,6,"both",-0.907528047772204,1.34570467631622
"584","session1",-4.13654929595871,11.4884960409021,3.30380822930203,0.157549190861521,-0.310072173482156,0.751131899547471,0.821825354841478,4,1,150,-0.907528047772204,1.34570467631622,4,3.30589100109114,0,-9.48939,2702,0,0,6,"both",-0.907528047772204,1.34570467631622
"585","session1",-4.13654929595871,11.4884960409021,3.30380822930203,0.157549190861521,-0.310072173482156,0.751131899547471,0.821825354841478,4,1,150,-0.907528047772204,1.34570467631622,4,1.94291287778205,0,-10.4049,2702,0,0,6,"both",-0.907528047772204,1.34570467631622
"586","session1",-4.13654929595871,11.4884960409021,3.30380822930203,0.157549190861521,-0.310072173482156,0.751131899547471,0.821825354841478,4,1,150,-0.907528047772204,1.34570467631622,4,1.67526620063075,1,-7.32375,2702,0,0,6,"both",-0.907528047772204,1.34570467631622
"587","session1",-4.13654929595871,11.4884960409021,3.30380822930203,0.157549190861521,-0.310072173482156,0.751131899547471,0.821825354841478,4,1,150,-0.907528047772204,1.34570467631622,4,4.55308708138733,0,-10.44859,2702,0,0,6,"both",-0.907528047772204,1.34570467631622
"588","session1",-4.13654929595871,11.4884960409021,3.30380822930203,0.157549190861521,-0.310072173482156,0.751131899547471,0.821825354841478,4,1,150,-0.907528047772204,1.34570467631622,4,4.08312577611891,0,-15.893467,2702,0,0,6,"both",-0.907528047772204,1.34570467631622
"589","session1",-4.13654929595871,11.4884960409021,3.30380822930203,0.157549190861521,-0.310072173482156,0.751131899547471,0.821825354841478,4,1,150,-0.907528047772204,1.34570467631622,4,1.72210955131548,1,-14.20179,2702,0,0,6,"both",-0.907528047772204,1.34570467631622
"590","session1",-4.13654929595871,11.4884960409021,3.30380822930203,0.157549190861521,-0.310072173482156,0.751131899547471,0.821825354841478,4,1,150,-0.907528047772204,1.34570467631622,4,2.80587281225642,0,-4.20934,2702,0,0,6,"both",-0.907528047772204,1.34570467631622
"591","session1",-4.13654929595871,11.4884960409021,3.30380822930203,0.157549190861521,-0.310072173482156,0.751131899547471,0.821825354841478,4,1,150,-0.907528047772204,1.34570467631622,4,1.81186207672318,1,2.06248,2702,0,0,6,"both",-0.907528047772204,1.34570467631622
"592","session1",-4.13654929595871,11.4884960409021,3.30380822930203,0.157549190861521,-0.310072173482156,0.751131899547471,0.821825354841478,4,1,150,-0.907528047772204,1.34570467631622,4,2.26117888722583,0,6.713472,2702,0,0,6,"both",-0.907528047772204,1.34570467631622
"593","session1",-4.13654929595871,11.4884960409021,3.30380822930203,0.157549190861521,-0.310072173482156,0.751131899547471,0.821825354841478,4,1,150,-0.907528047772204,1.34570467631622,4,3.3779015746956,1,-7.18646,2702,0,0,6,"both",-0.907528047772204,1.34570467631622
"594","session1",-4.13654929595871,11.4884960409021,3.30380822930203,0.157549190861521,-0.310072173482156,0.751131899547471,0.821825354841478,4,1,150,-0.907528047772204,1.34570467631622,4,1.81612644979638,0,10.15896,2702,0,0,6,"both",-0.907528047772204,1.34570467631622
"595","session1",-4.13654929595871,11.4884960409021,3.30380822930203,0.157549190861521,-0.310072173482156,0.751131899547471,0.821825354841478,4,1,150,-0.907528047772204,1.34570467631622,4,3.9923712820535,1,-7.08019,2702,0,0,6,"both",-0.907528047772204,1.34570467631622
"596","session1",-4.13654929595871,11.4884960409021,3.30380822930203,0.157549190861521,-0.310072173482156,0.751131899547471,0.821825354841478,4,1,150,-0.907528047772204,1.34570467631622,4,2.57174777238236,1,-6.65684,2702,0,0,6,"both",-0.907528047772204,1.34570467631622
"597","session1",-4.13654929595871,11.4884960409021,3.30380822930203,0.157549190861521,-0.310072173482156,0.751131899547471,0.821825354841478,4,1,150,-0.907528047772204,1.34570467631622,4,1.39695043952196,0,28.37658,2702,0,0,6,"both",-0.907528047772204,1.34570467631622
"598","session1",-4.13654929595871,11.4884960409021,3.30380822930203,0.157549190861521,-0.310072173482156,0.751131899547471,0.821825354841478,4,1,150,-0.907528047772204,1.34570467631622,4,1.47080907161912,1,19.3729,2702,0,0,6,"both",-0.907528047772204,1.34570467631622
"599","session1",-4.13654929595871,11.4884960409021,3.30380822930203,0.157549190861521,-0.310072173482156,0.751131899547471,0.821825354841478,4,1,150,-0.907528047772204,1.34570467631622,4,2.28454841151084,1,3.16546,2702,0,0,6,"both",-0.907528047772204,1.34570467631622
"600","session1",-4.13654929595871,11.4884960409021,3.30380822930203,0.157549190861521,-0.310072173482156,0.751131899547471,0.821825354841478,4,1,150,-0.907528047772204,1.34570467631622,4,1.61539703082487,1,19.64047,2702,0,0,6,"both",-0.907528047772204,1.34570467631622
"601","session1",-4.04799608380382,20.8201587270251,1.65634568030986,0.0214789314149348,0.356027774646945,0.452909369461494,0.310001395872857,5,1,150,-0.907528047772204,1.34570467631622,5,3.09485248209598,1,8.1721811287,2702,0,0,6,"both",-0.907528047772204,1.34570467631622
"602","session1",-4.04799608380382,20.8201587270251,1.65634568030986,0.0214789314149348,0.356027774646945,0.452909369461494,0.310001395872857,5,1,150,-0.907528047772204,1.34570467631622,5,1.13603498383263,1,-6.25771925776,2702,0,0,6,"both",-0.907528047772204,1.34570467631622
"603","session1",-4.04799608380382,20.8201587270251,1.65634568030986,0.0214789314149348,0.356027774646945,0.452909369461494,0.310001395872857,5,1,150,-0.907528047772204,1.34570467631622,5,2.36847735691744,0,-12.99618961544,2702,0,0,6,"both",-0.907528047772204,1.34570467631622
"604","session1",-4.04799608380382,20.8201587270251,1.65634568030986,0.0214789314149348,0.356027774646945,0.452909369461494,0.310001395872857,5,1,150,-0.907528047772204,1.34570467631622,5,3.74483024507112,0,-7.4151469966,2702,0,0,6,"both",-0.907528047772204,1.34570467631622
"605","session1",-4.04799608380382,20.8201587270251,1.65634568030986,0.0214789314149348,0.356027774646945,0.452909369461494,0.310001395872857,5,1,150,-0.907528047772204,1.34570467631622,5,1.69324957773835,0,-11.62044,2702,0,0,6,"both",-0.907528047772204,1.34570467631622
"606","session1",-4.04799608380382,20.8201587270251,1.65634568030986,0.0214789314149348,0.356027774646945,0.452909369461494,0.310001395872857,5,1,150,-0.907528047772204,1.34570467631622,5,1.30196312113355,1,8.3527,2702,0,0,6,"both",-0.907528047772204,1.34570467631622
"607","session1",-4.04799608380382,20.8201587270251,1.65634568030986,0.0214789314149348,0.356027774646945,0.452909369461494,0.310001395872857,5,1,150,-0.907528047772204,1.34570467631622,5,1.49248252136135,1,-10.72099,2702,0,0,6,"both",-0.907528047772204,1.34570467631622
"608","session1",-4.04799608380382,20.8201587270251,1.65634568030986,0.0214789314149348,0.356027774646945,0.452909369461494,0.310001395872857,5,1,150,-0.907528047772204,1.34570467631622,5,1.41548333318333,1,28.23274,2702,0,0,6,"both",-0.907528047772204,1.34570467631622
"609","session1",-4.04799608380382,20.8201587270251,1.65634568030986,0.0214789314149348,0.356027774646945,0.452909369461494,0.310001395872857,5,1,150,-0.907528047772204,1.34570467631622,5,2.26028666789839,1,-10.48216,2702,0,0,6,"both",-0.907528047772204,1.34570467631622
"610","session1",-4.04799608380382,20.8201587270251,1.65634568030986,0.0214789314149348,0.356027774646945,0.452909369461494,0.310001395872857,5,1,150,-0.907528047772204,1.34570467631622,5,1.49938817153288,1,8.960361,2702,0,0,6,"both",-0.907528047772204,1.34570467631622
"611","session1",-4.04799608380382,20.8201587270251,1.65634568030986,0.0214789314149348,0.356027774646945,0.452909369461494,0.310001395872857,5,1,150,-0.907528047772204,1.34570467631622,5,1.42128638666195,0,-23.867596,2702,0,0,6,"both",-0.907528047772204,1.34570467631622
"612","session1",-4.04799608380382,20.8201587270251,1.65634568030986,0.0214789314149348,0.356027774646945,0.452909369461494,0.310001395872857,5,1,150,-0.907528047772204,1.34570467631622,5,2.31257406509595,0,-13.08352,2702,0,0,6,"both",-0.907528047772204,1.34570467631622
"613","session1",-4.04799608380382,20.8201587270251,1.65634568030986,0.0214789314149348,0.356027774646945,0.452909369461494,0.310001395872857,5,1,150,-0.907528047772204,1.34570467631622,5,2.08932210520571,0,-11.51645,2702,0,0,6,"both",-0.907528047772204,1.34570467631622
"614","session1",-4.04799608380382,20.8201587270251,1.65634568030986,0.0214789314149348,0.356027774646945,0.452909369461494,0.310001395872857,5,1,150,-0.907528047772204,1.34570467631622,5,1.94809975632956,1,0.0369899999999999,2702,0,0,6,"both",-0.907528047772204,1.34570467631622
"615","session1",-4.04799608380382,20.8201587270251,1.65634568030986,0.0214789314149348,0.356027774646945,0.452909369461494,0.310001395872857,5,1,150,-0.907528047772204,1.34570467631622,5,2.26424248098991,0,-13.00133,2702,0,0,6,"both",-0.907528047772204,1.34570467631622
"616","session1",-4.04799608380382,20.8201587270251,1.65634568030986,0.0214789314149348,0.356027774646945,0.452909369461494,0.310001395872857,5,1,150,-0.907528047772204,1.34570467631622,5,3.26704013509498,1,-2.11834,2702,0,0,6,"both",-0.907528047772204,1.34570467631622
"617","session1",-4.04799608380382,20.8201587270251,1.65634568030986,0.0214789314149348,0.356027774646945,0.452909369461494,0.310001395872857,5,1,150,-0.907528047772204,1.34570467631622,5,1.98376938024796,0,-6.51638,2702,0,0,6,"both",-0.907528047772204,1.34570467631622
"618","session1",-4.04799608380382,20.8201587270251,1.65634568030986,0.0214789314149348,0.356027774646945,0.452909369461494,0.310001395872857,5,1,150,-0.907528047772204,1.34570467631622,5,1.9049449266417,0,-16.20939,2702,0,0,6,"both",-0.907528047772204,1.34570467631622
"619","session1",-4.04799608380382,20.8201587270251,1.65634568030986,0.0214789314149348,0.356027774646945,0.452909369461494,0.310001395872857,5,1,150,-0.907528047772204,1.34570467631622,5,3.37640699673579,0,-1.99369,2702,0,0,6,"both",-0.907528047772204,1.34570467631622
"620","session1",-4.04799608380382,20.8201587270251,1.65634568030986,0.0214789314149348,0.356027774646945,0.452909369461494,0.310001395872857,5,1,150,-0.907528047772204,1.34570467631622,5,1.40390894141657,1,5.77896,2702,0,0,6,"both",-0.907528047772204,1.34570467631622
"621","session1",-4.04799608380382,20.8201587270251,1.65634568030986,0.0214789314149348,0.356027774646945,0.452909369461494,0.310001395872857,5,1,150,-0.907528047772204,1.34570467631622,5,3.45029296710674,0,0.32566,2702,0,0,6,"both",-0.907528047772204,1.34570467631622
"622","session1",-4.04799608380382,20.8201587270251,1.65634568030986,0.0214789314149348,0.356027774646945,0.452909369461494,0.310001395872857,5,1,150,-0.907528047772204,1.34570467631622,5,1.67941403050445,1,-2.6449,2702,0,0,6,"both",-0.907528047772204,1.34570467631622
"623","session1",-4.04799608380382,20.8201587270251,1.65634568030986,0.0214789314149348,0.356027774646945,0.452909369461494,0.310001395872857,5,1,150,-0.907528047772204,1.34570467631622,5,2.18640591457393,1,0.23679,2702,0,0,6,"both",-0.907528047772204,1.34570467631622
"624","session1",-4.04799608380382,20.8201587270251,1.65634568030986,0.0214789314149348,0.356027774646945,0.452909369461494,0.310001395872857,5,1,150,-0.907528047772204,1.34570467631622,5,4.1571146010789,0,-11.92161,2702,0,0,6,"both",-0.907528047772204,1.34570467631622
"625","session1",-4.04799608380382,20.8201587270251,1.65634568030986,0.0214789314149348,0.356027774646945,0.452909369461494,0.310001395872857,5,1,150,-0.907528047772204,1.34570467631622,5,1.81710776931026,0,9.98634,2702,0,0,6,"both",-0.907528047772204,1.34570467631622
"626","session1",-4.04799608380382,20.8201587270251,1.65634568030986,0.0214789314149348,0.356027774646945,0.452909369461494,0.310001395872857,5,1,150,-0.907528047772204,1.34570467631622,5,4.65287617775456,1,1.62768,2702,0,0,6,"both",-0.907528047772204,1.34570467631622
"627","session1",-4.04799608380382,20.8201587270251,1.65634568030986,0.0214789314149348,0.356027774646945,0.452909369461494,0.310001395872857,5,1,150,-0.907528047772204,1.34570467631622,5,3.48553560251773,0,-1.14192,2702,0,0,6,"both",-0.907528047772204,1.34570467631622
"628","session1",-4.04799608380382,20.8201587270251,1.65634568030986,0.0214789314149348,0.356027774646945,0.452909369461494,0.310001395872857,5,1,150,-0.907528047772204,1.34570467631622,5,1.61074208652204,0,-19.42583,2702,0,0,6,"both",-0.907528047772204,1.34570467631622
"629","session1",-4.04799608380382,20.8201587270251,1.65634568030986,0.0214789314149348,0.356027774646945,0.452909369461494,0.310001395872857,5,1,150,-0.907528047772204,1.34570467631622,5,1.01235630288343,0,-10.45764,2702,0,0,6,"both",-0.907528047772204,1.34570467631622
"630","session1",-4.04799608380382,20.8201587270251,1.65634568030986,0.0214789314149348,0.356027774646945,0.452909369461494,0.310001395872857,5,1,150,-0.907528047772204,1.34570467631622,5,3.34142985426295,0,4.91365,2702,0,0,6,"both",-0.907528047772204,1.34570467631622
"631","session1",-4.04799608380382,20.8201587270251,1.65634568030986,0.0214789314149348,0.356027774646945,0.452909369461494,0.310001395872857,5,1,150,-0.907528047772204,1.34570467631622,5,1.51155163849097,0,-9.80801,2702,0,0,6,"both",-0.907528047772204,1.34570467631622
"632","session1",-4.04799608380382,20.8201587270251,1.65634568030986,0.0214789314149348,0.356027774646945,0.452909369461494,0.310001395872857,5,1,150,-0.907528047772204,1.34570467631622,5,1.68201867356717,1,18.16168,2702,0,0,6,"both",-0.907528047772204,1.34570467631622
"633","session1",-4.04799608380382,20.8201587270251,1.65634568030986,0.0214789314149348,0.356027774646945,0.452909369461494,0.310001395872857,5,1,150,-0.907528047772204,1.34570467631622,5,2.74745864782378,0,-18.073121,2702,0,0,6,"both",-0.907528047772204,1.34570467631622
"634","session1",-4.04799608380382,20.8201587270251,1.65634568030986,0.0214789314149348,0.356027774646945,0.452909369461494,0.310001395872857,5,1,150,-0.907528047772204,1.34570467631622,5,2.88139090575888,1,9.904157,2702,0,0,6,"both",-0.907528047772204,1.34570467631622
"635","session1",-4.04799608380382,20.8201587270251,1.65634568030986,0.0214789314149348,0.356027774646945,0.452909369461494,0.310001395872857,5,1,150,-0.907528047772204,1.34570467631622,5,1.84640918563627,0,17.66742,2702,0,0,6,"both",-0.907528047772204,1.34570467631622
"636","session1",-4.04799608380382,20.8201587270251,1.65634568030986,0.0214789314149348,0.356027774646945,0.452909369461494,0.310001395872857,5,1,150,-0.907528047772204,1.34570467631622,5,4.08822284620057,0,-18.74187,2702,0,0,6,"both",-0.907528047772204,1.34570467631622
"637","session1",-4.04799608380382,20.8201587270251,1.65634568030986,0.0214789314149348,0.356027774646945,0.452909369461494,0.310001395872857,5,1,150,-0.907528047772204,1.34570467631622,5,1.46821663737745,1,26.51166,2702,0,0,6,"both",-0.907528047772204,1.34570467631622
"638","session1",-4.04799608380382,20.8201587270251,1.65634568030986,0.0214789314149348,0.356027774646945,0.452909369461494,0.310001395872857,5,1,150,-0.907528047772204,1.34570467631622,5,2.10480814532444,0,13.78851,2702,0,0,6,"both",-0.907528047772204,1.34570467631622
"639","session1",-4.04799608380382,20.8201587270251,1.65634568030986,0.0214789314149348,0.356027774646945,0.452909369461494,0.310001395872857,5,1,150,-0.907528047772204,1.34570467631622,5,1.74236806622716,0,12.54786,2702,0,0,6,"both",-0.907528047772204,1.34570467631622
"640","session1",-4.04799608380382,20.8201587270251,1.65634568030986,0.0214789314149348,0.356027774646945,0.452909369461494,0.310001395872857,5,1,150,-0.907528047772204,1.34570467631622,5,2.95884946993414,0,-13.03949,2702,0,0,6,"both",-0.907528047772204,1.34570467631622
"641","session1",-4.04799608380382,20.8201587270251,1.65634568030986,0.0214789314149348,0.356027774646945,0.452909369461494,0.310001395872857,5,1,150,-0.907528047772204,1.34570467631622,5,1.61387699832024,1,27.81678,2702,0,0,6,"both",-0.907528047772204,1.34570467631622
"642","session1",-4.04799608380382,20.8201587270251,1.65634568030986,0.0214789314149348,0.356027774646945,0.452909369461494,0.310001395872857,5,1,150,-0.907528047772204,1.34570467631622,5,0.785597575546141,0,-15.65377,2702,0,0,6,"both",-0.907528047772204,1.34570467631622
"643","session1",-4.04799608380382,20.8201587270251,1.65634568030986,0.0214789314149348,0.356027774646945,0.452909369461494,0.310001395872857,5,1,150,-0.907528047772204,1.34570467631622,5,2.41827915599886,0,-12.08487,2702,0,0,6,"both",-0.907528047772204,1.34570467631622
"644","session1",-4.04799608380382,20.8201587270251,1.65634568030986,0.0214789314149348,0.356027774646945,0.452909369461494,0.310001395872857,5,1,150,-0.907528047772204,1.34570467631622,5,3.71254173949926,0,-19.254042,2702,0,0,6,"both",-0.907528047772204,1.34570467631622
"645","session1",-4.04799608380382,20.8201587270251,1.65634568030986,0.0214789314149348,0.356027774646945,0.452909369461494,0.310001395872857,5,1,150,-0.907528047772204,1.34570467631622,5,1.12796477808639,1,31.48164,2702,0,0,6,"both",-0.907528047772204,1.34570467631622
"646","session1",-4.04799608380382,20.8201587270251,1.65634568030986,0.0214789314149348,0.356027774646945,0.452909369461494,0.310001395872857,5,1,150,-0.907528047772204,1.34570467631622,5,2.13066504369209,1,-9.483188,2702,0,0,6,"both",-0.907528047772204,1.34570467631622
"647","session1",-4.04799608380382,20.8201587270251,1.65634568030986,0.0214789314149348,0.356027774646945,0.452909369461494,0.310001395872857,5,1,150,-0.907528047772204,1.34570467631622,5,1.23402858389819,1,29.5657,2702,0,0,6,"both",-0.907528047772204,1.34570467631622
"648","session1",-4.04799608380382,20.8201587270251,1.65634568030986,0.0214789314149348,0.356027774646945,0.452909369461494,0.310001395872857,5,1,150,-0.907528047772204,1.34570467631622,5,0.747154152801054,1,20.10439,2702,0,0,6,"both",-0.907528047772204,1.34570467631622
"649","session1",-4.04799608380382,20.8201587270251,1.65634568030986,0.0214789314149348,0.356027774646945,0.452909369461494,0.310001395872857,5,1,150,-0.907528047772204,1.34570467631622,5,2.7517647144136,1,7.62917,2702,0,0,6,"both",-0.907528047772204,1.34570467631622
"650","session1",-4.04799608380382,20.8201587270251,1.65634568030986,0.0214789314149348,0.356027774646945,0.452909369461494,0.310001395872857,5,1,150,-0.907528047772204,1.34570467631622,5,3.63021921223952,0,-21.64934,2702,0,0,6,"both",-0.907528047772204,1.34570467631622
"651","session1",-4.04799608380382,20.8201587270251,1.65634568030986,0.0214789314149348,0.356027774646945,0.452909369461494,0.310001395872857,5,1,150,-0.907528047772204,1.34570467631622,5,4.32613616212044,0,-9.384345,2702,0,0,6,"both",-0.907528047772204,1.34570467631622
"652","session1",-4.04799608380382,20.8201587270251,1.65634568030986,0.0214789314149348,0.356027774646945,0.452909369461494,0.310001395872857,5,1,150,-0.907528047772204,1.34570467631622,5,3.01334910896996,1,-16.28486,2702,0,0,6,"both",-0.907528047772204,1.34570467631622
"653","session1",-4.04799608380382,20.8201587270251,1.65634568030986,0.0214789314149348,0.356027774646945,0.452909369461494,0.310001395872857,5,1,150,-0.907528047772204,1.34570467631622,5,4.39290463881637,1,17.49057,2702,0,0,6,"both",-0.907528047772204,1.34570467631622
"654","session1",-4.04799608380382,20.8201587270251,1.65634568030986,0.0214789314149348,0.356027774646945,0.452909369461494,0.310001395872857,5,1,150,-0.907528047772204,1.34570467631622,5,3.40971656132203,1,45.87525,2702,0,0,6,"both",-0.907528047772204,1.34570467631622
"655","session1",-4.04799608380382,20.8201587270251,1.65634568030986,0.0214789314149348,0.356027774646945,0.452909369461494,0.310001395872857,5,1,150,-0.907528047772204,1.34570467631622,5,1.24746115391264,1,-15.371958,2702,0,0,6,"both",-0.907528047772204,1.34570467631622
"656","session1",-4.04799608380382,20.8201587270251,1.65634568030986,0.0214789314149348,0.356027774646945,0.452909369461494,0.310001395872857,5,1,150,-0.907528047772204,1.34570467631622,5,1.59848431842052,1,9.10093,2702,0,0,6,"both",-0.907528047772204,1.34570467631622
"657","session1",-4.04799608380382,20.8201587270251,1.65634568030986,0.0214789314149348,0.356027774646945,0.452909369461494,0.310001395872857,5,1,150,-0.907528047772204,1.34570467631622,5,1.67382483671279,0,-19.49357,2702,0,0,6,"both",-0.907528047772204,1.34570467631622
"658","session1",-4.04799608380382,20.8201587270251,1.65634568030986,0.0214789314149348,0.356027774646945,0.452909369461494,0.310001395872857,5,1,150,-0.907528047772204,1.34570467631622,5,1.70787128353491,0,-26.88715,2702,0,0,6,"both",-0.907528047772204,1.34570467631622
"659","session1",-4.04799608380382,20.8201587270251,1.65634568030986,0.0214789314149348,0.356027774646945,0.452909369461494,0.310001395872857,5,1,150,-0.907528047772204,1.34570467631622,5,2.40393994536218,0,-15.32755,2702,0,0,6,"both",-0.907528047772204,1.34570467631622
"660","session1",-4.04799608380382,20.8201587270251,1.65634568030986,0.0214789314149348,0.356027774646945,0.452909369461494,0.310001395872857,5,1,150,-0.907528047772204,1.34570467631622,5,1.28596634554734,0,-37.0685,2702,0,0,6,"both",-0.907528047772204,1.34570467631622
"661","session1",-4.04799608380382,20.8201587270251,1.65634568030986,0.0214789314149348,0.356027774646945,0.452909369461494,0.310001395872857,5,1,150,-0.907528047772204,1.34570467631622,5,2.45690303141213,0,-19.0799,2702,0,0,6,"both",-0.907528047772204,1.34570467631622
"662","session1",-4.04799608380382,20.8201587270251,1.65634568030986,0.0214789314149348,0.356027774646945,0.452909369461494,0.310001395872857,5,1,150,-0.907528047772204,1.34570467631622,5,1.42919620324863,1,19.16049,2702,0,0,6,"both",-0.907528047772204,1.34570467631622
"663","session1",-4.04799608380382,20.8201587270251,1.65634568030986,0.0214789314149348,0.356027774646945,0.452909369461494,0.310001395872857,5,1,150,-0.907528047772204,1.34570467631622,5,1.38079019140693,1,25.38882,2702,0,0,6,"both",-0.907528047772204,1.34570467631622
"664","session1",-4.04799608380382,20.8201587270251,1.65634568030986,0.0214789314149348,0.356027774646945,0.452909369461494,0.310001395872857,5,1,150,-0.907528047772204,1.34570467631622,5,1.49130825907076,1,18.86475,2702,0,0,6,"both",-0.907528047772204,1.34570467631622
"665","session1",-4.04799608380382,20.8201587270251,1.65634568030986,0.0214789314149348,0.356027774646945,0.452909369461494,0.310001395872857,5,1,150,-0.907528047772204,1.34570467631622,5,3.52979080568372,0,-10.259455,2702,0,0,6,"both",-0.907528047772204,1.34570467631622
"666","session1",-4.04799608380382,20.8201587270251,1.65634568030986,0.0214789314149348,0.356027774646945,0.452909369461494,0.310001395872857,5,1,150,-0.907528047772204,1.34570467631622,5,2.79228266785416,0,4.88731,2702,0,0,6,"both",-0.907528047772204,1.34570467631622
"667","session1",-4.04799608380382,20.8201587270251,1.65634568030986,0.0214789314149348,0.356027774646945,0.452909369461494,0.310001395872857,5,1,150,-0.907528047772204,1.34570467631622,5,2.5231053969275,1,14.02842,2702,0,0,6,"both",-0.907528047772204,1.34570467631622
"668","session1",-4.04799608380382,20.8201587270251,1.65634568030986,0.0214789314149348,0.356027774646945,0.452909369461494,0.310001395872857,5,1,150,-0.907528047772204,1.34570467631622,5,1.23437379514644,0,-25.359139,2702,0,0,6,"both",-0.907528047772204,1.34570467631622
"669","session1",-4.04799608380382,20.8201587270251,1.65634568030986,0.0214789314149348,0.356027774646945,0.452909369461494,0.310001395872857,5,1,150,-0.907528047772204,1.34570467631622,5,1.36276646415661,1,6.55605,2702,0,0,6,"both",-0.907528047772204,1.34570467631622
"670","session1",-4.04799608380382,20.8201587270251,1.65634568030986,0.0214789314149348,0.356027774646945,0.452909369461494,0.310001395872857,5,1,150,-0.907528047772204,1.34570467631622,5,2.52468293666339,1,7.72892,2702,0,0,6,"both",-0.907528047772204,1.34570467631622
"671","session1",-4.04799608380382,20.8201587270251,1.65634568030986,0.0214789314149348,0.356027774646945,0.452909369461494,0.310001395872857,5,1,150,-0.907528047772204,1.34570467631622,5,1.83518589363391,1,3.61225,2702,0,0,6,"both",-0.907528047772204,1.34570467631622
"672","session1",-4.04799608380382,20.8201587270251,1.65634568030986,0.0214789314149348,0.356027774646945,0.452909369461494,0.310001395872857,5,1,150,-0.907528047772204,1.34570467631622,5,4.07418121935726,1,16.883437,2702,0,0,6,"both",-0.907528047772204,1.34570467631622
"673","session1",-4.04799608380382,20.8201587270251,1.65634568030986,0.0214789314149348,0.356027774646945,0.452909369461494,0.310001395872857,5,1,150,-0.907528047772204,1.34570467631622,5,1.79959280456116,1,10.171,2702,0,0,6,"both",-0.907528047772204,1.34570467631622
"674","session1",-4.04799608380382,20.8201587270251,1.65634568030986,0.0214789314149348,0.356027774646945,0.452909369461494,0.310001395872857,5,1,150,-0.907528047772204,1.34570467631622,5,1.79502310450487,0,-12.73938,2702,0,0,6,"both",-0.907528047772204,1.34570467631622
"675","session1",-4.04799608380382,20.8201587270251,1.65634568030986,0.0214789314149348,0.356027774646945,0.452909369461494,0.310001395872857,5,1,150,-0.907528047772204,1.34570467631622,5,3.21714615627935,0,-13.93225,2702,0,0,6,"both",-0.907528047772204,1.34570467631622
"676","session1",-4.04799608380382,20.8201587270251,1.65634568030986,0.0214789314149348,0.356027774646945,0.452909369461494,0.310001395872857,5,1,150,-0.907528047772204,1.34570467631622,5,2.0147041100045,1,9.95051,2702,0,0,6,"both",-0.907528047772204,1.34570467631622
"677","session1",-4.04799608380382,20.8201587270251,1.65634568030986,0.0214789314149348,0.356027774646945,0.452909369461494,0.310001395872857,5,1,150,-0.907528047772204,1.34570467631622,5,1.89042656679984,0,-3.35481,2702,0,0,6,"both",-0.907528047772204,1.34570467631622
"678","session1",-4.04799608380382,20.8201587270251,1.65634568030986,0.0214789314149348,0.356027774646945,0.452909369461494,0.310001395872857,5,1,150,-0.907528047772204,1.34570467631622,5,3.26253297433911,1,9.7583648,2702,0,0,6,"both",-0.907528047772204,1.34570467631622
"679","session1",-4.04799608380382,20.8201587270251,1.65634568030986,0.0214789314149348,0.356027774646945,0.452909369461494,0.310001395872857,5,1,150,-0.907528047772204,1.34570467631622,5,1.7826657361188,0,-18.05012,2702,0,0,6,"both",-0.907528047772204,1.34570467631622
"680","session1",-4.04799608380382,20.8201587270251,1.65634568030986,0.0214789314149348,0.356027774646945,0.452909369461494,0.310001395872857,5,1,150,-0.907528047772204,1.34570467631622,5,1.13884542946584,1,-15.35158,2702,0,0,6,"both",-0.907528047772204,1.34570467631622
"681","session1",-4.04799608380382,20.8201587270251,1.65634568030986,0.0214789314149348,0.356027774646945,0.452909369461494,0.310001395872857,5,1,150,-0.907528047772204,1.34570467631622,5,3.35318009822967,1,-17.69143,2702,0,0,6,"both",-0.907528047772204,1.34570467631622
"682","session1",-4.04799608380382,20.8201587270251,1.65634568030986,0.0214789314149348,0.356027774646945,0.452909369461494,0.310001395872857,5,1,150,-0.907528047772204,1.34570467631622,5,1.05378085544024,0,7.00291,2702,0,0,6,"both",-0.907528047772204,1.34570467631622
"683","session1",-4.04799608380382,20.8201587270251,1.65634568030986,0.0214789314149348,0.356027774646945,0.452909369461494,0.310001395872857,5,1,150,-0.907528047772204,1.34570467631622,5,4.03121368937193,1,-5.431774,2702,0,0,6,"both",-0.907528047772204,1.34570467631622
"684","session1",-4.04799608380382,20.8201587270251,1.65634568030986,0.0214789314149348,0.356027774646945,0.452909369461494,0.310001395872857,5,1,150,-0.907528047772204,1.34570467631622,5,1.05595777508421,0,6.740733,2702,0,0,6,"both",-0.907528047772204,1.34570467631622
"685","session1",-4.04799608380382,20.8201587270251,1.65634568030986,0.0214789314149348,0.356027774646945,0.452909369461494,0.310001395872857,5,1,150,-0.907528047772204,1.34570467631622,5,2.00140633302193,0,-13.619932,2702,0,0,6,"both",-0.907528047772204,1.34570467631622
"686","session1",-4.04799608380382,20.8201587270251,1.65634568030986,0.0214789314149348,0.356027774646945,0.452909369461494,0.310001395872857,5,1,150,-0.907528047772204,1.34570467631622,5,2.47725600636118,0,-14.93063,2702,0,0,6,"both",-0.907528047772204,1.34570467631622
"687","session1",-4.04799608380382,20.8201587270251,1.65634568030986,0.0214789314149348,0.356027774646945,0.452909369461494,0.310001395872857,5,1,150,-0.907528047772204,1.34570467631622,5,3.3988709587687,1,16.26241,2702,0,0,6,"both",-0.907528047772204,1.34570467631622
"688","session1",-4.04799608380382,20.8201587270251,1.65634568030986,0.0214789314149348,0.356027774646945,0.452909369461494,0.310001395872857,5,1,150,-0.907528047772204,1.34570467631622,5,1.2342058649759,1,17.13061,2702,0,0,6,"both",-0.907528047772204,1.34570467631622
"689","session1",-4.04799608380382,20.8201587270251,1.65634568030986,0.0214789314149348,0.356027774646945,0.452909369461494,0.310001395872857,5,1,150,-0.907528047772204,1.34570467631622,5,2.88829785673617,0,-26.02383,2702,0,0,6,"both",-0.907528047772204,1.34570467631622
"690","session1",-4.04799608380382,20.8201587270251,1.65634568030986,0.0214789314149348,0.356027774646945,0.452909369461494,0.310001395872857,5,1,150,-0.907528047772204,1.34570467631622,5,2.62814957247843,0,-12.1561,2702,0,0,6,"both",-0.907528047772204,1.34570467631622
"691","session1",-4.04799608380382,20.8201587270251,1.65634568030986,0.0214789314149348,0.356027774646945,0.452909369461494,0.310001395872857,5,1,150,-0.907528047772204,1.34570467631622,5,2.21658936636017,1,-12.453847,2702,0,0,6,"both",-0.907528047772204,1.34570467631622
"692","session1",-4.04799608380382,20.8201587270251,1.65634568030986,0.0214789314149348,0.356027774646945,0.452909369461494,0.310001395872857,5,1,150,-0.907528047772204,1.34570467631622,5,1.72800826506851,0,-9.92724,2702,0,0,6,"both",-0.907528047772204,1.34570467631622
"693","session1",-4.04799608380382,20.8201587270251,1.65634568030986,0.0214789314149348,0.356027774646945,0.452909369461494,0.310001395872857,5,1,150,-0.907528047772204,1.34570467631622,5,0.900523430905358,0,14.785107,2702,0,0,6,"both",-0.907528047772204,1.34570467631622
"694","session1",-4.04799608380382,20.8201587270251,1.65634568030986,0.0214789314149348,0.356027774646945,0.452909369461494,0.310001395872857,5,1,150,-0.907528047772204,1.34570467631622,5,1.90753127750967,0,-18.85846,2702,0,0,6,"both",-0.907528047772204,1.34570467631622
"695","session1",-4.04799608380382,20.8201587270251,1.65634568030986,0.0214789314149348,0.356027774646945,0.452909369461494,0.310001395872857,5,1,150,-0.907528047772204,1.34570467631622,5,2.49312129427323,0,6.72023,2702,0,0,6,"both",-0.907528047772204,1.34570467631622
"696","session1",-4.04799608380382,20.8201587270251,1.65634568030986,0.0214789314149348,0.356027774646945,0.452909369461494,0.310001395872857,5,1,150,-0.907528047772204,1.34570467631622,5,2.32245463073218,1,9.78312,2702,0,0,6,"both",-0.907528047772204,1.34570467631622
"697","session1",-4.04799608380382,20.8201587270251,1.65634568030986,0.0214789314149348,0.356027774646945,0.452909369461494,0.310001395872857,5,1,150,-0.907528047772204,1.34570467631622,5,2.31729229754904,1,-13.95761,2702,0,0,6,"both",-0.907528047772204,1.34570467631622
"698","session1",-4.04799608380382,20.8201587270251,1.65634568030986,0.0214789314149348,0.356027774646945,0.452909369461494,0.310001395872857,5,1,150,-0.907528047772204,1.34570467631622,5,5.08577349207932,0,-16.328567,2702,0,0,6,"both",-0.907528047772204,1.34570467631622
"699","session1",-4.04799608380382,20.8201587270251,1.65634568030986,0.0214789314149348,0.356027774646945,0.452909369461494,0.310001395872857,5,1,150,-0.907528047772204,1.34570467631622,5,1.94265145491506,0,6.493128,2702,0,0,6,"both",-0.907528047772204,1.34570467631622
"700","session1",-4.04799608380382,20.8201587270251,1.65634568030986,0.0214789314149348,0.356027774646945,0.452909369461494,0.310001395872857,5,1,150,-0.907528047772204,1.34570467631622,5,3.10404656586858,1,18.65315,2702,0,0,6,"both",-0.907528047772204,1.34570467631622
"701","session1",-4.04799608380382,20.8201587270251,1.65634568030986,0.0214789314149348,0.356027774646945,0.452909369461494,0.310001395872857,5,1,150,-0.907528047772204,1.34570467631622,5,2.54448524723257,1,13.768422,2702,0,0,6,"both",-0.907528047772204,1.34570467631622
"702","session1",-4.04799608380382,20.8201587270251,1.65634568030986,0.0214789314149348,0.356027774646945,0.452909369461494,0.310001395872857,5,1,150,-0.907528047772204,1.34570467631622,5,1.48056903044014,1,9.49131,2702,0,0,6,"both",-0.907528047772204,1.34570467631622
"703","session1",-4.04799608380382,20.8201587270251,1.65634568030986,0.0214789314149348,0.356027774646945,0.452909369461494,0.310001395872857,5,1,150,-0.907528047772204,1.34570467631622,5,2.76787878629131,1,15.90589,2702,0,0,6,"both",-0.907528047772204,1.34570467631622
"704","session1",-4.04799608380382,20.8201587270251,1.65634568030986,0.0214789314149348,0.356027774646945,0.452909369461494,0.310001395872857,5,1,150,-0.907528047772204,1.34570467631622,5,1.23994199970553,1,8.82577,2702,0,0,6,"both",-0.907528047772204,1.34570467631622
"705","session1",-4.04799608380382,20.8201587270251,1.65634568030986,0.0214789314149348,0.356027774646945,0.452909369461494,0.310001395872857,5,1,150,-0.907528047772204,1.34570467631622,5,1.6875144694476,1,17.25711,2702,0,0,6,"both",-0.907528047772204,1.34570467631622
"706","session1",-4.04799608380382,20.8201587270251,1.65634568030986,0.0214789314149348,0.356027774646945,0.452909369461494,0.310001395872857,5,1,150,-0.907528047772204,1.34570467631622,5,1.57625823564961,0,-24.73736,2702,0,0,6,"both",-0.907528047772204,1.34570467631622
"707","session1",-4.04799608380382,20.8201587270251,1.65634568030986,0.0214789314149348,0.356027774646945,0.452909369461494,0.310001395872857,5,1,150,-0.907528047772204,1.34570467631622,5,1.7042087566774,1,-18.38568,2702,0,0,6,"both",-0.907528047772204,1.34570467631622
"708","session1",-4.04799608380382,20.8201587270251,1.65634568030986,0.0214789314149348,0.356027774646945,0.452909369461494,0.310001395872857,5,1,150,-0.907528047772204,1.34570467631622,5,1.53512740888338,1,-12.0943736,2702,0,0,6,"both",-0.907528047772204,1.34570467631622
"709","session1",-4.04799608380382,20.8201587270251,1.65634568030986,0.0214789314149348,0.356027774646945,0.452909369461494,0.310001395872857,5,1,150,-0.907528047772204,1.34570467631622,5,3.51109517953476,0,-10.10256,2702,0,0,6,"both",-0.907528047772204,1.34570467631622
"710","session1",-4.04799608380382,20.8201587270251,1.65634568030986,0.0214789314149348,0.356027774646945,0.452909369461494,0.310001395872857,5,1,150,-0.907528047772204,1.34570467631622,5,2.18662675209582,1,19.11186,2702,0,0,6,"both",-0.907528047772204,1.34570467631622
"711","session1",-4.04799608380382,20.8201587270251,1.65634568030986,0.0214789314149348,0.356027774646945,0.452909369461494,0.310001395872857,5,1,150,-0.907528047772204,1.34570467631622,5,1.07548264605371,1,4.50819,2702,0,0,6,"both",-0.907528047772204,1.34570467631622
"712","session1",-4.04799608380382,20.8201587270251,1.65634568030986,0.0214789314149348,0.356027774646945,0.452909369461494,0.310001395872857,5,1,150,-0.907528047772204,1.34570467631622,5,2.84568634287765,0,-16.87343,2702,0,0,6,"both",-0.907528047772204,1.34570467631622
"713","session1",-4.04799608380382,20.8201587270251,1.65634568030986,0.0214789314149348,0.356027774646945,0.452909369461494,0.310001395872857,5,1,150,-0.907528047772204,1.34570467631622,5,4.24556492680098,0,-15.62425,2702,0,0,6,"both",-0.907528047772204,1.34570467631622
"714","session1",-4.04799608380382,20.8201587270251,1.65634568030986,0.0214789314149348,0.356027774646945,0.452909369461494,0.310001395872857,5,1,150,-0.907528047772204,1.34570467631622,5,1.79937996541896,1,16.05689,2702,0,0,6,"both",-0.907528047772204,1.34570467631622
"715","session1",-4.04799608380382,20.8201587270251,1.65634568030986,0.0214789314149348,0.356027774646945,0.452909369461494,0.310001395872857,5,1,150,-0.907528047772204,1.34570467631622,5,1.50999699231001,1,12.22771,2702,0,0,6,"both",-0.907528047772204,1.34570467631622
"716","session1",-4.04799608380382,20.8201587270251,1.65634568030986,0.0214789314149348,0.356027774646945,0.452909369461494,0.310001395872857,5,1,150,-0.907528047772204,1.34570467631622,5,2.39242770922557,1,-15.56074,2702,0,0,6,"both",-0.907528047772204,1.34570467631622
"717","session1",-4.04799608380382,20.8201587270251,1.65634568030986,0.0214789314149348,0.356027774646945,0.452909369461494,0.310001395872857,5,1,150,-0.907528047772204,1.34570467631622,5,2.77393294085923,1,-11.99895,2702,0,0,6,"both",-0.907528047772204,1.34570467631622
"718","session1",-4.04799608380382,20.8201587270251,1.65634568030986,0.0214789314149348,0.356027774646945,0.452909369461494,0.310001395872857,5,1,150,-0.907528047772204,1.34570467631622,5,1.76236784967168,1,26.18525,2702,0,0,6,"both",-0.907528047772204,1.34570467631622
"719","session1",-4.04799608380382,20.8201587270251,1.65634568030986,0.0214789314149348,0.356027774646945,0.452909369461494,0.310001395872857,5,1,150,-0.907528047772204,1.34570467631622,5,2.02461076051932,1,10.16221,2702,0,0,6,"both",-0.907528047772204,1.34570467631622
"720","session1",-4.04799608380382,20.8201587270251,1.65634568030986,0.0214789314149348,0.356027774646945,0.452909369461494,0.310001395872857,5,1,150,-0.907528047772204,1.34570467631622,5,1.45725628381901,1,11.155,2702,0,0,6,"both",-0.907528047772204,1.34570467631622
"721","session1",-4.04799608380382,20.8201587270251,1.65634568030986,0.0214789314149348,0.356027774646945,0.452909369461494,0.310001395872857,5,1,150,-0.907528047772204,1.34570467631622,5,2.20849977332391,1,5.34942,2702,0,0,6,"both",-0.907528047772204,1.34570467631622
"722","session1",-4.04799608380382,20.8201587270251,1.65634568030986,0.0214789314149348,0.356027774646945,0.452909369461494,0.310001395872857,5,1,150,-0.907528047772204,1.34570467631622,5,2.55297777853192,0,4.74271,2702,0,0,6,"both",-0.907528047772204,1.34570467631622
"723","session1",-4.04799608380382,20.8201587270251,1.65634568030986,0.0214789314149348,0.356027774646945,0.452909369461494,0.310001395872857,5,1,150,-0.907528047772204,1.34570467631622,5,3.0895128059771,0,-17.13802,2702,0,0,6,"both",-0.907528047772204,1.34570467631622
"724","session1",-4.04799608380382,20.8201587270251,1.65634568030986,0.0214789314149348,0.356027774646945,0.452909369461494,0.310001395872857,5,1,150,-0.907528047772204,1.34570467631622,5,1.34687380235453,1,11.74875,2702,0,0,6,"both",-0.907528047772204,1.34570467631622
"725","session1",-4.04799608380382,20.8201587270251,1.65634568030986,0.0214789314149348,0.356027774646945,0.452909369461494,0.310001395872857,5,1,150,-0.907528047772204,1.34570467631622,5,2.87733541821973,1,-12.265004,2702,0,0,6,"both",-0.907528047772204,1.34570467631622
"726","session1",-4.04799608380382,20.8201587270251,1.65634568030986,0.0214789314149348,0.356027774646945,0.452909369461494,0.310001395872857,5,1,150,-0.907528047772204,1.34570467631622,5,0.890287908259499,0,-24.92632,2702,0,0,6,"both",-0.907528047772204,1.34570467631622
"727","session1",-4.04799608380382,20.8201587270251,1.65634568030986,0.0214789314149348,0.356027774646945,0.452909369461494,0.310001395872857,5,1,150,-0.907528047772204,1.34570467631622,5,2.59860291962779,1,-14.66284,2702,0,0,6,"both",-0.907528047772204,1.34570467631622
"728","session1",-4.04799608380382,20.8201587270251,1.65634568030986,0.0214789314149348,0.356027774646945,0.452909369461494,0.310001395872857,5,1,150,-0.907528047772204,1.34570467631622,5,2.89600753709949,1,-15.21925,2702,0,0,6,"both",-0.907528047772204,1.34570467631622
"729","session1",-4.04799608380382,20.8201587270251,1.65634568030986,0.0214789314149348,0.356027774646945,0.452909369461494,0.310001395872857,5,1,150,-0.907528047772204,1.34570467631622,5,2.53874846268687,0,-29.66084,2702,0,0,6,"both",-0.907528047772204,1.34570467631622
"730","session1",-4.04799608380382,20.8201587270251,1.65634568030986,0.0214789314149348,0.356027774646945,0.452909369461494,0.310001395872857,5,1,150,-0.907528047772204,1.34570467631622,5,2.15145884276869,1,9.11647,2702,0,0,6,"both",-0.907528047772204,1.34570467631622
"731","session1",-4.04799608380382,20.8201587270251,1.65634568030986,0.0214789314149348,0.356027774646945,0.452909369461494,0.310001395872857,5,1,150,-0.907528047772204,1.34570467631622,5,2.28996399981172,0,-26.63565,2702,0,0,6,"both",-0.907528047772204,1.34570467631622
"732","session1",-4.04799608380382,20.8201587270251,1.65634568030986,0.0214789314149348,0.356027774646945,0.452909369461494,0.310001395872857,5,1,150,-0.907528047772204,1.34570467631622,5,1.84341612007133,1,17.91135,2702,0,0,6,"both",-0.907528047772204,1.34570467631622
"733","session1",-4.04799608380382,20.8201587270251,1.65634568030986,0.0214789314149348,0.356027774646945,0.452909369461494,0.310001395872857,5,1,150,-0.907528047772204,1.34570467631622,5,3.7262261231378,0,-20.03341,2702,0,0,6,"both",-0.907528047772204,1.34570467631622
"734","session1",-4.04799608380382,20.8201587270251,1.65634568030986,0.0214789314149348,0.356027774646945,0.452909369461494,0.310001395872857,5,1,150,-0.907528047772204,1.34570467631622,5,3.45793741987653,0,-22.52432,2702,0,0,6,"both",-0.907528047772204,1.34570467631622
"735","session1",-4.04799608380382,20.8201587270251,1.65634568030986,0.0214789314149348,0.356027774646945,0.452909369461494,0.310001395872857,5,1,150,-0.907528047772204,1.34570467631622,5,2.60397040860612,0,14.234946,2702,0,0,6,"both",-0.907528047772204,1.34570467631622
"736","session1",-4.04799608380382,20.8201587270251,1.65634568030986,0.0214789314149348,0.356027774646945,0.452909369461494,0.310001395872857,5,1,150,-0.907528047772204,1.34570467631622,5,2.67680917695253,1,15.9597,2702,0,0,6,"both",-0.907528047772204,1.34570467631622
"737","session1",-4.04799608380382,20.8201587270251,1.65634568030986,0.0214789314149348,0.356027774646945,0.452909369461494,0.310001395872857,5,1,150,-0.907528047772204,1.34570467631622,5,3.16770032493526,0,-17.38862,2702,0,0,6,"both",-0.907528047772204,1.34570467631622
"738","session1",-4.04799608380382,20.8201587270251,1.65634568030986,0.0214789314149348,0.356027774646945,0.452909369461494,0.310001395872857,5,1,150,-0.907528047772204,1.34570467631622,5,1.45411597900796,1,16.146307,2702,0,0,6,"both",-0.907528047772204,1.34570467631622
"739","session1",-4.04799608380382,20.8201587270251,1.65634568030986,0.0214789314149348,0.356027774646945,0.452909369461494,0.310001395872857,5,1,150,-0.907528047772204,1.34570467631622,5,2.29742277813485,0,13.44451,2702,0,0,6,"both",-0.907528047772204,1.34570467631622
"740","session1",-4.04799608380382,20.8201587270251,1.65634568030986,0.0214789314149348,0.356027774646945,0.452909369461494,0.310001395872857,5,1,150,-0.907528047772204,1.34570467631622,5,3.16303424578722,1,7.39652,2702,0,0,6,"both",-0.907528047772204,1.34570467631622
"741","session1",-4.04799608380382,20.8201587270251,1.65634568030986,0.0214789314149348,0.356027774646945,0.452909369461494,0.310001395872857,5,1,150,-0.907528047772204,1.34570467631622,5,2.51819325000038,1,7.03524,2702,0,0,6,"both",-0.907528047772204,1.34570467631622
"742","session1",-4.04799608380382,20.8201587270251,1.65634568030986,0.0214789314149348,0.356027774646945,0.452909369461494,0.310001395872857,5,1,150,-0.907528047772204,1.34570467631622,5,1.04198670618863,1,18.27212,2702,0,0,6,"both",-0.907528047772204,1.34570467631622
"743","session1",-4.04799608380382,20.8201587270251,1.65634568030986,0.0214789314149348,0.356027774646945,0.452909369461494,0.310001395872857,5,1,150,-0.907528047772204,1.34570467631622,5,1.75920181399589,1,7.85984,2702,0,0,6,"both",-0.907528047772204,1.34570467631622
"744","session1",-4.04799608380382,20.8201587270251,1.65634568030986,0.0214789314149348,0.356027774646945,0.452909369461494,0.310001395872857,5,1,150,-0.907528047772204,1.34570467631622,5,2.53854610536108,1,9.017881,2702,0,0,6,"both",-0.907528047772204,1.34570467631622
"745","session1",-4.04799608380382,20.8201587270251,1.65634568030986,0.0214789314149348,0.356027774646945,0.452909369461494,0.310001395872857,5,1,150,-0.907528047772204,1.34570467631622,5,2.90859411601719,0,-24.57556,2702,0,0,6,"both",-0.907528047772204,1.34570467631622
"746","session1",-4.04799608380382,20.8201587270251,1.65634568030986,0.0214789314149348,0.356027774646945,0.452909369461494,0.310001395872857,5,1,150,-0.907528047772204,1.34570467631622,5,2.67938588076742,0,-25.644,2702,0,0,6,"both",-0.907528047772204,1.34570467631622
"747","session1",-4.04799608380382,20.8201587270251,1.65634568030986,0.0214789314149348,0.356027774646945,0.452909369461494,0.310001395872857,5,1,150,-0.907528047772204,1.34570467631622,5,2.20221089890726,0,11.07972,2702,0,0,6,"both",-0.907528047772204,1.34570467631622
"748","session1",-4.04799608380382,20.8201587270251,1.65634568030986,0.0214789314149348,0.356027774646945,0.452909369461494,0.310001395872857,5,1,150,-0.907528047772204,1.34570467631622,5,3.71267020065719,1,5.49481,2702,0,0,6,"both",-0.907528047772204,1.34570467631622
"749","session1",-4.04799608380382,20.8201587270251,1.65634568030986,0.0214789314149348,0.356027774646945,0.452909369461494,0.310001395872857,5,1,150,-0.907528047772204,1.34570467631622,5,1.64582162082601,0,-16.73673,2702,0,0,6,"both",-0.907528047772204,1.34570467631622
"750","session1",-4.04799608380382,20.8201587270251,1.65634568030986,0.0214789314149348,0.356027774646945,0.452909369461494,0.310001395872857,5,1,150,-0.907528047772204,1.34570467631622,5,3.08038049894322,1,7.52426,2702,0,0,6,"both",-0.907528047772204,1.34570467631622
"751","session1",1.36246361640286,9.59576502179771,1.80788225892458,0.00390080228662658,0.971343024780867,0.512848816433143,0.346142537434277,6,1,150,-0.907528047772204,1.34570467631622,6,2.90147029292522,1,7.89716494086,2702,0,0,6,"both",-0.907528047772204,1.34570467631622
"752","session1",1.36246361640286,9.59576502179771,1.80788225892458,0.00390080228662658,0.971343024780867,0.512848816433143,0.346142537434277,6,1,150,-0.907528047772204,1.34570467631622,6,5.02474461803681,0,-7.15652714289,2702,0,0,6,"both",-0.907528047772204,1.34570467631622
"753","session1",1.36246361640286,9.59576502179771,1.80788225892458,0.00390080228662658,0.971343024780867,0.512848816433143,0.346142537434277,6,1,150,-0.907528047772204,1.34570467631622,6,1.46046603711036,0,-0.880567458,2702,0,0,6,"both",-0.907528047772204,1.34570467631622
"754","session1",1.36246361640286,9.59576502179771,1.80788225892458,0.00390080228662658,0.971343024780867,0.512848816433143,0.346142537434277,6,1,150,-0.907528047772204,1.34570467631622,6,2.71518758570759,1,4.69064904255,2702,0,0,6,"both",-0.907528047772204,1.34570467631622
"755","session1",1.36246361640286,9.59576502179771,1.80788225892458,0.00390080228662658,0.971343024780867,0.512848816433143,0.346142537434277,6,1,150,-0.907528047772204,1.34570467631622,6,6.57804071800158,0,-2.21925,2702,0,0,6,"both",-0.907528047772204,1.34570467631622
"756","session1",1.36246361640286,9.59576502179771,1.80788225892458,0.00390080228662658,0.971343024780867,0.512848816433143,0.346142537434277,6,1,150,-0.907528047772204,1.34570467631622,6,1.82822466178911,0,-17.60874,2702,0,0,6,"both",-0.907528047772204,1.34570467631622
"757","session1",1.36246361640286,9.59576502179771,1.80788225892458,0.00390080228662658,0.971343024780867,0.512848816433143,0.346142537434277,6,1,150,-0.907528047772204,1.34570467631622,6,4.45229265717258,1,1.2427,2702,0,0,6,"both",-0.907528047772204,1.34570467631622
"758","session1",1.36246361640286,9.59576502179771,1.80788225892458,0.00390080228662658,0.971343024780867,0.512848816433143,0.346142537434277,6,1,150,-0.907528047772204,1.34570467631622,6,4.26632057515906,1,5.60959,2702,0,0,6,"both",-0.907528047772204,1.34570467631622
"759","session1",1.36246361640286,9.59576502179771,1.80788225892458,0.00390080228662658,0.971343024780867,0.512848816433143,0.346142537434277,6,1,150,-0.907528047772204,1.34570467631622,6,1.96892958127899,1,1.331066,2702,0,0,6,"both",-0.907528047772204,1.34570467631622
"760","session1",1.36246361640286,9.59576502179771,1.80788225892458,0.00390080228662658,0.971343024780867,0.512848816433143,0.346142537434277,6,1,150,-0.907528047772204,1.34570467631622,6,2.70499655983635,0,-3.872583,2702,0,0,6,"both",-0.907528047772204,1.34570467631622
"761","session1",1.36246361640286,9.59576502179771,1.80788225892458,0.00390080228662658,0.971343024780867,0.512848816433143,0.346142537434277,6,1,150,-0.907528047772204,1.34570467631622,6,4.54493695811859,1,-3.968892,2702,0,0,6,"both",-0.907528047772204,1.34570467631622
"762","session1",1.36246361640286,9.59576502179771,1.80788225892458,0.00390080228662658,0.971343024780867,0.512848816433143,0.346142537434277,6,1,150,-0.907528047772204,1.34570467631622,6,2.93149422465465,1,45.81918,2702,0,0,6,"both",-0.907528047772204,1.34570467631622
"763","session1",1.36246361640286,9.59576502179771,1.80788225892458,0.00390080228662658,0.971343024780867,0.512848816433143,0.346142537434277,6,1,150,-0.907528047772204,1.34570467631622,6,8,1,-2.88634,2702,0,0,6,"both",-0.907528047772204,1.34570467631622
"764","session1",1.36246361640286,9.59576502179771,1.80788225892458,0.00390080228662658,0.971343024780867,0.512848816433143,0.346142537434277,6,1,150,-0.907528047772204,1.34570467631622,6,5.22149978188699,0,-14.26123,2702,0,0,6,"both",-0.907528047772204,1.34570467631622
"765","session1",1.36246361640286,9.59576502179771,1.80788225892458,0.00390080228662658,0.971343024780867,0.512848816433143,0.346142537434277,6,1,150,-0.907528047772204,1.34570467631622,6,4.66862155395702,0,-5.45872,2702,0,0,6,"both",-0.907528047772204,1.34570467631622
"766","session1",1.36246361640286,9.59576502179771,1.80788225892458,0.00390080228662658,0.971343024780867,0.512848816433143,0.346142537434277,6,1,150,-0.907528047772204,1.34570467631622,6,8,0,-4.00728,2702,0,0,6,"both",-0.907528047772204,1.34570467631622
"767","session1",1.36246361640286,9.59576502179771,1.80788225892458,0.00390080228662658,0.971343024780867,0.512848816433143,0.346142537434277,6,1,150,-0.907528047772204,1.34570467631622,6,5.70746472431165,0,-41.47563,2702,0,0,6,"both",-0.907528047772204,1.34570467631622
"768","session1",1.36246361640286,9.59576502179771,1.80788225892458,0.00390080228662658,0.971343024780867,0.512848816433143,0.346142537434277,6,1,150,-0.907528047772204,1.34570467631622,6,3.84679334324669,1,7.55541,2702,0,0,6,"both",-0.907528047772204,1.34570467631622
"769","session1",1.36246361640286,9.59576502179771,1.80788225892458,0.00390080228662658,0.971343024780867,0.512848816433143,0.346142537434277,6,1,150,-0.907528047772204,1.34570467631622,6,8,1,4.64177,2702,0,0,6,"both",-0.907528047772204,1.34570467631622
"770","session1",1.36246361640286,9.59576502179771,1.80788225892458,0.00390080228662658,0.971343024780867,0.512848816433143,0.346142537434277,6,1,150,-0.907528047772204,1.34570467631622,6,5.11599564019387,0,-4.76813,2702,0,0,6,"both",-0.907528047772204,1.34570467631622
"771","session1",1.36246361640286,9.59576502179771,1.80788225892458,0.00390080228662658,0.971343024780867,0.512848816433143,0.346142537434277,6,1,150,-0.907528047772204,1.34570467631622,6,4.44889959020825,0,-8.57628,2702,0,0,6,"both",-0.907528047772204,1.34570467631622
"772","session1",1.36246361640286,9.59576502179771,1.80788225892458,0.00390080228662658,0.971343024780867,0.512848816433143,0.346142537434277,6,1,150,-0.907528047772204,1.34570467631622,6,2.03239193124892,0,-7.89845,2702,0,0,6,"both",-0.907528047772204,1.34570467631622
"773","session1",1.36246361640286,9.59576502179771,1.80788225892458,0.00390080228662658,0.971343024780867,0.512848816433143,0.346142537434277,6,1,150,-0.907528047772204,1.34570467631622,6,4.32860122191014,0,-2.83318,2702,0,0,6,"both",-0.907528047772204,1.34570467631622
"774","session1",1.36246361640286,9.59576502179771,1.80788225892458,0.00390080228662658,0.971343024780867,0.512848816433143,0.346142537434277,6,1,150,-0.907528047772204,1.34570467631622,6,5.82793474556602,1,3.768353,2702,0,0,6,"both",-0.907528047772204,1.34570467631622
"775","session1",1.36246361640286,9.59576502179771,1.80788225892458,0.00390080228662658,0.971343024780867,0.512848816433143,0.346142537434277,6,1,150,-0.907528047772204,1.34570467631622,6,2.02490522087636,1,2.59549,2702,0,0,6,"both",-0.907528047772204,1.34570467631622
"776","session1",1.36246361640286,9.59576502179771,1.80788225892458,0.00390080228662658,0.971343024780867,0.512848816433143,0.346142537434277,6,1,150,-0.907528047772204,1.34570467631622,6,2.90166233186642,0,-0.56501,2702,0,0,6,"both",-0.907528047772204,1.34570467631622
"777","session1",1.36246361640286,9.59576502179771,1.80788225892458,0.00390080228662658,0.971343024780867,0.512848816433143,0.346142537434277,6,1,150,-0.907528047772204,1.34570467631622,6,2.12619056926745,1,-2.522313,2702,0,0,6,"both",-0.907528047772204,1.34570467631622
"778","session1",1.36246361640286,9.59576502179771,1.80788225892458,0.00390080228662658,0.971343024780867,0.512848816433143,0.346142537434277,6,1,150,-0.907528047772204,1.34570467631622,6,7.18430172833678,1,10.66205,2702,0,0,6,"both",-0.907528047772204,1.34570467631622
"779","session1",1.36246361640286,9.59576502179771,1.80788225892458,0.00390080228662658,0.971343024780867,0.512848816433143,0.346142537434277,6,1,150,-0.907528047772204,1.34570467631622,6,3.14253856877103,1,5.515575,2702,0,0,6,"both",-0.907528047772204,1.34570467631622
"780","session1",1.36246361640286,9.59576502179771,1.80788225892458,0.00390080228662658,0.971343024780867,0.512848816433143,0.346142537434277,6,1,150,-0.907528047772204,1.34570467631622,6,5.21539961571579,1,4.785318,2702,0,0,6,"both",-0.907528047772204,1.34570467631622
"781","session1",1.36246361640286,9.59576502179771,1.80788225892458,0.00390080228662658,0.971343024780867,0.512848816433143,0.346142537434277,6,1,150,-0.907528047772204,1.34570467631622,6,3.7578069206263,0,-4.74374,2702,0,0,6,"both",-0.907528047772204,1.34570467631622
"782","session1",1.36246361640286,9.59576502179771,1.80788225892458,0.00390080228662658,0.971343024780867,0.512848816433143,0.346142537434277,6,1,150,-0.907528047772204,1.34570467631622,6,1.88946212063896,0,3.153721,2702,0,0,6,"both",-0.907528047772204,1.34570467631622
"783","session1",1.36246361640286,9.59576502179771,1.80788225892458,0.00390080228662658,0.971343024780867,0.512848816433143,0.346142537434277,6,1,150,-0.907528047772204,1.34570467631622,6,2.27018254826624,0,-4.71235,2702,0,0,6,"both",-0.907528047772204,1.34570467631622
"784","session1",1.36246361640286,9.59576502179771,1.80788225892458,0.00390080228662658,0.971343024780867,0.512848816433143,0.346142537434277,6,1,150,-0.907528047772204,1.34570467631622,6,3.77092881814346,0,1.16213,2702,0,0,6,"both",-0.907528047772204,1.34570467631622
"785","session1",1.36246361640286,9.59576502179771,1.80788225892458,0.00390080228662658,0.971343024780867,0.512848816433143,0.346142537434277,6,1,150,-0.907528047772204,1.34570467631622,6,5.62853558882457,0,1.12258,2702,0,0,6,"both",-0.907528047772204,1.34570467631622
"786","session1",1.36246361640286,9.59576502179771,1.80788225892458,0.00390080228662658,0.971343024780867,0.512848816433143,0.346142537434277,6,1,150,-0.907528047772204,1.34570467631622,6,8,0,-4.036547,2702,0,0,6,"both",-0.907528047772204,1.34570467631622
"787","session1",1.36246361640286,9.59576502179771,1.80788225892458,0.00390080228662658,0.971343024780867,0.512848816433143,0.346142537434277,6,1,150,-0.907528047772204,1.34570467631622,6,4.65379128768297,1,-6.72663,2702,0,0,6,"both",-0.907528047772204,1.34570467631622
"788","session1",1.36246361640286,9.59576502179771,1.80788225892458,0.00390080228662658,0.971343024780867,0.512848816433143,0.346142537434277,6,1,150,-0.907528047772204,1.34570467631622,6,5.93530911514697,1,8.70179,2702,0,0,6,"both",-0.907528047772204,1.34570467631622
"789","session1",1.36246361640286,9.59576502179771,1.80788225892458,0.00390080228662658,0.971343024780867,0.512848816433143,0.346142537434277,6,1,150,-0.907528047772204,1.34570467631622,6,3.92862600201567,0,3.984493,2702,0,0,6,"both",-0.907528047772204,1.34570467631622
"790","session1",1.36246361640286,9.59576502179771,1.80788225892458,0.00390080228662658,0.971343024780867,0.512848816433143,0.346142537434277,6,1,150,-0.907528047772204,1.34570467631622,6,2.26739862099563,1,12.222931,2702,0,0,6,"both",-0.907528047772204,1.34570467631622
"791","session1",1.36246361640286,9.59576502179771,1.80788225892458,0.00390080228662658,0.971343024780867,0.512848816433143,0.346142537434277,6,1,150,-0.907528047772204,1.34570467631622,6,2.84811272186994,0,-3.47162,2702,0,0,6,"both",-0.907528047772204,1.34570467631622
"792","session1",1.36246361640286,9.59576502179771,1.80788225892458,0.00390080228662658,0.971343024780867,0.512848816433143,0.346142537434277,6,1,150,-0.907528047772204,1.34570467631622,6,7.79447066776826,1,-4.75708,2702,0,0,6,"both",-0.907528047772204,1.34570467631622
"793","session1",1.36246361640286,9.59576502179771,1.80788225892458,0.00390080228662658,0.971343024780867,0.512848816433143,0.346142537434277,6,1,150,-0.907528047772204,1.34570467631622,6,8,1,-0.19198,2702,0,0,6,"both",-0.907528047772204,1.34570467631622
"794","session1",1.36246361640286,9.59576502179771,1.80788225892458,0.00390080228662658,0.971343024780867,0.512848816433143,0.346142537434277,6,1,150,-0.907528047772204,1.34570467631622,6,4.34035895918527,0,24.81776,2702,0,0,6,"both",-0.907528047772204,1.34570467631622
"795","session1",1.36246361640286,9.59576502179771,1.80788225892458,0.00390080228662658,0.971343024780867,0.512848816433143,0.346142537434277,6,1,150,-0.907528047772204,1.34570467631622,6,3.52126156951103,1,-5.385723,2702,0,0,6,"both",-0.907528047772204,1.34570467631622
"796","session1",1.36246361640286,9.59576502179771,1.80788225892458,0.00390080228662658,0.971343024780867,0.512848816433143,0.346142537434277,6,1,150,-0.907528047772204,1.34570467631622,6,6.10828392867706,1,4.28995,2702,0,0,6,"both",-0.907528047772204,1.34570467631622
"797","session1",1.36246361640286,9.59576502179771,1.80788225892458,0.00390080228662658,0.971343024780867,0.512848816433143,0.346142537434277,6,1,150,-0.907528047772204,1.34570467631622,6,3.98358099666796,0,-4.913802,2702,0,0,6,"both",-0.907528047772204,1.34570467631622
"798","session1",1.36246361640286,9.59576502179771,1.80788225892458,0.00390080228662658,0.971343024780867,0.512848816433143,0.346142537434277,6,1,150,-0.907528047772204,1.34570467631622,6,3.499664003835,1,-7.73899,2702,0,0,6,"both",-0.907528047772204,1.34570467631622
"799","session1",1.36246361640286,9.59576502179771,1.80788225892458,0.00390080228662658,0.971343024780867,0.512848816433143,0.346142537434277,6,1,150,-0.907528047772204,1.34570467631622,6,4.21647259687416,1,-4.913194,2702,0,0,6,"both",-0.907528047772204,1.34570467631622
"800","session1",1.36246361640286,9.59576502179771,1.80788225892458,0.00390080228662658,0.971343024780867,0.512848816433143,0.346142537434277,6,1,150,-0.907528047772204,1.34570467631622,6,6.57534548836196,0,-41.1232,2702,0,0,6,"both",-0.907528047772204,1.34570467631622
"801","session1",1.36246361640286,9.59576502179771,1.80788225892458,0.00390080228662658,0.971343024780867,0.512848816433143,0.346142537434277,6,1,150,-0.907528047772204,1.34570467631622,6,1.76422788952544,0,9.376843,2702,0,0,6,"both",-0.907528047772204,1.34570467631622
"802","session1",1.36246361640286,9.59576502179771,1.80788225892458,0.00390080228662658,0.971343024780867,0.512848816433143,0.346142537434277,6,1,150,-0.907528047772204,1.34570467631622,6,3.5748501129744,0,-6.328556,2702,0,0,6,"both",-0.907528047772204,1.34570467631622
"803","session1",1.36246361640286,9.59576502179771,1.80788225892458,0.00390080228662658,0.971343024780867,0.512848816433143,0.346142537434277,6,1,150,-0.907528047772204,1.34570467631622,6,3.12891095949643,1,8.81437,2702,0,0,6,"both",-0.907528047772204,1.34570467631622
"804","session1",1.36246361640286,9.59576502179771,1.80788225892458,0.00390080228662658,0.971343024780867,0.512848816433143,0.346142537434277,6,1,150,-0.907528047772204,1.34570467631622,6,4.25113911134943,0,-21.09062,2702,0,0,6,"both",-0.907528047772204,1.34570467631622
"805","session1",1.36246361640286,9.59576502179771,1.80788225892458,0.00390080228662658,0.971343024780867,0.512848816433143,0.346142537434277,6,1,150,-0.907528047772204,1.34570467631622,6,3.88715091477545,0,-4.35363,2702,0,0,6,"both",-0.907528047772204,1.34570467631622
"806","session1",1.36246361640286,9.59576502179771,1.80788225892458,0.00390080228662658,0.971343024780867,0.512848816433143,0.346142537434277,6,1,150,-0.907528047772204,1.34570467631622,6,2.16295697379991,0,-3.29481,2702,0,0,6,"both",-0.907528047772204,1.34570467631622
"807","session1",1.36246361640286,9.59576502179771,1.80788225892458,0.00390080228662658,0.971343024780867,0.512848816433143,0.346142537434277,6,1,150,-0.907528047772204,1.34570467631622,6,2.67302452026416,1,2.68913,2702,0,0,6,"both",-0.907528047772204,1.34570467631622
"808","session1",1.36246361640286,9.59576502179771,1.80788225892458,0.00390080228662658,0.971343024780867,0.512848816433143,0.346142537434277,6,1,150,-0.907528047772204,1.34570467631622,6,3.37452288819421,0,-5.95632,2702,0,0,6,"both",-0.907528047772204,1.34570467631622
"809","session1",1.36246361640286,9.59576502179771,1.80788225892458,0.00390080228662658,0.971343024780867,0.512848816433143,0.346142537434277,6,1,150,-0.907528047772204,1.34570467631622,6,4.97291274491494,0,-14.39569,2702,0,0,6,"both",-0.907528047772204,1.34570467631622
"810","session1",1.36246361640286,9.59576502179771,1.80788225892458,0.00390080228662658,0.971343024780867,0.512848816433143,0.346142537434277,6,1,150,-0.907528047772204,1.34570467631622,6,5.44199178286459,0,-1.255283,2702,0,0,6,"both",-0.907528047772204,1.34570467631622
"811","session1",1.36246361640286,9.59576502179771,1.80788225892458,0.00390080228662658,0.971343024780867,0.512848816433143,0.346142537434277,6,1,150,-0.907528047772204,1.34570467631622,6,5.43366676983553,0,-0.20047,2702,0,0,6,"both",-0.907528047772204,1.34570467631622
"812","session1",1.36246361640286,9.59576502179771,1.80788225892458,0.00390080228662658,0.971343024780867,0.512848816433143,0.346142537434277,6,1,150,-0.907528047772204,1.34570467631622,6,2.96615962650727,0,3.52604,2702,0,0,6,"both",-0.907528047772204,1.34570467631622
"813","session1",1.36246361640286,9.59576502179771,1.80788225892458,0.00390080228662658,0.971343024780867,0.512848816433143,0.346142537434277,6,1,150,-0.907528047772204,1.34570467631622,6,2.14353924934453,1,-4.430697,2702,0,0,6,"both",-0.907528047772204,1.34570467631622
"814","session1",1.36246361640286,9.59576502179771,1.80788225892458,0.00390080228662658,0.971343024780867,0.512848816433143,0.346142537434277,6,1,150,-0.907528047772204,1.34570467631622,6,8,1,0.255536338023,2702,0,0,6,"both",-0.907528047772204,1.34570467631622
"815","session1",1.36246361640286,9.59576502179771,1.80788225892458,0.00390080228662658,0.971343024780867,0.512848816433143,0.346142537434277,6,1,150,-0.907528047772204,1.34570467631622,6,3.73472785066996,1,12.438131,2702,0,0,6,"both",-0.907528047772204,1.34570467631622
"816","session1",1.36246361640286,9.59576502179771,1.80788225892458,0.00390080228662658,0.971343024780867,0.512848816433143,0.346142537434277,6,1,150,-0.907528047772204,1.34570467631622,6,7.19467796276289,0,-14.72509,2702,0,0,6,"both",-0.907528047772204,1.34570467631622
"817","session1",1.36246361640286,9.59576502179771,1.80788225892458,0.00390080228662658,0.971343024780867,0.512848816433143,0.346142537434277,6,1,150,-0.907528047772204,1.34570467631622,6,3.82312181938729,1,8.7875591,2702,0,0,6,"both",-0.907528047772204,1.34570467631622
"818","session1",1.36246361640286,9.59576502179771,1.80788225892458,0.00390080228662658,0.971343024780867,0.512848816433143,0.346142537434277,6,1,150,-0.907528047772204,1.34570467631622,6,6.15355599721566,0,-4.3834469,2702,0,0,6,"both",-0.907528047772204,1.34570467631622
"819","session1",1.36246361640286,9.59576502179771,1.80788225892458,0.00390080228662658,0.971343024780867,0.512848816433143,0.346142537434277,6,1,150,-0.907528047772204,1.34570467631622,6,2.98848405569154,0,-7.243134,2702,0,0,6,"both",-0.907528047772204,1.34570467631622
"820","session1",1.36246361640286,9.59576502179771,1.80788225892458,0.00390080228662658,0.971343024780867,0.512848816433143,0.346142537434277,6,1,150,-0.907528047772204,1.34570467631622,6,4.75031573164063,1,5.52077,2702,0,0,6,"both",-0.907528047772204,1.34570467631622
"821","session1",1.36246361640286,9.59576502179771,1.80788225892458,0.00390080228662658,0.971343024780867,0.512848816433143,0.346142537434277,6,1,150,-0.907528047772204,1.34570467631622,6,3.43090481475267,0,-8.08566,2702,0,0,6,"both",-0.907528047772204,1.34570467631622
"822","session1",1.36246361640286,9.59576502179771,1.80788225892458,0.00390080228662658,0.971343024780867,0.512848816433143,0.346142537434277,6,1,150,-0.907528047772204,1.34570467631622,6,2.36805668266406,1,25.34464,2702,0,0,6,"both",-0.907528047772204,1.34570467631622
"823","session1",1.36246361640286,9.59576502179771,1.80788225892458,0.00390080228662658,0.971343024780867,0.512848816433143,0.346142537434277,6,1,150,-0.907528047772204,1.34570467631622,6,2.56847609923432,0,2.95422,2702,0,0,6,"both",-0.907528047772204,1.34570467631622
"824","session1",1.36246361640286,9.59576502179771,1.80788225892458,0.00390080228662658,0.971343024780867,0.512848816433143,0.346142537434277,6,1,150,-0.907528047772204,1.34570467631622,6,4.89611077367669,0,-3.18207,2702,0,0,6,"both",-0.907528047772204,1.34570467631622
"825","session1",1.36246361640286,9.59576502179771,1.80788225892458,0.00390080228662658,0.971343024780867,0.512848816433143,0.346142537434277,6,1,150,-0.907528047772204,1.34570467631622,6,5.29705729875556,0,6.541025,2702,0,0,6,"both",-0.907528047772204,1.34570467631622
"826","session1",1.36246361640286,9.59576502179771,1.80788225892458,0.00390080228662658,0.971343024780867,0.512848816433143,0.346142537434277,6,1,150,-0.907528047772204,1.34570467631622,6,2.65798590880601,1,8.29389,2702,0,0,6,"both",-0.907528047772204,1.34570467631622
"827","session1",1.36246361640286,9.59576502179771,1.80788225892458,0.00390080228662658,0.971343024780867,0.512848816433143,0.346142537434277,6,1,150,-0.907528047772204,1.34570467631622,6,5.7546394150811,1,-3.51412,2702,0,0,6,"both",-0.907528047772204,1.34570467631622
"828","session1",1.36246361640286,9.59576502179771,1.80788225892458,0.00390080228662658,0.971343024780867,0.512848816433143,0.346142537434277,6,1,150,-0.907528047772204,1.34570467631622,6,6.75850282145995,1,-6.174243,2702,0,0,6,"both",-0.907528047772204,1.34570467631622
"829","session1",1.36246361640286,9.59576502179771,1.80788225892458,0.00390080228662658,0.971343024780867,0.512848816433143,0.346142537434277,6,1,150,-0.907528047772204,1.34570467631622,6,1.88463337747552,1,10.9579,2702,0,0,6,"both",-0.907528047772204,1.34570467631622
"830","session1",1.36246361640286,9.59576502179771,1.80788225892458,0.00390080228662658,0.971343024780867,0.512848816433143,0.346142537434277,6,1,150,-0.907528047772204,1.34570467631622,6,5.08263056075144,1,10.339406,2702,0,0,6,"both",-0.907528047772204,1.34570467631622
"831","session1",1.36246361640286,9.59576502179771,1.80788225892458,0.00390080228662658,0.971343024780867,0.512848816433143,0.346142537434277,6,1,150,-0.907528047772204,1.34570467631622,6,1.98458851508731,0,-15.731115,2702,0,0,6,"both",-0.907528047772204,1.34570467631622
"832","session1",1.36246361640286,9.59576502179771,1.80788225892458,0.00390080228662658,0.971343024780867,0.512848816433143,0.346142537434277,6,1,150,-0.907528047772204,1.34570467631622,6,3.05278535390228,0,-11.403423,2702,0,0,6,"both",-0.907528047772204,1.34570467631622
"833","session1",1.36246361640286,9.59576502179771,1.80788225892458,0.00390080228662658,0.971343024780867,0.512848816433143,0.346142537434277,6,1,150,-0.907528047772204,1.34570467631622,6,4.1085535464208,0,-7.14964,2702,0,0,6,"both",-0.907528047772204,1.34570467631622
"834","session1",1.36246361640286,9.59576502179771,1.80788225892458,0.00390080228662658,0.971343024780867,0.512848816433143,0.346142537434277,6,1,150,-0.907528047772204,1.34570467631622,6,4.25467391196316,1,-8.168853,2702,0,0,6,"both",-0.907528047772204,1.34570467631622
"835","session1",1.36246361640286,9.59576502179771,1.80788225892458,0.00390080228662658,0.971343024780867,0.512848816433143,0.346142537434277,6,1,150,-0.907528047772204,1.34570467631622,6,8,1,5.51617,2702,0,0,6,"both",-0.907528047772204,1.34570467631622
"836","session1",1.36246361640286,9.59576502179771,1.80788225892458,0.00390080228662658,0.971343024780867,0.512848816433143,0.346142537434277,6,1,150,-0.907528047772204,1.34570467631622,6,1.81006435930959,0,9.05462,2702,0,0,6,"both",-0.907528047772204,1.34570467631622
"837","session1",1.36246361640286,9.59576502179771,1.80788225892458,0.00390080228662658,0.971343024780867,0.512848816433143,0.346142537434277,6,1,150,-0.907528047772204,1.34570467631622,6,2.12202829755722,0,-11.186194,2702,0,0,6,"both",-0.907528047772204,1.34570467631622
"838","session1",1.36246361640286,9.59576502179771,1.80788225892458,0.00390080228662658,0.971343024780867,0.512848816433143,0.346142537434277,6,1,150,-0.907528047772204,1.34570467631622,6,4.65174087352906,0,-8.13593,2702,0,0,6,"both",-0.907528047772204,1.34570467631622
"839","session1",1.36246361640286,9.59576502179771,1.80788225892458,0.00390080228662658,0.971343024780867,0.512848816433143,0.346142537434277,6,1,150,-0.907528047772204,1.34570467631622,6,5.90055447741938,1,-3.8228,2702,0,0,6,"both",-0.907528047772204,1.34570467631622
"840","session1",1.36246361640286,9.59576502179771,1.80788225892458,0.00390080228662658,0.971343024780867,0.512848816433143,0.346142537434277,6,1,150,-0.907528047772204,1.34570467631622,6,4.16159700861171,1,17.158872,2702,0,0,6,"both",-0.907528047772204,1.34570467631622
"841","session1",1.36246361640286,9.59576502179771,1.80788225892458,0.00390080228662658,0.971343024780867,0.512848816433143,0.346142537434277,6,1,150,-0.907528047772204,1.34570467631622,6,4.14786728602481,0,-8.44737,2702,0,0,6,"both",-0.907528047772204,1.34570467631622
"842","session1",1.36246361640286,9.59576502179771,1.80788225892458,0.00390080228662658,0.971343024780867,0.512848816433143,0.346142537434277,6,1,150,-0.907528047772204,1.34570467631622,6,6.77722445813865,0,-9.26024,2702,0,0,6,"both",-0.907528047772204,1.34570467631622
"843","session1",1.36246361640286,9.59576502179771,1.80788225892458,0.00390080228662658,0.971343024780867,0.512848816433143,0.346142537434277,6,1,150,-0.907528047772204,1.34570467631622,6,2.82628533090349,0,-3.727805,2702,0,0,6,"both",-0.907528047772204,1.34570467631622
"844","session1",1.36246361640286,9.59576502179771,1.80788225892458,0.00390080228662658,0.971343024780867,0.512848816433143,0.346142537434277,6,1,150,-0.907528047772204,1.34570467631622,6,6.01095382830764,0,6.210198,2702,0,0,6,"both",-0.907528047772204,1.34570467631622
"845","session1",1.36246361640286,9.59576502179771,1.80788225892458,0.00390080228662658,0.971343024780867,0.512848816433143,0.346142537434277,6,1,150,-0.907528047772204,1.34570467631622,6,2.51283146096946,1,15.393408,2702,0,0,6,"both",-0.907528047772204,1.34570467631622
"846","session1",1.36246361640286,9.59576502179771,1.80788225892458,0.00390080228662658,0.971343024780867,0.512848816433143,0.346142537434277,6,1,150,-0.907528047772204,1.34570467631622,6,8,0,-10.39585,2702,0,0,6,"both",-0.907528047772204,1.34570467631622
"847","session1",1.36246361640286,9.59576502179771,1.80788225892458,0.00390080228662658,0.971343024780867,0.512848816433143,0.346142537434277,6,1,150,-0.907528047772204,1.34570467631622,6,4.67489150965424,0,-4.66562,2702,0,0,6,"both",-0.907528047772204,1.34570467631622
"848","session1",1.36246361640286,9.59576502179771,1.80788225892458,0.00390080228662658,0.971343024780867,0.512848816433143,0.346142537434277,6,1,150,-0.907528047772204,1.34570467631622,6,2.32772216901456,0,-11.29353,2702,0,0,6,"both",-0.907528047772204,1.34570467631622
"849","session1",1.36246361640286,9.59576502179771,1.80788225892458,0.00390080228662658,0.971343024780867,0.512848816433143,0.346142537434277,6,1,150,-0.907528047772204,1.34570467631622,6,7.3808841449015,0,-6.521471,2702,0,0,6,"both",-0.907528047772204,1.34570467631622
"850","session1",1.36246361640286,9.59576502179771,1.80788225892458,0.00390080228662658,0.971343024780867,0.512848816433143,0.346142537434277,6,1,150,-0.907528047772204,1.34570467631622,6,5.12131201606668,0,-15.25083,2702,0,0,6,"both",-0.907528047772204,1.34570467631622
"851","session1",1.36246361640286,9.59576502179771,1.80788225892458,0.00390080228662658,0.971343024780867,0.512848816433143,0.346142537434277,6,1,150,-0.907528047772204,1.34570467631622,6,6.87023485413212,0,9.63674,2702,0,0,6,"both",-0.907528047772204,1.34570467631622
"852","session1",1.36246361640286,9.59576502179771,1.80788225892458,0.00390080228662658,0.971343024780867,0.512848816433143,0.346142537434277,6,1,150,-0.907528047772204,1.34570467631622,6,5.08011614739469,0,-2.81459,2702,0,0,6,"both",-0.907528047772204,1.34570467631622
"853","session1",1.36246361640286,9.59576502179771,1.80788225892458,0.00390080228662658,0.971343024780867,0.512848816433143,0.346142537434277,6,1,150,-0.907528047772204,1.34570467631622,6,1.91873152023497,0,-7.872521,2702,0,0,6,"both",-0.907528047772204,1.34570467631622
"854","session1",1.36246361640286,9.59576502179771,1.80788225892458,0.00390080228662658,0.971343024780867,0.512848816433143,0.346142537434277,6,1,150,-0.907528047772204,1.34570467631622,6,8,1,7.16302,2702,0,0,6,"both",-0.907528047772204,1.34570467631622
"855","session1",1.36246361640286,9.59576502179771,1.80788225892458,0.00390080228662658,0.971343024780867,0.512848816433143,0.346142537434277,6,1,150,-0.907528047772204,1.34570467631622,6,8,0,-7.313278,2702,0,0,6,"both",-0.907528047772204,1.34570467631622
"856","session1",1.36246361640286,9.59576502179771,1.80788225892458,0.00390080228662658,0.971343024780867,0.512848816433143,0.346142537434277,6,1,150,-0.907528047772204,1.34570467631622,6,4.69498906896646,1,-4.767183,2702,0,0,6,"both",-0.907528047772204,1.34570467631622
"857","session1",1.36246361640286,9.59576502179771,1.80788225892458,0.00390080228662658,0.971343024780867,0.512848816433143,0.346142537434277,6,1,150,-0.907528047772204,1.34570467631622,6,6.18254192666671,1,11.07447,2702,0,0,6,"both",-0.907528047772204,1.34570467631622
"858","session1",1.36246361640286,9.59576502179771,1.80788225892458,0.00390080228662658,0.971343024780867,0.512848816433143,0.346142537434277,6,1,150,-0.907528047772204,1.34570467631622,6,3.95947518767869,1,6.648949,2702,0,0,6,"both",-0.907528047772204,1.34570467631622
"859","session1",1.36246361640286,9.59576502179771,1.80788225892458,0.00390080228662658,0.971343024780867,0.512848816433143,0.346142537434277,6,1,150,-0.907528047772204,1.34570467631622,6,3.23896424388757,1,7.943205,2702,0,0,6,"both",-0.907528047772204,1.34570467631622
"860","session1",1.36246361640286,9.59576502179771,1.80788225892458,0.00390080228662658,0.971343024780867,0.512848816433143,0.346142537434277,6,1,150,-0.907528047772204,1.34570467631622,6,6.35186431227468,0,-6.95013,2702,0,0,6,"both",-0.907528047772204,1.34570467631622
"861","session1",1.36246361640286,9.59576502179771,1.80788225892458,0.00390080228662658,0.971343024780867,0.512848816433143,0.346142537434277,6,1,150,-0.907528047772204,1.34570467631622,6,6.17972202445007,1,5.60456,2702,0,0,6,"both",-0.907528047772204,1.34570467631622
"862","session1",1.36246361640286,9.59576502179771,1.80788225892458,0.00390080228662658,0.971343024780867,0.512848816433143,0.346142537434277,6,1,150,-0.907528047772204,1.34570467631622,6,3.21754756588513,1,10.35494,2702,0,0,6,"both",-0.907528047772204,1.34570467631622
"863","session1",1.36246361640286,9.59576502179771,1.80788225892458,0.00390080228662658,0.971343024780867,0.512848816433143,0.346142537434277,6,1,150,-0.907528047772204,1.34570467631622,6,1.72331450216133,0,14.51653,2702,0,0,6,"both",-0.907528047772204,1.34570467631622
"864","session1",1.36246361640286,9.59576502179771,1.80788225892458,0.00390080228662658,0.971343024780867,0.512848816433143,0.346142537434277,6,1,150,-0.907528047772204,1.34570467631622,6,2.12909874213866,0,10.8242,2702,0,0,6,"both",-0.907528047772204,1.34570467631622
"865","session1",1.36246361640286,9.59576502179771,1.80788225892458,0.00390080228662658,0.971343024780867,0.512848816433143,0.346142537434277,6,1,150,-0.907528047772204,1.34570467631622,6,4.87894807719834,1,8.20841,2702,0,0,6,"both",-0.907528047772204,1.34570467631622
"866","session1",1.36246361640286,9.59576502179771,1.80788225892458,0.00390080228662658,0.971343024780867,0.512848816433143,0.346142537434277,6,1,150,-0.907528047772204,1.34570467631622,6,6.71432317722009,0,-6.367416,2702,0,0,6,"both",-0.907528047772204,1.34570467631622
"867","session1",1.36246361640286,9.59576502179771,1.80788225892458,0.00390080228662658,0.971343024780867,0.512848816433143,0.346142537434277,6,1,150,-0.907528047772204,1.34570467631622,6,4.24369030213726,0,-11.720141,2702,0,0,6,"both",-0.907528047772204,1.34570467631622
"868","session1",1.36246361640286,9.59576502179771,1.80788225892458,0.00390080228662658,0.971343024780867,0.512848816433143,0.346142537434277,6,1,150,-0.907528047772204,1.34570467631622,6,8,0,-1.21683,2702,0,0,6,"both",-0.907528047772204,1.34570467631622
"869","session1",1.36246361640286,9.59576502179771,1.80788225892458,0.00390080228662658,0.971343024780867,0.512848816433143,0.346142537434277,6,1,150,-0.907528047772204,1.34570467631622,6,2.03573746142298,0,8.71902,2702,0,0,6,"both",-0.907528047772204,1.34570467631622
"870","session1",1.36246361640286,9.59576502179771,1.80788225892458,0.00390080228662658,0.971343024780867,0.512848816433143,0.346142537434277,6,1,150,-0.907528047772204,1.34570467631622,6,2.89405123809645,1,5.229449,2702,0,0,6,"both",-0.907528047772204,1.34570467631622
"871","session1",1.36246361640286,9.59576502179771,1.80788225892458,0.00390080228662658,0.971343024780867,0.512848816433143,0.346142537434277,6,1,150,-0.907528047772204,1.34570467631622,6,5.50783008684445,0,-11.436036,2702,0,0,6,"both",-0.907528047772204,1.34570467631622
"872","session1",1.36246361640286,9.59576502179771,1.80788225892458,0.00390080228662658,0.971343024780867,0.512848816433143,0.346142537434277,6,1,150,-0.907528047772204,1.34570467631622,6,2.93196061621385,1,9.8888,2702,0,0,6,"both",-0.907528047772204,1.34570467631622
"873","session1",1.36246361640286,9.59576502179771,1.80788225892458,0.00390080228662658,0.971343024780867,0.512848816433143,0.346142537434277,6,1,150,-0.907528047772204,1.34570467631622,6,5.95845808755791,0,-3.0491,2702,0,0,6,"both",-0.907528047772204,1.34570467631622
"874","session1",1.36246361640286,9.59576502179771,1.80788225892458,0.00390080228662658,0.971343024780867,0.512848816433143,0.346142537434277,6,1,150,-0.907528047772204,1.34570467631622,6,2.15886362489873,1,8.9566,2702,0,0,6,"both",-0.907528047772204,1.34570467631622
"875","session1",1.36246361640286,9.59576502179771,1.80788225892458,0.00390080228662658,0.971343024780867,0.512848816433143,0.346142537434277,6,1,150,-0.907528047772204,1.34570467631622,6,3.45750320956571,1,10.25518,2702,0,0,6,"both",-0.907528047772204,1.34570467631622
"876","session1",1.36246361640286,9.59576502179771,1.80788225892458,0.00390080228662658,0.971343024780867,0.512848816433143,0.346142537434277,6,1,150,-0.907528047772204,1.34570467631622,6,8,1,7.20471,2702,0,0,6,"both",-0.907528047772204,1.34570467631622
"877","session1",1.36246361640286,9.59576502179771,1.80788225892458,0.00390080228662658,0.971343024780867,0.512848816433143,0.346142537434277,6,1,150,-0.907528047772204,1.34570467631622,6,2.57568417114421,0,-3.33281,2702,0,0,6,"both",-0.907528047772204,1.34570467631622
"878","session1",1.36246361640286,9.59576502179771,1.80788225892458,0.00390080228662658,0.971343024780867,0.512848816433143,0.346142537434277,6,1,150,-0.907528047772204,1.34570467631622,6,2.55631137623349,0,-12.84053,2702,0,0,6,"both",-0.907528047772204,1.34570467631622
"879","session1",1.36246361640286,9.59576502179771,1.80788225892458,0.00390080228662658,0.971343024780867,0.512848816433143,0.346142537434277,6,1,150,-0.907528047772204,1.34570467631622,6,7.35305585112625,1,5.966196,2702,0,0,6,"both",-0.907528047772204,1.34570467631622
"880","session1",1.36246361640286,9.59576502179771,1.80788225892458,0.00390080228662658,0.971343024780867,0.512848816433143,0.346142537434277,6,1,150,-0.907528047772204,1.34570467631622,6,5.15340639381867,1,-3.57095,2702,0,0,6,"both",-0.907528047772204,1.34570467631622
"881","session1",1.36246361640286,9.59576502179771,1.80788225892458,0.00390080228662658,0.971343024780867,0.512848816433143,0.346142537434277,6,1,150,-0.907528047772204,1.34570467631622,6,2.23685118702067,0,6.20735,2702,0,0,6,"both",-0.907528047772204,1.34570467631622
"882","session1",1.36246361640286,9.59576502179771,1.80788225892458,0.00390080228662658,0.971343024780867,0.512848816433143,0.346142537434277,6,1,150,-0.907528047772204,1.34570467631622,6,2.26189515793169,1,6.74063,2702,0,0,6,"both",-0.907528047772204,1.34570467631622
"883","session1",1.36246361640286,9.59576502179771,1.80788225892458,0.00390080228662658,0.971343024780867,0.512848816433143,0.346142537434277,6,1,150,-0.907528047772204,1.34570467631622,6,6.10643300281216,1,-9.384173,2702,0,0,6,"both",-0.907528047772204,1.34570467631622
"884","session1",1.36246361640286,9.59576502179771,1.80788225892458,0.00390080228662658,0.971343024780867,0.512848816433143,0.346142537434277,6,1,150,-0.907528047772204,1.34570467631622,6,3.01002708673027,0,-13.611363,2702,0,0,6,"both",-0.907528047772204,1.34570467631622
"885","session1",1.36246361640286,9.59576502179771,1.80788225892458,0.00390080228662658,0.971343024780867,0.512848816433143,0.346142537434277,6,1,150,-0.907528047772204,1.34570467631622,6,6.47452178984183,0,-3.27163,2702,0,0,6,"both",-0.907528047772204,1.34570467631622
"886","session1",1.36246361640286,9.59576502179771,1.80788225892458,0.00390080228662658,0.971343024780867,0.512848816433143,0.346142537434277,6,1,150,-0.907528047772204,1.34570467631622,6,5.08404652213004,1,-2.0671,2702,0,0,6,"both",-0.907528047772204,1.34570467631622
"887","session1",1.36246361640286,9.59576502179771,1.80788225892458,0.00390080228662658,0.971343024780867,0.512848816433143,0.346142537434277,6,1,150,-0.907528047772204,1.34570467631622,6,1.78380388082975,0,11.080903,2702,0,0,6,"both",-0.907528047772204,1.34570467631622
"888","session1",1.36246361640286,9.59576502179771,1.80788225892458,0.00390080228662658,0.971343024780867,0.512848816433143,0.346142537434277,6,1,150,-0.907528047772204,1.34570467631622,6,3.97875454003299,1,9.14754,2702,0,0,6,"both",-0.907528047772204,1.34570467631622
"889","session1",1.36246361640286,9.59576502179771,1.80788225892458,0.00390080228662658,0.971343024780867,0.512848816433143,0.346142537434277,6,1,150,-0.907528047772204,1.34570467631622,6,3.08505367786085,0,-6.003199,2702,0,0,6,"both",-0.907528047772204,1.34570467631622
"890","session1",1.36246361640286,9.59576502179771,1.80788225892458,0.00390080228662658,0.971343024780867,0.512848816433143,0.346142537434277,6,1,150,-0.907528047772204,1.34570467631622,6,3.45090823061236,1,-6.14825,2702,0,0,6,"both",-0.907528047772204,1.34570467631622
"891","session1",1.36246361640286,9.59576502179771,1.80788225892458,0.00390080228662658,0.971343024780867,0.512848816433143,0.346142537434277,6,1,150,-0.907528047772204,1.34570467631622,6,5.00104514659868,0,-6.46482,2702,0,0,6,"both",-0.907528047772204,1.34570467631622
"892","session1",1.36246361640286,9.59576502179771,1.80788225892458,0.00390080228662658,0.971343024780867,0.512848816433143,0.346142537434277,6,1,150,-0.907528047772204,1.34570467631622,6,3.81464893615183,0,-8.540601,2702,0,0,6,"both",-0.907528047772204,1.34570467631622
"893","session1",1.36246361640286,9.59576502179771,1.80788225892458,0.00390080228662658,0.971343024780867,0.512848816433143,0.346142537434277,6,1,150,-0.907528047772204,1.34570467631622,6,3.2717701569917,0,-3.877368,2702,0,0,6,"both",-0.907528047772204,1.34570467631622
"894","session1",1.36246361640286,9.59576502179771,1.80788225892458,0.00390080228662658,0.971343024780867,0.512848816433143,0.346142537434277,6,1,150,-0.907528047772204,1.34570467631622,6,5.7301309686062,1,6.344831,2702,0,0,6,"both",-0.907528047772204,1.34570467631622
"895","session1",1.36246361640286,9.59576502179771,1.80788225892458,0.00390080228662658,0.971343024780867,0.512848816433143,0.346142537434277,6,1,150,-0.907528047772204,1.34570467631622,6,2.41036301813487,1,9.312537,2702,0,0,6,"both",-0.907528047772204,1.34570467631622
"896","session1",1.36246361640286,9.59576502179771,1.80788225892458,0.00390080228662658,0.971343024780867,0.512848816433143,0.346142537434277,6,1,150,-0.907528047772204,1.34570467631622,6,3.91682571810315,1,5.065389,2702,0,0,6,"both",-0.907528047772204,1.34570467631622
"897","session1",1.36246361640286,9.59576502179771,1.80788225892458,0.00390080228662658,0.971343024780867,0.512848816433143,0.346142537434277,6,1,150,-0.907528047772204,1.34570467631622,6,3.69832900595921,0,-10.790282,2702,0,0,6,"both",-0.907528047772204,1.34570467631622
"898","session1",1.36246361640286,9.59576502179771,1.80788225892458,0.00390080228662658,0.971343024780867,0.512848816433143,0.346142537434277,6,1,150,-0.907528047772204,1.34570467631622,6,2.04281699315051,1,6.28707,2702,0,0,6,"both",-0.907528047772204,1.34570467631622
"899","session1",1.36246361640286,9.59576502179771,1.80788225892458,0.00390080228662658,0.971343024780867,0.512848816433143,0.346142537434277,6,1,150,-0.907528047772204,1.34570467631622,6,4.8599095131145,1,9.549724,2702,0,0,6,"both",-0.907528047772204,1.34570467631622
"900","session1",1.36246361640286,9.59576502179771,1.80788225892458,0.00390080228662658,0.971343024780867,0.512848816433143,0.346142537434277,6,1,150,-0.907528047772204,1.34570467631622,6,2.5376042079735,1,-11.18066,2702,0,0,6,"both",-0.907528047772204,1.34570467631622
"901","session2",-22.8699265655812,9.5061898331355,4.65018793717364,8.99585759590937e-05,-0.946838898741587,0.698466896203355,0.942280603590247,1,2,150,-0.907528047772204,1.34570467631622,7,1.79466915302291,1,-7.578266,2702,0,0,6,"both",-0.907528047772204,1.34570467631622
"902","session2",-22.8699265655812,9.5061898331355,4.65018793717364,8.99585759590937e-05,-0.946838898741587,0.698466896203355,0.942280603590247,1,2,150,-0.907528047772204,1.34570467631622,7,2.1413463704863,1,-11.3343116374,2702,0,0,6,"both",-0.907528047772204,1.34570467631622
"903","session2",-22.8699265655812,9.5061898331355,4.65018793717364,8.99585759590937e-05,-0.946838898741587,0.698466896203355,0.942280603590247,1,2,150,-0.907528047772204,1.34570467631622,7,2.78327785272045,0,-18.0657643828,2702,0,0,6,"both",-0.907528047772204,1.34570467631622
"904","session2",-22.8699265655812,9.5061898331355,4.65018793717364,8.99585759590937e-05,-0.946838898741587,0.698466896203355,0.942280603590247,1,2,150,-0.907528047772204,1.34570467631622,7,1.29384501071297,1,-13.2610030651,2702,0,0,6,"both",-0.907528047772204,1.34570467631622
"905","session2",-22.8699265655812,9.5061898331355,4.65018793717364,8.99585759590937e-05,-0.946838898741587,0.698466896203355,0.942280603590247,1,2,150,-0.907528047772204,1.34570467631622,7,2.2446097612031,1,-14.82609,2702,0,0,6,"both",-0.907528047772204,1.34570467631622
"906","session2",-22.8699265655812,9.5061898331355,4.65018793717364,8.99585759590937e-05,-0.946838898741587,0.698466896203355,0.942280603590247,1,2,150,-0.907528047772204,1.34570467631622,7,2.66129073187855,0,-24.87471,2702,0,0,6,"both",-0.907528047772204,1.34570467631622
"907","session2",-22.8699265655812,9.5061898331355,4.65018793717364,8.99585759590937e-05,-0.946838898741587,0.698466896203355,0.942280603590247,1,2,150,-0.907528047772204,1.34570467631622,7,2.58696637012266,1,-17.955796699,2702,0,0,6,"both",-0.907528047772204,1.34570467631622
"908","session2",-22.8699265655812,9.5061898331355,4.65018793717364,8.99585759590937e-05,-0.946838898741587,0.698466896203355,0.942280603590247,1,2,150,-0.907528047772204,1.34570467631622,7,1.25815457085874,1,-21.82633,2702,0,0,6,"both",-0.907528047772204,1.34570467631622
"909","session2",-22.8699265655812,9.5061898331355,4.65018793717364,8.99585759590937e-05,-0.946838898741587,0.698466896203355,0.942280603590247,1,2,150,-0.907528047772204,1.34570467631622,7,1.41666891259679,1,-12.59041,2702,0,0,6,"both",-0.907528047772204,1.34570467631622
"910","session2",-22.8699265655812,9.5061898331355,4.65018793717364,8.99585759590937e-05,-0.946838898741587,0.698466896203355,0.942280603590247,1,2,150,-0.907528047772204,1.34570467631622,7,1.33489756348447,0,-49.1088,2702,0,0,6,"both",-0.907528047772204,1.34570467631622
"911","session2",-22.8699265655812,9.5061898331355,4.65018793717364,8.99585759590937e-05,-0.946838898741587,0.698466896203355,0.942280603590247,1,2,150,-0.907528047772204,1.34570467631622,7,1.61113916548999,1,-25.40335,2702,0,0,6,"both",-0.907528047772204,1.34570467631622
"912","session2",-22.8699265655812,9.5061898331355,4.65018793717364,8.99585759590937e-05,-0.946838898741587,0.698466896203355,0.942280603590247,1,2,150,-0.907528047772204,1.34570467631622,7,1.27478505299605,0,-46.0635,2702,0,0,6,"both",-0.907528047772204,1.34570467631622
"913","session2",-22.8699265655812,9.5061898331355,4.65018793717364,8.99585759590937e-05,-0.946838898741587,0.698466896203355,0.942280603590247,1,2,150,-0.907528047772204,1.34570467631622,7,4.12789042805371,0,-22.17813,2702,0,0,6,"both",-0.907528047772204,1.34570467631622
"914","session2",-22.8699265655812,9.5061898331355,4.65018793717364,8.99585759590937e-05,-0.946838898741587,0.698466896203355,0.942280603590247,1,2,150,-0.907528047772204,1.34570467631622,7,1.51972687478832,0,-28.9678,2702,0,0,6,"both",-0.907528047772204,1.34570467631622
"915","session2",-22.8699265655812,9.5061898331355,4.65018793717364,8.99585759590937e-05,-0.946838898741587,0.698466896203355,0.942280603590247,1,2,150,-0.907528047772204,1.34570467631622,7,2.27839300402693,1,-31.4357,2702,0,0,6,"both",-0.907528047772204,1.34570467631622
"916","session2",-22.8699265655812,9.5061898331355,4.65018793717364,8.99585759590937e-05,-0.946838898741587,0.698466896203355,0.942280603590247,1,2,150,-0.907528047772204,1.34570467631622,7,1.86485530566346,1,-17.6778,2702,0,0,6,"both",-0.907528047772204,1.34570467631622
"917","session2",-22.8699265655812,9.5061898331355,4.65018793717364,8.99585759590937e-05,-0.946838898741587,0.698466896203355,0.942280603590247,1,2,150,-0.907528047772204,1.34570467631622,7,1.89635584686906,1,-25.04441,2702,0,0,6,"both",-0.907528047772204,1.34570467631622
"918","session2",-22.8699265655812,9.5061898331355,4.65018793717364,8.99585759590937e-05,-0.946838898741587,0.698466896203355,0.942280603590247,1,2,150,-0.907528047772204,1.34570467631622,7,2.05238741192596,0,-35.6593,2702,0,0,6,"both",-0.907528047772204,1.34570467631622
"919","session2",-22.8699265655812,9.5061898331355,4.65018793717364,8.99585759590937e-05,-0.946838898741587,0.698466896203355,0.942280603590247,1,2,150,-0.907528047772204,1.34570467631622,7,1.24474050178142,0,-41.43584,2702,0,0,6,"both",-0.907528047772204,1.34570467631622
"920","session2",-22.8699265655812,9.5061898331355,4.65018793717364,8.99585759590937e-05,-0.946838898741587,0.698466896203355,0.942280603590247,1,2,150,-0.907528047772204,1.34570467631622,7,1.16636578640702,0,-24.00954,2702,0,0,6,"both",-0.907528047772204,1.34570467631622
"921","session2",-22.8699265655812,9.5061898331355,4.65018793717364,8.99585759590937e-05,-0.946838898741587,0.698466896203355,0.942280603590247,1,2,150,-0.907528047772204,1.34570467631622,7,2.24766030363634,1,-11.0308,2702,0,0,6,"both",-0.907528047772204,1.34570467631622
"922","session2",-22.8699265655812,9.5061898331355,4.65018793717364,8.99585759590937e-05,-0.946838898741587,0.698466896203355,0.942280603590247,1,2,150,-0.907528047772204,1.34570467631622,7,1.42263662646277,1,-12.80259,2702,0,0,6,"both",-0.907528047772204,1.34570467631622
"923","session2",-22.8699265655812,9.5061898331355,4.65018793717364,8.99585759590937e-05,-0.946838898741587,0.698466896203355,0.942280603590247,1,2,150,-0.907528047772204,1.34570467631622,7,1.46461825479737,0,-33.87129,2702,0,0,6,"both",-0.907528047772204,1.34570467631622
"924","session2",-22.8699265655812,9.5061898331355,4.65018793717364,8.99585759590937e-05,-0.946838898741587,0.698466896203355,0.942280603590247,1,2,150,-0.907528047772204,1.34570467631622,7,1.83803563750738,1,-14.18285,2702,0,0,6,"both",-0.907528047772204,1.34570467631622
"925","session2",-22.8699265655812,9.5061898331355,4.65018793717364,8.99585759590937e-05,-0.946838898741587,0.698466896203355,0.942280603590247,1,2,150,-0.907528047772204,1.34570467631622,7,1.88400748006042,0,-28.59286,2702,0,0,6,"both",-0.907528047772204,1.34570467631622
"926","session2",-22.8699265655812,9.5061898331355,4.65018793717364,8.99585759590937e-05,-0.946838898741587,0.698466896203355,0.942280603590247,1,2,150,-0.907528047772204,1.34570467631622,7,1.17968626284615,0,-42.891,2702,0,0,6,"both",-0.907528047772204,1.34570467631622
"927","session2",-22.8699265655812,9.5061898331355,4.65018793717364,8.99585759590937e-05,-0.946838898741587,0.698466896203355,0.942280603590247,1,2,150,-0.907528047772204,1.34570467631622,7,1.16797732448199,0,-40.8795,2702,0,0,6,"both",-0.907528047772204,1.34570467631622
"928","session2",-22.8699265655812,9.5061898331355,4.65018793717364,8.99585759590937e-05,-0.946838898741587,0.698466896203355,0.942280603590247,1,2,150,-0.907528047772204,1.34570467631622,7,1.20451808874255,0,-19.2385,2702,0,0,6,"both",-0.907528047772204,1.34570467631622
"929","session2",-22.8699265655812,9.5061898331355,4.65018793717364,8.99585759590937e-05,-0.946838898741587,0.698466896203355,0.942280603590247,1,2,150,-0.907528047772204,1.34570467631622,7,2.10221545951374,0,-33.43103,2702,0,0,6,"both",-0.907528047772204,1.34570467631622
"930","session2",-22.8699265655812,9.5061898331355,4.65018793717364,8.99585759590937e-05,-0.946838898741587,0.698466896203355,0.942280603590247,1,2,150,-0.907528047772204,1.34570467631622,7,1.38875683899034,1,-12.92981,2702,0,0,6,"both",-0.907528047772204,1.34570467631622
"931","session2",-22.8699265655812,9.5061898331355,4.65018793717364,8.99585759590937e-05,-0.946838898741587,0.698466896203355,0.942280603590247,1,2,150,-0.907528047772204,1.34570467631622,7,2.83926888172698,0,-32.8534,2702,0,0,6,"both",-0.907528047772204,1.34570467631622
"932","session2",-22.8699265655812,9.5061898331355,4.65018793717364,8.99585759590937e-05,-0.946838898741587,0.698466896203355,0.942280603590247,1,2,150,-0.907528047772204,1.34570467631622,7,2.07097786803621,0,-15.75284,2702,0,0,6,"both",-0.907528047772204,1.34570467631622
"933","session2",-22.8699265655812,9.5061898331355,4.65018793717364,8.99585759590937e-05,-0.946838898741587,0.698466896203355,0.942280603590247,1,2,150,-0.907528047772204,1.34570467631622,7,1.36888216322335,0,-30.78178,2702,0,0,6,"both",-0.907528047772204,1.34570467631622
"934","session2",-22.8699265655812,9.5061898331355,4.65018793717364,8.99585759590937e-05,-0.946838898741587,0.698466896203355,0.942280603590247,1,2,150,-0.907528047772204,1.34570467631622,7,1.63310839733659,0,-38.7714,2702,0,0,6,"both",-0.907528047772204,1.34570467631622
"935","session2",-22.8699265655812,9.5061898331355,4.65018793717364,8.99585759590937e-05,-0.946838898741587,0.698466896203355,0.942280603590247,1,2,150,-0.907528047772204,1.34570467631622,7,2.23735487376129,1,-11.58242,2702,0,0,6,"both",-0.907528047772204,1.34570467631622
"936","session2",-22.8699265655812,9.5061898331355,4.65018793717364,8.99585759590937e-05,-0.946838898741587,0.698466896203355,0.942280603590247,1,2,150,-0.907528047772204,1.34570467631622,7,2.19988741791332,1,-13.74203,2702,0,0,6,"both",-0.907528047772204,1.34570467631622
"937","session2",-22.8699265655812,9.5061898331355,4.65018793717364,8.99585759590937e-05,-0.946838898741587,0.698466896203355,0.942280603590247,1,2,150,-0.907528047772204,1.34570467631622,7,1.11669722215598,0,-12.9596,2702,0,0,6,"both",-0.907528047772204,1.34570467631622
"938","session2",-22.8699265655812,9.5061898331355,4.65018793717364,8.99585759590937e-05,-0.946838898741587,0.698466896203355,0.942280603590247,1,2,150,-0.907528047772204,1.34570467631622,7,1.30089067319726,1,-1.9897,2702,0,0,6,"both",-0.907528047772204,1.34570467631622
"939","session2",-22.8699265655812,9.5061898331355,4.65018793717364,8.99585759590937e-05,-0.946838898741587,0.698466896203355,0.942280603590247,1,2,150,-0.907528047772204,1.34570467631622,7,1.66624249050611,0,-30.59422,2702,0,0,6,"both",-0.907528047772204,1.34570467631622
"940","session2",-22.8699265655812,9.5061898331355,4.65018793717364,8.99585759590937e-05,-0.946838898741587,0.698466896203355,0.942280603590247,1,2,150,-0.907528047772204,1.34570467631622,7,1.3894829483563,1,-5.1973,2702,0,0,6,"both",-0.907528047772204,1.34570467631622
"941","session2",-22.8699265655812,9.5061898331355,4.65018793717364,8.99585759590937e-05,-0.946838898741587,0.698466896203355,0.942280603590247,1,2,150,-0.907528047772204,1.34570467631622,7,1.44913681713171,1,-14.53576,2702,0,0,6,"both",-0.907528047772204,1.34570467631622
"942","session2",-22.8699265655812,9.5061898331355,4.65018793717364,8.99585759590937e-05,-0.946838898741587,0.698466896203355,0.942280603590247,1,2,150,-0.907528047772204,1.34570467631622,7,2.02095293190493,0,-28.36137,2702,0,0,6,"both",-0.907528047772204,1.34570467631622
"943","session2",-22.8699265655812,9.5061898331355,4.65018793717364,8.99585759590937e-05,-0.946838898741587,0.698466896203355,0.942280603590247,1,2,150,-0.907528047772204,1.34570467631622,7,3.32515191834677,0,-38.9341,2702,0,0,6,"both",-0.907528047772204,1.34570467631622
"944","session2",-22.8699265655812,9.5061898331355,4.65018793717364,8.99585759590937e-05,-0.946838898741587,0.698466896203355,0.942280603590247,1,2,150,-0.907528047772204,1.34570467631622,7,1.24647274163347,0,-40.4857,2702,0,0,6,"both",-0.907528047772204,1.34570467631622
"945","session2",-22.8699265655812,9.5061898331355,4.65018793717364,8.99585759590937e-05,-0.946838898741587,0.698466896203355,0.942280603590247,1,2,150,-0.907528047772204,1.34570467631622,7,1.87304655591399,0,-23.95748,2702,0,0,6,"both",-0.907528047772204,1.34570467631622
"946","session2",-22.8699265655812,9.5061898331355,4.65018793717364,8.99585759590937e-05,-0.946838898741587,0.698466896203355,0.942280603590247,1,2,150,-0.907528047772204,1.34570467631622,7,1.32400638148891,1,-9.90051,2702,0,0,6,"both",-0.907528047772204,1.34570467631622
"947","session2",-22.8699265655812,9.5061898331355,4.65018793717364,8.99585759590937e-05,-0.946838898741587,0.698466896203355,0.942280603590247,1,2,150,-0.907528047772204,1.34570467631622,7,1.28352429795579,1,-13.90039,2702,0,0,6,"both",-0.907528047772204,1.34570467631622
"948","session2",-22.8699265655812,9.5061898331355,4.65018793717364,8.99585759590937e-05,-0.946838898741587,0.698466896203355,0.942280603590247,1,2,150,-0.907528047772204,1.34570467631622,7,1.32872774837907,0,-27.56994,2702,0,0,6,"both",-0.907528047772204,1.34570467631622
"949","session2",-22.8699265655812,9.5061898331355,4.65018793717364,8.99585759590937e-05,-0.946838898741587,0.698466896203355,0.942280603590247,1,2,150,-0.907528047772204,1.34570467631622,7,1.26579523318779,1,-12.93764,2702,0,0,6,"both",-0.907528047772204,1.34570467631622
"950","session2",-22.8699265655812,9.5061898331355,4.65018793717364,8.99585759590937e-05,-0.946838898741587,0.698466896203355,0.942280603590247,1,2,150,-0.907528047772204,1.34570467631622,7,1.46469626553339,0,-32.84261,2702,0,0,6,"both",-0.907528047772204,1.34570467631622
"951","session2",-22.8699265655812,9.5061898331355,4.65018793717364,8.99585759590937e-05,-0.946838898741587,0.698466896203355,0.942280603590247,1,2,150,-0.907528047772204,1.34570467631622,7,3.65360545831609,0,-21.2518,2702,0,0,6,"both",-0.907528047772204,1.34570467631622
"952","session2",-22.8699265655812,9.5061898331355,4.65018793717364,8.99585759590937e-05,-0.946838898741587,0.698466896203355,0.942280603590247,1,2,150,-0.907528047772204,1.34570467631622,7,1.49699563472815,0,-16.7614,2702,0,0,6,"both",-0.907528047772204,1.34570467631622
"953","session2",-22.8699265655812,9.5061898331355,4.65018793717364,8.99585759590937e-05,-0.946838898741587,0.698466896203355,0.942280603590247,1,2,150,-0.907528047772204,1.34570467631622,7,1.69339405479682,1,-24.52447,2702,0,0,6,"both",-0.907528047772204,1.34570467631622
"954","session2",-22.8699265655812,9.5061898331355,4.65018793717364,8.99585759590937e-05,-0.946838898741587,0.698466896203355,0.942280603590247,1,2,150,-0.907528047772204,1.34570467631622,7,1.91980757386275,1,-14.00863,2702,0,0,6,"both",-0.907528047772204,1.34570467631622
"955","session2",-22.8699265655812,9.5061898331355,4.65018793717364,8.99585759590937e-05,-0.946838898741587,0.698466896203355,0.942280603590247,1,2,150,-0.907528047772204,1.34570467631622,7,1.03119967923999,1,-14.53534,2702,0,0,6,"both",-0.907528047772204,1.34570467631622
"956","session2",-22.8699265655812,9.5061898331355,4.65018793717364,8.99585759590937e-05,-0.946838898741587,0.698466896203355,0.942280603590247,1,2,150,-0.907528047772204,1.34570467631622,7,1.79613865727368,1,-25.00714,2702,0,0,6,"both",-0.907528047772204,1.34570467631622
"957","session2",-22.8699265655812,9.5061898331355,4.65018793717364,8.99585759590937e-05,-0.946838898741587,0.698466896203355,0.942280603590247,1,2,150,-0.907528047772204,1.34570467631622,7,1.10576084540362,1,-10.2639,2702,0,0,6,"both",-0.907528047772204,1.34570467631622
"958","session2",-22.8699265655812,9.5061898331355,4.65018793717364,8.99585759590937e-05,-0.946838898741587,0.698466896203355,0.942280603590247,1,2,150,-0.907528047772204,1.34570467631622,7,1.7092552816155,0,-30.09978,2702,0,0,6,"both",-0.907528047772204,1.34570467631622
"959","session2",-22.8699265655812,9.5061898331355,4.65018793717364,8.99585759590937e-05,-0.946838898741587,0.698466896203355,0.942280603590247,1,2,150,-0.907528047772204,1.34570467631622,7,3.83749040195346,1,-13.70416,2702,0,0,6,"both",-0.907528047772204,1.34570467631622
"960","session2",-22.8699265655812,9.5061898331355,4.65018793717364,8.99585759590937e-05,-0.946838898741587,0.698466896203355,0.942280603590247,1,2,150,-0.907528047772204,1.34570467631622,7,1.47982801737427,1,-13.02669,2702,0,0,6,"both",-0.907528047772204,1.34570467631622
"961","session2",-22.8699265655812,9.5061898331355,4.65018793717364,8.99585759590937e-05,-0.946838898741587,0.698466896203355,0.942280603590247,1,2,150,-0.907528047772204,1.34570467631622,7,2.14201099411245,1,-15.74664,2702,0,0,6,"both",-0.907528047772204,1.34570467631622
"962","session2",-22.8699265655812,9.5061898331355,4.65018793717364,8.99585759590937e-05,-0.946838898741587,0.698466896203355,0.942280603590247,1,2,150,-0.907528047772204,1.34570467631622,7,1.6660541222644,0,-30.6442,2702,0,0,6,"both",-0.907528047772204,1.34570467631622
"963","session2",-22.8699265655812,9.5061898331355,4.65018793717364,8.99585759590937e-05,-0.946838898741587,0.698466896203355,0.942280603590247,1,2,150,-0.907528047772204,1.34570467631622,7,1.57012484209208,1,-29.97494,2702,0,0,6,"both",-0.907528047772204,1.34570467631622
"964","session2",-22.8699265655812,9.5061898331355,4.65018793717364,8.99585759590937e-05,-0.946838898741587,0.698466896203355,0.942280603590247,1,2,150,-0.907528047772204,1.34570467631622,7,1.03281613845734,1,-8.3071,2702,0,0,6,"both",-0.907528047772204,1.34570467631622
"965","session2",-22.8699265655812,9.5061898331355,4.65018793717364,8.99585759590937e-05,-0.946838898741587,0.698466896203355,0.942280603590247,1,2,150,-0.907528047772204,1.34570467631622,7,2.17760984729451,0,-31.07262,2702,0,0,6,"both",-0.907528047772204,1.34570467631622
"966","session2",-22.8699265655812,9.5061898331355,4.65018793717364,8.99585759590937e-05,-0.946838898741587,0.698466896203355,0.942280603590247,1,2,150,-0.907528047772204,1.34570467631622,7,1.9147042992521,1,-14.66043,2702,0,0,6,"both",-0.907528047772204,1.34570467631622
"967","session2",-22.8699265655812,9.5061898331355,4.65018793717364,8.99585759590937e-05,-0.946838898741587,0.698466896203355,0.942280603590247,1,2,150,-0.907528047772204,1.34570467631622,7,2.23624707685288,1,-13.3286,2702,0,0,6,"both",-0.907528047772204,1.34570467631622
"968","session2",-22.8699265655812,9.5061898331355,4.65018793717364,8.99585759590937e-05,-0.946838898741587,0.698466896203355,0.942280603590247,1,2,150,-0.907528047772204,1.34570467631622,7,1.93597443572598,1,-15.40668,2702,0,0,6,"both",-0.907528047772204,1.34570467631622
"969","session2",-22.8699265655812,9.5061898331355,4.65018793717364,8.99585759590937e-05,-0.946838898741587,0.698466896203355,0.942280603590247,1,2,150,-0.907528047772204,1.34570467631622,7,2.55860774084291,1,-20.09666,2702,0,0,6,"both",-0.907528047772204,1.34570467631622
"970","session2",-22.8699265655812,9.5061898331355,4.65018793717364,8.99585759590937e-05,-0.946838898741587,0.698466896203355,0.942280603590247,1,2,150,-0.907528047772204,1.34570467631622,7,2.2355562421442,0,-14.88413,2702,0,0,6,"both",-0.907528047772204,1.34570467631622
"971","session2",-22.8699265655812,9.5061898331355,4.65018793717364,8.99585759590937e-05,-0.946838898741587,0.698466896203355,0.942280603590247,1,2,150,-0.907528047772204,1.34570467631622,7,1.93982661580106,1,-27.98732,2702,0,0,6,"both",-0.907528047772204,1.34570467631622
"972","session2",-22.8699265655812,9.5061898331355,4.65018793717364,8.99585759590937e-05,-0.946838898741587,0.698466896203355,0.942280603590247,1,2,150,-0.907528047772204,1.34570467631622,7,2.46872702345771,0,-30.35115,2702,0,0,6,"both",-0.907528047772204,1.34570467631622
"973","session2",-22.8699265655812,9.5061898331355,4.65018793717364,8.99585759590937e-05,-0.946838898741587,0.698466896203355,0.942280603590247,1,2,150,-0.907528047772204,1.34570467631622,7,1.74511389515315,1,-10.77048,2702,0,0,6,"both",-0.907528047772204,1.34570467631622
"974","session2",-22.8699265655812,9.5061898331355,4.65018793717364,8.99585759590937e-05,-0.946838898741587,0.698466896203355,0.942280603590247,1,2,150,-0.907528047772204,1.34570467631622,7,1.2541054971076,1,-33.2065,2702,0,0,6,"both",-0.907528047772204,1.34570467631622
"975","session2",-22.8699265655812,9.5061898331355,4.65018793717364,8.99585759590937e-05,-0.946838898741587,0.698466896203355,0.942280603590247,1,2,150,-0.907528047772204,1.34570467631622,7,1.58056812592238,0,-37.0023,2702,0,0,6,"both",-0.907528047772204,1.34570467631622
"976","session2",-22.8699265655812,9.5061898331355,4.65018793717364,8.99585759590937e-05,-0.946838898741587,0.698466896203355,0.942280603590247,1,2,150,-0.907528047772204,1.34570467631622,7,2.144090362191,0,-30.98785,2702,0,0,6,"both",-0.907528047772204,1.34570467631622
"977","session2",-22.8699265655812,9.5061898331355,4.65018793717364,8.99585759590937e-05,-0.946838898741587,0.698466896203355,0.942280603590247,1,2,150,-0.907528047772204,1.34570467631622,7,1.56588138428467,1,-28.48517,2702,0,0,6,"both",-0.907528047772204,1.34570467631622
"978","session2",-22.8699265655812,9.5061898331355,4.65018793717364,8.99585759590937e-05,-0.946838898741587,0.698466896203355,0.942280603590247,1,2,150,-0.907528047772204,1.34570467631622,7,1.32875194261112,0,-31.3226,2702,0,0,6,"both",-0.907528047772204,1.34570467631622
"979","session2",-22.8699265655812,9.5061898331355,4.65018793717364,8.99585759590937e-05,-0.946838898741587,0.698466896203355,0.942280603590247,1,2,150,-0.907528047772204,1.34570467631622,7,1.5833579617576,0,-36.9139,2702,0,0,6,"both",-0.907528047772204,1.34570467631622
"980","session2",-22.8699265655812,9.5061898331355,4.65018793717364,8.99585759590937e-05,-0.946838898741587,0.698466896203355,0.942280603590247,1,2,150,-0.907528047772204,1.34570467631622,7,2.36024782359029,0,-30.06755,2702,0,0,6,"both",-0.907528047772204,1.34570467631622
"981","session2",-22.8699265655812,9.5061898331355,4.65018793717364,8.99585759590937e-05,-0.946838898741587,0.698466896203355,0.942280603590247,1,2,150,-0.907528047772204,1.34570467631622,7,2.84915154734955,0,-31.34007,2702,0,0,6,"both",-0.907528047772204,1.34570467631622
"982","session2",-22.8699265655812,9.5061898331355,4.65018793717364,8.99585759590937e-05,-0.946838898741587,0.698466896203355,0.942280603590247,1,2,150,-0.907528047772204,1.34570467631622,7,1.77546041477238,0,-12.768,2702,0,0,6,"both",-0.907528047772204,1.34570467631622
"983","session2",-22.8699265655812,9.5061898331355,4.65018793717364,8.99585759590937e-05,-0.946838898741587,0.698466896203355,0.942280603590247,1,2,150,-0.907528047772204,1.34570467631622,7,2.66636012024716,0,-17.34689,2702,0,0,6,"both",-0.907528047772204,1.34570467631622
"984","session2",-22.8699265655812,9.5061898331355,4.65018793717364,8.99585759590937e-05,-0.946838898741587,0.698466896203355,0.942280603590247,1,2,150,-0.907528047772204,1.34570467631622,7,1.3453350520589,1,-10.52222,2702,0,0,6,"both",-0.907528047772204,1.34570467631622
"985","session2",-22.8699265655812,9.5061898331355,4.65018793717364,8.99585759590937e-05,-0.946838898741587,0.698466896203355,0.942280603590247,1,2,150,-0.907528047772204,1.34570467631622,7,2.04999080503925,1,-18.8221,2702,0,0,6,"both",-0.907528047772204,1.34570467631622
"986","session2",-22.8699265655812,9.5061898331355,4.65018793717364,8.99585759590937e-05,-0.946838898741587,0.698466896203355,0.942280603590247,1,2,150,-0.907528047772204,1.34570467631622,7,1.1525588307494,0,-29.61171,2702,0,0,6,"both",-0.907528047772204,1.34570467631622
"987","session2",-22.8699265655812,9.5061898331355,4.65018793717364,8.99585759590937e-05,-0.946838898741587,0.698466896203355,0.942280603590247,1,2,150,-0.907528047772204,1.34570467631622,7,2.87992425251953,0,-29.2388,2702,0,0,6,"both",-0.907528047772204,1.34570467631622
"988","session2",-22.8699265655812,9.5061898331355,4.65018793717364,8.99585759590937e-05,-0.946838898741587,0.698466896203355,0.942280603590247,1,2,150,-0.907528047772204,1.34570467631622,7,1.19799649139596,0,-51.3202336,2702,0,0,6,"both",-0.907528047772204,1.34570467631622
"989","session2",-22.8699265655812,9.5061898331355,4.65018793717364,8.99585759590937e-05,-0.946838898741587,0.698466896203355,0.942280603590247,1,2,150,-0.907528047772204,1.34570467631622,7,1.59694482291272,1,-28.59624,2702,0,0,6,"both",-0.907528047772204,1.34570467631622
"990","session2",-22.8699265655812,9.5061898331355,4.65018793717364,8.99585759590937e-05,-0.946838898741587,0.698466896203355,0.942280603590247,1,2,150,-0.907528047772204,1.34570467631622,7,2.35519056598042,0,-32.8505,2702,0,0,6,"both",-0.907528047772204,1.34570467631622
"991","session2",-22.8699265655812,9.5061898331355,4.65018793717364,8.99585759590937e-05,-0.946838898741587,0.698466896203355,0.942280603590247,1,2,150,-0.907528047772204,1.34570467631622,7,1.72531678244645,0,-32.3557,2702,0,0,6,"both",-0.907528047772204,1.34570467631622
"992","session2",-22.8699265655812,9.5061898331355,4.65018793717364,8.99585759590937e-05,-0.946838898741587,0.698466896203355,0.942280603590247,1,2,150,-0.907528047772204,1.34570467631622,7,2.21343097828271,0,-15.94686,2702,0,0,6,"both",-0.907528047772204,1.34570467631622
"993","session2",-22.8699265655812,9.5061898331355,4.65018793717364,8.99585759590937e-05,-0.946838898741587,0.698466896203355,0.942280603590247,1,2,150,-0.907528047772204,1.34570467631622,7,1.96913883018866,0,-30.53605,2702,0,0,6,"both",-0.907528047772204,1.34570467631622
"994","session2",-22.8699265655812,9.5061898331355,4.65018793717364,8.99585759590937e-05,-0.946838898741587,0.698466896203355,0.942280603590247,1,2,150,-0.907528047772204,1.34570467631622,7,2.509064805239,0,-30.49504,2702,0,0,6,"both",-0.907528047772204,1.34570467631622
"995","session2",-22.8699265655812,9.5061898331355,4.65018793717364,8.99585759590937e-05,-0.946838898741587,0.698466896203355,0.942280603590247,1,2,150,-0.907528047772204,1.34570467631622,7,1.28784431289913,0,-37.8422,2702,0,0,6,"both",-0.907528047772204,1.34570467631622
"996","session2",-22.8699265655812,9.5061898331355,4.65018793717364,8.99585759590937e-05,-0.946838898741587,0.698466896203355,0.942280603590247,1,2,150,-0.907528047772204,1.34570467631622,7,2.1857308783123,0,-33.77397,2702,0,0,6,"both",-0.907528047772204,1.34570467631622
"997","session2",-22.8699265655812,9.5061898331355,4.65018793717364,8.99585759590937e-05,-0.946838898741587,0.698466896203355,0.942280603590247,1,2,150,-0.907528047772204,1.34570467631622,7,1.12014708651096,1,-10.14096,2702,0,0,6,"both",-0.907528047772204,1.34570467631622
"998","session2",-22.8699265655812,9.5061898331355,4.65018793717364,8.99585759590937e-05,-0.946838898741587,0.698466896203355,0.942280603590247,1,2,150,-0.907528047772204,1.34570467631622,7,1.62288212903019,0,-30.57766,2702,0,0,6,"both",-0.907528047772204,1.34570467631622
"999","session2",-22.8699265655812,9.5061898331355,4.65018793717364,8.99585759590937e-05,-0.946838898741587,0.698466896203355,0.942280603590247,1,2,150,-0.907528047772204,1.34570467631622,7,1.36975169049466,1,-13.2784,2702,0,0,6,"both",-0.907528047772204,1.34570467631622
"1000","session2",-22.8699265655812,9.5061898331355,4.65018793717364,8.99585759590937e-05,-0.946838898741587,0.698466896203355,0.942280603590247,1,2,150,-0.907528047772204,1.34570467631622,7,1.23486304614162,0,-28.95631,2702,0,0,6,"both",-0.907528047772204,1.34570467631622
"1001","session2",-22.8699265655812,9.5061898331355,4.65018793717364,8.99585759590937e-05,-0.946838898741587,0.698466896203355,0.942280603590247,1,2,150,-0.907528047772204,1.34570467631622,7,1.51200362147144,1,-11.6394,2702,0,0,6,"both",-0.907528047772204,1.34570467631622
"1002","session2",-22.8699265655812,9.5061898331355,4.65018793717364,8.99585759590937e-05,-0.946838898741587,0.698466896203355,0.942280603590247,1,2,150,-0.907528047772204,1.34570467631622,7,1.44355557636278,0,-35.23008,2702,0,0,6,"both",-0.907528047772204,1.34570467631622
"1003","session2",-22.8699265655812,9.5061898331355,4.65018793717364,8.99585759590937e-05,-0.946838898741587,0.698466896203355,0.942280603590247,1,2,150,-0.907528047772204,1.34570467631622,7,1.29340831221709,0,-30.74056,2702,0,0,6,"both",-0.907528047772204,1.34570467631622
"1004","session2",-22.8699265655812,9.5061898331355,4.65018793717364,8.99585759590937e-05,-0.946838898741587,0.698466896203355,0.942280603590247,1,2,150,-0.907528047772204,1.34570467631622,7,1.32228180187826,1,-32.10027,2702,0,0,6,"both",-0.907528047772204,1.34570467631622
"1005","session2",-22.8699265655812,9.5061898331355,4.65018793717364,8.99585759590937e-05,-0.946838898741587,0.698466896203355,0.942280603590247,1,2,150,-0.907528047772204,1.34570467631622,7,1.21019082756907,0,-102.0436796,2702,0,0,6,"both",-0.907528047772204,1.34570467631622
"1006","session2",-22.8699265655812,9.5061898331355,4.65018793717364,8.99585759590937e-05,-0.946838898741587,0.698466896203355,0.942280603590247,1,2,150,-0.907528047772204,1.34570467631622,7,2.84484680271807,1,-16.97215,2702,0,0,6,"both",-0.907528047772204,1.34570467631622
"1007","session2",-22.8699265655812,9.5061898331355,4.65018793717364,8.99585759590937e-05,-0.946838898741587,0.698466896203355,0.942280603590247,1,2,150,-0.907528047772204,1.34570467631622,7,1.44974034174105,1,-12.92427,2702,0,0,6,"both",-0.907528047772204,1.34570467631622
"1008","session2",-22.8699265655812,9.5061898331355,4.65018793717364,8.99585759590937e-05,-0.946838898741587,0.698466896203355,0.942280603590247,1,2,150,-0.907528047772204,1.34570467631622,7,1.49414608691132,0,-33.3737,2702,0,0,6,"both",-0.907528047772204,1.34570467631622
"1009","session2",-22.8699265655812,9.5061898331355,4.65018793717364,8.99585759590937e-05,-0.946838898741587,0.698466896203355,0.942280603590247,1,2,150,-0.907528047772204,1.34570467631622,7,1.58313324711849,0,-31.32491,2702,0,0,6,"both",-0.907528047772204,1.34570467631622
"1010","session2",-22.8699265655812,9.5061898331355,4.65018793717364,8.99585759590937e-05,-0.946838898741587,0.698466896203355,0.942280603590247,1,2,150,-0.907528047772204,1.34570467631622,7,3.50698359619479,0,-30.46454,2702,0,0,6,"both",-0.907528047772204,1.34570467631622
"1011","session2",-22.8699265655812,9.5061898331355,4.65018793717364,8.99585759590937e-05,-0.946838898741587,0.698466896203355,0.942280603590247,1,2,150,-0.907528047772204,1.34570467631622,7,1.40944452752685,0,-29.07446,2702,0,0,6,"both",-0.907528047772204,1.34570467631622
"1012","session2",-22.8699265655812,9.5061898331355,4.65018793717364,8.99585759590937e-05,-0.946838898741587,0.698466896203355,0.942280603590247,1,2,150,-0.907528047772204,1.34570467631622,7,1.50473953321331,0,-30.55857,2702,0,0,6,"both",-0.907528047772204,1.34570467631622
"1013","session2",-22.8699265655812,9.5061898331355,4.65018793717364,8.99585759590937e-05,-0.946838898741587,0.698466896203355,0.942280603590247,1,2,150,-0.907528047772204,1.34570467631622,7,1.50523800134284,0,-32.77459,2702,0,0,6,"both",-0.907528047772204,1.34570467631622
"1014","session2",-22.8699265655812,9.5061898331355,4.65018793717364,8.99585759590937e-05,-0.946838898741587,0.698466896203355,0.942280603590247,1,2,150,-0.907528047772204,1.34570467631622,7,2.33976626909584,1,-27.41306,2702,0,0,6,"both",-0.907528047772204,1.34570467631622
"1015","session2",-22.8699265655812,9.5061898331355,4.65018793717364,8.99585759590937e-05,-0.946838898741587,0.698466896203355,0.942280603590247,1,2,150,-0.907528047772204,1.34570467631622,7,1.42794854248828,1,-32.59255,2702,0,0,6,"both",-0.907528047772204,1.34570467631622
"1016","session2",-22.8699265655812,9.5061898331355,4.65018793717364,8.99585759590937e-05,-0.946838898741587,0.698466896203355,0.942280603590247,1,2,150,-0.907528047772204,1.34570467631622,7,1.21506065652811,0,-94.2371241,2702,0,0,6,"both",-0.907528047772204,1.34570467631622
"1017","session2",-22.8699265655812,9.5061898331355,4.65018793717364,8.99585759590937e-05,-0.946838898741587,0.698466896203355,0.942280603590247,1,2,150,-0.907528047772204,1.34570467631622,7,1.1889105377743,1,-31.03096,2702,0,0,6,"both",-0.907528047772204,1.34570467631622
"1018","session2",-22.8699265655812,9.5061898331355,4.65018793717364,8.99585759590937e-05,-0.946838898741587,0.698466896203355,0.942280603590247,1,2,150,-0.907528047772204,1.34570467631622,7,2.04239164805624,0,-16.44175,2702,0,0,6,"both",-0.907528047772204,1.34570467631622
"1019","session2",-22.8699265655812,9.5061898331355,4.65018793717364,8.99585759590937e-05,-0.946838898741587,0.698466896203355,0.942280603590247,1,2,150,-0.907528047772204,1.34570467631622,7,3.8162230499134,1,-29.84334,2702,0,0,6,"both",-0.907528047772204,1.34570467631622
"1020","session2",-22.8699265655812,9.5061898331355,4.65018793717364,8.99585759590937e-05,-0.946838898741587,0.698466896203355,0.942280603590247,1,2,150,-0.907528047772204,1.34570467631622,7,1.91257331448802,0,-30.11181,2702,0,0,6,"both",-0.907528047772204,1.34570467631622
"1021","session2",-22.8699265655812,9.5061898331355,4.65018793717364,8.99585759590937e-05,-0.946838898741587,0.698466896203355,0.942280603590247,1,2,150,-0.907528047772204,1.34570467631622,7,2.20718270834636,0,-31.49653,2702,0,0,6,"both",-0.907528047772204,1.34570467631622
"1022","session2",-22.8699265655812,9.5061898331355,4.65018793717364,8.99585759590937e-05,-0.946838898741587,0.698466896203355,0.942280603590247,1,2,150,-0.907528047772204,1.34570467631622,7,1.41092080207496,1,-14.00775,2702,0,0,6,"both",-0.907528047772204,1.34570467631622
"1023","session2",-22.8699265655812,9.5061898331355,4.65018793717364,8.99585759590937e-05,-0.946838898741587,0.698466896203355,0.942280603590247,1,2,150,-0.907528047772204,1.34570467631622,7,1.94040597796795,0,-16.84886,2702,0,0,6,"both",-0.907528047772204,1.34570467631622
"1024","session2",-22.8699265655812,9.5061898331355,4.65018793717364,8.99585759590937e-05,-0.946838898741587,0.698466896203355,0.942280603590247,1,2,150,-0.907528047772204,1.34570467631622,7,1.39259893636174,1,-15.59005,2702,0,0,6,"both",-0.907528047772204,1.34570467631622
"1025","session2",-22.8699265655812,9.5061898331355,4.65018793717364,8.99585759590937e-05,-0.946838898741587,0.698466896203355,0.942280603590247,1,2,150,-0.907528047772204,1.34570467631622,7,2.13042603997515,0,-30.332,2702,0,0,6,"both",-0.907528047772204,1.34570467631622
"1026","session2",-22.8699265655812,9.5061898331355,4.65018793717364,8.99585759590937e-05,-0.946838898741587,0.698466896203355,0.942280603590247,1,2,150,-0.907528047772204,1.34570467631622,7,1.40148575569955,1,-13.94512,2702,0,0,6,"both",-0.907528047772204,1.34570467631622
"1027","session2",-22.8699265655812,9.5061898331355,4.65018793717364,8.99585759590937e-05,-0.946838898741587,0.698466896203355,0.942280603590247,1,2,150,-0.907528047772204,1.34570467631622,7,2.67083289979475,1,-13.04326,2702,0,0,6,"both",-0.907528047772204,1.34570467631622
"1028","session2",-22.8699265655812,9.5061898331355,4.65018793717364,8.99585759590937e-05,-0.946838898741587,0.698466896203355,0.942280603590247,1,2,150,-0.907528047772204,1.34570467631622,7,1.19802259209161,0,-30.60385,2702,0,0,6,"both",-0.907528047772204,1.34570467631622
"1029","session2",-22.8699265655812,9.5061898331355,4.65018793717364,8.99585759590937e-05,-0.946838898741587,0.698466896203355,0.942280603590247,1,2,150,-0.907528047772204,1.34570467631622,7,1.84197718700155,0,-15.46939,2702,0,0,6,"both",-0.907528047772204,1.34570467631622
"1030","session2",-22.8699265655812,9.5061898331355,4.65018793717364,8.99585759590937e-05,-0.946838898741587,0.698466896203355,0.942280603590247,1,2,150,-0.907528047772204,1.34570467631622,7,2.59372835637985,0,-28.47738,2702,0,0,6,"both",-0.907528047772204,1.34570467631622
"1031","session2",-22.8699265655812,9.5061898331355,4.65018793717364,8.99585759590937e-05,-0.946838898741587,0.698466896203355,0.942280603590247,1,2,150,-0.907528047772204,1.34570467631622,7,1.96478016296058,1,-7.0144,2702,0,0,6,"both",-0.907528047772204,1.34570467631622
"1032","session2",-22.8699265655812,9.5061898331355,4.65018793717364,8.99585759590937e-05,-0.946838898741587,0.698466896203355,0.942280603590247,1,2,150,-0.907528047772204,1.34570467631622,7,2.66392187809304,0,-14.18082,2702,0,0,6,"both",-0.907528047772204,1.34570467631622
"1033","session2",-22.8699265655812,9.5061898331355,4.65018793717364,8.99585759590937e-05,-0.946838898741587,0.698466896203355,0.942280603590247,1,2,150,-0.907528047772204,1.34570467631622,7,1.33856963971978,1,-14.85905,2702,0,0,6,"both",-0.907528047772204,1.34570467631622
"1034","session2",-22.8699265655812,9.5061898331355,4.65018793717364,8.99585759590937e-05,-0.946838898741587,0.698466896203355,0.942280603590247,1,2,150,-0.907528047772204,1.34570467631622,7,1.6261792752124,1,-9.0975,2702,0,0,6,"both",-0.907528047772204,1.34570467631622
"1035","session2",-22.8699265655812,9.5061898331355,4.65018793717364,8.99585759590937e-05,-0.946838898741587,0.698466896203355,0.942280603590247,1,2,150,-0.907528047772204,1.34570467631622,7,1.95553689320379,0,-31.4791,2702,0,0,6,"both",-0.907528047772204,1.34570467631622
"1036","session2",-22.8699265655812,9.5061898331355,4.65018793717364,8.99585759590937e-05,-0.946838898741587,0.698466896203355,0.942280603590247,1,2,150,-0.907528047772204,1.34570467631622,7,1.46035197416002,1,-10.63714,2702,0,0,6,"both",-0.907528047772204,1.34570467631622
"1037","session2",-22.8699265655812,9.5061898331355,4.65018793717364,8.99585759590937e-05,-0.946838898741587,0.698466896203355,0.942280603590247,1,2,150,-0.907528047772204,1.34570467631622,7,1.5993481843244,1,-16.22307,2702,0,0,6,"both",-0.907528047772204,1.34570467631622
"1038","session2",-22.8699265655812,9.5061898331355,4.65018793717364,8.99585759590937e-05,-0.946838898741587,0.698466896203355,0.942280603590247,1,2,150,-0.907528047772204,1.34570467631622,7,1.50570775691939,1,-29.6583,2702,0,0,6,"both",-0.907528047772204,1.34570467631622
"1039","session2",-22.8699265655812,9.5061898331355,4.65018793717364,8.99585759590937e-05,-0.946838898741587,0.698466896203355,0.942280603590247,1,2,150,-0.907528047772204,1.34570467631622,7,1.74556680303283,0,-35.2167,2702,0,0,6,"both",-0.907528047772204,1.34570467631622
"1040","session2",-22.8699265655812,9.5061898331355,4.65018793717364,8.99585759590937e-05,-0.946838898741587,0.698466896203355,0.942280603590247,1,2,150,-0.907528047772204,1.34570467631622,7,1.13235692381962,1,-10.92555,2702,0,0,6,"both",-0.907528047772204,1.34570467631622
"1041","session2",-22.8699265655812,9.5061898331355,4.65018793717364,8.99585759590937e-05,-0.946838898741587,0.698466896203355,0.942280603590247,1,2,150,-0.907528047772204,1.34570467631622,7,1.72640715792051,0,-17.0058,2702,0,0,6,"both",-0.907528047772204,1.34570467631622
"1042","session2",-22.8699265655812,9.5061898331355,4.65018793717364,8.99585759590937e-05,-0.946838898741587,0.698466896203355,0.942280603590247,1,2,150,-0.907528047772204,1.34570467631622,7,1.54098601100966,0,-32.01435,2702,0,0,6,"both",-0.907528047772204,1.34570467631622
"1043","session2",-22.8699265655812,9.5061898331355,4.65018793717364,8.99585759590937e-05,-0.946838898741587,0.698466896203355,0.942280603590247,1,2,150,-0.907528047772204,1.34570467631622,7,1.46036746263505,0,-32.4117,2702,0,0,6,"both",-0.907528047772204,1.34570467631622
"1044","session2",-22.8699265655812,9.5061898331355,4.65018793717364,8.99585759590937e-05,-0.946838898741587,0.698466896203355,0.942280603590247,1,2,150,-0.907528047772204,1.34570467631622,7,1.11071448233439,0,-13.17834,2702,0,0,6,"both",-0.907528047772204,1.34570467631622
"1045","session2",-22.8699265655812,9.5061898331355,4.65018793717364,8.99585759590937e-05,-0.946838898741587,0.698466896203355,0.942280603590247,1,2,150,-0.907528047772204,1.34570467631622,7,7.1351915338598,0,-29.93003,2702,0,0,6,"both",-0.907528047772204,1.34570467631622
"1046","session2",-22.8699265655812,9.5061898331355,4.65018793717364,8.99585759590937e-05,-0.946838898741587,0.698466896203355,0.942280603590247,1,2,150,-0.907528047772204,1.34570467631622,7,3.17025019226736,1,-15.83038,2702,0,0,6,"both",-0.907528047772204,1.34570467631622
"1047","session2",-22.8699265655812,9.5061898331355,4.65018793717364,8.99585759590937e-05,-0.946838898741587,0.698466896203355,0.942280603590247,1,2,150,-0.907528047772204,1.34570467631622,7,3.72932322894378,0,-29.10072,2702,0,0,6,"both",-0.907528047772204,1.34570467631622
"1048","session2",-22.8699265655812,9.5061898331355,4.65018793717364,8.99585759590937e-05,-0.946838898741587,0.698466896203355,0.942280603590247,1,2,150,-0.907528047772204,1.34570467631622,7,1.43269613285021,0,-32.42467,2702,0,0,6,"both",-0.907528047772204,1.34570467631622
"1049","session2",-22.8699265655812,9.5061898331355,4.65018793717364,8.99585759590937e-05,-0.946838898741587,0.698466896203355,0.942280603590247,1,2,150,-0.907528047772204,1.34570467631622,7,1.45241455386231,0,-27.3525,2702,0,0,6,"both",-0.907528047772204,1.34570467631622
"1050","session2",-22.8699265655812,9.5061898331355,4.65018793717364,8.99585759590937e-05,-0.946838898741587,0.698466896203355,0.942280603590247,1,2,150,-0.907528047772204,1.34570467631622,7,1.04855349652253,1,-14.29732,2702,0,0,6,"both",-0.907528047772204,1.34570467631622
"1051","session2",-37.4453432305435,5.06328974454377,2.23135413414805,2.298519477091e-05,-0.0179885215074558,0.55863741543355,0.751482304821004,2,2,150,-0.907528047772204,1.34570467631622,8,3.13110017244492,1,-8.45166939945,2702,0,0,6,"both",-0.907528047772204,1.34570467631622
"1052","session2",-37.4453432305435,5.06328974454377,2.23135413414805,2.298519477091e-05,-0.0179885215074558,0.55863741543355,0.751482304821004,2,2,150,-0.907528047772204,1.34570467631622,8,2.48004502293668,1,-10.355553033,2702,0,0,6,"both",-0.907528047772204,1.34570467631622
"1053","session2",-37.4453432305435,5.06328974454377,2.23135413414805,2.298519477091e-05,-0.0179885215074558,0.55863741543355,0.751482304821004,2,2,150,-0.907528047772204,1.34570467631622,8,1.87704750930422,1,-18.3143889656,2702,0,0,6,"both",-0.907528047772204,1.34570467631622
"1054","session2",-37.4453432305435,5.06328974454377,2.23135413414805,2.298519477091e-05,-0.0179885215074558,0.55863741543355,0.751482304821004,2,2,150,-0.907528047772204,1.34570467631622,8,2.10145942241388,1,-24.314777863,2702,0,0,6,"both",-0.907528047772204,1.34570467631622
"1055","session2",-37.4453432305435,5.06328974454377,2.23135413414805,2.298519477091e-05,-0.0179885215074558,0.55863741543355,0.751482304821004,2,2,150,-0.907528047772204,1.34570467631622,8,3.1993685697011,0,-38.5525,2702,0,0,6,"both",-0.907528047772204,1.34570467631622
"1056","session2",-37.4453432305435,5.06328974454377,2.23135413414805,2.298519477091e-05,-0.0179885215074558,0.55863741543355,0.751482304821004,2,2,150,-0.907528047772204,1.34570467631622,8,1.48875743443987,1,-26.66056,2702,0,0,6,"both",-0.907528047772204,1.34570467631622
"1057","session2",-37.4453432305435,5.06328974454377,2.23135413414805,2.298519477091e-05,-0.0179885215074558,0.55863741543355,0.751482304821004,2,2,150,-0.907528047772204,1.34570467631622,8,1.44227462628236,1,-40.79224,2702,0,0,6,"both",-0.907528047772204,1.34570467631622
"1058","session2",-37.4453432305435,5.06328974454377,2.23135413414805,2.298519477091e-05,-0.0179885215074558,0.55863741543355,0.751482304821004,2,2,150,-0.907528047772204,1.34570467631622,8,1.58863827827858,1,14.8616,2702,0,0,6,"both",-0.907528047772204,1.34570467631622
"1059","session2",-37.4453432305435,5.06328974454377,2.23135413414805,2.298519477091e-05,-0.0179885215074558,0.55863741543355,0.751482304821004,2,2,150,-0.907528047772204,1.34570467631622,8,1.69279478448911,0,-35.6377625,2702,0,0,6,"both",-0.907528047772204,1.34570467631622
"1060","session2",-37.4453432305435,5.06328974454377,2.23135413414805,2.298519477091e-05,-0.0179885215074558,0.55863741543355,0.751482304821004,2,2,150,-0.907528047772204,1.34570467631622,8,1.42183562304523,1,-1.0275,2702,0,0,6,"both",-0.907528047772204,1.34570467631622
"1061","session2",-37.4453432305435,5.06328974454377,2.23135413414805,2.298519477091e-05,-0.0179885215074558,0.55863741543355,0.751482304821004,2,2,150,-0.907528047772204,1.34570467631622,8,1.48188165128058,1,-5.411,2702,0,0,6,"both",-0.907528047772204,1.34570467631622
"1062","session2",-37.4453432305435,5.06328974454377,2.23135413414805,2.298519477091e-05,-0.0179885215074558,0.55863741543355,0.751482304821004,2,2,150,-0.907528047772204,1.34570467631622,8,1.34010101216919,0,-48.2392,2702,0,0,6,"both",-0.907528047772204,1.34570467631622
"1063","session2",-37.4453432305435,5.06328974454377,2.23135413414805,2.298519477091e-05,-0.0179885215074558,0.55863741543355,0.751482304821004,2,2,150,-0.907528047772204,1.34570467631622,8,1.58097549703271,1,-22.317,2702,0,0,6,"both",-0.907528047772204,1.34570467631622
"1064","session2",-37.4453432305435,5.06328974454377,2.23135413414805,2.298519477091e-05,-0.0179885215074558,0.55863741543355,0.751482304821004,2,2,150,-0.907528047772204,1.34570467631622,8,2.40286643133832,1,-38.26849,2702,0,0,6,"both",-0.907528047772204,1.34570467631622
"1065","session2",-37.4453432305435,5.06328974454377,2.23135413414805,2.298519477091e-05,-0.0179885215074558,0.55863741543355,0.751482304821004,2,2,150,-0.907528047772204,1.34570467631622,8,1.35610279774148,0,-41.4156,2702,0,0,6,"both",-0.907528047772204,1.34570467631622
"1066","session2",-37.4453432305435,5.06328974454377,2.23135413414805,2.298519477091e-05,-0.0179885215074558,0.55863741543355,0.751482304821004,2,2,150,-0.907528047772204,1.34570467631622,8,1.68519668463946,1,-9.5586,2702,0,0,6,"both",-0.907528047772204,1.34570467631622
"1067","session2",-37.4453432305435,5.06328974454377,2.23135413414805,2.298519477091e-05,-0.0179885215074558,0.55863741543355,0.751482304821004,2,2,150,-0.907528047772204,1.34570467631622,8,3.60992263159143,0,-42.31162,2702,0,0,6,"both",-0.907528047772204,1.34570467631622
"1068","session2",-37.4453432305435,5.06328974454377,2.23135413414805,2.298519477091e-05,-0.0179885215074558,0.55863741543355,0.751482304821004,2,2,150,-0.907528047772204,1.34570467631622,8,2.83161179197094,0,-37.99013,2702,0,0,6,"both",-0.907528047772204,1.34570467631622
"1069","session2",-37.4453432305435,5.06328974454377,2.23135413414805,2.298519477091e-05,-0.0179885215074558,0.55863741543355,0.751482304821004,2,2,150,-0.907528047772204,1.34570467631622,8,5.98074307827544,1,-33.508672,2702,0,0,6,"both",-0.907528047772204,1.34570467631622
"1070","session2",-37.4453432305435,5.06328974454377,2.23135413414805,2.298519477091e-05,-0.0179885215074558,0.55863741543355,0.751482304821004,2,2,150,-0.907528047772204,1.34570467631622,8,2.4114165075337,0,-33.18464,2702,0,0,6,"both",-0.907528047772204,1.34570467631622
"1071","session2",-37.4453432305435,5.06328974454377,2.23135413414805,2.298519477091e-05,-0.0179885215074558,0.55863741543355,0.751482304821004,2,2,150,-0.907528047772204,1.34570467631622,8,1.75515634964817,1,-30.04312,2702,0,0,6,"both",-0.907528047772204,1.34570467631622
"1072","session2",-37.4453432305435,5.06328974454377,2.23135413414805,2.298519477091e-05,-0.0179885215074558,0.55863741543355,0.751482304821004,2,2,150,-0.907528047772204,1.34570467631622,8,1.22594415034014,1,-29.98984,2702,0,0,6,"both",-0.907528047772204,1.34570467631622
"1073","session2",-37.4453432305435,5.06328974454377,2.23135413414805,2.298519477091e-05,-0.0179885215074558,0.55863741543355,0.751482304821004,2,2,150,-0.907528047772204,1.34570467631622,8,2.62846404733011,0,-41.30295,2702,0,0,6,"both",-0.907528047772204,1.34570467631622
"1074","session2",-37.4453432305435,5.06328974454377,2.23135413414805,2.298519477091e-05,-0.0179885215074558,0.55863741543355,0.751482304821004,2,2,150,-0.907528047772204,1.34570467631622,8,3.51698325017757,1,-35.79105,2702,0,0,6,"both",-0.907528047772204,1.34570467631622
"1075","session2",-37.4453432305435,5.06328974454377,2.23135413414805,2.298519477091e-05,-0.0179885215074558,0.55863741543355,0.751482304821004,2,2,150,-0.907528047772204,1.34570467631622,8,1.34852365905771,1,-37.54749,2702,0,0,6,"both",-0.907528047772204,1.34570467631622
"1076","session2",-37.4453432305435,5.06328974454377,2.23135413414805,2.298519477091e-05,-0.0179885215074558,0.55863741543355,0.751482304821004,2,2,150,-0.907528047772204,1.34570467631622,8,1.8980779726851,0,-40.87176,2702,0,0,6,"both",-0.907528047772204,1.34570467631622
"1077","session2",-37.4453432305435,5.06328974454377,2.23135413414805,2.298519477091e-05,-0.0179885215074558,0.55863741543355,0.751482304821004,2,2,150,-0.907528047772204,1.34570467631622,8,6.15931314477999,0,-43.49049,2702,0,0,6,"both",-0.907528047772204,1.34570467631622
"1078","session2",-37.4453432305435,5.06328974454377,2.23135413414805,2.298519477091e-05,-0.0179885215074558,0.55863741543355,0.751482304821004,2,2,150,-0.907528047772204,1.34570467631622,8,2.13755087621578,1,-27.42793,2702,0,0,6,"both",-0.907528047772204,1.34570467631622
"1079","session2",-37.4453432305435,5.06328974454377,2.23135413414805,2.298519477091e-05,-0.0179885215074558,0.55863741543355,0.751482304821004,2,2,150,-0.907528047772204,1.34570467631622,8,1.82667352895152,0,-47.5178,2702,0,0,6,"both",-0.907528047772204,1.34570467631622
"1080","session2",-37.4453432305435,5.06328974454377,2.23135413414805,2.298519477091e-05,-0.0179885215074558,0.55863741543355,0.751482304821004,2,2,150,-0.907528047772204,1.34570467631622,8,1.63829355469799,1,-23.56175,2702,0,0,6,"both",-0.907528047772204,1.34570467631622
"1081","session2",-37.4453432305435,5.06328974454377,2.23135413414805,2.298519477091e-05,-0.0179885215074558,0.55863741543355,0.751482304821004,2,2,150,-0.907528047772204,1.34570467631622,8,1.60942921896666,0,-44.87484,2702,0,0,6,"both",-0.907528047772204,1.34570467631622
"1082","session2",-37.4453432305435,5.06328974454377,2.23135413414805,2.298519477091e-05,-0.0179885215074558,0.55863741543355,0.751482304821004,2,2,150,-0.907528047772204,1.34570467631622,8,3.33891557486084,0,-34.45157,2702,0,0,6,"both",-0.907528047772204,1.34570467631622
"1083","session2",-37.4453432305435,5.06328974454377,2.23135413414805,2.298519477091e-05,-0.0179885215074558,0.55863741543355,0.751482304821004,2,2,150,-0.907528047772204,1.34570467631622,8,1.7612057614262,1,-40.44063,2702,0,0,6,"both",-0.907528047772204,1.34570467631622
"1084","session2",-37.4453432305435,5.06328974454377,2.23135413414805,2.298519477091e-05,-0.0179885215074558,0.55863741543355,0.751482304821004,2,2,150,-0.907528047772204,1.34570467631622,8,2.85741797609071,0,-40.90201,2702,0,0,6,"both",-0.907528047772204,1.34570467631622
"1085","session2",-37.4453432305435,5.06328974454377,2.23135413414805,2.298519477091e-05,-0.0179885215074558,0.55863741543355,0.751482304821004,2,2,150,-0.907528047772204,1.34570467631622,8,2.72525805977406,1,-23.8086,2702,0,0,6,"both",-0.907528047772204,1.34570467631622
"1086","session2",-37.4453432305435,5.06328974454377,2.23135413414805,2.298519477091e-05,-0.0179885215074558,0.55863741543355,0.751482304821004,2,2,150,-0.907528047772204,1.34570467631622,8,1.61028712216231,1,-31.48669,2702,0,0,6,"both",-0.907528047772204,1.34570467631622
"1087","session2",-37.4453432305435,5.06328974454377,2.23135413414805,2.298519477091e-05,-0.0179885215074558,0.55863741543355,0.751482304821004,2,2,150,-0.907528047772204,1.34570467631622,8,1.63022960341566,1,-30.82749,2702,0,0,6,"both",-0.907528047772204,1.34570467631622
"1088","session2",-37.4453432305435,5.06328974454377,2.23135413414805,2.298519477091e-05,-0.0179885215074558,0.55863741543355,0.751482304821004,2,2,150,-0.907528047772204,1.34570467631622,8,3.84241099159968,0,-41.41047,2702,0,0,6,"both",-0.907528047772204,1.34570467631622
"1089","session2",-37.4453432305435,5.06328974454377,2.23135413414805,2.298519477091e-05,-0.0179885215074558,0.55863741543355,0.751482304821004,2,2,150,-0.907528047772204,1.34570467631622,8,1.28765890828775,1,-29.90948,2702,0,0,6,"both",-0.907528047772204,1.34570467631622
"1090","session2",-37.4453432305435,5.06328974454377,2.23135413414805,2.298519477091e-05,-0.0179885215074558,0.55863741543355,0.751482304821004,2,2,150,-0.907528047772204,1.34570467631622,8,2.01933440297717,1,-28.4544,2702,0,0,6,"both",-0.907528047772204,1.34570467631622
"1091","session2",-37.4453432305435,5.06328974454377,2.23135413414805,2.298519477091e-05,-0.0179885215074558,0.55863741543355,0.751482304821004,2,2,150,-0.907528047772204,1.34570467631622,8,2.48293901707141,0,-33.16271,2702,0,0,6,"both",-0.907528047772204,1.34570467631622
"1092","session2",-37.4453432305435,5.06328974454377,2.23135413414805,2.298519477091e-05,-0.0179885215074558,0.55863741543355,0.751482304821004,2,2,150,-0.907528047772204,1.34570467631622,8,2.89081649518959,1,-28.52107,2702,0,0,6,"both",-0.907528047772204,1.34570467631622
"1093","session2",-37.4453432305435,5.06328974454377,2.23135413414805,2.298519477091e-05,-0.0179885215074558,0.55863741543355,0.751482304821004,2,2,150,-0.907528047772204,1.34570467631622,8,1.60345978864782,0,-43.84033,2702,0,0,6,"both",-0.907528047772204,1.34570467631622
"1094","session2",-37.4453432305435,5.06328974454377,2.23135413414805,2.298519477091e-05,-0.0179885215074558,0.55863741543355,0.751482304821004,2,2,150,-0.907528047772204,1.34570467631622,8,1.36439736437732,1,-35.76362,2702,0,0,6,"both",-0.907528047772204,1.34570467631622
"1095","session2",-37.4453432305435,5.06328974454377,2.23135413414805,2.298519477091e-05,-0.0179885215074558,0.55863741543355,0.751482304821004,2,2,150,-0.907528047772204,1.34570467631622,8,2.27459556809324,0,-43.79001,2702,0,0,6,"both",-0.907528047772204,1.34570467631622
"1096","session2",-37.4453432305435,5.06328974454377,2.23135413414805,2.298519477091e-05,-0.0179885215074558,0.55863741543355,0.751482304821004,2,2,150,-0.907528047772204,1.34570467631622,8,2.29202203735184,1,-27.97076,2702,0,0,6,"both",-0.907528047772204,1.34570467631622
"1097","session2",-37.4453432305435,5.06328974454377,2.23135413414805,2.298519477091e-05,-0.0179885215074558,0.55863741543355,0.751482304821004,2,2,150,-0.907528047772204,1.34570467631622,8,3.36245193924445,0,-45.04332,2702,0,0,6,"both",-0.907528047772204,1.34570467631622
"1098","session2",-37.4453432305435,5.06328974454377,2.23135413414805,2.298519477091e-05,-0.0179885215074558,0.55863741543355,0.751482304821004,2,2,150,-0.907528047772204,1.34570467631622,8,2.13772892392536,1,-40.5199,2702,0,0,6,"both",-0.907528047772204,1.34570467631622
"1099","session2",-37.4453432305435,5.06328974454377,2.23135413414805,2.298519477091e-05,-0.0179885215074558,0.55863741543355,0.751482304821004,2,2,150,-0.907528047772204,1.34570467631622,8,1.79915393801772,1,-28.77171,2702,0,0,6,"both",-0.907528047772204,1.34570467631622
"1100","session2",-37.4453432305435,5.06328974454377,2.23135413414805,2.298519477091e-05,-0.0179885215074558,0.55863741543355,0.751482304821004,2,2,150,-0.907528047772204,1.34570467631622,8,2.04295286093795,0,-47.8151,2702,0,0,6,"both",-0.907528047772204,1.34570467631622
"1101","session2",-37.4453432305435,5.06328974454377,2.23135413414805,2.298519477091e-05,-0.0179885215074558,0.55863741543355,0.751482304821004,2,2,150,-0.907528047772204,1.34570467631622,8,2.06268067520177,0,-42.88782,2702,0,0,6,"both",-0.907528047772204,1.34570467631622
"1102","session2",-37.4453432305435,5.06328974454377,2.23135413414805,2.298519477091e-05,-0.0179885215074558,0.55863741543355,0.751482304821004,2,2,150,-0.907528047772204,1.34570467631622,8,1.56433865651233,0,-32.34287,2702,0,0,6,"both",-0.907528047772204,1.34570467631622
"1103","session2",-37.4453432305435,5.06328974454377,2.23135413414805,2.298519477091e-05,-0.0179885215074558,0.55863741543355,0.751482304821004,2,2,150,-0.907528047772204,1.34570467631622,8,1.31803040676435,0,-43.03457,2702,0,0,6,"both",-0.907528047772204,1.34570467631622
"1104","session2",-37.4453432305435,5.06328974454377,2.23135413414805,2.298519477091e-05,-0.0179885215074558,0.55863741543355,0.751482304821004,2,2,150,-0.907528047772204,1.34570467631622,8,1.23400348928527,1,-31.42355,2702,0,0,6,"both",-0.907528047772204,1.34570467631622
"1105","session2",-37.4453432305435,5.06328974454377,2.23135413414805,2.298519477091e-05,-0.0179885215074558,0.55863741543355,0.751482304821004,2,2,150,-0.907528047772204,1.34570467631622,8,1.7768597236465,1,-23.8787,2702,0,0,6,"both",-0.907528047772204,1.34570467631622
"1106","session2",-37.4453432305435,5.06328974454377,2.23135413414805,2.298519477091e-05,-0.0179885215074558,0.55863741543355,0.751482304821004,2,2,150,-0.907528047772204,1.34570467631622,8,1.58953874855029,1,-31.05993,2702,0,0,6,"both",-0.907528047772204,1.34570467631622
"1107","session2",-37.4453432305435,5.06328974454377,2.23135413414805,2.298519477091e-05,-0.0179885215074558,0.55863741543355,0.751482304821004,2,2,150,-0.907528047772204,1.34570467631622,8,3.01128065817734,0,-33.50639,2702,0,0,6,"both",-0.907528047772204,1.34570467631622
"1108","session2",-37.4453432305435,5.06328974454377,2.23135413414805,2.298519477091e-05,-0.0179885215074558,0.55863741543355,0.751482304821004,2,2,150,-0.907528047772204,1.34570467631622,8,2.90724905005894,0,-29.88142,2702,0,0,6,"both",-0.907528047772204,1.34570467631622
"1109","session2",-37.4453432305435,5.06328974454377,2.23135413414805,2.298519477091e-05,-0.0179885215074558,0.55863741543355,0.751482304821004,2,2,150,-0.907528047772204,1.34570467631622,8,2.62828069062731,1,-41.62742,2702,0,0,6,"both",-0.907528047772204,1.34570467631622
"1110","session2",-37.4453432305435,5.06328974454377,2.23135413414805,2.298519477091e-05,-0.0179885215074558,0.55863741543355,0.751482304821004,2,2,150,-0.907528047772204,1.34570467631622,8,1.82668607120292,0,-42.36633,2702,0,0,6,"both",-0.907528047772204,1.34570467631622
"1111","session2",-37.4453432305435,5.06328974454377,2.23135413414805,2.298519477091e-05,-0.0179885215074558,0.55863741543355,0.751482304821004,2,2,150,-0.907528047772204,1.34570467631622,8,1.5859897905045,1,-26.92284,2702,0,0,6,"both",-0.907528047772204,1.34570467631622
"1112","session2",-37.4453432305435,5.06328974454377,2.23135413414805,2.298519477091e-05,-0.0179885215074558,0.55863741543355,0.751482304821004,2,2,150,-0.907528047772204,1.34570467631622,8,2.82506817922848,1,-37.69309,2702,0,0,6,"both",-0.907528047772204,1.34570467631622
"1113","session2",-37.4453432305435,5.06328974454377,2.23135413414805,2.298519477091e-05,-0.0179885215074558,0.55863741543355,0.751482304821004,2,2,150,-0.907528047772204,1.34570467631622,8,1.42614201466092,0,-33.49227,2702,0,0,6,"both",-0.907528047772204,1.34570467631622
"1114","session2",-37.4453432305435,5.06328974454377,2.23135413414805,2.298519477091e-05,-0.0179885215074558,0.55863741543355,0.751482304821004,2,2,150,-0.907528047772204,1.34570467631622,8,1.29111703330741,1,-28.10479,2702,0,0,6,"both",-0.907528047772204,1.34570467631622
"1115","session2",-37.4453432305435,5.06328974454377,2.23135413414805,2.298519477091e-05,-0.0179885215074558,0.55863741543355,0.751482304821004,2,2,150,-0.907528047772204,1.34570467631622,8,2.19003558519616,0,-40.72592,2702,0,0,6,"both",-0.907528047772204,1.34570467631622
"1116","session2",-37.4453432305435,5.06328974454377,2.23135413414805,2.298519477091e-05,-0.0179885215074558,0.55863741543355,0.751482304821004,2,2,150,-0.907528047772204,1.34570467631622,8,1.32576493989551,1,-26.95124,2702,0,0,6,"both",-0.907528047772204,1.34570467631622
"1117","session2",-37.4453432305435,5.06328974454377,2.23135413414805,2.298519477091e-05,-0.0179885215074558,0.55863741543355,0.751482304821004,2,2,150,-0.907528047772204,1.34570467631622,8,1.32595823436475,0,-44.82753,2702,0,0,6,"both",-0.907528047772204,1.34570467631622
"1118","session2",-37.4453432305435,5.06328974454377,2.23135413414805,2.298519477091e-05,-0.0179885215074558,0.55863741543355,0.751482304821004,2,2,150,-0.907528047772204,1.34570467631622,8,3.66399523560316,0,-40.19025,2702,0,0,6,"both",-0.907528047772204,1.34570467631622
"1119","session2",-37.4453432305435,5.06328974454377,2.23135413414805,2.298519477091e-05,-0.0179885215074558,0.55863741543355,0.751482304821004,2,2,150,-0.907528047772204,1.34570467631622,8,2.13410220866618,1,-29.08801,2702,0,0,6,"both",-0.907528047772204,1.34570467631622
"1120","session2",-37.4453432305435,5.06328974454377,2.23135413414805,2.298519477091e-05,-0.0179885215074558,0.55863741543355,0.751482304821004,2,2,150,-0.907528047772204,1.34570467631622,8,1.72204741013805,0,-40.57882,2702,0,0,6,"both",-0.907528047772204,1.34570467631622
"1121","session2",-37.4453432305435,5.06328974454377,2.23135413414805,2.298519477091e-05,-0.0179885215074558,0.55863741543355,0.751482304821004,2,2,150,-0.907528047772204,1.34570467631622,8,3.04945903226462,0,-40.0539,2702,0,0,6,"both",-0.907528047772204,1.34570467631622
"1122","session2",-37.4453432305435,5.06328974454377,2.23135413414805,2.298519477091e-05,-0.0179885215074558,0.55863741543355,0.751482304821004,2,2,150,-0.907528047772204,1.34570467631622,8,2.07575691264607,0,-40.94483,2702,0,0,6,"both",-0.907528047772204,1.34570467631622
"1123","session2",-37.4453432305435,5.06328974454377,2.23135413414805,2.298519477091e-05,-0.0179885215074558,0.55863741543355,0.751482304821004,2,2,150,-0.907528047772204,1.34570467631622,8,1.88238753563201,0,-43.11549,2702,0,0,6,"both",-0.907528047772204,1.34570467631622
"1124","session2",-37.4453432305435,5.06328974454377,2.23135413414805,2.298519477091e-05,-0.0179885215074558,0.55863741543355,0.751482304821004,2,2,150,-0.907528047772204,1.34570467631622,8,4.2299689145892,1,-32.36322,2702,0,0,6,"both",-0.907528047772204,1.34570467631622
"1125","session2",-37.4453432305435,5.06328974454377,2.23135413414805,2.298519477091e-05,-0.0179885215074558,0.55863741543355,0.751482304821004,2,2,150,-0.907528047772204,1.34570467631622,8,2.27607760631317,1,-30.21735,2702,0,0,6,"both",-0.907528047772204,1.34570467631622
"1126","session2",-37.4453432305435,5.06328974454377,2.23135413414805,2.298519477091e-05,-0.0179885215074558,0.55863741543355,0.751482304821004,2,2,150,-0.907528047772204,1.34570467631622,8,1.70779698101718,1,-30.58327,2702,0,0,6,"both",-0.907528047772204,1.34570467631622
"1127","session2",-37.4453432305435,5.06328974454377,2.23135413414805,2.298519477091e-05,-0.0179885215074558,0.55863741543355,0.751482304821004,2,2,150,-0.907528047772204,1.34570467631622,8,2.98427011467575,1,-40.39572,2702,0,0,6,"both",-0.907528047772204,1.34570467631622
"1128","session2",-37.4453432305435,5.06328974454377,2.23135413414805,2.298519477091e-05,-0.0179885215074558,0.55863741543355,0.751482304821004,2,2,150,-0.907528047772204,1.34570467631622,8,2.74108079909613,0,-42.29321,2702,0,0,6,"both",-0.907528047772204,1.34570467631622
"1129","session2",-37.4453432305435,5.06328974454377,2.23135413414805,2.298519477091e-05,-0.0179885215074558,0.55863741543355,0.751482304821004,2,2,150,-0.907528047772204,1.34570467631622,8,1.9226950513666,0,-41.48902,2702,0,0,6,"both",-0.907528047772204,1.34570467631622
"1130","session2",-37.4453432305435,5.06328974454377,2.23135413414805,2.298519477091e-05,-0.0179885215074558,0.55863741543355,0.751482304821004,2,2,150,-0.907528047772204,1.34570467631622,8,3.46745869893422,0,-42.02777,2702,0,0,6,"both",-0.907528047772204,1.34570467631622
"1131","session2",-37.4453432305435,5.06328974454377,2.23135413414805,2.298519477091e-05,-0.0179885215074558,0.55863741543355,0.751482304821004,2,2,150,-0.907528047772204,1.34570467631622,8,3.30401710413581,0,-43.85376,2702,0,0,6,"both",-0.907528047772204,1.34570467631622
"1132","session2",-37.4453432305435,5.06328974454377,2.23135413414805,2.298519477091e-05,-0.0179885215074558,0.55863741543355,0.751482304821004,2,2,150,-0.907528047772204,1.34570467631622,8,1.45117629679208,1,-30.5273,2702,0,0,6,"both",-0.907528047772204,1.34570467631622
"1133","session2",-37.4453432305435,5.06328974454377,2.23135413414805,2.298519477091e-05,-0.0179885215074558,0.55863741543355,0.751482304821004,2,2,150,-0.907528047772204,1.34570467631622,8,2.78008872538069,0,-41.08971,2702,0,0,6,"both",-0.907528047772204,1.34570467631622
"1134","session2",-37.4453432305435,5.06328974454377,2.23135413414805,2.298519477091e-05,-0.0179885215074558,0.55863741543355,0.751482304821004,2,2,150,-0.907528047772204,1.34570467631622,8,2.30863713851135,1,-29.22889,2702,0,0,6,"both",-0.907528047772204,1.34570467631622
"1135","session2",-37.4453432305435,5.06328974454377,2.23135413414805,2.298519477091e-05,-0.0179885215074558,0.55863741543355,0.751482304821004,2,2,150,-0.907528047772204,1.34570467631622,8,2.22696877445497,1,-29.92109,2702,0,0,6,"both",-0.907528047772204,1.34570467631622
"1136","session2",-37.4453432305435,5.06328974454377,2.23135413414805,2.298519477091e-05,-0.0179885215074558,0.55863741543355,0.751482304821004,2,2,150,-0.907528047772204,1.34570467631622,8,1.70391816432679,1,-28.2573,2702,0,0,6,"both",-0.907528047772204,1.34570467631622
"1137","session2",-37.4453432305435,5.06328974454377,2.23135413414805,2.298519477091e-05,-0.0179885215074558,0.55863741543355,0.751482304821004,2,2,150,-0.907528047772204,1.34570467631622,8,1.24209092092216,1,-29.5225,2702,0,0,6,"both",-0.907528047772204,1.34570467631622
"1138","session2",-37.4453432305435,5.06328974454377,2.23135413414805,2.298519477091e-05,-0.0179885215074558,0.55863741543355,0.751482304821004,2,2,150,-0.907528047772204,1.34570467631622,8,1.88822546791695,1,-40.0065,2702,0,0,6,"both",-0.907528047772204,1.34570467631622
"1139","session2",-37.4453432305435,5.06328974454377,2.23135413414805,2.298519477091e-05,-0.0179885215074558,0.55863741543355,0.751482304821004,2,2,150,-0.907528047772204,1.34570467631622,8,1.56840310125836,0,-41.54077,2702,0,0,6,"both",-0.907528047772204,1.34570467631622
"1140","session2",-37.4453432305435,5.06328974454377,2.23135413414805,2.298519477091e-05,-0.0179885215074558,0.55863741543355,0.751482304821004,2,2,150,-0.907528047772204,1.34570467631622,8,1.54489942929994,0,-42.70194,2702,0,0,6,"both",-0.907528047772204,1.34570467631622
"1141","session2",-37.4453432305435,5.06328974454377,2.23135413414805,2.298519477091e-05,-0.0179885215074558,0.55863741543355,0.751482304821004,2,2,150,-0.907528047772204,1.34570467631622,8,1.56140167339776,1,-40.7787,2702,0,0,6,"both",-0.907528047772204,1.34570467631622
"1142","session2",-37.4453432305435,5.06328974454377,2.23135413414805,2.298519477091e-05,-0.0179885215074558,0.55863741543355,0.751482304821004,2,2,150,-0.907528047772204,1.34570467631622,8,1.47358825245443,0,-43.80082,2702,0,0,6,"both",-0.907528047772204,1.34570467631622
"1143","session2",-37.4453432305435,5.06328974454377,2.23135413414805,2.298519477091e-05,-0.0179885215074558,0.55863741543355,0.751482304821004,2,2,150,-0.907528047772204,1.34570467631622,8,2.31394772086485,1,-25.9464,2702,0,0,6,"both",-0.907528047772204,1.34570467631622
"1144","session2",-37.4453432305435,5.06328974454377,2.23135413414805,2.298519477091e-05,-0.0179885215074558,0.55863741543355,0.751482304821004,2,2,150,-0.907528047772204,1.34570467631622,8,2.1132118782358,1,-30.57727,2702,0,0,6,"both",-0.907528047772204,1.34570467631622
"1145","session2",-37.4453432305435,5.06328974454377,2.23135413414805,2.298519477091e-05,-0.0179885215074558,0.55863741543355,0.751482304821004,2,2,150,-0.907528047772204,1.34570467631622,8,1.80316947417729,0,-45.29142,2702,0,0,6,"both",-0.907528047772204,1.34570467631622
"1146","session2",-37.4453432305435,5.06328974454377,2.23135413414805,2.298519477091e-05,-0.0179885215074558,0.55863741543355,0.751482304821004,2,2,150,-0.907528047772204,1.34570467631622,8,2.68940039158852,1,-32.63227,2702,0,0,6,"both",-0.907528047772204,1.34570467631622
"1147","session2",-37.4453432305435,5.06328974454377,2.23135413414805,2.298519477091e-05,-0.0179885215074558,0.55863741543355,0.751482304821004,2,2,150,-0.907528047772204,1.34570467631622,8,2.64514237530929,1,-30.78468,2702,0,0,6,"both",-0.907528047772204,1.34570467631622
"1148","session2",-37.4453432305435,5.06328974454377,2.23135413414805,2.298519477091e-05,-0.0179885215074558,0.55863741543355,0.751482304821004,2,2,150,-0.907528047772204,1.34570467631622,8,3.9008326055009,1,-31.24341,2702,0,0,6,"both",-0.907528047772204,1.34570467631622
"1149","session2",-37.4453432305435,5.06328974454377,2.23135413414805,2.298519477091e-05,-0.0179885215074558,0.55863741543355,0.751482304821004,2,2,150,-0.907528047772204,1.34570467631622,8,1.26057589595948,1,-31.68834,2702,0,0,6,"both",-0.907528047772204,1.34570467631622
"1150","session2",-37.4453432305435,5.06328974454377,2.23135413414805,2.298519477091e-05,-0.0179885215074558,0.55863741543355,0.751482304821004,2,2,150,-0.907528047772204,1.34570467631622,8,1.74568018613847,1,-31.23069,2702,0,0,6,"both",-0.907528047772204,1.34570467631622
"1151","session2",-37.4453432305435,5.06328974454377,2.23135413414805,2.298519477091e-05,-0.0179885215074558,0.55863741543355,0.751482304821004,2,2,150,-0.907528047772204,1.34570467631622,8,2.58516263803746,0,-42.54128,2702,0,0,6,"both",-0.907528047772204,1.34570467631622
"1152","session2",-37.4453432305435,5.06328974454377,2.23135413414805,2.298519477091e-05,-0.0179885215074558,0.55863741543355,0.751482304821004,2,2,150,-0.907528047772204,1.34570467631622,8,2.56739235591695,1,-31.93021,2702,0,0,6,"both",-0.907528047772204,1.34570467631622
"1153","session2",-37.4453432305435,5.06328974454377,2.23135413414805,2.298519477091e-05,-0.0179885215074558,0.55863741543355,0.751482304821004,2,2,150,-0.907528047772204,1.34570467631622,8,2.77368436640203,0,-41.15451,2702,0,0,6,"both",-0.907528047772204,1.34570467631622
"1154","session2",-37.4453432305435,5.06328974454377,2.23135413414805,2.298519477091e-05,-0.0179885215074558,0.55863741543355,0.751482304821004,2,2,150,-0.907528047772204,1.34570467631622,8,1.77885043449699,1,-30.77044,2702,0,0,6,"both",-0.907528047772204,1.34570467631622
"1155","session2",-37.4453432305435,5.06328974454377,2.23135413414805,2.298519477091e-05,-0.0179885215074558,0.55863741543355,0.751482304821004,2,2,150,-0.907528047772204,1.34570467631622,8,2.01600956365059,0,-39.86012,2702,0,0,6,"both",-0.907528047772204,1.34570467631622
"1156","session2",-37.4453432305435,5.06328974454377,2.23135413414805,2.298519477091e-05,-0.0179885215074558,0.55863741543355,0.751482304821004,2,2,150,-0.907528047772204,1.34570467631622,8,1.43393489477264,0,-41.35265,2702,0,0,6,"both",-0.907528047772204,1.34570467631622
"1157","session2",-37.4453432305435,5.06328974454377,2.23135413414805,2.298519477091e-05,-0.0179885215074558,0.55863741543355,0.751482304821004,2,2,150,-0.907528047772204,1.34570467631622,8,4.43896114686064,0,-42.29738,2702,0,0,6,"both",-0.907528047772204,1.34570467631622
"1158","session2",-37.4453432305435,5.06328974454377,2.23135413414805,2.298519477091e-05,-0.0179885215074558,0.55863741543355,0.751482304821004,2,2,150,-0.907528047772204,1.34570467631622,8,2.65170502002911,0,-42.92042,2702,0,0,6,"both",-0.907528047772204,1.34570467631622
"1159","session2",-37.4453432305435,5.06328974454377,2.23135413414805,2.298519477091e-05,-0.0179885215074558,0.55863741543355,0.751482304821004,2,2,150,-0.907528047772204,1.34570467631622,8,1.85148342005213,0,-42.32927,2702,0,0,6,"both",-0.907528047772204,1.34570467631622
"1160","session2",-37.4453432305435,5.06328974454377,2.23135413414805,2.298519477091e-05,-0.0179885215074558,0.55863741543355,0.751482304821004,2,2,150,-0.907528047772204,1.34570467631622,8,2.61547349041712,1,-31.61791,2702,0,0,6,"both",-0.907528047772204,1.34570467631622
"1161","session2",-37.4453432305435,5.06328974454377,2.23135413414805,2.298519477091e-05,-0.0179885215074558,0.55863741543355,0.751482304821004,2,2,150,-0.907528047772204,1.34570467631622,8,2.27457425308408,1,-32.59403,2702,0,0,6,"both",-0.907528047772204,1.34570467631622
"1162","session2",-37.4453432305435,5.06328974454377,2.23135413414805,2.298519477091e-05,-0.0179885215074558,0.55863741543355,0.751482304821004,2,2,150,-0.907528047772204,1.34570467631622,8,1.65816295681506,1,-30.39061,2702,0,0,6,"both",-0.907528047772204,1.34570467631622
"1163","session2",-37.4453432305435,5.06328974454377,2.23135413414805,2.298519477091e-05,-0.0179885215074558,0.55863741543355,0.751482304821004,2,2,150,-0.907528047772204,1.34570467631622,8,2.1066535931786,0,-41.27403,2702,0,0,6,"both",-0.907528047772204,1.34570467631622
"1164","session2",-37.4453432305435,5.06328974454377,2.23135413414805,2.298519477091e-05,-0.0179885215074558,0.55863741543355,0.751482304821004,2,2,150,-0.907528047772204,1.34570467631622,8,1.28857699339944,0,-32.73582,2702,0,0,6,"both",-0.907528047772204,1.34570467631622
"1165","session2",-37.4453432305435,5.06328974454377,2.23135413414805,2.298519477091e-05,-0.0179885215074558,0.55863741543355,0.751482304821004,2,2,150,-0.907528047772204,1.34570467631622,8,1.54923583274509,1,-30.47176,2702,0,0,6,"both",-0.907528047772204,1.34570467631622
"1166","session2",-37.4453432305435,5.06328974454377,2.23135413414805,2.298519477091e-05,-0.0179885215074558,0.55863741543355,0.751482304821004,2,2,150,-0.907528047772204,1.34570467631622,8,2.35445225416512,1,-31.83746,2702,0,0,6,"both",-0.907528047772204,1.34570467631622
"1167","session2",-37.4453432305435,5.06328974454377,2.23135413414805,2.298519477091e-05,-0.0179885215074558,0.55863741543355,0.751482304821004,2,2,150,-0.907528047772204,1.34570467631622,8,2.1070192050744,1,-43.89715,2702,0,0,6,"both",-0.907528047772204,1.34570467631622
"1168","session2",-37.4453432305435,5.06328974454377,2.23135413414805,2.298519477091e-05,-0.0179885215074558,0.55863741543355,0.751482304821004,2,2,150,-0.907528047772204,1.34570467631622,8,2.16613186951481,0,-41.16457,2702,0,0,6,"both",-0.907528047772204,1.34570467631622
"1169","session2",-37.4453432305435,5.06328974454377,2.23135413414805,2.298519477091e-05,-0.0179885215074558,0.55863741543355,0.751482304821004,2,2,150,-0.907528047772204,1.34570467631622,8,2.56233754975421,1,-33.51052,2702,0,0,6,"both",-0.907528047772204,1.34570467631622
"1170","session2",-37.4453432305435,5.06328974454377,2.23135413414805,2.298519477091e-05,-0.0179885215074558,0.55863741543355,0.751482304821004,2,2,150,-0.907528047772204,1.34570467631622,8,3.07293468186185,1,-31.04963,2702,0,0,6,"both",-0.907528047772204,1.34570467631622
"1171","session2",-37.4453432305435,5.06328974454377,2.23135413414805,2.298519477091e-05,-0.0179885215074558,0.55863741543355,0.751482304821004,2,2,150,-0.907528047772204,1.34570467631622,8,1.70906480722177,1,-30.76606,2702,0,0,6,"both",-0.907528047772204,1.34570467631622
"1172","session2",-37.4453432305435,5.06328974454377,2.23135413414805,2.298519477091e-05,-0.0179885215074558,0.55863741543355,0.751482304821004,2,2,150,-0.907528047772204,1.34570467631622,8,2.830270009996,1,-41.99742,2702,0,0,6,"both",-0.907528047772204,1.34570467631622
"1173","session2",-37.4453432305435,5.06328974454377,2.23135413414805,2.298519477091e-05,-0.0179885215074558,0.55863741543355,0.751482304821004,2,2,150,-0.907528047772204,1.34570467631622,8,3.40171872432854,1,-31.51688,2702,0,0,6,"both",-0.907528047772204,1.34570467631622
"1174","session2",-37.4453432305435,5.06328974454377,2.23135413414805,2.298519477091e-05,-0.0179885215074558,0.55863741543355,0.751482304821004,2,2,150,-0.907528047772204,1.34570467631622,8,1.61359845895708,0,-42.60187,2702,0,0,6,"both",-0.907528047772204,1.34570467631622
"1175","session2",-37.4453432305435,5.06328974454377,2.23135413414805,2.298519477091e-05,-0.0179885215074558,0.55863741543355,0.751482304821004,2,2,150,-0.907528047772204,1.34570467631622,8,1.54279008905412,1,-31.05228,2702,0,0,6,"both",-0.907528047772204,1.34570467631622
"1176","session2",-37.4453432305435,5.06328974454377,2.23135413414805,2.298519477091e-05,-0.0179885215074558,0.55863741543355,0.751482304821004,2,2,150,-0.907528047772204,1.34570467631622,8,3.70761230923419,1,-33.54073,2702,0,0,6,"both",-0.907528047772204,1.34570467631622
"1177","session2",-37.4453432305435,5.06328974454377,2.23135413414805,2.298519477091e-05,-0.0179885215074558,0.55863741543355,0.751482304821004,2,2,150,-0.907528047772204,1.34570467631622,8,1.5691108635565,1,-31.78842,2702,0,0,6,"both",-0.907528047772204,1.34570467631622
"1178","session2",-37.4453432305435,5.06328974454377,2.23135413414805,2.298519477091e-05,-0.0179885215074558,0.55863741543355,0.751482304821004,2,2,150,-0.907528047772204,1.34570467631622,8,1.18420108371768,1,-31.66685,2702,0,0,6,"both",-0.907528047772204,1.34570467631622
"1179","session2",-37.4453432305435,5.06328974454377,2.23135413414805,2.298519477091e-05,-0.0179885215074558,0.55863741543355,0.751482304821004,2,2,150,-0.907528047772204,1.34570467631622,8,2.84278649602396,0,-40.93772,2702,0,0,6,"both",-0.907528047772204,1.34570467631622
"1180","session2",-37.4453432305435,5.06328974454377,2.23135413414805,2.298519477091e-05,-0.0179885215074558,0.55863741543355,0.751482304821004,2,2,150,-0.907528047772204,1.34570467631622,8,3.21046100340186,1,-40.49197,2702,0,0,6,"both",-0.907528047772204,1.34570467631622
"1181","session2",-37.4453432305435,5.06328974454377,2.23135413414805,2.298519477091e-05,-0.0179885215074558,0.55863741543355,0.751482304821004,2,2,150,-0.907528047772204,1.34570467631622,8,2.16355619612,1,-32.47158,2702,0,0,6,"both",-0.907528047772204,1.34570467631622
"1182","session2",-37.4453432305435,5.06328974454377,2.23135413414805,2.298519477091e-05,-0.0179885215074558,0.55863741543355,0.751482304821004,2,2,150,-0.907528047772204,1.34570467631622,8,2.30547118051728,1,-32.04112,2702,0,0,6,"both",-0.907528047772204,1.34570467631622
"1183","session2",-37.4453432305435,5.06328974454377,2.23135413414805,2.298519477091e-05,-0.0179885215074558,0.55863741543355,0.751482304821004,2,2,150,-0.907528047772204,1.34570467631622,8,2.50501656247661,0,-41.93562,2702,0,0,6,"both",-0.907528047772204,1.34570467631622
"1184","session2",-37.4453432305435,5.06328974454377,2.23135413414805,2.298519477091e-05,-0.0179885215074558,0.55863741543355,0.751482304821004,2,2,150,-0.907528047772204,1.34570467631622,8,1.94168317359074,0,-42.78035,2702,0,0,6,"both",-0.907528047772204,1.34570467631622
"1185","session2",-37.4453432305435,5.06328974454377,2.23135413414805,2.298519477091e-05,-0.0179885215074558,0.55863741543355,0.751482304821004,2,2,150,-0.907528047772204,1.34570467631622,8,2.19570010757572,1,-31.42556,2702,0,0,6,"both",-0.907528047772204,1.34570467631622
"1186","session2",-37.4453432305435,5.06328974454377,2.23135413414805,2.298519477091e-05,-0.0179885215074558,0.55863741543355,0.751482304821004,2,2,150,-0.907528047772204,1.34570467631622,8,1.22703574602225,0,-41.16086,2702,0,0,6,"both",-0.907528047772204,1.34570467631622
"1187","session2",-37.4453432305435,5.06328974454377,2.23135413414805,2.298519477091e-05,-0.0179885215074558,0.55863741543355,0.751482304821004,2,2,150,-0.907528047772204,1.34570467631622,8,2.19199154398226,1,-40.91101,2702,0,0,6,"both",-0.907528047772204,1.34570467631622
"1188","session2",-37.4453432305435,5.06328974454377,2.23135413414805,2.298519477091e-05,-0.0179885215074558,0.55863741543355,0.751482304821004,2,2,150,-0.907528047772204,1.34570467631622,8,3.88410568332622,1,-40.65751,2702,0,0,6,"both",-0.907528047772204,1.34570467631622
"1189","session2",-37.4453432305435,5.06328974454377,2.23135413414805,2.298519477091e-05,-0.0179885215074558,0.55863741543355,0.751482304821004,2,2,150,-0.907528047772204,1.34570467631622,8,3.3584026589352,0,-40.5831,2702,0,0,6,"both",-0.907528047772204,1.34570467631622
"1190","session2",-37.4453432305435,5.06328974454377,2.23135413414805,2.298519477091e-05,-0.0179885215074558,0.55863741543355,0.751482304821004,2,2,150,-0.907528047772204,1.34570467631622,8,1.90751929990798,1,-33.00517,2702,0,0,6,"both",-0.907528047772204,1.34570467631622
"1191","session2",-37.4453432305435,5.06328974454377,2.23135413414805,2.298519477091e-05,-0.0179885215074558,0.55863741543355,0.751482304821004,2,2,150,-0.907528047772204,1.34570467631622,8,1.65622074772163,1,-32.59681,2702,0,0,6,"both",-0.907528047772204,1.34570467631622
"1192","session2",-37.4453432305435,5.06328974454377,2.23135413414805,2.298519477091e-05,-0.0179885215074558,0.55863741543355,0.751482304821004,2,2,150,-0.907528047772204,1.34570467631622,8,1.86332073774348,0,-42.40717,2702,0,0,6,"both",-0.907528047772204,1.34570467631622
"1193","session2",-37.4453432305435,5.06328974454377,2.23135413414805,2.298519477091e-05,-0.0179885215074558,0.55863741543355,0.751482304821004,2,2,150,-0.907528047772204,1.34570467631622,8,1.98601242427577,1,-34.2409,2702,0,0,6,"both",-0.907528047772204,1.34570467631622
"1194","session2",-37.4453432305435,5.06328974454377,2.23135413414805,2.298519477091e-05,-0.0179885215074558,0.55863741543355,0.751482304821004,2,2,150,-0.907528047772204,1.34570467631622,8,1.95855021106181,1,-31.85253,2702,0,0,6,"both",-0.907528047772204,1.34570467631622
"1195","session2",-37.4453432305435,5.06328974454377,2.23135413414805,2.298519477091e-05,-0.0179885215074558,0.55863741543355,0.751482304821004,2,2,150,-0.907528047772204,1.34570467631622,8,1.93295919307022,0,-42.9019,2702,0,0,6,"both",-0.907528047772204,1.34570467631622
"1196","session2",-37.4453432305435,5.06328974454377,2.23135413414805,2.298519477091e-05,-0.0179885215074558,0.55863741543355,0.751482304821004,2,2,150,-0.907528047772204,1.34570467631622,8,2.46200778920117,0,-43.65904,2702,0,0,6,"both",-0.907528047772204,1.34570467631622
"1197","session2",-37.4453432305435,5.06328974454377,2.23135413414805,2.298519477091e-05,-0.0179885215074558,0.55863741543355,0.751482304821004,2,2,150,-0.907528047772204,1.34570467631622,8,1.33861499345305,1,-31.58073,2702,0,0,6,"both",-0.907528047772204,1.34570467631622
"1198","session2",-37.4453432305435,5.06328974454377,2.23135413414805,2.298519477091e-05,-0.0179885215074558,0.55863741543355,0.751482304821004,2,2,150,-0.907528047772204,1.34570467631622,8,1.42542046324993,0,-42.63022,2702,0,0,6,"both",-0.907528047772204,1.34570467631622
"1199","session2",-37.4453432305435,5.06328974454377,2.23135413414805,2.298519477091e-05,-0.0179885215074558,0.55863741543355,0.751482304821004,2,2,150,-0.907528047772204,1.34570467631622,8,2.93750573930729,1,-32.24667,2702,0,0,6,"both",-0.907528047772204,1.34570467631622
"1200","session2",-37.4453432305435,5.06328974454377,2.23135413414805,2.298519477091e-05,-0.0179885215074558,0.55863741543355,0.751482304821004,2,2,150,-0.907528047772204,1.34570467631622,8,1.7781862108445,1,-40.69819,2702,0,0,6,"both",-0.907528047772204,1.34570467631622
"1201","session2",-26.6493666761033,11.0468480343626,4.13195383902459,0.000132641923657925,-0.372205915189941,0.402189019977132,0.704690838220189,3,2,150,-0.907528047772204,1.34570467631622,9,1.23578382400875,1,-8.437235606,2702,0,0,6,"both",-0.907528047772204,1.34570467631622
"1202","session2",-26.6493666761033,11.0468480343626,4.13195383902459,0.000132641923657925,-0.372205915189941,0.402189019977132,0.704690838220189,3,2,150,-0.907528047772204,1.34570467631622,9,1.44519188454076,1,-10.3399400567,2702,0,0,6,"both",-0.907528047772204,1.34570467631622
"1203","session2",-26.6493666761033,11.0468480343626,4.13195383902459,0.000132641923657925,-0.372205915189941,0.402189019977132,0.704690838220189,3,2,150,-0.907528047772204,1.34570467631622,9,2.67536786939026,1,-18.895657133,2702,0,0,6,"both",-0.907528047772204,1.34570467631622
"1204","session2",-26.6493666761033,11.0468480343626,4.13195383902459,0.000132641923657925,-0.372205915189941,0.402189019977132,0.704690838220189,3,2,150,-0.907528047772204,1.34570467631622,9,3.04307739703766,1,-24.863309439,2702,0,0,6,"both",-0.907528047772204,1.34570467631622
"1205","session2",-26.6493666761033,11.0468480343626,4.13195383902459,0.000132641923657925,-0.372205915189941,0.402189019977132,0.704690838220189,3,2,150,-0.907528047772204,1.34570467631622,9,3.87103883595786,0,-34.0356,2702,0,0,6,"both",-0.907528047772204,1.34570467631622
"1206","session2",-26.6493666761033,11.0468480343626,4.13195383902459,0.000132641923657925,-0.372205915189941,0.402189019977132,0.704690838220189,3,2,150,-0.907528047772204,1.34570467631622,9,1.48907920243837,0,-39.5602,2702,0,0,6,"both",-0.907528047772204,1.34570467631622
"1207","session2",-26.6493666761033,11.0468480343626,4.13195383902459,0.000132641923657925,-0.372205915189941,0.402189019977132,0.704690838220189,3,2,150,-0.907528047772204,1.34570467631622,9,1.76948503325617,1,-41.73567,2702,0,0,6,"both",-0.907528047772204,1.34570467631622
"1208","session2",-26.6493666761033,11.0468480343626,4.13195383902459,0.000132641923657925,-0.372205915189941,0.402189019977132,0.704690838220189,3,2,150,-0.907528047772204,1.34570467631622,9,2.83222881013164,0,-37.07009,2702,0,0,6,"both",-0.907528047772204,1.34570467631622
"1209","session2",-26.6493666761033,11.0468480343626,4.13195383902459,0.000132641923657925,-0.372205915189941,0.402189019977132,0.704690838220189,3,2,150,-0.907528047772204,1.34570467631622,9,2.55930322998401,0,-36.5742,2702,0,0,6,"both",-0.907528047772204,1.34570467631622
"1210","session2",-26.6493666761033,11.0468480343626,4.13195383902459,0.000132641923657925,-0.372205915189941,0.402189019977132,0.704690838220189,3,2,150,-0.907528047772204,1.34570467631622,9,2.23512073326201,0,-33.63601,2702,0,0,6,"both",-0.907528047772204,1.34570467631622
"1211","session2",-26.6493666761033,11.0468480343626,4.13195383902459,0.000132641923657925,-0.372205915189941,0.402189019977132,0.704690838220189,3,2,150,-0.907528047772204,1.34570467631622,9,3.59886282687012,0,-30.75483,2702,0,0,6,"both",-0.907528047772204,1.34570467631622
"1212","session2",-26.6493666761033,11.0468480343626,4.13195383902459,0.000132641923657925,-0.372205915189941,0.402189019977132,0.704690838220189,3,2,150,-0.907528047772204,1.34570467631622,9,1.88212475663498,1,-27.50237,2702,0,0,6,"both",-0.907528047772204,1.34570467631622
"1213","session2",-26.6493666761033,11.0468480343626,4.13195383902459,0.000132641923657925,-0.372205915189941,0.402189019977132,0.704690838220189,3,2,150,-0.907528047772204,1.34570467631622,9,2.19443167853252,1,-24.56208,2702,0,0,6,"both",-0.907528047772204,1.34570467631622
"1214","session2",-26.6493666761033,11.0468480343626,4.13195383902459,0.000132641923657925,-0.372205915189941,0.402189019977132,0.704690838220189,3,2,150,-0.907528047772204,1.34570467631622,9,1.86051491160027,1,-24.92536,2702,0,0,6,"both",-0.907528047772204,1.34570467631622
"1215","session2",-26.6493666761033,11.0468480343626,4.13195383902459,0.000132641923657925,-0.372205915189941,0.402189019977132,0.704690838220189,3,2,150,-0.907528047772204,1.34570467631622,9,2.08664732160435,0,-35.69444,2702,0,0,6,"both",-0.907528047772204,1.34570467631622
"1216","session2",-26.6493666761033,11.0468480343626,4.13195383902459,0.000132641923657925,-0.372205915189941,0.402189019977132,0.704690838220189,3,2,150,-0.907528047772204,1.34570467631622,9,2.29996813741076,1,-27.85837,2702,0,0,6,"both",-0.907528047772204,1.34570467631622
"1217","session2",-26.6493666761033,11.0468480343626,4.13195383902459,0.000132641923657925,-0.372205915189941,0.402189019977132,0.704690838220189,3,2,150,-0.907528047772204,1.34570467631622,9,1.79812422979322,1,-31.85708,2702,0,0,6,"both",-0.907528047772204,1.34570467631622
"1218","session2",-26.6493666761033,11.0468480343626,4.13195383902459,0.000132641923657925,-0.372205915189941,0.402189019977132,0.704690838220189,3,2,150,-0.907528047772204,1.34570467631622,9,1.65576568693448,0,-39.85903,2702,0,0,6,"both",-0.907528047772204,1.34570467631622
"1219","session2",-26.6493666761033,11.0468480343626,4.13195383902459,0.000132641923657925,-0.372205915189941,0.402189019977132,0.704690838220189,3,2,150,-0.907528047772204,1.34570467631622,9,3.52752844234929,1,-32.40291,2702,0,0,6,"both",-0.907528047772204,1.34570467631622
"1220","session2",-26.6493666761033,11.0468480343626,4.13195383902459,0.000132641923657925,-0.372205915189941,0.402189019977132,0.704690838220189,3,2,150,-0.907528047772204,1.34570467631622,9,2.9095472416859,0,-33.18088,2702,0,0,6,"both",-0.907528047772204,1.34570467631622
"1221","session2",-26.6493666761033,11.0468480343626,4.13195383902459,0.000132641923657925,-0.372205915189941,0.402189019977132,0.704690838220189,3,2,150,-0.907528047772204,1.34570467631622,9,2.44302990509604,0,-26.51069,2702,0,0,6,"both",-0.907528047772204,1.34570467631622
"1222","session2",-26.6493666761033,11.0468480343626,4.13195383902459,0.000132641923657925,-0.372205915189941,0.402189019977132,0.704690838220189,3,2,150,-0.907528047772204,1.34570467631622,9,1.58608186578598,0,-42.2844,2702,0,0,6,"both",-0.907528047772204,1.34570467631622
"1223","session2",-26.6493666761033,11.0468480343626,4.13195383902459,0.000132641923657925,-0.372205915189941,0.402189019977132,0.704690838220189,3,2,150,-0.907528047772204,1.34570467631622,9,2.44261027775043,0,-37.50154,2702,0,0,6,"both",-0.907528047772204,1.34570467631622
"1224","session2",-26.6493666761033,11.0468480343626,4.13195383902459,0.000132641923657925,-0.372205915189941,0.402189019977132,0.704690838220189,3,2,150,-0.907528047772204,1.34570467631622,9,1.51025435962437,1,41.1684,2702,0,0,6,"both",-0.907528047772204,1.34570467631622
"1225","session2",-26.6493666761033,11.0468480343626,4.13195383902459,0.000132641923657925,-0.372205915189941,0.402189019977132,0.704690838220189,3,2,150,-0.907528047772204,1.34570467631622,9,2.39292525587572,1,-24.13395,2702,0,0,6,"both",-0.907528047772204,1.34570467631622
"1226","session2",-26.6493666761033,11.0468480343626,4.13195383902459,0.000132641923657925,-0.372205915189941,0.402189019977132,0.704690838220189,3,2,150,-0.907528047772204,1.34570467631622,9,1.6499463024381,0,-38.55278,2702,0,0,6,"both",-0.907528047772204,1.34570467631622
"1227","session2",-26.6493666761033,11.0468480343626,4.13195383902459,0.000132641923657925,-0.372205915189941,0.402189019977132,0.704690838220189,3,2,150,-0.907528047772204,1.34570467631622,9,2.75193526328168,0,-33.7107,2702,0,0,6,"both",-0.907528047772204,1.34570467631622
"1228","session2",-26.6493666761033,11.0468480343626,4.13195383902459,0.000132641923657925,-0.372205915189941,0.402189019977132,0.704690838220189,3,2,150,-0.907528047772204,1.34570467631622,9,2.07266018824151,0,-32.15413,2702,0,0,6,"both",-0.907528047772204,1.34570467631622
"1229","session2",-26.6493666761033,11.0468480343626,4.13195383902459,0.000132641923657925,-0.372205915189941,0.402189019977132,0.704690838220189,3,2,150,-0.907528047772204,1.34570467631622,9,2.47034988176096,0,-30.25601,2702,0,0,6,"both",-0.907528047772204,1.34570467631622
"1230","session2",-26.6493666761033,11.0468480343626,4.13195383902459,0.000132641923657925,-0.372205915189941,0.402189019977132,0.704690838220189,3,2,150,-0.907528047772204,1.34570467631622,9,3.33260913186437,0,-33.69555,2702,0,0,6,"both",-0.907528047772204,1.34570467631622
"1231","session2",-26.6493666761033,11.0468480343626,4.13195383902459,0.000132641923657925,-0.372205915189941,0.402189019977132,0.704690838220189,3,2,150,-0.907528047772204,1.34570467631622,9,1.98223776322447,1,-38.7108,2702,0,0,6,"both",-0.907528047772204,1.34570467631622
"1232","session2",-26.6493666761033,11.0468480343626,4.13195383902459,0.000132641923657925,-0.372205915189941,0.402189019977132,0.704690838220189,3,2,150,-0.907528047772204,1.34570467631622,9,2.31449100087052,1,-23.49867,2702,0,0,6,"both",-0.907528047772204,1.34570467631622
"1233","session2",-26.6493666761033,11.0468480343626,4.13195383902459,0.000132641923657925,-0.372205915189941,0.402189019977132,0.704690838220189,3,2,150,-0.907528047772204,1.34570467631622,9,2.18291731115509,0,-26.93997,2702,0,0,6,"both",-0.907528047772204,1.34570467631622
"1234","session2",-26.6493666761033,11.0468480343626,4.13195383902459,0.000132641923657925,-0.372205915189941,0.402189019977132,0.704690838220189,3,2,150,-0.907528047772204,1.34570467631622,9,2.25093329055959,1,-25.71533,2702,0,0,6,"both",-0.907528047772204,1.34570467631622
"1235","session2",-26.6493666761033,11.0468480343626,4.13195383902459,0.000132641923657925,-0.372205915189941,0.402189019977132,0.704690838220189,3,2,150,-0.907528047772204,1.34570467631622,9,2.45382782263288,0,-33.46663,2702,0,0,6,"both",-0.907528047772204,1.34570467631622
"1236","session2",-26.6493666761033,11.0468480343626,4.13195383902459,0.000132641923657925,-0.372205915189941,0.402189019977132,0.704690838220189,3,2,150,-0.907528047772204,1.34570467631622,9,1.56554641532634,0,-37.329,2702,0,0,6,"both",-0.907528047772204,1.34570467631622
"1237","session2",-26.6493666761033,11.0468480343626,4.13195383902459,0.000132641923657925,-0.372205915189941,0.402189019977132,0.704690838220189,3,2,150,-0.907528047772204,1.34570467631622,9,2.06532372005001,0,-35.61038,2702,0,0,6,"both",-0.907528047772204,1.34570467631622
"1238","session2",-26.6493666761033,11.0468480343626,4.13195383902459,0.000132641923657925,-0.372205915189941,0.402189019977132,0.704690838220189,3,2,150,-0.907528047772204,1.34570467631622,9,1.64675277010743,0,-34.40982,2702,0,0,6,"both",-0.907528047772204,1.34570467631622
"1239","session2",-26.6493666761033,11.0468480343626,4.13195383902459,0.000132641923657925,-0.372205915189941,0.402189019977132,0.704690838220189,3,2,150,-0.907528047772204,1.34570467631622,9,2.06778955649101,0,-32.05154,2702,0,0,6,"both",-0.907528047772204,1.34570467631622
"1240","session2",-26.6493666761033,11.0468480343626,4.13195383902459,0.000132641923657925,-0.372205915189941,0.402189019977132,0.704690838220189,3,2,150,-0.907528047772204,1.34570467631622,9,2.12644812936985,0,-32.27032,2702,0,0,6,"both",-0.907528047772204,1.34570467631622
"1241","session2",-26.6493666761033,11.0468480343626,4.13195383902459,0.000132641923657925,-0.372205915189941,0.402189019977132,0.704690838220189,3,2,150,-0.907528047772204,1.34570467631622,9,2.38845193452071,0,-26.97755,2702,0,0,6,"both",-0.907528047772204,1.34570467631622
"1242","session2",-26.6493666761033,11.0468480343626,4.13195383902459,0.000132641923657925,-0.372205915189941,0.402189019977132,0.704690838220189,3,2,150,-0.907528047772204,1.34570467631622,9,3.13878705572663,0,-33.88601,2702,0,0,6,"both",-0.907528047772204,1.34570467631622
"1243","session2",-26.6493666761033,11.0468480343626,4.13195383902459,0.000132641923657925,-0.372205915189941,0.402189019977132,0.704690838220189,3,2,150,-0.907528047772204,1.34570467631622,9,2.69787661220951,1,-28.05708,2702,0,0,6,"both",-0.907528047772204,1.34570467631622
"1244","session2",-26.6493666761033,11.0468480343626,4.13195383902459,0.000132641923657925,-0.372205915189941,0.402189019977132,0.704690838220189,3,2,150,-0.907528047772204,1.34570467631622,9,2.87464403084066,1,-25.26986,2702,0,0,6,"both",-0.907528047772204,1.34570467631622
"1245","session2",-26.6493666761033,11.0468480343626,4.13195383902459,0.000132641923657925,-0.372205915189941,0.402189019977132,0.704690838220189,3,2,150,-0.907528047772204,1.34570467631622,9,2.57874137681933,1,-27.16469,2702,0,0,6,"both",-0.907528047772204,1.34570467631622
"1246","session2",-26.6493666761033,11.0468480343626,4.13195383902459,0.000132641923657925,-0.372205915189941,0.402189019977132,0.704690838220189,3,2,150,-0.907528047772204,1.34570467631622,9,2.2782435852393,0,-32.32445,2702,0,0,6,"both",-0.907528047772204,1.34570467631622
"1247","session2",-26.6493666761033,11.0468480343626,4.13195383902459,0.000132641923657925,-0.372205915189941,0.402189019977132,0.704690838220189,3,2,150,-0.907528047772204,1.34570467631622,9,2.53406971094859,0,-19.13384,2702,0,0,6,"both",-0.907528047772204,1.34570467631622
"1248","session2",-26.6493666761033,11.0468480343626,4.13195383902459,0.000132641923657925,-0.372205915189941,0.402189019977132,0.704690838220189,3,2,150,-0.907528047772204,1.34570467631622,9,2.80980777807696,0,-32.83815,2702,0,0,6,"both",-0.907528047772204,1.34570467631622
"1249","session2",-26.6493666761033,11.0468480343626,4.13195383902459,0.000132641923657925,-0.372205915189941,0.402189019977132,0.704690838220189,3,2,150,-0.907528047772204,1.34570467631622,9,3.09177081508017,1,-25.97672,2702,0,0,6,"both",-0.907528047772204,1.34570467631622
"1250","session2",-26.6493666761033,11.0468480343626,4.13195383902459,0.000132641923657925,-0.372205915189941,0.402189019977132,0.704690838220189,3,2,150,-0.907528047772204,1.34570467631622,9,3.13452887452104,1,-25.50205,2702,0,0,6,"both",-0.907528047772204,1.34570467631622
"1251","session2",-26.6493666761033,11.0468480343626,4.13195383902459,0.000132641923657925,-0.372205915189941,0.402189019977132,0.704690838220189,3,2,150,-0.907528047772204,1.34570467631622,9,1.24511700124177,0,-15.3115,2702,0,0,6,"both",-0.907528047772204,1.34570467631622
"1252","session2",-26.6493666761033,11.0468480343626,4.13195383902459,0.000132641923657925,-0.372205915189941,0.402189019977132,0.704690838220189,3,2,150,-0.907528047772204,1.34570467631622,9,1.77228498757547,0,-28.70985,2702,0,0,6,"both",-0.907528047772204,1.34570467631622
"1253","session2",-26.6493666761033,11.0468480343626,4.13195383902459,0.000132641923657925,-0.372205915189941,0.402189019977132,0.704690838220189,3,2,150,-0.907528047772204,1.34570467631622,9,1.92127854722118,1,-27.19949,2702,0,0,6,"both",-0.907528047772204,1.34570467631622
"1254","session2",-26.6493666761033,11.0468480343626,4.13195383902459,0.000132641923657925,-0.372205915189941,0.402189019977132,0.704690838220189,3,2,150,-0.907528047772204,1.34570467631622,9,1.95968474106449,0,-30.95688,2702,0,0,6,"both",-0.907528047772204,1.34570467631622
"1255","session2",-26.6493666761033,11.0468480343626,4.13195383902459,0.000132641923657925,-0.372205915189941,0.402189019977132,0.704690838220189,3,2,150,-0.907528047772204,1.34570467631622,9,2.65982359353907,1,-28.33265,2702,0,0,6,"both",-0.907528047772204,1.34570467631622
"1256","session2",-26.6493666761033,11.0468480343626,4.13195383902459,0.000132641923657925,-0.372205915189941,0.402189019977132,0.704690838220189,3,2,150,-0.907528047772204,1.34570467631622,9,3.60518972170279,0,-30.96534,2702,0,0,6,"both",-0.907528047772204,1.34570467631622
"1257","session2",-26.6493666761033,11.0468480343626,4.13195383902459,0.000132641923657925,-0.372205915189941,0.402189019977132,0.704690838220189,3,2,150,-0.907528047772204,1.34570467631622,9,1.61775397539953,1,-24.56577,2702,0,0,6,"both",-0.907528047772204,1.34570467631622
"1258","session2",-26.6493666761033,11.0468480343626,4.13195383902459,0.000132641923657925,-0.372205915189941,0.402189019977132,0.704690838220189,3,2,150,-0.907528047772204,1.34570467631622,9,3.87572883398112,1,-30.24563,2702,0,0,6,"both",-0.907528047772204,1.34570467631622
"1259","session2",-26.6493666761033,11.0468480343626,4.13195383902459,0.000132641923657925,-0.372205915189941,0.402189019977132,0.704690838220189,3,2,150,-0.907528047772204,1.34570467631622,9,1.44107081367312,0,-31.25287,2702,0,0,6,"both",-0.907528047772204,1.34570467631622
"1260","session2",-26.6493666761033,11.0468480343626,4.13195383902459,0.000132641923657925,-0.372205915189941,0.402189019977132,0.704690838220189,3,2,150,-0.907528047772204,1.34570467631622,9,2.58561045707456,1,-25.91492,2702,0,0,6,"both",-0.907528047772204,1.34570467631622
"1261","session2",-26.6493666761033,11.0468480343626,4.13195383902459,0.000132641923657925,-0.372205915189941,0.402189019977132,0.704690838220189,3,2,150,-0.907528047772204,1.34570467631622,9,3.4645950711949,1,-26.44356,2702,0,0,6,"both",-0.907528047772204,1.34570467631622
"1262","session2",-26.6493666761033,11.0468480343626,4.13195383902459,0.000132641923657925,-0.372205915189941,0.402189019977132,0.704690838220189,3,2,150,-0.907528047772204,1.34570467631622,9,2.95487429297993,0,-26.84976,2702,0,0,6,"both",-0.907528047772204,1.34570467631622
"1263","session2",-26.6493666761033,11.0468480343626,4.13195383902459,0.000132641923657925,-0.372205915189941,0.402189019977132,0.704690838220189,3,2,150,-0.907528047772204,1.34570467631622,9,2.01506985586326,0,-30.22348,2702,0,0,6,"both",-0.907528047772204,1.34570467631622
"1264","session2",-26.6493666761033,11.0468480343626,4.13195383902459,0.000132641923657925,-0.372205915189941,0.402189019977132,0.704690838220189,3,2,150,-0.907528047772204,1.34570467631622,9,2.36858418957849,1,-28.85207,2702,0,0,6,"both",-0.907528047772204,1.34570467631622
"1265","session2",-26.6493666761033,11.0468480343626,4.13195383902459,0.000132641923657925,-0.372205915189941,0.402189019977132,0.704690838220189,3,2,150,-0.907528047772204,1.34570467631622,9,1.42782633585121,1,-25.8641,2702,0,0,6,"both",-0.907528047772204,1.34570467631622
"1266","session2",-26.6493666761033,11.0468480343626,4.13195383902459,0.000132641923657925,-0.372205915189941,0.402189019977132,0.704690838220189,3,2,150,-0.907528047772204,1.34570467631622,9,2.47320937768332,1,-30.15707,2702,0,0,6,"both",-0.907528047772204,1.34570467631622
"1267","session2",-26.6493666761033,11.0468480343626,4.13195383902459,0.000132641923657925,-0.372205915189941,0.402189019977132,0.704690838220189,3,2,150,-0.907528047772204,1.34570467631622,9,1.64881791454712,0,-34.17762,2702,0,0,6,"both",-0.907528047772204,1.34570467631622
"1268","session2",-26.6493666761033,11.0468480343626,4.13195383902459,0.000132641923657925,-0.372205915189941,0.402189019977132,0.704690838220189,3,2,150,-0.907528047772204,1.34570467631622,9,2.70929671556152,0,-27.07637,2702,0,0,6,"both",-0.907528047772204,1.34570467631622
"1269","session2",-26.6493666761033,11.0468480343626,4.13195383902459,0.000132641923657925,-0.372205915189941,0.402189019977132,0.704690838220189,3,2,150,-0.907528047772204,1.34570467631622,9,3.54626000880537,1,-31.44903,2702,0,0,6,"both",-0.907528047772204,1.34570467631622
"1270","session2",-26.6493666761033,11.0468480343626,4.13195383902459,0.000132641923657925,-0.372205915189941,0.402189019977132,0.704690838220189,3,2,150,-0.907528047772204,1.34570467631622,9,2.40524783311804,0,-31.31476,2702,0,0,6,"both",-0.907528047772204,1.34570467631622
"1271","session2",-26.6493666761033,11.0468480343626,4.13195383902459,0.000132641923657925,-0.372205915189941,0.402189019977132,0.704690838220189,3,2,150,-0.907528047772204,1.34570467631622,9,4.66913622546031,0,-23.39726,2702,0,0,6,"both",-0.907528047772204,1.34570467631622
"1272","session2",-26.6493666761033,11.0468480343626,4.13195383902459,0.000132641923657925,-0.372205915189941,0.402189019977132,0.704690838220189,3,2,150,-0.907528047772204,1.34570467631622,9,4.35580343581143,1,-26.48047,2702,0,0,6,"both",-0.907528047772204,1.34570467631622
"1273","session2",-26.6493666761033,11.0468480343626,4.13195383902459,0.000132641923657925,-0.372205915189941,0.402189019977132,0.704690838220189,3,2,150,-0.907528047772204,1.34570467631622,9,1.55953238581883,1,-35.99754,2702,0,0,6,"both",-0.907528047772204,1.34570467631622
"1274","session2",-26.6493666761033,11.0468480343626,4.13195383902459,0.000132641923657925,-0.372205915189941,0.402189019977132,0.704690838220189,3,2,150,-0.907528047772204,1.34570467631622,9,3.7548374917746,1,-25.0736,2702,0,0,6,"both",-0.907528047772204,1.34570467631622
"1275","session2",-26.6493666761033,11.0468480343626,4.13195383902459,0.000132641923657925,-0.372205915189941,0.402189019977132,0.704690838220189,3,2,150,-0.907528047772204,1.34570467631622,9,1.73221544075436,0,-34.39661,2702,0,0,6,"both",-0.907528047772204,1.34570467631622
"1276","session2",-26.6493666761033,11.0468480343626,4.13195383902459,0.000132641923657925,-0.372205915189941,0.402189019977132,0.704690838220189,3,2,150,-0.907528047772204,1.34570467631622,9,1.51088278004598,0,-31.43416,2702,0,0,6,"both",-0.907528047772204,1.34570467631622
"1277","session2",-26.6493666761033,11.0468480343626,4.13195383902459,0.000132641923657925,-0.372205915189941,0.402189019977132,0.704690838220189,3,2,150,-0.907528047772204,1.34570467631622,9,2.59835296322717,0,-30.75133,2702,0,0,6,"both",-0.907528047772204,1.34570467631622
"1278","session2",-26.6493666761033,11.0468480343626,4.13195383902459,0.000132641923657925,-0.372205915189941,0.402189019977132,0.704690838220189,3,2,150,-0.907528047772204,1.34570467631622,9,2.59158173013098,1,-28.31167,2702,0,0,6,"both",-0.907528047772204,1.34570467631622
"1279","session2",-26.6493666761033,11.0468480343626,4.13195383902459,0.000132641923657925,-0.372205915189941,0.402189019977132,0.704690838220189,3,2,150,-0.907528047772204,1.34570467631622,9,1.86704900864749,1,-25.03808,2702,0,0,6,"both",-0.907528047772204,1.34570467631622
"1280","session2",-26.6493666761033,11.0468480343626,4.13195383902459,0.000132641923657925,-0.372205915189941,0.402189019977132,0.704690838220189,3,2,150,-0.907528047772204,1.34570467631622,9,3.2046280291471,0,-31.79929,2702,0,0,6,"both",-0.907528047772204,1.34570467631622
"1281","session2",-26.6493666761033,11.0468480343626,4.13195383902459,0.000132641923657925,-0.372205915189941,0.402189019977132,0.704690838220189,3,2,150,-0.907528047772204,1.34570467631622,9,1.53681142253967,0,-33.3308,2702,0,0,6,"both",-0.907528047772204,1.34570467631622
"1282","session2",-26.6493666761033,11.0468480343626,4.13195383902459,0.000132641923657925,-0.372205915189941,0.402189019977132,0.704690838220189,3,2,150,-0.907528047772204,1.34570467631622,9,1.71841000973062,1,-30.99465,2702,0,0,6,"both",-0.907528047772204,1.34570467631622
"1283","session2",-26.6493666761033,11.0468480343626,4.13195383902459,0.000132641923657925,-0.372205915189941,0.402189019977132,0.704690838220189,3,2,150,-0.907528047772204,1.34570467631622,9,3.81212698534768,1,-26.90089,2702,0,0,6,"both",-0.907528047772204,1.34570467631622
"1284","session2",-26.6493666761033,11.0468480343626,4.13195383902459,0.000132641923657925,-0.372205915189941,0.402189019977132,0.704690838220189,3,2,150,-0.907528047772204,1.34570467631622,9,4.2801213806719,1,-30.30738,2702,0,0,6,"both",-0.907528047772204,1.34570467631622
"1285","session2",-26.6493666761033,11.0468480343626,4.13195383902459,0.000132641923657925,-0.372205915189941,0.402189019977132,0.704690838220189,3,2,150,-0.907528047772204,1.34570467631622,9,1.5891892859326,1,-27.12365,2702,0,0,6,"both",-0.907528047772204,1.34570467631622
"1286","session2",-26.6493666761033,11.0468480343626,4.13195383902459,0.000132641923657925,-0.372205915189941,0.402189019977132,0.704690838220189,3,2,150,-0.907528047772204,1.34570467631622,9,2.49324551616299,0,-31.1364,2702,0,0,6,"both",-0.907528047772204,1.34570467631622
"1287","session2",-26.6493666761033,11.0468480343626,4.13195383902459,0.000132641923657925,-0.372205915189941,0.402189019977132,0.704690838220189,3,2,150,-0.907528047772204,1.34570467631622,9,2.4027187289725,1,-26.46561,2702,0,0,6,"both",-0.907528047772204,1.34570467631622
"1288","session2",-26.6493666761033,11.0468480343626,4.13195383902459,0.000132641923657925,-0.372205915189941,0.402189019977132,0.704690838220189,3,2,150,-0.907528047772204,1.34570467631622,9,4.39367232859006,1,-27.69659,2702,0,0,6,"both",-0.907528047772204,1.34570467631622
"1289","session2",-26.6493666761033,11.0468480343626,4.13195383902459,0.000132641923657925,-0.372205915189941,0.402189019977132,0.704690838220189,3,2,150,-0.907528047772204,1.34570467631622,9,2.10177670983868,1,-24.98569,2702,0,0,6,"both",-0.907528047772204,1.34570467631622
"1290","session2",-26.6493666761033,11.0468480343626,4.13195383902459,0.000132641923657925,-0.372205915189941,0.402189019977132,0.704690838220189,3,2,150,-0.907528047772204,1.34570467631622,9,2.09425739353133,0,-31.03269,2702,0,0,6,"both",-0.907528047772204,1.34570467631622
"1291","session2",-26.6493666761033,11.0468480343626,4.13195383902459,0.000132641923657925,-0.372205915189941,0.402189019977132,0.704690838220189,3,2,150,-0.907528047772204,1.34570467631622,9,2.29431767093438,1,-26.75785,2702,0,0,6,"both",-0.907528047772204,1.34570467631622
"1292","session2",-26.6493666761033,11.0468480343626,4.13195383902459,0.000132641923657925,-0.372205915189941,0.402189019977132,0.704690838220189,3,2,150,-0.907528047772204,1.34570467631622,9,3.61726347916431,0,-27.30022,2702,0,0,6,"both",-0.907528047772204,1.34570467631622
"1293","session2",-26.6493666761033,11.0468480343626,4.13195383902459,0.000132641923657925,-0.372205915189941,0.402189019977132,0.704690838220189,3,2,150,-0.907528047772204,1.34570467631622,9,1.41253325231273,1,-33.03747,2702,0,0,6,"both",-0.907528047772204,1.34570467631622
"1294","session2",-26.6493666761033,11.0468480343626,4.13195383902459,0.000132641923657925,-0.372205915189941,0.402189019977132,0.704690838220189,3,2,150,-0.907528047772204,1.34570467631622,9,2.99172281632422,0,-28.76768,2702,0,0,6,"both",-0.907528047772204,1.34570467631622
"1295","session2",-26.6493666761033,11.0468480343626,4.13195383902459,0.000132641923657925,-0.372205915189941,0.402189019977132,0.704690838220189,3,2,150,-0.907528047772204,1.34570467631622,9,2.84987492038351,1,-30.82125,2702,0,0,6,"both",-0.907528047772204,1.34570467631622
"1296","session2",-26.6493666761033,11.0468480343626,4.13195383902459,0.000132641923657925,-0.372205915189941,0.402189019977132,0.704690838220189,3,2,150,-0.907528047772204,1.34570467631622,9,3.31365023046983,0,-32.16959,2702,0,0,6,"both",-0.907528047772204,1.34570467631622
"1297","session2",-26.6493666761033,11.0468480343626,4.13195383902459,0.000132641923657925,-0.372205915189941,0.402189019977132,0.704690838220189,3,2,150,-0.907528047772204,1.34570467631622,9,1.94536880370295,0,-33.76054,2702,0,0,6,"both",-0.907528047772204,1.34570467631622
"1298","session2",-26.6493666761033,11.0468480343626,4.13195383902459,0.000132641923657925,-0.372205915189941,0.402189019977132,0.704690838220189,3,2,150,-0.907528047772204,1.34570467631622,9,1.95881684377805,1,-26.89122,2702,0,0,6,"both",-0.907528047772204,1.34570467631622
"1299","session2",-26.6493666761033,11.0468480343626,4.13195383902459,0.000132641923657925,-0.372205915189941,0.402189019977132,0.704690838220189,3,2,150,-0.907528047772204,1.34570467631622,9,2.38626751118004,0,-26.81902,2702,0,0,6,"both",-0.907528047772204,1.34570467631622
"1300","session2",-26.6493666761033,11.0468480343626,4.13195383902459,0.000132641923657925,-0.372205915189941,0.402189019977132,0.704690838220189,3,2,150,-0.907528047772204,1.34570467631622,9,2.16311029812932,0,-33.13218,2702,0,0,6,"both",-0.907528047772204,1.34570467631622
"1301","session2",-26.6493666761033,11.0468480343626,4.13195383902459,0.000132641923657925,-0.372205915189941,0.402189019977132,0.704690838220189,3,2,150,-0.907528047772204,1.34570467631622,9,1.65290066810085,0,-25.94266,2702,0,0,6,"both",-0.907528047772204,1.34570467631622
"1302","session2",-26.6493666761033,11.0468480343626,4.13195383902459,0.000132641923657925,-0.372205915189941,0.402189019977132,0.704690838220189,3,2,150,-0.907528047772204,1.34570467631622,9,3.23411566637267,1,-31.24912,2702,0,0,6,"both",-0.907528047772204,1.34570467631622
"1303","session2",-26.6493666761033,11.0468480343626,4.13195383902459,0.000132641923657925,-0.372205915189941,0.402189019977132,0.704690838220189,3,2,150,-0.907528047772204,1.34570467631622,9,2.24383728125387,1,-31.37408,2702,0,0,6,"both",-0.907528047772204,1.34570467631622
"1304","session2",-26.6493666761033,11.0468480343626,4.13195383902459,0.000132641923657925,-0.372205915189941,0.402189019977132,0.704690838220189,3,2,150,-0.907528047772204,1.34570467631622,9,2.40052433924869,1,-25.39059,2702,0,0,6,"both",-0.907528047772204,1.34570467631622
"1305","session2",-26.6493666761033,11.0468480343626,4.13195383902459,0.000132641923657925,-0.372205915189941,0.402189019977132,0.704690838220189,3,2,150,-0.907528047772204,1.34570467631622,9,1.6711522742189,0,-30.73504,2702,0,0,6,"both",-0.907528047772204,1.34570467631622
"1306","session2",-26.6493666761033,11.0468480343626,4.13195383902459,0.000132641923657925,-0.372205915189941,0.402189019977132,0.704690838220189,3,2,150,-0.907528047772204,1.34570467631622,9,5.20383465788491,1,-31.31052,2702,0,0,6,"both",-0.907528047772204,1.34570467631622
"1307","session2",-26.6493666761033,11.0468480343626,4.13195383902459,0.000132641923657925,-0.372205915189941,0.402189019977132,0.704690838220189,3,2,150,-0.907528047772204,1.34570467631622,9,3.20985072621117,1,-33.19584,2702,0,0,6,"both",-0.907528047772204,1.34570467631622
"1308","session2",-26.6493666761033,11.0468480343626,4.13195383902459,0.000132641923657925,-0.372205915189941,0.402189019977132,0.704690838220189,3,2,150,-0.907528047772204,1.34570467631622,9,2.33974240424827,0,-33.76973,2702,0,0,6,"both",-0.907528047772204,1.34570467631622
"1309","session2",-26.6493666761033,11.0468480343626,4.13195383902459,0.000132641923657925,-0.372205915189941,0.402189019977132,0.704690838220189,3,2,150,-0.907528047772204,1.34570467631622,9,2.92646294626571,1,-31.06142,2702,0,0,6,"both",-0.907528047772204,1.34570467631622
"1310","session2",-26.6493666761033,11.0468480343626,4.13195383902459,0.000132641923657925,-0.372205915189941,0.402189019977132,0.704690838220189,3,2,150,-0.907528047772204,1.34570467631622,9,3.75270668712399,1,-31.78293,2702,0,0,6,"both",-0.907528047772204,1.34570467631622
"1311","session2",-26.6493666761033,11.0468480343626,4.13195383902459,0.000132641923657925,-0.372205915189941,0.402189019977132,0.704690838220189,3,2,150,-0.907528047772204,1.34570467631622,9,1.56162496286494,1,-30.65737,2702,0,0,6,"both",-0.907528047772204,1.34570467631622
"1312","session2",-26.6493666761033,11.0468480343626,4.13195383902459,0.000132641923657925,-0.372205915189941,0.402189019977132,0.704690838220189,3,2,150,-0.907528047772204,1.34570467631622,9,2.26175765217247,1,-26.99566,2702,0,0,6,"both",-0.907528047772204,1.34570467631622
"1313","session2",-26.6493666761033,11.0468480343626,4.13195383902459,0.000132641923657925,-0.372205915189941,0.402189019977132,0.704690838220189,3,2,150,-0.907528047772204,1.34570467631622,9,2.01804078800605,0,-26.36881,2702,0,0,6,"both",-0.907528047772204,1.34570467631622
"1314","session2",-26.6493666761033,11.0468480343626,4.13195383902459,0.000132641923657925,-0.372205915189941,0.402189019977132,0.704690838220189,3,2,150,-0.907528047772204,1.34570467631622,9,1.9603254762228,0,-31.69407,2702,0,0,6,"both",-0.907528047772204,1.34570467631622
"1315","session2",-26.6493666761033,11.0468480343626,4.13195383902459,0.000132641923657925,-0.372205915189941,0.402189019977132,0.704690838220189,3,2,150,-0.907528047772204,1.34570467631622,9,3.72629844117409,0,-24.79938,2702,0,0,6,"both",-0.907528047772204,1.34570467631622
"1316","session2",-26.6493666761033,11.0468480343626,4.13195383902459,0.000132641923657925,-0.372205915189941,0.402189019977132,0.704690838220189,3,2,150,-0.907528047772204,1.34570467631622,9,2.13580818688002,0,-31.84331,2702,0,0,6,"both",-0.907528047772204,1.34570467631622
"1317","session2",-26.6493666761033,11.0468480343626,4.13195383902459,0.000132641923657925,-0.372205915189941,0.402189019977132,0.704690838220189,3,2,150,-0.907528047772204,1.34570467631622,9,3.67704276659726,0,-41.9196,2702,0,0,6,"both",-0.907528047772204,1.34570467631622
"1318","session2",-26.6493666761033,11.0468480343626,4.13195383902459,0.000132641923657925,-0.372205915189941,0.402189019977132,0.704690838220189,3,2,150,-0.907528047772204,1.34570467631622,9,3.84906888710774,1,-30.72134,2702,0,0,6,"both",-0.907528047772204,1.34570467631622
"1319","session2",-26.6493666761033,11.0468480343626,4.13195383902459,0.000132641923657925,-0.372205915189941,0.402189019977132,0.704690838220189,3,2,150,-0.907528047772204,1.34570467631622,9,2.11457335222766,0,-34.12499,2702,0,0,6,"both",-0.907528047772204,1.34570467631622
"1320","session2",-26.6493666761033,11.0468480343626,4.13195383902459,0.000132641923657925,-0.372205915189941,0.402189019977132,0.704690838220189,3,2,150,-0.907528047772204,1.34570467631622,9,2.15396069614564,0,-32.79716,2702,0,0,6,"both",-0.907528047772204,1.34570467631622
"1321","session2",-26.6493666761033,11.0468480343626,4.13195383902459,0.000132641923657925,-0.372205915189941,0.402189019977132,0.704690838220189,3,2,150,-0.907528047772204,1.34570467631622,9,2.26661420342084,0,-32.10703,2702,0,0,6,"both",-0.907528047772204,1.34570467631622
"1322","session2",-26.6493666761033,11.0468480343626,4.13195383902459,0.000132641923657925,-0.372205915189941,0.402189019977132,0.704690838220189,3,2,150,-0.907528047772204,1.34570467631622,9,2.26626519371361,0,-31.83021,2702,0,0,6,"both",-0.907528047772204,1.34570467631622
"1323","session2",-26.6493666761033,11.0468480343626,4.13195383902459,0.000132641923657925,-0.372205915189941,0.402189019977132,0.704690838220189,3,2,150,-0.907528047772204,1.34570467631622,9,3.14624399877733,1,-26.52264,2702,0,0,6,"both",-0.907528047772204,1.34570467631622
"1324","session2",-26.6493666761033,11.0468480343626,4.13195383902459,0.000132641923657925,-0.372205915189941,0.402189019977132,0.704690838220189,3,2,150,-0.907528047772204,1.34570467631622,9,1.98590958441236,0,-30.1397,2702,0,0,6,"both",-0.907528047772204,1.34570467631622
"1325","session2",-26.6493666761033,11.0468480343626,4.13195383902459,0.000132641923657925,-0.372205915189941,0.402189019977132,0.704690838220189,3,2,150,-0.907528047772204,1.34570467631622,9,2.60074123022434,0,-34.6187,2702,0,0,6,"both",-0.907528047772204,1.34570467631622
"1326","session2",-26.6493666761033,11.0468480343626,4.13195383902459,0.000132641923657925,-0.372205915189941,0.402189019977132,0.704690838220189,3,2,150,-0.907528047772204,1.34570467631622,9,3.85170049594838,0,-27.94569,2702,0,0,6,"both",-0.907528047772204,1.34570467631622
"1327","session2",-26.6493666761033,11.0468480343626,4.13195383902459,0.000132641923657925,-0.372205915189941,0.402189019977132,0.704690838220189,3,2,150,-0.907528047772204,1.34570467631622,9,2.38628199894206,0,-31.35305,2702,0,0,6,"both",-0.907528047772204,1.34570467631622
"1328","session2",-26.6493666761033,11.0468480343626,4.13195383902459,0.000132641923657925,-0.372205915189941,0.402189019977132,0.704690838220189,3,2,150,-0.907528047772204,1.34570467631622,9,3.2139069161805,0,-30.75917,2702,0,0,6,"both",-0.907528047772204,1.34570467631622
"1329","session2",-26.6493666761033,11.0468480343626,4.13195383902459,0.000132641923657925,-0.372205915189941,0.402189019977132,0.704690838220189,3,2,150,-0.907528047772204,1.34570467631622,9,1.85686599911162,1,-31.66985,2702,0,0,6,"both",-0.907528047772204,1.34570467631622
"1330","session2",-26.6493666761033,11.0468480343626,4.13195383902459,0.000132641923657925,-0.372205915189941,0.402189019977132,0.704690838220189,3,2,150,-0.907528047772204,1.34570467631622,9,2.99143491442385,0,-32.61015,2702,0,0,6,"both",-0.907528047772204,1.34570467631622
"1331","session2",-26.6493666761033,11.0468480343626,4.13195383902459,0.000132641923657925,-0.372205915189941,0.402189019977132,0.704690838220189,3,2,150,-0.907528047772204,1.34570467631622,9,1.67552249692087,0,-25.88227,2702,0,0,6,"both",-0.907528047772204,1.34570467631622
"1332","session2",-26.6493666761033,11.0468480343626,4.13195383902459,0.000132641923657925,-0.372205915189941,0.402189019977132,0.704690838220189,3,2,150,-0.907528047772204,1.34570467631622,9,1.73490541182566,0,-28.56877,2702,0,0,6,"both",-0.907528047772204,1.34570467631622
"1333","session2",-26.6493666761033,11.0468480343626,4.13195383902459,0.000132641923657925,-0.372205915189941,0.402189019977132,0.704690838220189,3,2,150,-0.907528047772204,1.34570467631622,9,1.92429671476387,0,-27.00467,2702,0,0,6,"both",-0.907528047772204,1.34570467631622
"1334","session2",-26.6493666761033,11.0468480343626,4.13195383902459,0.000132641923657925,-0.372205915189941,0.402189019977132,0.704690838220189,3,2,150,-0.907528047772204,1.34570467631622,9,3.48204269149337,1,-26.19298,2702,0,0,6,"both",-0.907528047772204,1.34570467631622
"1335","session2",-26.6493666761033,11.0468480343626,4.13195383902459,0.000132641923657925,-0.372205915189941,0.402189019977132,0.704690838220189,3,2,150,-0.907528047772204,1.34570467631622,9,1.63345197938688,1,-20.50811,2702,0,0,6,"both",-0.907528047772204,1.34570467631622
"1336","session2",-26.6493666761033,11.0468480343626,4.13195383902459,0.000132641923657925,-0.372205915189941,0.402189019977132,0.704690838220189,3,2,150,-0.907528047772204,1.34570467631622,9,1.7058079128799,1,-26.92046,2702,0,0,6,"both",-0.907528047772204,1.34570467631622
"1337","session2",-26.6493666761033,11.0468480343626,4.13195383902459,0.000132641923657925,-0.372205915189941,0.402189019977132,0.704690838220189,3,2,150,-0.907528047772204,1.34570467631622,9,3.69776289251335,0,-29.81922,2702,0,0,6,"both",-0.907528047772204,1.34570467631622
"1338","session2",-26.6493666761033,11.0468480343626,4.13195383902459,0.000132641923657925,-0.372205915189941,0.402189019977132,0.704690838220189,3,2,150,-0.907528047772204,1.34570467631622,9,1.69632110495012,0,-24.72166,2702,0,0,6,"both",-0.907528047772204,1.34570467631622
"1339","session2",-26.6493666761033,11.0468480343626,4.13195383902459,0.000132641923657925,-0.372205915189941,0.402189019977132,0.704690838220189,3,2,150,-0.907528047772204,1.34570467631622,9,2.23686117987673,1,-23.57851,2702,0,0,6,"both",-0.907528047772204,1.34570467631622
"1340","session2",-26.6493666761033,11.0468480343626,4.13195383902459,0.000132641923657925,-0.372205915189941,0.402189019977132,0.704690838220189,3,2,150,-0.907528047772204,1.34570467631622,9,2.16029166690654,1,-24.51503,2702,0,0,6,"both",-0.907528047772204,1.34570467631622
"1341","session2",-26.6493666761033,11.0468480343626,4.13195383902459,0.000132641923657925,-0.372205915189941,0.402189019977132,0.704690838220189,3,2,150,-0.907528047772204,1.34570467631622,9,1.82479783355668,1,-22.26472,2702,0,0,6,"both",-0.907528047772204,1.34570467631622
"1342","session2",-26.6493666761033,11.0468480343626,4.13195383902459,0.000132641923657925,-0.372205915189941,0.402189019977132,0.704690838220189,3,2,150,-0.907528047772204,1.34570467631622,9,1.64571284835649,0,-37.6766,2702,0,0,6,"both",-0.907528047772204,1.34570467631622
"1343","session2",-26.6493666761033,11.0468480343626,4.13195383902459,0.000132641923657925,-0.372205915189941,0.402189019977132,0.704690838220189,3,2,150,-0.907528047772204,1.34570467631622,9,2.73113881591299,0,-31.00493,2702,0,0,6,"both",-0.907528047772204,1.34570467631622
"1344","session2",-26.6493666761033,11.0468480343626,4.13195383902459,0.000132641923657925,-0.372205915189941,0.402189019977132,0.704690838220189,3,2,150,-0.907528047772204,1.34570467631622,9,2.63223624046263,1,-24.95487,2702,0,0,6,"both",-0.907528047772204,1.34570467631622
"1345","session2",-26.6493666761033,11.0468480343626,4.13195383902459,0.000132641923657925,-0.372205915189941,0.402189019977132,0.704690838220189,3,2,150,-0.907528047772204,1.34570467631622,9,2.58562519913896,0,-25.64471,2702,0,0,6,"both",-0.907528047772204,1.34570467631622
"1346","session2",-26.6493666761033,11.0468480343626,4.13195383902459,0.000132641923657925,-0.372205915189941,0.402189019977132,0.704690838220189,3,2,150,-0.907528047772204,1.34570467631622,9,1.76851842848158,1,-21.83448,2702,0,0,6,"both",-0.907528047772204,1.34570467631622
"1347","session2",-26.6493666761033,11.0468480343626,4.13195383902459,0.000132641923657925,-0.372205915189941,0.402189019977132,0.704690838220189,3,2,150,-0.907528047772204,1.34570467631622,9,3.03269887585661,0,-26.04977,2702,0,0,6,"both",-0.907528047772204,1.34570467631622
"1348","session2",-26.6493666761033,11.0468480343626,4.13195383902459,0.000132641923657925,-0.372205915189941,0.402189019977132,0.704690838220189,3,2,150,-0.907528047772204,1.34570467631622,9,1.9325057345401,0,-32.93391,2702,0,0,6,"both",-0.907528047772204,1.34570467631622
"1349","session2",-26.6493666761033,11.0468480343626,4.13195383902459,0.000132641923657925,-0.372205915189941,0.402189019977132,0.704690838220189,3,2,150,-0.907528047772204,1.34570467631622,9,2.20127515562809,0,-32.1621,2702,0,0,6,"both",-0.907528047772204,1.34570467631622
"1350","session2",-26.6493666761033,11.0468480343626,4.13195383902459,0.000132641923657925,-0.372205915189941,0.402189019977132,0.704690838220189,3,2,150,-0.907528047772204,1.34570467631622,9,3.58124535979314,1,-30.52377,2702,0,0,6,"both",-0.907528047772204,1.34570467631622
"1351","session2",-6.47664476845093,7.04048298025984,3.07910529396023,0.000116960628865817,-0.778498511603579,0.95264678524295,0.952042264254147,4,2,150,-0.907528047772204,1.34570467631622,10,2.12236745325828,0,-8.2636843616,2702,0,0,6,"both",-0.907528047772204,1.34570467631622
"1352","session2",-6.47664476845093,7.04048298025984,3.07910529396023,0.000116960628865817,-0.778498511603579,0.95264678524295,0.952042264254147,4,2,150,-0.907528047772204,1.34570467631622,10,1.91065819946453,0,2.64553986925,2702,0,0,6,"both",-0.907528047772204,1.34570467631622
"1353","session2",-6.47664476845093,7.04048298025984,3.07910529396023,0.000116960628865817,-0.778498511603579,0.95264678524295,0.952042264254147,4,2,150,-0.907528047772204,1.34570467631622,10,1.29587899848174,1,12.9320698355,2702,0,0,6,"both",-0.907528047772204,1.34570467631622
"1354","session2",-6.47664476845093,7.04048298025984,3.07910529396023,0.000116960628865817,-0.778498511603579,0.95264678524295,0.952042264254147,4,2,150,-0.907528047772204,1.34570467631622,10,1.36960800022363,1,7.415951879,2702,0,0,6,"both",-0.907528047772204,1.34570467631622
"1355","session2",-6.47664476845093,7.04048298025984,3.07910529396023,0.000116960628865817,-0.778498511603579,0.95264678524295,0.952042264254147,4,2,150,-0.907528047772204,1.34570467631622,10,1.18912716555188,1,16.51426,2702,0,0,6,"both",-0.907528047772204,1.34570467631622
"1356","session2",-6.47664476845093,7.04048298025984,3.07910529396023,0.000116960628865817,-0.778498511603579,0.95264678524295,0.952042264254147,4,2,150,-0.907528047772204,1.34570467631622,10,3.553171824451,0,-6.8967,2702,0,0,6,"both",-0.907528047772204,1.34570467631622
"1357","session2",-6.47664476845093,7.04048298025984,3.07910529396023,0.000116960628865817,-0.778498511603579,0.95264678524295,0.952042264254147,4,2,150,-0.907528047772204,1.34570467631622,10,0.989898235212774,1,-0.36936,2702,0,0,6,"both",-0.907528047772204,1.34570467631622
"1358","session2",-6.47664476845093,7.04048298025984,3.07910529396023,0.000116960628865817,-0.778498511603579,0.95264678524295,0.952042264254147,4,2,150,-0.907528047772204,1.34570467631622,10,1.28951392712357,0,-21.56731,2702,0,0,6,"both",-0.907528047772204,1.34570467631622
"1359","session2",-6.47664476845093,7.04048298025984,3.07910529396023,0.000116960628865817,-0.778498511603579,0.95264678524295,0.952042264254147,4,2,150,-0.907528047772204,1.34570467631622,10,2.50331917685644,1,14.53822,2702,0,0,6,"both",-0.907528047772204,1.34570467631622
"1360","session2",-6.47664476845093,7.04048298025984,3.07910529396023,0.000116960628865817,-0.778498511603579,0.95264678524295,0.952042264254147,4,2,150,-0.907528047772204,1.34570467631622,10,1.38417702852113,0,-17.67441,2702,0,0,6,"both",-0.907528047772204,1.34570467631622
"1361","session2",-6.47664476845093,7.04048298025984,3.07910529396023,0.000116960628865817,-0.778498511603579,0.95264678524295,0.952042264254147,4,2,150,-0.907528047772204,1.34570467631622,10,2.02575198038373,1,2.97603,2702,0,0,6,"both",-0.907528047772204,1.34570467631622
"1362","session2",-6.47664476845093,7.04048298025984,3.07910529396023,0.000116960628865817,-0.778498511603579,0.95264678524295,0.952042264254147,4,2,150,-0.907528047772204,1.34570467631622,10,2.69547622793272,1,-4.7036495,2702,0,0,6,"both",-0.907528047772204,1.34570467631622
"1363","session2",-6.47664476845093,7.04048298025984,3.07910529396023,0.000116960628865817,-0.778498511603579,0.95264678524295,0.952042264254147,4,2,150,-0.907528047772204,1.34570467631622,10,1.26389721676946,0,-16.07228,2702,0,0,6,"both",-0.907528047772204,1.34570467631622
"1364","session2",-6.47664476845093,7.04048298025984,3.07910529396023,0.000116960628865817,-0.778498511603579,0.95264678524295,0.952042264254147,4,2,150,-0.907528047772204,1.34570467631622,10,3.95323369459638,1,1.61688,2702,0,0,6,"both",-0.907528047772204,1.34570467631622
"1365","session2",-6.47664476845093,7.04048298025984,3.07910529396023,0.000116960628865817,-0.778498511603579,0.95264678524295,0.952042264254147,4,2,150,-0.907528047772204,1.34570467631622,10,2.16845102097253,0,-10.08947,2702,0,0,6,"both",-0.907528047772204,1.34570467631622
"1366","session2",-6.47664476845093,7.04048298025984,3.07910529396023,0.000116960628865817,-0.778498511603579,0.95264678524295,0.952042264254147,4,2,150,-0.907528047772204,1.34570467631622,10,2.31669867624283,1,9.56814,2702,0,0,6,"both",-0.907528047772204,1.34570467631622
"1367","session2",-6.47664476845093,7.04048298025984,3.07910529396023,0.000116960628865817,-0.778498511603579,0.95264678524295,0.952042264254147,4,2,150,-0.907528047772204,1.34570467631622,10,1.65523108299505,1,-6.21259,2702,0,0,6,"both",-0.907528047772204,1.34570467631622
"1368","session2",-6.47664476845093,7.04048298025984,3.07910529396023,0.000116960628865817,-0.778498511603579,0.95264678524295,0.952042264254147,4,2,150,-0.907528047772204,1.34570467631622,10,1.34525303005601,1,1.53328,2702,0,0,6,"both",-0.907528047772204,1.34570467631622
"1369","session2",-6.47664476845093,7.04048298025984,3.07910529396023,0.000116960628865817,-0.778498511603579,0.95264678524295,0.952042264254147,4,2,150,-0.907528047772204,1.34570467631622,10,1.06394107184451,1,5.01873,2702,0,0,6,"both",-0.907528047772204,1.34570467631622
"1370","session2",-6.47664476845093,7.04048298025984,3.07910529396023,0.000116960628865817,-0.778498511603579,0.95264678524295,0.952042264254147,4,2,150,-0.907528047772204,1.34570467631622,10,1.23403618675426,0,-19.82259,2702,0,0,6,"both",-0.907528047772204,1.34570467631622
"1371","session2",-6.47664476845093,7.04048298025984,3.07910529396023,0.000116960628865817,-0.778498511603579,0.95264678524295,0.952042264254147,4,2,150,-0.907528047772204,1.34570467631622,10,1.24019998920667,0,-14.34105,2702,0,0,6,"both",-0.907528047772204,1.34570467631622
"1372","session2",-6.47664476845093,7.04048298025984,3.07910529396023,0.000116960628865817,-0.778498511603579,0.95264678524295,0.952042264254147,4,2,150,-0.907528047772204,1.34570467631622,10,1.36127730162237,1,4.14137,2702,0,0,6,"both",-0.907528047772204,1.34570467631622
"1373","session2",-6.47664476845093,7.04048298025984,3.07910529396023,0.000116960628865817,-0.778498511603579,0.95264678524295,0.952042264254147,4,2,150,-0.907528047772204,1.34570467631622,10,1.36228398466451,1,-3.00037,2702,0,0,6,"both",-0.907528047772204,1.34570467631622
"1374","session2",-6.47664476845093,7.04048298025984,3.07910529396023,0.000116960628865817,-0.778498511603579,0.95264678524295,0.952042264254147,4,2,150,-0.907528047772204,1.34570467631622,10,3.99611309792088,1,-3.5006,2702,0,0,6,"both",-0.907528047772204,1.34570467631622
"1375","session2",-6.47664476845093,7.04048298025984,3.07910529396023,0.000116960628865817,-0.778498511603579,0.95264678524295,0.952042264254147,4,2,150,-0.907528047772204,1.34570467631622,10,1.48354726779135,1,-3.71128,2702,0,0,6,"both",-0.907528047772204,1.34570467631622
"1376","session2",-6.47664476845093,7.04048298025984,3.07910529396023,0.000116960628865817,-0.778498511603579,0.95264678524295,0.952042264254147,4,2,150,-0.907528047772204,1.34570467631622,10,1.45604976427469,1,-2.26772,2702,0,0,6,"both",-0.907528047772204,1.34570467631622
"1377","session2",-6.47664476845093,7.04048298025984,3.07910529396023,0.000116960628865817,-0.778498511603579,0.95264678524295,0.952042264254147,4,2,150,-0.907528047772204,1.34570467631622,10,5.55253630181612,0,-7.77586,2702,0,0,6,"both",-0.907528047772204,1.34570467631622
"1378","session2",-6.47664476845093,7.04048298025984,3.07910529396023,0.000116960628865817,-0.778498511603579,0.95264678524295,0.952042264254147,4,2,150,-0.907528047772204,1.34570467631622,10,1.11735850020262,0,-7.3989,2702,0,0,6,"both",-0.907528047772204,1.34570467631622
"1379","session2",-6.47664476845093,7.04048298025984,3.07910529396023,0.000116960628865817,-0.778498511603579,0.95264678524295,0.952042264254147,4,2,150,-0.907528047772204,1.34570467631622,10,1.73138812111951,1,-4.21549,2702,0,0,6,"both",-0.907528047772204,1.34570467631622
"1380","session2",-6.47664476845093,7.04048298025984,3.07910529396023,0.000116960628865817,-0.778498511603579,0.95264678524295,0.952042264254147,4,2,150,-0.907528047772204,1.34570467631622,10,2.2169515243098,1,-8.02129,2702,0,0,6,"both",-0.907528047772204,1.34570467631622
"1381","session2",-6.47664476845093,7.04048298025984,3.07910529396023,0.000116960628865817,-0.778498511603579,0.95264678524295,0.952042264254147,4,2,150,-0.907528047772204,1.34570467631622,10,3.47022924677851,0,-4.0453,2702,0,0,6,"both",-0.907528047772204,1.34570467631622
"1382","session2",-6.47664476845093,7.04048298025984,3.07910529396023,0.000116960628865817,-0.778498511603579,0.95264678524295,0.952042264254147,4,2,150,-0.907528047772204,1.34570467631622,10,1.45864097404722,0,-7.96028,2702,0,0,6,"both",-0.907528047772204,1.34570467631622
"1383","session2",-6.47664476845093,7.04048298025984,3.07910529396023,0.000116960628865817,-0.778498511603579,0.95264678524295,0.952042264254147,4,2,150,-0.907528047772204,1.34570467631622,10,1.66062967432063,0,-6.72292,2702,0,0,6,"both",-0.907528047772204,1.34570467631622
"1384","session2",-6.47664476845093,7.04048298025984,3.07910529396023,0.000116960628865817,-0.778498511603579,0.95264678524295,0.952042264254147,4,2,150,-0.907528047772204,1.34570467631622,10,8,0,-3.40588,2702,0,0,6,"both",-0.907528047772204,1.34570467631622
"1385","session2",-6.47664476845093,7.04048298025984,3.07910529396023,0.000116960628865817,-0.778498511603579,0.95264678524295,0.952042264254147,4,2,150,-0.907528047772204,1.34570467631622,10,1.99272090764147,1,-9.2771,2702,0,0,6,"both",-0.907528047772204,1.34570467631622
"1386","session2",-6.47664476845093,7.04048298025984,3.07910529396023,0.000116960628865817,-0.778498511603579,0.95264678524295,0.952042264254147,4,2,150,-0.907528047772204,1.34570467631622,10,1.13449301329846,1,-10.42152,2702,0,0,6,"both",-0.907528047772204,1.34570467631622
"1387","session2",-6.47664476845093,7.04048298025984,3.07910529396023,0.000116960628865817,-0.778498511603579,0.95264678524295,0.952042264254147,4,2,150,-0.907528047772204,1.34570467631622,10,1.48926600121436,0,-9.00069,2702,0,0,6,"both",-0.907528047772204,1.34570467631622
"1388","session2",-6.47664476845093,7.04048298025984,3.07910529396023,0.000116960628865817,-0.778498511603579,0.95264678524295,0.952042264254147,4,2,150,-0.907528047772204,1.34570467631622,10,1.32508807510054,1,8.05003,2702,0,0,6,"both",-0.907528047772204,1.34570467631622
"1389","session2",-6.47664476845093,7.04048298025984,3.07910529396023,0.000116960628865817,-0.778498511603579,0.95264678524295,0.952042264254147,4,2,150,-0.907528047772204,1.34570467631622,10,1.24467350864684,1,-8.77026,2702,0,0,6,"both",-0.907528047772204,1.34570467631622
"1390","session2",-6.47664476845093,7.04048298025984,3.07910529396023,0.000116960628865817,-0.778498511603579,0.95264678524295,0.952042264254147,4,2,150,-0.907528047772204,1.34570467631622,10,2.03732511155642,1,3.29894,2702,0,0,6,"both",-0.907528047772204,1.34570467631622
"1391","session2",-6.47664476845093,7.04048298025984,3.07910529396023,0.000116960628865817,-0.778498511603579,0.95264678524295,0.952042264254147,4,2,150,-0.907528047772204,1.34570467631622,10,1.05275093006551,1,-17.83748,2702,0,0,6,"both",-0.907528047772204,1.34570467631622
"1392","session2",-6.47664476845093,7.04048298025984,3.07910529396023,0.000116960628865817,-0.778498511603579,0.95264678524295,0.952042264254147,4,2,150,-0.907528047772204,1.34570467631622,10,1.15218960832273,1,5.43874,2702,0,0,6,"both",-0.907528047772204,1.34570467631622
"1393","session2",-6.47664476845093,7.04048298025984,3.07910529396023,0.000116960628865817,-0.778498511603579,0.95264678524295,0.952042264254147,4,2,150,-0.907528047772204,1.34570467631622,10,3.92642268055173,1,3.30424,2702,0,0,6,"both",-0.907528047772204,1.34570467631622
"1394","session2",-6.47664476845093,7.04048298025984,3.07910529396023,0.000116960628865817,-0.778498511603579,0.95264678524295,0.952042264254147,4,2,150,-0.907528047772204,1.34570467631622,10,1.47362799049408,0,-22.36278,2702,0,0,6,"both",-0.907528047772204,1.34570467631622
"1395","session2",-6.47664476845093,7.04048298025984,3.07910529396023,0.000116960628865817,-0.778498511603579,0.95264678524295,0.952042264254147,4,2,150,-0.907528047772204,1.34570467631622,10,1.32589198502821,1,5.61557,2702,0,0,6,"both",-0.907528047772204,1.34570467631622
"1396","session2",-6.47664476845093,7.04048298025984,3.07910529396023,0.000116960628865817,-0.778498511603579,0.95264678524295,0.952042264254147,4,2,150,-0.907528047772204,1.34570467631622,10,1.36453094544569,1,2.75705,2702,0,0,6,"both",-0.907528047772204,1.34570467631622
"1397","session2",-6.47664476845093,7.04048298025984,3.07910529396023,0.000116960628865817,-0.778498511603579,0.95264678524295,0.952042264254147,4,2,150,-0.907528047772204,1.34570467631622,10,2.5100422796244,0,-9.58095,2702,0,0,6,"both",-0.907528047772204,1.34570467631622
"1398","session2",-6.47664476845093,7.04048298025984,3.07910529396023,0.000116960628865817,-0.778498511603579,0.95264678524295,0.952042264254147,4,2,150,-0.907528047772204,1.34570467631622,10,2.01320925350771,0,-14.402,2702,0,0,6,"both",-0.907528047772204,1.34570467631622
"1399","session2",-6.47664476845093,7.04048298025984,3.07910529396023,0.000116960628865817,-0.778498511603579,0.95264678524295,0.952042264254147,4,2,150,-0.907528047772204,1.34570467631622,10,1.51091371472091,1,-13.63424,2702,0,0,6,"both",-0.907528047772204,1.34570467631622
"1400","session2",-6.47664476845093,7.04048298025984,3.07910529396023,0.000116960628865817,-0.778498511603579,0.95264678524295,0.952042264254147,4,2,150,-0.907528047772204,1.34570467631622,10,2.11821827283516,0,-15.04781,2702,0,0,6,"both",-0.907528047772204,1.34570467631622
"1401","session2",-6.47664476845093,7.04048298025984,3.07910529396023,0.000116960628865817,-0.778498511603579,0.95264678524295,0.952042264254147,4,2,150,-0.907528047772204,1.34570467631622,10,1.62494381536192,0,-13.51471,2702,0,0,6,"both",-0.907528047772204,1.34570467631622
"1402","session2",-6.47664476845093,7.04048298025984,3.07910529396023,0.000116960628865817,-0.778498511603579,0.95264678524295,0.952042264254147,4,2,150,-0.907528047772204,1.34570467631622,10,1.04114300494725,0,-13.09603,2702,0,0,6,"both",-0.907528047772204,1.34570467631622
"1403","session2",-6.47664476845093,7.04048298025984,3.07910529396023,0.000116960628865817,-0.778498511603579,0.95264678524295,0.952042264254147,4,2,150,-0.907528047772204,1.34570467631622,10,1.04901026443881,0,-0.71251,2702,0,0,6,"both",-0.907528047772204,1.34570467631622
"1404","session2",-6.47664476845093,7.04048298025984,3.07910529396023,0.000116960628865817,-0.778498511603579,0.95264678524295,0.952042264254147,4,2,150,-0.907528047772204,1.34570467631622,10,1.06840701055652,0,-15.99513,2702,0,0,6,"both",-0.907528047772204,1.34570467631622
"1405","session2",-6.47664476845093,7.04048298025984,3.07910529396023,0.000116960628865817,-0.778498511603579,0.95264678524295,0.952042264254147,4,2,150,-0.907528047772204,1.34570467631622,10,1.20517532884467,1,1.50091,2702,0,0,6,"both",-0.907528047772204,1.34570467631622
"1406","session2",-6.47664476845093,7.04048298025984,3.07910529396023,0.000116960628865817,-0.778498511603579,0.95264678524295,0.952042264254147,4,2,150,-0.907528047772204,1.34570467631622,10,1.95637002143514,0,-10.41721,2702,0,0,6,"both",-0.907528047772204,1.34570467631622
"1407","session2",-6.47664476845093,7.04048298025984,3.07910529396023,0.000116960628865817,-0.778498511603579,0.95264678524295,0.952042264254147,4,2,150,-0.907528047772204,1.34570467631622,10,1.40799994727642,1,1.3527,2702,0,0,6,"both",-0.907528047772204,1.34570467631622
"1408","session2",-6.47664476845093,7.04048298025984,3.07910529396023,0.000116960628865817,-0.778498511603579,0.95264678524295,0.952042264254147,4,2,150,-0.907528047772204,1.34570467631622,10,2.24485807166988,1,10.91443,2702,0,0,6,"both",-0.907528047772204,1.34570467631622
"1409","session2",-6.47664476845093,7.04048298025984,3.07910529396023,0.000116960628865817,-0.778498511603579,0.95264678524295,0.952042264254147,4,2,150,-0.907528047772204,1.34570467631622,10,1.54085750682827,1,-1.62466,2702,0,0,6,"both",-0.907528047772204,1.34570467631622
"1410","session2",-6.47664476845093,7.04048298025984,3.07910529396023,0.000116960628865817,-0.778498511603579,0.95264678524295,0.952042264254147,4,2,150,-0.907528047772204,1.34570467631622,10,1.24660653268319,0,-14.86881,2702,0,0,6,"both",-0.907528047772204,1.34570467631622
"1411","session2",-6.47664476845093,7.04048298025984,3.07910529396023,0.000116960628865817,-0.778498511603579,0.95264678524295,0.952042264254147,4,2,150,-0.907528047772204,1.34570467631622,10,1.58498741888954,0,-16.84809,2702,0,0,6,"both",-0.907528047772204,1.34570467631622
"1412","session2",-6.47664476845093,7.04048298025984,3.07910529396023,0.000116960628865817,-0.778498511603579,0.95264678524295,0.952042264254147,4,2,150,-0.907528047772204,1.34570467631622,10,1.55402916848833,1,2.13528,2702,0,0,6,"both",-0.907528047772204,1.34570467631622
"1413","session2",-6.47664476845093,7.04048298025984,3.07910529396023,0.000116960628865817,-0.778498511603579,0.95264678524295,0.952042264254147,4,2,150,-0.907528047772204,1.34570467631622,10,4.67766882187071,0,-14.43243,2702,0,0,6,"both",-0.907528047772204,1.34570467631622
"1414","session2",-6.47664476845093,7.04048298025984,3.07910529396023,0.000116960628865817,-0.778498511603579,0.95264678524295,0.952042264254147,4,2,150,-0.907528047772204,1.34570467631622,10,1.33821155054927,1,-0.88326,2702,0,0,6,"both",-0.907528047772204,1.34570467631622
"1415","session2",-6.47664476845093,7.04048298025984,3.07910529396023,0.000116960628865817,-0.778498511603579,0.95264678524295,0.952042264254147,4,2,150,-0.907528047772204,1.34570467631622,10,2.58596249221277,1,2.19876,2702,0,0,6,"both",-0.907528047772204,1.34570467631622
"1416","session2",-6.47664476845093,7.04048298025984,3.07910529396023,0.000116960628865817,-0.778498511603579,0.95264678524295,0.952042264254147,4,2,150,-0.907528047772204,1.34570467631622,10,1.67150527375315,0,-0.13616,2702,0,0,6,"both",-0.907528047772204,1.34570467631622
"1417","session2",-6.47664476845093,7.04048298025984,3.07910529396023,0.000116960628865817,-0.778498511603579,0.95264678524295,0.952042264254147,4,2,150,-0.907528047772204,1.34570467631622,10,1.74689031226212,1,-12.35427,2702,0,0,6,"both",-0.907528047772204,1.34570467631622
"1418","session2",-6.47664476845093,7.04048298025984,3.07910529396023,0.000116960628865817,-0.778498511603579,0.95264678524295,0.952042264254147,4,2,150,-0.907528047772204,1.34570467631622,10,2.18221573933172,0,-17.85354,2702,0,0,6,"both",-0.907528047772204,1.34570467631622
"1419","session2",-6.47664476845093,7.04048298025984,3.07910529396023,0.000116960628865817,-0.778498511603579,0.95264678524295,0.952042264254147,4,2,150,-0.907528047772204,1.34570467631622,10,1.1016180049679,0,1.80931,2702,0,0,6,"both",-0.907528047772204,1.34570467631622
"1420","session2",-6.47664476845093,7.04048298025984,3.07910529396023,0.000116960628865817,-0.778498511603579,0.95264678524295,0.952042264254147,4,2,150,-0.907528047772204,1.34570467631622,10,1.22294571564846,0,-0.56953,2702,0,0,6,"both",-0.907528047772204,1.34570467631622
"1421","session2",-6.47664476845093,7.04048298025984,3.07910529396023,0.000116960628865817,-0.778498511603579,0.95264678524295,0.952042264254147,4,2,150,-0.907528047772204,1.34570467631622,10,1.57757252298691,0,-16.52382,2702,0,0,6,"both",-0.907528047772204,1.34570467631622
"1422","session2",-6.47664476845093,7.04048298025984,3.07910529396023,0.000116960628865817,-0.778498511603579,0.95264678524295,0.952042264254147,4,2,150,-0.907528047772204,1.34570467631622,10,1.330708354735,0,-14.12245,2702,0,0,6,"both",-0.907528047772204,1.34570467631622
"1423","session2",-6.47664476845093,7.04048298025984,3.07910529396023,0.000116960628865817,-0.778498511603579,0.95264678524295,0.952042264254147,4,2,150,-0.907528047772204,1.34570467631622,10,1.68968453571359,0,-18.42882,2702,0,0,6,"both",-0.907528047772204,1.34570467631622
"1424","session2",-6.47664476845093,7.04048298025984,3.07910529396023,0.000116960628865817,-0.778498511603579,0.95264678524295,0.952042264254147,4,2,150,-0.907528047772204,1.34570467631622,10,1.86845291670975,0,-14.19598,2702,0,0,6,"both",-0.907528047772204,1.34570467631622
"1425","session2",-6.47664476845093,7.04048298025984,3.07910529396023,0.000116960628865817,-0.778498511603579,0.95264678524295,0.952042264254147,4,2,150,-0.907528047772204,1.34570467631622,10,1.62092151205161,0,0.0711700000000004,2702,0,0,6,"both",-0.907528047772204,1.34570467631622
"1426","session2",-6.47664476845093,7.04048298025984,3.07910529396023,0.000116960628865817,-0.778498511603579,0.95264678524295,0.952042264254147,4,2,150,-0.907528047772204,1.34570467631622,10,1.12576609371458,1,3.15865,2702,0,0,6,"both",-0.907528047772204,1.34570467631622
"1427","session2",-6.47664476845093,7.04048298025984,3.07910529396023,0.000116960628865817,-0.778498511603579,0.95264678524295,0.952042264254147,4,2,150,-0.907528047772204,1.34570467631622,10,1.45975692033051,1,2.88507,2702,0,0,6,"both",-0.907528047772204,1.34570467631622
"1428","session2",-6.47664476845093,7.04048298025984,3.07910529396023,0.000116960628865817,-0.778498511603579,0.95264678524295,0.952042264254147,4,2,150,-0.907528047772204,1.34570467631622,10,3.49046671277686,1,-2.17889,2702,0,0,6,"both",-0.907528047772204,1.34570467631622
"1429","session2",-6.47664476845093,7.04048298025984,3.07910529396023,0.000116960628865817,-0.778498511603579,0.95264678524295,0.952042264254147,4,2,150,-0.907528047772204,1.34570467631622,10,1.31984939909299,1,3.74804,2702,0,0,6,"both",-0.907528047772204,1.34570467631622
"1430","session2",-6.47664476845093,7.04048298025984,3.07910529396023,0.000116960628865817,-0.778498511603579,0.95264678524295,0.952042264254147,4,2,150,-0.907528047772204,1.34570467631622,10,1.97252629862216,0,-12.74581,2702,0,0,6,"both",-0.907528047772204,1.34570467631622
"1431","session2",-6.47664476845093,7.04048298025984,3.07910529396023,0.000116960628865817,-0.778498511603579,0.95264678524295,0.952042264254147,4,2,150,-0.907528047772204,1.34570467631622,10,1.2812785149062,1,1.52898,2702,0,0,6,"both",-0.907528047772204,1.34570467631622
"1432","session2",-6.47664476845093,7.04048298025984,3.07910529396023,0.000116960628865817,-0.778498511603579,0.95264678524295,0.952042264254147,4,2,150,-0.907528047772204,1.34570467631622,10,7.44449601374804,1,-12.30921,2702,0,0,6,"both",-0.907528047772204,1.34570467631622
"1433","session2",-6.47664476845093,7.04048298025984,3.07910529396023,0.000116960628865817,-0.778498511603579,0.95264678524295,0.952042264254147,4,2,150,-0.907528047772204,1.34570467631622,10,1.71167539904246,0,0.0200200000000006,2702,0,0,6,"both",-0.907528047772204,1.34570467631622
"1434","session2",-6.47664476845093,7.04048298025984,3.07910529396023,0.000116960628865817,-0.778498511603579,0.95264678524295,0.952042264254147,4,2,150,-0.907528047772204,1.34570467631622,10,1.22481372443496,0,-15.32407,2702,0,0,6,"both",-0.907528047772204,1.34570467631622
"1435","session2",-6.47664476845093,7.04048298025984,3.07910529396023,0.000116960628865817,-0.778498511603579,0.95264678524295,0.952042264254147,4,2,150,-0.907528047772204,1.34570467631622,10,1.60195044956315,1,1.27215,2702,0,0,6,"both",-0.907528047772204,1.34570467631622
"1436","session2",-6.47664476845093,7.04048298025984,3.07910529396023,0.000116960628865817,-0.778498511603579,0.95264678524295,0.952042264254147,4,2,150,-0.907528047772204,1.34570467631622,10,1.04124611005282,0,-13.20216,2702,0,0,6,"both",-0.907528047772204,1.34570467631622
"1437","session2",-6.47664476845093,7.04048298025984,3.07910529396023,0.000116960628865817,-0.778498511603579,0.95264678524295,0.952042264254147,4,2,150,-0.907528047772204,1.34570467631622,10,1.11632994967589,1,-12.48064,2702,0,0,6,"both",-0.907528047772204,1.34570467631622
"1438","session2",-6.47664476845093,7.04048298025984,3.07910529396023,0.000116960628865817,-0.778498511603579,0.95264678524295,0.952042264254147,4,2,150,-0.907528047772204,1.34570467631622,10,1.66216099402204,1,-16.96835,2702,0,0,6,"both",-0.907528047772204,1.34570467631622
"1439","session2",-6.47664476845093,7.04048298025984,3.07910529396023,0.000116960628865817,-0.778498511603579,0.95264678524295,0.952042264254147,4,2,150,-0.907528047772204,1.34570467631622,10,2.14903361059572,1,2.30057,2702,0,0,6,"both",-0.907528047772204,1.34570467631622
"1440","session2",-6.47664476845093,7.04048298025984,3.07910529396023,0.000116960628865817,-0.778498511603579,0.95264678524295,0.952042264254147,4,2,150,-0.907528047772204,1.34570467631622,10,1.99710888318549,0,-21.04629,2702,0,0,6,"both",-0.907528047772204,1.34570467631622
"1441","session2",-6.47664476845093,7.04048298025984,3.07910529396023,0.000116960628865817,-0.778498511603579,0.95264678524295,0.952042264254147,4,2,150,-0.907528047772204,1.34570467631622,10,1.39141196118842,1,2.06944,2702,0,0,6,"both",-0.907528047772204,1.34570467631622
"1442","session2",-6.47664476845093,7.04048298025984,3.07910529396023,0.000116960628865817,-0.778498511603579,0.95264678524295,0.952042264254147,4,2,150,-0.907528047772204,1.34570467631622,10,2.85851144655725,1,6.30855,2702,0,0,6,"both",-0.907528047772204,1.34570467631622
"1443","session2",-6.47664476845093,7.04048298025984,3.07910529396023,0.000116960628865817,-0.778498511603579,0.95264678524295,0.952042264254147,4,2,150,-0.907528047772204,1.34570467631622,10,1.41039758364598,0,-17.17641,2702,0,0,6,"both",-0.907528047772204,1.34570467631622
"1444","session2",-6.47664476845093,7.04048298025984,3.07910529396023,0.000116960628865817,-0.778498511603579,0.95264678524295,0.952042264254147,4,2,150,-0.907528047772204,1.34570467631622,10,2.2270746553532,0,-14.51116,2702,0,0,6,"both",-0.907528047772204,1.34570467631622
"1445","session2",-6.47664476845093,7.04048298025984,3.07910529396023,0.000116960628865817,-0.778498511603579,0.95264678524295,0.952042264254147,4,2,150,-0.907528047772204,1.34570467631622,10,1.86339641514084,0,-11.72767,2702,0,0,6,"both",-0.907528047772204,1.34570467631622
"1446","session2",-6.47664476845093,7.04048298025984,3.07910529396023,0.000116960628865817,-0.778498511603579,0.95264678524295,0.952042264254147,4,2,150,-0.907528047772204,1.34570467631622,10,1.75415123413696,0,-14.89005,2702,0,0,6,"both",-0.907528047772204,1.34570467631622
"1447","session2",-6.47664476845093,7.04048298025984,3.07910529396023,0.000116960628865817,-0.778498511603579,0.95264678524295,0.952042264254147,4,2,150,-0.907528047772204,1.34570467631622,10,1.79432625391019,0,1.05503,2702,0,0,6,"both",-0.907528047772204,1.34570467631622
"1448","session2",-6.47664476845093,7.04048298025984,3.07910529396023,0.000116960628865817,-0.778498511603579,0.95264678524295,0.952042264254147,4,2,150,-0.907528047772204,1.34570467631622,10,2.27868822175103,1,-1.60942,2702,0,0,6,"both",-0.907528047772204,1.34570467631622
"1449","session2",-6.47664476845093,7.04048298025984,3.07910529396023,0.000116960628865817,-0.778498511603579,0.95264678524295,0.952042264254147,4,2,150,-0.907528047772204,1.34570467631622,10,1.40540090824238,1,9.44733,2702,0,0,6,"both",-0.907528047772204,1.34570467631622
"1450","session2",-6.47664476845093,7.04048298025984,3.07910529396023,0.000116960628865817,-0.778498511603579,0.95264678524295,0.952042264254147,4,2,150,-0.907528047772204,1.34570467631622,10,1.44349648781812,0,-11.99464,2702,0,0,6,"both",-0.907528047772204,1.34570467631622
"1451","session2",-6.47664476845093,7.04048298025984,3.07910529396023,0.000116960628865817,-0.778498511603579,0.95264678524295,0.952042264254147,4,2,150,-0.907528047772204,1.34570467631622,10,1.16354360780957,1,3.29689,2702,0,0,6,"both",-0.907528047772204,1.34570467631622
"1452","session2",-6.47664476845093,7.04048298025984,3.07910529396023,0.000116960628865817,-0.778498511603579,0.95264678524295,0.952042264254147,4,2,150,-0.907528047772204,1.34570467631622,10,1.1805048392959,1,4.54286,2702,0,0,6,"both",-0.907528047772204,1.34570467631622
"1453","session2",-6.47664476845093,7.04048298025984,3.07910529396023,0.000116960628865817,-0.778498511603579,0.95264678524295,0.952042264254147,4,2,150,-0.907528047772204,1.34570467631622,10,8,0,-10.10233,2702,0,0,6,"both",-0.907528047772204,1.34570467631622
"1454","session2",-6.47664476845093,7.04048298025984,3.07910529396023,0.000116960628865817,-0.778498511603579,0.95264678524295,0.952042264254147,4,2,150,-0.907528047772204,1.34570467631622,10,1.37163875496607,1,4.38862,2702,0,0,6,"both",-0.907528047772204,1.34570467631622
"1455","session2",-6.47664476845093,7.04048298025984,3.07910529396023,0.000116960628865817,-0.778498511603579,0.95264678524295,0.952042264254147,4,2,150,-0.907528047772204,1.34570467631622,10,2.7047791275693,1,3.51674,2702,0,0,6,"both",-0.907528047772204,1.34570467631622
"1456","session2",-6.47664476845093,7.04048298025984,3.07910529396023,0.000116960628865817,-0.778498511603579,0.95264678524295,0.952042264254147,4,2,150,-0.907528047772204,1.34570467631622,10,1.3413827236903,0,-14.34524,2702,0,0,6,"both",-0.907528047772204,1.34570467631622
"1457","session2",-6.47664476845093,7.04048298025984,3.07910529396023,0.000116960628865817,-0.778498511603579,0.95264678524295,0.952042264254147,4,2,150,-0.907528047772204,1.34570467631622,10,1.17436897832924,0,-12.94921,2702,0,0,6,"both",-0.907528047772204,1.34570467631622
"1458","session2",-6.47664476845093,7.04048298025984,3.07910529396023,0.000116960628865817,-0.778498511603579,0.95264678524295,0.952042264254147,4,2,150,-0.907528047772204,1.34570467631622,10,4.92614848625219,0,-12.91359,2702,0,0,6,"both",-0.907528047772204,1.34570467631622
"1459","session2",-6.47664476845093,7.04048298025984,3.07910529396023,0.000116960628865817,-0.778498511603579,0.95264678524295,0.952042264254147,4,2,150,-0.907528047772204,1.34570467631622,10,1.10475800331632,1,-0.91933,2702,0,0,6,"both",-0.907528047772204,1.34570467631622
"1460","session2",-6.47664476845093,7.04048298025984,3.07910529396023,0.000116960628865817,-0.778498511603579,0.95264678524295,0.952042264254147,4,2,150,-0.907528047772204,1.34570467631622,10,1.64274035039669,0,-14.1005,2702,0,0,6,"both",-0.907528047772204,1.34570467631622
"1461","session2",-6.47664476845093,7.04048298025984,3.07910529396023,0.000116960628865817,-0.778498511603579,0.95264678524295,0.952042264254147,4,2,150,-0.907528047772204,1.34570467631622,10,1.35150079234694,1,3.52703,2702,0,0,6,"both",-0.907528047772204,1.34570467631622
"1462","session2",-6.47664476845093,7.04048298025984,3.07910529396023,0.000116960628865817,-0.778498511603579,0.95264678524295,0.952042264254147,4,2,150,-0.907528047772204,1.34570467631622,10,1.57189973815745,1,-0.91862,2702,0,0,6,"both",-0.907528047772204,1.34570467631622
"1463","session2",-6.47664476845093,7.04048298025984,3.07910529396023,0.000116960628865817,-0.778498511603579,0.95264678524295,0.952042264254147,4,2,150,-0.907528047772204,1.34570467631622,10,1.1673929301551,1,-0.87474,2702,0,0,6,"both",-0.907528047772204,1.34570467631622
"1464","session2",-6.47664476845093,7.04048298025984,3.07910529396023,0.000116960628865817,-0.778498511603579,0.95264678524295,0.952042264254147,4,2,150,-0.907528047772204,1.34570467631622,10,2.08357466981017,1,1.26846,2702,0,0,6,"both",-0.907528047772204,1.34570467631622
"1465","session2",-6.47664476845093,7.04048298025984,3.07910529396023,0.000116960628865817,-0.778498511603579,0.95264678524295,0.952042264254147,4,2,150,-0.907528047772204,1.34570467631622,10,1.8891042275059,1,-3.22589,2702,0,0,6,"both",-0.907528047772204,1.34570467631622
"1466","session2",-6.47664476845093,7.04048298025984,3.07910529396023,0.000116960628865817,-0.778498511603579,0.95264678524295,0.952042264254147,4,2,150,-0.907528047772204,1.34570467631622,10,1.82984293310149,0,-0.55969,2702,0,0,6,"both",-0.907528047772204,1.34570467631622
"1467","session2",-6.47664476845093,7.04048298025984,3.07910529396023,0.000116960628865817,-0.778498511603579,0.95264678524295,0.952042264254147,4,2,150,-0.907528047772204,1.34570467631622,10,1.92433282683593,0,-14.85881,2702,0,0,6,"both",-0.907528047772204,1.34570467631622
"1468","session2",-6.47664476845093,7.04048298025984,3.07910529396023,0.000116960628865817,-0.778498511603579,0.95264678524295,0.952042264254147,4,2,150,-0.907528047772204,1.34570467631622,10,2.99656772114615,1,2.50382,2702,0,0,6,"both",-0.907528047772204,1.34570467631622
"1469","session2",-6.47664476845093,7.04048298025984,3.07910529396023,0.000116960628865817,-0.778498511603579,0.95264678524295,0.952042264254147,4,2,150,-0.907528047772204,1.34570467631622,10,1.75999060692103,0,-1.75922,2702,0,0,6,"both",-0.907528047772204,1.34570467631622
"1470","session2",-6.47664476845093,7.04048298025984,3.07910529396023,0.000116960628865817,-0.778498511603579,0.95264678524295,0.952042264254147,4,2,150,-0.907528047772204,1.34570467631622,10,1.84322164722218,0,-11.94957,2702,0,0,6,"both",-0.907528047772204,1.34570467631622
"1471","session2",-6.47664476845093,7.04048298025984,3.07910529396023,0.000116960628865817,-0.778498511603579,0.95264678524295,0.952042264254147,4,2,150,-0.907528047772204,1.34570467631622,10,1.93245558544176,0,5.11685,2702,0,0,6,"both",-0.907528047772204,1.34570467631622
"1472","session2",-6.47664476845093,7.04048298025984,3.07910529396023,0.000116960628865817,-0.778498511603579,0.95264678524295,0.952042264254147,4,2,150,-0.907528047772204,1.34570467631622,10,1.84392155646808,0,-16.38404,2702,0,0,6,"both",-0.907528047772204,1.34570467631622
"1473","session2",-6.47664476845093,7.04048298025984,3.07910529396023,0.000116960628865817,-0.778498511603579,0.95264678524295,0.952042264254147,4,2,150,-0.907528047772204,1.34570467631622,10,1.30529777549068,1,3.17978,2702,0,0,6,"both",-0.907528047772204,1.34570467631622
"1474","session2",-6.47664476845093,7.04048298025984,3.07910529396023,0.000116960628865817,-0.778498511603579,0.95264678524295,0.952042264254147,4,2,150,-0.907528047772204,1.34570467631622,10,3.61704917015937,1,1.31412,2702,0,0,6,"both",-0.907528047772204,1.34570467631622
"1475","session2",-6.47664476845093,7.04048298025984,3.07910529396023,0.000116960628865817,-0.778498511603579,0.95264678524295,0.952042264254147,4,2,150,-0.907528047772204,1.34570467631622,10,5.08532422306317,1,3.70877,2702,0,0,6,"both",-0.907528047772204,1.34570467631622
"1476","session2",-6.47664476845093,7.04048298025984,3.07910529396023,0.000116960628865817,-0.778498511603579,0.95264678524295,0.952042264254147,4,2,150,-0.907528047772204,1.34570467631622,10,1.30731389111998,1,4.15539,2702,0,0,6,"both",-0.907528047772204,1.34570467631622
"1477","session2",-6.47664476845093,7.04048298025984,3.07910529396023,0.000116960628865817,-0.778498511603579,0.95264678524295,0.952042264254147,4,2,150,-0.907528047772204,1.34570467631622,10,2.18614924729826,0,-14.02835,2702,0,0,6,"both",-0.907528047772204,1.34570467631622
"1478","session2",-6.47664476845093,7.04048298025984,3.07910529396023,0.000116960628865817,-0.778498511603579,0.95264678524295,0.952042264254147,4,2,150,-0.907528047772204,1.34570467631622,10,1.43943722842867,1,-13.79565,2702,0,0,6,"both",-0.907528047772204,1.34570467631622
"1479","session2",-6.47664476845093,7.04048298025984,3.07910529396023,0.000116960628865817,-0.778498511603579,0.95264678524295,0.952042264254147,4,2,150,-0.907528047772204,1.34570467631622,10,2.02942877259758,1,1.80359,2702,0,0,6,"both",-0.907528047772204,1.34570467631622
"1480","session2",-6.47664476845093,7.04048298025984,3.07910529396023,0.000116960628865817,-0.778498511603579,0.95264678524295,0.952042264254147,4,2,150,-0.907528047772204,1.34570467631622,10,2.71842909133607,1,0.844749999999999,2702,0,0,6,"both",-0.907528047772204,1.34570467631622
"1481","session2",-6.47664476845093,7.04048298025984,3.07910529396023,0.000116960628865817,-0.778498511603579,0.95264678524295,0.952042264254147,4,2,150,-0.907528047772204,1.34570467631622,10,1.7475241711615,1,6.00448,2702,0,0,6,"both",-0.907528047772204,1.34570467631622
"1482","session2",-6.47664476845093,7.04048298025984,3.07910529396023,0.000116960628865817,-0.778498511603579,0.95264678524295,0.952042264254147,4,2,150,-0.907528047772204,1.34570467631622,10,1.14883643698758,0,2.34557,2702,0,0,6,"both",-0.907528047772204,1.34570467631622
"1483","session2",-6.47664476845093,7.04048298025984,3.07910529396023,0.000116960628865817,-0.778498511603579,0.95264678524295,0.952042264254147,4,2,150,-0.907528047772204,1.34570467631622,10,1.79890677526831,1,-10.32438,2702,0,0,6,"both",-0.907528047772204,1.34570467631622
"1484","session2",-6.47664476845093,7.04048298025984,3.07910529396023,0.000116960628865817,-0.778498511603579,0.95264678524295,0.952042264254147,4,2,150,-0.907528047772204,1.34570467631622,10,1.69468518907678,1,-12.87134,2702,0,0,6,"both",-0.907528047772204,1.34570467631622
"1485","session2",-6.47664476845093,7.04048298025984,3.07910529396023,0.000116960628865817,-0.778498511603579,0.95264678524295,0.952042264254147,4,2,150,-0.907528047772204,1.34570467631622,10,4.11889272920132,0,-13.22973,2702,0,0,6,"both",-0.907528047772204,1.34570467631622
"1486","session2",-6.47664476845093,7.04048298025984,3.07910529396023,0.000116960628865817,-0.778498511603579,0.95264678524295,0.952042264254147,4,2,150,-0.907528047772204,1.34570467631622,10,1.08886915572905,0,-13.80839,2702,0,0,6,"both",-0.907528047772204,1.34570467631622
"1487","session2",-6.47664476845093,7.04048298025984,3.07910529396023,0.000116960628865817,-0.778498511603579,0.95264678524295,0.952042264254147,4,2,150,-0.907528047772204,1.34570467631622,10,1.65911787339001,1,2.75046,2702,0,0,6,"both",-0.907528047772204,1.34570467631622
"1488","session2",-6.47664476845093,7.04048298025984,3.07910529396023,0.000116960628865817,-0.778498511603579,0.95264678524295,0.952042264254147,4,2,150,-0.907528047772204,1.34570467631622,10,4.66146942942853,1,3.2997,2702,0,0,6,"both",-0.907528047772204,1.34570467631622
"1489","session2",-6.47664476845093,7.04048298025984,3.07910529396023,0.000116960628865817,-0.778498511603579,0.95264678524295,0.952042264254147,4,2,150,-0.907528047772204,1.34570467631622,10,1.13838182393219,1,3.05625,2702,0,0,6,"both",-0.907528047772204,1.34570467631622
"1490","session2",-6.47664476845093,7.04048298025984,3.07910529396023,0.000116960628865817,-0.778498511603579,0.95264678524295,0.952042264254147,4,2,150,-0.907528047772204,1.34570467631622,10,1.94668733138099,1,-0.32185,2702,0,0,6,"both",-0.907528047772204,1.34570467631622
"1491","session2",-6.47664476845093,7.04048298025984,3.07910529396023,0.000116960628865817,-0.778498511603579,0.95264678524295,0.952042264254147,4,2,150,-0.907528047772204,1.34570467631622,10,1.40910861620909,1,-11.65933,2702,0,0,6,"both",-0.907528047772204,1.34570467631622
"1492","session2",-6.47664476845093,7.04048298025984,3.07910529396023,0.000116960628865817,-0.778498511603579,0.95264678524295,0.952042264254147,4,2,150,-0.907528047772204,1.34570467631622,10,1.88519226267944,0,-17.78707,2702,0,0,6,"both",-0.907528047772204,1.34570467631622
"1493","session2",-6.47664476845093,7.04048298025984,3.07910529396023,0.000116960628865817,-0.778498511603579,0.95264678524295,0.952042264254147,4,2,150,-0.907528047772204,1.34570467631622,10,1.71171501913754,1,1.94593,2702,0,0,6,"both",-0.907528047772204,1.34570467631622
"1494","session2",-6.47664476845093,7.04048298025984,3.07910529396023,0.000116960628865817,-0.778498511603579,0.95264678524295,0.952042264254147,4,2,150,-0.907528047772204,1.34570467631622,10,2.20210159750549,0,-13.21481,2702,0,0,6,"both",-0.907528047772204,1.34570467631622
"1495","session2",-6.47664476845093,7.04048298025984,3.07910529396023,0.000116960628865817,-0.778498511603579,0.95264678524295,0.952042264254147,4,2,150,-0.907528047772204,1.34570467631622,10,1.70915005242793,0,0.79557,2702,0,0,6,"both",-0.907528047772204,1.34570467631622
"1496","session2",-6.47664476845093,7.04048298025984,3.07910529396023,0.000116960628865817,-0.778498511603579,0.95264678524295,0.952042264254147,4,2,150,-0.907528047772204,1.34570467631622,10,1.53816893936049,1,-9.97885,2702,0,0,6,"both",-0.907528047772204,1.34570467631622
"1497","session2",-6.47664476845093,7.04048298025984,3.07910529396023,0.000116960628865817,-0.778498511603579,0.95264678524295,0.952042264254147,4,2,150,-0.907528047772204,1.34570467631622,10,2.76425344569567,0,-10.56867,2702,0,0,6,"both",-0.907528047772204,1.34570467631622
"1498","session2",-6.47664476845093,7.04048298025984,3.07910529396023,0.000116960628865817,-0.778498511603579,0.95264678524295,0.952042264254147,4,2,150,-0.907528047772204,1.34570467631622,10,1.9152191505501,1,-8.95537,2702,0,0,6,"both",-0.907528047772204,1.34570467631622
"1499","session2",-6.47664476845093,7.04048298025984,3.07910529396023,0.000116960628865817,-0.778498511603579,0.95264678524295,0.952042264254147,4,2,150,-0.907528047772204,1.34570467631622,10,1.4302972135555,0,-16.20714,2702,0,0,6,"both",-0.907528047772204,1.34570467631622
"1500","session2",-6.47664476845093,7.04048298025984,3.07910529396023,0.000116960628865817,-0.778498511603579,0.95264678524295,0.952042264254147,4,2,150,-0.907528047772204,1.34570467631622,10,4.08552902277306,0,-9.27085,2702,0,0,6,"both",-0.907528047772204,1.34570467631622
"1501","session2",-31.3943475695702,7.28614173560275,1.59329373149762,0.000204778464664193,0.311704260941393,0.488926332861222,0.336095207167995,5,2,150,-0.907528047772204,1.34570467631622,11,1.47240395068681,1,-8.1139468009,2702,0,0,6,"both",-0.907528047772204,1.34570467631622
"1502","session2",-31.3943475695702,7.28614173560275,1.59329373149762,0.000204778464664193,0.311704260941393,0.488926332861222,0.336095207167995,5,2,150,-0.907528047772204,1.34570467631622,11,1.28142247876546,1,-11.36534493794,2702,0,0,6,"both",-0.907528047772204,1.34570467631622
"1503","session2",-31.3943475695702,7.28614173560275,1.59329373149762,0.000204778464664193,0.311704260941393,0.488926332861222,0.336095207167995,5,2,150,-0.907528047772204,1.34570467631622,11,0.667886296504439,1,-17.445244184,2702,0,0,6,"both",-0.907528047772204,1.34570467631622
"1504","session2",-31.3943475695702,7.28614173560275,1.59329373149762,0.000204778464664193,0.311704260941393,0.488926332861222,0.336095207167995,5,2,150,-0.907528047772204,1.34570467631622,11,1.71080605594063,1,-22.94144657,2702,0,0,6,"both",-0.907528047772204,1.34570467631622
"1505","session2",-31.3943475695702,7.28614173560275,1.59329373149762,0.000204778464664193,0.311704260941393,0.488926332861222,0.336095207167995,5,2,150,-0.907528047772204,1.34570467631622,11,1.99246727231167,0,-49.29777,2702,0,0,6,"both",-0.907528047772204,1.34570467631622
"1506","session2",-31.3943475695702,7.28614173560275,1.59329373149762,0.000204778464664193,0.311704260941393,0.488926332861222,0.336095207167995,5,2,150,-0.907528047772204,1.34570467631622,11,2.01091591556001,0,-43.6531,2702,0,0,6,"both",-0.907528047772204,1.34570467631622
"1507","session2",-31.3943475695702,7.28614173560275,1.59329373149762,0.000204778464664193,0.311704260941393,0.488926332861222,0.336095207167995,5,2,150,-0.907528047772204,1.34570467631622,11,1.80967391147206,0,-32.81106,2702,0,0,6,"both",-0.907528047772204,1.34570467631622
"1508","session2",-31.3943475695702,7.28614173560275,1.59329373149762,0.000204778464664193,0.311704260941393,0.488926332861222,0.336095207167995,5,2,150,-0.907528047772204,1.34570467631622,11,5.52897890889275,1,-28.69296,2702,0,0,6,"both",-0.907528047772204,1.34570467631622
"1509","session2",-31.3943475695702,7.28614173560275,1.59329373149762,0.000204778464664193,0.311704260941393,0.488926332861222,0.336095207167995,5,2,150,-0.907528047772204,1.34570467631622,11,1.83895493664288,0,-35.98272,2702,0,0,6,"both",-0.907528047772204,1.34570467631622
"1510","session2",-31.3943475695702,7.28614173560275,1.59329373149762,0.000204778464664193,0.311704260941393,0.488926332861222,0.336095207167995,5,2,150,-0.907528047772204,1.34570467631622,11,1.12118197996362,1,-22.64204,2702,0,0,6,"both",-0.907528047772204,1.34570467631622
"1511","session2",-31.3943475695702,7.28614173560275,1.59329373149762,0.000204778464664193,0.311704260941393,0.488926332861222,0.336095207167995,5,2,150,-0.907528047772204,1.34570467631622,11,3.52379764169178,1,-30.3497,2702,0,0,6,"both",-0.907528047772204,1.34570467631622
"1512","session2",-31.3943475695702,7.28614173560275,1.59329373149762,0.000204778464664193,0.311704260941393,0.488926332861222,0.336095207167995,5,2,150,-0.907528047772204,1.34570467631622,11,3.16539149749444,0,-29.75698,2702,0,0,6,"both",-0.907528047772204,1.34570467631622
"1513","session2",-31.3943475695702,7.28614173560275,1.59329373149762,0.000204778464664193,0.311704260941393,0.488926332861222,0.336095207167995,5,2,150,-0.907528047772204,1.34570467631622,11,3.4050459557577,1,-25.54215,2702,0,0,6,"both",-0.907528047772204,1.34570467631622
"1514","session2",-31.3943475695702,7.28614173560275,1.59329373149762,0.000204778464664193,0.311704260941393,0.488926332861222,0.336095207167995,5,2,150,-0.907528047772204,1.34570467631622,11,2.56733389998435,1,-22.95875,2702,0,0,6,"both",-0.907528047772204,1.34570467631622
"1515","session2",-31.3943475695702,7.28614173560275,1.59329373149762,0.000204778464664193,0.311704260941393,0.488926332861222,0.336095207167995,5,2,150,-0.907528047772204,1.34570467631622,11,1.63204781961573,1,-23.49445,2702,0,0,6,"both",-0.907528047772204,1.34570467631622
"1516","session2",-31.3943475695702,7.28614173560275,1.59329373149762,0.000204778464664193,0.311704260941393,0.488926332861222,0.336095207167995,5,2,150,-0.907528047772204,1.34570467631622,11,3.18019015917846,1,-29.50247,2702,0,0,6,"both",-0.907528047772204,1.34570467631622
"1517","session2",-31.3943475695702,7.28614173560275,1.59329373149762,0.000204778464664193,0.311704260941393,0.488926332861222,0.336095207167995,5,2,150,-0.907528047772204,1.34570467631622,11,2.0438618388168,1,-28.46157,2702,0,0,6,"both",-0.907528047772204,1.34570467631622
"1518","session2",-31.3943475695702,7.28614173560275,1.59329373149762,0.000204778464664193,0.311704260941393,0.488926332861222,0.336095207167995,5,2,150,-0.907528047772204,1.34570467631622,11,1.44946577964683,1,-33.72545,2702,0,0,6,"both",-0.907528047772204,1.34570467631622
"1519","session2",-31.3943475695702,7.28614173560275,1.59329373149762,0.000204778464664193,0.311704260941393,0.488926332861222,0.336095207167995,5,2,150,-0.907528047772204,1.34570467631622,11,1.57097830073061,0,-33.3807631,2702,0,0,6,"both",-0.907528047772204,1.34570467631622
"1520","session2",-31.3943475695702,7.28614173560275,1.59329373149762,0.000204778464664193,0.311704260941393,0.488926332861222,0.336095207167995,5,2,150,-0.907528047772204,1.34570467631622,11,3.62375181708177,1,-28.29163,2702,0,0,6,"both",-0.907528047772204,1.34570467631622
"1521","session2",-31.3943475695702,7.28614173560275,1.59329373149762,0.000204778464664193,0.311704260941393,0.488926332861222,0.336095207167995,5,2,150,-0.907528047772204,1.34570467631622,11,1.2061833585189,1,-32.70808,2702,0,0,6,"both",-0.907528047772204,1.34570467631622
"1522","session2",-31.3943475695702,7.28614173560275,1.59329373149762,0.000204778464664193,0.311704260941393,0.488926332861222,0.336095207167995,5,2,150,-0.907528047772204,1.34570467631622,11,3.67836505372294,1,-28.89963,2702,0,0,6,"both",-0.907528047772204,1.34570467631622
"1523","session2",-31.3943475695702,7.28614173560275,1.59329373149762,0.000204778464664193,0.311704260941393,0.488926332861222,0.336095207167995,5,2,150,-0.907528047772204,1.34570467631622,11,2.9213442088244,1,-39.76247,2702,0,0,6,"both",-0.907528047772204,1.34570467631622
"1524","session2",-31.3943475695702,7.28614173560275,1.59329373149762,0.000204778464664193,0.311704260941393,0.488926332861222,0.336095207167995,5,2,150,-0.907528047772204,1.34570467631622,11,1.9822653879071,1,-35.4754,2702,0,0,6,"both",-0.907528047772204,1.34570467631622
"1525","session2",-31.3943475695702,7.28614173560275,1.59329373149762,0.000204778464664193,0.311704260941393,0.488926332861222,0.336095207167995,5,2,150,-0.907528047772204,1.34570467631622,11,3.32112876296833,0,-32.53619,2702,0,0,6,"both",-0.907528047772204,1.34570467631622
"1526","session2",-31.3943475695702,7.28614173560275,1.59329373149762,0.000204778464664193,0.311704260941393,0.488926332861222,0.336095207167995,5,2,150,-0.907528047772204,1.34570467631622,11,1.20864306117012,0,-38.33042,2702,0,0,6,"both",-0.907528047772204,1.34570467631622
"1527","session2",-31.3943475695702,7.28614173560275,1.59329373149762,0.000204778464664193,0.311704260941393,0.488926332861222,0.336095207167995,5,2,150,-0.907528047772204,1.34570467631622,11,2.37018937894372,0,-37.17091,2702,0,0,6,"both",-0.907528047772204,1.34570467631622
"1528","session2",-31.3943475695702,7.28614173560275,1.59329373149762,0.000204778464664193,0.311704260941393,0.488926332861222,0.336095207167995,5,2,150,-0.907528047772204,1.34570467631622,11,2.6894783785981,0,-29.54345,2702,0,0,6,"both",-0.907528047772204,1.34570467631622
"1529","session2",-31.3943475695702,7.28614173560275,1.59329373149762,0.000204778464664193,0.311704260941393,0.488926332861222,0.336095207167995,5,2,150,-0.907528047772204,1.34570467631622,11,1.78761811582894,1,-30.03592,2702,0,0,6,"both",-0.907528047772204,1.34570467631622
"1530","session2",-31.3943475695702,7.28614173560275,1.59329373149762,0.000204778464664193,0.311704260941393,0.488926332861222,0.336095207167995,5,2,150,-0.907528047772204,1.34570467631622,11,2.10068637416781,0,-42.09578,2702,0,0,6,"both",-0.907528047772204,1.34570467631622
"1531","session2",-31.3943475695702,7.28614173560275,1.59329373149762,0.000204778464664193,0.311704260941393,0.488926332861222,0.336095207167995,5,2,150,-0.907528047772204,1.34570467631622,11,1.74564742527622,0,-40.89554,2702,0,0,6,"both",-0.907528047772204,1.34570467631622
"1532","session2",-31.3943475695702,7.28614173560275,1.59329373149762,0.000204778464664193,0.311704260941393,0.488926332861222,0.336095207167995,5,2,150,-0.907528047772204,1.34570467631622,11,2.42302555984312,1,-31.81502,2702,0,0,6,"both",-0.907528047772204,1.34570467631622
"1533","session2",-31.3943475695702,7.28614173560275,1.59329373149762,0.000204778464664193,0.311704260941393,0.488926332861222,0.336095207167995,5,2,150,-0.907528047772204,1.34570467631622,11,1.18757541567801,1,-29.03486,2702,0,0,6,"both",-0.907528047772204,1.34570467631622
"1534","session2",-31.3943475695702,7.28614173560275,1.59329373149762,0.000204778464664193,0.311704260941393,0.488926332861222,0.336095207167995,5,2,150,-0.907528047772204,1.34570467631622,11,2.18589534301572,1,-23.85205,2702,0,0,6,"both",-0.907528047772204,1.34570467631622
"1535","session2",-31.3943475695702,7.28614173560275,1.59329373149762,0.000204778464664193,0.311704260941393,0.488926332861222,0.336095207167995,5,2,150,-0.907528047772204,1.34570467631622,11,1.25046934207676,0,-46.1242,2702,0,0,6,"both",-0.907528047772204,1.34570467631622
"1536","session2",-31.3943475695702,7.28614173560275,1.59329373149762,0.000204778464664193,0.311704260941393,0.488926332861222,0.336095207167995,5,2,150,-0.907528047772204,1.34570467631622,11,1.29114909521674,0,-42.07229,2702,0,0,6,"both",-0.907528047772204,1.34570467631622
"1537","session2",-31.3943475695702,7.28614173560275,1.59329373149762,0.000204778464664193,0.311704260941393,0.488926332861222,0.336095207167995,5,2,150,-0.907528047772204,1.34570467631622,11,2.44517593020567,0,-34.64941,2702,0,0,6,"both",-0.907528047772204,1.34570467631622
"1538","session2",-31.3943475695702,7.28614173560275,1.59329373149762,0.000204778464664193,0.311704260941393,0.488926332861222,0.336095207167995,5,2,150,-0.907528047772204,1.34570467631622,11,1.59990165313075,0,-41.01401,2702,0,0,6,"both",-0.907528047772204,1.34570467631622
"1539","session2",-31.3943475695702,7.28614173560275,1.59329373149762,0.000204778464664193,0.311704260941393,0.488926332861222,0.336095207167995,5,2,150,-0.907528047772204,1.34570467631622,11,1.76566953772311,1,-28.47265,2702,0,0,6,"both",-0.907528047772204,1.34570467631622
"1540","session2",-31.3943475695702,7.28614173560275,1.59329373149762,0.000204778464664193,0.311704260941393,0.488926332861222,0.336095207167995,5,2,150,-0.907528047772204,1.34570467631622,11,3.09266628138231,0,-37.92354,2702,0,0,6,"both",-0.907528047772204,1.34570467631622
"1541","session2",-31.3943475695702,7.28614173560275,1.59329373149762,0.000204778464664193,0.311704260941393,0.488926332861222,0.336095207167995,5,2,150,-0.907528047772204,1.34570467631622,11,3.13771609492918,1,-39.36199,2702,0,0,6,"both",-0.907528047772204,1.34570467631622
"1542","session2",-31.3943475695702,7.28614173560275,1.59329373149762,0.000204778464664193,0.311704260941393,0.488926332861222,0.336095207167995,5,2,150,-0.907528047772204,1.34570467631622,11,1.60800495719033,1,-27.81626,2702,0,0,6,"both",-0.907528047772204,1.34570467631622
"1543","session2",-31.3943475695702,7.28614173560275,1.59329373149762,0.000204778464664193,0.311704260941393,0.488926332861222,0.336095207167995,5,2,150,-0.907528047772204,1.34570467631622,11,2.59490676505433,1,-27.09819,2702,0,0,6,"both",-0.907528047772204,1.34570467631622
"1544","session2",-31.3943475695702,7.28614173560275,1.59329373149762,0.000204778464664193,0.311704260941393,0.488926332861222,0.336095207167995,5,2,150,-0.907528047772204,1.34570467631622,11,1.3324332764867,1,-28.65529,2702,0,0,6,"both",-0.907528047772204,1.34570467631622
"1545","session2",-31.3943475695702,7.28614173560275,1.59329373149762,0.000204778464664193,0.311704260941393,0.488926332861222,0.336095207167995,5,2,150,-0.907528047772204,1.34570467631622,11,1.82700877027496,1,-28.66828,2702,0,0,6,"both",-0.907528047772204,1.34570467631622
"1546","session2",-31.3943475695702,7.28614173560275,1.59329373149762,0.000204778464664193,0.311704260941393,0.488926332861222,0.336095207167995,5,2,150,-0.907528047772204,1.34570467631622,11,0.853863337489283,1,-20.3558,2702,0,0,6,"both",-0.907528047772204,1.34570467631622
"1547","session2",-31.3943475695702,7.28614173560275,1.59329373149762,0.000204778464664193,0.311704260941393,0.488926332861222,0.336095207167995,5,2,150,-0.907528047772204,1.34570467631622,11,2.38222778162401,1,-24.97065,2702,0,0,6,"both",-0.907528047772204,1.34570467631622
"1548","session2",-31.3943475695702,7.28614173560275,1.59329373149762,0.000204778464664193,0.311704260941393,0.488926332861222,0.336095207167995,5,2,150,-0.907528047772204,1.34570467631622,11,3.6662402997671,0,-35.55353,2702,0,0,6,"both",-0.907528047772204,1.34570467631622
"1549","session2",-31.3943475695702,7.28614173560275,1.59329373149762,0.000204778464664193,0.311704260941393,0.488926332861222,0.336095207167995,5,2,150,-0.907528047772204,1.34570467631622,11,3.13014367469162,1,-30.01678,2702,0,0,6,"both",-0.907528047772204,1.34570467631622
"1550","session2",-31.3943475695702,7.28614173560275,1.59329373149762,0.000204778464664193,0.311704260941393,0.488926332861222,0.336095207167995,5,2,150,-0.907528047772204,1.34570467631622,11,2.90037497134535,1,-35.88028,2702,0,0,6,"both",-0.907528047772204,1.34570467631622
"1551","session2",-31.3943475695702,7.28614173560275,1.59329373149762,0.000204778464664193,0.311704260941393,0.488926332861222,0.336095207167995,5,2,150,-0.907528047772204,1.34570467631622,11,3.39752368596816,1,-25.66859,2702,0,0,6,"both",-0.907528047772204,1.34570467631622
"1552","session2",-31.3943475695702,7.28614173560275,1.59329373149762,0.000204778464664193,0.311704260941393,0.488926332861222,0.336095207167995,5,2,150,-0.907528047772204,1.34570467631622,11,2.52762666162207,0,-29.85935,2702,0,0,6,"both",-0.907528047772204,1.34570467631622
"1553","session2",-31.3943475695702,7.28614173560275,1.59329373149762,0.000204778464664193,0.311704260941393,0.488926332861222,0.336095207167995,5,2,150,-0.907528047772204,1.34570467631622,11,1.34679973018934,0,-39.67731,2702,0,0,6,"both",-0.907528047772204,1.34570467631622
"1554","session2",-31.3943475695702,7.28614173560275,1.59329373149762,0.000204778464664193,0.311704260941393,0.488926332861222,0.336095207167995,5,2,150,-0.907528047772204,1.34570467631622,11,1.92934023854224,1,-30.28816,2702,0,0,6,"both",-0.907528047772204,1.34570467631622
"1555","session2",-31.3943475695702,7.28614173560275,1.59329373149762,0.000204778464664193,0.311704260941393,0.488926332861222,0.336095207167995,5,2,150,-0.907528047772204,1.34570467631622,11,1.69847855418325,1,-30.56606,2702,0,0,6,"both",-0.907528047772204,1.34570467631622
"1556","session2",-31.3943475695702,7.28614173560275,1.59329373149762,0.000204778464664193,0.311704260941393,0.488926332861222,0.336095207167995,5,2,150,-0.907528047772204,1.34570467631622,11,2.3965491634288,1,-27.69548,2702,0,0,6,"both",-0.907528047772204,1.34570467631622
"1557","session2",-31.3943475695702,7.28614173560275,1.59329373149762,0.000204778464664193,0.311704260941393,0.488926332861222,0.336095207167995,5,2,150,-0.907528047772204,1.34570467631622,11,2.23080023558559,1,-28.4512,2702,0,0,6,"both",-0.907528047772204,1.34570467631622
"1558","session2",-31.3943475695702,7.28614173560275,1.59329373149762,0.000204778464664193,0.311704260941393,0.488926332861222,0.336095207167995,5,2,150,-0.907528047772204,1.34570467631622,11,1.46457606545826,1,-41.47703,2702,0,0,6,"both",-0.907528047772204,1.34570467631622
"1559","session2",-31.3943475695702,7.28614173560275,1.59329373149762,0.000204778464664193,0.311704260941393,0.488926332861222,0.336095207167995,5,2,150,-0.907528047772204,1.34570467631622,11,2.47278021284597,0,-42.69531,2702,0,0,6,"both",-0.907528047772204,1.34570467631622
"1560","session2",-31.3943475695702,7.28614173560275,1.59329373149762,0.000204778464664193,0.311704260941393,0.488926332861222,0.336095207167995,5,2,150,-0.907528047772204,1.34570467631622,11,2.39469433939187,0,-31.10933,2702,0,0,6,"both",-0.907528047772204,1.34570467631622
"1561","session2",-31.3943475695702,7.28614173560275,1.59329373149762,0.000204778464664193,0.311704260941393,0.488926332861222,0.336095207167995,5,2,150,-0.907528047772204,1.34570467631622,11,1.91498232681045,0,-40.72564,2702,0,0,6,"both",-0.907528047772204,1.34570467631622
"1562","session2",-31.3943475695702,7.28614173560275,1.59329373149762,0.000204778464664193,0.311704260941393,0.488926332861222,0.336095207167995,5,2,150,-0.907528047772204,1.34570467631622,11,3.37222627008729,0,-27.61271,2702,0,0,6,"both",-0.907528047772204,1.34570467631622
"1563","session2",-31.3943475695702,7.28614173560275,1.59329373149762,0.000204778464664193,0.311704260941393,0.488926332861222,0.336095207167995,5,2,150,-0.907528047772204,1.34570467631622,11,0.687313665297279,0,-40.54767,2702,0,0,6,"both",-0.907528047772204,1.34570467631622
"1564","session2",-31.3943475695702,7.28614173560275,1.59329373149762,0.000204778464664193,0.311704260941393,0.488926332861222,0.336095207167995,5,2,150,-0.907528047772204,1.34570467631622,11,1.98228315631435,0,-30.35466,2702,0,0,6,"both",-0.907528047772204,1.34570467631622
"1565","session2",-31.3943475695702,7.28614173560275,1.59329373149762,0.000204778464664193,0.311704260941393,0.488926332861222,0.336095207167995,5,2,150,-0.907528047772204,1.34570467631622,11,7.49293953830449,1,-27.60646,2702,0,0,6,"both",-0.907528047772204,1.34570467631622
"1566","session2",-31.3943475695702,7.28614173560275,1.59329373149762,0.000204778464664193,0.311704260941393,0.488926332861222,0.336095207167995,5,2,150,-0.907528047772204,1.34570467631622,11,2.50203848978705,0,-39.72523,2702,0,0,6,"both",-0.907528047772204,1.34570467631622
"1567","session2",-31.3943475695702,7.28614173560275,1.59329373149762,0.000204778464664193,0.311704260941393,0.488926332861222,0.336095207167995,5,2,150,-0.907528047772204,1.34570467631622,11,1.21976805731835,1,-26.87573,2702,0,0,6,"both",-0.907528047772204,1.34570467631622
"1568","session2",-31.3943475695702,7.28614173560275,1.59329373149762,0.000204778464664193,0.311704260941393,0.488926332861222,0.336095207167995,5,2,150,-0.907528047772204,1.34570467631622,11,1.05573892369173,1,-28.32753,2702,0,0,6,"both",-0.907528047772204,1.34570467631622
"1569","session2",-31.3943475695702,7.28614173560275,1.59329373149762,0.000204778464664193,0.311704260941393,0.488926332861222,0.336095207167995,5,2,150,-0.907528047772204,1.34570467631622,11,3.14047175792965,1,-30.48601,2702,0,0,6,"both",-0.907528047772204,1.34570467631622
"1570","session2",-31.3943475695702,7.28614173560275,1.59329373149762,0.000204778464664193,0.311704260941393,0.488926332861222,0.336095207167995,5,2,150,-0.907528047772204,1.34570467631622,11,2.02541823723305,1,-24.3551,2702,0,0,6,"both",-0.907528047772204,1.34570467631622
"1571","session2",-31.3943475695702,7.28614173560275,1.59329373149762,0.000204778464664193,0.311704260941393,0.488926332861222,0.336095207167995,5,2,150,-0.907528047772204,1.34570467631622,11,2.90025534290652,0,-30.37968,2702,0,0,6,"both",-0.907528047772204,1.34570467631622
"1572","session2",-31.3943475695702,7.28614173560275,1.59329373149762,0.000204778464664193,0.311704260941393,0.488926332861222,0.336095207167995,5,2,150,-0.907528047772204,1.34570467631622,11,1.10452563548199,1,-30.46021,2702,0,0,6,"both",-0.907528047772204,1.34570467631622
"1573","session2",-31.3943475695702,7.28614173560275,1.59329373149762,0.000204778464664193,0.311704260941393,0.488926332861222,0.336095207167995,5,2,150,-0.907528047772204,1.34570467631622,11,1.5227684423245,1,-25.421,2702,0,0,6,"both",-0.907528047772204,1.34570467631622
"1574","session2",-31.3943475695702,7.28614173560275,1.59329373149762,0.000204778464664193,0.311704260941393,0.488926332861222,0.336095207167995,5,2,150,-0.907528047772204,1.34570467631622,11,1.9304786321114,0,-41.00162,2702,0,0,6,"both",-0.907528047772204,1.34570467631622
"1575","session2",-31.3943475695702,7.28614173560275,1.59329373149762,0.000204778464664193,0.311704260941393,0.488926332861222,0.336095207167995,5,2,150,-0.907528047772204,1.34570467631622,11,1.28703757818263,0,-38.77593,2702,0,0,6,"both",-0.907528047772204,1.34570467631622
"1576","session2",-31.3943475695702,7.28614173560275,1.59329373149762,0.000204778464664193,0.311704260941393,0.488926332861222,0.336095207167995,5,2,150,-0.907528047772204,1.34570467631622,11,1.75960341514445,0,-39.47388,2702,0,0,6,"both",-0.907528047772204,1.34570467631622
"1577","session2",-31.3943475695702,7.28614173560275,1.59329373149762,0.000204778464664193,0.311704260941393,0.488926332861222,0.336095207167995,5,2,150,-0.907528047772204,1.34570467631622,11,1.95299764805606,1,-27.75353,2702,0,0,6,"both",-0.907528047772204,1.34570467631622
"1578","session2",-31.3943475695702,7.28614173560275,1.59329373149762,0.000204778464664193,0.311704260941393,0.488926332861222,0.336095207167995,5,2,150,-0.907528047772204,1.34570467631622,11,1.86555016111141,0,-27.57188,2702,0,0,6,"both",-0.907528047772204,1.34570467631622
"1579","session2",-31.3943475695702,7.28614173560275,1.59329373149762,0.000204778464664193,0.311704260941393,0.488926332861222,0.336095207167995,5,2,150,-0.907528047772204,1.34570467631622,11,1.52441977116581,0,-28.94717,2702,0,0,6,"both",-0.907528047772204,1.34570467631622
"1580","session2",-31.3943475695702,7.28614173560275,1.59329373149762,0.000204778464664193,0.311704260941393,0.488926332861222,0.336095207167995,5,2,150,-0.907528047772204,1.34570467631622,11,2.16442723044467,0,-39.85682,2702,0,0,6,"both",-0.907528047772204,1.34570467631622
"1581","session2",-31.3943475695702,7.28614173560275,1.59329373149762,0.000204778464664193,0.311704260941393,0.488926332861222,0.336095207167995,5,2,150,-0.907528047772204,1.34570467631622,11,4.66832726618563,0,-39.97712,2702,0,0,6,"both",-0.907528047772204,1.34570467631622
"1582","session2",-31.3943475695702,7.28614173560275,1.59329373149762,0.000204778464664193,0.311704260941393,0.488926332861222,0.336095207167995,5,2,150,-0.907528047772204,1.34570467631622,11,3.47608022994688,0,-36.52638,2702,0,0,6,"both",-0.907528047772204,1.34570467631622
"1583","session2",-31.3943475695702,7.28614173560275,1.59329373149762,0.000204778464664193,0.311704260941393,0.488926332861222,0.336095207167995,5,2,150,-0.907528047772204,1.34570467631622,11,3.42440059243361,1,-38.2793,2702,0,0,6,"both",-0.907528047772204,1.34570467631622
"1584","session2",-31.3943475695702,7.28614173560275,1.59329373149762,0.000204778464664193,0.311704260941393,0.488926332861222,0.336095207167995,5,2,150,-0.907528047772204,1.34570467631622,11,1.84860952481784,0,-40.20286,2702,0,0,6,"both",-0.907528047772204,1.34570467631622
"1585","session2",-31.3943475695702,7.28614173560275,1.59329373149762,0.000204778464664193,0.311704260941393,0.488926332861222,0.336095207167995,5,2,150,-0.907528047772204,1.34570467631622,11,3.22085787329386,0,-37.00872,2702,0,0,6,"both",-0.907528047772204,1.34570467631622
"1586","session2",-31.3943475695702,7.28614173560275,1.59329373149762,0.000204778464664193,0.311704260941393,0.488926332861222,0.336095207167995,5,2,150,-0.907528047772204,1.34570467631622,11,1.63747056347387,0,-41.74532,2702,0,0,6,"both",-0.907528047772204,1.34570467631622
"1587","session2",-31.3943475695702,7.28614173560275,1.59329373149762,0.000204778464664193,0.311704260941393,0.488926332861222,0.336095207167995,5,2,150,-0.907528047772204,1.34570467631622,11,1.88624535917667,1,-38.99757,2702,0,0,6,"both",-0.907528047772204,1.34570467631622
"1588","session2",-31.3943475695702,7.28614173560275,1.59329373149762,0.000204778464664193,0.311704260941393,0.488926332861222,0.336095207167995,5,2,150,-0.907528047772204,1.34570467631622,11,1.12473258146467,1,-26.66597,2702,0,0,6,"both",-0.907528047772204,1.34570467631622
"1589","session2",-31.3943475695702,7.28614173560275,1.59329373149762,0.000204778464664193,0.311704260941393,0.488926332861222,0.336095207167995,5,2,150,-0.907528047772204,1.34570467631622,11,2.17286118674023,1,-38.51213,2702,0,0,6,"both",-0.907528047772204,1.34570467631622
"1590","session2",-31.3943475695702,7.28614173560275,1.59329373149762,0.000204778464664193,0.311704260941393,0.488926332861222,0.336095207167995,5,2,150,-0.907528047772204,1.34570467631622,11,2.48691751744559,0,-37.89318,2702,0,0,6,"both",-0.907528047772204,1.34570467631622
"1591","session2",-31.3943475695702,7.28614173560275,1.59329373149762,0.000204778464664193,0.311704260941393,0.488926332861222,0.336095207167995,5,2,150,-0.907528047772204,1.34570467631622,11,1.14886426202224,0,-41.60622,2702,0,0,6,"both",-0.907528047772204,1.34570467631622
"1592","session2",-31.3943475695702,7.28614173560275,1.59329373149762,0.000204778464664193,0.311704260941393,0.488926332861222,0.336095207167995,5,2,150,-0.907528047772204,1.34570467631622,11,2.14640753237394,1,-24.94034,2702,0,0,6,"both",-0.907528047772204,1.34570467631622
"1593","session2",-31.3943475695702,7.28614173560275,1.59329373149762,0.000204778464664193,0.311704260941393,0.488926332861222,0.336095207167995,5,2,150,-0.907528047772204,1.34570467631622,11,4.05059691434701,1,-27.64045,2702,0,0,6,"both",-0.907528047772204,1.34570467631622
"1594","session2",-31.3943475695702,7.28614173560275,1.59329373149762,0.000204778464664193,0.311704260941393,0.488926332861222,0.336095207167995,5,2,150,-0.907528047772204,1.34570467631622,11,1.70629598915057,0,-39.64494,2702,0,0,6,"both",-0.907528047772204,1.34570467631622
"1595","session2",-31.3943475695702,7.28614173560275,1.59329373149762,0.000204778464664193,0.311704260941393,0.488926332861222,0.336095207167995,5,2,150,-0.907528047772204,1.34570467631622,11,4.05268092337213,1,-28.14151,2702,0,0,6,"both",-0.907528047772204,1.34570467631622
"1596","session2",-31.3943475695702,7.28614173560275,1.59329373149762,0.000204778464664193,0.311704260941393,0.488926332861222,0.336095207167995,5,2,150,-0.907528047772204,1.34570467631622,11,1.854522646361,0,-35.79221,2702,0,0,6,"both",-0.907528047772204,1.34570467631622
"1597","session2",-31.3943475695702,7.28614173560275,1.59329373149762,0.000204778464664193,0.311704260941393,0.488926332861222,0.336095207167995,5,2,150,-0.907528047772204,1.34570467631622,11,1.18029212403859,0,-41.79071,2702,0,0,6,"both",-0.907528047772204,1.34570467631622
"1598","session2",-31.3943475695702,7.28614173560275,1.59329373149762,0.000204778464664193,0.311704260941393,0.488926332861222,0.336095207167995,5,2,150,-0.907528047772204,1.34570467631622,11,2.36248583955683,0,-35.56777,2702,0,0,6,"both",-0.907528047772204,1.34570467631622
"1599","session2",-31.3943475695702,7.28614173560275,1.59329373149762,0.000204778464664193,0.311704260941393,0.488926332861222,0.336095207167995,5,2,150,-0.907528047772204,1.34570467631622,11,1.36115579792176,0,-28.44082,2702,0,0,6,"both",-0.907528047772204,1.34570467631622
"1600","session2",-31.3943475695702,7.28614173560275,1.59329373149762,0.000204778464664193,0.311704260941393,0.488926332861222,0.336095207167995,5,2,150,-0.907528047772204,1.34570467631622,11,3.24619528496595,0,-26.63308,2702,0,0,6,"both",-0.907528047772204,1.34570467631622
"1601","session2",-31.3943475695702,7.28614173560275,1.59329373149762,0.000204778464664193,0.311704260941393,0.488926332861222,0.336095207167995,5,2,150,-0.907528047772204,1.34570467631622,11,2.25972786565209,0,-40.83572,2702,0,0,6,"both",-0.907528047772204,1.34570467631622
"1602","session2",-31.3943475695702,7.28614173560275,1.59329373149762,0.000204778464664193,0.311704260941393,0.488926332861222,0.336095207167995,5,2,150,-0.907528047772204,1.34570467631622,11,4.14076326868885,1,-28.43735,2702,0,0,6,"both",-0.907528047772204,1.34570467631622
"1603","session2",-31.3943475695702,7.28614173560275,1.59329373149762,0.000204778464664193,0.311704260941393,0.488926332861222,0.336095207167995,5,2,150,-0.907528047772204,1.34570467631622,11,3.59948747713979,1,-25.62238,2702,0,0,6,"both",-0.907528047772204,1.34570467631622
"1604","session2",-31.3943475695702,7.28614173560275,1.59329373149762,0.000204778464664193,0.311704260941393,0.488926332861222,0.336095207167995,5,2,150,-0.907528047772204,1.34570467631622,11,1.5800735090139,1,-27.13976,2702,0,0,6,"both",-0.907528047772204,1.34570467631622
"1605","session2",-31.3943475695702,7.28614173560275,1.59329373149762,0.000204778464664193,0.311704260941393,0.488926332861222,0.336095207167995,5,2,150,-0.907528047772204,1.34570467631622,11,2.12644528912551,1,-24.39614,2702,0,0,6,"both",-0.907528047772204,1.34570467631622
"1606","session2",-31.3943475695702,7.28614173560275,1.59329373149762,0.000204778464664193,0.311704260941393,0.488926332861222,0.336095207167995,5,2,150,-0.907528047772204,1.34570467631622,11,1.68204227355495,1,-26.35755,2702,0,0,6,"both",-0.907528047772204,1.34570467631622
"1607","session2",-31.3943475695702,7.28614173560275,1.59329373149762,0.000204778464664193,0.311704260941393,0.488926332861222,0.336095207167995,5,2,150,-0.907528047772204,1.34570467631622,11,1.87008160417461,1,-24.83347,2702,0,0,6,"both",-0.907528047772204,1.34570467631622
"1608","session2",-31.3943475695702,7.28614173560275,1.59329373149762,0.000204778464664193,0.311704260941393,0.488926332861222,0.336095207167995,5,2,150,-0.907528047772204,1.34570467631622,11,1.56224510773457,0,-25.01,2702,0,0,6,"both",-0.907528047772204,1.34570467631622
"1609","session2",-31.3943475695702,7.28614173560275,1.59329373149762,0.000204778464664193,0.311704260941393,0.488926332861222,0.336095207167995,5,2,150,-0.907528047772204,1.34570467631622,11,5.40737934088802,0,-36.44125,2702,0,0,6,"both",-0.907528047772204,1.34570467631622
"1610","session2",-31.3943475695702,7.28614173560275,1.59329373149762,0.000204778464664193,0.311704260941393,0.488926332861222,0.336095207167995,5,2,150,-0.907528047772204,1.34570467631622,11,1.26343789859424,0,-38.58959,2702,0,0,6,"both",-0.907528047772204,1.34570467631622
"1611","session2",-31.3943475695702,7.28614173560275,1.59329373149762,0.000204778464664193,0.311704260941393,0.488926332861222,0.336095207167995,5,2,150,-0.907528047772204,1.34570467631622,11,2.82027190464233,0,-39.54204,2702,0,0,6,"both",-0.907528047772204,1.34570467631622
"1612","session2",-31.3943475695702,7.28614173560275,1.59329373149762,0.000204778464664193,0.311704260941393,0.488926332861222,0.336095207167995,5,2,150,-0.907528047772204,1.34570467631622,11,2.8506664241882,1,-24.52587,2702,0,0,6,"both",-0.907528047772204,1.34570467631622
"1613","session2",-31.3943475695702,7.28614173560275,1.59329373149762,0.000204778464664193,0.311704260941393,0.488926332861222,0.336095207167995,5,2,150,-0.907528047772204,1.34570467631622,11,1.89439114313534,0,-36.56534,2702,0,0,6,"both",-0.907528047772204,1.34570467631622
"1614","session2",-31.3943475695702,7.28614173560275,1.59329373149762,0.000204778464664193,0.311704260941393,0.488926332861222,0.336095207167995,5,2,150,-0.907528047772204,1.34570467631622,11,1.98898473070922,1,-38.65273,2702,0,0,6,"both",-0.907528047772204,1.34570467631622
"1615","session2",-31.3943475695702,7.28614173560275,1.59329373149762,0.000204778464664193,0.311704260941393,0.488926332861222,0.336095207167995,5,2,150,-0.907528047772204,1.34570467631622,11,2.12695224120025,1,-22.43095,2702,0,0,6,"both",-0.907528047772204,1.34570467631622
"1616","session2",-31.3943475695702,7.28614173560275,1.59329373149762,0.000204778464664193,0.311704260941393,0.488926332861222,0.336095207167995,5,2,150,-0.907528047772204,1.34570467631622,11,1.67892540150034,0,-40.41871,2702,0,0,6,"both",-0.907528047772204,1.34570467631622
"1617","session2",-31.3943475695702,7.28614173560275,1.59329373149762,0.000204778464664193,0.311704260941393,0.488926332861222,0.336095207167995,5,2,150,-0.907528047772204,1.34570467631622,11,2.25491713355555,0,-29.66109,2702,0,0,6,"both",-0.907528047772204,1.34570467631622
"1618","session2",-31.3943475695702,7.28614173560275,1.59329373149762,0.000204778464664193,0.311704260941393,0.488926332861222,0.336095207167995,5,2,150,-0.907528047772204,1.34570467631622,11,1.64781244477386,0,-25.73822,2702,0,0,6,"both",-0.907528047772204,1.34570467631622
"1619","session2",-31.3943475695702,7.28614173560275,1.59329373149762,0.000204778464664193,0.311704260941393,0.488926332861222,0.336095207167995,5,2,150,-0.907528047772204,1.34570467631622,11,1.52912458971836,1,-27.75104,2702,0,0,6,"both",-0.907528047772204,1.34570467631622
"1620","session2",-31.3943475695702,7.28614173560275,1.59329373149762,0.000204778464664193,0.311704260941393,0.488926332861222,0.336095207167995,5,2,150,-0.907528047772204,1.34570467631622,11,2.55504250586143,0,-25.64625,2702,0,0,6,"both",-0.907528047772204,1.34570467631622
"1621","session2",-31.3943475695702,7.28614173560275,1.59329373149762,0.000204778464664193,0.311704260941393,0.488926332861222,0.336095207167995,5,2,150,-0.907528047772204,1.34570467631622,11,4.35139707079903,0,-39.99655,2702,0,0,6,"both",-0.907528047772204,1.34570467631622
"1622","session2",-31.3943475695702,7.28614173560275,1.59329373149762,0.000204778464664193,0.311704260941393,0.488926332861222,0.336095207167995,5,2,150,-0.907528047772204,1.34570467631622,11,2.46320961183634,1,-25.58615,2702,0,0,6,"both",-0.907528047772204,1.34570467631622
"1623","session2",-31.3943475695702,7.28614173560275,1.59329373149762,0.000204778464664193,0.311704260941393,0.488926332861222,0.336095207167995,5,2,150,-0.907528047772204,1.34570467631622,11,1.1454634237154,0,-38.54951,2702,0,0,6,"both",-0.907528047772204,1.34570467631622
"1624","session2",-31.3943475695702,7.28614173560275,1.59329373149762,0.000204778464664193,0.311704260941393,0.488926332861222,0.336095207167995,5,2,150,-0.907528047772204,1.34570467631622,11,1.21074558039033,0,-38.99673,2702,0,0,6,"both",-0.907528047772204,1.34570467631622
"1625","session2",-31.3943475695702,7.28614173560275,1.59329373149762,0.000204778464664193,0.311704260941393,0.488926332861222,0.336095207167995,5,2,150,-0.907528047772204,1.34570467631622,11,2.05207811471963,0,-35.54599,2702,0,0,6,"both",-0.907528047772204,1.34570467631622
"1626","session2",-31.3943475695702,7.28614173560275,1.59329373149762,0.000204778464664193,0.311704260941393,0.488926332861222,0.336095207167995,5,2,150,-0.907528047772204,1.34570467631622,11,2.12700962664253,0,-25.86244,2702,0,0,6,"both",-0.907528047772204,1.34570467631622
"1627","session2",-31.3943475695702,7.28614173560275,1.59329373149762,0.000204778464664193,0.311704260941393,0.488926332861222,0.336095207167995,5,2,150,-0.907528047772204,1.34570467631622,11,1.96203029241435,1,-28.51114,2702,0,0,6,"both",-0.907528047772204,1.34570467631622
"1628","session2",-31.3943475695702,7.28614173560275,1.59329373149762,0.000204778464664193,0.311704260941393,0.488926332861222,0.336095207167995,5,2,150,-0.907528047772204,1.34570467631622,11,4.66384600953845,0,-36.50594,2702,0,0,6,"both",-0.907528047772204,1.34570467631622
"1629","session2",-31.3943475695702,7.28614173560275,1.59329373149762,0.000204778464664193,0.311704260941393,0.488926332861222,0.336095207167995,5,2,150,-0.907528047772204,1.34570467631622,11,3.87016831172833,0,-43.0346,2702,0,0,6,"both",-0.907528047772204,1.34570467631622
"1630","session2",-31.3943475695702,7.28614173560275,1.59329373149762,0.000204778464664193,0.311704260941393,0.488926332861222,0.336095207167995,5,2,150,-0.907528047772204,1.34570467631622,11,3.33301508553206,0,-36.00948,2702,0,0,6,"both",-0.907528047772204,1.34570467631622
"1631","session2",-31.3943475695702,7.28614173560275,1.59329373149762,0.000204778464664193,0.311704260941393,0.488926332861222,0.336095207167995,5,2,150,-0.907528047772204,1.34570467631622,11,2.98807069235369,0,-25.98208,2702,0,0,6,"both",-0.907528047772204,1.34570467631622
"1632","session2",-31.3943475695702,7.28614173560275,1.59329373149762,0.000204778464664193,0.311704260941393,0.488926332861222,0.336095207167995,5,2,150,-0.907528047772204,1.34570467631622,11,1.26931392235621,0,-28.32689,2702,0,0,6,"both",-0.907528047772204,1.34570467631622
"1633","session2",-31.3943475695702,7.28614173560275,1.59329373149762,0.000204778464664193,0.311704260941393,0.488926332861222,0.336095207167995,5,2,150,-0.907528047772204,1.34570467631622,11,3.67841234954539,1,-24.08553,2702,0,0,6,"both",-0.907528047772204,1.34570467631622
"1634","session2",-31.3943475695702,7.28614173560275,1.59329373149762,0.000204778464664193,0.311704260941393,0.488926332861222,0.336095207167995,5,2,150,-0.907528047772204,1.34570467631622,11,2.08963343738748,0,-40.32322,2702,0,0,6,"both",-0.907528047772204,1.34570467631622
"1635","session2",-31.3943475695702,7.28614173560275,1.59329373149762,0.000204778464664193,0.311704260941393,0.488926332861222,0.336095207167995,5,2,150,-0.907528047772204,1.34570467631622,11,1.58961043773514,1,-24.9075,2702,0,0,6,"both",-0.907528047772204,1.34570467631622
"1636","session2",-31.3943475695702,7.28614173560275,1.59329373149762,0.000204778464664193,0.311704260941393,0.488926332861222,0.336095207167995,5,2,150,-0.907528047772204,1.34570467631622,11,2.48310453320568,0,-34.81596,2702,0,0,6,"both",-0.907528047772204,1.34570467631622
"1637","session2",-31.3943475695702,7.28614173560275,1.59329373149762,0.000204778464664193,0.311704260941393,0.488926332861222,0.336095207167995,5,2,150,-0.907528047772204,1.34570467631622,11,4.07491379120921,1,-28.06663,2702,0,0,6,"both",-0.907528047772204,1.34570467631622
"1638","session2",-31.3943475695702,7.28614173560275,1.59329373149762,0.000204778464664193,0.311704260941393,0.488926332861222,0.336095207167995,5,2,150,-0.907528047772204,1.34570467631622,11,1.18897463471074,1,-25.93539,2702,0,0,6,"both",-0.907528047772204,1.34570467631622
"1639","session2",-31.3943475695702,7.28614173560275,1.59329373149762,0.000204778464664193,0.311704260941393,0.488926332861222,0.336095207167995,5,2,150,-0.907528047772204,1.34570467631622,11,2.95006053558931,0,-26.82427,2702,0,0,6,"both",-0.907528047772204,1.34570467631622
"1640","session2",-31.3943475695702,7.28614173560275,1.59329373149762,0.000204778464664193,0.311704260941393,0.488926332861222,0.336095207167995,5,2,150,-0.907528047772204,1.34570467631622,11,1.09753552500121,1,-36.96176,2702,0,0,6,"both",-0.907528047772204,1.34570467631622
"1641","session2",-31.3943475695702,7.28614173560275,1.59329373149762,0.000204778464664193,0.311704260941393,0.488926332861222,0.336095207167995,5,2,150,-0.907528047772204,1.34570467631622,11,1.71442354983871,0,-28.07953,2702,0,0,6,"both",-0.907528047772204,1.34570467631622
"1642","session2",-31.3943475695702,7.28614173560275,1.59329373149762,0.000204778464664193,0.311704260941393,0.488926332861222,0.336095207167995,5,2,150,-0.907528047772204,1.34570467631622,11,1.17640504733598,0,-38.75736,2702,0,0,6,"both",-0.907528047772204,1.34570467631622
"1643","session2",-31.3943475695702,7.28614173560275,1.59329373149762,0.000204778464664193,0.311704260941393,0.488926332861222,0.336095207167995,5,2,150,-0.907528047772204,1.34570467631622,11,2.00760069701567,1,-18.0201,2702,0,0,6,"both",-0.907528047772204,1.34570467631622
"1644","session2",-31.3943475695702,7.28614173560275,1.59329373149762,0.000204778464664193,0.311704260941393,0.488926332861222,0.336095207167995,5,2,150,-0.907528047772204,1.34570467631622,11,2.86752564043604,0,-26.21219,2702,0,0,6,"both",-0.907528047772204,1.34570467631622
"1645","session2",-31.3943475695702,7.28614173560275,1.59329373149762,0.000204778464664193,0.311704260941393,0.488926332861222,0.336095207167995,5,2,150,-0.907528047772204,1.34570467631622,11,1.69056270023415,0,-39.06481,2702,0,0,6,"both",-0.907528047772204,1.34570467631622
"1646","session2",-31.3943475695702,7.28614173560275,1.59329373149762,0.000204778464664193,0.311704260941393,0.488926332861222,0.336095207167995,5,2,150,-0.907528047772204,1.34570467631622,11,1.70314923874318,1,-21.90998,2702,0,0,6,"both",-0.907528047772204,1.34570467631622
"1647","session2",-31.3943475695702,7.28614173560275,1.59329373149762,0.000204778464664193,0.311704260941393,0.488926332861222,0.336095207167995,5,2,150,-0.907528047772204,1.34570467631622,11,2.19167045896557,1,-26.60566,2702,0,0,6,"both",-0.907528047772204,1.34570467631622
"1648","session2",-31.3943475695702,7.28614173560275,1.59329373149762,0.000204778464664193,0.311704260941393,0.488926332861222,0.336095207167995,5,2,150,-0.907528047772204,1.34570467631622,11,2.84538082308858,1,-26.8895,2702,0,0,6,"both",-0.907528047772204,1.34570467631622
"1649","session2",-31.3943475695702,7.28614173560275,1.59329373149762,0.000204778464664193,0.311704260941393,0.488926332861222,0.336095207167995,5,2,150,-0.907528047772204,1.34570467631622,11,2.8322064845993,0,-41.45378,2702,0,0,6,"both",-0.907528047772204,1.34570467631622
"1650","session2",-31.3943475695702,7.28614173560275,1.59329373149762,0.000204778464664193,0.311704260941393,0.488926332861222,0.336095207167995,5,2,150,-0.907528047772204,1.34570467631622,11,2.20917712121859,1,-26.75479,2702,0,0,6,"both",-0.907528047772204,1.34570467631622
"1651","session2",15.0611228132975,6.65282600563928,2.25188324838095,0.000526750462099284,0.532691474201946,0.376712158964297,0.418487408956828,6,2,150,-0.907528047772204,1.34570467631622,12,2.09879415953412,0,5.34797616282,2702,0,0,6,"both",-0.907528047772204,1.34570467631622
"1652","session2",15.0611228132975,6.65282600563928,2.25188324838095,0.000526750462099284,0.532691474201946,0.376712158964297,0.418487408956828,6,2,150,-0.907528047772204,1.34570467631622,12,2.07959234643995,1,10.317781994,2702,0,0,6,"both",-0.907528047772204,1.34570467631622
"1653","session2",15.0611228132975,6.65282600563928,2.25188324838095,0.000526750462099284,0.532691474201946,0.376712158964297,0.418487408956828,6,2,150,-0.907528047772204,1.34570467631622,12,2.56886021924436,0,2.3677275339,2702,0,0,6,"both",-0.907528047772204,1.34570467631622
"1654","session2",15.0611228132975,6.65282600563928,2.25188324838095,0.000526750462099284,0.532691474201946,0.376712158964297,0.418487408956828,6,2,150,-0.907528047772204,1.34570467631622,12,3.70630609398874,1,7.3510790776,2702,0,0,6,"both",-0.907528047772204,1.34570467631622
"1655","session2",15.0611228132975,6.65282600563928,2.25188324838095,0.000526750462099284,0.532691474201946,0.376712158964297,0.418487408956828,6,2,150,-0.907528047772204,1.34570467631622,12,2.00618617774359,0,0.625462,2702,0,0,6,"both",-0.907528047772204,1.34570467631622
"1656","session2",15.0611228132975,6.65282600563928,2.25188324838095,0.000526750462099284,0.532691474201946,0.376712158964297,0.418487408956828,6,2,150,-0.907528047772204,1.34570467631622,12,1.52372034953669,0,6.2733003047,2702,0,0,6,"both",-0.907528047772204,1.34570467631622
"1657","session2",15.0611228132975,6.65282600563928,2.25188324838095,0.000526750462099284,0.532691474201946,0.376712158964297,0.418487408956828,6,2,150,-0.907528047772204,1.34570467631622,12,2.4164593123459,0,7.9198081438,2702,0,0,6,"both",-0.907528047772204,1.34570467631622
"1658","session2",15.0611228132975,6.65282600563928,2.25188324838095,0.000526750462099284,0.532691474201946,0.376712158964297,0.418487408956828,6,2,150,-0.907528047772204,1.34570467631622,12,2.60685204219695,0,3.52726,2702,0,0,6,"both",-0.907528047772204,1.34570467631622
"1659","session2",15.0611228132975,6.65282600563928,2.25188324838095,0.000526750462099284,0.532691474201946,0.376712158964297,0.418487408956828,6,2,150,-0.907528047772204,1.34570467631622,12,1.74466960976652,0,6.677,2702,0,0,6,"both",-0.907528047772204,1.34570467631622
"1660","session2",15.0611228132975,6.65282600563928,2.25188324838095,0.000526750462099284,0.532691474201946,0.376712158964297,0.418487408956828,6,2,150,-0.907528047772204,1.34570467631622,12,2.23299555487803,0,3.2139,2702,0,0,6,"both",-0.907528047772204,1.34570467631622
"1661","session2",15.0611228132975,6.65282600563928,2.25188324838095,0.000526750462099284,0.532691474201946,0.376712158964297,0.418487408956828,6,2,150,-0.907528047772204,1.34570467631622,12,2.21243429061045,0,9.55394,2702,0,0,6,"both",-0.907528047772204,1.34570467631622
"1662","session2",15.0611228132975,6.65282600563928,2.25188324838095,0.000526750462099284,0.532691474201946,0.376712158964297,0.418487408956828,6,2,150,-0.907528047772204,1.34570467631622,12,2.8521593194225,1,20.98885,2702,0,0,6,"both",-0.907528047772204,1.34570467631622
"1663","session2",15.0611228132975,6.65282600563928,2.25188324838095,0.000526750462099284,0.532691474201946,0.376712158964297,0.418487408956828,6,2,150,-0.907528047772204,1.34570467631622,12,2.63042365335543,0,17.2936,2702,0,0,6,"both",-0.907528047772204,1.34570467631622
"1664","session2",15.0611228132975,6.65282600563928,2.25188324838095,0.000526750462099284,0.532691474201946,0.376712158964297,0.418487408956828,6,2,150,-0.907528047772204,1.34570467631622,12,2.17101027447325,1,14.08761,2702,0,0,6,"both",-0.907528047772204,1.34570467631622
"1665","session2",15.0611228132975,6.65282600563928,2.25188324838095,0.000526750462099284,0.532691474201946,0.376712158964297,0.418487408956828,6,2,150,-0.907528047772204,1.34570467631622,12,2.4520379427379,0,5.1315,2702,0,0,6,"both",-0.907528047772204,1.34570467631622
"1666","session2",15.0611228132975,6.65282600563928,2.25188324838095,0.000526750462099284,0.532691474201946,0.376712158964297,0.418487408956828,6,2,150,-0.907528047772204,1.34570467631622,12,3.58396502990407,1,18.23911,2702,0,0,6,"both",-0.907528047772204,1.34570467631622
"1667","session2",15.0611228132975,6.65282600563928,2.25188324838095,0.000526750462099284,0.532691474201946,0.376712158964297,0.418487408956828,6,2,150,-0.907528047772204,1.34570467631622,12,2.12653188054691,0,-9.93013,2702,0,0,6,"both",-0.907528047772204,1.34570467631622
"1668","session2",15.0611228132975,6.65282600563928,2.25188324838095,0.000526750462099284,0.532691474201946,0.376712158964297,0.418487408956828,6,2,150,-0.907528047772204,1.34570467631622,12,2.66116237784059,0,8.48577,2702,0,0,6,"both",-0.907528047772204,1.34570467631622
"1669","session2",15.0611228132975,6.65282600563928,2.25188324838095,0.000526750462099284,0.532691474201946,0.376712158964297,0.418487408956828,6,2,150,-0.907528047772204,1.34570467631622,12,3.05523968912634,1,20.59994,2702,0,0,6,"both",-0.907528047772204,1.34570467631622
"1670","session2",15.0611228132975,6.65282600563928,2.25188324838095,0.000526750462099284,0.532691474201946,0.376712158964297,0.418487408956828,6,2,150,-0.907528047772204,1.34570467631622,12,5.58034690098829,1,15.8887,2702,0,0,6,"both",-0.907528047772204,1.34570467631622
"1671","session2",15.0611228132975,6.65282600563928,2.25188324838095,0.000526750462099284,0.532691474201946,0.376712158964297,0.418487408956828,6,2,150,-0.907528047772204,1.34570467631622,12,3.24284980982014,1,13.08211,2702,0,0,6,"both",-0.907528047772204,1.34570467631622
"1672","session2",15.0611228132975,6.65282600563928,2.25188324838095,0.000526750462099284,0.532691474201946,0.376712158964297,0.418487408956828,6,2,150,-0.907528047772204,1.34570467631622,12,2.32228180558348,1,20.62288,2702,0,0,6,"both",-0.907528047772204,1.34570467631622
"1673","session2",15.0611228132975,6.65282600563928,2.25188324838095,0.000526750462099284,0.532691474201946,0.376712158964297,0.418487408956828,6,2,150,-0.907528047772204,1.34570467631622,12,2.11963755547128,0,-1.9759,2702,0,0,6,"both",-0.907528047772204,1.34570467631622
"1674","session2",15.0611228132975,6.65282600563928,2.25188324838095,0.000526750462099284,0.532691474201946,0.376712158964297,0.418487408956828,6,2,150,-0.907528047772204,1.34570467631622,12,4.28139474879845,0,9.63507,2702,0,0,6,"both",-0.907528047772204,1.34570467631622
"1675","session2",15.0611228132975,6.65282600563928,2.25188324838095,0.000526750462099284,0.532691474201946,0.376712158964297,0.418487408956828,6,2,150,-0.907528047772204,1.34570467631622,12,3.39919447620034,0,8.75341,2702,0,0,6,"both",-0.907528047772204,1.34570467631622
"1676","session2",15.0611228132975,6.65282600563928,2.25188324838095,0.000526750462099284,0.532691474201946,0.376712158964297,0.418487408956828,6,2,150,-0.907528047772204,1.34570467631622,12,6.55811795602696,0,13.19513,2702,0,0,6,"both",-0.907528047772204,1.34570467631622
"1677","session2",15.0611228132975,6.65282600563928,2.25188324838095,0.000526750462099284,0.532691474201946,0.376712158964297,0.418487408956828,6,2,150,-0.907528047772204,1.34570467631622,12,1.69241702493284,0,8.60834,2702,0,0,6,"both",-0.907528047772204,1.34570467631622
"1678","session2",15.0611228132975,6.65282600563928,2.25188324838095,0.000526750462099284,0.532691474201946,0.376712158964297,0.418487408956828,6,2,150,-0.907528047772204,1.34570467631622,12,2.70625547358991,1,17.1068,2702,0,0,6,"both",-0.907528047772204,1.34570467631622
"1679","session2",15.0611228132975,6.65282600563928,2.25188324838095,0.000526750462099284,0.532691474201946,0.376712158964297,0.418487408956828,6,2,150,-0.907528047772204,1.34570467631622,12,4.41109387047794,1,16.48901,2702,0,0,6,"both",-0.907528047772204,1.34570467631622
"1680","session2",15.0611228132975,6.65282600563928,2.25188324838095,0.000526750462099284,0.532691474201946,0.376712158964297,0.418487408956828,6,2,150,-0.907528047772204,1.34570467631622,12,2.06925875760954,0,5.07527,2702,0,0,6,"both",-0.907528047772204,1.34570467631622
"1681","session2",15.0611228132975,6.65282600563928,2.25188324838095,0.000526750462099284,0.532691474201946,0.376712158964297,0.418487408956828,6,2,150,-0.907528047772204,1.34570467631622,12,2.16913067867431,1,19.02639,2702,0,0,6,"both",-0.907528047772204,1.34570467631622
"1682","session2",15.0611228132975,6.65282600563928,2.25188324838095,0.000526750462099284,0.532691474201946,0.376712158964297,0.418487408956828,6,2,150,-0.907528047772204,1.34570467631622,12,1.96039248212038,0,3.2498,2702,0,0,6,"both",-0.907528047772204,1.34570467631622
"1683","session2",15.0611228132975,6.65282600563928,2.25188324838095,0.000526750462099284,0.532691474201946,0.376712158964297,0.418487408956828,6,2,150,-0.907528047772204,1.34570467631622,12,2.02588190282073,0,4.65343,2702,0,0,6,"both",-0.907528047772204,1.34570467631622
"1684","session2",15.0611228132975,6.65282600563928,2.25188324838095,0.000526750462099284,0.532691474201946,0.376712158964297,0.418487408956828,6,2,150,-0.907528047772204,1.34570467631622,12,3.75559922436739,0,14.23276,2702,0,0,6,"both",-0.907528047772204,1.34570467631622
"1685","session2",15.0611228132975,6.65282600563928,2.25188324838095,0.000526750462099284,0.532691474201946,0.376712158964297,0.418487408956828,6,2,150,-0.907528047772204,1.34570467631622,12,3.29040821170899,1,11.73198,2702,0,0,6,"both",-0.907528047772204,1.34570467631622
"1686","session2",15.0611228132975,6.65282600563928,2.25188324838095,0.000526750462099284,0.532691474201946,0.376712158964297,0.418487408956828,6,2,150,-0.907528047772204,1.34570467631622,12,3.05026561348143,0,9.52362,2702,0,0,6,"both",-0.907528047772204,1.34570467631622
"1687","session2",15.0611228132975,6.65282600563928,2.25188324838095,0.000526750462099284,0.532691474201946,0.376712158964297,0.418487408956828,6,2,150,-0.907528047772204,1.34570467631622,12,2.58269812752098,0,5.61771,2702,0,0,6,"both",-0.907528047772204,1.34570467631622
"1688","session2",15.0611228132975,6.65282600563928,2.25188324838095,0.000526750462099284,0.532691474201946,0.376712158964297,0.418487408956828,6,2,150,-0.907528047772204,1.34570467631622,12,3.73005811990298,1,14.29916,2702,0,0,6,"both",-0.907528047772204,1.34570467631622
"1689","session2",15.0611228132975,6.65282600563928,2.25188324838095,0.000526750462099284,0.532691474201946,0.376712158964297,0.418487408956828,6,2,150,-0.907528047772204,1.34570467631622,12,2.78798205233648,0,9.48633,2702,0,0,6,"both",-0.907528047772204,1.34570467631622
"1690","session2",15.0611228132975,6.65282600563928,2.25188324838095,0.000526750462099284,0.532691474201946,0.376712158964297,0.418487408956828,6,2,150,-0.907528047772204,1.34570467631622,12,2.77810968262258,1,15.41109,2702,0,0,6,"both",-0.907528047772204,1.34570467631622
"1691","session2",15.0611228132975,6.65282600563928,2.25188324838095,0.000526750462099284,0.532691474201946,0.376712158964297,0.418487408956828,6,2,150,-0.907528047772204,1.34570467631622,12,3.84640000472878,1,15.6749,2702,0,0,6,"both",-0.907528047772204,1.34570467631622
"1692","session2",15.0611228132975,6.65282600563928,2.25188324838095,0.000526750462099284,0.532691474201946,0.376712158964297,0.418487408956828,6,2,150,-0.907528047772204,1.34570467631622,12,3.02173590682457,0,6.35212,2702,0,0,6,"both",-0.907528047772204,1.34570467631622
"1693","session2",15.0611228132975,6.65282600563928,2.25188324838095,0.000526750462099284,0.532691474201946,0.376712158964297,0.418487408956828,6,2,150,-0.907528047772204,1.34570467631622,12,5.86918360015836,0,8.51936,2702,0,0,6,"both",-0.907528047772204,1.34570467631622
"1694","session2",15.0611228132975,6.65282600563928,2.25188324838095,0.000526750462099284,0.532691474201946,0.376712158964297,0.418487408956828,6,2,150,-0.907528047772204,1.34570467631622,12,4.47302811553769,0,9.00948,2702,0,0,6,"both",-0.907528047772204,1.34570467631622
"1695","session2",15.0611228132975,6.65282600563928,2.25188324838095,0.000526750462099284,0.532691474201946,0.376712158964297,0.418487408956828,6,2,150,-0.907528047772204,1.34570467631622,12,3.44878460367886,0,11.44652,2702,0,0,6,"both",-0.907528047772204,1.34570467631622
"1696","session2",15.0611228132975,6.65282600563928,2.25188324838095,0.000526750462099284,0.532691474201946,0.376712158964297,0.418487408956828,6,2,150,-0.907528047772204,1.34570467631622,12,2.90961815555061,0,14.32577,2702,0,0,6,"both",-0.907528047772204,1.34570467631622
"1697","session2",15.0611228132975,6.65282600563928,2.25188324838095,0.000526750462099284,0.532691474201946,0.376712158964297,0.418487408956828,6,2,150,-0.907528047772204,1.34570467631622,12,2.6209260748835,1,17.43757,2702,0,0,6,"both",-0.907528047772204,1.34570467631622
"1698","session2",15.0611228132975,6.65282600563928,2.25188324838095,0.000526750462099284,0.532691474201946,0.376712158964297,0.418487408956828,6,2,150,-0.907528047772204,1.34570467631622,12,5.00384586933362,0,15.90341,2702,0,0,6,"both",-0.907528047772204,1.34570467631622
"1699","session2",15.0611228132975,6.65282600563928,2.25188324838095,0.000526750462099284,0.532691474201946,0.376712158964297,0.418487408956828,6,2,150,-0.907528047772204,1.34570467631622,12,1.782359386966,0,6.56472,2702,0,0,6,"both",-0.907528047772204,1.34570467631622
"1700","session2",15.0611228132975,6.65282600563928,2.25188324838095,0.000526750462099284,0.532691474201946,0.376712158964297,0.418487408956828,6,2,150,-0.907528047772204,1.34570467631622,12,4.15972249718296,1,10.9882,2702,0,0,6,"both",-0.907528047772204,1.34570467631622
"1701","session2",15.0611228132975,6.65282600563928,2.25188324838095,0.000526750462099284,0.532691474201946,0.376712158964297,0.418487408956828,6,2,150,-0.907528047772204,1.34570467631622,12,3.09216022598401,0,7.05556,2702,0,0,6,"both",-0.907528047772204,1.34570467631622
"1702","session2",15.0611228132975,6.65282600563928,2.25188324838095,0.000526750462099284,0.532691474201946,0.376712158964297,0.418487408956828,6,2,150,-0.907528047772204,1.34570467631622,12,2.19191825572371,0,9.37355,2702,0,0,6,"both",-0.907528047772204,1.34570467631622
"1703","session2",15.0611228132975,6.65282600563928,2.25188324838095,0.000526750462099284,0.532691474201946,0.376712158964297,0.418487408956828,6,2,150,-0.907528047772204,1.34570467631622,12,3.66038890615896,1,10.62203,2702,0,0,6,"both",-0.907528047772204,1.34570467631622
"1704","session2",15.0611228132975,6.65282600563928,2.25188324838095,0.000526750462099284,0.532691474201946,0.376712158964297,0.418487408956828,6,2,150,-0.907528047772204,1.34570467631622,12,2.733162636076,0,18.78675,2702,0,0,6,"both",-0.907528047772204,1.34570467631622
"1705","session2",15.0611228132975,6.65282600563928,2.25188324838095,0.000526750462099284,0.532691474201946,0.376712158964297,0.418487408956828,6,2,150,-0.907528047772204,1.34570467631622,12,2.1164632672012,0,7.40635,2702,0,0,6,"both",-0.907528047772204,1.34570467631622
"1706","session2",15.0611228132975,6.65282600563928,2.25188324838095,0.000526750462099284,0.532691474201946,0.376712158964297,0.418487408956828,6,2,150,-0.907528047772204,1.34570467631622,12,2.22299719474796,0,11.6488,2702,0,0,6,"both",-0.907528047772204,1.34570467631622
"1707","session2",15.0611228132975,6.65282600563928,2.25188324838095,0.000526750462099284,0.532691474201946,0.376712158964297,0.418487408956828,6,2,150,-0.907528047772204,1.34570467631622,12,4.57530080644925,1,10.05326,2702,0,0,6,"both",-0.907528047772204,1.34570467631622
"1708","session2",15.0611228132975,6.65282600563928,2.25188324838095,0.000526750462099284,0.532691474201946,0.376712158964297,0.418487408956828,6,2,150,-0.907528047772204,1.34570467631622,12,2.80999042348867,0,9.54954,2702,0,0,6,"both",-0.907528047772204,1.34570467631622
"1709","session2",15.0611228132975,6.65282600563928,2.25188324838095,0.000526750462099284,0.532691474201946,0.376712158964297,0.418487408956828,6,2,150,-0.907528047772204,1.34570467631622,12,3.16781416187504,1,14.27868,2702,0,0,6,"both",-0.907528047772204,1.34570467631622
"1710","session2",15.0611228132975,6.65282600563928,2.25188324838095,0.000526750462099284,0.532691474201946,0.376712158964297,0.418487408956828,6,2,150,-0.907528047772204,1.34570467631622,12,7.7111581633167,0,16.88134,2702,0,0,6,"both",-0.907528047772204,1.34570467631622
"1711","session2",15.0611228132975,6.65282600563928,2.25188324838095,0.000526750462099284,0.532691474201946,0.376712158964297,0.418487408956828,6,2,150,-0.907528047772204,1.34570467631622,12,4.08965420370146,1,18.82183,2702,0,0,6,"both",-0.907528047772204,1.34570467631622
"1712","session2",15.0611228132975,6.65282600563928,2.25188324838095,0.000526750462099284,0.532691474201946,0.376712158964297,0.418487408956828,6,2,150,-0.907528047772204,1.34570467631622,12,2.53441915596821,1,17.18923,2702,0,0,6,"both",-0.907528047772204,1.34570467631622
"1713","session2",15.0611228132975,6.65282600563928,2.25188324838095,0.000526750462099284,0.532691474201946,0.376712158964297,0.418487408956828,6,2,150,-0.907528047772204,1.34570467631622,12,4.64154182659354,1,10.69334,2702,0,0,6,"both",-0.907528047772204,1.34570467631622
"1714","session2",15.0611228132975,6.65282600563928,2.25188324838095,0.000526750462099284,0.532691474201946,0.376712158964297,0.418487408956828,6,2,150,-0.907528047772204,1.34570467631622,12,2.77166788688427,0,16.17536,2702,0,0,6,"both",-0.907528047772204,1.34570467631622
"1715","session2",15.0611228132975,6.65282600563928,2.25188324838095,0.000526750462099284,0.532691474201946,0.376712158964297,0.418487408956828,6,2,150,-0.907528047772204,1.34570467631622,12,2.64411975226761,0,8.44244,2702,0,0,6,"both",-0.907528047772204,1.34570467631622
"1716","session2",15.0611228132975,6.65282600563928,2.25188324838095,0.000526750462099284,0.532691474201946,0.376712158964297,0.418487408956828,6,2,150,-0.907528047772204,1.34570467631622,12,2.09382888719492,0,8.43811,2702,0,0,6,"both",-0.907528047772204,1.34570467631622
"1717","session2",15.0611228132975,6.65282600563928,2.25188324838095,0.000526750462099284,0.532691474201946,0.376712158964297,0.418487408956828,6,2,150,-0.907528047772204,1.34570467631622,12,2.06151947206126,0,7.57661,2702,0,0,6,"both",-0.907528047772204,1.34570467631622
"1718","session2",15.0611228132975,6.65282600563928,2.25188324838095,0.000526750462099284,0.532691474201946,0.376712158964297,0.418487408956828,6,2,150,-0.907528047772204,1.34570467631622,12,2.83855082912129,0,7.55918,2702,0,0,6,"both",-0.907528047772204,1.34570467631622
"1719","session2",15.0611228132975,6.65282600563928,2.25188324838095,0.000526750462099284,0.532691474201946,0.376712158964297,0.418487408956828,6,2,150,-0.907528047772204,1.34570467631622,12,4.9166609441969,1,15.80854,2702,0,0,6,"both",-0.907528047772204,1.34570467631622
"1720","session2",15.0611228132975,6.65282600563928,2.25188324838095,0.000526750462099284,0.532691474201946,0.376712158964297,0.418487408956828,6,2,150,-0.907528047772204,1.34570467631622,12,1.96971091214866,1,17.26738,2702,0,0,6,"both",-0.907528047772204,1.34570467631622
"1721","session2",15.0611228132975,6.65282600563928,2.25188324838095,0.000526750462099284,0.532691474201946,0.376712158964297,0.418487408956828,6,2,150,-0.907528047772204,1.34570467631622,12,3.43226533336768,1,9.61757,2702,0,0,6,"both",-0.907528047772204,1.34570467631622
"1722","session2",15.0611228132975,6.65282600563928,2.25188324838095,0.000526750462099284,0.532691474201946,0.376712158964297,0.418487408956828,6,2,150,-0.907528047772204,1.34570467631622,12,2.10488197320158,1,8.00966,2702,0,0,6,"both",-0.907528047772204,1.34570467631622
"1723","session2",15.0611228132975,6.65282600563928,2.25188324838095,0.000526750462099284,0.532691474201946,0.376712158964297,0.418487408956828,6,2,150,-0.907528047772204,1.34570467631622,12,2.69383398449424,1,18.92236,2702,0,0,6,"both",-0.907528047772204,1.34570467631622
"1724","session2",15.0611228132975,6.65282600563928,2.25188324838095,0.000526750462099284,0.532691474201946,0.376712158964297,0.418487408956828,6,2,150,-0.907528047772204,1.34570467631622,12,3.31786476121627,1,10.31501,2702,0,0,6,"both",-0.907528047772204,1.34570467631622
"1725","session2",15.0611228132975,6.65282600563928,2.25188324838095,0.000526750462099284,0.532691474201946,0.376712158964297,0.418487408956828,6,2,150,-0.907528047772204,1.34570467631622,12,2.9408541994835,1,16.74258,2702,0,0,6,"both",-0.907528047772204,1.34570467631622
"1726","session2",15.0611228132975,6.65282600563928,2.25188324838095,0.000526750462099284,0.532691474201946,0.376712158964297,0.418487408956828,6,2,150,-0.907528047772204,1.34570467631622,12,5.53480316413503,1,17.57169,2702,0,0,6,"both",-0.907528047772204,1.34570467631622
"1727","session2",15.0611228132975,6.65282600563928,2.25188324838095,0.000526750462099284,0.532691474201946,0.376712158964297,0.418487408956828,6,2,150,-0.907528047772204,1.34570467631622,12,2.66465863328868,1,18.00323,2702,0,0,6,"both",-0.907528047772204,1.34570467631622
"1728","session2",15.0611228132975,6.65282600563928,2.25188324838095,0.000526750462099284,0.532691474201946,0.376712158964297,0.418487408956828,6,2,150,-0.907528047772204,1.34570467631622,12,2.12209247604287,0,7.13866,2702,0,0,6,"both",-0.907528047772204,1.34570467631622
"1729","session2",15.0611228132975,6.65282600563928,2.25188324838095,0.000526750462099284,0.532691474201946,0.376712158964297,0.418487408956828,6,2,150,-0.907528047772204,1.34570467631622,12,3.92481423505615,1,10.14931,2702,0,0,6,"both",-0.907528047772204,1.34570467631622
"1730","session2",15.0611228132975,6.65282600563928,2.25188324838095,0.000526750462099284,0.532691474201946,0.376712158964297,0.418487408956828,6,2,150,-0.907528047772204,1.34570467631622,12,4.53339471950217,0,8.63356,2702,0,0,6,"both",-0.907528047772204,1.34570467631622
"1731","session2",15.0611228132975,6.65282600563928,2.25188324838095,0.000526750462099284,0.532691474201946,0.376712158964297,0.418487408956828,6,2,150,-0.907528047772204,1.34570467631622,12,3.68132727147021,1,17.40989,2702,0,0,6,"both",-0.907528047772204,1.34570467631622
"1732","session2",15.0611228132975,6.65282600563928,2.25188324838095,0.000526750462099284,0.532691474201946,0.376712158964297,0.418487408956828,6,2,150,-0.907528047772204,1.34570467631622,12,2.3024484461067,0,1.7724,2702,0,0,6,"both",-0.907528047772204,1.34570467631622
"1733","session2",15.0611228132975,6.65282600563928,2.25188324838095,0.000526750462099284,0.532691474201946,0.376712158964297,0.418487408956828,6,2,150,-0.907528047772204,1.34570467631622,12,2.7973601915298,0,6.73234,2702,0,0,6,"both",-0.907528047772204,1.34570467631622
"1734","session2",15.0611228132975,6.65282600563928,2.25188324838095,0.000526750462099284,0.532691474201946,0.376712158964297,0.418487408956828,6,2,150,-0.907528047772204,1.34570467631622,12,2.73047644516618,1,18.19408,2702,0,0,6,"both",-0.907528047772204,1.34570467631622
"1735","session2",15.0611228132975,6.65282600563928,2.25188324838095,0.000526750462099284,0.532691474201946,0.376712158964297,0.418487408956828,6,2,150,-0.907528047772204,1.34570467631622,12,3.80946924911661,0,9.97019,2702,0,0,6,"both",-0.907528047772204,1.34570467631622
"1736","session2",15.0611228132975,6.65282600563928,2.25188324838095,0.000526750462099284,0.532691474201946,0.376712158964297,0.418487408956828,6,2,150,-0.907528047772204,1.34570467631622,12,1.79524304430661,1,19.04022,2702,0,0,6,"both",-0.907528047772204,1.34570467631622
"1737","session2",15.0611228132975,6.65282600563928,2.25188324838095,0.000526750462099284,0.532691474201946,0.376712158964297,0.418487408956828,6,2,150,-0.907528047772204,1.34570467631622,12,1.5917961412825,1,6.54078,2702,0,0,6,"both",-0.907528047772204,1.34570467631622
"1738","session2",15.0611228132975,6.65282600563928,2.25188324838095,0.000526750462099284,0.532691474201946,0.376712158964297,0.418487408956828,6,2,150,-0.907528047772204,1.34570467631622,12,3.70950369415975,1,17.05493,2702,0,0,6,"both",-0.907528047772204,1.34570467631622
"1739","session2",15.0611228132975,6.65282600563928,2.25188324838095,0.000526750462099284,0.532691474201946,0.376712158964297,0.418487408956828,6,2,150,-0.907528047772204,1.34570467631622,12,3.30239958762896,0,17.92237,2702,0,0,6,"both",-0.907528047772204,1.34570467631622
"1740","session2",15.0611228132975,6.65282600563928,2.25188324838095,0.000526750462099284,0.532691474201946,0.376712158964297,0.418487408956828,6,2,150,-0.907528047772204,1.34570467631622,12,2.65016488024368,1,5.47514,2702,0,0,6,"both",-0.907528047772204,1.34570467631622
"1741","session2",15.0611228132975,6.65282600563928,2.25188324838095,0.000526750462099284,0.532691474201946,0.376712158964297,0.418487408956828,6,2,150,-0.907528047772204,1.34570467631622,12,2.92426269959318,0,4.36937,2702,0,0,6,"both",-0.907528047772204,1.34570467631622
"1742","session2",15.0611228132975,6.65282600563928,2.25188324838095,0.000526750462099284,0.532691474201946,0.376712158964297,0.418487408956828,6,2,150,-0.907528047772204,1.34570467631622,12,3.94296711004953,0,7.25891,2702,0,0,6,"both",-0.907528047772204,1.34570467631622
"1743","session2",15.0611228132975,6.65282600563928,2.25188324838095,0.000526750462099284,0.532691474201946,0.376712158964297,0.418487408956828,6,2,150,-0.907528047772204,1.34570467631622,12,1.89621827025451,0,11.29636,2702,0,0,6,"both",-0.907528047772204,1.34570467631622
"1744","session2",15.0611228132975,6.65282600563928,2.25188324838095,0.000526750462099284,0.532691474201946,0.376712158964297,0.418487408956828,6,2,150,-0.907528047772204,1.34570467631622,12,2.18722062675485,0,6.25656,2702,0,0,6,"both",-0.907528047772204,1.34570467631622
"1745","session2",15.0611228132975,6.65282600563928,2.25188324838095,0.000526750462099284,0.532691474201946,0.376712158964297,0.418487408956828,6,2,150,-0.907528047772204,1.34570467631622,12,4.01396806637717,0,7.2353,2702,0,0,6,"both",-0.907528047772204,1.34570467631622
"1746","session2",15.0611228132975,6.65282600563928,2.25188324838095,0.000526750462099284,0.532691474201946,0.376712158964297,0.418487408956828,6,2,150,-0.907528047772204,1.34570467631622,12,3.56458376174835,0,15.84379,2702,0,0,6,"both",-0.907528047772204,1.34570467631622
"1747","session2",15.0611228132975,6.65282600563928,2.25188324838095,0.000526750462099284,0.532691474201946,0.376712158964297,0.418487408956828,6,2,150,-0.907528047772204,1.34570467631622,12,3.06196631591679,1,16.72239,2702,0,0,6,"both",-0.907528047772204,1.34570467631622
"1748","session2",15.0611228132975,6.65282600563928,2.25188324838095,0.000526750462099284,0.532691474201946,0.376712158964297,0.418487408956828,6,2,150,-0.907528047772204,1.34570467631622,12,2.48151406739166,0,18.28571,2702,0,0,6,"both",-0.907528047772204,1.34570467631622
"1749","session2",15.0611228132975,6.65282600563928,2.25188324838095,0.000526750462099284,0.532691474201946,0.376712158964297,0.418487408956828,6,2,150,-0.907528047772204,1.34570467631622,12,1.56083295726793,0,7.18984,2702,0,0,6,"both",-0.907528047772204,1.34570467631622
"1750","session2",15.0611228132975,6.65282600563928,2.25188324838095,0.000526750462099284,0.532691474201946,0.376712158964297,0.418487408956828,6,2,150,-0.907528047772204,1.34570467631622,12,4.94622620486048,1,18.70639,2702,0,0,6,"both",-0.907528047772204,1.34570467631622
"1751","session2",15.0611228132975,6.65282600563928,2.25188324838095,0.000526750462099284,0.532691474201946,0.376712158964297,0.418487408956828,6,2,150,-0.907528047772204,1.34570467631622,12,3.89528881986763,1,18.90722,2702,0,0,6,"both",-0.907528047772204,1.34570467631622
"1752","session2",15.0611228132975,6.65282600563928,2.25188324838095,0.000526750462099284,0.532691474201946,0.376712158964297,0.418487408956828,6,2,150,-0.907528047772204,1.34570467631622,12,6.93150638200746,1,18.56115,2702,0,0,6,"both",-0.907528047772204,1.34570467631622
"1753","session2",15.0611228132975,6.65282600563928,2.25188324838095,0.000526750462099284,0.532691474201946,0.376712158964297,0.418487408956828,6,2,150,-0.907528047772204,1.34570467631622,12,2.49293128179068,1,18.52373,2702,0,0,6,"both",-0.907528047772204,1.34570467631622
"1754","session2",15.0611228132975,6.65282600563928,2.25188324838095,0.000526750462099284,0.532691474201946,0.376712158964297,0.418487408956828,6,2,150,-0.907528047772204,1.34570467631622,12,1.74944714372943,0,18.95025,2702,0,0,6,"both",-0.907528047772204,1.34570467631622
"1755","session2",15.0611228132975,6.65282600563928,2.25188324838095,0.000526750462099284,0.532691474201946,0.376712158964297,0.418487408956828,6,2,150,-0.907528047772204,1.34570467631622,12,7.05628098254598,1,18.55518,2702,0,0,6,"both",-0.907528047772204,1.34570467631622
"1756","session2",15.0611228132975,6.65282600563928,2.25188324838095,0.000526750462099284,0.532691474201946,0.376712158964297,0.418487408956828,6,2,150,-0.907528047772204,1.34570467631622,12,1.63424125185509,0,8.72238,2702,0,0,6,"both",-0.907528047772204,1.34570467631622
"1757","session2",15.0611228132975,6.65282600563928,2.25188324838095,0.000526750462099284,0.532691474201946,0.376712158964297,0.418487408956828,6,2,150,-0.907528047772204,1.34570467631622,12,2.18698975611675,0,6.78043,2702,0,0,6,"both",-0.907528047772204,1.34570467631622
"1758","session2",15.0611228132975,6.65282600563928,2.25188324838095,0.000526750462099284,0.532691474201946,0.376712158964297,0.418487408956828,6,2,150,-0.907528047772204,1.34570467631622,12,2.46517582444236,0,9.77416,2702,0,0,6,"both",-0.907528047772204,1.34570467631622
"1759","session2",15.0611228132975,6.65282600563928,2.25188324838095,0.000526750462099284,0.532691474201946,0.376712158964297,0.418487408956828,6,2,150,-0.907528047772204,1.34570467631622,12,3.70192181415944,1,7.74992,2702,0,0,6,"both",-0.907528047772204,1.34570467631622
"1760","session2",15.0611228132975,6.65282600563928,2.25188324838095,0.000526750462099284,0.532691474201946,0.376712158964297,0.418487408956828,6,2,150,-0.907528047772204,1.34570467631622,12,5.52021654624395,0,4.509,2702,0,0,6,"both",-0.907528047772204,1.34570467631622
"1761","session2",15.0611228132975,6.65282600563928,2.25188324838095,0.000526750462099284,0.532691474201946,0.376712158964297,0.418487408956828,6,2,150,-0.907528047772204,1.34570467631622,12,3.66477594130069,0,16.66063,2702,0,0,6,"both",-0.907528047772204,1.34570467631622
"1762","session2",15.0611228132975,6.65282600563928,2.25188324838095,0.000526750462099284,0.532691474201946,0.376712158964297,0.418487408956828,6,2,150,-0.907528047772204,1.34570467631622,12,2.67521102652896,0,6.02041,2702,0,0,6,"both",-0.907528047772204,1.34570467631622
"1763","session2",15.0611228132975,6.65282600563928,2.25188324838095,0.000526750462099284,0.532691474201946,0.376712158964297,0.418487408956828,6,2,150,-0.907528047772204,1.34570467631622,12,1.71220049734051,0,4.95435,2702,0,0,6,"both",-0.907528047772204,1.34570467631622
"1764","session2",15.0611228132975,6.65282600563928,2.25188324838095,0.000526750462099284,0.532691474201946,0.376712158964297,0.418487408956828,6,2,150,-0.907528047772204,1.34570467631622,12,2.42663849399137,1,18.97854,2702,0,0,6,"both",-0.907528047772204,1.34570467631622
"1765","session2",15.0611228132975,6.65282600563928,2.25188324838095,0.000526750462099284,0.532691474201946,0.376712158964297,0.418487408956828,6,2,150,-0.907528047772204,1.34570467631622,12,4.14786737033407,1,16.50016,2702,0,0,6,"both",-0.907528047772204,1.34570467631622
"1766","session2",15.0611228132975,6.65282600563928,2.25188324838095,0.000526750462099284,0.532691474201946,0.376712158964297,0.418487408956828,6,2,150,-0.907528047772204,1.34570467631622,12,5.1688775533307,0,18.96942,2702,0,0,6,"both",-0.907528047772204,1.34570467631622
"1767","session2",15.0611228132975,6.65282600563928,2.25188324838095,0.000526750462099284,0.532691474201946,0.376712158964297,0.418487408956828,6,2,150,-0.907528047772204,1.34570467631622,12,4.71248697441584,1,17.96025,2702,0,0,6,"both",-0.907528047772204,1.34570467631622
"1768","session2",15.0611228132975,6.65282600563928,2.25188324838095,0.000526750462099284,0.532691474201946,0.376712158964297,0.418487408956828,6,2,150,-0.907528047772204,1.34570467631622,12,1.99421150912867,1,18.83174,2702,0,0,6,"both",-0.907528047772204,1.34570467631622
"1769","session2",15.0611228132975,6.65282600563928,2.25188324838095,0.000526750462099284,0.532691474201946,0.376712158964297,0.418487408956828,6,2,150,-0.907528047772204,1.34570467631622,12,2.7449851752872,0,7.37052,2702,0,0,6,"both",-0.907528047772204,1.34570467631622
"1770","session2",15.0611228132975,6.65282600563928,2.25188324838095,0.000526750462099284,0.532691474201946,0.376712158964297,0.418487408956828,6,2,150,-0.907528047772204,1.34570467631622,12,4.44153114527417,1,20.42381,2702,0,0,6,"both",-0.907528047772204,1.34570467631622
"1771","session2",15.0611228132975,6.65282600563928,2.25188324838095,0.000526750462099284,0.532691474201946,0.376712158964297,0.418487408956828,6,2,150,-0.907528047772204,1.34570467631622,12,1.43311570369672,0,5.24828,2702,0,0,6,"both",-0.907528047772204,1.34570467631622
"1772","session2",15.0611228132975,6.65282600563928,2.25188324838095,0.000526750462099284,0.532691474201946,0.376712158964297,0.418487408956828,6,2,150,-0.907528047772204,1.34570467631622,12,3.28511613838849,0,5.26371,2702,0,0,6,"both",-0.907528047772204,1.34570467631622
"1773","session2",15.0611228132975,6.65282600563928,2.25188324838095,0.000526750462099284,0.532691474201946,0.376712158964297,0.418487408956828,6,2,150,-0.907528047772204,1.34570467631622,12,3.14893017596915,0,4.19017,2702,0,0,6,"both",-0.907528047772204,1.34570467631622
"1774","session2",15.0611228132975,6.65282600563928,2.25188324838095,0.000526750462099284,0.532691474201946,0.376712158964297,0.418487408956828,6,2,150,-0.907528047772204,1.34570467631622,12,3.61329907227368,0,9.09961,2702,0,0,6,"both",-0.907528047772204,1.34570467631622
"1775","session2",15.0611228132975,6.65282600563928,2.25188324838095,0.000526750462099284,0.532691474201946,0.376712158964297,0.418487408956828,6,2,150,-0.907528047772204,1.34570467631622,12,1.85113622796706,0,7.38367,2702,0,0,6,"both",-0.907528047772204,1.34570467631622
"1776","session2",15.0611228132975,6.65282600563928,2.25188324838095,0.000526750462099284,0.532691474201946,0.376712158964297,0.418487408956828,6,2,150,-0.907528047772204,1.34570467631622,12,2.6208441125026,1,18.05934,2702,0,0,6,"both",-0.907528047772204,1.34570467631622
"1777","session2",15.0611228132975,6.65282600563928,2.25188324838095,0.000526750462099284,0.532691474201946,0.376712158964297,0.418487408956828,6,2,150,-0.907528047772204,1.34570467631622,12,4.31744575955364,0,19.14467,2702,0,0,6,"both",-0.907528047772204,1.34570467631622
"1778","session2",15.0611228132975,6.65282600563928,2.25188324838095,0.000526750462099284,0.532691474201946,0.376712158964297,0.418487408956828,6,2,150,-0.907528047772204,1.34570467631622,12,3.20828855612293,1,18.13019,2702,0,0,6,"both",-0.907528047772204,1.34570467631622
"1779","session2",15.0611228132975,6.65282600563928,2.25188324838095,0.000526750462099284,0.532691474201946,0.376712158964297,0.418487408956828,6,2,150,-0.907528047772204,1.34570467631622,12,3.45366437053467,1,8.23378,2702,0,0,6,"both",-0.907528047772204,1.34570467631622
"1780","session2",15.0611228132975,6.65282600563928,2.25188324838095,0.000526750462099284,0.532691474201946,0.376712158964297,0.418487408956828,6,2,150,-0.907528047772204,1.34570467631622,12,3.41339499911736,0,8.88182,2702,0,0,6,"both",-0.907528047772204,1.34570467631622
"1781","session2",15.0611228132975,6.65282600563928,2.25188324838095,0.000526750462099284,0.532691474201946,0.376712158964297,0.418487408956828,6,2,150,-0.907528047772204,1.34570467631622,12,2.34518852815422,0,7.94906,2702,0,0,6,"both",-0.907528047772204,1.34570467631622
"1782","session2",15.0611228132975,6.65282600563928,2.25188324838095,0.000526750462099284,0.532691474201946,0.376712158964297,0.418487408956828,6,2,150,-0.907528047772204,1.34570467631622,12,1.76207816602028,0,8.00785,2702,0,0,6,"both",-0.907528047772204,1.34570467631622
"1783","session2",15.0611228132975,6.65282600563928,2.25188324838095,0.000526750462099284,0.532691474201946,0.376712158964297,0.418487408956828,6,2,150,-0.907528047772204,1.34570467631622,12,1.91951333683112,0,7.5134,2702,0,0,6,"both",-0.907528047772204,1.34570467631622
"1784","session2",15.0611228132975,6.65282600563928,2.25188324838095,0.000526750462099284,0.532691474201946,0.376712158964297,0.418487408956828,6,2,150,-0.907528047772204,1.34570467631622,12,3.69791494705743,0,4.65121,2702,0,0,6,"both",-0.907528047772204,1.34570467631622
"1785","session2",15.0611228132975,6.65282600563928,2.25188324838095,0.000526750462099284,0.532691474201946,0.376712158964297,0.418487408956828,6,2,150,-0.907528047772204,1.34570467631622,12,2.44506200835084,1,20.07607,2702,0,0,6,"both",-0.907528047772204,1.34570467631622
"1786","session2",15.0611228132975,6.65282600563928,2.25188324838095,0.000526750462099284,0.532691474201946,0.376712158964297,0.418487408956828,6,2,150,-0.907528047772204,1.34570467631622,12,1.72208781261617,0,18.33647,2702,0,0,6,"both",-0.907528047772204,1.34570467631622
"1787","session2",15.0611228132975,6.65282600563928,2.25188324838095,0.000526750462099284,0.532691474201946,0.376712158964297,0.418487408956828,6,2,150,-0.907528047772204,1.34570467631622,12,2.33540571719782,0,16.39695,2702,0,0,6,"both",-0.907528047772204,1.34570467631622
"1788","session2",15.0611228132975,6.65282600563928,2.25188324838095,0.000526750462099284,0.532691474201946,0.376712158964297,0.418487408956828,6,2,150,-0.907528047772204,1.34570467631622,12,2.38354471613047,1,7.16886,2702,0,0,6,"both",-0.907528047772204,1.34570467631622
"1789","session2",15.0611228132975,6.65282600563928,2.25188324838095,0.000526750462099284,0.532691474201946,0.376712158964297,0.418487408956828,6,2,150,-0.907528047772204,1.34570467631622,12,2.84993291070101,1,19.09939,2702,0,0,6,"both",-0.907528047772204,1.34570467631622
"1790","session2",15.0611228132975,6.65282600563928,2.25188324838095,0.000526750462099284,0.532691474201946,0.376712158964297,0.418487408956828,6,2,150,-0.907528047772204,1.34570467631622,12,1.78558723905831,0,4.8757,2702,0,0,6,"both",-0.907528047772204,1.34570467631622
"1791","session2",15.0611228132975,6.65282600563928,2.25188324838095,0.000526750462099284,0.532691474201946,0.376712158964297,0.418487408956828,6,2,150,-0.907528047772204,1.34570467631622,12,3.52542987001114,0,5.82203,2702,0,0,6,"both",-0.907528047772204,1.34570467631622
"1792","session2",15.0611228132975,6.65282600563928,2.25188324838095,0.000526750462099284,0.532691474201946,0.376712158964297,0.418487408956828,6,2,150,-0.907528047772204,1.34570467631622,12,1.48752945945735,0,7.50877,2702,0,0,6,"both",-0.907528047772204,1.34570467631622
"1793","session2",15.0611228132975,6.65282600563928,2.25188324838095,0.000526750462099284,0.532691474201946,0.376712158964297,0.418487408956828,6,2,150,-0.907528047772204,1.34570467631622,12,3.13389479450569,1,8.06146,2702,0,0,6,"both",-0.907528047772204,1.34570467631622
"1794","session2",15.0611228132975,6.65282600563928,2.25188324838095,0.000526750462099284,0.532691474201946,0.376712158964297,0.418487408956828,6,2,150,-0.907528047772204,1.34570467631622,12,2.12973598237257,0,7.42555,2702,0,0,6,"both",-0.907528047772204,1.34570467631622
"1795","session2",15.0611228132975,6.65282600563928,2.25188324838095,0.000526750462099284,0.532691474201946,0.376712158964297,0.418487408956828,6,2,150,-0.907528047772204,1.34570467631622,12,4.05948061383932,1,18.24251,2702,0,0,6,"both",-0.907528047772204,1.34570467631622
"1796","session2",15.0611228132975,6.65282600563928,2.25188324838095,0.000526750462099284,0.532691474201946,0.376712158964297,0.418487408956828,6,2,150,-0.907528047772204,1.34570467631622,12,3.0215845811098,0,18.01584,2702,0,0,6,"both",-0.907528047772204,1.34570467631622
"1797","session2",15.0611228132975,6.65282600563928,2.25188324838095,0.000526750462099284,0.532691474201946,0.376712158964297,0.418487408956828,6,2,150,-0.907528047772204,1.34570467631622,12,3.76230711488768,0,20.78052,2702,0,0,6,"both",-0.907528047772204,1.34570467631622
"1798","session2",15.0611228132975,6.65282600563928,2.25188324838095,0.000526750462099284,0.532691474201946,0.376712158964297,0.418487408956828,6,2,150,-0.907528047772204,1.34570467631622,12,2.28705388468028,1,7.11244,2702,0,0,6,"both",-0.907528047772204,1.34570467631622
"1799","session2",15.0611228132975,6.65282600563928,2.25188324838095,0.000526750462099284,0.532691474201946,0.376712158964297,0.418487408956828,6,2,150,-0.907528047772204,1.34570467631622,12,3.29010597285829,0,21.97836,2702,0,0,6,"both",-0.907528047772204,1.34570467631622
"1800","session2",15.0611228132975,6.65282600563928,2.25188324838095,0.000526750462099284,0.532691474201946,0.376712158964297,0.418487408956828,6,2,150,-0.907528047772204,1.34570467631622,12,2.33167565838626,0,4.15712,2702,0,0,6,"both",-0.907528047772204,1.34570467631622
