"","session","alpha","beta","betart","lapse","intercept","sigma","ndt","participant_id","sessions","trials","alpha_obs_power","beta_obs_power","n","rts","resp","X","iter","real_effectsize_alpha","real_effectsize_beta","subjects","parameter","observed_effectsize_alpha","observed_effectsize_beta"
"1","session1",2.36790520670934,29.1543232369435,4.29051878346877,0.00296920944742756,0.616867745581143,0.37683155691067,0.107303472402033,1,1,150,0.441315540583741,-0.0344845419177708,1,5.56890926766792,1,-9.0721430174,2771,0.2,0,15,"both",0.441315540583741,-0.0344845419177708
"2","session1",2.36790520670934,29.1543232369435,4.29051878346877,0.00296920944742756,0.616867745581143,0.37683155691067,0.107303472402033,1,1,150,0.441315540583741,-0.0344845419177708,1,7.9088308855363,0,-12.055411863,2771,0.2,0,15,"both",0.441315540583741,-0.0344845419177708
"3","session1",2.36790520670934,29.1543232369435,4.29051878346877,0.00296920944742756,0.616867745581143,0.37683155691067,0.107303472402033,1,1,150,0.441315540583741,-0.0344845419177708,1,4.0730538545412,0,-2.3195337559,2771,0.2,0,15,"both",0.441315540583741,-0.0344845419177708
"4","session1",2.36790520670934,29.1543232369435,4.29051878346877,0.00296920944742756,0.616867745581143,0.37683155691067,0.107303472402033,1,1,150,0.441315540583741,-0.0344845419177708,1,8,1,1.94597292018,2771,0.2,0,15,"both",0.441315540583741,-0.0344845419177708
"5","session1",2.36790520670934,29.1543232369435,4.29051878346877,0.00296920944742756,0.616867745581143,0.37683155691067,0.107303472402033,1,1,150,0.441315540583741,-0.0344845419177708,1,5.43990390753939,1,-4.93306,2771,0.2,0,15,"both",0.441315540583741,-0.0344845419177708
"6","session1",2.36790520670934,29.1543232369435,4.29051878346877,0.00296920944742756,0.616867745581143,0.37683155691067,0.107303472402033,1,1,150,0.441315540583741,-0.0344845419177708,1,2.97744606485451,0,-23.4993,2771,0.2,0,15,"both",0.441315540583741,-0.0344845419177708
"7","session1",2.36790520670934,29.1543232369435,4.29051878346877,0.00296920944742756,0.616867745581143,0.37683155691067,0.107303472402033,1,1,150,0.441315540583741,-0.0344845419177708,1,3.5604127598394,0,-11.71307,2771,0.2,0,15,"both",0.441315540583741,-0.0344845419177708
"8","session1",2.36790520670934,29.1543232369435,4.29051878346877,0.00296920944742756,0.616867745581143,0.37683155691067,0.107303472402033,1,1,150,0.441315540583741,-0.0344845419177708,1,2.74576139579369,1,47.1876,2771,0.2,0,15,"both",0.441315540583741,-0.0344845419177708
"9","session1",2.36790520670934,29.1543232369435,4.29051878346877,0.00296920944742756,0.616867745581143,0.37683155691067,0.107303472402033,1,1,150,0.441315540583741,-0.0344845419177708,1,3.10278920628443,0,-0.70537,2771,0.2,0,15,"both",0.441315540583741,-0.0344845419177708
"10","session1",2.36790520670934,29.1543232369435,4.29051878346877,0.00296920944742756,0.616867745581143,0.37683155691067,0.107303472402033,1,1,150,0.441315540583741,-0.0344845419177708,1,7.91420545293553,0,6.24289,2771,0.2,0,15,"both",0.441315540583741,-0.0344845419177708
"11","session1",2.36790520670934,29.1543232369435,4.29051878346877,0.00296920944742756,0.616867745581143,0.37683155691067,0.107303472402033,1,1,150,0.441315540583741,-0.0344845419177708,1,8,0,-13.1647,2771,0.2,0,15,"both",0.441315540583741,-0.0344845419177708
"12","session1",2.36790520670934,29.1543232369435,4.29051878346877,0.00296920944742756,0.616867745581143,0.37683155691067,0.107303472402033,1,1,150,0.441315540583741,-0.0344845419177708,1,6.51492172841104,0,12.35265,2771,0.2,0,15,"both",0.441315540583741,-0.0344845419177708
"13","session1",2.36790520670934,29.1543232369435,4.29051878346877,0.00296920944742756,0.616867745581143,0.37683155691067,0.107303472402033,1,1,150,0.441315540583741,-0.0344845419177708,1,7.39838068236688,1,13.50578,2771,0.2,0,15,"both",0.441315540583741,-0.0344845419177708
"14","session1",2.36790520670934,29.1543232369435,4.29051878346877,0.00296920944742756,0.616867745581143,0.37683155691067,0.107303472402033,1,1,150,0.441315540583741,-0.0344845419177708,1,3.11967600662195,1,1.9234,2771,0.2,0,15,"both",0.441315540583741,-0.0344845419177708
"15","session1",2.36790520670934,29.1543232369435,4.29051878346877,0.00296920944742756,0.616867745581143,0.37683155691067,0.107303472402033,1,1,150,0.441315540583741,-0.0344845419177708,1,3.04900338773058,0,-33.1998,2771,0.2,0,15,"both",0.441315540583741,-0.0344845419177708
"16","session1",2.36790520670934,29.1543232369435,4.29051878346877,0.00296920944742756,0.616867745581143,0.37683155691067,0.107303472402033,1,1,150,0.441315540583741,-0.0344845419177708,1,2.78570413312575,1,6.55608,2771,0.2,0,15,"both",0.441315540583741,-0.0344845419177708
"17","session1",2.36790520670934,29.1543232369435,4.29051878346877,0.00296920944742756,0.616867745581143,0.37683155691067,0.107303472402033,1,1,150,0.441315540583741,-0.0344845419177708,1,3.6564249705924,1,3.50454312314,2771,0.2,0,15,"both",0.441315540583741,-0.0344845419177708
"18","session1",2.36790520670934,29.1543232369435,4.29051878346877,0.00296920944742756,0.616867745581143,0.37683155691067,0.107303472402033,1,1,150,0.441315540583741,-0.0344845419177708,1,3.11794067587692,0,-28.02164,2771,0.2,0,15,"both",0.441315540583741,-0.0344845419177708
"19","session1",2.36790520670934,29.1543232369435,4.29051878346877,0.00296920944742756,0.616867745581143,0.37683155691067,0.107303472402033,1,1,150,0.441315540583741,-0.0344845419177708,1,3.83500633068683,0,-12.19764,2771,0.2,0,15,"both",0.441315540583741,-0.0344845419177708
"20","session1",2.36790520670934,29.1543232369435,4.29051878346877,0.00296920944742756,0.616867745581143,0.37683155691067,0.107303472402033,1,1,150,0.441315540583741,-0.0344845419177708,1,6.24797551710999,1,2.54974447127,2771,0.2,0,15,"both",0.441315540583741,-0.0344845419177708
"21","session1",2.36790520670934,29.1543232369435,4.29051878346877,0.00296920944742756,0.616867745581143,0.37683155691067,0.107303472402033,1,1,150,0.441315540583741,-0.0344845419177708,1,2.86232680834763,0,-4.15251,2771,0.2,0,15,"both",0.441315540583741,-0.0344845419177708
"22","session1",2.36790520670934,29.1543232369435,4.29051878346877,0.00296920944742756,0.616867745581143,0.37683155691067,0.107303472402033,1,1,150,0.441315540583741,-0.0344845419177708,1,2.03587741226494,0,-32.7121,2771,0.2,0,15,"both",0.441315540583741,-0.0344845419177708
"23","session1",2.36790520670934,29.1543232369435,4.29051878346877,0.00296920944742756,0.616867745581143,0.37683155691067,0.107303472402033,1,1,150,0.441315540583741,-0.0344845419177708,1,3.16004046900388,1,1.4672,2771,0.2,0,15,"both",0.441315540583741,-0.0344845419177708
"24","session1",2.36790520670934,29.1543232369435,4.29051878346877,0.00296920944742756,0.616867745581143,0.37683155691067,0.107303472402033,1,1,150,0.441315540583741,-0.0344845419177708,1,5.83883782786859,1,26.6711,2771,0.2,0,15,"both",0.441315540583741,-0.0344845419177708
"25","session1",2.36790520670934,29.1543232369435,4.29051878346877,0.00296920944742756,0.616867745581143,0.37683155691067,0.107303472402033,1,1,150,0.441315540583741,-0.0344845419177708,1,4.26428930730971,1,14.17955,2771,0.2,0,15,"both",0.441315540583741,-0.0344845419177708
"26","session1",2.36790520670934,29.1543232369435,4.29051878346877,0.00296920944742756,0.616867745581143,0.37683155691067,0.107303472402033,1,1,150,0.441315540583741,-0.0344845419177708,1,2.39344527793639,0,-33.60899,2771,0.2,0,15,"both",0.441315540583741,-0.0344845419177708
"27","session1",2.36790520670934,29.1543232369435,4.29051878346877,0.00296920944742756,0.616867745581143,0.37683155691067,0.107303472402033,1,1,150,0.441315540583741,-0.0344845419177708,1,7.05029559242086,1,-8.128676,2771,0.2,0,15,"both",0.441315540583741,-0.0344845419177708
"28","session1",2.36790520670934,29.1543232369435,4.29051878346877,0.00296920944742756,0.616867745581143,0.37683155691067,0.107303472402033,1,1,150,0.441315540583741,-0.0344845419177708,1,4.05068782248314,0,12.66026,2771,0.2,0,15,"both",0.441315540583741,-0.0344845419177708
"29","session1",2.36790520670934,29.1543232369435,4.29051878346877,0.00296920944742756,0.616867745581143,0.37683155691067,0.107303472402033,1,1,150,0.441315540583741,-0.0344845419177708,1,4.23934694037037,0,-7.531865,2771,0.2,0,15,"both",0.441315540583741,-0.0344845419177708
"30","session1",2.36790520670934,29.1543232369435,4.29051878346877,0.00296920944742756,0.616867745581143,0.37683155691067,0.107303472402033,1,1,150,0.441315540583741,-0.0344845419177708,1,2.43713989575868,0,20.973174,2771,0.2,0,15,"both",0.441315540583741,-0.0344845419177708
"31","session1",2.36790520670934,29.1543232369435,4.29051878346877,0.00296920944742756,0.616867745581143,0.37683155691067,0.107303472402033,1,1,150,0.441315540583741,-0.0344845419177708,1,1.33461682011559,0,-13.0998,2771,0.2,0,15,"both",0.441315540583741,-0.0344845419177708
"32","session1",2.36790520670934,29.1543232369435,4.29051878346877,0.00296920944742756,0.616867745581143,0.37683155691067,0.107303472402033,1,1,150,0.441315540583741,-0.0344845419177708,1,7.23739443397777,0,-20.18581,2771,0.2,0,15,"both",0.441315540583741,-0.0344845419177708
"33","session1",2.36790520670934,29.1543232369435,4.29051878346877,0.00296920944742756,0.616867745581143,0.37683155691067,0.107303472402033,1,1,150,0.441315540583741,-0.0344845419177708,1,5.40254101388614,0,-21.98876,2771,0.2,0,15,"both",0.441315540583741,-0.0344845419177708
"34","session1",2.36790520670934,29.1543232369435,4.29051878346877,0.00296920944742756,0.616867745581143,0.37683155691067,0.107303472402033,1,1,150,0.441315540583741,-0.0344845419177708,1,6.68446149239715,1,12.3016,2771,0.2,0,15,"both",0.441315540583741,-0.0344845419177708
"35","session1",2.36790520670934,29.1543232369435,4.29051878346877,0.00296920944742756,0.616867745581143,0.37683155691067,0.107303472402033,1,1,150,0.441315540583741,-0.0344845419177708,1,8,0,9.96968,2771,0.2,0,15,"both",0.441315540583741,-0.0344845419177708
"36","session1",2.36790520670934,29.1543232369435,4.29051878346877,0.00296920944742756,0.616867745581143,0.37683155691067,0.107303472402033,1,1,150,0.441315540583741,-0.0344845419177708,1,8,0,-12.37657,2771,0.2,0,15,"both",0.441315540583741,-0.0344845419177708
"37","session1",2.36790520670934,29.1543232369435,4.29051878346877,0.00296920944742756,0.616867745581143,0.37683155691067,0.107303472402033,1,1,150,0.441315540583741,-0.0344845419177708,1,1.7778195946918,1,42.2227,2771,0.2,0,15,"both",0.441315540583741,-0.0344845419177708
"38","session1",2.36790520670934,29.1543232369435,4.29051878346877,0.00296920944742756,0.616867745581143,0.37683155691067,0.107303472402033,1,1,150,0.441315540583741,-0.0344845419177708,1,7.11747604208398,0,-3.6804,2771,0.2,0,15,"both",0.441315540583741,-0.0344845419177708
"39","session1",2.36790520670934,29.1543232369435,4.29051878346877,0.00296920944742756,0.616867745581143,0.37683155691067,0.107303472402033,1,1,150,0.441315540583741,-0.0344845419177708,1,3.00190067952089,1,25.52806,2771,0.2,0,15,"both",0.441315540583741,-0.0344845419177708
"40","session1",2.36790520670934,29.1543232369435,4.29051878346877,0.00296920944742756,0.616867745581143,0.37683155691067,0.107303472402033,1,1,150,0.441315540583741,-0.0344845419177708,1,3.76752346709749,1,7.2476,2771,0.2,0,15,"both",0.441315540583741,-0.0344845419177708
"41","session1",2.36790520670934,29.1543232369435,4.29051878346877,0.00296920944742756,0.616867745581143,0.37683155691067,0.107303472402033,1,1,150,0.441315540583741,-0.0344845419177708,1,4.03374898921051,0,3.16186390751,2771,0.2,0,15,"both",0.441315540583741,-0.0344845419177708
"42","session1",2.36790520670934,29.1543232369435,4.29051878346877,0.00296920944742756,0.616867745581143,0.37683155691067,0.107303472402033,1,1,150,0.441315540583741,-0.0344845419177708,1,4.04215901683615,0,-33.35602,2771,0.2,0,15,"both",0.441315540583741,-0.0344845419177708
"43","session1",2.36790520670934,29.1543232369435,4.29051878346877,0.00296920944742756,0.616867745581143,0.37683155691067,0.107303472402033,1,1,150,0.441315540583741,-0.0344845419177708,1,6.00382369949374,0,12.60601,2771,0.2,0,15,"both",0.441315540583741,-0.0344845419177708
"44","session1",2.36790520670934,29.1543232369435,4.29051878346877,0.00296920944742756,0.616867745581143,0.37683155691067,0.107303472402033,1,1,150,0.441315540583741,-0.0344845419177708,1,3.57677590890989,1,11.713978,2771,0.2,0,15,"both",0.441315540583741,-0.0344845419177708
"45","session1",2.36790520670934,29.1543232369435,4.29051878346877,0.00296920944742756,0.616867745581143,0.37683155691067,0.107303472402033,1,1,150,0.441315540583741,-0.0344845419177708,1,3.53647140598317,0,-16.67679,2771,0.2,0,15,"both",0.441315540583741,-0.0344845419177708
"46","session1",2.36790520670934,29.1543232369435,4.29051878346877,0.00296920944742756,0.616867745581143,0.37683155691067,0.107303472402033,1,1,150,0.441315540583741,-0.0344845419177708,1,4.43457557792792,0,-10.54307,2771,0.2,0,15,"both",0.441315540583741,-0.0344845419177708
"47","session1",2.36790520670934,29.1543232369435,4.29051878346877,0.00296920944742756,0.616867745581143,0.37683155691067,0.107303472402033,1,1,150,0.441315540583741,-0.0344845419177708,1,3.89993506513486,0,23.22674,2771,0.2,0,15,"both",0.441315540583741,-0.0344845419177708
"48","session1",2.36790520670934,29.1543232369435,4.29051878346877,0.00296920944742756,0.616867745581143,0.37683155691067,0.107303472402033,1,1,150,0.441315540583741,-0.0344845419177708,1,4.74273345584348,0,-0.454700000000001,2771,0.2,0,15,"both",0.441315540583741,-0.0344845419177708
"49","session1",2.36790520670934,29.1543232369435,4.29051878346877,0.00296920944742756,0.616867745581143,0.37683155691067,0.107303472402033,1,1,150,0.441315540583741,-0.0344845419177708,1,3.09712771870262,1,36.87378,2771,0.2,0,15,"both",0.441315540583741,-0.0344845419177708
"50","session1",2.36790520670934,29.1543232369435,4.29051878346877,0.00296920944742756,0.616867745581143,0.37683155691067,0.107303472402033,1,1,150,0.441315540583741,-0.0344845419177708,1,3.59342107518032,0,44.213,2771,0.2,0,15,"both",0.441315540583741,-0.0344845419177708
"51","session1",2.36790520670934,29.1543232369435,4.29051878346877,0.00296920944742756,0.616867745581143,0.37683155691067,0.107303472402033,1,1,150,0.441315540583741,-0.0344845419177708,1,3.91550379329618,1,39.5966,2771,0.2,0,15,"both",0.441315540583741,-0.0344845419177708
"52","session1",2.36790520670934,29.1543232369435,4.29051878346877,0.00296920944742756,0.616867745581143,0.37683155691067,0.107303472402033,1,1,150,0.441315540583741,-0.0344845419177708,1,4.79279141517502,1,21.08558,2771,0.2,0,15,"both",0.441315540583741,-0.0344845419177708
"53","session1",2.36790520670934,29.1543232369435,4.29051878346877,0.00296920944742756,0.616867745581143,0.37683155691067,0.107303472402033,1,1,150,0.441315540583741,-0.0344845419177708,1,5.16604310666089,0,21.38206,2771,0.2,0,15,"both",0.441315540583741,-0.0344845419177708
"54","session1",2.36790520670934,29.1543232369435,4.29051878346877,0.00296920944742756,0.616867745581143,0.37683155691067,0.107303472402033,1,1,150,0.441315540583741,-0.0344845419177708,1,2.06974641143574,1,46.84008,2771,0.2,0,15,"both",0.441315540583741,-0.0344845419177708
"55","session1",2.36790520670934,29.1543232369435,4.29051878346877,0.00296920944742756,0.616867745581143,0.37683155691067,0.107303472402033,1,1,150,0.441315540583741,-0.0344845419177708,1,8,0,9.34242423299,2771,0.2,0,15,"both",0.441315540583741,-0.0344845419177708
"56","session1",2.36790520670934,29.1543232369435,4.29051878346877,0.00296920944742756,0.616867745581143,0.37683155691067,0.107303472402033,1,1,150,0.441315540583741,-0.0344845419177708,1,4.00834395109404,1,-1.0075,2771,0.2,0,15,"both",0.441315540583741,-0.0344845419177708
"57","session1",2.36790520670934,29.1543232369435,4.29051878346877,0.00296920944742756,0.616867745581143,0.37683155691067,0.107303472402033,1,1,150,0.441315540583741,-0.0344845419177708,1,2.99197694941502,0,27.61407,2771,0.2,0,15,"both",0.441315540583741,-0.0344845419177708
"58","session1",2.36790520670934,29.1543232369435,4.29051878346877,0.00296920944742756,0.616867745581143,0.37683155691067,0.107303472402033,1,1,150,0.441315540583741,-0.0344845419177708,1,1.75154637890348,0,-49.59293,2771,0.2,0,15,"both",0.441315540583741,-0.0344845419177708
"59","session1",2.36790520670934,29.1543232369435,4.29051878346877,0.00296920944742756,0.616867745581143,0.37683155691067,0.107303472402033,1,1,150,0.441315540583741,-0.0344845419177708,1,3.65989392868816,1,27.20321,2771,0.2,0,15,"both",0.441315540583741,-0.0344845419177708
"60","session1",2.36790520670934,29.1543232369435,4.29051878346877,0.00296920944742756,0.616867745581143,0.37683155691067,0.107303472402033,1,1,150,0.441315540583741,-0.0344845419177708,1,7.53439544729746,1,-6.49107,2771,0.2,0,15,"both",0.441315540583741,-0.0344845419177708
"61","session1",2.36790520670934,29.1543232369435,4.29051878346877,0.00296920944742756,0.616867745581143,0.37683155691067,0.107303472402033,1,1,150,0.441315540583741,-0.0344845419177708,1,3.4918998523125,0,36.65991,2771,0.2,0,15,"both",0.441315540583741,-0.0344845419177708
"62","session1",2.36790520670934,29.1543232369435,4.29051878346877,0.00296920944742756,0.616867745581143,0.37683155691067,0.107303472402033,1,1,150,0.441315540583741,-0.0344845419177708,1,7.36343610083748,1,-7.1347,2771,0.2,0,15,"both",0.441315540583741,-0.0344845419177708
"63","session1",2.36790520670934,29.1543232369435,4.29051878346877,0.00296920944742756,0.616867745581143,0.37683155691067,0.107303472402033,1,1,150,0.441315540583741,-0.0344845419177708,1,5.13025976565782,0,-10.0509,2771,0.2,0,15,"both",0.441315540583741,-0.0344845419177708
"64","session1",2.36790520670934,29.1543232369435,4.29051878346877,0.00296920944742756,0.616867745581143,0.37683155691067,0.107303472402033,1,1,150,0.441315540583741,-0.0344845419177708,1,4.37474513758712,0,10.355043358,2771,0.2,0,15,"both",0.441315540583741,-0.0344845419177708
"65","session1",2.36790520670934,29.1543232369435,4.29051878346877,0.00296920944742756,0.616867745581143,0.37683155691067,0.107303472402033,1,1,150,0.441315540583741,-0.0344845419177708,1,3.43577717174355,1,48.64783,2771,0.2,0,15,"both",0.441315540583741,-0.0344845419177708
"66","session1",2.36790520670934,29.1543232369435,4.29051878346877,0.00296920944742756,0.616867745581143,0.37683155691067,0.107303472402033,1,1,150,0.441315540583741,-0.0344845419177708,1,5.65358817464538,1,13.364,2771,0.2,0,15,"both",0.441315540583741,-0.0344845419177708
"67","session1",2.36790520670934,29.1543232369435,4.29051878346877,0.00296920944742756,0.616867745581143,0.37683155691067,0.107303472402033,1,1,150,0.441315540583741,-0.0344845419177708,1,8,0,11.0492350721,2771,0.2,0,15,"both",0.441315540583741,-0.0344845419177708
"68","session1",2.36790520670934,29.1543232369435,4.29051878346877,0.00296920944742756,0.616867745581143,0.37683155691067,0.107303472402033,1,1,150,0.441315540583741,-0.0344845419177708,1,1.77050143152783,1,32.86863,2771,0.2,0,15,"both",0.441315540583741,-0.0344845419177708
"69","session1",2.36790520670934,29.1543232369435,4.29051878346877,0.00296920944742756,0.616867745581143,0.37683155691067,0.107303472402033,1,1,150,0.441315540583741,-0.0344845419177708,1,2.22471949057713,1,46.7588,2771,0.2,0,15,"both",0.441315540583741,-0.0344845419177708
"70","session1",2.36790520670934,29.1543232369435,4.29051878346877,0.00296920944742756,0.616867745581143,0.37683155691067,0.107303472402033,1,1,150,0.441315540583741,-0.0344845419177708,1,2.88101686770603,0,-27.15624,2771,0.2,0,15,"both",0.441315540583741,-0.0344845419177708
"71","session1",2.36790520670934,29.1543232369435,4.29051878346877,0.00296920944742756,0.616867745581143,0.37683155691067,0.107303472402033,1,1,150,0.441315540583741,-0.0344845419177708,1,2.87288104365607,0,-36.60106,2771,0.2,0,15,"both",0.441315540583741,-0.0344845419177708
"72","session1",2.36790520670934,29.1543232369435,4.29051878346877,0.00296920944742756,0.616867745581143,0.37683155691067,0.107303472402033,1,1,150,0.441315540583741,-0.0344845419177708,1,2.63965111186825,1,40.049,2771,0.2,0,15,"both",0.441315540583741,-0.0344845419177708
"73","session1",2.36790520670934,29.1543232369435,4.29051878346877,0.00296920944742756,0.616867745581143,0.37683155691067,0.107303472402033,1,1,150,0.441315540583741,-0.0344845419177708,1,3.56712348750477,0,28.60727,2771,0.2,0,15,"both",0.441315540583741,-0.0344845419177708
"74","session1",2.36790520670934,29.1543232369435,4.29051878346877,0.00296920944742756,0.616867745581143,0.37683155691067,0.107303472402033,1,1,150,0.441315540583741,-0.0344845419177708,1,5.93964203983964,0,-13.27269,2771,0.2,0,15,"both",0.441315540583741,-0.0344845419177708
"75","session1",2.36790520670934,29.1543232369435,4.29051878346877,0.00296920944742756,0.616867745581143,0.37683155691067,0.107303472402033,1,1,150,0.441315540583741,-0.0344845419177708,1,1.32627854871787,1,47.9255,2771,0.2,0,15,"both",0.441315540583741,-0.0344845419177708
"76","session1",2.36790520670934,29.1543232369435,4.29051878346877,0.00296920944742756,0.616867745581143,0.37683155691067,0.107303472402033,1,1,150,0.441315540583741,-0.0344845419177708,1,1.62335001674271,0,-31.0986,2771,0.2,0,15,"both",0.441315540583741,-0.0344845419177708
"77","session1",2.36790520670934,29.1543232369435,4.29051878346877,0.00296920944742756,0.616867745581143,0.37683155691067,0.107303472402033,1,1,150,0.441315540583741,-0.0344845419177708,1,4.24477774075911,1,11.8317761323,2771,0.2,0,15,"both",0.441315540583741,-0.0344845419177708
"78","session1",2.36790520670934,29.1543232369435,4.29051878346877,0.00296920944742756,0.616867745581143,0.37683155691067,0.107303472402033,1,1,150,0.441315540583741,-0.0344845419177708,1,2.62046590967499,1,37.56087,2771,0.2,0,15,"both",0.441315540583741,-0.0344845419177708
"79","session1",2.36790520670934,29.1543232369435,4.29051878346877,0.00296920944742756,0.616867745581143,0.37683155691067,0.107303472402033,1,1,150,0.441315540583741,-0.0344845419177708,1,3.93681406718891,1,10.5578516064,2771,0.2,0,15,"both",0.441315540583741,-0.0344845419177708
"80","session1",2.36790520670934,29.1543232369435,4.29051878346877,0.00296920944742756,0.616867745581143,0.37683155691067,0.107303472402033,1,1,150,0.441315540583741,-0.0344845419177708,1,3.00069068464455,0,-37.8325,2771,0.2,0,15,"both",0.441315540583741,-0.0344845419177708
"81","session1",2.36790520670934,29.1543232369435,4.29051878346877,0.00296920944742756,0.616867745581143,0.37683155691067,0.107303472402033,1,1,150,0.441315540583741,-0.0344845419177708,1,2.31530285198356,1,47.18028,2771,0.2,0,15,"both",0.441315540583741,-0.0344845419177708
"82","session1",2.36790520670934,29.1543232369435,4.29051878346877,0.00296920944742756,0.616867745581143,0.37683155691067,0.107303472402033,1,1,150,0.441315540583741,-0.0344845419177708,1,3.84311186414407,0,-4.225,2771,0.2,0,15,"both",0.441315540583741,-0.0344845419177708
"83","session1",2.36790520670934,29.1543232369435,4.29051878346877,0.00296920944742756,0.616867745581143,0.37683155691067,0.107303472402033,1,1,150,0.441315540583741,-0.0344845419177708,1,3.14679249777483,0,-32.2696,2771,0.2,0,15,"both",0.441315540583741,-0.0344845419177708
"84","session1",2.36790520670934,29.1543232369435,4.29051878346877,0.00296920944742756,0.616867745581143,0.37683155691067,0.107303472402033,1,1,150,0.441315540583741,-0.0344845419177708,1,3.56943719379109,1,31.85421,2771,0.2,0,15,"both",0.441315540583741,-0.0344845419177708
"85","session1",2.36790520670934,29.1543232369435,4.29051878346877,0.00296920944742756,0.616867745581143,0.37683155691067,0.107303472402033,1,1,150,0.441315540583741,-0.0344845419177708,1,3.88203627832283,1,41.8209,2771,0.2,0,15,"both",0.441315540583741,-0.0344845419177708
"86","session1",2.36790520670934,29.1543232369435,4.29051878346877,0.00296920944742756,0.616867745581143,0.37683155691067,0.107303472402033,1,1,150,0.441315540583741,-0.0344845419177708,1,2.30948578903574,1,41.52506,2771,0.2,0,15,"both",0.441315540583741,-0.0344845419177708
"87","session1",2.36790520670934,29.1543232369435,4.29051878346877,0.00296920944742756,0.616867745581143,0.37683155691067,0.107303472402033,1,1,150,0.441315540583741,-0.0344845419177708,1,2.21112234641805,1,-18.69536,2771,0.2,0,15,"both",0.441315540583741,-0.0344845419177708
"88","session1",2.36790520670934,29.1543232369435,4.29051878346877,0.00296920944742756,0.616867745581143,0.37683155691067,0.107303472402033,1,1,150,0.441315540583741,-0.0344845419177708,1,3.09958685272752,1,29.0143,2771,0.2,0,15,"both",0.441315540583741,-0.0344845419177708
"89","session1",2.36790520670934,29.1543232369435,4.29051878346877,0.00296920944742756,0.616867745581143,0.37683155691067,0.107303472402033,1,1,150,0.441315540583741,-0.0344845419177708,1,5.48911643222228,0,-15.93061,2771,0.2,0,15,"both",0.441315540583741,-0.0344845419177708
"90","session1",2.36790520670934,29.1543232369435,4.29051878346877,0.00296920944742756,0.616867745581143,0.37683155691067,0.107303472402033,1,1,150,0.441315540583741,-0.0344845419177708,1,4.11345904055291,0,-15.5361,2771,0.2,0,15,"both",0.441315540583741,-0.0344845419177708
"91","session1",2.36790520670934,29.1543232369435,4.29051878346877,0.00296920944742756,0.616867745581143,0.37683155691067,0.107303472402033,1,1,150,0.441315540583741,-0.0344845419177708,1,5.68616861901937,0,-4.4587,2771,0.2,0,15,"both",0.441315540583741,-0.0344845419177708
"92","session1",2.36790520670934,29.1543232369435,4.29051878346877,0.00296920944742756,0.616867745581143,0.37683155691067,0.107303472402033,1,1,150,0.441315540583741,-0.0344845419177708,1,3.35006078176484,1,45.51785,2771,0.2,0,15,"both",0.441315540583741,-0.0344845419177708
"93","session1",2.36790520670934,29.1543232369435,4.29051878346877,0.00296920944742756,0.616867745581143,0.37683155691067,0.107303472402033,1,1,150,0.441315540583741,-0.0344845419177708,1,2.13904268147216,1,37.77887,2771,0.2,0,15,"both",0.441315540583741,-0.0344845419177708
"94","session1",2.36790520670934,29.1543232369435,4.29051878346877,0.00296920944742756,0.616867745581143,0.37683155691067,0.107303472402033,1,1,150,0.441315540583741,-0.0344845419177708,1,5.85405750882597,0,-26.10492,2771,0.2,0,15,"both",0.441315540583741,-0.0344845419177708
"95","session1",2.36790520670934,29.1543232369435,4.29051878346877,0.00296920944742756,0.616867745581143,0.37683155691067,0.107303472402033,1,1,150,0.441315540583741,-0.0344845419177708,1,6.62418111142069,1,41.15322,2771,0.2,0,15,"both",0.441315540583741,-0.0344845419177708
"96","session1",2.36790520670934,29.1543232369435,4.29051878346877,0.00296920944742756,0.616867745581143,0.37683155691067,0.107303472402033,1,1,150,0.441315540583741,-0.0344845419177708,1,4.71975323516269,1,-6.8558,2771,0.2,0,15,"both",0.441315540583741,-0.0344845419177708
"97","session1",2.36790520670934,29.1543232369435,4.29051878346877,0.00296920944742756,0.616867745581143,0.37683155691067,0.107303472402033,1,1,150,0.441315540583741,-0.0344845419177708,1,2.1994530501008,0,-17.59087,2771,0.2,0,15,"both",0.441315540583741,-0.0344845419177708
"98","session1",2.36790520670934,29.1543232369435,4.29051878346877,0.00296920944742756,0.616867745581143,0.37683155691067,0.107303472402033,1,1,150,0.441315540583741,-0.0344845419177708,1,2.09012030051127,1,44.17678,2771,0.2,0,15,"both",0.441315540583741,-0.0344845419177708
"99","session1",2.36790520670934,29.1543232369435,4.29051878346877,0.00296920944742756,0.616867745581143,0.37683155691067,0.107303472402033,1,1,150,0.441315540583741,-0.0344845419177708,1,2.86053158951294,0,29.27514,2771,0.2,0,15,"both",0.441315540583741,-0.0344845419177708
"100","session1",2.36790520670934,29.1543232369435,4.29051878346877,0.00296920944742756,0.616867745581143,0.37683155691067,0.107303472402033,1,1,150,0.441315540583741,-0.0344845419177708,1,2.44091513747331,0,-8.1531,2771,0.2,0,15,"both",0.441315540583741,-0.0344845419177708
"101","session1",2.36790520670934,29.1543232369435,4.29051878346877,0.00296920944742756,0.616867745581143,0.37683155691067,0.107303472402033,1,1,150,0.441315540583741,-0.0344845419177708,1,3.31357181310631,1,47.8358,2771,0.2,0,15,"both",0.441315540583741,-0.0344845419177708
"102","session1",2.36790520670934,29.1543232369435,4.29051878346877,0.00296920944742756,0.616867745581143,0.37683155691067,0.107303472402033,1,1,150,0.441315540583741,-0.0344845419177708,1,2.1683855709093,0,-15.79632,2771,0.2,0,15,"both",0.441315540583741,-0.0344845419177708
"103","session1",2.36790520670934,29.1543232369435,4.29051878346877,0.00296920944742756,0.616867745581143,0.37683155691067,0.107303472402033,1,1,150,0.441315540583741,-0.0344845419177708,1,4.72662319765618,1,31.24725,2771,0.2,0,15,"both",0.441315540583741,-0.0344845419177708
"104","session1",2.36790520670934,29.1543232369435,4.29051878346877,0.00296920944742756,0.616867745581143,0.37683155691067,0.107303472402033,1,1,150,0.441315540583741,-0.0344845419177708,1,3.55010963168494,0,-17.6168,2771,0.2,0,15,"both",0.441315540583741,-0.0344845419177708
"105","session1",2.36790520670934,29.1543232369435,4.29051878346877,0.00296920944742756,0.616867745581143,0.37683155691067,0.107303472402033,1,1,150,0.441315540583741,-0.0344845419177708,1,1.91448955630561,0,38.93865,2771,0.2,0,15,"both",0.441315540583741,-0.0344845419177708
"106","session1",2.36790520670934,29.1543232369435,4.29051878346877,0.00296920944742756,0.616867745581143,0.37683155691067,0.107303472402033,1,1,150,0.441315540583741,-0.0344845419177708,1,2.89067919278795,1,39.4961,2771,0.2,0,15,"both",0.441315540583741,-0.0344845419177708
"107","session1",2.36790520670934,29.1543232369435,4.29051878346877,0.00296920944742756,0.616867745581143,0.37683155691067,0.107303472402033,1,1,150,0.441315540583741,-0.0344845419177708,1,4.60861954450259,1,26.65987,2771,0.2,0,15,"both",0.441315540583741,-0.0344845419177708
"108","session1",2.36790520670934,29.1543232369435,4.29051878346877,0.00296920944742756,0.616867745581143,0.37683155691067,0.107303472402033,1,1,150,0.441315540583741,-0.0344845419177708,1,4.11817707006018,1,9.765502821,2771,0.2,0,15,"both",0.441315540583741,-0.0344845419177708
"109","session1",2.36790520670934,29.1543232369435,4.29051878346877,0.00296920944742756,0.616867745581143,0.37683155691067,0.107303472402033,1,1,150,0.441315540583741,-0.0344845419177708,1,3.92018216449982,0,-20.145,2771,0.2,0,15,"both",0.441315540583741,-0.0344845419177708
"110","session1",2.36790520670934,29.1543232369435,4.29051878346877,0.00296920944742756,0.616867745581143,0.37683155691067,0.107303472402033,1,1,150,0.441315540583741,-0.0344845419177708,1,8,0,-13.04686,2771,0.2,0,15,"both",0.441315540583741,-0.0344845419177708
"111","session1",2.36790520670934,29.1543232369435,4.29051878346877,0.00296920944742756,0.616867745581143,0.37683155691067,0.107303472402033,1,1,150,0.441315540583741,-0.0344845419177708,1,3.9051825542071,1,35.74476,2771,0.2,0,15,"both",0.441315540583741,-0.0344845419177708
"112","session1",2.36790520670934,29.1543232369435,4.29051878346877,0.00296920944742756,0.616867745581143,0.37683155691067,0.107303472402033,1,1,150,0.441315540583741,-0.0344845419177708,1,5.68396482881161,0,-0.487499999999999,2771,0.2,0,15,"both",0.441315540583741,-0.0344845419177708
"113","session1",2.36790520670934,29.1543232369435,4.29051878346877,0.00296920944742756,0.616867745581143,0.37683155691067,0.107303472402033,1,1,150,0.441315540583741,-0.0344845419177708,1,1.41646760338676,0,-33.9123,2771,0.2,0,15,"both",0.441315540583741,-0.0344845419177708
"114","session1",2.36790520670934,29.1543232369435,4.29051878346877,0.00296920944742756,0.616867745581143,0.37683155691067,0.107303472402033,1,1,150,0.441315540583741,-0.0344845419177708,1,8,0,-2.7369,2771,0.2,0,15,"both",0.441315540583741,-0.0344845419177708
"115","session1",2.36790520670934,29.1543232369435,4.29051878346877,0.00296920944742756,0.616867745581143,0.37683155691067,0.107303472402033,1,1,150,0.441315540583741,-0.0344845419177708,1,3.69238319995474,1,-14.3284,2771,0.2,0,15,"both",0.441315540583741,-0.0344845419177708
"116","session1",2.36790520670934,29.1543232369435,4.29051878346877,0.00296920944742756,0.616867745581143,0.37683155691067,0.107303472402033,1,1,150,0.441315540583741,-0.0344845419177708,1,1.93390071169317,1,36.7021,2771,0.2,0,15,"both",0.441315540583741,-0.0344845419177708
"117","session1",2.36790520670934,29.1543232369435,4.29051878346877,0.00296920944742756,0.616867745581143,0.37683155691067,0.107303472402033,1,1,150,0.441315540583741,-0.0344845419177708,1,2.60501909593889,0,32.7784,2771,0.2,0,15,"both",0.441315540583741,-0.0344845419177708
"118","session1",2.36790520670934,29.1543232369435,4.29051878346877,0.00296920944742756,0.616867745581143,0.37683155691067,0.107303472402033,1,1,150,0.441315540583741,-0.0344845419177708,1,5.04365828648601,0,-11.32476,2771,0.2,0,15,"both",0.441315540583741,-0.0344845419177708
"119","session1",2.36790520670934,29.1543232369435,4.29051878346877,0.00296920944742756,0.616867745581143,0.37683155691067,0.107303472402033,1,1,150,0.441315540583741,-0.0344845419177708,1,3.08613378002692,1,33.1219,2771,0.2,0,15,"both",0.441315540583741,-0.0344845419177708
"120","session1",2.36790520670934,29.1543232369435,4.29051878346877,0.00296920944742756,0.616867745581143,0.37683155691067,0.107303472402033,1,1,150,0.441315540583741,-0.0344845419177708,1,4.98449046718286,1,29.48679,2771,0.2,0,15,"both",0.441315540583741,-0.0344845419177708
"121","session1",2.36790520670934,29.1543232369435,4.29051878346877,0.00296920944742756,0.616867745581143,0.37683155691067,0.107303472402033,1,1,150,0.441315540583741,-0.0344845419177708,1,3.02487269934134,1,32.05268,2771,0.2,0,15,"both",0.441315540583741,-0.0344845419177708
"122","session1",2.36790520670934,29.1543232369435,4.29051878346877,0.00296920944742756,0.616867745581143,0.37683155691067,0.107303472402033,1,1,150,0.441315540583741,-0.0344845419177708,1,5.12701817205056,0,-5.5817,2771,0.2,0,15,"both",0.441315540583741,-0.0344845419177708
"123","session1",2.36790520670934,29.1543232369435,4.29051878346877,0.00296920944742756,0.616867745581143,0.37683155691067,0.107303472402033,1,1,150,0.441315540583741,-0.0344845419177708,1,3.14928250757139,1,32.4016,2771,0.2,0,15,"both",0.441315540583741,-0.0344845419177708
"124","session1",2.36790520670934,29.1543232369435,4.29051878346877,0.00296920944742756,0.616867745581143,0.37683155691067,0.107303472402033,1,1,150,0.441315540583741,-0.0344845419177708,1,8,0,-9.3225,2771,0.2,0,15,"both",0.441315540583741,-0.0344845419177708
"125","session1",2.36790520670934,29.1543232369435,4.29051878346877,0.00296920944742756,0.616867745581143,0.37683155691067,0.107303472402033,1,1,150,0.441315540583741,-0.0344845419177708,1,7.80480006254262,0,-19.40286,2771,0.2,0,15,"both",0.441315540583741,-0.0344845419177708
"126","session1",2.36790520670934,29.1543232369435,4.29051878346877,0.00296920944742756,0.616867745581143,0.37683155691067,0.107303472402033,1,1,150,0.441315540583741,-0.0344845419177708,1,4.29188951556502,1,-16.2544,2771,0.2,0,15,"both",0.441315540583741,-0.0344845419177708
"127","session1",2.36790520670934,29.1543232369435,4.29051878346877,0.00296920944742756,0.616867745581143,0.37683155691067,0.107303472402033,1,1,150,0.441315540583741,-0.0344845419177708,1,5.21001522663665,0,-20.53489,2771,0.2,0,15,"both",0.441315540583741,-0.0344845419177708
"128","session1",2.36790520670934,29.1543232369435,4.29051878346877,0.00296920944742756,0.616867745581143,0.37683155691067,0.107303472402033,1,1,150,0.441315540583741,-0.0344845419177708,1,2.75308593965026,1,45.4089,2771,0.2,0,15,"both",0.441315540583741,-0.0344845419177708
"129","session1",2.36790520670934,29.1543232369435,4.29051878346877,0.00296920944742756,0.616867745581143,0.37683155691067,0.107303472402033,1,1,150,0.441315540583741,-0.0344845419177708,1,8,0,-15.22543,2771,0.2,0,15,"both",0.441315540583741,-0.0344845419177708
"130","session1",2.36790520670934,29.1543232369435,4.29051878346877,0.00296920944742756,0.616867745581143,0.37683155691067,0.107303472402033,1,1,150,0.441315540583741,-0.0344845419177708,1,2.55552065039824,1,-15.74521,2771,0.2,0,15,"both",0.441315540583741,-0.0344845419177708
"131","session1",2.36790520670934,29.1543232369435,4.29051878346877,0.00296920944742756,0.616867745581143,0.37683155691067,0.107303472402033,1,1,150,0.441315540583741,-0.0344845419177708,1,5.74209213552561,0,-13.59044,2771,0.2,0,15,"both",0.441315540583741,-0.0344845419177708
"132","session1",2.36790520670934,29.1543232369435,4.29051878346877,0.00296920944742756,0.616867745581143,0.37683155691067,0.107303472402033,1,1,150,0.441315540583741,-0.0344845419177708,1,2.77809288310452,1,26.58645,2771,0.2,0,15,"both",0.441315540583741,-0.0344845419177708
"133","session1",2.36790520670934,29.1543232369435,4.29051878346877,0.00296920944742756,0.616867745581143,0.37683155691067,0.107303472402033,1,1,150,0.441315540583741,-0.0344845419177708,1,6.30618747488809,0,-27.71804,2771,0.2,0,15,"both",0.441315540583741,-0.0344845419177708
"134","session1",2.36790520670934,29.1543232369435,4.29051878346877,0.00296920944742756,0.616867745581143,0.37683155691067,0.107303472402033,1,1,150,0.441315540583741,-0.0344845419177708,1,2.7645353947012,1,40.9249,2771,0.2,0,15,"both",0.441315540583741,-0.0344845419177708
"135","session1",2.36790520670934,29.1543232369435,4.29051878346877,0.00296920944742756,0.616867745581143,0.37683155691067,0.107303472402033,1,1,150,0.441315540583741,-0.0344845419177708,1,3.8733760180209,1,33.16988,2771,0.2,0,15,"both",0.441315540583741,-0.0344845419177708
"136","session1",2.36790520670934,29.1543232369435,4.29051878346877,0.00296920944742756,0.616867745581143,0.37683155691067,0.107303472402033,1,1,150,0.441315540583741,-0.0344845419177708,1,2.16804712299688,1,32.15928,2771,0.2,0,15,"both",0.441315540583741,-0.0344845419177708
"137","session1",2.36790520670934,29.1543232369435,4.29051878346877,0.00296920944742756,0.616867745581143,0.37683155691067,0.107303472402033,1,1,150,0.441315540583741,-0.0344845419177708,1,4.94334685289022,1,-14.29469,2771,0.2,0,15,"both",0.441315540583741,-0.0344845419177708
"138","session1",2.36790520670934,29.1543232369435,4.29051878346877,0.00296920944742756,0.616867745581143,0.37683155691067,0.107303472402033,1,1,150,0.441315540583741,-0.0344845419177708,1,5.05735755328294,0,-23.10807,2771,0.2,0,15,"both",0.441315540583741,-0.0344845419177708
"139","session1",2.36790520670934,29.1543232369435,4.29051878346877,0.00296920944742756,0.616867745581143,0.37683155691067,0.107303472402033,1,1,150,0.441315540583741,-0.0344845419177708,1,2.07881867030051,1,36.08208,2771,0.2,0,15,"both",0.441315540583741,-0.0344845419177708
"140","session1",2.36790520670934,29.1543232369435,4.29051878346877,0.00296920944742756,0.616867745581143,0.37683155691067,0.107303472402033,1,1,150,0.441315540583741,-0.0344845419177708,1,4.72557651418062,0,-21.07094,2771,0.2,0,15,"both",0.441315540583741,-0.0344845419177708
"141","session1",2.36790520670934,29.1543232369435,4.29051878346877,0.00296920944742756,0.616867745581143,0.37683155691067,0.107303472402033,1,1,150,0.441315540583741,-0.0344845419177708,1,7.05463623065075,0,-12.9565,2771,0.2,0,15,"both",0.441315540583741,-0.0344845419177708
"142","session1",2.36790520670934,29.1543232369435,4.29051878346877,0.00296920944742756,0.616867745581143,0.37683155691067,0.107303472402033,1,1,150,0.441315540583741,-0.0344845419177708,1,4.5394064147714,0,-10.87084,2771,0.2,0,15,"both",0.441315540583741,-0.0344845419177708
"143","session1",2.36790520670934,29.1543232369435,4.29051878346877,0.00296920944742756,0.616867745581143,0.37683155691067,0.107303472402033,1,1,150,0.441315540583741,-0.0344845419177708,1,2.20075495177307,1,37.86493,2771,0.2,0,15,"both",0.441315540583741,-0.0344845419177708
"144","session1",2.36790520670934,29.1543232369435,4.29051878346877,0.00296920944742756,0.616867745581143,0.37683155691067,0.107303472402033,1,1,150,0.441315540583741,-0.0344845419177708,1,5.73289494134781,0,-18.53967,2771,0.2,0,15,"both",0.441315540583741,-0.0344845419177708
"145","session1",2.36790520670934,29.1543232369435,4.29051878346877,0.00296920944742756,0.616867745581143,0.37683155691067,0.107303472402033,1,1,150,0.441315540583741,-0.0344845419177708,1,1.65921757770722,0,-21.20311,2771,0.2,0,15,"both",0.441315540583741,-0.0344845419177708
"146","session1",2.36790520670934,29.1543232369435,4.29051878346877,0.00296920944742756,0.616867745581143,0.37683155691067,0.107303472402033,1,1,150,0.441315540583741,-0.0344845419177708,1,2.26865678624737,1,33.986,2771,0.2,0,15,"both",0.441315540583741,-0.0344845419177708
"147","session1",2.36790520670934,29.1543232369435,4.29051878346877,0.00296920944742756,0.616867745581143,0.37683155691067,0.107303472402033,1,1,150,0.441315540583741,-0.0344845419177708,1,3.9557303679316,0,-11.52727,2771,0.2,0,15,"both",0.441315540583741,-0.0344845419177708
"148","session1",2.36790520670934,29.1543232369435,4.29051878346877,0.00296920944742756,0.616867745581143,0.37683155691067,0.107303472402033,1,1,150,0.441315540583741,-0.0344845419177708,1,3.91356399521626,1,24.73203,2771,0.2,0,15,"both",0.441315540583741,-0.0344845419177708
"149","session1",2.36790520670934,29.1543232369435,4.29051878346877,0.00296920944742756,0.616867745581143,0.37683155691067,0.107303472402033,1,1,150,0.441315540583741,-0.0344845419177708,1,3.51647116965677,1,37.67991,2771,0.2,0,15,"both",0.441315540583741,-0.0344845419177708
"150","session1",2.36790520670934,29.1543232369435,4.29051878346877,0.00296920944742756,0.616867745581143,0.37683155691067,0.107303472402033,1,1,150,0.441315540583741,-0.0344845419177708,1,6.57052273158561,1,23.40529,2771,0.2,0,15,"both",0.441315540583741,-0.0344845419177708
"151","session1",-2.01311114353406,25.2628705971794,1.39411191996775,1.76571279969102e-05,0.665330403295328,0.453415581344932,0.25189014841219,2,1,150,0.441315540583741,-0.0344845419177708,2,3.67421188170484,1,8.6432435272,2771,0.2,0,15,"both",0.441315540583741,-0.0344845419177708
"152","session1",-2.01311114353406,25.2628705971794,1.39411191996775,1.76571279969102e-05,0.665330403295328,0.453415581344932,0.25189014841219,2,1,150,0.441315540583741,-0.0344845419177708,2,2.80714419378024,0,-5.83710184351,2771,0.2,0,15,"both",0.441315540583741,-0.0344845419177708
"153","session1",-2.01311114353406,25.2628705971794,1.39411191996775,1.76571279969102e-05,0.665330403295328,0.453415581344932,0.25189014841219,2,1,150,0.441315540583741,-0.0344845419177708,2,2.1120059084563,0,-0.9868305672,2771,0.2,0,15,"both",0.441315540583741,-0.0344845419177708
"154","session1",-2.01311114353406,25.2628705971794,1.39411191996775,1.76571279969102e-05,0.665330403295328,0.453415581344932,0.25189014841219,2,1,150,0.441315540583741,-0.0344845419177708,2,4.55829258918538,1,6.5086027912,2771,0.2,0,15,"both",0.441315540583741,-0.0344845419177708
"155","session1",-2.01311114353406,25.2628705971794,1.39411191996775,1.76571279969102e-05,0.665330403295328,0.453415581344932,0.25189014841219,2,1,150,0.441315540583741,-0.0344845419177708,2,2.87629972281794,1,4.383509,2771,0.2,0,15,"both",0.441315540583741,-0.0344845419177708
"156","session1",-2.01311114353406,25.2628705971794,1.39411191996775,1.76571279969102e-05,0.665330403295328,0.453415581344932,0.25189014841219,2,1,150,0.441315540583741,-0.0344845419177708,2,2.99727969588073,1,-3.302161,2771,0.2,0,15,"both",0.441315540583741,-0.0344845419177708
"157","session1",-2.01311114353406,25.2628705971794,1.39411191996775,1.76571279969102e-05,0.665330403295328,0.453415581344932,0.25189014841219,2,1,150,0.441315540583741,-0.0344845419177708,2,2.8395063260132,0,-2.9282613444,2771,0.2,0,15,"both",0.441315540583741,-0.0344845419177708
"158","session1",-2.01311114353406,25.2628705971794,1.39411191996775,1.76571279969102e-05,0.665330403295328,0.453415581344932,0.25189014841219,2,1,150,0.441315540583741,-0.0344845419177708,2,2.14085344311342,0,-0.752600457,2771,0.2,0,15,"both",0.441315540583741,-0.0344845419177708
"159","session1",-2.01311114353406,25.2628705971794,1.39411191996775,1.76571279969102e-05,0.665330403295328,0.453415581344932,0.25189014841219,2,1,150,0.441315540583741,-0.0344845419177708,2,3.18773462930044,1,-8.94694,2771,0.2,0,15,"both",0.441315540583741,-0.0344845419177708
"160","session1",-2.01311114353406,25.2628705971794,1.39411191996775,1.76571279969102e-05,0.665330403295328,0.453415581344932,0.25189014841219,2,1,150,0.441315540583741,-0.0344845419177708,2,1.68113880247426,1,-1.1959309595,2771,0.2,0,15,"both",0.441315540583741,-0.0344845419177708
"161","session1",-2.01311114353406,25.2628705971794,1.39411191996775,1.76571279969102e-05,0.665330403295328,0.453415581344932,0.25189014841219,2,1,150,0.441315540583741,-0.0344845419177708,2,0.819394436389974,1,49.264076,2771,0.2,0,15,"both",0.441315540583741,-0.0344845419177708
"162","session1",-2.01311114353406,25.2628705971794,1.39411191996775,1.76571279969102e-05,0.665330403295328,0.453415581344932,0.25189014841219,2,1,150,0.441315540583741,-0.0344845419177708,2,2.59172498897672,1,8.46715,2771,0.2,0,15,"both",0.441315540583741,-0.0344845419177708
"163","session1",-2.01311114353406,25.2628705971794,1.39411191996775,1.76571279969102e-05,0.665330403295328,0.453415581344932,0.25189014841219,2,1,150,0.441315540583741,-0.0344845419177708,2,2.46365219224941,0,-36.7133971,2771,0.2,0,15,"both",0.441315540583741,-0.0344845419177708
"164","session1",-2.01311114353406,25.2628705971794,1.39411191996775,1.76571279969102e-05,0.665330403295328,0.453415581344932,0.25189014841219,2,1,150,0.441315540583741,-0.0344845419177708,2,1.33290434238643,1,-27.20467,2771,0.2,0,15,"both",0.441315540583741,-0.0344845419177708
"165","session1",-2.01311114353406,25.2628705971794,1.39411191996775,1.76571279969102e-05,0.665330403295328,0.453415581344932,0.25189014841219,2,1,150,0.441315540583741,-0.0344845419177708,2,4.72348375074694,0,-7.2615353911,2771,0.2,0,15,"both",0.441315540583741,-0.0344845419177708
"166","session1",-2.01311114353406,25.2628705971794,1.39411191996775,1.76571279969102e-05,0.665330403295328,0.453415581344932,0.25189014841219,2,1,150,0.441315540583741,-0.0344845419177708,2,2.99848038407671,0,-7.5912,2771,0.2,0,15,"both",0.441315540583741,-0.0344845419177708
"167","session1",-2.01311114353406,25.2628705971794,1.39411191996775,1.76571279969102e-05,0.665330403295328,0.453415581344932,0.25189014841219,2,1,150,0.441315540583741,-0.0344845419177708,2,1.40078747905491,1,4.94772,2771,0.2,0,15,"both",0.441315540583741,-0.0344845419177708
"168","session1",-2.01311114353406,25.2628705971794,1.39411191996775,1.76571279969102e-05,0.665330403295328,0.453415581344932,0.25189014841219,2,1,150,0.441315540583741,-0.0344845419177708,2,1.89276257988987,0,-2.64277516273,2771,0.2,0,15,"both",0.441315540583741,-0.0344845419177708
"169","session1",-2.01311114353406,25.2628705971794,1.39411191996775,1.76571279969102e-05,0.665330403295328,0.453415581344932,0.25189014841219,2,1,150,0.441315540583741,-0.0344845419177708,2,3.3957742707381,1,-4.59209,2771,0.2,0,15,"both",0.441315540583741,-0.0344845419177708
"170","session1",-2.01311114353406,25.2628705971794,1.39411191996775,1.76571279969102e-05,0.665330403295328,0.453415581344932,0.25189014841219,2,1,150,0.441315540583741,-0.0344845419177708,2,3.47578247251791,0,-2.71844084209,2771,0.2,0,15,"both",0.441315540583741,-0.0344845419177708
"171","session1",-2.01311114353406,25.2628705971794,1.39411191996775,1.76571279969102e-05,0.665330403295328,0.453415581344932,0.25189014841219,2,1,150,0.441315540583741,-0.0344845419177708,2,1.6493059106314,1,3.89621,2771,0.2,0,15,"both",0.441315540583741,-0.0344845419177708
"172","session1",-2.01311114353406,25.2628705971794,1.39411191996775,1.76571279969102e-05,0.665330403295328,0.453415581344932,0.25189014841219,2,1,150,0.441315540583741,-0.0344845419177708,2,4.71361952470065,0,-16.03728,2771,0.2,0,15,"both",0.441315540583741,-0.0344845419177708
"173","session1",-2.01311114353406,25.2628705971794,1.39411191996775,1.76571279969102e-05,0.665330403295328,0.453415581344932,0.25189014841219,2,1,150,0.441315540583741,-0.0344845419177708,2,3.0214586886521,1,4.51724,2771,0.2,0,15,"both",0.441315540583741,-0.0344845419177708
"174","session1",-2.01311114353406,25.2628705971794,1.39411191996775,1.76571279969102e-05,0.665330403295328,0.453415581344932,0.25189014841219,2,1,150,0.441315540583741,-0.0344845419177708,2,3.75484960307341,1,1.15183,2771,0.2,0,15,"both",0.441315540583741,-0.0344845419177708
"175","session1",-2.01311114353406,25.2628705971794,1.39411191996775,1.76571279969102e-05,0.665330403295328,0.453415581344932,0.25189014841219,2,1,150,0.441315540583741,-0.0344845419177708,2,1.76695790991697,1,5.3994,2771,0.2,0,15,"both",0.441315540583741,-0.0344845419177708
"176","session1",-2.01311114353406,25.2628705971794,1.39411191996775,1.76571279969102e-05,0.665330403295328,0.453415581344932,0.25189014841219,2,1,150,0.441315540583741,-0.0344845419177708,2,1.66488853870637,0,-7.01674,2771,0.2,0,15,"both",0.441315540583741,-0.0344845419177708
"177","session1",-2.01311114353406,25.2628705971794,1.39411191996775,1.76571279969102e-05,0.665330403295328,0.453415581344932,0.25189014841219,2,1,150,0.441315540583741,-0.0344845419177708,2,2.38265858513171,0,-7.81176,2771,0.2,0,15,"both",0.441315540583741,-0.0344845419177708
"178","session1",-2.01311114353406,25.2628705971794,1.39411191996775,1.76571279969102e-05,0.665330403295328,0.453415581344932,0.25189014841219,2,1,150,0.441315540583741,-0.0344845419177708,2,2.06266150566905,1,-4.87173,2771,0.2,0,15,"both",0.441315540583741,-0.0344845419177708
"179","session1",-2.01311114353406,25.2628705971794,1.39411191996775,1.76571279969102e-05,0.665330403295328,0.453415581344932,0.25189014841219,2,1,150,0.441315540583741,-0.0344845419177708,2,2.10895098832693,0,-3.58191,2771,0.2,0,15,"both",0.441315540583741,-0.0344845419177708
"180","session1",-2.01311114353406,25.2628705971794,1.39411191996775,1.76571279969102e-05,0.665330403295328,0.453415581344932,0.25189014841219,2,1,150,0.441315540583741,-0.0344845419177708,2,1.91526043670035,0,-5.9272187,2771,0.2,0,15,"both",0.441315540583741,-0.0344845419177708
"181","session1",-2.01311114353406,25.2628705971794,1.39411191996775,1.76571279969102e-05,0.665330403295328,0.453415581344932,0.25189014841219,2,1,150,0.441315540583741,-0.0344845419177708,2,1.31714625266376,0,0.99046,2771,0.2,0,15,"both",0.441315540583741,-0.0344845419177708
"182","session1",-2.01311114353406,25.2628705971794,1.39411191996775,1.76571279969102e-05,0.665330403295328,0.453415581344932,0.25189014841219,2,1,150,0.441315540583741,-0.0344845419177708,2,3.97331677451152,1,4.12332,2771,0.2,0,15,"both",0.441315540583741,-0.0344845419177708
"183","session1",-2.01311114353406,25.2628705971794,1.39411191996775,1.76571279969102e-05,0.665330403295328,0.453415581344932,0.25189014841219,2,1,150,0.441315540583741,-0.0344845419177708,2,2.33043195969022,1,8.49336,2771,0.2,0,15,"both",0.441315540583741,-0.0344845419177708
"184","session1",-2.01311114353406,25.2628705971794,1.39411191996775,1.76571279969102e-05,0.665330403295328,0.453415581344932,0.25189014841219,2,1,150,0.441315540583741,-0.0344845419177708,2,2.77032465684211,1,30.25761,2771,0.2,0,15,"both",0.441315540583741,-0.0344845419177708
"185","session1",-2.01311114353406,25.2628705971794,1.39411191996775,1.76571279969102e-05,0.665330403295328,0.453415581344932,0.25189014841219,2,1,150,0.441315540583741,-0.0344845419177708,2,3.85719580368728,1,7.10288,2771,0.2,0,15,"both",0.441315540583741,-0.0344845419177708
"186","session1",-2.01311114353406,25.2628705971794,1.39411191996775,1.76571279969102e-05,0.665330403295328,0.453415581344932,0.25189014841219,2,1,150,0.441315540583741,-0.0344845419177708,2,2.23505249757519,1,7.0058263,2771,0.2,0,15,"both",0.441315540583741,-0.0344845419177708
"187","session1",-2.01311114353406,25.2628705971794,1.39411191996775,1.76571279969102e-05,0.665330403295328,0.453415581344932,0.25189014841219,2,1,150,0.441315540583741,-0.0344845419177708,2,1.45642436994516,1,8.62798,2771,0.2,0,15,"both",0.441315540583741,-0.0344845419177708
"188","session1",-2.01311114353406,25.2628705971794,1.39411191996775,1.76571279969102e-05,0.665330403295328,0.453415581344932,0.25189014841219,2,1,150,0.441315540583741,-0.0344845419177708,2,1.70781238813512,0,-2.419812,2771,0.2,0,15,"both",0.441315540583741,-0.0344845419177708
"189","session1",-2.01311114353406,25.2628705971794,1.39411191996775,1.76571279969102e-05,0.665330403295328,0.453415581344932,0.25189014841219,2,1,150,0.441315540583741,-0.0344845419177708,2,4.73359537378027,1,2.539659,2771,0.2,0,15,"both",0.441315540583741,-0.0344845419177708
"190","session1",-2.01311114353406,25.2628705971794,1.39411191996775,1.76571279969102e-05,0.665330403295328,0.453415581344932,0.25189014841219,2,1,150,0.441315540583741,-0.0344845419177708,2,2.51422267633013,1,0.87549,2771,0.2,0,15,"both",0.441315540583741,-0.0344845419177708
"191","session1",-2.01311114353406,25.2628705971794,1.39411191996775,1.76571279969102e-05,0.665330403295328,0.453415581344932,0.25189014841219,2,1,150,0.441315540583741,-0.0344845419177708,2,4.71609040741001,1,-2.27055,2771,0.2,0,15,"both",0.441315540583741,-0.0344845419177708
"192","session1",-2.01311114353406,25.2628705971794,1.39411191996775,1.76571279969102e-05,0.665330403295328,0.453415581344932,0.25189014841219,2,1,150,0.441315540583741,-0.0344845419177708,2,2.16993407534771,0,8.71804,2771,0.2,0,15,"both",0.441315540583741,-0.0344845419177708
"193","session1",-2.01311114353406,25.2628705971794,1.39411191996775,1.76571279969102e-05,0.665330403295328,0.453415581344932,0.25189014841219,2,1,150,0.441315540583741,-0.0344845419177708,2,3.69037285548272,1,4.448489,2771,0.2,0,15,"both",0.441315540583741,-0.0344845419177708
"194","session1",-2.01311114353406,25.2628705971794,1.39411191996775,1.76571279969102e-05,0.665330403295328,0.453415581344932,0.25189014841219,2,1,150,0.441315540583741,-0.0344845419177708,2,2.64538293849165,1,7.086669,2771,0.2,0,15,"both",0.441315540583741,-0.0344845419177708
"195","session1",-2.01311114353406,25.2628705971794,1.39411191996775,1.76571279969102e-05,0.665330403295328,0.453415581344932,0.25189014841219,2,1,150,0.441315540583741,-0.0344845419177708,2,2.90123173542024,1,0.99653,2771,0.2,0,15,"both",0.441315540583741,-0.0344845419177708
"196","session1",-2.01311114353406,25.2628705971794,1.39411191996775,1.76571279969102e-05,0.665330403295328,0.453415581344932,0.25189014841219,2,1,150,0.441315540583741,-0.0344845419177708,2,4.30614498217461,1,1.62757,2771,0.2,0,15,"both",0.441315540583741,-0.0344845419177708
"197","session1",-2.01311114353406,25.2628705971794,1.39411191996775,1.76571279969102e-05,0.665330403295328,0.453415581344932,0.25189014841219,2,1,150,0.441315540583741,-0.0344845419177708,2,4.55079556717351,1,0.81167,2771,0.2,0,15,"both",0.441315540583741,-0.0344845419177708
"198","session1",-2.01311114353406,25.2628705971794,1.39411191996775,1.76571279969102e-05,0.665330403295328,0.453415581344932,0.25189014841219,2,1,150,0.441315540583741,-0.0344845419177708,2,3.66110505913205,1,-2.23049,2771,0.2,0,15,"both",0.441315540583741,-0.0344845419177708
"199","session1",-2.01311114353406,25.2628705971794,1.39411191996775,1.76571279969102e-05,0.665330403295328,0.453415581344932,0.25189014841219,2,1,150,0.441315540583741,-0.0344845419177708,2,3.31779545109201,0,-8.09242,2771,0.2,0,15,"both",0.441315540583741,-0.0344845419177708
"200","session1",-2.01311114353406,25.2628705971794,1.39411191996775,1.76571279969102e-05,0.665330403295328,0.453415581344932,0.25189014841219,2,1,150,0.441315540583741,-0.0344845419177708,2,2.31868907979182,1,1.301208,2771,0.2,0,15,"both",0.441315540583741,-0.0344845419177708
"201","session1",-2.01311114353406,25.2628705971794,1.39411191996775,1.76571279969102e-05,0.665330403295328,0.453415581344932,0.25189014841219,2,1,150,0.441315540583741,-0.0344845419177708,2,2.42900082516868,1,2.49898,2771,0.2,0,15,"both",0.441315540583741,-0.0344845419177708
"202","session1",-2.01311114353406,25.2628705971794,1.39411191996775,1.76571279969102e-05,0.665330403295328,0.453415581344932,0.25189014841219,2,1,150,0.441315540583741,-0.0344845419177708,2,2.69423264097038,0,-7.14504,2771,0.2,0,15,"both",0.441315540583741,-0.0344845419177708
"203","session1",-2.01311114353406,25.2628705971794,1.39411191996775,1.76571279969102e-05,0.665330403295328,0.453415581344932,0.25189014841219,2,1,150,0.441315540583741,-0.0344845419177708,2,0.981727310512066,0,-3.35084,2771,0.2,0,15,"both",0.441315540583741,-0.0344845419177708
"204","session1",-2.01311114353406,25.2628705971794,1.39411191996775,1.76571279969102e-05,0.665330403295328,0.453415581344932,0.25189014841219,2,1,150,0.441315540583741,-0.0344845419177708,2,4.45696008197105,1,-7.58778,2771,0.2,0,15,"both",0.441315540583741,-0.0344845419177708
"205","session1",-2.01311114353406,25.2628705971794,1.39411191996775,1.76571279969102e-05,0.665330403295328,0.453415581344932,0.25189014841219,2,1,150,0.441315540583741,-0.0344845419177708,2,2.50597022660925,1,-5.10431,2771,0.2,0,15,"both",0.441315540583741,-0.0344845419177708
"206","session1",-2.01311114353406,25.2628705971794,1.39411191996775,1.76571279969102e-05,0.665330403295328,0.453415581344932,0.25189014841219,2,1,150,0.441315540583741,-0.0344845419177708,2,2.66308151312896,0,-5.28631,2771,0.2,0,15,"both",0.441315540583741,-0.0344845419177708
"207","session1",-2.01311114353406,25.2628705971794,1.39411191996775,1.76571279969102e-05,0.665330403295328,0.453415581344932,0.25189014841219,2,1,150,0.441315540583741,-0.0344845419177708,2,3.41658339380979,1,-3.773128,2771,0.2,0,15,"both",0.441315540583741,-0.0344845419177708
"208","session1",-2.01311114353406,25.2628705971794,1.39411191996775,1.76571279969102e-05,0.665330403295328,0.453415581344932,0.25189014841219,2,1,150,0.441315540583741,-0.0344845419177708,2,3.09173759131527,0,-18.209711,2771,0.2,0,15,"both",0.441315540583741,-0.0344845419177708
"209","session1",-2.01311114353406,25.2628705971794,1.39411191996775,1.76571279969102e-05,0.665330403295328,0.453415581344932,0.25189014841219,2,1,150,0.441315540583741,-0.0344845419177708,2,3.49333453960396,0,-1.67899,2771,0.2,0,15,"both",0.441315540583741,-0.0344845419177708
"210","session1",-2.01311114353406,25.2628705971794,1.39411191996775,1.76571279969102e-05,0.665330403295328,0.453415581344932,0.25189014841219,2,1,150,0.441315540583741,-0.0344845419177708,2,6.17434804758613,1,6.5268,2771,0.2,0,15,"both",0.441315540583741,-0.0344845419177708
"211","session1",-2.01311114353406,25.2628705971794,1.39411191996775,1.76571279969102e-05,0.665330403295328,0.453415581344932,0.25189014841219,2,1,150,0.441315540583741,-0.0344845419177708,2,2.69727535420257,1,6.60787,2771,0.2,0,15,"both",0.441315540583741,-0.0344845419177708
"212","session1",-2.01311114353406,25.2628705971794,1.39411191996775,1.76571279969102e-05,0.665330403295328,0.453415581344932,0.25189014841219,2,1,150,0.441315540583741,-0.0344845419177708,2,2.08901180246166,1,-6.86364,2771,0.2,0,15,"both",0.441315540583741,-0.0344845419177708
"213","session1",-2.01311114353406,25.2628705971794,1.39411191996775,1.76571279969102e-05,0.665330403295328,0.453415581344932,0.25189014841219,2,1,150,0.441315540583741,-0.0344845419177708,2,1.00698093788814,0,-13.10375,2771,0.2,0,15,"both",0.441315540583741,-0.0344845419177708
"214","session1",-2.01311114353406,25.2628705971794,1.39411191996775,1.76571279969102e-05,0.665330403295328,0.453415581344932,0.25189014841219,2,1,150,0.441315540583741,-0.0344845419177708,2,3.07182210764261,1,-6.70441,2771,0.2,0,15,"both",0.441315540583741,-0.0344845419177708
"215","session1",-2.01311114353406,25.2628705971794,1.39411191996775,1.76571279969102e-05,0.665330403295328,0.453415581344932,0.25189014841219,2,1,150,0.441315540583741,-0.0344845419177708,2,3.38853098655953,0,-1.20561,2771,0.2,0,15,"both",0.441315540583741,-0.0344845419177708
"216","session1",-2.01311114353406,25.2628705971794,1.39411191996775,1.76571279969102e-05,0.665330403295328,0.453415581344932,0.25189014841219,2,1,150,0.441315540583741,-0.0344845419177708,2,3.6776918700163,0,-8.98802,2771,0.2,0,15,"both",0.441315540583741,-0.0344845419177708
"217","session1",-2.01311114353406,25.2628705971794,1.39411191996775,1.76571279969102e-05,0.665330403295328,0.453415581344932,0.25189014841219,2,1,150,0.441315540583741,-0.0344845419177708,2,1.64600055116568,1,0.21761,2771,0.2,0,15,"both",0.441315540583741,-0.0344845419177708
"218","session1",-2.01311114353406,25.2628705971794,1.39411191996775,1.76571279969102e-05,0.665330403295328,0.453415581344932,0.25189014841219,2,1,150,0.441315540583741,-0.0344845419177708,2,3.13654800913834,1,0.77347,2771,0.2,0,15,"both",0.441315540583741,-0.0344845419177708
"219","session1",-2.01311114353406,25.2628705971794,1.39411191996775,1.76571279969102e-05,0.665330403295328,0.453415581344932,0.25189014841219,2,1,150,0.441315540583741,-0.0344845419177708,2,2.28930374197742,1,2.46749,2771,0.2,0,15,"both",0.441315540583741,-0.0344845419177708
"220","session1",-2.01311114353406,25.2628705971794,1.39411191996775,1.76571279969102e-05,0.665330403295328,0.453415581344932,0.25189014841219,2,1,150,0.441315540583741,-0.0344845419177708,2,2.28017466896966,1,-0.62023,2771,0.2,0,15,"both",0.441315540583741,-0.0344845419177708
"221","session1",-2.01311114353406,25.2628705971794,1.39411191996775,1.76571279969102e-05,0.665330403295328,0.453415581344932,0.25189014841219,2,1,150,0.441315540583741,-0.0344845419177708,2,3.10091488698034,1,1.75298,2771,0.2,0,15,"both",0.441315540583741,-0.0344845419177708
"222","session1",-2.01311114353406,25.2628705971794,1.39411191996775,1.76571279969102e-05,0.665330403295328,0.453415581344932,0.25189014841219,2,1,150,0.441315540583741,-0.0344845419177708,2,4.18112975608864,1,-0.297210000000001,2771,0.2,0,15,"both",0.441315540583741,-0.0344845419177708
"223","session1",-2.01311114353406,25.2628705971794,1.39411191996775,1.76571279969102e-05,0.665330403295328,0.453415581344932,0.25189014841219,2,1,150,0.441315540583741,-0.0344845419177708,2,7.39214308019276,0,1.60658,2771,0.2,0,15,"both",0.441315540583741,-0.0344845419177708
"224","session1",-2.01311114353406,25.2628705971794,1.39411191996775,1.76571279969102e-05,0.665330403295328,0.453415581344932,0.25189014841219,2,1,150,0.441315540583741,-0.0344845419177708,2,4.51890980657288,1,-6.27179,2771,0.2,0,15,"both",0.441315540583741,-0.0344845419177708
"225","session1",-2.01311114353406,25.2628705971794,1.39411191996775,1.76571279969102e-05,0.665330403295328,0.453415581344932,0.25189014841219,2,1,150,0.441315540583741,-0.0344845419177708,2,2.72598640439576,0,-9.74458,2771,0.2,0,15,"both",0.441315540583741,-0.0344845419177708
"226","session1",-2.01311114353406,25.2628705971794,1.39411191996775,1.76571279969102e-05,0.665330403295328,0.453415581344932,0.25189014841219,2,1,150,0.441315540583741,-0.0344845419177708,2,3.09126368564402,0,-10.67336,2771,0.2,0,15,"both",0.441315540583741,-0.0344845419177708
"227","session1",-2.01311114353406,25.2628705971794,1.39411191996775,1.76571279969102e-05,0.665330403295328,0.453415581344932,0.25189014841219,2,1,150,0.441315540583741,-0.0344845419177708,2,1.14418570957054,0,-7.35589,2771,0.2,0,15,"both",0.441315540583741,-0.0344845419177708
"228","session1",-2.01311114353406,25.2628705971794,1.39411191996775,1.76571279969102e-05,0.665330403295328,0.453415581344932,0.25189014841219,2,1,150,0.441315540583741,-0.0344845419177708,2,3.39840536008151,0,-4.92919,2771,0.2,0,15,"both",0.441315540583741,-0.0344845419177708
"229","session1",-2.01311114353406,25.2628705971794,1.39411191996775,1.76571279969102e-05,0.665330403295328,0.453415581344932,0.25189014841219,2,1,150,0.441315540583741,-0.0344845419177708,2,4.76660828448152,1,-6.09551,2771,0.2,0,15,"both",0.441315540583741,-0.0344845419177708
"230","session1",-2.01311114353406,25.2628705971794,1.39411191996775,1.76571279969102e-05,0.665330403295328,0.453415581344932,0.25189014841219,2,1,150,0.441315540583741,-0.0344845419177708,2,1.94564713606644,0,11.95506,2771,0.2,0,15,"both",0.441315540583741,-0.0344845419177708
"231","session1",-2.01311114353406,25.2628705971794,1.39411191996775,1.76571279969102e-05,0.665330403295328,0.453415581344932,0.25189014841219,2,1,150,0.441315540583741,-0.0344845419177708,2,1.77019854192863,0,-1.23998,2771,0.2,0,15,"both",0.441315540583741,-0.0344845419177708
"232","session1",-2.01311114353406,25.2628705971794,1.39411191996775,1.76571279969102e-05,0.665330403295328,0.453415581344932,0.25189014841219,2,1,150,0.441315540583741,-0.0344845419177708,2,5.40132995866096,1,-10.09531,2771,0.2,0,15,"both",0.441315540583741,-0.0344845419177708
"233","session1",-2.01311114353406,25.2628705971794,1.39411191996775,1.76571279969102e-05,0.665330403295328,0.453415581344932,0.25189014841219,2,1,150,0.441315540583741,-0.0344845419177708,2,1.85467850477164,1,0.03843,2771,0.2,0,15,"both",0.441315540583741,-0.0344845419177708
"234","session1",-2.01311114353406,25.2628705971794,1.39411191996775,1.76571279969102e-05,0.665330403295328,0.453415581344932,0.25189014841219,2,1,150,0.441315540583741,-0.0344845419177708,2,2.67525339765197,1,-6.76096,2771,0.2,0,15,"both",0.441315540583741,-0.0344845419177708
"235","session1",-2.01311114353406,25.2628705971794,1.39411191996775,1.76571279969102e-05,0.665330403295328,0.453415581344932,0.25189014841219,2,1,150,0.441315540583741,-0.0344845419177708,2,1.44519711582379,1,13.54054,2771,0.2,0,15,"both",0.441315540583741,-0.0344845419177708
"236","session1",-2.01311114353406,25.2628705971794,1.39411191996775,1.76571279969102e-05,0.665330403295328,0.453415581344932,0.25189014841219,2,1,150,0.441315540583741,-0.0344845419177708,2,3.1230492292241,1,-9.21346,2771,0.2,0,15,"both",0.441315540583741,-0.0344845419177708
"237","session1",-2.01311114353406,25.2628705971794,1.39411191996775,1.76571279969102e-05,0.665330403295328,0.453415581344932,0.25189014841219,2,1,150,0.441315540583741,-0.0344845419177708,2,3.03799874418364,0,2.00114,2771,0.2,0,15,"both",0.441315540583741,-0.0344845419177708
"238","session1",-2.01311114353406,25.2628705971794,1.39411191996775,1.76571279969102e-05,0.665330403295328,0.453415581344932,0.25189014841219,2,1,150,0.441315540583741,-0.0344845419177708,2,4.60070997315374,0,2.8212,2771,0.2,0,15,"both",0.441315540583741,-0.0344845419177708
"239","session1",-2.01311114353406,25.2628705971794,1.39411191996775,1.76571279969102e-05,0.665330403295328,0.453415581344932,0.25189014841219,2,1,150,0.441315540583741,-0.0344845419177708,2,1.92039260752215,1,4.51269,2771,0.2,0,15,"both",0.441315540583741,-0.0344845419177708
"240","session1",-2.01311114353406,25.2628705971794,1.39411191996775,1.76571279969102e-05,0.665330403295328,0.453415581344932,0.25189014841219,2,1,150,0.441315540583741,-0.0344845419177708,2,4.0394300857483,1,0.0278200000000002,2771,0.2,0,15,"both",0.441315540583741,-0.0344845419177708
"241","session1",-2.01311114353406,25.2628705971794,1.39411191996775,1.76571279969102e-05,0.665330403295328,0.453415581344932,0.25189014841219,2,1,150,0.441315540583741,-0.0344845419177708,2,2.59559651074127,1,-1.19867,2771,0.2,0,15,"both",0.441315540583741,-0.0344845419177708
"242","session1",-2.01311114353406,25.2628705971794,1.39411191996775,1.76571279969102e-05,0.665330403295328,0.453415581344932,0.25189014841219,2,1,150,0.441315540583741,-0.0344845419177708,2,2.94568284624061,1,12.56122,2771,0.2,0,15,"both",0.441315540583741,-0.0344845419177708
"243","session1",-2.01311114353406,25.2628705971794,1.39411191996775,1.76571279969102e-05,0.665330403295328,0.453415581344932,0.25189014841219,2,1,150,0.441315540583741,-0.0344845419177708,2,4.74237723513124,0,3.0074,2771,0.2,0,15,"both",0.441315540583741,-0.0344845419177708
"244","session1",-2.01311114353406,25.2628705971794,1.39411191996775,1.76571279969102e-05,0.665330403295328,0.453415581344932,0.25189014841219,2,1,150,0.441315540583741,-0.0344845419177708,2,2.77632934992163,1,5.38071,2771,0.2,0,15,"both",0.441315540583741,-0.0344845419177708
"245","session1",-2.01311114353406,25.2628705971794,1.39411191996775,1.76571279969102e-05,0.665330403295328,0.453415581344932,0.25189014841219,2,1,150,0.441315540583741,-0.0344845419177708,2,1.49910959123825,0,7.25107,2771,0.2,0,15,"both",0.441315540583741,-0.0344845419177708
"246","session1",-2.01311114353406,25.2628705971794,1.39411191996775,1.76571279969102e-05,0.665330403295328,0.453415581344932,0.25189014841219,2,1,150,0.441315540583741,-0.0344845419177708,2,1.42640697277888,1,8.59319,2771,0.2,0,15,"both",0.441315540583741,-0.0344845419177708
"247","session1",-2.01311114353406,25.2628705971794,1.39411191996775,1.76571279969102e-05,0.665330403295328,0.453415581344932,0.25189014841219,2,1,150,0.441315540583741,-0.0344845419177708,2,3.36373579954875,1,3.54209,2771,0.2,0,15,"both",0.441315540583741,-0.0344845419177708
"248","session1",-2.01311114353406,25.2628705971794,1.39411191996775,1.76571279969102e-05,0.665330403295328,0.453415581344932,0.25189014841219,2,1,150,0.441315540583741,-0.0344845419177708,2,1.7976397588441,1,13.42141,2771,0.2,0,15,"both",0.441315540583741,-0.0344845419177708
"249","session1",-2.01311114353406,25.2628705971794,1.39411191996775,1.76571279969102e-05,0.665330403295328,0.453415581344932,0.25189014841219,2,1,150,0.441315540583741,-0.0344845419177708,2,1.75389045304935,1,5.00523,2771,0.2,0,15,"both",0.441315540583741,-0.0344845419177708
"250","session1",-2.01311114353406,25.2628705971794,1.39411191996775,1.76571279969102e-05,0.665330403295328,0.453415581344932,0.25189014841219,2,1,150,0.441315540583741,-0.0344845419177708,2,1.68405723196765,0,5.47961,2771,0.2,0,15,"both",0.441315540583741,-0.0344845419177708
"251","session1",-2.01311114353406,25.2628705971794,1.39411191996775,1.76571279969102e-05,0.665330403295328,0.453415581344932,0.25189014841219,2,1,150,0.441315540583741,-0.0344845419177708,2,2.34884318648569,1,1.22206,2771,0.2,0,15,"both",0.441315540583741,-0.0344845419177708
"252","session1",-2.01311114353406,25.2628705971794,1.39411191996775,1.76571279969102e-05,0.665330403295328,0.453415581344932,0.25189014841219,2,1,150,0.441315540583741,-0.0344845419177708,2,3.25046489476638,0,2.17797,2771,0.2,0,15,"both",0.441315540583741,-0.0344845419177708
"253","session1",-2.01311114353406,25.2628705971794,1.39411191996775,1.76571279969102e-05,0.665330403295328,0.453415581344932,0.25189014841219,2,1,150,0.441315540583741,-0.0344845419177708,2,3.3688558086506,0,-14.37457,2771,0.2,0,15,"both",0.441315540583741,-0.0344845419177708
"254","session1",-2.01311114353406,25.2628705971794,1.39411191996775,1.76571279969102e-05,0.665330403295328,0.453415581344932,0.25189014841219,2,1,150,0.441315540583741,-0.0344845419177708,2,4.10606626018227,1,-1.53258,2771,0.2,0,15,"both",0.441315540583741,-0.0344845419177708
"255","session1",-2.01311114353406,25.2628705971794,1.39411191996775,1.76571279969102e-05,0.665330403295328,0.453415581344932,0.25189014841219,2,1,150,0.441315540583741,-0.0344845419177708,2,2.84095100353615,0,-26.29782,2771,0.2,0,15,"both",0.441315540583741,-0.0344845419177708
"256","session1",-2.01311114353406,25.2628705971794,1.39411191996775,1.76571279969102e-05,0.665330403295328,0.453415581344932,0.25189014841219,2,1,150,0.441315540583741,-0.0344845419177708,2,2.88825823968602,0,-3.16987,2771,0.2,0,15,"both",0.441315540583741,-0.0344845419177708
"257","session1",-2.01311114353406,25.2628705971794,1.39411191996775,1.76571279969102e-05,0.665330403295328,0.453415581344932,0.25189014841219,2,1,150,0.441315540583741,-0.0344845419177708,2,1.74678739605903,1,-0.28659,2771,0.2,0,15,"both",0.441315540583741,-0.0344845419177708
"258","session1",-2.01311114353406,25.2628705971794,1.39411191996775,1.76571279969102e-05,0.665330403295328,0.453415581344932,0.25189014841219,2,1,150,0.441315540583741,-0.0344845419177708,2,5.14583200494018,1,-9.00978,2771,0.2,0,15,"both",0.441315540583741,-0.0344845419177708
"259","session1",-2.01311114353406,25.2628705971794,1.39411191996775,1.76571279969102e-05,0.665330403295328,0.453415581344932,0.25189014841219,2,1,150,0.441315540583741,-0.0344845419177708,2,1.8051052498778,0,0.83765,2771,0.2,0,15,"both",0.441315540583741,-0.0344845419177708
"260","session1",-2.01311114353406,25.2628705971794,1.39411191996775,1.76571279969102e-05,0.665330403295328,0.453415581344932,0.25189014841219,2,1,150,0.441315540583741,-0.0344845419177708,2,2.63252343431804,0,11.23056,2771,0.2,0,15,"both",0.441315540583741,-0.0344845419177708
"261","session1",-2.01311114353406,25.2628705971794,1.39411191996775,1.76571279969102e-05,0.665330403295328,0.453415581344932,0.25189014841219,2,1,150,0.441315540583741,-0.0344845419177708,2,1.89434793475393,1,4.92365,2771,0.2,0,15,"both",0.441315540583741,-0.0344845419177708
"262","session1",-2.01311114353406,25.2628705971794,1.39411191996775,1.76571279969102e-05,0.665330403295328,0.453415581344932,0.25189014841219,2,1,150,0.441315540583741,-0.0344845419177708,2,4.29319139472635,0,-11.85394,2771,0.2,0,15,"both",0.441315540583741,-0.0344845419177708
"263","session1",-2.01311114353406,25.2628705971794,1.39411191996775,1.76571279969102e-05,0.665330403295328,0.453415581344932,0.25189014841219,2,1,150,0.441315540583741,-0.0344845419177708,2,2.64326511273924,0,-19.51498,2771,0.2,0,15,"both",0.441315540583741,-0.0344845419177708
"264","session1",-2.01311114353406,25.2628705971794,1.39411191996775,1.76571279969102e-05,0.665330403295328,0.453415581344932,0.25189014841219,2,1,150,0.441315540583741,-0.0344845419177708,2,3.11668078536863,1,2.83304,2771,0.2,0,15,"both",0.441315540583741,-0.0344845419177708
"265","session1",-2.01311114353406,25.2628705971794,1.39411191996775,1.76571279969102e-05,0.665330403295328,0.453415581344932,0.25189014841219,2,1,150,0.441315540583741,-0.0344845419177708,2,3.46974240538253,0,-0.68287,2771,0.2,0,15,"both",0.441315540583741,-0.0344845419177708
"266","session1",-2.01311114353406,25.2628705971794,1.39411191996775,1.76571279969102e-05,0.665330403295328,0.453415581344932,0.25189014841219,2,1,150,0.441315540583741,-0.0344845419177708,2,1.52742435984535,0,-12.88986,2771,0.2,0,15,"both",0.441315540583741,-0.0344845419177708
"267","session1",-2.01311114353406,25.2628705971794,1.39411191996775,1.76571279969102e-05,0.665330403295328,0.453415581344932,0.25189014841219,2,1,150,0.441315540583741,-0.0344845419177708,2,3.17447504073645,0,-4.77096,2771,0.2,0,15,"both",0.441315540583741,-0.0344845419177708
"268","session1",-2.01311114353406,25.2628705971794,1.39411191996775,1.76571279969102e-05,0.665330403295328,0.453415581344932,0.25189014841219,2,1,150,0.441315540583741,-0.0344845419177708,2,5.83846196050045,1,-9.36636,2771,0.2,0,15,"both",0.441315540583741,-0.0344845419177708
"269","session1",-2.01311114353406,25.2628705971794,1.39411191996775,1.76571279969102e-05,0.665330403295328,0.453415581344932,0.25189014841219,2,1,150,0.441315540583741,-0.0344845419177708,2,2.14483209956075,0,-15.4959,2771,0.2,0,15,"both",0.441315540583741,-0.0344845419177708
"270","session1",-2.01311114353406,25.2628705971794,1.39411191996775,1.76571279969102e-05,0.665330403295328,0.453415581344932,0.25189014841219,2,1,150,0.441315540583741,-0.0344845419177708,2,3.34057296712908,1,10.92317,2771,0.2,0,15,"both",0.441315540583741,-0.0344845419177708
"271","session1",-2.01311114353406,25.2628705971794,1.39411191996775,1.76571279969102e-05,0.665330403295328,0.453415581344932,0.25189014841219,2,1,150,0.441315540583741,-0.0344845419177708,2,2.36952924644706,0,-14.50248,2771,0.2,0,15,"both",0.441315540583741,-0.0344845419177708
"272","session1",-2.01311114353406,25.2628705971794,1.39411191996775,1.76571279969102e-05,0.665330403295328,0.453415581344932,0.25189014841219,2,1,150,0.441315540583741,-0.0344845419177708,2,3.0662004682942,1,-24.61028,2771,0.2,0,15,"both",0.441315540583741,-0.0344845419177708
"273","session1",-2.01311114353406,25.2628705971794,1.39411191996775,1.76571279969102e-05,0.665330403295328,0.453415581344932,0.25189014841219,2,1,150,0.441315540583741,-0.0344845419177708,2,4.67800654714617,0,-24.32393,2771,0.2,0,15,"both",0.441315540583741,-0.0344845419177708
"274","session1",-2.01311114353406,25.2628705971794,1.39411191996775,1.76571279969102e-05,0.665330403295328,0.453415581344932,0.25189014841219,2,1,150,0.441315540583741,-0.0344845419177708,2,3.59394981318133,1,-2.19288,2771,0.2,0,15,"both",0.441315540583741,-0.0344845419177708
"275","session1",-2.01311114353406,25.2628705971794,1.39411191996775,1.76571279969102e-05,0.665330403295328,0.453415581344932,0.25189014841219,2,1,150,0.441315540583741,-0.0344845419177708,2,4.38412073516228,1,14.02033,2771,0.2,0,15,"both",0.441315540583741,-0.0344845419177708
"276","session1",-2.01311114353406,25.2628705971794,1.39411191996775,1.76571279969102e-05,0.665330403295328,0.453415581344932,0.25189014841219,2,1,150,0.441315540583741,-0.0344845419177708,2,3.10384294358561,0,-13.70758,2771,0.2,0,15,"both",0.441315540583741,-0.0344845419177708
"277","session1",-2.01311114353406,25.2628705971794,1.39411191996775,1.76571279969102e-05,0.665330403295328,0.453415581344932,0.25189014841219,2,1,150,0.441315540583741,-0.0344845419177708,2,2.47248931059025,1,-9.1069,2771,0.2,0,15,"both",0.441315540583741,-0.0344845419177708
"278","session1",-2.01311114353406,25.2628705971794,1.39411191996775,1.76571279969102e-05,0.665330403295328,0.453415581344932,0.25189014841219,2,1,150,0.441315540583741,-0.0344845419177708,2,2.45598338891549,0,7.93967,2771,0.2,0,15,"both",0.441315540583741,-0.0344845419177708
"279","session1",-2.01311114353406,25.2628705971794,1.39411191996775,1.76571279969102e-05,0.665330403295328,0.453415581344932,0.25189014841219,2,1,150,0.441315540583741,-0.0344845419177708,2,2.4015488797486,0,-14.9316,2771,0.2,0,15,"both",0.441315540583741,-0.0344845419177708
"280","session1",-2.01311114353406,25.2628705971794,1.39411191996775,1.76571279969102e-05,0.665330403295328,0.453415581344932,0.25189014841219,2,1,150,0.441315540583741,-0.0344845419177708,2,2.39862352365658,1,-8.0223,2771,0.2,0,15,"both",0.441315540583741,-0.0344845419177708
"281","session1",-2.01311114353406,25.2628705971794,1.39411191996775,1.76571279969102e-05,0.665330403295328,0.453415581344932,0.25189014841219,2,1,150,0.441315540583741,-0.0344845419177708,2,2.1510174561184,1,19.17938,2771,0.2,0,15,"both",0.441315540583741,-0.0344845419177708
"282","session1",-2.01311114353406,25.2628705971794,1.39411191996775,1.76571279969102e-05,0.665330403295328,0.453415581344932,0.25189014841219,2,1,150,0.441315540583741,-0.0344845419177708,2,2.87293225697042,1,-11.18662,2771,0.2,0,15,"both",0.441315540583741,-0.0344845419177708
"283","session1",-2.01311114353406,25.2628705971794,1.39411191996775,1.76571279969102e-05,0.665330403295328,0.453415581344932,0.25189014841219,2,1,150,0.441315540583741,-0.0344845419177708,2,3.37911860480954,1,-17.54333,2771,0.2,0,15,"both",0.441315540583741,-0.0344845419177708
"284","session1",-2.01311114353406,25.2628705971794,1.39411191996775,1.76571279969102e-05,0.665330403295328,0.453415581344932,0.25189014841219,2,1,150,0.441315540583741,-0.0344845419177708,2,4.10236595480942,0,-16.61173,2771,0.2,0,15,"both",0.441315540583741,-0.0344845419177708
"285","session1",-2.01311114353406,25.2628705971794,1.39411191996775,1.76571279969102e-05,0.665330403295328,0.453415581344932,0.25189014841219,2,1,150,0.441315540583741,-0.0344845419177708,2,3.36582167692221,1,-13.61573,2771,0.2,0,15,"both",0.441315540583741,-0.0344845419177708
"286","session1",-2.01311114353406,25.2628705971794,1.39411191996775,1.76571279969102e-05,0.665330403295328,0.453415581344932,0.25189014841219,2,1,150,0.441315540583741,-0.0344845419177708,2,3.53436444258258,1,9.35532,2771,0.2,0,15,"both",0.441315540583741,-0.0344845419177708
"287","session1",-2.01311114353406,25.2628705971794,1.39411191996775,1.76571279969102e-05,0.665330403295328,0.453415581344932,0.25189014841219,2,1,150,0.441315540583741,-0.0344845419177708,2,4.09345928292611,0,-20.4413,2771,0.2,0,15,"both",0.441315540583741,-0.0344845419177708
"288","session1",-2.01311114353406,25.2628705971794,1.39411191996775,1.76571279969102e-05,0.665330403295328,0.453415581344932,0.25189014841219,2,1,150,0.441315540583741,-0.0344845419177708,2,4.65212842895552,0,-31.434,2771,0.2,0,15,"both",0.441315540583741,-0.0344845419177708
"289","session1",-2.01311114353406,25.2628705971794,1.39411191996775,1.76571279969102e-05,0.665330403295328,0.453415581344932,0.25189014841219,2,1,150,0.441315540583741,-0.0344845419177708,2,2.12208558373417,0,-29.133,2771,0.2,0,15,"both",0.441315540583741,-0.0344845419177708
"290","session1",-2.01311114353406,25.2628705971794,1.39411191996775,1.76571279969102e-05,0.665330403295328,0.453415581344932,0.25189014841219,2,1,150,0.441315540583741,-0.0344845419177708,2,3.3612315206578,1,10.45781,2771,0.2,0,15,"both",0.441315540583741,-0.0344845419177708
"291","session1",-2.01311114353406,25.2628705971794,1.39411191996775,1.76571279969102e-05,0.665330403295328,0.453415581344932,0.25189014841219,2,1,150,0.441315540583741,-0.0344845419177708,2,2.41629566051273,0,-0.11773,2771,0.2,0,15,"both",0.441315540583741,-0.0344845419177708
"292","session1",-2.01311114353406,25.2628705971794,1.39411191996775,1.76571279969102e-05,0.665330403295328,0.453415581344932,0.25189014841219,2,1,150,0.441315540583741,-0.0344845419177708,2,3.03799925790245,0,-2.05673,2771,0.2,0,15,"both",0.441315540583741,-0.0344845419177708
"293","session1",-2.01311114353406,25.2628705971794,1.39411191996775,1.76571279969102e-05,0.665330403295328,0.453415581344932,0.25189014841219,2,1,150,0.441315540583741,-0.0344845419177708,2,3.32482600732443,1,11.30837,2771,0.2,0,15,"both",0.441315540583741,-0.0344845419177708
"294","session1",-2.01311114353406,25.2628705971794,1.39411191996775,1.76571279969102e-05,0.665330403295328,0.453415581344932,0.25189014841219,2,1,150,0.441315540583741,-0.0344845419177708,2,1.96550779693563,0,-30.79012,2771,0.2,0,15,"both",0.441315540583741,-0.0344845419177708
"295","session1",-2.01311114353406,25.2628705971794,1.39411191996775,1.76571279969102e-05,0.665330403295328,0.453415581344932,0.25189014841219,2,1,150,0.441315540583741,-0.0344845419177708,2,3.33471724208511,0,-23.5224,2771,0.2,0,15,"both",0.441315540583741,-0.0344845419177708
"296","session1",-2.01311114353406,25.2628705971794,1.39411191996775,1.76571279969102e-05,0.665330403295328,0.453415581344932,0.25189014841219,2,1,150,0.441315540583741,-0.0344845419177708,2,2.41241917907905,0,-15.08597,2771,0.2,0,15,"both",0.441315540583741,-0.0344845419177708
"297","session1",-2.01311114353406,25.2628705971794,1.39411191996775,1.76571279969102e-05,0.665330403295328,0.453415581344932,0.25189014841219,2,1,150,0.441315540583741,-0.0344845419177708,2,3.70420692489907,0,4.41428,2771,0.2,0,15,"both",0.441315540583741,-0.0344845419177708
"298","session1",-2.01311114353406,25.2628705971794,1.39411191996775,1.76571279969102e-05,0.665330403295328,0.453415581344932,0.25189014841219,2,1,150,0.441315540583741,-0.0344845419177708,2,3.48587061587299,0,-13.82604,2771,0.2,0,15,"both",0.441315540583741,-0.0344845419177708
"299","session1",-2.01311114353406,25.2628705971794,1.39411191996775,1.76571279969102e-05,0.665330403295328,0.453415581344932,0.25189014841219,2,1,150,0.441315540583741,-0.0344845419177708,2,4.54249300835561,0,8.61728,2771,0.2,0,15,"both",0.441315540583741,-0.0344845419177708
"300","session1",-2.01311114353406,25.2628705971794,1.39411191996775,1.76571279969102e-05,0.665330403295328,0.453415581344932,0.25189014841219,2,1,150,0.441315540583741,-0.0344845419177708,2,3.32909254927033,1,24.81818,2771,0.2,0,15,"both",0.441315540583741,-0.0344845419177708
"301","session1",-7.86700037359736,9.87863787495312,2.76090183095949,0.000212160246906,0.115942596393607,0.591317491942522,0.718134496133646,3,1,150,0.441315540583741,-0.0344845419177708,3,1.08766366674453,1,8.4383034084,2771,0.2,0,15,"both",0.441315540583741,-0.0344845419177708
"302","session1",-7.86700037359736,9.87863787495312,2.76090183095949,0.000212160246906,0.115942596393607,0.591317491942522,0.718134496133646,3,1,150,0.441315540583741,-0.0344845419177708,3,2.20148572245134,1,-6.64557472945,2771,0.2,0,15,"both",0.441315540583741,-0.0344845419177708
"303","session1",-7.86700037359736,9.87863787495312,2.76090183095949,0.000212160246906,0.115942596393607,0.591317491942522,0.718134496133646,3,1,150,0.441315540583741,-0.0344845419177708,3,6.595604313436,1,-12.861145256,2771,0.2,0,15,"both",0.441315540583741,-0.0344845419177708
"304","session1",-7.86700037359736,9.87863787495312,2.76090183095949,0.000212160246906,0.115942596393607,0.591317491942522,0.718134496133646,3,1,150,0.441315540583741,-0.0344845419177708,3,2.49672353057796,0,-21.712678164,2771,0.2,0,15,"both",0.441315540583741,-0.0344845419177708
"305","session1",-7.86700037359736,9.87863787495312,2.76090183095949,0.000212160246906,0.115942596393607,0.591317491942522,0.718134496133646,3,1,150,0.441315540583741,-0.0344845419177708,3,1.56367189684442,0,-22.03346,2771,0.2,0,15,"both",0.441315540583741,-0.0344845419177708
"306","session1",-7.86700037359736,9.87863787495312,2.76090183095949,0.000212160246906,0.115942596393607,0.591317491942522,0.718134496133646,3,1,150,0.441315540583741,-0.0344845419177708,3,1.66606394584462,0,-17.0355,2771,0.2,0,15,"both",0.441315540583741,-0.0344845419177708
"307","session1",-7.86700037359736,9.87863787495312,2.76090183095949,0.000212160246906,0.115942596393607,0.591317491942522,0.718134496133646,3,1,150,0.441315540583741,-0.0344845419177708,3,3.19849527250296,1,-9.69228,2771,0.2,0,15,"both",0.441315540583741,-0.0344845419177708
"308","session1",-7.86700037359736,9.87863787495312,2.76090183095949,0.000212160246906,0.115942596393607,0.591317491942522,0.718134496133646,3,1,150,0.441315540583741,-0.0344845419177708,3,2.44387437899182,0,-14.33859,2771,0.2,0,15,"both",0.441315540583741,-0.0344845419177708
"309","session1",-7.86700037359736,9.87863787495312,2.76090183095949,0.000212160246906,0.115942596393607,0.591317491942522,0.718134496133646,3,1,150,0.441315540583741,-0.0344845419177708,3,2.43983491301208,1,-13.9251,2771,0.2,0,15,"both",0.441315540583741,-0.0344845419177708
"310","session1",-7.86700037359736,9.87863787495312,2.76090183095949,0.000212160246906,0.115942596393607,0.591317491942522,0.718134496133646,3,1,150,0.441315540583741,-0.0344845419177708,3,2.89615749703203,1,-13.11338,2771,0.2,0,15,"both",0.441315540583741,-0.0344845419177708
"311","session1",-7.86700037359736,9.87863787495312,2.76090183095949,0.000212160246906,0.115942596393607,0.591317491942522,0.718134496133646,3,1,150,0.441315540583741,-0.0344845419177708,3,2.52339189578335,1,-9.49708,2771,0.2,0,15,"both",0.441315540583741,-0.0344845419177708
"312","session1",-7.86700037359736,9.87863787495312,2.76090183095949,0.000212160246906,0.115942596393607,0.591317491942522,0.718134496133646,3,1,150,0.441315540583741,-0.0344845419177708,3,2.31504958497592,0,-19.99657,2771,0.2,0,15,"both",0.441315540583741,-0.0344845419177708
"313","session1",-7.86700037359736,9.87863787495312,2.76090183095949,0.000212160246906,0.115942596393607,0.591317491942522,0.718134496133646,3,1,150,0.441315540583741,-0.0344845419177708,3,2.16204427999567,1,-9.59304,2771,0.2,0,15,"both",0.441315540583741,-0.0344845419177708
"314","session1",-7.86700037359736,9.87863787495312,2.76090183095949,0.000212160246906,0.115942596393607,0.591317491942522,0.718134496133646,3,1,150,0.441315540583741,-0.0344845419177708,3,2.42956843954452,0,-12.57133,2771,0.2,0,15,"both",0.441315540583741,-0.0344845419177708
"315","session1",-7.86700037359736,9.87863787495312,2.76090183095949,0.000212160246906,0.115942596393607,0.591317491942522,0.718134496133646,3,1,150,0.441315540583741,-0.0344845419177708,3,2.9848575238361,0,-9.84871,2771,0.2,0,15,"both",0.441315540583741,-0.0344845419177708
"316","session1",-7.86700037359736,9.87863787495312,2.76090183095949,0.000212160246906,0.115942596393607,0.591317491942522,0.718134496133646,3,1,150,0.441315540583741,-0.0344845419177708,3,4.6152238324405,0,-7.17879,2771,0.2,0,15,"both",0.441315540583741,-0.0344845419177708
"317","session1",-7.86700037359736,9.87863787495312,2.76090183095949,0.000212160246906,0.115942596393607,0.591317491942522,0.718134496133646,3,1,150,0.441315540583741,-0.0344845419177708,3,3.12084861133294,0,-16.06453,2771,0.2,0,15,"both",0.441315540583741,-0.0344845419177708
"318","session1",-7.86700037359736,9.87863787495312,2.76090183095949,0.000212160246906,0.115942596393607,0.591317491942522,0.718134496133646,3,1,150,0.441315540583741,-0.0344845419177708,3,3.70789979484767,1,-1.57886,2771,0.2,0,15,"both",0.441315540583741,-0.0344845419177708
"319","session1",-7.86700037359736,9.87863787495312,2.76090183095949,0.000212160246906,0.115942596393607,0.591317491942522,0.718134496133646,3,1,150,0.441315540583741,-0.0344845419177708,3,2.23725863755417,0,-17.08649,2771,0.2,0,15,"both",0.441315540583741,-0.0344845419177708
"320","session1",-7.86700037359736,9.87863787495312,2.76090183095949,0.000212160246906,0.115942596393607,0.591317491942522,0.718134496133646,3,1,150,0.441315540583741,-0.0344845419177708,3,2.76566875390806,0,-36.4085,2771,0.2,0,15,"both",0.441315540583741,-0.0344845419177708
"321","session1",-7.86700037359736,9.87863787495312,2.76090183095949,0.000212160246906,0.115942596393607,0.591317491942522,0.718134496133646,3,1,150,0.441315540583741,-0.0344845419177708,3,5.72191347766275,1,-6.2274,2771,0.2,0,15,"both",0.441315540583741,-0.0344845419177708
"322","session1",-7.86700037359736,9.87863787495312,2.76090183095949,0.000212160246906,0.115942596393607,0.591317491942522,0.718134496133646,3,1,150,0.441315540583741,-0.0344845419177708,3,5.47454066990176,0,-11.18697,2771,0.2,0,15,"both",0.441315540583741,-0.0344845419177708
"323","session1",-7.86700037359736,9.87863787495312,2.76090183095949,0.000212160246906,0.115942596393607,0.591317491942522,0.718134496133646,3,1,150,0.441315540583741,-0.0344845419177708,3,1.76436751825808,0,-18.78131,2771,0.2,0,15,"both",0.441315540583741,-0.0344845419177708
"324","session1",-7.86700037359736,9.87863787495312,2.76090183095949,0.000212160246906,0.115942596393607,0.591317491942522,0.718134496133646,3,1,150,0.441315540583741,-0.0344845419177708,3,1.82925712829874,1,-23.03477,2771,0.2,0,15,"both",0.441315540583741,-0.0344845419177708
"325","session1",-7.86700037359736,9.87863787495312,2.76090183095949,0.000212160246906,0.115942596393607,0.591317491942522,0.718134496133646,3,1,150,0.441315540583741,-0.0344845419177708,3,2.76549019839472,0,-6.67247,2771,0.2,0,15,"both",0.441315540583741,-0.0344845419177708
"326","session1",-7.86700037359736,9.87863787495312,2.76090183095949,0.000212160246906,0.115942596393607,0.591317491942522,0.718134496133646,3,1,150,0.441315540583741,-0.0344845419177708,3,3.3566874167477,0,-0.491300000000001,2771,0.2,0,15,"both",0.441315540583741,-0.0344845419177708
"327","session1",-7.86700037359736,9.87863787495312,2.76090183095949,0.000212160246906,0.115942596393607,0.591317491942522,0.718134496133646,3,1,150,0.441315540583741,-0.0344845419177708,3,4.07360333000871,1,4.9688,2771,0.2,0,15,"both",0.441315540583741,-0.0344845419177708
"328","session1",-7.86700037359736,9.87863787495312,2.76090183095949,0.000212160246906,0.115942596393607,0.591317491942522,0.718134496133646,3,1,150,0.441315540583741,-0.0344845419177708,3,2.02843387816286,1,1.0425,2771,0.2,0,15,"both",0.441315540583741,-0.0344845419177708
"329","session1",-7.86700037359736,9.87863787495312,2.76090183095949,0.000212160246906,0.115942596393607,0.591317491942522,0.718134496133646,3,1,150,0.441315540583741,-0.0344845419177708,3,5.44908752726112,0,-20.8883,2771,0.2,0,15,"both",0.441315540583741,-0.0344845419177708
"330","session1",-7.86700037359736,9.87863787495312,2.76090183095949,0.000212160246906,0.115942596393607,0.591317491942522,0.718134496133646,3,1,150,0.441315540583741,-0.0344845419177708,3,2.36617869578284,0,-25.0399,2771,0.2,0,15,"both",0.441315540583741,-0.0344845419177708
"331","session1",-7.86700037359736,9.87863787495312,2.76090183095949,0.000212160246906,0.115942596393607,0.591317491942522,0.718134496133646,3,1,150,0.441315540583741,-0.0344845419177708,3,2.34813426370547,0,-24.2834,2771,0.2,0,15,"both",0.441315540583741,-0.0344845419177708
"332","session1",-7.86700037359736,9.87863787495312,2.76090183095949,0.000212160246906,0.115942596393607,0.591317491942522,0.718134496133646,3,1,150,0.441315540583741,-0.0344845419177708,3,3.47705497747996,1,-10.74038,2771,0.2,0,15,"both",0.441315540583741,-0.0344845419177708
"333","session1",-7.86700037359736,9.87863787495312,2.76090183095949,0.000212160246906,0.115942596393607,0.591317491942522,0.718134496133646,3,1,150,0.441315540583741,-0.0344845419177708,3,2.74389526018435,0,-18.81673,2771,0.2,0,15,"both",0.441315540583741,-0.0344845419177708
"334","session1",-7.86700037359736,9.87863787495312,2.76090183095949,0.000212160246906,0.115942596393607,0.591317491942522,0.718134496133646,3,1,150,0.441315540583741,-0.0344845419177708,3,1.61922893878061,1,12.22967,2771,0.2,0,15,"both",0.441315540583741,-0.0344845419177708
"335","session1",-7.86700037359736,9.87863787495312,2.76090183095949,0.000212160246906,0.115942596393607,0.591317491942522,0.718134496133646,3,1,150,0.441315540583741,-0.0344845419177708,3,2.11626787712919,0,-6.85349,2771,0.2,0,15,"both",0.441315540583741,-0.0344845419177708
"336","session1",-7.86700037359736,9.87863787495312,2.76090183095949,0.000212160246906,0.115942596393607,0.591317491942522,0.718134496133646,3,1,150,0.441315540583741,-0.0344845419177708,3,1.16190257391583,1,12.97989,2771,0.2,0,15,"both",0.441315540583741,-0.0344845419177708
"337","session1",-7.86700037359736,9.87863787495312,2.76090183095949,0.000212160246906,0.115942596393607,0.591317491942522,0.718134496133646,3,1,150,0.441315540583741,-0.0344845419177708,3,4.41148443364246,1,-13.02554,2771,0.2,0,15,"both",0.441315540583741,-0.0344845419177708
"338","session1",-7.86700037359736,9.87863787495312,2.76090183095949,0.000212160246906,0.115942596393607,0.591317491942522,0.718134496133646,3,1,150,0.441315540583741,-0.0344845419177708,3,1.98767135885488,0,-22.24591,2771,0.2,0,15,"both",0.441315540583741,-0.0344845419177708
"339","session1",-7.86700037359736,9.87863787495312,2.76090183095949,0.000212160246906,0.115942596393607,0.591317491942522,0.718134496133646,3,1,150,0.441315540583741,-0.0344845419177708,3,1.90546559561095,0,-3.32125,2771,0.2,0,15,"both",0.441315540583741,-0.0344845419177708
"340","session1",-7.86700037359736,9.87863787495312,2.76090183095949,0.000212160246906,0.115942596393607,0.591317491942522,0.718134496133646,3,1,150,0.441315540583741,-0.0344845419177708,3,2.53556029102303,1,-6.98019,2771,0.2,0,15,"both",0.441315540583741,-0.0344845419177708
"341","session1",-7.86700037359736,9.87863787495312,2.76090183095949,0.000212160246906,0.115942596393607,0.591317491942522,0.718134496133646,3,1,150,0.441315540583741,-0.0344845419177708,3,2.53635289600132,1,-20.66782,2771,0.2,0,15,"both",0.441315540583741,-0.0344845419177708
"342","session1",-7.86700037359736,9.87863787495312,2.76090183095949,0.000212160246906,0.115942596393607,0.591317491942522,0.718134496133646,3,1,150,0.441315540583741,-0.0344845419177708,3,1.95759754594724,0,-25.123,2771,0.2,0,15,"both",0.441315540583741,-0.0344845419177708
"343","session1",-7.86700037359736,9.87863787495312,2.76090183095949,0.000212160246906,0.115942596393607,0.591317491942522,0.718134496133646,3,1,150,0.441315540583741,-0.0344845419177708,3,1.90179534679866,0,-21.78875,2771,0.2,0,15,"both",0.441315540583741,-0.0344845419177708
"344","session1",-7.86700037359736,9.87863787495312,2.76090183095949,0.000212160246906,0.115942596393607,0.591317491942522,0.718134496133646,3,1,150,0.441315540583741,-0.0344845419177708,3,2.41969613708998,1,5.4248,2771,0.2,0,15,"both",0.441315540583741,-0.0344845419177708
"345","session1",-7.86700037359736,9.87863787495312,2.76090183095949,0.000212160246906,0.115942596393607,0.591317491942522,0.718134496133646,3,1,150,0.441315540583741,-0.0344845419177708,3,4.71049544470676,1,1.5792,2771,0.2,0,15,"both",0.441315540583741,-0.0344845419177708
"346","session1",-7.86700037359736,9.87863787495312,2.76090183095949,0.000212160246906,0.115942596393607,0.591317491942522,0.718134496133646,3,1,150,0.441315540583741,-0.0344845419177708,3,1.546347721361,1,4.4022,2771,0.2,0,15,"both",0.441315540583741,-0.0344845419177708
"347","session1",-7.86700037359736,9.87863787495312,2.76090183095949,0.000212160246906,0.115942596393607,0.591317491942522,0.718134496133646,3,1,150,0.441315540583741,-0.0344845419177708,3,1.61593504653796,0,-23.283,2771,0.2,0,15,"both",0.441315540583741,-0.0344845419177708
"348","session1",-7.86700037359736,9.87863787495312,2.76090183095949,0.000212160246906,0.115942596393607,0.591317491942522,0.718134496133646,3,1,150,0.441315540583741,-0.0344845419177708,3,1.7805779579624,0,-17.73032,2771,0.2,0,15,"both",0.441315540583741,-0.0344845419177708
"349","session1",-7.86700037359736,9.87863787495312,2.76090183095949,0.000212160246906,0.115942596393607,0.591317491942522,0.718134496133646,3,1,150,0.441315540583741,-0.0344845419177708,3,1.59870395402822,1,0.0158200000000015,2771,0.2,0,15,"both",0.441315540583741,-0.0344845419177708
"350","session1",-7.86700037359736,9.87863787495312,2.76090183095949,0.000212160246906,0.115942596393607,0.591317491942522,0.718134496133646,3,1,150,0.441315540583741,-0.0344845419177708,3,2.97385350595054,1,-21.46392,2771,0.2,0,15,"both",0.441315540583741,-0.0344845419177708
"351","session1",-7.86700037359736,9.87863787495312,2.76090183095949,0.000212160246906,0.115942596393607,0.591317491942522,0.718134496133646,3,1,150,0.441315540583741,-0.0344845419177708,3,2.49752726330351,0,-22.18448,2771,0.2,0,15,"both",0.441315540583741,-0.0344845419177708
"352","session1",-7.86700037359736,9.87863787495312,2.76090183095949,0.000212160246906,0.115942596393607,0.591317491942522,0.718134496133646,3,1,150,0.441315540583741,-0.0344845419177708,3,2.50386235560509,1,-3.93263,2771,0.2,0,15,"both",0.441315540583741,-0.0344845419177708
"353","session1",-7.86700037359736,9.87863787495312,2.76090183095949,0.000212160246906,0.115942596393607,0.591317491942522,0.718134496133646,3,1,150,0.441315540583741,-0.0344845419177708,3,2.05538868175459,1,-5.67978,2771,0.2,0,15,"both",0.441315540583741,-0.0344845419177708
"354","session1",-7.86700037359736,9.87863787495312,2.76090183095949,0.000212160246906,0.115942596393607,0.591317491942522,0.718134496133646,3,1,150,0.441315540583741,-0.0344845419177708,3,2.66074440878055,1,2.4718,2771,0.2,0,15,"both",0.441315540583741,-0.0344845419177708
"355","session1",-7.86700037359736,9.87863787495312,2.76090183095949,0.000212160246906,0.115942596393607,0.591317491942522,0.718134496133646,3,1,150,0.441315540583741,-0.0344845419177708,3,5.61928403446272,0,-21.3906,2771,0.2,0,15,"both",0.441315540583741,-0.0344845419177708
"356","session1",-7.86700037359736,9.87863787495312,2.76090183095949,0.000212160246906,0.115942596393607,0.591317491942522,0.718134496133646,3,1,150,0.441315540583741,-0.0344845419177708,3,1.72516114370783,1,-1.99261,2771,0.2,0,15,"both",0.441315540583741,-0.0344845419177708
"357","session1",-7.86700037359736,9.87863787495312,2.76090183095949,0.000212160246906,0.115942596393607,0.591317491942522,0.718134496133646,3,1,150,0.441315540583741,-0.0344845419177708,3,2.98590002513927,1,-0.424900000000001,2771,0.2,0,15,"both",0.441315540583741,-0.0344845419177708
"358","session1",-7.86700037359736,9.87863787495312,2.76090183095949,0.000212160246906,0.115942596393607,0.591317491942522,0.718134496133646,3,1,150,0.441315540583741,-0.0344845419177708,3,1.49888706937318,0,-23.31085,2771,0.2,0,15,"both",0.441315540583741,-0.0344845419177708
"359","session1",-7.86700037359736,9.87863787495312,2.76090183095949,0.000212160246906,0.115942596393607,0.591317491942522,0.718134496133646,3,1,150,0.441315540583741,-0.0344845419177708,3,2.08028499047337,1,-0.636930000000001,2771,0.2,0,15,"both",0.441315540583741,-0.0344845419177708
"360","session1",-7.86700037359736,9.87863787495312,2.76090183095949,0.000212160246906,0.115942596393607,0.591317491942522,0.718134496133646,3,1,150,0.441315540583741,-0.0344845419177708,3,8,0,-19.22147,2771,0.2,0,15,"both",0.441315540583741,-0.0344845419177708
"361","session1",-7.86700037359736,9.87863787495312,2.76090183095949,0.000212160246906,0.115942596393607,0.591317491942522,0.718134496133646,3,1,150,0.441315540583741,-0.0344845419177708,3,2.26127001059993,1,-1.55414,2771,0.2,0,15,"both",0.441315540583741,-0.0344845419177708
"362","session1",-7.86700037359736,9.87863787495312,2.76090183095949,0.000212160246906,0.115942596393607,0.591317491942522,0.718134496133646,3,1,150,0.441315540583741,-0.0344845419177708,3,1.72001544298401,1,-4.21566,2771,0.2,0,15,"both",0.441315540583741,-0.0344845419177708
"363","session1",-7.86700037359736,9.87863787495312,2.76090183095949,0.000212160246906,0.115942596393607,0.591317491942522,0.718134496133646,3,1,150,0.441315540583741,-0.0344845419177708,3,3.77973470804896,0,-21.75014,2771,0.2,0,15,"both",0.441315540583741,-0.0344845419177708
"364","session1",-7.86700037359736,9.87863787495312,2.76090183095949,0.000212160246906,0.115942596393607,0.591317491942522,0.718134496133646,3,1,150,0.441315540583741,-0.0344845419177708,3,2.20415867545716,0,-17.96156,2771,0.2,0,15,"both",0.441315540583741,-0.0344845419177708
"365","session1",-7.86700037359736,9.87863787495312,2.76090183095949,0.000212160246906,0.115942596393607,0.591317491942522,0.718134496133646,3,1,150,0.441315540583741,-0.0344845419177708,3,2.64708852617726,0,-1.2883,2771,0.2,0,15,"both",0.441315540583741,-0.0344845419177708
"366","session1",-7.86700037359736,9.87863787495312,2.76090183095949,0.000212160246906,0.115942596393607,0.591317491942522,0.718134496133646,3,1,150,0.441315540583741,-0.0344845419177708,3,1.4220041385623,1,1.69856,2771,0.2,0,15,"both",0.441315540583741,-0.0344845419177708
"367","session1",-7.86700037359736,9.87863787495312,2.76090183095949,0.000212160246906,0.115942596393607,0.591317491942522,0.718134496133646,3,1,150,0.441315540583741,-0.0344845419177708,3,3.88484295496923,0,-13.41659,2771,0.2,0,15,"both",0.441315540583741,-0.0344845419177708
"368","session1",-7.86700037359736,9.87863787495312,2.76090183095949,0.000212160246906,0.115942596393607,0.591317491942522,0.718134496133646,3,1,150,0.441315540583741,-0.0344845419177708,3,1.46924169887644,0,-19.26405,2771,0.2,0,15,"both",0.441315540583741,-0.0344845419177708
"369","session1",-7.86700037359736,9.87863787495312,2.76090183095949,0.000212160246906,0.115942596393607,0.591317491942522,0.718134496133646,3,1,150,0.441315540583741,-0.0344845419177708,3,1.60845423646573,1,-0.806470000000001,2771,0.2,0,15,"both",0.441315540583741,-0.0344845419177708
"370","session1",-7.86700037359736,9.87863787495312,2.76090183095949,0.000212160246906,0.115942596393607,0.591317491942522,0.718134496133646,3,1,150,0.441315540583741,-0.0344845419177708,3,3.60004361545083,1,-17.09763,2771,0.2,0,15,"both",0.441315540583741,-0.0344845419177708
"371","session1",-7.86700037359736,9.87863787495312,2.76090183095949,0.000212160246906,0.115942596393607,0.591317491942522,0.718134496133646,3,1,150,0.441315540583741,-0.0344845419177708,3,2.28476510036793,1,-1.6087,2771,0.2,0,15,"both",0.441315540583741,-0.0344845419177708
"372","session1",-7.86700037359736,9.87863787495312,2.76090183095949,0.000212160246906,0.115942596393607,0.591317491942522,0.718134496133646,3,1,150,0.441315540583741,-0.0344845419177708,3,4.73242376769482,1,0.645899999999999,2771,0.2,0,15,"both",0.441315540583741,-0.0344845419177708
"373","session1",-7.86700037359736,9.87863787495312,2.76090183095949,0.000212160246906,0.115942596393607,0.591317491942522,0.718134496133646,3,1,150,0.441315540583741,-0.0344845419177708,3,1.34318187320746,0,-1.26419,2771,0.2,0,15,"both",0.441315540583741,-0.0344845419177708
"374","session1",-7.86700037359736,9.87863787495312,2.76090183095949,0.000212160246906,0.115942596393607,0.591317491942522,0.718134496133646,3,1,150,0.441315540583741,-0.0344845419177708,3,2.26648343724207,1,-4.07453,2771,0.2,0,15,"both",0.441315540583741,-0.0344845419177708
"375","session1",-7.86700037359736,9.87863787495312,2.76090183095949,0.000212160246906,0.115942596393607,0.591317491942522,0.718134496133646,3,1,150,0.441315540583741,-0.0344845419177708,3,2.26808097789392,0,-21.17694,2771,0.2,0,15,"both",0.441315540583741,-0.0344845419177708
"376","session1",-7.86700037359736,9.87863787495312,2.76090183095949,0.000212160246906,0.115942596393607,0.591317491942522,0.718134496133646,3,1,150,0.441315540583741,-0.0344845419177708,3,2.69619102734516,1,-5.96055,2771,0.2,0,15,"both",0.441315540583741,-0.0344845419177708
"377","session1",-7.86700037359736,9.87863787495312,2.76090183095949,0.000212160246906,0.115942596393607,0.591317491942522,0.718134496133646,3,1,150,0.441315540583741,-0.0344845419177708,3,1.78692429081274,1,1.51909,2771,0.2,0,15,"both",0.441315540583741,-0.0344845419177708
"378","session1",-7.86700037359736,9.87863787495312,2.76090183095949,0.000212160246906,0.115942596393607,0.591317491942522,0.718134496133646,3,1,150,0.441315540583741,-0.0344845419177708,3,1.77135716779187,1,0.458260000000001,2771,0.2,0,15,"both",0.441315540583741,-0.0344845419177708
"379","session1",-7.86700037359736,9.87863787495312,2.76090183095949,0.000212160246906,0.115942596393607,0.591317491942522,0.718134496133646,3,1,150,0.441315540583741,-0.0344845419177708,3,3.3036820907987,0,-0.3622,2771,0.2,0,15,"both",0.441315540583741,-0.0344845419177708
"380","session1",-7.86700037359736,9.87863787495312,2.76090183095949,0.000212160246906,0.115942596393607,0.591317491942522,0.718134496133646,3,1,150,0.441315540583741,-0.0344845419177708,3,1.38164895273491,1,-22.2846,2771,0.2,0,15,"both",0.441315540583741,-0.0344845419177708
"381","session1",-7.86700037359736,9.87863787495312,2.76090183095949,0.000212160246906,0.115942596393607,0.591317491942522,0.718134496133646,3,1,150,0.441315540583741,-0.0344845419177708,3,1.97210655389939,1,1.93563,2771,0.2,0,15,"both",0.441315540583741,-0.0344845419177708
"382","session1",-7.86700037359736,9.87863787495312,2.76090183095949,0.000212160246906,0.115942596393607,0.591317491942522,0.718134496133646,3,1,150,0.441315540583741,-0.0344845419177708,3,1.35155360379353,0,-22.9043,2771,0.2,0,15,"both",0.441315540583741,-0.0344845419177708
"383","session1",-7.86700037359736,9.87863787495312,2.76090183095949,0.000212160246906,0.115942596393607,0.591317491942522,0.718134496133646,3,1,150,0.441315540583741,-0.0344845419177708,3,1.83581464848395,1,-0.667570000000001,2771,0.2,0,15,"both",0.441315540583741,-0.0344845419177708
"384","session1",-7.86700037359736,9.87863787495312,2.76090183095949,0.000212160246906,0.115942596393607,0.591317491942522,0.718134496133646,3,1,150,0.441315540583741,-0.0344845419177708,3,1.77357509060704,0,-23.4155,2771,0.2,0,15,"both",0.441315540583741,-0.0344845419177708
"385","session1",-7.86700037359736,9.87863787495312,2.76090183095949,0.000212160246906,0.115942596393607,0.591317491942522,0.718134496133646,3,1,150,0.441315540583741,-0.0344845419177708,3,2.72898698014299,0,-23.9803,2771,0.2,0,15,"both",0.441315540583741,-0.0344845419177708
"386","session1",-7.86700037359736,9.87863787495312,2.76090183095949,0.000212160246906,0.115942596393607,0.591317491942522,0.718134496133646,3,1,150,0.441315540583741,-0.0344845419177708,3,3.34654959020564,1,1.95977,2771,0.2,0,15,"both",0.441315540583741,-0.0344845419177708
"387","session1",-7.86700037359736,9.87863787495312,2.76090183095949,0.000212160246906,0.115942596393607,0.591317491942522,0.718134496133646,3,1,150,0.441315540583741,-0.0344845419177708,3,1.74720022868729,1,5.3875,2771,0.2,0,15,"both",0.441315540583741,-0.0344845419177708
"388","session1",-7.86700037359736,9.87863787495312,2.76090183095949,0.000212160246906,0.115942596393607,0.591317491942522,0.718134496133646,3,1,150,0.441315540583741,-0.0344845419177708,3,4.84941760167783,0,-16.42511,2771,0.2,0,15,"both",0.441315540583741,-0.0344845419177708
"389","session1",-7.86700037359736,9.87863787495312,2.76090183095949,0.000212160246906,0.115942596393607,0.591317491942522,0.718134496133646,3,1,150,0.441315540583741,-0.0344845419177708,3,4.94597615374,0,-6.0614,2771,0.2,0,15,"both",0.441315540583741,-0.0344845419177708
"390","session1",-7.86700037359736,9.87863787495312,2.76090183095949,0.000212160246906,0.115942596393607,0.591317491942522,0.718134496133646,3,1,150,0.441315540583741,-0.0344845419177708,3,2.87676779675076,0,-21.40932,2771,0.2,0,15,"both",0.441315540583741,-0.0344845419177708
"391","session1",-7.86700037359736,9.87863787495312,2.76090183095949,0.000212160246906,0.115942596393607,0.591317491942522,0.718134496133646,3,1,150,0.441315540583741,-0.0344845419177708,3,3.25953572261469,1,-4.19545,2771,0.2,0,15,"both",0.441315540583741,-0.0344845419177708
"392","session1",-7.86700037359736,9.87863787495312,2.76090183095949,0.000212160246906,0.115942596393607,0.591317491942522,0.718134496133646,3,1,150,0.441315540583741,-0.0344845419177708,3,2.77711120808303,0,-16.54654,2771,0.2,0,15,"both",0.441315540583741,-0.0344845419177708
"393","session1",-7.86700037359736,9.87863787495312,2.76090183095949,0.000212160246906,0.115942596393607,0.591317491942522,0.718134496133646,3,1,150,0.441315540583741,-0.0344845419177708,3,2.22982311977586,0,-20.8444,2771,0.2,0,15,"both",0.441315540583741,-0.0344845419177708
"394","session1",-7.86700037359736,9.87863787495312,2.76090183095949,0.000212160246906,0.115942596393607,0.591317491942522,0.718134496133646,3,1,150,0.441315540583741,-0.0344845419177708,3,1.6738705316863,0,-0.0597300000000001,2771,0.2,0,15,"both",0.441315540583741,-0.0344845419177708
"395","session1",-7.86700037359736,9.87863787495312,2.76090183095949,0.000212160246906,0.115942596393607,0.591317491942522,0.718134496133646,3,1,150,0.441315540583741,-0.0344845419177708,3,1.38205439381196,0,-17.72245,2771,0.2,0,15,"both",0.441315540583741,-0.0344845419177708
"396","session1",-7.86700037359736,9.87863787495312,2.76090183095949,0.000212160246906,0.115942596393607,0.591317491942522,0.718134496133646,3,1,150,0.441315540583741,-0.0344845419177708,3,2.70375287842757,1,-17.76483,2771,0.2,0,15,"both",0.441315540583741,-0.0344845419177708
"397","session1",-7.86700037359736,9.87863787495312,2.76090183095949,0.000212160246906,0.115942596393607,0.591317491942522,0.718134496133646,3,1,150,0.441315540583741,-0.0344845419177708,3,2.03936477797683,1,-17.56194,2771,0.2,0,15,"both",0.441315540583741,-0.0344845419177708
"398","session1",-7.86700037359736,9.87863787495312,2.76090183095949,0.000212160246906,0.115942596393607,0.591317491942522,0.718134496133646,3,1,150,0.441315540583741,-0.0344845419177708,3,2.93727511352869,1,-1.80907,2771,0.2,0,15,"both",0.441315540583741,-0.0344845419177708
"399","session1",-7.86700037359736,9.87863787495312,2.76090183095949,0.000212160246906,0.115942596393607,0.591317491942522,0.718134496133646,3,1,150,0.441315540583741,-0.0344845419177708,3,3.1000385798378,1,-4.89101,2771,0.2,0,15,"both",0.441315540583741,-0.0344845419177708
"400","session1",-7.86700037359736,9.87863787495312,2.76090183095949,0.000212160246906,0.115942596393607,0.591317491942522,0.718134496133646,3,1,150,0.441315540583741,-0.0344845419177708,3,3.50769945755772,0,-23.1233,2771,0.2,0,15,"both",0.441315540583741,-0.0344845419177708
"401","session1",-7.86700037359736,9.87863787495312,2.76090183095949,0.000212160246906,0.115942596393607,0.591317491942522,0.718134496133646,3,1,150,0.441315540583741,-0.0344845419177708,3,2.11629919320671,1,-1.0097,2771,0.2,0,15,"both",0.441315540583741,-0.0344845419177708
"402","session1",-7.86700037359736,9.87863787495312,2.76090183095949,0.000212160246906,0.115942596393607,0.591317491942522,0.718134496133646,3,1,150,0.441315540583741,-0.0344845419177708,3,1.69488231989572,1,2.6346,2771,0.2,0,15,"both",0.441315540583741,-0.0344845419177708
"403","session1",-7.86700037359736,9.87863787495312,2.76090183095949,0.000212160246906,0.115942596393607,0.591317491942522,0.718134496133646,3,1,150,0.441315540583741,-0.0344845419177708,3,2.36443157323957,1,1.92804,2771,0.2,0,15,"both",0.441315540583741,-0.0344845419177708
"404","session1",-7.86700037359736,9.87863787495312,2.76090183095949,0.000212160246906,0.115942596393607,0.591317491942522,0.718134496133646,3,1,150,0.441315540583741,-0.0344845419177708,3,1.76402810109919,1,-5.34138,2771,0.2,0,15,"both",0.441315540583741,-0.0344845419177708
"405","session1",-7.86700037359736,9.87863787495312,2.76090183095949,0.000212160246906,0.115942596393607,0.591317491942522,0.718134496133646,3,1,150,0.441315540583741,-0.0344845419177708,3,2.39812959166794,1,-0.8651,2771,0.2,0,15,"both",0.441315540583741,-0.0344845419177708
"406","session1",-7.86700037359736,9.87863787495312,2.76090183095949,0.000212160246906,0.115942596393607,0.591317491942522,0.718134496133646,3,1,150,0.441315540583741,-0.0344845419177708,3,1.3083386582941,0,-17.45613,2771,0.2,0,15,"both",0.441315540583741,-0.0344845419177708
"407","session1",-7.86700037359736,9.87863787495312,2.76090183095949,0.000212160246906,0.115942596393607,0.591317491942522,0.718134496133646,3,1,150,0.441315540583741,-0.0344845419177708,3,3.12426721779572,0,-2.99519,2771,0.2,0,15,"both",0.441315540583741,-0.0344845419177708
"408","session1",-7.86700037359736,9.87863787495312,2.76090183095949,0.000212160246906,0.115942596393607,0.591317491942522,0.718134496133646,3,1,150,0.441315540583741,-0.0344845419177708,3,1.73214427564357,1,-2.17432,2771,0.2,0,15,"both",0.441315540583741,-0.0344845419177708
"409","session1",-7.86700037359736,9.87863787495312,2.76090183095949,0.000212160246906,0.115942596393607,0.591317491942522,0.718134496133646,3,1,150,0.441315540583741,-0.0344845419177708,3,1.69113456209746,1,1.2573,2771,0.2,0,15,"both",0.441315540583741,-0.0344845419177708
"410","session1",-7.86700037359736,9.87863787495312,2.76090183095949,0.000212160246906,0.115942596393607,0.591317491942522,0.718134496133646,3,1,150,0.441315540583741,-0.0344845419177708,3,2.5274392194195,0,-19.81885,2771,0.2,0,15,"both",0.441315540583741,-0.0344845419177708
"411","session1",-7.86700037359736,9.87863787495312,2.76090183095949,0.000212160246906,0.115942596393607,0.591317491942522,0.718134496133646,3,1,150,0.441315540583741,-0.0344845419177708,3,1.81421452689128,0,-18.34064,2771,0.2,0,15,"both",0.441315540583741,-0.0344845419177708
"412","session1",-7.86700037359736,9.87863787495312,2.76090183095949,0.000212160246906,0.115942596393607,0.591317491942522,0.718134496133646,3,1,150,0.441315540583741,-0.0344845419177708,3,2.08209779150754,0,-4.22486,2771,0.2,0,15,"both",0.441315540583741,-0.0344845419177708
"413","session1",-7.86700037359736,9.87863787495312,2.76090183095949,0.000212160246906,0.115942596393607,0.591317491942522,0.718134496133646,3,1,150,0.441315540583741,-0.0344845419177708,3,2.16207116403229,0,-22.8277,2771,0.2,0,15,"both",0.441315540583741,-0.0344845419177708
"414","session1",-7.86700037359736,9.87863787495312,2.76090183095949,0.000212160246906,0.115942596393607,0.591317491942522,0.718134496133646,3,1,150,0.441315540583741,-0.0344845419177708,3,2.44263731524274,1,-3.58425,2771,0.2,0,15,"both",0.441315540583741,-0.0344845419177708
"415","session1",-7.86700037359736,9.87863787495312,2.76090183095949,0.000212160246906,0.115942596393607,0.591317491942522,0.718134496133646,3,1,150,0.441315540583741,-0.0344845419177708,3,5.00663846049436,0,-20.71788,2771,0.2,0,15,"both",0.441315540583741,-0.0344845419177708
"416","session1",-7.86700037359736,9.87863787495312,2.76090183095949,0.000212160246906,0.115942596393607,0.591317491942522,0.718134496133646,3,1,150,0.441315540583741,-0.0344845419177708,3,2.40451906964271,0,-24.30081,2771,0.2,0,15,"both",0.441315540583741,-0.0344845419177708
"417","session1",-7.86700037359736,9.87863787495312,2.76090183095949,0.000212160246906,0.115942596393607,0.591317491942522,0.718134496133646,3,1,150,0.441315540583741,-0.0344845419177708,3,2.83772829691055,1,-22.8564,2771,0.2,0,15,"both",0.441315540583741,-0.0344845419177708
"418","session1",-7.86700037359736,9.87863787495312,2.76090183095949,0.000212160246906,0.115942596393607,0.591317491942522,0.718134496133646,3,1,150,0.441315540583741,-0.0344845419177708,3,2.44328786661796,0,-24.6007,2771,0.2,0,15,"both",0.441315540583741,-0.0344845419177708
"419","session1",-7.86700037359736,9.87863787495312,2.76090183095949,0.000212160246906,0.115942596393607,0.591317491942522,0.718134496133646,3,1,150,0.441315540583741,-0.0344845419177708,3,3.9671630589749,1,-0.2209,2771,0.2,0,15,"both",0.441315540583741,-0.0344845419177708
"420","session1",-7.86700037359736,9.87863787495312,2.76090183095949,0.000212160246906,0.115942596393607,0.591317491942522,0.718134496133646,3,1,150,0.441315540583741,-0.0344845419177708,3,3.45553406494605,0,-22.11465,2771,0.2,0,15,"both",0.441315540583741,-0.0344845419177708
"421","session1",-7.86700037359736,9.87863787495312,2.76090183095949,0.000212160246906,0.115942596393607,0.591317491942522,0.718134496133646,3,1,150,0.441315540583741,-0.0344845419177708,3,1.89555910851907,0,-18.30033,2771,0.2,0,15,"both",0.441315540583741,-0.0344845419177708
"422","session1",-7.86700037359736,9.87863787495312,2.76090183095949,0.000212160246906,0.115942596393607,0.591317491942522,0.718134496133646,3,1,150,0.441315540583741,-0.0344845419177708,3,1.12221759551887,0,-20.21253,2771,0.2,0,15,"both",0.441315540583741,-0.0344845419177708
"423","session1",-7.86700037359736,9.87863787495312,2.76090183095949,0.000212160246906,0.115942596393607,0.591317491942522,0.718134496133646,3,1,150,0.441315540583741,-0.0344845419177708,3,2.5686303382262,1,-0.0883900000000004,2771,0.2,0,15,"both",0.441315540583741,-0.0344845419177708
"424","session1",-7.86700037359736,9.87863787495312,2.76090183095949,0.000212160246906,0.115942596393607,0.591317491942522,0.718134496133646,3,1,150,0.441315540583741,-0.0344845419177708,3,2.4920278898215,1,-2.75055,2771,0.2,0,15,"both",0.441315540583741,-0.0344845419177708
"425","session1",-7.86700037359736,9.87863787495312,2.76090183095949,0.000212160246906,0.115942596393607,0.591317491942522,0.718134496133646,3,1,150,0.441315540583741,-0.0344845419177708,3,2.52216622819111,1,-2.8394,2771,0.2,0,15,"both",0.441315540583741,-0.0344845419177708
"426","session1",-7.86700037359736,9.87863787495312,2.76090183095949,0.000212160246906,0.115942596393607,0.591317491942522,0.718134496133646,3,1,150,0.441315540583741,-0.0344845419177708,3,5.67777231085854,1,-0.0442,2771,0.2,0,15,"both",0.441315540583741,-0.0344845419177708
"427","session1",-7.86700037359736,9.87863787495312,2.76090183095949,0.000212160246906,0.115942596393607,0.591317491942522,0.718134496133646,3,1,150,0.441315540583741,-0.0344845419177708,3,2.07915455246104,0,-20.94756,2771,0.2,0,15,"both",0.441315540583741,-0.0344845419177708
"428","session1",-7.86700037359736,9.87863787495312,2.76090183095949,0.000212160246906,0.115942596393607,0.591317491942522,0.718134496133646,3,1,150,0.441315540583741,-0.0344845419177708,3,1.68650315948931,1,-4.49096,2771,0.2,0,15,"both",0.441315540583741,-0.0344845419177708
"429","session1",-7.86700037359736,9.87863787495312,2.76090183095949,0.000212160246906,0.115942596393607,0.591317491942522,0.718134496133646,3,1,150,0.441315540583741,-0.0344845419177708,3,1.76612950565855,0,-19.11194,2771,0.2,0,15,"both",0.441315540583741,-0.0344845419177708
"430","session1",-7.86700037359736,9.87863787495312,2.76090183095949,0.000212160246906,0.115942596393607,0.591317491942522,0.718134496133646,3,1,150,0.441315540583741,-0.0344845419177708,3,3.49808828448498,1,-0.726760000000001,2771,0.2,0,15,"both",0.441315540583741,-0.0344845419177708
"431","session1",-7.86700037359736,9.87863787495312,2.76090183095949,0.000212160246906,0.115942596393607,0.591317491942522,0.718134496133646,3,1,150,0.441315540583741,-0.0344845419177708,3,1.76150724054818,0,-19.50945,2771,0.2,0,15,"both",0.441315540583741,-0.0344845419177708
"432","session1",-7.86700037359736,9.87863787495312,2.76090183095949,0.000212160246906,0.115942596393607,0.591317491942522,0.718134496133646,3,1,150,0.441315540583741,-0.0344845419177708,3,2.91698883813525,1,0.633319999999999,2771,0.2,0,15,"both",0.441315540583741,-0.0344845419177708
"433","session1",-7.86700037359736,9.87863787495312,2.76090183095949,0.000212160246906,0.115942596393607,0.591317491942522,0.718134496133646,3,1,150,0.441315540583741,-0.0344845419177708,3,2.80971534848357,0,-18.67947,2771,0.2,0,15,"both",0.441315540583741,-0.0344845419177708
"434","session1",-7.86700037359736,9.87863787495312,2.76090183095949,0.000212160246906,0.115942596393607,0.591317491942522,0.718134496133646,3,1,150,0.441315540583741,-0.0344845419177708,3,1.44366237828612,0,-21.73523,2771,0.2,0,15,"both",0.441315540583741,-0.0344845419177708
"435","session1",-7.86700037359736,9.87863787495312,2.76090183095949,0.000212160246906,0.115942596393607,0.591317491942522,0.718134496133646,3,1,150,0.441315540583741,-0.0344845419177708,3,2.49164115347393,0,-17.48991,2771,0.2,0,15,"both",0.441315540583741,-0.0344845419177708
"436","session1",-7.86700037359736,9.87863787495312,2.76090183095949,0.000212160246906,0.115942596393607,0.591317491942522,0.718134496133646,3,1,150,0.441315540583741,-0.0344845419177708,3,2.40295157415211,0,-1.095,2771,0.2,0,15,"both",0.441315540583741,-0.0344845419177708
"437","session1",-7.86700037359736,9.87863787495312,2.76090183095949,0.000212160246906,0.115942596393607,0.591317491942522,0.718134496133646,3,1,150,0.441315540583741,-0.0344845419177708,3,1.13477003558837,1,-0.939360000000001,2771,0.2,0,15,"both",0.441315540583741,-0.0344845419177708
"438","session1",-7.86700037359736,9.87863787495312,2.76090183095949,0.000212160246906,0.115942596393607,0.591317491942522,0.718134496133646,3,1,150,0.441315540583741,-0.0344845419177708,3,1.79003987714622,1,-1.374,2771,0.2,0,15,"both",0.441315540583741,-0.0344845419177708
"439","session1",-7.86700037359736,9.87863787495312,2.76090183095949,0.000212160246906,0.115942596393607,0.591317491942522,0.718134496133646,3,1,150,0.441315540583741,-0.0344845419177708,3,4.33976116766858,0,-1.81382,2771,0.2,0,15,"both",0.441315540583741,-0.0344845419177708
"440","session1",-7.86700037359736,9.87863787495312,2.76090183095949,0.000212160246906,0.115942596393607,0.591317491942522,0.718134496133646,3,1,150,0.441315540583741,-0.0344845419177708,3,1.99002088483593,1,-2.33525,2771,0.2,0,15,"both",0.441315540583741,-0.0344845419177708
"441","session1",-7.86700037359736,9.87863787495312,2.76090183095949,0.000212160246906,0.115942596393607,0.591317491942522,0.718134496133646,3,1,150,0.441315540583741,-0.0344845419177708,3,2.89166663430093,1,-6.363,2771,0.2,0,15,"both",0.441315540583741,-0.0344845419177708
"442","session1",-7.86700037359736,9.87863787495312,2.76090183095949,0.000212160246906,0.115942596393607,0.591317491942522,0.718134496133646,3,1,150,0.441315540583741,-0.0344845419177708,3,1.44226633217223,1,-15.53768,2771,0.2,0,15,"both",0.441315540583741,-0.0344845419177708
"443","session1",-7.86700037359736,9.87863787495312,2.76090183095949,0.000212160246906,0.115942596393607,0.591317491942522,0.718134496133646,3,1,150,0.441315540583741,-0.0344845419177708,3,1.79102367735228,0,-16.68756,2771,0.2,0,15,"both",0.441315540583741,-0.0344845419177708
"444","session1",-7.86700037359736,9.87863787495312,2.76090183095949,0.000212160246906,0.115942596393607,0.591317491942522,0.718134496133646,3,1,150,0.441315540583741,-0.0344845419177708,3,1.80278078499059,0,-20.55491,2771,0.2,0,15,"both",0.441315540583741,-0.0344845419177708
"445","session1",-7.86700037359736,9.87863787495312,2.76090183095949,0.000212160246906,0.115942596393607,0.591317491942522,0.718134496133646,3,1,150,0.441315540583741,-0.0344845419177708,3,3.62744732782647,1,-0.93618,2771,0.2,0,15,"both",0.441315540583741,-0.0344845419177708
"446","session1",-7.86700037359736,9.87863787495312,2.76090183095949,0.000212160246906,0.115942596393607,0.591317491942522,0.718134496133646,3,1,150,0.441315540583741,-0.0344845419177708,3,1.94835237562843,1,2.07765,2771,0.2,0,15,"both",0.441315540583741,-0.0344845419177708
"447","session1",-7.86700037359736,9.87863787495312,2.76090183095949,0.000212160246906,0.115942596393607,0.591317491942522,0.718134496133646,3,1,150,0.441315540583741,-0.0344845419177708,3,1.71573204590352,0,-0.815659999999999,2771,0.2,0,15,"both",0.441315540583741,-0.0344845419177708
"448","session1",-7.86700037359736,9.87863787495312,2.76090183095949,0.000212160246906,0.115942596393607,0.591317491942522,0.718134496133646,3,1,150,0.441315540583741,-0.0344845419177708,3,1.44908352335872,0,2.17102,2771,0.2,0,15,"both",0.441315540583741,-0.0344845419177708
"449","session1",-7.86700037359736,9.87863787495312,2.76090183095949,0.000212160246906,0.115942596393607,0.591317491942522,0.718134496133646,3,1,150,0.441315540583741,-0.0344845419177708,3,2.51802325097717,1,-2.04869,2771,0.2,0,15,"both",0.441315540583741,-0.0344845419177708
"450","session1",-7.86700037359736,9.87863787495312,2.76090183095949,0.000212160246906,0.115942596393607,0.591317491942522,0.718134496133646,3,1,150,0.441315540583741,-0.0344845419177708,3,2.72913961123635,0,-21.519,2771,0.2,0,15,"both",0.441315540583741,-0.0344845419177708
"451","session1",-8.10549809789273,7.94596168808906,2.83874616196389,0.0219797960564329,0.108782200872904,0.5524128356483,0.598975256956946,4,1,150,0.441315540583741,-0.0344845419177708,4,2.60157264284271,0,-8.1288524347,2771,0.2,0,15,"both",0.441315540583741,-0.0344845419177708
"452","session1",-8.10549809789273,7.94596168808906,2.83874616196389,0.0219797960564329,0.108782200872904,0.5524128356483,0.598975256956946,4,1,150,0.441315540583741,-0.0344845419177708,4,2.06752773886981,1,6.5740357166,2771,0.2,0,15,"both",0.441315540583741,-0.0344845419177708
"453","session1",-8.10549809789273,7.94596168808906,2.83874616196389,0.0219797960564329,0.108782200872904,0.5524128356483,0.598975256956946,4,1,150,0.441315540583741,-0.0344845419177708,4,3.06730258671409,1,-2.5688884442,2771,0.2,0,15,"both",0.441315540583741,-0.0344845419177708
"454","session1",-8.10549809789273,7.94596168808906,2.83874616196389,0.0219797960564329,0.108782200872904,0.5524128356483,0.598975256956946,4,1,150,0.441315540583741,-0.0344845419177708,4,2.03196858085145,1,-5.4870136788,2771,0.2,0,15,"both",0.441315540583741,-0.0344845419177708
"455","session1",-8.10549809789273,7.94596168808906,2.83874616196389,0.0219797960564329,0.108782200872904,0.5524128356483,0.598975256956946,4,1,150,0.441315540583741,-0.0344845419177708,4,1.95064759546238,0,-34.34929,2771,0.2,0,15,"both",0.441315540583741,-0.0344845419177708
"456","session1",-8.10549809789273,7.94596168808906,2.83874616196389,0.0219797960564329,0.108782200872904,0.5524128356483,0.598975256956946,4,1,150,0.441315540583741,-0.0344845419177708,4,2.90042982342194,1,-0.835170000000001,2771,0.2,0,15,"both",0.441315540583741,-0.0344845419177708
"457","session1",-8.10549809789273,7.94596168808906,2.83874616196389,0.0219797960564329,0.108782200872904,0.5524128356483,0.598975256956946,4,1,150,0.441315540583741,-0.0344845419177708,4,2.96976593076385,0,-16.96355,2771,0.2,0,15,"both",0.441315540583741,-0.0344845419177708
"458","session1",-8.10549809789273,7.94596168808906,2.83874616196389,0.0219797960564329,0.108782200872904,0.5524128356483,0.598975256956946,4,1,150,0.441315540583741,-0.0344845419177708,4,1.33623973050391,1,17.885991,2771,0.2,0,15,"both",0.441315540583741,-0.0344845419177708
"459","session1",-8.10549809789273,7.94596168808906,2.83874616196389,0.0219797960564329,0.108782200872904,0.5524128356483,0.598975256956946,4,1,150,0.441315540583741,-0.0344845419177708,4,2.12959015733664,1,3.31926,2771,0.2,0,15,"both",0.441315540583741,-0.0344845419177708
"460","session1",-8.10549809789273,7.94596168808906,2.83874616196389,0.0219797960564329,0.108782200872904,0.5524128356483,0.598975256956946,4,1,150,0.441315540583741,-0.0344845419177708,4,3.10326383547934,1,-4.70456,2771,0.2,0,15,"both",0.441315540583741,-0.0344845419177708
"461","session1",-8.10549809789273,7.94596168808906,2.83874616196389,0.0219797960564329,0.108782200872904,0.5524128356483,0.598975256956946,4,1,150,0.441315540583741,-0.0344845419177708,4,1.52929922801551,0,-10.93582,2771,0.2,0,15,"both",0.441315540583741,-0.0344845419177708
"462","session1",-8.10549809789273,7.94596168808906,2.83874616196389,0.0219797960564329,0.108782200872904,0.5524128356483,0.598975256956946,4,1,150,0.441315540583741,-0.0344845419177708,4,2.42409764202752,1,-0.0164800000000014,2771,0.2,0,15,"both",0.441315540583741,-0.0344845419177708
"463","session1",-8.10549809789273,7.94596168808906,2.83874616196389,0.0219797960564329,0.108782200872904,0.5524128356483,0.598975256956946,4,1,150,0.441315540583741,-0.0344845419177708,4,2.00160517753779,0,-21.7624,2771,0.2,0,15,"both",0.441315540583741,-0.0344845419177708
"464","session1",-8.10549809789273,7.94596168808906,2.83874616196389,0.0219797960564329,0.108782200872904,0.5524128356483,0.598975256956946,4,1,150,0.441315540583741,-0.0344845419177708,4,8,1,-8.60596,2771,0.2,0,15,"both",0.441315540583741,-0.0344845419177708
"465","session1",-8.10549809789273,7.94596168808906,2.83874616196389,0.0219797960564329,0.108782200872904,0.5524128356483,0.598975256956946,4,1,150,0.441315540583741,-0.0344845419177708,4,1.56561453467234,1,-7.73054,2771,0.2,0,15,"both",0.441315540583741,-0.0344845419177708
"466","session1",-8.10549809789273,7.94596168808906,2.83874616196389,0.0219797960564329,0.108782200872904,0.5524128356483,0.598975256956946,4,1,150,0.441315540583741,-0.0344845419177708,4,2.69026551478294,0,-9.8205,2771,0.2,0,15,"both",0.441315540583741,-0.0344845419177708
"467","session1",-8.10549809789273,7.94596168808906,2.83874616196389,0.0219797960564329,0.108782200872904,0.5524128356483,0.598975256956946,4,1,150,0.441315540583741,-0.0344845419177708,4,1.79829499793361,1,-4.16494,2771,0.2,0,15,"both",0.441315540583741,-0.0344845419177708
"468","session1",-8.10549809789273,7.94596168808906,2.83874616196389,0.0219797960564329,0.108782200872904,0.5524128356483,0.598975256956946,4,1,150,0.441315540583741,-0.0344845419177708,4,1.54731040102499,1,-5.32802,2771,0.2,0,15,"both",0.441315540583741,-0.0344845419177708
"469","session1",-8.10549809789273,7.94596168808906,2.83874616196389,0.0219797960564329,0.108782200872904,0.5524128356483,0.598975256956946,4,1,150,0.441315540583741,-0.0344845419177708,4,2.19801846405414,1,-4.96987,2771,0.2,0,15,"both",0.441315540583741,-0.0344845419177708
"470","session1",-8.10549809789273,7.94596168808906,2.83874616196389,0.0219797960564329,0.108782200872904,0.5524128356483,0.598975256956946,4,1,150,0.441315540583741,-0.0344845419177708,4,5.17616067339904,0,-13.54613,2771,0.2,0,15,"both",0.441315540583741,-0.0344845419177708
"471","session1",-8.10549809789273,7.94596168808906,2.83874616196389,0.0219797960564329,0.108782200872904,0.5524128356483,0.598975256956946,4,1,150,0.441315540583741,-0.0344845419177708,4,8,1,-13.07809,2771,0.2,0,15,"both",0.441315540583741,-0.0344845419177708
"472","session1",-8.10549809789273,7.94596168808906,2.83874616196389,0.0219797960564329,0.108782200872904,0.5524128356483,0.598975256956946,4,1,150,0.441315540583741,-0.0344845419177708,4,3.37245495283945,0,-12.96759,2771,0.2,0,15,"both",0.441315540583741,-0.0344845419177708
"473","session1",-8.10549809789273,7.94596168808906,2.83874616196389,0.0219797960564329,0.108782200872904,0.5524128356483,0.598975256956946,4,1,150,0.441315540583741,-0.0344845419177708,4,1.50310303085306,0,-3.06505,2771,0.2,0,15,"both",0.441315540583741,-0.0344845419177708
"474","session1",-8.10549809789273,7.94596168808906,2.83874616196389,0.0219797960564329,0.108782200872904,0.5524128356483,0.598975256956946,4,1,150,0.441315540583741,-0.0344845419177708,4,1.54532486076556,1,-13.99315,2771,0.2,0,15,"both",0.441315540583741,-0.0344845419177708
"475","session1",-8.10549809789273,7.94596168808906,2.83874616196389,0.0219797960564329,0.108782200872904,0.5524128356483,0.598975256956946,4,1,150,0.441315540583741,-0.0344845419177708,4,2.86951844820824,1,-1.51716,2771,0.2,0,15,"both",0.441315540583741,-0.0344845419177708
"476","session1",-8.10549809789273,7.94596168808906,2.83874616196389,0.0219797960564329,0.108782200872904,0.5524128356483,0.598975256956946,4,1,150,0.441315540583741,-0.0344845419177708,4,2.27941862818057,0,-16.33992,2771,0.2,0,15,"both",0.441315540583741,-0.0344845419177708
"477","session1",-8.10549809789273,7.94596168808906,2.83874616196389,0.0219797960564329,0.108782200872904,0.5524128356483,0.598975256956946,4,1,150,0.441315540583741,-0.0344845419177708,4,1.64801263427786,1,3.3243,2771,0.2,0,15,"both",0.441315540583741,-0.0344845419177708
"478","session1",-8.10549809789273,7.94596168808906,2.83874616196389,0.0219797960564329,0.108782200872904,0.5524128356483,0.598975256956946,4,1,150,0.441315540583741,-0.0344845419177708,4,1.70110567266441,1,-1.953,2771,0.2,0,15,"both",0.441315540583741,-0.0344845419177708
"479","session1",-8.10549809789273,7.94596168808906,2.83874616196389,0.0219797960564329,0.108782200872904,0.5524128356483,0.598975256956946,4,1,150,0.441315540583741,-0.0344845419177708,4,3.45719864110451,0,-20.92059,2771,0.2,0,15,"both",0.441315540583741,-0.0344845419177708
"480","session1",-8.10549809789273,7.94596168808906,2.83874616196389,0.0219797960564329,0.108782200872904,0.5524128356483,0.598975256956946,4,1,150,0.441315540583741,-0.0344845419177708,4,5.24080513502399,1,-8.04692,2771,0.2,0,15,"both",0.441315540583741,-0.0344845419177708
"481","session1",-8.10549809789273,7.94596168808906,2.83874616196389,0.0219797960564329,0.108782200872904,0.5524128356483,0.598975256956946,4,1,150,0.441315540583741,-0.0344845419177708,4,2.34893836059991,1,-15.07718,2771,0.2,0,15,"both",0.441315540583741,-0.0344845419177708
"482","session1",-8.10549809789273,7.94596168808906,2.83874616196389,0.0219797960564329,0.108782200872904,0.5524128356483,0.598975256956946,4,1,150,0.441315540583741,-0.0344845419177708,4,3.02247899557918,1,-2.84874,2771,0.2,0,15,"both",0.441315540583741,-0.0344845419177708
"483","session1",-8.10549809789273,7.94596168808906,2.83874616196389,0.0219797960564329,0.108782200872904,0.5524128356483,0.598975256956946,4,1,150,0.441315540583741,-0.0344845419177708,4,1.34464346478656,0,-20.6571,2771,0.2,0,15,"both",0.441315540583741,-0.0344845419177708
"484","session1",-8.10549809789273,7.94596168808906,2.83874616196389,0.0219797960564329,0.108782200872904,0.5524128356483,0.598975256956946,4,1,150,0.441315540583741,-0.0344845419177708,4,1.54749535637946,0,-19.05225,2771,0.2,0,15,"both",0.441315540583741,-0.0344845419177708
"485","session1",-8.10549809789273,7.94596168808906,2.83874616196389,0.0219797960564329,0.108782200872904,0.5524128356483,0.598975256956946,4,1,150,0.441315540583741,-0.0344845419177708,4,1.75012579034263,0,-23.43638,2771,0.2,0,15,"both",0.441315540583741,-0.0344845419177708
"486","session1",-8.10549809789273,7.94596168808906,2.83874616196389,0.0219797960564329,0.108782200872904,0.5524128356483,0.598975256956946,4,1,150,0.441315540583741,-0.0344845419177708,4,3.59241207632031,0,-16.5706,2771,0.2,0,15,"both",0.441315540583741,-0.0344845419177708
"487","session1",-8.10549809789273,7.94596168808906,2.83874616196389,0.0219797960564329,0.108782200872904,0.5524128356483,0.598975256956946,4,1,150,0.441315540583741,-0.0344845419177708,4,2.12192164544672,0,-18.51972,2771,0.2,0,15,"both",0.441315540583741,-0.0344845419177708
"488","session1",-8.10549809789273,7.94596168808906,2.83874616196389,0.0219797960564329,0.108782200872904,0.5524128356483,0.598975256956946,4,1,150,0.441315540583741,-0.0344845419177708,4,2.65095211082982,0,-9.03839,2771,0.2,0,15,"both",0.441315540583741,-0.0344845419177708
"489","session1",-8.10549809789273,7.94596168808906,2.83874616196389,0.0219797960564329,0.108782200872904,0.5524128356483,0.598975256956946,4,1,150,0.441315540583741,-0.0344845419177708,4,4.25118334880831,1,-4.71001,2771,0.2,0,15,"both",0.441315540583741,-0.0344845419177708
"490","session1",-8.10549809789273,7.94596168808906,2.83874616196389,0.0219797960564329,0.108782200872904,0.5524128356483,0.598975256956946,4,1,150,0.441315540583741,-0.0344845419177708,4,7.62858632858179,0,-14.43059,2771,0.2,0,15,"both",0.441315540583741,-0.0344845419177708
"491","session1",-8.10549809789273,7.94596168808906,2.83874616196389,0.0219797960564329,0.108782200872904,0.5524128356483,0.598975256956946,4,1,150,0.441315540583741,-0.0344845419177708,4,2.90356411680775,1,-3.91368,2771,0.2,0,15,"both",0.441315540583741,-0.0344845419177708
"492","session1",-8.10549809789273,7.94596168808906,2.83874616196389,0.0219797960564329,0.108782200872904,0.5524128356483,0.598975256956946,4,1,150,0.441315540583741,-0.0344845419177708,4,3.02367284313535,0,-14.32714,2771,0.2,0,15,"both",0.441315540583741,-0.0344845419177708
"493","session1",-8.10549809789273,7.94596168808906,2.83874616196389,0.0219797960564329,0.108782200872904,0.5524128356483,0.598975256956946,4,1,150,0.441315540583741,-0.0344845419177708,4,2.72928945253117,1,-6.62374,2771,0.2,0,15,"both",0.441315540583741,-0.0344845419177708
"494","session1",-8.10549809789273,7.94596168808906,2.83874616196389,0.0219797960564329,0.108782200872904,0.5524128356483,0.598975256956946,4,1,150,0.441315540583741,-0.0344845419177708,4,1.58796047436336,0,-14.78707,2771,0.2,0,15,"both",0.441315540583741,-0.0344845419177708
"495","session1",-8.10549809789273,7.94596168808906,2.83874616196389,0.0219797960564329,0.108782200872904,0.5524128356483,0.598975256956946,4,1,150,0.441315540583741,-0.0344845419177708,4,4.09668291424795,1,-9.99491,2771,0.2,0,15,"both",0.441315540583741,-0.0344845419177708
"496","session1",-8.10549809789273,7.94596168808906,2.83874616196389,0.0219797960564329,0.108782200872904,0.5524128356483,0.598975256956946,4,1,150,0.441315540583741,-0.0344845419177708,4,1.37951841034653,0,-15.1618,2771,0.2,0,15,"both",0.441315540583741,-0.0344845419177708
"497","session1",-8.10549809789273,7.94596168808906,2.83874616196389,0.0219797960564329,0.108782200872904,0.5524128356483,0.598975256956946,4,1,150,0.441315540583741,-0.0344845419177708,4,2.75668728680507,0,-4.78116,2771,0.2,0,15,"both",0.441315540583741,-0.0344845419177708
"498","session1",-8.10549809789273,7.94596168808906,2.83874616196389,0.0219797960564329,0.108782200872904,0.5524128356483,0.598975256956946,4,1,150,0.441315540583741,-0.0344845419177708,4,2.08000246806651,1,-8.66965,2771,0.2,0,15,"both",0.441315540583741,-0.0344845419177708
"499","session1",-8.10549809789273,7.94596168808906,2.83874616196389,0.0219797960564329,0.108782200872904,0.5524128356483,0.598975256956946,4,1,150,0.441315540583741,-0.0344845419177708,4,2.96231798179895,1,-12.71399,2771,0.2,0,15,"both",0.441315540583741,-0.0344845419177708
"500","session1",-8.10549809789273,7.94596168808906,2.83874616196389,0.0219797960564329,0.108782200872904,0.5524128356483,0.598975256956946,4,1,150,0.441315540583741,-0.0344845419177708,4,1.87839843159254,0,-4.87842,2771,0.2,0,15,"both",0.441315540583741,-0.0344845419177708
"501","session1",-8.10549809789273,7.94596168808906,2.83874616196389,0.0219797960564329,0.108782200872904,0.5524128356483,0.598975256956946,4,1,150,0.441315540583741,-0.0344845419177708,4,1.20803002706003,1,-16.2844,2771,0.2,0,15,"both",0.441315540583741,-0.0344845419177708
"502","session1",-8.10549809789273,7.94596168808906,2.83874616196389,0.0219797960564329,0.108782200872904,0.5524128356483,0.598975256956946,4,1,150,0.441315540583741,-0.0344845419177708,4,1.74732144653331,0,-16.78134,2771,0.2,0,15,"both",0.441315540583741,-0.0344845419177708
"503","session1",-8.10549809789273,7.94596168808906,2.83874616196389,0.0219797960564329,0.108782200872904,0.5524128356483,0.598975256956946,4,1,150,0.441315540583741,-0.0344845419177708,4,3.07771272181401,0,-17.37221,2771,0.2,0,15,"both",0.441315540583741,-0.0344845419177708
"504","session1",-8.10549809789273,7.94596168808906,2.83874616196389,0.0219797960564329,0.108782200872904,0.5524128356483,0.598975256956946,4,1,150,0.441315540583741,-0.0344845419177708,4,7.00167783226318,0,-16.31631,2771,0.2,0,15,"both",0.441315540583741,-0.0344845419177708
"505","session1",-8.10549809789273,7.94596168808906,2.83874616196389,0.0219797960564329,0.108782200872904,0.5524128356483,0.598975256956946,4,1,150,0.441315540583741,-0.0344845419177708,4,3.50503413704693,1,-2.80361,2771,0.2,0,15,"both",0.441315540583741,-0.0344845419177708
"506","session1",-8.10549809789273,7.94596168808906,2.83874616196389,0.0219797960564329,0.108782200872904,0.5524128356483,0.598975256956946,4,1,150,0.441315540583741,-0.0344845419177708,4,2.14255233920208,0,-2.65993,2771,0.2,0,15,"both",0.441315540583741,-0.0344845419177708
"507","session1",-8.10549809789273,7.94596168808906,2.83874616196389,0.0219797960564329,0.108782200872904,0.5524128356483,0.598975256956946,4,1,150,0.441315540583741,-0.0344845419177708,4,1.30283511860108,0,-16.70096,2771,0.2,0,15,"both",0.441315540583741,-0.0344845419177708
"508","session1",-8.10549809789273,7.94596168808906,2.83874616196389,0.0219797960564329,0.108782200872904,0.5524128356483,0.598975256956946,4,1,150,0.441315540583741,-0.0344845419177708,4,7.90337671972562,0,-6.61535,2771,0.2,0,15,"both",0.441315540583741,-0.0344845419177708
"509","session1",-8.10549809789273,7.94596168808906,2.83874616196389,0.0219797960564329,0.108782200872904,0.5524128356483,0.598975256956946,4,1,150,0.441315540583741,-0.0344845419177708,4,2.82116392330915,1,-17.22023,2771,0.2,0,15,"both",0.441315540583741,-0.0344845419177708
"510","session1",-8.10549809789273,7.94596168808906,2.83874616196389,0.0219797960564329,0.108782200872904,0.5524128356483,0.598975256956946,4,1,150,0.441315540583741,-0.0344845419177708,4,1.77217972805435,1,-3.91437,2771,0.2,0,15,"both",0.441315540583741,-0.0344845419177708
"511","session1",-8.10549809789273,7.94596168808906,2.83874616196389,0.0219797960564329,0.108782200872904,0.5524128356483,0.598975256956946,4,1,150,0.441315540583741,-0.0344845419177708,4,1.35203825269805,1,3.9778,2771,0.2,0,15,"both",0.441315540583741,-0.0344845419177708
"512","session1",-8.10549809789273,7.94596168808906,2.83874616196389,0.0219797960564329,0.108782200872904,0.5524128356483,0.598975256956946,4,1,150,0.441315540583741,-0.0344845419177708,4,4.72172316453558,0,-17.19029,2771,0.2,0,15,"both",0.441315540583741,-0.0344845419177708
"513","session1",-8.10549809789273,7.94596168808906,2.83874616196389,0.0219797960564329,0.108782200872904,0.5524128356483,0.598975256956946,4,1,150,0.441315540583741,-0.0344845419177708,4,5.18263402152427,0,-16.45508,2771,0.2,0,15,"both",0.441315540583741,-0.0344845419177708
"514","session1",-8.10549809789273,7.94596168808906,2.83874616196389,0.0219797960564329,0.108782200872904,0.5524128356483,0.598975256956946,4,1,150,0.441315540583741,-0.0344845419177708,4,2.16493867958465,1,-3.58617,2771,0.2,0,15,"both",0.441315540583741,-0.0344845419177708
"515","session1",-8.10549809789273,7.94596168808906,2.83874616196389,0.0219797960564329,0.108782200872904,0.5524128356483,0.598975256956946,4,1,150,0.441315540583741,-0.0344845419177708,4,1.95610501026131,0,-17.14468,2771,0.2,0,15,"both",0.441315540583741,-0.0344845419177708
"516","session1",-8.10549809789273,7.94596168808906,2.83874616196389,0.0219797960564329,0.108782200872904,0.5524128356483,0.598975256956946,4,1,150,0.441315540583741,-0.0344845419177708,4,1.93309148904641,1,-4.30114,2771,0.2,0,15,"both",0.441315540583741,-0.0344845419177708
"517","session1",-8.10549809789273,7.94596168808906,2.83874616196389,0.0219797960564329,0.108782200872904,0.5524128356483,0.598975256956946,4,1,150,0.441315540583741,-0.0344845419177708,4,2.5849331605088,0,-7.12154,2771,0.2,0,15,"both",0.441315540583741,-0.0344845419177708
"518","session1",-8.10549809789273,7.94596168808906,2.83874616196389,0.0219797960564329,0.108782200872904,0.5524128356483,0.598975256956946,4,1,150,0.441315540583741,-0.0344845419177708,4,1.28832569890714,0,-20.11338,2771,0.2,0,15,"both",0.441315540583741,-0.0344845419177708
"519","session1",-8.10549809789273,7.94596168808906,2.83874616196389,0.0219797960564329,0.108782200872904,0.5524128356483,0.598975256956946,4,1,150,0.441315540583741,-0.0344845419177708,4,2.64389789006731,0,-15.79484,2771,0.2,0,15,"both",0.441315540583741,-0.0344845419177708
"520","session1",-8.10549809789273,7.94596168808906,2.83874616196389,0.0219797960564329,0.108782200872904,0.5524128356483,0.598975256956946,4,1,150,0.441315540583741,-0.0344845419177708,4,3.02726022772021,1,-4.02276,2771,0.2,0,15,"both",0.441315540583741,-0.0344845419177708
"521","session1",-8.10549809789273,7.94596168808906,2.83874616196389,0.0219797960564329,0.108782200872904,0.5524128356483,0.598975256956946,4,1,150,0.441315540583741,-0.0344845419177708,4,2.54308311734203,0,-14.16853,2771,0.2,0,15,"both",0.441315540583741,-0.0344845419177708
"522","session1",-8.10549809789273,7.94596168808906,2.83874616196389,0.0219797960564329,0.108782200872904,0.5524128356483,0.598975256956946,4,1,150,0.441315540583741,-0.0344845419177708,4,2.48459524111221,0,-17.92078,2771,0.2,0,15,"both",0.441315540583741,-0.0344845419177708
"523","session1",-8.10549809789273,7.94596168808906,2.83874616196389,0.0219797960564329,0.108782200872904,0.5524128356483,0.598975256956946,4,1,150,0.441315540583741,-0.0344845419177708,4,2.29907801860525,0,-13.24842,2771,0.2,0,15,"both",0.441315540583741,-0.0344845419177708
"524","session1",-8.10549809789273,7.94596168808906,2.83874616196389,0.0219797960564329,0.108782200872904,0.5524128356483,0.598975256956946,4,1,150,0.441315540583741,-0.0344845419177708,4,1.70755198484252,0,-21.761,2771,0.2,0,15,"both",0.441315540583741,-0.0344845419177708
"525","session1",-8.10549809789273,7.94596168808906,2.83874616196389,0.0219797960564329,0.108782200872904,0.5524128356483,0.598975256956946,4,1,150,0.441315540583741,-0.0344845419177708,4,2.02497269967902,1,-1.41093,2771,0.2,0,15,"both",0.441315540583741,-0.0344845419177708
"526","session1",-8.10549809789273,7.94596168808906,2.83874616196389,0.0219797960564329,0.108782200872904,0.5524128356483,0.598975256956946,4,1,150,0.441315540583741,-0.0344845419177708,4,1.06427407485473,1,-2.64086,2771,0.2,0,15,"both",0.441315540583741,-0.0344845419177708
"527","session1",-8.10549809789273,7.94596168808906,2.83874616196389,0.0219797960564329,0.108782200872904,0.5524128356483,0.598975256956946,4,1,150,0.441315540583741,-0.0344845419177708,4,2.02254478375998,1,-1.76814,2771,0.2,0,15,"both",0.441315540583741,-0.0344845419177708
"528","session1",-8.10549809789273,7.94596168808906,2.83874616196389,0.0219797960564329,0.108782200872904,0.5524128356483,0.598975256956946,4,1,150,0.441315540583741,-0.0344845419177708,4,1.96596619569186,0,-5.97393,2771,0.2,0,15,"both",0.441315540583741,-0.0344845419177708
"529","session1",-8.10549809789273,7.94596168808906,2.83874616196389,0.0219797960564329,0.108782200872904,0.5524128356483,0.598975256956946,4,1,150,0.441315540583741,-0.0344845419177708,4,3.14535690561929,0,-14.79267,2771,0.2,0,15,"both",0.441315540583741,-0.0344845419177708
"530","session1",-8.10549809789273,7.94596168808906,2.83874616196389,0.0219797960564329,0.108782200872904,0.5524128356483,0.598975256956946,4,1,150,0.441315540583741,-0.0344845419177708,4,3.32293045679022,0,-18.31042,2771,0.2,0,15,"both",0.441315540583741,-0.0344845419177708
"531","session1",-8.10549809789273,7.94596168808906,2.83874616196389,0.0219797960564329,0.108782200872904,0.5524128356483,0.598975256956946,4,1,150,0.441315540583741,-0.0344845419177708,4,2.10267485600051,1,-3.9696,2771,0.2,0,15,"both",0.441315540583741,-0.0344845419177708
"532","session1",-8.10549809789273,7.94596168808906,2.83874616196389,0.0219797960564329,0.108782200872904,0.5524128356483,0.598975256956946,4,1,150,0.441315540583741,-0.0344845419177708,4,1.58933575797513,0,-14.77814,2771,0.2,0,15,"both",0.441315540583741,-0.0344845419177708
"533","session1",-8.10549809789273,7.94596168808906,2.83874616196389,0.0219797960564329,0.108782200872904,0.5524128356483,0.598975256956946,4,1,150,0.441315540583741,-0.0344845419177708,4,1.7553749310997,1,-4.15279,2771,0.2,0,15,"both",0.441315540583741,-0.0344845419177708
"534","session1",-8.10549809789273,7.94596168808906,2.83874616196389,0.0219797960564329,0.108782200872904,0.5524128356483,0.598975256956946,4,1,150,0.441315540583741,-0.0344845419177708,4,1.82702952880694,1,-4.99393,2771,0.2,0,15,"both",0.441315540583741,-0.0344845419177708
"535","session1",-8.10549809789273,7.94596168808906,2.83874616196389,0.0219797960564329,0.108782200872904,0.5524128356483,0.598975256956946,4,1,150,0.441315540583741,-0.0344845419177708,4,2.5764993304557,1,0.57953,2771,0.2,0,15,"both",0.441315540583741,-0.0344845419177708
"536","session1",-8.10549809789273,7.94596168808906,2.83874616196389,0.0219797960564329,0.108782200872904,0.5524128356483,0.598975256956946,4,1,150,0.441315540583741,-0.0344845419177708,4,1.80462166574707,1,-15.38631,2771,0.2,0,15,"both",0.441315540583741,-0.0344845419177708
"537","session1",-8.10549809789273,7.94596168808906,2.83874616196389,0.0219797960564329,0.108782200872904,0.5524128356483,0.598975256956946,4,1,150,0.441315540583741,-0.0344845419177708,4,1.50639414242094,0,-15.76779,2771,0.2,0,15,"both",0.441315540583741,-0.0344845419177708
"538","session1",-8.10549809789273,7.94596168808906,2.83874616196389,0.0219797960564329,0.108782200872904,0.5524128356483,0.598975256956946,4,1,150,0.441315540583741,-0.0344845419177708,4,4.01851030191371,1,-15.52469,2771,0.2,0,15,"both",0.441315540583741,-0.0344845419177708
"539","session1",-8.10549809789273,7.94596168808906,2.83874616196389,0.0219797960564329,0.108782200872904,0.5524128356483,0.598975256956946,4,1,150,0.441315540583741,-0.0344845419177708,4,1.82221322328386,0,-5.95867,2771,0.2,0,15,"both",0.441315540583741,-0.0344845419177708
"540","session1",-8.10549809789273,7.94596168808906,2.83874616196389,0.0219797960564329,0.108782200872904,0.5524128356483,0.598975256956946,4,1,150,0.441315540583741,-0.0344845419177708,4,1.71903902715748,0,-15.94452,2771,0.2,0,15,"both",0.441315540583741,-0.0344845419177708
"541","session1",-8.10549809789273,7.94596168808906,2.83874616196389,0.0219797960564329,0.108782200872904,0.5524128356483,0.598975256956946,4,1,150,0.441315540583741,-0.0344845419177708,4,1.46250486103118,1,0.57526,2771,0.2,0,15,"both",0.441315540583741,-0.0344845419177708
"542","session1",-8.10549809789273,7.94596168808906,2.83874616196389,0.0219797960564329,0.108782200872904,0.5524128356483,0.598975256956946,4,1,150,0.441315540583741,-0.0344845419177708,4,4.50478053412349,0,-5.62468,2771,0.2,0,15,"both",0.441315540583741,-0.0344845419177708
"543","session1",-8.10549809789273,7.94596168808906,2.83874616196389,0.0219797960564329,0.108782200872904,0.5524128356483,0.598975256956946,4,1,150,0.441315540583741,-0.0344845419177708,4,4.68609941587188,0,-18.14969,2771,0.2,0,15,"both",0.441315540583741,-0.0344845419177708
"544","session1",-8.10549809789273,7.94596168808906,2.83874616196389,0.0219797960564329,0.108782200872904,0.5524128356483,0.598975256956946,4,1,150,0.441315540583741,-0.0344845419177708,4,1.95168230615003,0,-17.224,2771,0.2,0,15,"both",0.441315540583741,-0.0344845419177708
"545","session1",-8.10549809789273,7.94596168808906,2.83874616196389,0.0219797960564329,0.108782200872904,0.5524128356483,0.598975256956946,4,1,150,0.441315540583741,-0.0344845419177708,4,2.87434842443466,1,-15.3619,2771,0.2,0,15,"both",0.441315540583741,-0.0344845419177708
"546","session1",-8.10549809789273,7.94596168808906,2.83874616196389,0.0219797960564329,0.108782200872904,0.5524128356483,0.598975256956946,4,1,150,0.441315540583741,-0.0344845419177708,4,3.3715333578269,0,-19.48287,2771,0.2,0,15,"both",0.441315540583741,-0.0344845419177708
"547","session1",-8.10549809789273,7.94596168808906,2.83874616196389,0.0219797960564329,0.108782200872904,0.5524128356483,0.598975256956946,4,1,150,0.441315540583741,-0.0344845419177708,4,3.60946480927735,0,-15.7764,2771,0.2,0,15,"both",0.441315540583741,-0.0344845419177708
"548","session1",-8.10549809789273,7.94596168808906,2.83874616196389,0.0219797960564329,0.108782200872904,0.5524128356483,0.598975256956946,4,1,150,0.441315540583741,-0.0344845419177708,4,1.68483176472584,1,-3.4959,2771,0.2,0,15,"both",0.441315540583741,-0.0344845419177708
"549","session1",-8.10549809789273,7.94596168808906,2.83874616196389,0.0219797960564329,0.108782200872904,0.5524128356483,0.598975256956946,4,1,150,0.441315540583741,-0.0344845419177708,4,3.1916354831537,1,-4.23058,2771,0.2,0,15,"both",0.441315540583741,-0.0344845419177708
"550","session1",-8.10549809789273,7.94596168808906,2.83874616196389,0.0219797960564329,0.108782200872904,0.5524128356483,0.598975256956946,4,1,150,0.441315540583741,-0.0344845419177708,4,2.25500888345118,0,-16.00142,2771,0.2,0,15,"both",0.441315540583741,-0.0344845419177708
"551","session1",-8.10549809789273,7.94596168808906,2.83874616196389,0.0219797960564329,0.108782200872904,0.5524128356483,0.598975256956946,4,1,150,0.441315540583741,-0.0344845419177708,4,1.77913991881103,1,-1.7917,2771,0.2,0,15,"both",0.441315540583741,-0.0344845419177708
"552","session1",-8.10549809789273,7.94596168808906,2.83874616196389,0.0219797960564329,0.108782200872904,0.5524128356483,0.598975256956946,4,1,150,0.441315540583741,-0.0344845419177708,4,1.96963168385826,0,-17.03463,2771,0.2,0,15,"both",0.441315540583741,-0.0344845419177708
"553","session1",-8.10549809789273,7.94596168808906,2.83874616196389,0.0219797960564329,0.108782200872904,0.5524128356483,0.598975256956946,4,1,150,0.441315540583741,-0.0344845419177708,4,1.76804687988831,0,-12.22536,2771,0.2,0,15,"both",0.441315540583741,-0.0344845419177708
"554","session1",-8.10549809789273,7.94596168808906,2.83874616196389,0.0219797960564329,0.108782200872904,0.5524128356483,0.598975256956946,4,1,150,0.441315540583741,-0.0344845419177708,4,3.30096967438533,0,-1.08245,2771,0.2,0,15,"both",0.441315540583741,-0.0344845419177708
"555","session1",-8.10549809789273,7.94596168808906,2.83874616196389,0.0219797960564329,0.108782200872904,0.5524128356483,0.598975256956946,4,1,150,0.441315540583741,-0.0344845419177708,4,1.64619516606055,0,-2.00852,2771,0.2,0,15,"both",0.441315540583741,-0.0344845419177708
"556","session1",-8.10549809789273,7.94596168808906,2.83874616196389,0.0219797960564329,0.108782200872904,0.5524128356483,0.598975256956946,4,1,150,0.441315540583741,-0.0344845419177708,4,1.8367581051633,0,-14.22734,2771,0.2,0,15,"both",0.441315540583741,-0.0344845419177708
"557","session1",-8.10549809789273,7.94596168808906,2.83874616196389,0.0219797960564329,0.108782200872904,0.5524128356483,0.598975256956946,4,1,150,0.441315540583741,-0.0344845419177708,4,1.40364370814943,0,-15.90408,2771,0.2,0,15,"both",0.441315540583741,-0.0344845419177708
"558","session1",-8.10549809789273,7.94596168808906,2.83874616196389,0.0219797960564329,0.108782200872904,0.5524128356483,0.598975256956946,4,1,150,0.441315540583741,-0.0344845419177708,4,5.61651009398695,0,-12.89091,2771,0.2,0,15,"both",0.441315540583741,-0.0344845419177708
"559","session1",-8.10549809789273,7.94596168808906,2.83874616196389,0.0219797960564329,0.108782200872904,0.5524128356483,0.598975256956946,4,1,150,0.441315540583741,-0.0344845419177708,4,1.18982609050092,1,-15.7835,2771,0.2,0,15,"both",0.441315540583741,-0.0344845419177708
"560","session1",-8.10549809789273,7.94596168808906,2.83874616196389,0.0219797960564329,0.108782200872904,0.5524128356483,0.598975256956946,4,1,150,0.441315540583741,-0.0344845419177708,4,2.45306296977723,0,-2.19018,2771,0.2,0,15,"both",0.441315540583741,-0.0344845419177708
"561","session1",-8.10549809789273,7.94596168808906,2.83874616196389,0.0219797960564329,0.108782200872904,0.5524128356483,0.598975256956946,4,1,150,0.441315540583741,-0.0344845419177708,4,2.66701677958817,1,-5.24253,2771,0.2,0,15,"both",0.441315540583741,-0.0344845419177708
"562","session1",-8.10549809789273,7.94596168808906,2.83874616196389,0.0219797960564329,0.108782200872904,0.5524128356483,0.598975256956946,4,1,150,0.441315540583741,-0.0344845419177708,4,4.0545905453268,0,-11.90623,2771,0.2,0,15,"both",0.441315540583741,-0.0344845419177708
"563","session1",-8.10549809789273,7.94596168808906,2.83874616196389,0.0219797960564329,0.108782200872904,0.5524128356483,0.598975256956946,4,1,150,0.441315540583741,-0.0344845419177708,4,2.40929927991064,0,-18.56502,2771,0.2,0,15,"both",0.441315540583741,-0.0344845419177708
"564","session1",-8.10549809789273,7.94596168808906,2.83874616196389,0.0219797960564329,0.108782200872904,0.5524128356483,0.598975256956946,4,1,150,0.441315540583741,-0.0344845419177708,4,1.69489146580712,1,-0.692,2771,0.2,0,15,"both",0.441315540583741,-0.0344845419177708
"565","session1",-8.10549809789273,7.94596168808906,2.83874616196389,0.0219797960564329,0.108782200872904,0.5524128356483,0.598975256956946,4,1,150,0.441315540583741,-0.0344845419177708,4,1.39545393261059,1,-13.76595,2771,0.2,0,15,"both",0.441315540583741,-0.0344845419177708
"566","session1",-8.10549809789273,7.94596168808906,2.83874616196389,0.0219797960564329,0.108782200872904,0.5524128356483,0.598975256956946,4,1,150,0.441315540583741,-0.0344845419177708,4,5.37664872526092,0,-15.27243,2771,0.2,0,15,"both",0.441315540583741,-0.0344845419177708
"567","session1",-8.10549809789273,7.94596168808906,2.83874616196389,0.0219797960564329,0.108782200872904,0.5524128356483,0.598975256956946,4,1,150,0.441315540583741,-0.0344845419177708,4,1.28164731201081,0,-2.88689,2771,0.2,0,15,"both",0.441315540583741,-0.0344845419177708
"568","session1",-8.10549809789273,7.94596168808906,2.83874616196389,0.0219797960564329,0.108782200872904,0.5524128356483,0.598975256956946,4,1,150,0.441315540583741,-0.0344845419177708,4,1.27997146253126,0,-15.51949,2771,0.2,0,15,"both",0.441315540583741,-0.0344845419177708
"569","session1",-8.10549809789273,7.94596168808906,2.83874616196389,0.0219797960564329,0.108782200872904,0.5524128356483,0.598975256956946,4,1,150,0.441315540583741,-0.0344845419177708,4,2.73862366860603,0,-12.76712,2771,0.2,0,15,"both",0.441315540583741,-0.0344845419177708
"570","session1",-8.10549809789273,7.94596168808906,2.83874616196389,0.0219797960564329,0.108782200872904,0.5524128356483,0.598975256956946,4,1,150,0.441315540583741,-0.0344845419177708,4,2.36413313431035,0,-16.54575,2771,0.2,0,15,"both",0.441315540583741,-0.0344845419177708
"571","session1",-8.10549809789273,7.94596168808906,2.83874616196389,0.0219797960564329,0.108782200872904,0.5524128356483,0.598975256956946,4,1,150,0.441315540583741,-0.0344845419177708,4,2.25247368451767,0,-13.08517,2771,0.2,0,15,"both",0.441315540583741,-0.0344845419177708
"572","session1",-8.10549809789273,7.94596168808906,2.83874616196389,0.0219797960564329,0.108782200872904,0.5524128356483,0.598975256956946,4,1,150,0.441315540583741,-0.0344845419177708,4,3.30259357226866,0,-3.73727,2771,0.2,0,15,"both",0.441315540583741,-0.0344845419177708
"573","session1",-8.10549809789273,7.94596168808906,2.83874616196389,0.0219797960564329,0.108782200872904,0.5524128356483,0.598975256956946,4,1,150,0.441315540583741,-0.0344845419177708,4,4.17590605296034,1,-3.01544,2771,0.2,0,15,"both",0.441315540583741,-0.0344845419177708
"574","session1",-8.10549809789273,7.94596168808906,2.83874616196389,0.0219797960564329,0.108782200872904,0.5524128356483,0.598975256956946,4,1,150,0.441315540583741,-0.0344845419177708,4,2.13554520160413,0,-0.16703,2771,0.2,0,15,"both",0.441315540583741,-0.0344845419177708
"575","session1",-8.10549809789273,7.94596168808906,2.83874616196389,0.0219797960564329,0.108782200872904,0.5524128356483,0.598975256956946,4,1,150,0.441315540583741,-0.0344845419177708,4,1.90014115152334,0,-14.37905,2771,0.2,0,15,"both",0.441315540583741,-0.0344845419177708
"576","session1",-8.10549809789273,7.94596168808906,2.83874616196389,0.0219797960564329,0.108782200872904,0.5524128356483,0.598975256956946,4,1,150,0.441315540583741,-0.0344845419177708,4,2.56773841772855,1,0.734279999999999,2771,0.2,0,15,"both",0.441315540583741,-0.0344845419177708
"577","session1",-8.10549809789273,7.94596168808906,2.83874616196389,0.0219797960564329,0.108782200872904,0.5524128356483,0.598975256956946,4,1,150,0.441315540583741,-0.0344845419177708,4,2.08282889599136,1,-11.182,2771,0.2,0,15,"both",0.441315540583741,-0.0344845419177708
"578","session1",-8.10549809789273,7.94596168808906,2.83874616196389,0.0219797960564329,0.108782200872904,0.5524128356483,0.598975256956946,4,1,150,0.441315540583741,-0.0344845419177708,4,2.10305510799816,0,-17.52264,2771,0.2,0,15,"both",0.441315540583741,-0.0344845419177708
"579","session1",-8.10549809789273,7.94596168808906,2.83874616196389,0.0219797960564329,0.108782200872904,0.5524128356483,0.598975256956946,4,1,150,0.441315540583741,-0.0344845419177708,4,1.6961275970851,0,-13.99449,2771,0.2,0,15,"both",0.441315540583741,-0.0344845419177708
"580","session1",-8.10549809789273,7.94596168808906,2.83874616196389,0.0219797960564329,0.108782200872904,0.5524128356483,0.598975256956946,4,1,150,0.441315540583741,-0.0344845419177708,4,1.5139724807227,0,-18.55794,2771,0.2,0,15,"both",0.441315540583741,-0.0344845419177708
"581","session1",-8.10549809789273,7.94596168808906,2.83874616196389,0.0219797960564329,0.108782200872904,0.5524128356483,0.598975256956946,4,1,150,0.441315540583741,-0.0344845419177708,4,1.95915386577173,0,-14.53261,2771,0.2,0,15,"both",0.441315540583741,-0.0344845419177708
"582","session1",-8.10549809789273,7.94596168808906,2.83874616196389,0.0219797960564329,0.108782200872904,0.5524128356483,0.598975256956946,4,1,150,0.441315540583741,-0.0344845419177708,4,3.64332893551234,0,-15.21471,2771,0.2,0,15,"both",0.441315540583741,-0.0344845419177708
"583","session1",-8.10549809789273,7.94596168808906,2.83874616196389,0.0219797960564329,0.108782200872904,0.5524128356483,0.598975256956946,4,1,150,0.441315540583741,-0.0344845419177708,4,0.996966185435973,1,4.12443,2771,0.2,0,15,"both",0.441315540583741,-0.0344845419177708
"584","session1",-8.10549809789273,7.94596168808906,2.83874616196389,0.0219797960564329,0.108782200872904,0.5524128356483,0.598975256956946,4,1,150,0.441315540583741,-0.0344845419177708,4,1.51739385677302,1,-0.35629,2771,0.2,0,15,"both",0.441315540583741,-0.0344845419177708
"585","session1",-8.10549809789273,7.94596168808906,2.83874616196389,0.0219797960564329,0.108782200872904,0.5524128356483,0.598975256956946,4,1,150,0.441315540583741,-0.0344845419177708,4,2.35705741250515,1,-1.4156,2771,0.2,0,15,"both",0.441315540583741,-0.0344845419177708
"586","session1",-8.10549809789273,7.94596168808906,2.83874616196389,0.0219797960564329,0.108782200872904,0.5524128356483,0.598975256956946,4,1,150,0.441315540583741,-0.0344845419177708,4,2.69695221099279,1,1.7659,2771,0.2,0,15,"both",0.441315540583741,-0.0344845419177708
"587","session1",-8.10549809789273,7.94596168808906,2.83874616196389,0.0219797960564329,0.108782200872904,0.5524128356483,0.598975256956946,4,1,150,0.441315540583741,-0.0344845419177708,4,2.53412301398648,1,-3.26127,2771,0.2,0,15,"both",0.441315540583741,-0.0344845419177708
"588","session1",-8.10549809789273,7.94596168808906,2.83874616196389,0.0219797960564329,0.108782200872904,0.5524128356483,0.598975256956946,4,1,150,0.441315540583741,-0.0344845419177708,4,8,1,-14.50537,2771,0.2,0,15,"both",0.441315540583741,-0.0344845419177708
"589","session1",-8.10549809789273,7.94596168808906,2.83874616196389,0.0219797960564329,0.108782200872904,0.5524128356483,0.598975256956946,4,1,150,0.441315540583741,-0.0344845419177708,4,1.55772683959189,0,-17.11861,2771,0.2,0,15,"both",0.441315540583741,-0.0344845419177708
"590","session1",-8.10549809789273,7.94596168808906,2.83874616196389,0.0219797960564329,0.108782200872904,0.5524128356483,0.598975256956946,4,1,150,0.441315540583741,-0.0344845419177708,4,1.28840921086471,0,-15.58227,2771,0.2,0,15,"both",0.441315540583741,-0.0344845419177708
"591","session1",-8.10549809789273,7.94596168808906,2.83874616196389,0.0219797960564329,0.108782200872904,0.5524128356483,0.598975256956946,4,1,150,0.441315540583741,-0.0344845419177708,4,1.38768998837152,1,2.91722,2771,0.2,0,15,"both",0.441315540583741,-0.0344845419177708
"592","session1",-8.10549809789273,7.94596168808906,2.83874616196389,0.0219797960564329,0.108782200872904,0.5524128356483,0.598975256956946,4,1,150,0.441315540583741,-0.0344845419177708,4,3.59386203211361,1,0.0723199999999995,2771,0.2,0,15,"both",0.441315540583741,-0.0344845419177708
"593","session1",-8.10549809789273,7.94596168808906,2.83874616196389,0.0219797960564329,0.108782200872904,0.5524128356483,0.598975256956946,4,1,150,0.441315540583741,-0.0344845419177708,4,1.65621503017657,0,-17.77394,2771,0.2,0,15,"both",0.441315540583741,-0.0344845419177708
"594","session1",-8.10549809789273,7.94596168808906,2.83874616196389,0.0219797960564329,0.108782200872904,0.5524128356483,0.598975256956946,4,1,150,0.441315540583741,-0.0344845419177708,4,1.86806790623004,1,-15.54312,2771,0.2,0,15,"both",0.441315540583741,-0.0344845419177708
"595","session1",-8.10549809789273,7.94596168808906,2.83874616196389,0.0219797960564329,0.108782200872904,0.5524128356483,0.598975256956946,4,1,150,0.441315540583741,-0.0344845419177708,4,3.14906352491988,1,-2.94283,2771,0.2,0,15,"both",0.441315540583741,-0.0344845419177708
"596","session1",-8.10549809789273,7.94596168808906,2.83874616196389,0.0219797960564329,0.108782200872904,0.5524128356483,0.598975256956946,4,1,150,0.441315540583741,-0.0344845419177708,4,3.43935374626753,1,-2.12749,2771,0.2,0,15,"both",0.441315540583741,-0.0344845419177708
"597","session1",-8.10549809789273,7.94596168808906,2.83874616196389,0.0219797960564329,0.108782200872904,0.5524128356483,0.598975256956946,4,1,150,0.441315540583741,-0.0344845419177708,4,5.95320822555964,1,1.28809,2771,0.2,0,15,"both",0.441315540583741,-0.0344845419177708
"598","session1",-8.10549809789273,7.94596168808906,2.83874616196389,0.0219797960564329,0.108782200872904,0.5524128356483,0.598975256956946,4,1,150,0.441315540583741,-0.0344845419177708,4,1.26882835861576,1,-1.73408,2771,0.2,0,15,"both",0.441315540583741,-0.0344845419177708
"599","session1",-8.10549809789273,7.94596168808906,2.83874616196389,0.0219797960564329,0.108782200872904,0.5524128356483,0.598975256956946,4,1,150,0.441315540583741,-0.0344845419177708,4,5.24339931063227,0,-1.63387,2771,0.2,0,15,"both",0.441315540583741,-0.0344845419177708
"600","session1",-8.10549809789273,7.94596168808906,2.83874616196389,0.0219797960564329,0.108782200872904,0.5524128356483,0.598975256956946,4,1,150,0.441315540583741,-0.0344845419177708,4,2.84420708512966,0,-15.63658,2771,0.2,0,15,"both",0.441315540583741,-0.0344845419177708
"601","session1",-19.9534947208737,19.9025893029259,1.69265287240503,5.03982742735937e-08,0.575335007462662,0.456062925210214,0.384797449620171,5,1,150,0.441315540583741,-0.0344845419177708,5,2.53129814441334,1,-10.0234889527,2771,0.2,0,15,"both",0.441315540583741,-0.0344845419177708
"602","session1",-19.9534947208737,19.9025893029259,1.69265287240503,5.03982742735937e-08,0.575335007462662,0.456062925210214,0.384797449620171,5,1,150,0.441315540583741,-0.0344845419177708,5,3.31109189143243,1,-11.803506673,2771,0.2,0,15,"both",0.441315540583741,-0.0344845419177708
"603","session1",-19.9534947208737,19.9025893029259,1.69265287240503,5.03982742735937e-08,0.575335007462662,0.456062925210214,0.384797449620171,5,1,150,0.441315540583741,-0.0344845419177708,5,4.0184514232813,0,-18.8817284742,2771,0.2,0,15,"both",0.441315540583741,-0.0344845419177708
"604","session1",-19.9534947208737,19.9025893029259,1.69265287240503,5.03982742735937e-08,0.575335007462662,0.456062925210214,0.384797449620171,5,1,150,0.441315540583741,-0.0344845419177708,5,1.83634198837663,1,-15.150939347,2771,0.2,0,15,"both",0.441315540583741,-0.0344845419177708
"605","session1",-19.9534947208737,19.9025893029259,1.69265287240503,5.03982742735937e-08,0.575335007462662,0.456062925210214,0.384797449620171,5,1,150,0.441315540583741,-0.0344845419177708,5,1.60476660195601,1,-16.523010045,2771,0.2,0,15,"both",0.441315540583741,-0.0344845419177708
"606","session1",-19.9534947208737,19.9025893029259,1.69265287240503,5.03982742735937e-08,0.575335007462662,0.456062925210214,0.384797449620171,5,1,150,0.441315540583741,-0.0344845419177708,5,1.7871360347097,0,-24.01694,2771,0.2,0,15,"both",0.441315540583741,-0.0344845419177708
"607","session1",-19.9534947208737,19.9025893029259,1.69265287240503,5.03982742735937e-08,0.575335007462662,0.456062925210214,0.384797449620171,5,1,150,0.441315540583741,-0.0344845419177708,5,2.76030915459613,0,-19.30668,2771,0.2,0,15,"both",0.441315540583741,-0.0344845419177708
"608","session1",-19.9534947208737,19.9025893029259,1.69265287240503,5.03982742735937e-08,0.575335007462662,0.456062925210214,0.384797449620171,5,1,150,0.441315540583741,-0.0344845419177708,5,2.74654560782914,0,-24.50146,2771,0.2,0,15,"both",0.441315540583741,-0.0344845419177708
"609","session1",-19.9534947208737,19.9025893029259,1.69265287240503,5.03982742735937e-08,0.575335007462662,0.456062925210214,0.384797449620171,5,1,150,0.441315540583741,-0.0344845419177708,5,5.0924680840123,0,-23.59453,2771,0.2,0,15,"both",0.441315540583741,-0.0344845419177708
"610","session1",-19.9534947208737,19.9025893029259,1.69265287240503,5.03982742735937e-08,0.575335007462662,0.456062925210214,0.384797449620171,5,1,150,0.441315540583741,-0.0344845419177708,5,2.47967036912046,0,-24.11763,2771,0.2,0,15,"both",0.441315540583741,-0.0344845419177708
"611","session1",-19.9534947208737,19.9025893029259,1.69265287240503,5.03982742735937e-08,0.575335007462662,0.456062925210214,0.384797449620171,5,1,150,0.441315540583741,-0.0344845419177708,5,2.48079556149791,1,-19.14101,2771,0.2,0,15,"both",0.441315540583741,-0.0344845419177708
"612","session1",-19.9534947208737,19.9025893029259,1.69265287240503,5.03982742735937e-08,0.575335007462662,0.456062925210214,0.384797449620171,5,1,150,0.441315540583741,-0.0344845419177708,5,4.37437686868443,0,-22.43702,2771,0.2,0,15,"both",0.441315540583741,-0.0344845419177708
"613","session1",-19.9534947208737,19.9025893029259,1.69265287240503,5.03982742735937e-08,0.575335007462662,0.456062925210214,0.384797449620171,5,1,150,0.441315540583741,-0.0344845419177708,5,2.20707726646155,0,-9.81458,2771,0.2,0,15,"both",0.441315540583741,-0.0344845419177708
"614","session1",-19.9534947208737,19.9025893029259,1.69265287240503,5.03982742735937e-08,0.575335007462662,0.456062925210214,0.384797449620171,5,1,150,0.441315540583741,-0.0344845419177708,5,2.49584702427587,1,-4.42482,2771,0.2,0,15,"both",0.441315540583741,-0.0344845419177708
"615","session1",-19.9534947208737,19.9025893029259,1.69265287240503,5.03982742735937e-08,0.575335007462662,0.456062925210214,0.384797449620171,5,1,150,0.441315540583741,-0.0344845419177708,5,3.7728531558626,1,-13.66813,2771,0.2,0,15,"both",0.441315540583741,-0.0344845419177708
"616","session1",-19.9534947208737,19.9025893029259,1.69265287240503,5.03982742735937e-08,0.575335007462662,0.456062925210214,0.384797449620171,5,1,150,0.441315540583741,-0.0344845419177708,5,2.31397850669997,1,-9.23053,2771,0.2,0,15,"both",0.441315540583741,-0.0344845419177708
"617","session1",-19.9534947208737,19.9025893029259,1.69265287240503,5.03982742735937e-08,0.575335007462662,0.456062925210214,0.384797449620171,5,1,150,0.441315540583741,-0.0344845419177708,5,2.22839861953963,1,-21.9611,2771,0.2,0,15,"both",0.441315540583741,-0.0344845419177708
"618","session1",-19.9534947208737,19.9025893029259,1.69265287240503,5.03982742735937e-08,0.575335007462662,0.456062925210214,0.384797449620171,5,1,150,0.441315540583741,-0.0344845419177708,5,1.59257392259232,0,-28.04901,2771,0.2,0,15,"both",0.441315540583741,-0.0344845419177708
"619","session1",-19.9534947208737,19.9025893029259,1.69265287240503,5.03982742735937e-08,0.575335007462662,0.456062925210214,0.384797449620171,5,1,150,0.441315540583741,-0.0344845419177708,5,2.20248385086952,0,-19.24213,2771,0.2,0,15,"both",0.441315540583741,-0.0344845419177708
"620","session1",-19.9534947208737,19.9025893029259,1.69265287240503,5.03982742735937e-08,0.575335007462662,0.456062925210214,0.384797449620171,5,1,150,0.441315540583741,-0.0344845419177708,5,2.48758805793025,1,-21.61287,2771,0.2,0,15,"both",0.441315540583741,-0.0344845419177708
"621","session1",-19.9534947208737,19.9025893029259,1.69265287240503,5.03982742735937e-08,0.575335007462662,0.456062925210214,0.384797449620171,5,1,150,0.441315540583741,-0.0344845419177708,5,3.5380229766952,1,13.0273,2771,0.2,0,15,"both",0.441315540583741,-0.0344845419177708
"622","session1",-19.9534947208737,19.9025893029259,1.69265287240503,5.03982742735937e-08,0.575335007462662,0.456062925210214,0.384797449620171,5,1,150,0.441315540583741,-0.0344845419177708,5,2.67577112707193,1,-20.77637,2771,0.2,0,15,"both",0.441315540583741,-0.0344845419177708
"623","session1",-19.9534947208737,19.9025893029259,1.69265287240503,5.03982742735937e-08,0.575335007462662,0.456062925210214,0.384797449620171,5,1,150,0.441315540583741,-0.0344845419177708,5,2.51606234751225,1,-23.45812,2771,0.2,0,15,"both",0.441315540583741,-0.0344845419177708
"624","session1",-19.9534947208737,19.9025893029259,1.69265287240503,5.03982742735937e-08,0.575335007462662,0.456062925210214,0.384797449620171,5,1,150,0.441315540583741,-0.0344845419177708,5,2.67028703842867,1,-27.22223,2771,0.2,0,15,"both",0.441315540583741,-0.0344845419177708
"625","session1",-19.9534947208737,19.9025893029259,1.69265287240503,5.03982742735937e-08,0.575335007462662,0.456062925210214,0.384797449620171,5,1,150,0.441315540583741,-0.0344845419177708,5,1.96426515112528,1,-36.2506,2771,0.2,0,15,"both",0.441315540583741,-0.0344845419177708
"626","session1",-19.9534947208737,19.9025893029259,1.69265287240503,5.03982742735937e-08,0.575335007462662,0.456062925210214,0.384797449620171,5,1,150,0.441315540583741,-0.0344845419177708,5,3.29517396454301,0,-29.4231,2771,0.2,0,15,"both",0.441315540583741,-0.0344845419177708
"627","session1",-19.9534947208737,19.9025893029259,1.69265287240503,5.03982742735937e-08,0.575335007462662,0.456062925210214,0.384797449620171,5,1,150,0.441315540583741,-0.0344845419177708,5,2.23768827648708,0,-20.42786,2771,0.2,0,15,"both",0.441315540583741,-0.0344845419177708
"628","session1",-19.9534947208737,19.9025893029259,1.69265287240503,5.03982742735937e-08,0.575335007462662,0.456062925210214,0.384797449620171,5,1,150,0.441315540583741,-0.0344845419177708,5,3.03802760799444,1,-23.31181,2771,0.2,0,15,"both",0.441315540583741,-0.0344845419177708
"629","session1",-19.9534947208737,19.9025893029259,1.69265287240503,5.03982742735937e-08,0.575335007462662,0.456062925210214,0.384797449620171,5,1,150,0.441315540583741,-0.0344845419177708,5,3.6649381122723,1,-18.960149825,2771,0.2,0,15,"both",0.441315540583741,-0.0344845419177708
"630","session1",-19.9534947208737,19.9025893029259,1.69265287240503,5.03982742735937e-08,0.575335007462662,0.456062925210214,0.384797449620171,5,1,150,0.441315540583741,-0.0344845419177708,5,1.94826673498898,1,-22.484083176,2771,0.2,0,15,"both",0.441315540583741,-0.0344845419177708
"631","session1",-19.9534947208737,19.9025893029259,1.69265287240503,5.03982742735937e-08,0.575335007462662,0.456062925210214,0.384797449620171,5,1,150,0.441315540583741,-0.0344845419177708,5,3.07012697971498,1,-22.94368267,2771,0.2,0,15,"both",0.441315540583741,-0.0344845419177708
"632","session1",-19.9534947208737,19.9025893029259,1.69265287240503,5.03982742735937e-08,0.575335007462662,0.456062925210214,0.384797449620171,5,1,150,0.441315540583741,-0.0344845419177708,5,1.80262086251128,1,-12.8765,2771,0.2,0,15,"both",0.441315540583741,-0.0344845419177708
"633","session1",-19.9534947208737,19.9025893029259,1.69265287240503,5.03982742735937e-08,0.575335007462662,0.456062925210214,0.384797449620171,5,1,150,0.441315540583741,-0.0344845419177708,5,1.76753237125867,1,0.3697,2771,0.2,0,15,"both",0.441315540583741,-0.0344845419177708
"634","session1",-19.9534947208737,19.9025893029259,1.69265287240503,5.03982742735937e-08,0.575335007462662,0.456062925210214,0.384797449620171,5,1,150,0.441315540583741,-0.0344845419177708,5,2.09106462786768,0,-27.76515,2771,0.2,0,15,"both",0.441315540583741,-0.0344845419177708
"635","session1",-19.9534947208737,19.9025893029259,1.69265287240503,5.03982742735937e-08,0.575335007462662,0.456062925210214,0.384797449620171,5,1,150,0.441315540583741,-0.0344845419177708,5,4.12757419319444,0,-24.63795633,2771,0.2,0,15,"both",0.441315540583741,-0.0344845419177708
"636","session1",-19.9534947208737,19.9025893029259,1.69265287240503,5.03982742735937e-08,0.575335007462662,0.456062925210214,0.384797449620171,5,1,150,0.441315540583741,-0.0344845419177708,5,2.14594216844793,1,-22.82730275,2771,0.2,0,15,"both",0.441315540583741,-0.0344845419177708
"637","session1",-19.9534947208737,19.9025893029259,1.69265287240503,5.03982742735937e-08,0.575335007462662,0.456062925210214,0.384797449620171,5,1,150,0.441315540583741,-0.0344845419177708,5,2.05557072658485,0,-40.7494,2771,0.2,0,15,"both",0.441315540583741,-0.0344845419177708
"638","session1",-19.9534947208737,19.9025893029259,1.69265287240503,5.03982742735937e-08,0.575335007462662,0.456062925210214,0.384797449620171,5,1,150,0.441315540583741,-0.0344845419177708,5,2.40459414583792,0,-23.2067937,2771,0.2,0,15,"both",0.441315540583741,-0.0344845419177708
"639","session1",-19.9534947208737,19.9025893029259,1.69265287240503,5.03982742735937e-08,0.575335007462662,0.456062925210214,0.384797449620171,5,1,150,0.441315540583741,-0.0344845419177708,5,1.90284671914335,1,15.5715,2771,0.2,0,15,"both",0.441315540583741,-0.0344845419177708
"640","session1",-19.9534947208737,19.9025893029259,1.69265287240503,5.03982742735937e-08,0.575335007462662,0.456062925210214,0.384797449620171,5,1,150,0.441315540583741,-0.0344845419177708,5,2.05586003646021,0,-7.9183,2771,0.2,0,15,"both",0.441315540583741,-0.0344845419177708
"641","session1",-19.9534947208737,19.9025893029259,1.69265287240503,5.03982742735937e-08,0.575335007462662,0.456062925210214,0.384797449620171,5,1,150,0.441315540583741,-0.0344845419177708,5,2.42370083841048,1,-42.5913,2771,0.2,0,15,"both",0.441315540583741,-0.0344845419177708
"642","session1",-19.9534947208737,19.9025893029259,1.69265287240503,5.03982742735937e-08,0.575335007462662,0.456062925210214,0.384797449620171,5,1,150,0.441315540583741,-0.0344845419177708,5,2.83059552271851,0,-24.89192873,2771,0.2,0,15,"both",0.441315540583741,-0.0344845419177708
"643","session1",-19.9534947208737,19.9025893029259,1.69265287240503,5.03982742735937e-08,0.575335007462662,0.456062925210214,0.384797449620171,5,1,150,0.441315540583741,-0.0344845419177708,5,2.22586326604258,1,-1.7094,2771,0.2,0,15,"both",0.441315540583741,-0.0344845419177708
"644","session1",-19.9534947208737,19.9025893029259,1.69265287240503,5.03982742735937e-08,0.575335007462662,0.456062925210214,0.384797449620171,5,1,150,0.441315540583741,-0.0344845419177708,5,1.80164899247589,1,-36.3641,2771,0.2,0,15,"both",0.441315540583741,-0.0344845419177708
"645","session1",-19.9534947208737,19.9025893029259,1.69265287240503,5.03982742735937e-08,0.575335007462662,0.456062925210214,0.384797449620171,5,1,150,0.441315540583741,-0.0344845419177708,5,2.56907015817953,1,23.3937,2771,0.2,0,15,"both",0.441315540583741,-0.0344845419177708
"646","session1",-19.9534947208737,19.9025893029259,1.69265287240503,5.03982742735937e-08,0.575335007462662,0.456062925210214,0.384797449620171,5,1,150,0.441315540583741,-0.0344845419177708,5,2.03994686571002,1,-14.91974,2771,0.2,0,15,"both",0.441315540583741,-0.0344845419177708
"647","session1",-19.9534947208737,19.9025893029259,1.69265287240503,5.03982742735937e-08,0.575335007462662,0.456062925210214,0.384797449620171,5,1,150,0.441315540583741,-0.0344845419177708,5,1.69585546195227,1,-25.0792204,2771,0.2,0,15,"both",0.441315540583741,-0.0344845419177708
"648","session1",-19.9534947208737,19.9025893029259,1.69265287240503,5.03982742735937e-08,0.575335007462662,0.456062925210214,0.384797449620171,5,1,150,0.441315540583741,-0.0344845419177708,5,4.13651215143158,0,-25.63736276,2771,0.2,0,15,"both",0.441315540583741,-0.0344845419177708
"649","session1",-19.9534947208737,19.9025893029259,1.69265287240503,5.03982742735937e-08,0.575335007462662,0.456062925210214,0.384797449620171,5,1,150,0.441315540583741,-0.0344845419177708,5,1.74143037336992,0,-25.91212009,2771,0.2,0,15,"both",0.441315540583741,-0.0344845419177708
"650","session1",-19.9534947208737,19.9025893029259,1.69265287240503,5.03982742735937e-08,0.575335007462662,0.456062925210214,0.384797449620171,5,1,150,0.441315540583741,-0.0344845419177708,5,3.53839627436687,1,-23.75434983,2771,0.2,0,15,"both",0.441315540583741,-0.0344845419177708
"651","session1",-19.9534947208737,19.9025893029259,1.69265287240503,5.03982742735937e-08,0.575335007462662,0.456062925210214,0.384797449620171,5,1,150,0.441315540583741,-0.0344845419177708,5,3.84908447719836,0,-34.35475,2771,0.2,0,15,"both",0.441315540583741,-0.0344845419177708
"652","session1",-19.9534947208737,19.9025893029259,1.69265287240503,5.03982742735937e-08,0.575335007462662,0.456062925210214,0.384797449620171,5,1,150,0.441315540583741,-0.0344845419177708,5,1.63770850957901,1,-25.66208,2771,0.2,0,15,"both",0.441315540583741,-0.0344845419177708
"653","session1",-19.9534947208737,19.9025893029259,1.69265287240503,5.03982742735937e-08,0.575335007462662,0.456062925210214,0.384797449620171,5,1,150,0.441315540583741,-0.0344845419177708,5,5.18382807676335,1,-14.8692,2771,0.2,0,15,"both",0.441315540583741,-0.0344845419177708
"654","session1",-19.9534947208737,19.9025893029259,1.69265287240503,5.03982742735937e-08,0.575335007462662,0.456062925210214,0.384797449620171,5,1,150,0.441315540583741,-0.0344845419177708,5,1.68809027484688,0,-41.3774,2771,0.2,0,15,"both",0.441315540583741,-0.0344845419177708
"655","session1",-19.9534947208737,19.9025893029259,1.69265287240503,5.03982742735937e-08,0.575335007462662,0.456062925210214,0.384797449620171,5,1,150,0.441315540583741,-0.0344845419177708,5,1.70241924741313,1,-25.94171,2771,0.2,0,15,"both",0.441315540583741,-0.0344845419177708
"656","session1",-19.9534947208737,19.9025893029259,1.69265287240503,5.03982742735937e-08,0.575335007462662,0.456062925210214,0.384797449620171,5,1,150,0.441315540583741,-0.0344845419177708,5,2.15651153631813,0,-18.831,2771,0.2,0,15,"both",0.441315540583741,-0.0344845419177708
"657","session1",-19.9534947208737,19.9025893029259,1.69265287240503,5.03982742735937e-08,0.575335007462662,0.456062925210214,0.384797449620171,5,1,150,0.441315540583741,-0.0344845419177708,5,6.03984369761772,1,-15.42087,2771,0.2,0,15,"both",0.441315540583741,-0.0344845419177708
"658","session1",-19.9534947208737,19.9025893029259,1.69265287240503,5.03982742735937e-08,0.575335007462662,0.456062925210214,0.384797449620171,5,1,150,0.441315540583741,-0.0344845419177708,5,2.57823102748664,0,-37.8013,2771,0.2,0,15,"both",0.441315540583741,-0.0344845419177708
"659","session1",-19.9534947208737,19.9025893029259,1.69265287240503,5.03982742735937e-08,0.575335007462662,0.456062925210214,0.384797449620171,5,1,150,0.441315540583741,-0.0344845419177708,5,4.3634830477453,0,-46.615,2771,0.2,0,15,"both",0.441315540583741,-0.0344845419177708
"660","session1",-19.9534947208737,19.9025893029259,1.69265287240503,5.03982742735937e-08,0.575335007462662,0.456062925210214,0.384797449620171,5,1,150,0.441315540583741,-0.0344845419177708,5,3.98750460173243,1,-25.05303,2771,0.2,0,15,"both",0.441315540583741,-0.0344845419177708
"661","session1",-19.9534947208737,19.9025893029259,1.69265287240503,5.03982742735937e-08,0.575335007462662,0.456062925210214,0.384797449620171,5,1,150,0.441315540583741,-0.0344845419177708,5,2.01635774106253,0,-25.2610455,2771,0.2,0,15,"both",0.441315540583741,-0.0344845419177708
"662","session1",-19.9534947208737,19.9025893029259,1.69265287240503,5.03982742735937e-08,0.575335007462662,0.456062925210214,0.384797449620171,5,1,150,0.441315540583741,-0.0344845419177708,5,3.0064872042618,1,-8.6743,2771,0.2,0,15,"both",0.441315540583741,-0.0344845419177708
"663","session1",-19.9534947208737,19.9025893029259,1.69265287240503,5.03982742735937e-08,0.575335007462662,0.456062925210214,0.384797449620171,5,1,150,0.441315540583741,-0.0344845419177708,5,2.75981188853324,0,-14.7244,2771,0.2,0,15,"both",0.441315540583741,-0.0344845419177708
"664","session1",-19.9534947208737,19.9025893029259,1.69265287240503,5.03982742735937e-08,0.575335007462662,0.456062925210214,0.384797449620171,5,1,150,0.441315540583741,-0.0344845419177708,5,3.21013123691747,0,-36.878,2771,0.2,0,15,"both",0.441315540583741,-0.0344845419177708
"665","session1",-19.9534947208737,19.9025893029259,1.69265287240503,5.03982742735937e-08,0.575335007462662,0.456062925210214,0.384797449620171,5,1,150,0.441315540583741,-0.0344845419177708,5,1.77045136081056,0,-6.9105,2771,0.2,0,15,"both",0.441315540583741,-0.0344845419177708
"666","session1",-19.9534947208737,19.9025893029259,1.69265287240503,5.03982742735937e-08,0.575335007462662,0.456062925210214,0.384797449620171,5,1,150,0.441315540583741,-0.0344845419177708,5,2.74937581742278,0,-44.8964,2771,0.2,0,15,"both",0.441315540583741,-0.0344845419177708
"667","session1",-19.9534947208737,19.9025893029259,1.69265287240503,5.03982742735937e-08,0.575335007462662,0.456062925210214,0.384797449620171,5,1,150,0.441315540583741,-0.0344845419177708,5,3.35765662083291,0,-39.1616,2771,0.2,0,15,"both",0.441315540583741,-0.0344845419177708
"668","session1",-19.9534947208737,19.9025893029259,1.69265287240503,5.03982742735937e-08,0.575335007462662,0.456062925210214,0.384797449620171,5,1,150,0.441315540583741,-0.0344845419177708,5,2.68280024083698,1,-5.4644,2771,0.2,0,15,"both",0.441315540583741,-0.0344845419177708
"669","session1",-19.9534947208737,19.9025893029259,1.69265287240503,5.03982742735937e-08,0.575335007462662,0.456062925210214,0.384797449620171,5,1,150,0.441315540583741,-0.0344845419177708,5,5.06769208633137,0,-3.4355,2771,0.2,0,15,"both",0.441315540583741,-0.0344845419177708
"670","session1",-19.9534947208737,19.9025893029259,1.69265287240503,5.03982742735937e-08,0.575335007462662,0.456062925210214,0.384797449620171,5,1,150,0.441315540583741,-0.0344845419177708,5,2.66411363823366,1,-4.5572,2771,0.2,0,15,"both",0.441315540583741,-0.0344845419177708
"671","session1",-19.9534947208737,19.9025893029259,1.69265287240503,5.03982742735937e-08,0.575335007462662,0.456062925210214,0.384797449620171,5,1,150,0.441315540583741,-0.0344845419177708,5,2.99721821586388,0,-34.38024,2771,0.2,0,15,"both",0.441315540583741,-0.0344845419177708
"672","session1",-19.9534947208737,19.9025893029259,1.69265287240503,5.03982742735937e-08,0.575335007462662,0.456062925210214,0.384797449620171,5,1,150,0.441315540583741,-0.0344845419177708,5,1.8336031613664,0,-36.2492,2771,0.2,0,15,"both",0.441315540583741,-0.0344845419177708
"673","session1",-19.9534947208737,19.9025893029259,1.69265287240503,5.03982742735937e-08,0.575335007462662,0.456062925210214,0.384797449620171,5,1,150,0.441315540583741,-0.0344845419177708,5,3.24248905245945,1,-28.59114,2771,0.2,0,15,"both",0.441315540583741,-0.0344845419177708
"674","session1",-19.9534947208737,19.9025893029259,1.69265287240503,5.03982742735937e-08,0.575335007462662,0.456062925210214,0.384797449620171,5,1,150,0.441315540583741,-0.0344845419177708,5,2.96816154134095,1,-7.2913,2771,0.2,0,15,"both",0.441315540583741,-0.0344845419177708
"675","session1",-19.9534947208737,19.9025893029259,1.69265287240503,5.03982742735937e-08,0.575335007462662,0.456062925210214,0.384797449620171,5,1,150,0.441315540583741,-0.0344845419177708,5,3.10780890122401,0,-45.8497,2771,0.2,0,15,"both",0.441315540583741,-0.0344845419177708
"676","session1",-19.9534947208737,19.9025893029259,1.69265287240503,5.03982742735937e-08,0.575335007462662,0.456062925210214,0.384797449620171,5,1,150,0.441315540583741,-0.0344845419177708,5,1.12555723558794,0,-2.9979,2771,0.2,0,15,"both",0.441315540583741,-0.0344845419177708
"677","session1",-19.9534947208737,19.9025893029259,1.69265287240503,5.03982742735937e-08,0.575335007462662,0.456062925210214,0.384797449620171,5,1,150,0.441315540583741,-0.0344845419177708,5,1.37716379933206,1,1.6455,2771,0.2,0,15,"both",0.441315540583741,-0.0344845419177708
"678","session1",-19.9534947208737,19.9025893029259,1.69265287240503,5.03982742735937e-08,0.575335007462662,0.456062925210214,0.384797449620171,5,1,150,0.441315540583741,-0.0344845419177708,5,5.50295596645138,0,-31.27276,2771,0.2,0,15,"both",0.441315540583741,-0.0344845419177708
"679","session1",-19.9534947208737,19.9025893029259,1.69265287240503,5.03982742735937e-08,0.575335007462662,0.456062925210214,0.384797449620171,5,1,150,0.441315540583741,-0.0344845419177708,5,1.76887594589701,1,-9.0858,2771,0.2,0,15,"both",0.441315540583741,-0.0344845419177708
"680","session1",-19.9534947208737,19.9025893029259,1.69265287240503,5.03982742735937e-08,0.575335007462662,0.456062925210214,0.384797449620171,5,1,150,0.441315540583741,-0.0344845419177708,5,4.18615132555195,1,-22.27301309,2771,0.2,0,15,"both",0.441315540583741,-0.0344845419177708
"681","session1",-19.9534947208737,19.9025893029259,1.69265287240503,5.03982742735937e-08,0.575335007462662,0.456062925210214,0.384797449620171,5,1,150,0.441315540583741,-0.0344845419177708,5,2.144182469042,0,-22.5700031,2771,0.2,0,15,"both",0.441315540583741,-0.0344845419177708
"682","session1",-19.9534947208737,19.9025893029259,1.69265287240503,5.03982742735937e-08,0.575335007462662,0.456062925210214,0.384797449620171,5,1,150,0.441315540583741,-0.0344845419177708,5,2.20613614618184,0,-25.42451,2771,0.2,0,15,"both",0.441315540583741,-0.0344845419177708
"683","session1",-19.9534947208737,19.9025893029259,1.69265287240503,5.03982742735937e-08,0.575335007462662,0.456062925210214,0.384797449620171,5,1,150,0.441315540583741,-0.0344845419177708,5,2.18122540075111,0,-12.77109,2771,0.2,0,15,"both",0.441315540583741,-0.0344845419177708
"684","session1",-19.9534947208737,19.9025893029259,1.69265287240503,5.03982742735937e-08,0.575335007462662,0.456062925210214,0.384797449620171,5,1,150,0.441315540583741,-0.0344845419177708,5,2.84109120302674,1,-11.811,2771,0.2,0,15,"both",0.441315540583741,-0.0344845419177708
"685","session1",-19.9534947208737,19.9025893029259,1.69265287240503,5.03982742735937e-08,0.575335007462662,0.456062925210214,0.384797449620171,5,1,150,0.441315540583741,-0.0344845419177708,5,2.03327316023522,1,-6.583,2771,0.2,0,15,"both",0.441315540583741,-0.0344845419177708
"686","session1",-19.9534947208737,19.9025893029259,1.69265287240503,5.03982742735937e-08,0.575335007462662,0.456062925210214,0.384797449620171,5,1,150,0.441315540583741,-0.0344845419177708,5,3.31900792192235,1,-41.4025,2771,0.2,0,15,"both",0.441315540583741,-0.0344845419177708
"687","session1",-19.9534947208737,19.9025893029259,1.69265287240503,5.03982742735937e-08,0.575335007462662,0.456062925210214,0.384797449620171,5,1,150,0.441315540583741,-0.0344845419177708,5,1.92710283806796,0,-41.9638,2771,0.2,0,15,"both",0.441315540583741,-0.0344845419177708
"688","session1",-19.9534947208737,19.9025893029259,1.69265287240503,5.03982742735937e-08,0.575335007462662,0.456062925210214,0.384797449620171,5,1,150,0.441315540583741,-0.0344845419177708,5,4.90734089654854,0,-21.8229635,2771,0.2,0,15,"both",0.441315540583741,-0.0344845419177708
"689","session1",-19.9534947208737,19.9025893029259,1.69265287240503,5.03982742735937e-08,0.575335007462662,0.456062925210214,0.384797449620171,5,1,150,0.441315540583741,-0.0344845419177708,5,3.43660448912912,0,-40.6887,2771,0.2,0,15,"both",0.441315540583741,-0.0344845419177708
"690","session1",-19.9534947208737,19.9025893029259,1.69265287240503,5.03982742735937e-08,0.575335007462662,0.456062925210214,0.384797449620171,5,1,150,0.441315540583741,-0.0344845419177708,5,2.14850145466917,0,-38.5854,2771,0.2,0,15,"both",0.441315540583741,-0.0344845419177708
"691","session1",-19.9534947208737,19.9025893029259,1.69265287240503,5.03982742735937e-08,0.575335007462662,0.456062925210214,0.384797449620171,5,1,150,0.441315540583741,-0.0344845419177708,5,2.06171233331924,1,5.3429,2771,0.2,0,15,"both",0.441315540583741,-0.0344845419177708
"692","session1",-19.9534947208737,19.9025893029259,1.69265287240503,5.03982742735937e-08,0.575335007462662,0.456062925210214,0.384797449620171,5,1,150,0.441315540583741,-0.0344845419177708,5,3.4283290871835,0,-34.7094,2771,0.2,0,15,"both",0.441315540583741,-0.0344845419177708
"693","session1",-19.9534947208737,19.9025893029259,1.69265287240503,5.03982742735937e-08,0.575335007462662,0.456062925210214,0.384797449620171,5,1,150,0.441315540583741,-0.0344845419177708,5,8,1,-21.0397345,2771,0.2,0,15,"both",0.441315540583741,-0.0344845419177708
"694","session1",-19.9534947208737,19.9025893029259,1.69265287240503,5.03982742735937e-08,0.575335007462662,0.456062925210214,0.384797449620171,5,1,150,0.441315540583741,-0.0344845419177708,5,2.13335249130877,1,-6.3255,2771,0.2,0,15,"both",0.441315540583741,-0.0344845419177708
"695","session1",-19.9534947208737,19.9025893029259,1.69265287240503,5.03982742735937e-08,0.575335007462662,0.456062925210214,0.384797449620171,5,1,150,0.441315540583741,-0.0344845419177708,5,2.8166151988913,0,-32.9153,2771,0.2,0,15,"both",0.441315540583741,-0.0344845419177708
"696","session1",-19.9534947208737,19.9025893029259,1.69265287240503,5.03982742735937e-08,0.575335007462662,0.456062925210214,0.384797449620171,5,1,150,0.441315540583741,-0.0344845419177708,5,3.36650549420642,1,-1.2398,2771,0.2,0,15,"both",0.441315540583741,-0.0344845419177708
"697","session1",-19.9534947208737,19.9025893029259,1.69265287240503,5.03982742735937e-08,0.575335007462662,0.456062925210214,0.384797449620171,5,1,150,0.441315540583741,-0.0344845419177708,5,5.33291793083766,0,-31.6091,2771,0.2,0,15,"both",0.441315540583741,-0.0344845419177708
"698","session1",-19.9534947208737,19.9025893029259,1.69265287240503,5.03982742735937e-08,0.575335007462662,0.456062925210214,0.384797449620171,5,1,150,0.441315540583741,-0.0344845419177708,5,2.06026951553166,0,-35.6745,2771,0.2,0,15,"both",0.441315540583741,-0.0344845419177708
"699","session1",-19.9534947208737,19.9025893029259,1.69265287240503,5.03982742735937e-08,0.575335007462662,0.456062925210214,0.384797449620171,5,1,150,0.441315540583741,-0.0344845419177708,5,4.26281572446038,1,-4.795,2771,0.2,0,15,"both",0.441315540583741,-0.0344845419177708
"700","session1",-19.9534947208737,19.9025893029259,1.69265287240503,5.03982742735937e-08,0.575335007462662,0.456062925210214,0.384797449620171,5,1,150,0.441315540583741,-0.0344845419177708,5,5.14629630986866,1,-2.0504,2771,0.2,0,15,"both",0.441315540583741,-0.0344845419177708
"701","session1",-19.9534947208737,19.9025893029259,1.69265287240503,5.03982742735937e-08,0.575335007462662,0.456062925210214,0.384797449620171,5,1,150,0.441315540583741,-0.0344845419177708,5,4.74286144054932,0,-34.4801,2771,0.2,0,15,"both",0.441315540583741,-0.0344845419177708
"702","session1",-19.9534947208737,19.9025893029259,1.69265287240503,5.03982742735937e-08,0.575335007462662,0.456062925210214,0.384797449620171,5,1,150,0.441315540583741,-0.0344845419177708,5,1.58613151989344,0,-43.621,2771,0.2,0,15,"both",0.441315540583741,-0.0344845419177708
"703","session1",-19.9534947208737,19.9025893029259,1.69265287240503,5.03982742735937e-08,0.575335007462662,0.456062925210214,0.384797449620171,5,1,150,0.441315540583741,-0.0344845419177708,5,6.13758994065156,0,-37.2561,2771,0.2,0,15,"both",0.441315540583741,-0.0344845419177708
"704","session1",-19.9534947208737,19.9025893029259,1.69265287240503,5.03982742735937e-08,0.575335007462662,0.456062925210214,0.384797449620171,5,1,150,0.441315540583741,-0.0344845419177708,5,3.06952480511134,1,-7.8897,2771,0.2,0,15,"both",0.441315540583741,-0.0344845419177708
"705","session1",-19.9534947208737,19.9025893029259,1.69265287240503,5.03982742735937e-08,0.575335007462662,0.456062925210214,0.384797449620171,5,1,150,0.441315540583741,-0.0344845419177708,5,2.88959925040619,1,-3.6828,2771,0.2,0,15,"both",0.441315540583741,-0.0344845419177708
"706","session1",-19.9534947208737,19.9025893029259,1.69265287240503,5.03982742735937e-08,0.575335007462662,0.456062925210214,0.384797449620171,5,1,150,0.441315540583741,-0.0344845419177708,5,2.69877452869063,0,-39.8409,2771,0.2,0,15,"both",0.441315540583741,-0.0344845419177708
"707","session1",-19.9534947208737,19.9025893029259,1.69265287240503,5.03982742735937e-08,0.575335007462662,0.456062925210214,0.384797449620171,5,1,150,0.441315540583741,-0.0344845419177708,5,2.23540026167376,1,-3.6545,2771,0.2,0,15,"both",0.441315540583741,-0.0344845419177708
"708","session1",-19.9534947208737,19.9025893029259,1.69265287240503,5.03982742735937e-08,0.575335007462662,0.456062925210214,0.384797449620171,5,1,150,0.441315540583741,-0.0344845419177708,5,2.5382131080409,0,-21.7385694,2771,0.2,0,15,"both",0.441315540583741,-0.0344845419177708
"709","session1",-19.9534947208737,19.9025893029259,1.69265287240503,5.03982742735937e-08,0.575335007462662,0.456062925210214,0.384797449620171,5,1,150,0.441315540583741,-0.0344845419177708,5,1.37873756570294,0,3.0385,2771,0.2,0,15,"both",0.441315540583741,-0.0344845419177708
"710","session1",-19.9534947208737,19.9025893029259,1.69265287240503,5.03982742735937e-08,0.575335007462662,0.456062925210214,0.384797449620171,5,1,150,0.441315540583741,-0.0344845419177708,5,1.08189461803159,1,5.9957,2771,0.2,0,15,"both",0.441315540583741,-0.0344845419177708
"711","session1",-19.9534947208737,19.9025893029259,1.69265287240503,5.03982742735937e-08,0.575335007462662,0.456062925210214,0.384797449620171,5,1,150,0.441315540583741,-0.0344845419177708,5,1.73936196953515,0,-28.86184,2771,0.2,0,15,"both",0.441315540583741,-0.0344845419177708
"712","session1",-19.9534947208737,19.9025893029259,1.69265287240503,5.03982742735937e-08,0.575335007462662,0.456062925210214,0.384797449620171,5,1,150,0.441315540583741,-0.0344845419177708,5,2.52604516656983,1,-30.22243,2771,0.2,0,15,"both",0.441315540583741,-0.0344845419177708
"713","session1",-19.9534947208737,19.9025893029259,1.69265287240503,5.03982742735937e-08,0.575335007462662,0.456062925210214,0.384797449620171,5,1,150,0.441315540583741,-0.0344845419177708,5,3.01016524523323,0,-40.3511,2771,0.2,0,15,"both",0.441315540583741,-0.0344845419177708
"714","session1",-19.9534947208737,19.9025893029259,1.69265287240503,5.03982742735937e-08,0.575335007462662,0.456062925210214,0.384797449620171,5,1,150,0.441315540583741,-0.0344845419177708,5,3.2145330541749,0,-32.0056,2771,0.2,0,15,"both",0.441315540583741,-0.0344845419177708
"715","session1",-19.9534947208737,19.9025893029259,1.69265287240503,5.03982742735937e-08,0.575335007462662,0.456062925210214,0.384797449620171,5,1,150,0.441315540583741,-0.0344845419177708,5,1.4305182962971,1,-31.5495,2771,0.2,0,15,"both",0.441315540583741,-0.0344845419177708
"716","session1",-19.9534947208737,19.9025893029259,1.69265287240503,5.03982742735937e-08,0.575335007462662,0.456062925210214,0.384797449620171,5,1,150,0.441315540583741,-0.0344845419177708,5,3.75921915667355,1,1.8309,2771,0.2,0,15,"both",0.441315540583741,-0.0344845419177708
"717","session1",-19.9534947208737,19.9025893029259,1.69265287240503,5.03982742735937e-08,0.575335007462662,0.456062925210214,0.384797449620171,5,1,150,0.441315540583741,-0.0344845419177708,5,1.81131021311921,1,-5.0694,2771,0.2,0,15,"both",0.441315540583741,-0.0344845419177708
"718","session1",-19.9534947208737,19.9025893029259,1.69265287240503,5.03982742735937e-08,0.575335007462662,0.456062925210214,0.384797449620171,5,1,150,0.441315540583741,-0.0344845419177708,5,2.99197670003818,0,-35.9447,2771,0.2,0,15,"both",0.441315540583741,-0.0344845419177708
"719","session1",-19.9534947208737,19.9025893029259,1.69265287240503,5.03982742735937e-08,0.575335007462662,0.456062925210214,0.384797449620171,5,1,150,0.441315540583741,-0.0344845419177708,5,3.61898420324184,1,-43.2675,2771,0.2,0,15,"both",0.441315540583741,-0.0344845419177708
"720","session1",-19.9534947208737,19.9025893029259,1.69265287240503,5.03982742735937e-08,0.575335007462662,0.456062925210214,0.384797449620171,5,1,150,0.441315540583741,-0.0344845419177708,5,1.50814592476049,0,-37.8543,2771,0.2,0,15,"both",0.441315540583741,-0.0344845419177708
"721","session1",-19.9534947208737,19.9025893029259,1.69265287240503,5.03982742735937e-08,0.575335007462662,0.456062925210214,0.384797449620171,5,1,150,0.441315540583741,-0.0344845419177708,5,2.69695926374925,1,-14.319,2771,0.2,0,15,"both",0.441315540583741,-0.0344845419177708
"722","session1",-19.9534947208737,19.9025893029259,1.69265287240503,5.03982742735937e-08,0.575335007462662,0.456062925210214,0.384797449620171,5,1,150,0.441315540583741,-0.0344845419177708,5,2.38735904911114,0,-15.99079,2771,0.2,0,15,"both",0.441315540583741,-0.0344845419177708
"723","session1",-19.9534947208737,19.9025893029259,1.69265287240503,5.03982742735937e-08,0.575335007462662,0.456062925210214,0.384797449620171,5,1,150,0.441315540583741,-0.0344845419177708,5,2.29930442379294,1,-9.5691,2771,0.2,0,15,"both",0.441315540583741,-0.0344845419177708
"724","session1",-19.9534947208737,19.9025893029259,1.69265287240503,5.03982742735937e-08,0.575335007462662,0.456062925210214,0.384797449620171,5,1,150,0.441315540583741,-0.0344845419177708,5,1.68973234538677,0,-42.2013,2771,0.2,0,15,"both",0.441315540583741,-0.0344845419177708
"725","session1",-19.9534947208737,19.9025893029259,1.69265287240503,5.03982742735937e-08,0.575335007462662,0.456062925210214,0.384797449620171,5,1,150,0.441315540583741,-0.0344845419177708,5,2.36756447199898,0,-26.7432,2771,0.2,0,15,"both",0.441315540583741,-0.0344845419177708
"726","session1",-19.9534947208737,19.9025893029259,1.69265287240503,5.03982742735937e-08,0.575335007462662,0.456062925210214,0.384797449620171,5,1,150,0.441315540583741,-0.0344845419177708,5,2.26270222864933,1,7.17,2771,0.2,0,15,"both",0.441315540583741,-0.0344845419177708
"727","session1",-19.9534947208737,19.9025893029259,1.69265287240503,5.03982742735937e-08,0.575335007462662,0.456062925210214,0.384797449620171,5,1,150,0.441315540583741,-0.0344845419177708,5,4.27064676648829,0,-30.15366,2771,0.2,0,15,"both",0.441315540583741,-0.0344845419177708
"728","session1",-19.9534947208737,19.9025893029259,1.69265287240503,5.03982742735937e-08,0.575335007462662,0.456062925210214,0.384797449620171,5,1,150,0.441315540583741,-0.0344845419177708,5,3.69965249297602,1,-8.1351,2771,0.2,0,15,"both",0.441315540583741,-0.0344845419177708
"729","session1",-19.9534947208737,19.9025893029259,1.69265287240503,5.03982742735937e-08,0.575335007462662,0.456062925210214,0.384797449620171,5,1,150,0.441315540583741,-0.0344845419177708,5,2.54501647037381,1,-14.54668,2771,0.2,0,15,"both",0.441315540583741,-0.0344845419177708
"730","session1",-19.9534947208737,19.9025893029259,1.69265287240503,5.03982742735937e-08,0.575335007462662,0.456062925210214,0.384797449620171,5,1,150,0.441315540583741,-0.0344845419177708,5,4.54956386365487,1,-17.28591,2771,0.2,0,15,"both",0.441315540583741,-0.0344845419177708
"731","session1",-19.9534947208737,19.9025893029259,1.69265287240503,5.03982742735937e-08,0.575335007462662,0.456062925210214,0.384797449620171,5,1,150,0.441315540583741,-0.0344845419177708,5,4.02937591948999,0,-28.67019,2771,0.2,0,15,"both",0.441315540583741,-0.0344845419177708
"732","session1",-19.9534947208737,19.9025893029259,1.69265287240503,5.03982742735937e-08,0.575335007462662,0.456062925210214,0.384797449620171,5,1,150,0.441315540583741,-0.0344845419177708,5,2.36830310921484,1,-2.9409,2771,0.2,0,15,"both",0.441315540583741,-0.0344845419177708
"733","session1",-19.9534947208737,19.9025893029259,1.69265287240503,5.03982742735937e-08,0.575335007462662,0.456062925210214,0.384797449620171,5,1,150,0.441315540583741,-0.0344845419177708,5,4.66007740545726,1,-13.3471,2771,0.2,0,15,"both",0.441315540583741,-0.0344845419177708
"734","session1",-19.9534947208737,19.9025893029259,1.69265287240503,5.03982742735937e-08,0.575335007462662,0.456062925210214,0.384797449620171,5,1,150,0.441315540583741,-0.0344845419177708,5,3.26141984185151,1,-14.89226,2771,0.2,0,15,"both",0.441315540583741,-0.0344845419177708
"735","session1",-19.9534947208737,19.9025893029259,1.69265287240503,5.03982742735937e-08,0.575335007462662,0.456062925210214,0.384797449620171,5,1,150,0.441315540583741,-0.0344845419177708,5,1.7667392366104,1,-29.95676,2771,0.2,0,15,"both",0.441315540583741,-0.0344845419177708
"736","session1",-19.9534947208737,19.9025893029259,1.69265287240503,5.03982742735937e-08,0.575335007462662,0.456062925210214,0.384797449620171,5,1,150,0.441315540583741,-0.0344845419177708,5,2.88509415678464,0,-6.65,2771,0.2,0,15,"both",0.441315540583741,-0.0344845419177708
"737","session1",-19.9534947208737,19.9025893029259,1.69265287240503,5.03982742735937e-08,0.575335007462662,0.456062925210214,0.384797449620171,5,1,150,0.441315540583741,-0.0344845419177708,5,3.69942329843535,0,-11.5904,2771,0.2,0,15,"both",0.441315540583741,-0.0344845419177708
"738","session1",-19.9534947208737,19.9025893029259,1.69265287240503,5.03982742735937e-08,0.575335007462662,0.456062925210214,0.384797449620171,5,1,150,0.441315540583741,-0.0344845419177708,5,1.50197935285895,1,-27.63257,2771,0.2,0,15,"both",0.441315540583741,-0.0344845419177708
"739","session1",-19.9534947208737,19.9025893029259,1.69265287240503,5.03982742735937e-08,0.575335007462662,0.456062925210214,0.384797449620171,5,1,150,0.441315540583741,-0.0344845419177708,5,2.10025681964926,0,-41.0717,2771,0.2,0,15,"both",0.441315540583741,-0.0344845419177708
"740","session1",-19.9534947208737,19.9025893029259,1.69265287240503,5.03982742735937e-08,0.575335007462662,0.456062925210214,0.384797449620171,5,1,150,0.441315540583741,-0.0344845419177708,5,4.16003530868896,0,-43.3033,2771,0.2,0,15,"both",0.441315540583741,-0.0344845419177708
"741","session1",-19.9534947208737,19.9025893029259,1.69265287240503,5.03982742735937e-08,0.575335007462662,0.456062925210214,0.384797449620171,5,1,150,0.441315540583741,-0.0344845419177708,5,4.62566141575519,1,-38.1044,2771,0.2,0,15,"both",0.441315540583741,-0.0344845419177708
"742","session1",-19.9534947208737,19.9025893029259,1.69265287240503,5.03982742735937e-08,0.575335007462662,0.456062925210214,0.384797449620171,5,1,150,0.441315540583741,-0.0344845419177708,5,6.52658524341231,1,-7.5334,2771,0.2,0,15,"both",0.441315540583741,-0.0344845419177708
"743","session1",-19.9534947208737,19.9025893029259,1.69265287240503,5.03982742735937e-08,0.575335007462662,0.456062925210214,0.384797449620171,5,1,150,0.441315540583741,-0.0344845419177708,5,3.47120345099683,0,-33.4815,2771,0.2,0,15,"both",0.441315540583741,-0.0344845419177708
"744","session1",-19.9534947208737,19.9025893029259,1.69265287240503,5.03982742735937e-08,0.575335007462662,0.456062925210214,0.384797449620171,5,1,150,0.441315540583741,-0.0344845419177708,5,7.77881294170385,0,-31.5465,2771,0.2,0,15,"both",0.441315540583741,-0.0344845419177708
"745","session1",-19.9534947208737,19.9025893029259,1.69265287240503,5.03982742735937e-08,0.575335007462662,0.456062925210214,0.384797449620171,5,1,150,0.441315540583741,-0.0344845419177708,5,1.74306514526034,1,-4.3316,2771,0.2,0,15,"both",0.441315540583741,-0.0344845419177708
"746","session1",-19.9534947208737,19.9025893029259,1.69265287240503,5.03982742735937e-08,0.575335007462662,0.456062925210214,0.384797449620171,5,1,150,0.441315540583741,-0.0344845419177708,5,4.9186101836598,1,-19.55407,2771,0.2,0,15,"both",0.441315540583741,-0.0344845419177708
"747","session1",-19.9534947208737,19.9025893029259,1.69265287240503,5.03982742735937e-08,0.575335007462662,0.456062925210214,0.384797449620171,5,1,150,0.441315540583741,-0.0344845419177708,5,1.93107286265535,1,-14.89763,2771,0.2,0,15,"both",0.441315540583741,-0.0344845419177708
"748","session1",-19.9534947208737,19.9025893029259,1.69265287240503,5.03982742735937e-08,0.575335007462662,0.456062925210214,0.384797449620171,5,1,150,0.441315540583741,-0.0344845419177708,5,3.36524054267525,0,-37.0819,2771,0.2,0,15,"both",0.441315540583741,-0.0344845419177708
"749","session1",-19.9534947208737,19.9025893029259,1.69265287240503,5.03982742735937e-08,0.575335007462662,0.456062925210214,0.384797449620171,5,1,150,0.441315540583741,-0.0344845419177708,5,7.06089123977536,1,-11.36774,2771,0.2,0,15,"both",0.441315540583741,-0.0344845419177708
"750","session1",-19.9534947208737,19.9025893029259,1.69265287240503,5.03982742735937e-08,0.575335007462662,0.456062925210214,0.384797449620171,5,1,150,0.441315540583741,-0.0344845419177708,5,5.11772152551415,1,-9.6138,2771,0.2,0,15,"both",0.441315540583741,-0.0344845419177708
"751","session1",-26.3542093016356,11.5148395047418,2.73815885951114,0.000986453462881743,0.561328576280759,0.548615545448822,0.364738099600401,6,1,150,0.441315540583741,-0.0344845419177708,6,2.90490269386978,1,-9.2099148402,2771,0.2,0,15,"both",0.441315540583741,-0.0344845419177708
"752","session1",-26.3542093016356,11.5148395047418,2.73815885951114,0.000986453462881743,0.561328576280759,0.548615545448822,0.364738099600401,6,1,150,0.441315540583741,-0.0344845419177708,6,2.5912892303284,1,-10.8142725369,2771,0.2,0,15,"both",0.441315540583741,-0.0344845419177708
"753","session1",-26.3542093016356,11.5148395047418,2.73815885951114,0.000986453462881743,0.561328576280759,0.548615545448822,0.364738099600401,6,1,150,0.441315540583741,-0.0344845419177708,6,2.82206732441144,1,-14.847345459,2771,0.2,0,15,"both",0.441315540583741,-0.0344845419177708
"754","session1",-26.3542093016356,11.5148395047418,2.73815885951114,0.000986453462881743,0.561328576280759,0.548615545448822,0.364738099600401,6,1,150,0.441315540583741,-0.0344845419177708,6,1.76307071257501,1,-21.7770221699,2771,0.2,0,15,"both",0.441315540583741,-0.0344845419177708
"755","session1",-26.3542093016356,11.5148395047418,2.73815885951114,0.000986453462881743,0.561328576280759,0.548615545448822,0.364738099600401,6,1,150,0.441315540583741,-0.0344845419177708,6,7.66714259478748,0,-25.39158,2771,0.2,0,15,"both",0.441315540583741,-0.0344845419177708
"756","session1",-26.3542093016356,11.5148395047418,2.73815885951114,0.000986453462881743,0.561328576280759,0.548615545448822,0.364738099600401,6,1,150,0.441315540583741,-0.0344845419177708,6,3.30734415239013,1,-17.80104,2771,0.2,0,15,"both",0.441315540583741,-0.0344845419177708
"757","session1",-26.3542093016356,11.5148395047418,2.73815885951114,0.000986453462881743,0.561328576280759,0.548615545448822,0.364738099600401,6,1,150,0.441315540583741,-0.0344845419177708,6,1.27317770457267,1,3.7356,2771,0.2,0,15,"both",0.441315540583741,-0.0344845419177708
"758","session1",-26.3542093016356,11.5148395047418,2.73815885951114,0.000986453462881743,0.561328576280759,0.548615545448822,0.364738099600401,6,1,150,0.441315540583741,-0.0344845419177708,6,3.65839255192095,1,-23.8621208,2771,0.2,0,15,"both",0.441315540583741,-0.0344845419177708
"759","session1",-26.3542093016356,11.5148395047418,2.73815885951114,0.000986453462881743,0.561328576280759,0.548615545448822,0.364738099600401,6,1,150,0.441315540583741,-0.0344845419177708,6,7.26718893360881,0,-31.01501,2771,0.2,0,15,"both",0.441315540583741,-0.0344845419177708
"760","session1",-26.3542093016356,11.5148395047418,2.73815885951114,0.000986453462881743,0.561328576280759,0.548615545448822,0.364738099600401,6,1,150,0.441315540583741,-0.0344845419177708,6,1.81540962919965,0,-27.4916,2771,0.2,0,15,"both",0.441315540583741,-0.0344845419177708
"761","session1",-26.3542093016356,11.5148395047418,2.73815885951114,0.000986453462881743,0.561328576280759,0.548615545448822,0.364738099600401,6,1,150,0.441315540583741,-0.0344845419177708,6,2.40597273408374,1,-27.30564,2771,0.2,0,15,"both",0.441315540583741,-0.0344845419177708
"762","session1",-26.3542093016356,11.5148395047418,2.73815885951114,0.000986453462881743,0.561328576280759,0.548615545448822,0.364738099600401,6,1,150,0.441315540583741,-0.0344845419177708,6,8,0,-19.92246,2771,0.2,0,15,"both",0.441315540583741,-0.0344845419177708
"763","session1",-26.3542093016356,11.5148395047418,2.73815885951114,0.000986453462881743,0.561328576280759,0.548615545448822,0.364738099600401,6,1,150,0.441315540583741,-0.0344845419177708,6,4.10273179790656,1,-23.25528,2771,0.2,0,15,"both",0.441315540583741,-0.0344845419177708
"764","session1",-26.3542093016356,11.5148395047418,2.73815885951114,0.000986453462881743,0.561328576280759,0.548615545448822,0.364738099600401,6,1,150,0.441315540583741,-0.0344845419177708,6,2.06519473467377,0,-42.91375,2771,0.2,0,15,"both",0.441315540583741,-0.0344845419177708
"765","session1",-26.3542093016356,11.5148395047418,2.73815885951114,0.000986453462881743,0.561328576280759,0.548615545448822,0.364738099600401,6,1,150,0.441315540583741,-0.0344845419177708,6,1.92780314124166,1,-6.4389,2771,0.2,0,15,"both",0.441315540583741,-0.0344845419177708
"766","session1",-26.3542093016356,11.5148395047418,2.73815885951114,0.000986453462881743,0.561328576280759,0.548615545448822,0.364738099600401,6,1,150,0.441315540583741,-0.0344845419177708,6,3.70012241044377,0,-25.8841881,2771,0.2,0,15,"both",0.441315540583741,-0.0344845419177708
"767","session1",-26.3542093016356,11.5148395047418,2.73815885951114,0.000986453462881743,0.561328576280759,0.548615545448822,0.364738099600401,6,1,150,0.441315540583741,-0.0344845419177708,6,1.62872274722461,0,-20.36767,2771,0.2,0,15,"both",0.441315540583741,-0.0344845419177708
"768","session1",-26.3542093016356,11.5148395047418,2.73815885951114,0.000986453462881743,0.561328576280759,0.548615545448822,0.364738099600401,6,1,150,0.441315540583741,-0.0344845419177708,6,1.38223390277002,0,-43.5494,2771,0.2,0,15,"both",0.441315540583741,-0.0344845419177708
"769","session1",-26.3542093016356,11.5148395047418,2.73815885951114,0.000986453462881743,0.561328576280759,0.548615545448822,0.364738099600401,6,1,150,0.441315540583741,-0.0344845419177708,6,6.973791497355,0,-19.13729,2771,0.2,0,15,"both",0.441315540583741,-0.0344845419177708
"770","session1",-26.3542093016356,11.5148395047418,2.73815885951114,0.000986453462881743,0.561328576280759,0.548615545448822,0.364738099600401,6,1,150,0.441315540583741,-0.0344845419177708,6,6.68702824378044,0,-33.4547,2771,0.2,0,15,"both",0.441315540583741,-0.0344845419177708
"771","session1",-26.3542093016356,11.5148395047418,2.73815885951114,0.000986453462881743,0.561328576280759,0.548615545448822,0.364738099600401,6,1,150,0.441315540583741,-0.0344845419177708,6,3.64236458946867,0,-14.61253,2771,0.2,0,15,"both",0.441315540583741,-0.0344845419177708
"772","session1",-26.3542093016356,11.5148395047418,2.73815885951114,0.000986453462881743,0.561328576280759,0.548615545448822,0.364738099600401,6,1,150,0.441315540583741,-0.0344845419177708,6,3.32907758526538,0,-27.32502,2771,0.2,0,15,"both",0.441315540583741,-0.0344845419177708
"773","session1",-26.3542093016356,11.5148395047418,2.73815885951114,0.000986453462881743,0.561328576280759,0.548615545448822,0.364738099600401,6,1,150,0.441315540583741,-0.0344845419177708,6,2.02491453709687,0,-14.90814,2771,0.2,0,15,"both",0.441315540583741,-0.0344845419177708
"774","session1",-26.3542093016356,11.5148395047418,2.73815885951114,0.000986453462881743,0.561328576280759,0.548615545448822,0.364738099600401,6,1,150,0.441315540583741,-0.0344845419177708,6,1.50635013867206,1,-5.3582,2771,0.2,0,15,"both",0.441315540583741,-0.0344845419177708
"775","session1",-26.3542093016356,11.5148395047418,2.73815885951114,0.000986453462881743,0.561328576280759,0.548615545448822,0.364738099600401,6,1,150,0.441315540583741,-0.0344845419177708,6,3.97292318497317,1,-30.53801,2771,0.2,0,15,"both",0.441315540583741,-0.0344845419177708
"776","session1",-26.3542093016356,11.5148395047418,2.73815885951114,0.000986453462881743,0.561328576280759,0.548615545448822,0.364738099600401,6,1,150,0.441315540583741,-0.0344845419177708,6,1.89145244921912,0,-47.38,2771,0.2,0,15,"both",0.441315540583741,-0.0344845419177708
"777","session1",-26.3542093016356,11.5148395047418,2.73815885951114,0.000986453462881743,0.561328576280759,0.548615545448822,0.364738099600401,6,1,150,0.441315540583741,-0.0344845419177708,6,3.00250375824609,0,-29.8281,2771,0.2,0,15,"both",0.441315540583741,-0.0344845419177708
"778","session1",-26.3542093016356,11.5148395047418,2.73815885951114,0.000986453462881743,0.561328576280759,0.548615545448822,0.364738099600401,6,1,150,0.441315540583741,-0.0344845419177708,6,6.15187012267867,1,-0.771899999999999,2771,0.2,0,15,"both",0.441315540583741,-0.0344845419177708
"779","session1",-26.3542093016356,11.5148395047418,2.73815885951114,0.000986453462881743,0.561328576280759,0.548615545448822,0.364738099600401,6,1,150,0.441315540583741,-0.0344845419177708,6,2.04477832288383,1,-1.0653,2771,0.2,0,15,"both",0.441315540583741,-0.0344845419177708
"780","session1",-26.3542093016356,11.5148395047418,2.73815885951114,0.000986453462881743,0.561328576280759,0.548615545448822,0.364738099600401,6,1,150,0.441315540583741,-0.0344845419177708,6,2.51048977267604,1,1.9541,2771,0.2,0,15,"both",0.441315540583741,-0.0344845419177708
"781","session1",-26.3542093016356,11.5148395047418,2.73815885951114,0.000986453462881743,0.561328576280759,0.548615545448822,0.364738099600401,6,1,150,0.441315540583741,-0.0344845419177708,6,1.88105865006829,0,-41.2306,2771,0.2,0,15,"both",0.441315540583741,-0.0344845419177708
"782","session1",-26.3542093016356,11.5148395047418,2.73815885951114,0.000986453462881743,0.561328576280759,0.548615545448822,0.364738099600401,6,1,150,0.441315540583741,-0.0344845419177708,6,4.07209852497561,0,-35.59737,2771,0.2,0,15,"both",0.441315540583741,-0.0344845419177708
"783","session1",-26.3542093016356,11.5148395047418,2.73815885951114,0.000986453462881743,0.561328576280759,0.548615545448822,0.364738099600401,6,1,150,0.441315540583741,-0.0344845419177708,6,4.70294943285977,0,-34.2847,2771,0.2,0,15,"both",0.441315540583741,-0.0344845419177708
"784","session1",-26.3542093016356,11.5148395047418,2.73815885951114,0.000986453462881743,0.561328576280759,0.548615545448822,0.364738099600401,6,1,150,0.441315540583741,-0.0344845419177708,6,3.21771760016529,0,-29.6897,2771,0.2,0,15,"both",0.441315540583741,-0.0344845419177708
"785","session1",-26.3542093016356,11.5148395047418,2.73815885951114,0.000986453462881743,0.561328576280759,0.548615545448822,0.364738099600401,6,1,150,0.441315540583741,-0.0344845419177708,6,1.4610303488362,1,-12.31743,2771,0.2,0,15,"both",0.441315540583741,-0.0344845419177708
"786","session1",-26.3542093016356,11.5148395047418,2.73815885951114,0.000986453462881743,0.561328576280759,0.548615545448822,0.364738099600401,6,1,150,0.441315540583741,-0.0344845419177708,6,2.45976665382831,1,1.1993,2771,0.2,0,15,"both",0.441315540583741,-0.0344845419177708
"787","session1",-26.3542093016356,11.5148395047418,2.73815885951114,0.000986453462881743,0.561328576280759,0.548615545448822,0.364738099600401,6,1,150,0.441315540583741,-0.0344845419177708,6,3.20922735011903,1,-16.03919,2771,0.2,0,15,"both",0.441315540583741,-0.0344845419177708
"788","session1",-26.3542093016356,11.5148395047418,2.73815885951114,0.000986453462881743,0.561328576280759,0.548615545448822,0.364738099600401,6,1,150,0.441315540583741,-0.0344845419177708,6,1.38599414624004,1,0.6128,2771,0.2,0,15,"both",0.441315540583741,-0.0344845419177708
"789","session1",-26.3542093016356,11.5148395047418,2.73815885951114,0.000986453462881743,0.561328576280759,0.548615545448822,0.364738099600401,6,1,150,0.441315540583741,-0.0344845419177708,6,1.3768026433965,0,-46.3929,2771,0.2,0,15,"both",0.441315540583741,-0.0344845419177708
"790","session1",-26.3542093016356,11.5148395047418,2.73815885951114,0.000986453462881743,0.561328576280759,0.548615545448822,0.364738099600401,6,1,150,0.441315540583741,-0.0344845419177708,6,1.85933366427434,1,-9.2714,2771,0.2,0,15,"both",0.441315540583741,-0.0344845419177708
"791","session1",-26.3542093016356,11.5148395047418,2.73815885951114,0.000986453462881743,0.561328576280759,0.548615545448822,0.364738099600401,6,1,150,0.441315540583741,-0.0344845419177708,6,3.89061866390127,1,1.9431,2771,0.2,0,15,"both",0.441315540583741,-0.0344845419177708
"792","session1",-26.3542093016356,11.5148395047418,2.73815885951114,0.000986453462881743,0.561328576280759,0.548615545448822,0.364738099600401,6,1,150,0.441315540583741,-0.0344845419177708,6,3.80680732329563,0,-32.1569,2771,0.2,0,15,"both",0.441315540583741,-0.0344845419177708
"793","session1",-26.3542093016356,11.5148395047418,2.73815885951114,0.000986453462881743,0.561328576280759,0.548615545448822,0.364738099600401,6,1,150,0.441315540583741,-0.0344845419177708,6,5.15597393509673,0,-23.62825,2771,0.2,0,15,"both",0.441315540583741,-0.0344845419177708
"794","session1",-26.3542093016356,11.5148395047418,2.73815885951114,0.000986453462881743,0.561328576280759,0.548615545448822,0.364738099600401,6,1,150,0.441315540583741,-0.0344845419177708,6,1.78342959167975,1,-13.17102,2771,0.2,0,15,"both",0.441315540583741,-0.0344845419177708
"795","session1",-26.3542093016356,11.5148395047418,2.73815885951114,0.000986453462881743,0.561328576280759,0.548615545448822,0.364738099600401,6,1,150,0.441315540583741,-0.0344845419177708,6,4.27560248188755,1,-27.5665,2771,0.2,0,15,"both",0.441315540583741,-0.0344845419177708
"796","session1",-26.3542093016356,11.5148395047418,2.73815885951114,0.000986453462881743,0.561328576280759,0.548615545448822,0.364738099600401,6,1,150,0.441315540583741,-0.0344845419177708,6,2.10878558162501,1,-13.12031,2771,0.2,0,15,"both",0.441315540583741,-0.0344845419177708
"797","session1",-26.3542093016356,11.5148395047418,2.73815885951114,0.000986453462881743,0.561328576280759,0.548615545448822,0.364738099600401,6,1,150,0.441315540583741,-0.0344845419177708,6,6.22121232737691,1,-25.20006,2771,0.2,0,15,"both",0.441315540583741,-0.0344845419177708
"798","session1",-26.3542093016356,11.5148395047418,2.73815885951114,0.000986453462881743,0.561328576280759,0.548615545448822,0.364738099600401,6,1,150,0.441315540583741,-0.0344845419177708,6,1.84139912205567,0,-38.0853,2771,0.2,0,15,"both",0.441315540583741,-0.0344845419177708
"799","session1",-26.3542093016356,11.5148395047418,2.73815885951114,0.000986453462881743,0.561328576280759,0.548615545448822,0.364738099600401,6,1,150,0.441315540583741,-0.0344845419177708,6,2.82378797637004,1,-11.12778,2771,0.2,0,15,"both",0.441315540583741,-0.0344845419177708
"800","session1",-26.3542093016356,11.5148395047418,2.73815885951114,0.000986453462881743,0.561328576280759,0.548615545448822,0.364738099600401,6,1,150,0.441315540583741,-0.0344845419177708,6,2.20287532302428,1,-7.8222,2771,0.2,0,15,"both",0.441315540583741,-0.0344845419177708
"801","session1",-26.3542093016356,11.5148395047418,2.73815885951114,0.000986453462881743,0.561328576280759,0.548615545448822,0.364738099600401,6,1,150,0.441315540583741,-0.0344845419177708,6,7.60940230555648,0,-26.34483,2771,0.2,0,15,"both",0.441315540583741,-0.0344845419177708
"802","session1",-26.3542093016356,11.5148395047418,2.73815885951114,0.000986453462881743,0.561328576280759,0.548615545448822,0.364738099600401,6,1,150,0.441315540583741,-0.0344845419177708,6,1.8649672384978,1,-13.75916,2771,0.2,0,15,"both",0.441315540583741,-0.0344845419177708
"803","session1",-26.3542093016356,11.5148395047418,2.73815885951114,0.000986453462881743,0.561328576280759,0.548615545448822,0.364738099600401,6,1,150,0.441315540583741,-0.0344845419177708,6,3.04300585380745,0,-26.39972,2771,0.2,0,15,"both",0.441315540583741,-0.0344845419177708
"804","session1",-26.3542093016356,11.5148395047418,2.73815885951114,0.000986453462881743,0.561328576280759,0.548615545448822,0.364738099600401,6,1,150,0.441315540583741,-0.0344845419177708,6,2.34627927552443,1,-11.27929,2771,0.2,0,15,"both",0.441315540583741,-0.0344845419177708
"805","session1",-26.3542093016356,11.5148395047418,2.73815885951114,0.000986453462881743,0.561328576280759,0.548615545448822,0.364738099600401,6,1,150,0.441315540583741,-0.0344845419177708,6,6.74189584337501,0,-25.91007,2771,0.2,0,15,"both",0.441315540583741,-0.0344845419177708
"806","session1",-26.3542093016356,11.5148395047418,2.73815885951114,0.000986453462881743,0.561328576280759,0.548615545448822,0.364738099600401,6,1,150,0.441315540583741,-0.0344845419177708,6,4.40285275651339,1,-29.01315,2771,0.2,0,15,"both",0.441315540583741,-0.0344845419177708
"807","session1",-26.3542093016356,11.5148395047418,2.73815885951114,0.000986453462881743,0.561328576280759,0.548615545448822,0.364738099600401,6,1,150,0.441315540583741,-0.0344845419177708,6,2.11741572044463,0,-30.89767,2771,0.2,0,15,"both",0.441315540583741,-0.0344845419177708
"808","session1",-26.3542093016356,11.5148395047418,2.73815885951114,0.000986453462881743,0.561328576280759,0.548615545448822,0.364738099600401,6,1,150,0.441315540583741,-0.0344845419177708,6,2.92610240011954,1,-15.97638,2771,0.2,0,15,"both",0.441315540583741,-0.0344845419177708
"809","session1",-26.3542093016356,11.5148395047418,2.73815885951114,0.000986453462881743,0.561328576280759,0.548615545448822,0.364738099600401,6,1,150,0.441315540583741,-0.0344845419177708,6,6.3153077230429,1,-14.10807,2771,0.2,0,15,"both",0.441315540583741,-0.0344845419177708
"810","session1",-26.3542093016356,11.5148395047418,2.73815885951114,0.000986453462881743,0.561328576280759,0.548615545448822,0.364738099600401,6,1,150,0.441315540583741,-0.0344845419177708,6,2.89371769569101,0,-27.65269,2771,0.2,0,15,"both",0.441315540583741,-0.0344845419177708
"811","session1",-26.3542093016356,11.5148395047418,2.73815885951114,0.000986453462881743,0.561328576280759,0.548615545448822,0.364738099600401,6,1,150,0.441315540583741,-0.0344845419177708,6,4.66788334630505,0,-33.0248,2771,0.2,0,15,"both",0.441315540583741,-0.0344845419177708
"812","session1",-26.3542093016356,11.5148395047418,2.73815885951114,0.000986453462881743,0.561328576280759,0.548615545448822,0.364738099600401,6,1,150,0.441315540583741,-0.0344845419177708,6,1.85440937756469,1,-27.88888,2771,0.2,0,15,"both",0.441315540583741,-0.0344845419177708
"813","session1",-26.3542093016356,11.5148395047418,2.73815885951114,0.000986453462881743,0.561328576280759,0.548615545448822,0.364738099600401,6,1,150,0.441315540583741,-0.0344845419177708,6,4.15769184727734,0,-34.6447,2771,0.2,0,15,"both",0.441315540583741,-0.0344845419177708
"814","session1",-26.3542093016356,11.5148395047418,2.73815885951114,0.000986453462881743,0.561328576280759,0.548615545448822,0.364738099600401,6,1,150,0.441315540583741,-0.0344845419177708,6,3.6043560679607,0,-11.49737,2771,0.2,0,15,"both",0.441315540583741,-0.0344845419177708
"815","session1",-26.3542093016356,11.5148395047418,2.73815885951114,0.000986453462881743,0.561328576280759,0.548615545448822,0.364738099600401,6,1,150,0.441315540583741,-0.0344845419177708,6,8,1,-19.55961,2771,0.2,0,15,"both",0.441315540583741,-0.0344845419177708
"816","session1",-26.3542093016356,11.5148395047418,2.73815885951114,0.000986453462881743,0.561328576280759,0.548615545448822,0.364738099600401,6,1,150,0.441315540583741,-0.0344845419177708,6,1.8591491396796,1,-10.3114,2771,0.2,0,15,"both",0.441315540583741,-0.0344845419177708
"817","session1",-26.3542093016356,11.5148395047418,2.73815885951114,0.000986453462881743,0.561328576280759,0.548615545448822,0.364738099600401,6,1,150,0.441315540583741,-0.0344845419177708,6,1.29383629748963,0,-33.984,2771,0.2,0,15,"both",0.441315540583741,-0.0344845419177708
"818","session1",-26.3542093016356,11.5148395047418,2.73815885951114,0.000986453462881743,0.561328576280759,0.548615545448822,0.364738099600401,6,1,150,0.441315540583741,-0.0344845419177708,6,3.86838964221892,0,-34.3502,2771,0.2,0,15,"both",0.441315540583741,-0.0344845419177708
"819","session1",-26.3542093016356,11.5148395047418,2.73815885951114,0.000986453462881743,0.561328576280759,0.548615545448822,0.364738099600401,6,1,150,0.441315540583741,-0.0344845419177708,6,3.85441706131752,1,-12.9085,2771,0.2,0,15,"both",0.441315540583741,-0.0344845419177708
"820","session1",-26.3542093016356,11.5148395047418,2.73815885951114,0.000986453462881743,0.561328576280759,0.548615545448822,0.364738099600401,6,1,150,0.441315540583741,-0.0344845419177708,6,5.414971469108,1,-27.41224,2771,0.2,0,15,"both",0.441315540583741,-0.0344845419177708
"821","session1",-26.3542093016356,11.5148395047418,2.73815885951114,0.000986453462881743,0.561328576280759,0.548615545448822,0.364738099600401,6,1,150,0.441315540583741,-0.0344845419177708,6,6.72057257637877,0,-30.90978,2771,0.2,0,15,"both",0.441315540583741,-0.0344845419177708
"822","session1",-26.3542093016356,11.5148395047418,2.73815885951114,0.000986453462881743,0.561328576280759,0.548615545448822,0.364738099600401,6,1,150,0.441315540583741,-0.0344845419177708,6,1.85537248361549,1,-11.03837,2771,0.2,0,15,"both",0.441315540583741,-0.0344845419177708
"823","session1",-26.3542093016356,11.5148395047418,2.73815885951114,0.000986453462881743,0.561328576280759,0.548615545448822,0.364738099600401,6,1,150,0.441315540583741,-0.0344845419177708,6,1.4669487187351,1,-28.03005,2771,0.2,0,15,"both",0.441315540583741,-0.0344845419177708
"824","session1",-26.3542093016356,11.5148395047418,2.73815885951114,0.000986453462881743,0.561328576280759,0.548615545448822,0.364738099600401,6,1,150,0.441315540583741,-0.0344845419177708,6,2.78747561877886,0,-31.2334,2771,0.2,0,15,"both",0.441315540583741,-0.0344845419177708
"825","session1",-26.3542093016356,11.5148395047418,2.73815885951114,0.000986453462881743,0.561328576280759,0.548615545448822,0.364738099600401,6,1,150,0.441315540583741,-0.0344845419177708,6,2.9246625383676,1,-11.71905,2771,0.2,0,15,"both",0.441315540583741,-0.0344845419177708
"826","session1",-26.3542093016356,11.5148395047418,2.73815885951114,0.000986453462881743,0.561328576280759,0.548615545448822,0.364738099600401,6,1,150,0.441315540583741,-0.0344845419177708,6,1.30898226809177,0,-33.2405,2771,0.2,0,15,"both",0.441315540583741,-0.0344845419177708
"827","session1",-26.3542093016356,11.5148395047418,2.73815885951114,0.000986453462881743,0.561328576280759,0.548615545448822,0.364738099600401,6,1,150,0.441315540583741,-0.0344845419177708,6,4.0589710484816,0,-36.675947,2771,0.2,0,15,"both",0.441315540583741,-0.0344845419177708
"828","session1",-26.3542093016356,11.5148395047418,2.73815885951114,0.000986453462881743,0.561328576280759,0.548615545448822,0.364738099600401,6,1,150,0.441315540583741,-0.0344845419177708,6,1.85531214470032,0,-32.48491,2771,0.2,0,15,"both",0.441315540583741,-0.0344845419177708
"829","session1",-26.3542093016356,11.5148395047418,2.73815885951114,0.000986453462881743,0.561328576280759,0.548615545448822,0.364738099600401,6,1,150,0.441315540583741,-0.0344845419177708,6,1.99338247655408,1,-13.1742,2771,0.2,0,15,"both",0.441315540583741,-0.0344845419177708
"830","session1",-26.3542093016356,11.5148395047418,2.73815885951114,0.000986453462881743,0.561328576280759,0.548615545448822,0.364738099600401,6,1,150,0.441315540583741,-0.0344845419177708,6,4.62398795835688,1,-12.4271,2771,0.2,0,15,"both",0.441315540583741,-0.0344845419177708
"831","session1",-26.3542093016356,11.5148395047418,2.73815885951114,0.000986453462881743,0.561328576280759,0.548615545448822,0.364738099600401,6,1,150,0.441315540583741,-0.0344845419177708,6,2.60725216674249,0,-18.23338,2771,0.2,0,15,"both",0.441315540583741,-0.0344845419177708
"832","session1",-26.3542093016356,11.5148395047418,2.73815885951114,0.000986453462881743,0.561328576280759,0.548615545448822,0.364738099600401,6,1,150,0.441315540583741,-0.0344845419177708,6,5.95034237439554,1,-30.93369,2771,0.2,0,15,"both",0.441315540583741,-0.0344845419177708
"833","session1",-26.3542093016356,11.5148395047418,2.73815885951114,0.000986453462881743,0.561328576280759,0.548615545448822,0.364738099600401,6,1,150,0.441315540583741,-0.0344845419177708,6,2.67999790112996,0,-9.0128,2771,0.2,0,15,"both",0.441315540583741,-0.0344845419177708
"834","session1",-26.3542093016356,11.5148395047418,2.73815885951114,0.000986453462881743,0.561328576280759,0.548615545448822,0.364738099600401,6,1,150,0.441315540583741,-0.0344845419177708,6,3.14594000070001,1,-12.73005,2771,0.2,0,15,"both",0.441315540583741,-0.0344845419177708
"835","session1",-26.3542093016356,11.5148395047418,2.73815885951114,0.000986453462881743,0.561328576280759,0.548615545448822,0.364738099600401,6,1,150,0.441315540583741,-0.0344845419177708,6,3.61124230691423,1,-31.8182,2771,0.2,0,15,"both",0.441315540583741,-0.0344845419177708
"836","session1",-26.3542093016356,11.5148395047418,2.73815885951114,0.000986453462881743,0.561328576280759,0.548615545448822,0.364738099600401,6,1,150,0.441315540583741,-0.0344845419177708,6,1.79057716206459,1,-12.0232,2771,0.2,0,15,"both",0.441315540583741,-0.0344845419177708
"837","session1",-26.3542093016356,11.5148395047418,2.73815885951114,0.000986453462881743,0.561328576280759,0.548615545448822,0.364738099600401,6,1,150,0.441315540583741,-0.0344845419177708,6,2.92354271891676,1,-15.78002,2771,0.2,0,15,"both",0.441315540583741,-0.0344845419177708
"838","session1",-26.3542093016356,11.5148395047418,2.73815885951114,0.000986453462881743,0.561328576280759,0.548615545448822,0.364738099600401,6,1,150,0.441315540583741,-0.0344845419177708,6,1.39702029530979,0,-14.2376,2771,0.2,0,15,"both",0.441315540583741,-0.0344845419177708
"839","session1",-26.3542093016356,11.5148395047418,2.73815885951114,0.000986453462881743,0.561328576280759,0.548615545448822,0.364738099600401,6,1,150,0.441315540583741,-0.0344845419177708,6,7.14003344996233,1,-14.83197,2771,0.2,0,15,"both",0.441315540583741,-0.0344845419177708
"840","session1",-26.3542093016356,11.5148395047418,2.73815885951114,0.000986453462881743,0.561328576280759,0.548615545448822,0.364738099600401,6,1,150,0.441315540583741,-0.0344845419177708,6,6.13646538982876,1,-31.59572,2771,0.2,0,15,"both",0.441315540583741,-0.0344845419177708
"841","session1",-26.3542093016356,11.5148395047418,2.73815885951114,0.000986453462881743,0.561328576280759,0.548615545448822,0.364738099600401,6,1,150,0.441315540583741,-0.0344845419177708,6,3.33343437824428,1,-15.71423,2771,0.2,0,15,"both",0.441315540583741,-0.0344845419177708
"842","session1",-26.3542093016356,11.5148395047418,2.73815885951114,0.000986453462881743,0.561328576280759,0.548615545448822,0.364738099600401,6,1,150,0.441315540583741,-0.0344845419177708,6,1.21873426655393,1,-12.0253,2771,0.2,0,15,"both",0.441315540583741,-0.0344845419177708
"843","session1",-26.3542093016356,11.5148395047418,2.73815885951114,0.000986453462881743,0.561328576280759,0.548615545448822,0.364738099600401,6,1,150,0.441315540583741,-0.0344845419177708,6,8,1,-14.4128,2771,0.2,0,15,"both",0.441315540583741,-0.0344845419177708
"844","session1",-26.3542093016356,11.5148395047418,2.73815885951114,0.000986453462881743,0.561328576280759,0.548615545448822,0.364738099600401,6,1,150,0.441315540583741,-0.0344845419177708,6,2.98919091733581,0,-38.7179,2771,0.2,0,15,"both",0.441315540583741,-0.0344845419177708
"845","session1",-26.3542093016356,11.5148395047418,2.73815885951114,0.000986453462881743,0.561328576280759,0.548615545448822,0.364738099600401,6,1,150,0.441315540583741,-0.0344845419177708,6,3.08415992679802,1,-19.11684,2771,0.2,0,15,"both",0.441315540583741,-0.0344845419177708
"846","session1",-26.3542093016356,11.5148395047418,2.73815885951114,0.000986453462881743,0.561328576280759,0.548615545448822,0.364738099600401,6,1,150,0.441315540583741,-0.0344845419177708,6,8,0,-32.34857,2771,0.2,0,15,"both",0.441315540583741,-0.0344845419177708
"847","session1",-26.3542093016356,11.5148395047418,2.73815885951114,0.000986453462881743,0.561328576280759,0.548615545448822,0.364738099600401,6,1,150,0.441315540583741,-0.0344845419177708,6,2.45252785836282,0,-31.70155,2771,0.2,0,15,"both",0.441315540583741,-0.0344845419177708
"848","session1",-26.3542093016356,11.5148395047418,2.73815885951114,0.000986453462881743,0.561328576280759,0.548615545448822,0.364738099600401,6,1,150,0.441315540583741,-0.0344845419177708,6,4.82489857814811,1,-11.62412,2771,0.2,0,15,"both",0.441315540583741,-0.0344845419177708
"849","session1",-26.3542093016356,11.5148395047418,2.73815885951114,0.000986453462881743,0.561328576280759,0.548615545448822,0.364738099600401,6,1,150,0.441315540583741,-0.0344845419177708,6,4.75166425719652,0,-31.35233,2771,0.2,0,15,"both",0.441315540583741,-0.0344845419177708
"850","session1",-26.3542093016356,11.5148395047418,2.73815885951114,0.000986453462881743,0.561328576280759,0.548615545448822,0.364738099600401,6,1,150,0.441315540583741,-0.0344845419177708,6,2.25186863758655,0,-38.4789,2771,0.2,0,15,"both",0.441315540583741,-0.0344845419177708
"851","session1",-26.3542093016356,11.5148395047418,2.73815885951114,0.000986453462881743,0.561328576280759,0.548615545448822,0.364738099600401,6,1,150,0.441315540583741,-0.0344845419177708,6,1.39294562360134,1,-10.6966,2771,0.2,0,15,"both",0.441315540583741,-0.0344845419177708
"852","session1",-26.3542093016356,11.5148395047418,2.73815885951114,0.000986453462881743,0.561328576280759,0.548615545448822,0.364738099600401,6,1,150,0.441315540583741,-0.0344845419177708,6,2.95984392902509,1,-11.18543,2771,0.2,0,15,"both",0.441315540583741,-0.0344845419177708
"853","session1",-26.3542093016356,11.5148395047418,2.73815885951114,0.000986453462881743,0.561328576280759,0.548615545448822,0.364738099600401,6,1,150,0.441315540583741,-0.0344845419177708,6,2.11799662604324,1,-10.2745,2771,0.2,0,15,"both",0.441315540583741,-0.0344845419177708
"854","session1",-26.3542093016356,11.5148395047418,2.73815885951114,0.000986453462881743,0.561328576280759,0.548615545448822,0.364738099600401,6,1,150,0.441315540583741,-0.0344845419177708,6,4.76880807241597,1,-14.03178,2771,0.2,0,15,"both",0.441315540583741,-0.0344845419177708
"855","session1",-26.3542093016356,11.5148395047418,2.73815885951114,0.000986453462881743,0.561328576280759,0.548615545448822,0.364738099600401,6,1,150,0.441315540583741,-0.0344845419177708,6,7.33520922908456,1,-16.58259,2771,0.2,0,15,"both",0.441315540583741,-0.0344845419177708
"856","session1",-26.3542093016356,11.5148395047418,2.73815885951114,0.000986453462881743,0.561328576280759,0.548615545448822,0.364738099600401,6,1,150,0.441315540583741,-0.0344845419177708,6,1.11916708653762,1,-13.66624,2771,0.2,0,15,"both",0.441315540583741,-0.0344845419177708
"857","session1",-26.3542093016356,11.5148395047418,2.73815885951114,0.000986453462881743,0.561328576280759,0.548615545448822,0.364738099600401,6,1,150,0.441315540583741,-0.0344845419177708,6,6.27331879645675,1,-14.68526,2771,0.2,0,15,"both",0.441315540583741,-0.0344845419177708
"858","session1",-26.3542093016356,11.5148395047418,2.73815885951114,0.000986453462881743,0.561328576280759,0.548615545448822,0.364738099600401,6,1,150,0.441315540583741,-0.0344845419177708,6,6.27755070899701,0,-34.22649,2771,0.2,0,15,"both",0.441315540583741,-0.0344845419177708
"859","session1",-26.3542093016356,11.5148395047418,2.73815885951114,0.000986453462881743,0.561328576280759,0.548615545448822,0.364738099600401,6,1,150,0.441315540583741,-0.0344845419177708,6,2.59507051850009,1,-11.31978,2771,0.2,0,15,"both",0.441315540583741,-0.0344845419177708
"860","session1",-26.3542093016356,11.5148395047418,2.73815885951114,0.000986453462881743,0.561328576280759,0.548615545448822,0.364738099600401,6,1,150,0.441315540583741,-0.0344845419177708,6,3.55724246324709,1,-35.5337,2771,0.2,0,15,"both",0.441315540583741,-0.0344845419177708
"861","session1",-26.3542093016356,11.5148395047418,2.73815885951114,0.000986453462881743,0.561328576280759,0.548615545448822,0.364738099600401,6,1,150,0.441315540583741,-0.0344845419177708,6,1.96494442550111,1,-16.0491,2771,0.2,0,15,"both",0.441315540583741,-0.0344845419177708
"862","session1",-26.3542093016356,11.5148395047418,2.73815885951114,0.000986453462881743,0.561328576280759,0.548615545448822,0.364738099600401,6,1,150,0.441315540583741,-0.0344845419177708,6,7.28888828745864,0,-29.15137,2771,0.2,0,15,"both",0.441315540583741,-0.0344845419177708
"863","session1",-26.3542093016356,11.5148395047418,2.73815885951114,0.000986453462881743,0.561328576280759,0.548615545448822,0.364738099600401,6,1,150,0.441315540583741,-0.0344845419177708,6,5.88384493194938,1,-15.08113,2771,0.2,0,15,"both",0.441315540583741,-0.0344845419177708
"864","session1",-26.3542093016356,11.5148395047418,2.73815885951114,0.000986453462881743,0.561328576280759,0.548615545448822,0.364738099600401,6,1,150,0.441315540583741,-0.0344845419177708,6,1.90425493015522,0,-17.55636,2771,0.2,0,15,"both",0.441315540583741,-0.0344845419177708
"865","session1",-26.3542093016356,11.5148395047418,2.73815885951114,0.000986453462881743,0.561328576280759,0.548615545448822,0.364738099600401,6,1,150,0.441315540583741,-0.0344845419177708,6,2.09484050883245,1,-14.11617,2771,0.2,0,15,"both",0.441315540583741,-0.0344845419177708
"866","session1",-26.3542093016356,11.5148395047418,2.73815885951114,0.000986453462881743,0.561328576280759,0.548615545448822,0.364738099600401,6,1,150,0.441315540583741,-0.0344845419177708,6,2.9722028919997,0,-31.78966,2771,0.2,0,15,"both",0.441315540583741,-0.0344845419177708
"867","session1",-26.3542093016356,11.5148395047418,2.73815885951114,0.000986453462881743,0.561328576280759,0.548615545448822,0.364738099600401,6,1,150,0.441315540583741,-0.0344845419177708,6,1.80033739465176,1,-12.33581,2771,0.2,0,15,"both",0.441315540583741,-0.0344845419177708
"868","session1",-26.3542093016356,11.5148395047418,2.73815885951114,0.000986453462881743,0.561328576280759,0.548615545448822,0.364738099600401,6,1,150,0.441315540583741,-0.0344845419177708,6,1.53800491704785,1,-35.08898,2771,0.2,0,15,"both",0.441315540583741,-0.0344845419177708
"869","session1",-26.3542093016356,11.5148395047418,2.73815885951114,0.000986453462881743,0.561328576280759,0.548615545448822,0.364738099600401,6,1,150,0.441315540583741,-0.0344845419177708,6,1.45851905204452,1,-8.1508,2771,0.2,0,15,"both",0.441315540583741,-0.0344845419177708
"870","session1",-26.3542093016356,11.5148395047418,2.73815885951114,0.000986453462881743,0.561328576280759,0.548615545448822,0.364738099600401,6,1,150,0.441315540583741,-0.0344845419177708,6,3.44952575531534,1,-31.10694,2771,0.2,0,15,"both",0.441315540583741,-0.0344845419177708
"871","session1",-26.3542093016356,11.5148395047418,2.73815885951114,0.000986453462881743,0.561328576280759,0.548615545448822,0.364738099600401,6,1,150,0.441315540583741,-0.0344845419177708,6,5.3680575856618,0,-12.57702,2771,0.2,0,15,"both",0.441315540583741,-0.0344845419177708
"872","session1",-26.3542093016356,11.5148395047418,2.73815885951114,0.000986453462881743,0.561328576280759,0.548615545448822,0.364738099600401,6,1,150,0.441315540583741,-0.0344845419177708,6,2.2621692122419,0,-31.37477,2771,0.2,0,15,"both",0.441315540583741,-0.0344845419177708
"873","session1",-26.3542093016356,11.5148395047418,2.73815885951114,0.000986453462881743,0.561328576280759,0.548615545448822,0.364738099600401,6,1,150,0.441315540583741,-0.0344845419177708,6,3.39658022541119,0,-32.39155,2771,0.2,0,15,"both",0.441315540583741,-0.0344845419177708
"874","session1",-26.3542093016356,11.5148395047418,2.73815885951114,0.000986453462881743,0.561328576280759,0.548615545448822,0.364738099600401,6,1,150,0.441315540583741,-0.0344845419177708,6,3.61708779032409,0,-39.2481,2771,0.2,0,15,"both",0.441315540583741,-0.0344845419177708
"875","session1",-26.3542093016356,11.5148395047418,2.73815885951114,0.000986453462881743,0.561328576280759,0.548615545448822,0.364738099600401,6,1,150,0.441315540583741,-0.0344845419177708,6,1.87871996992037,1,-33.6339,2771,0.2,0,15,"both",0.441315540583741,-0.0344845419177708
"876","session1",-26.3542093016356,11.5148395047418,2.73815885951114,0.000986453462881743,0.561328576280759,0.548615545448822,0.364738099600401,6,1,150,0.441315540583741,-0.0344845419177708,6,2.34412247679207,0,-14.74467,2771,0.2,0,15,"both",0.441315540583741,-0.0344845419177708
"877","session1",-26.3542093016356,11.5148395047418,2.73815885951114,0.000986453462881743,0.561328576280759,0.548615545448822,0.364738099600401,6,1,150,0.441315540583741,-0.0344845419177708,6,3.05688734418646,0,-36.5218,2771,0.2,0,15,"both",0.441315540583741,-0.0344845419177708
"878","session1",-26.3542093016356,11.5148395047418,2.73815885951114,0.000986453462881743,0.561328576280759,0.548615545448822,0.364738099600401,6,1,150,0.441315540583741,-0.0344845419177708,6,4.21613654339591,1,-16.05826,2771,0.2,0,15,"both",0.441315540583741,-0.0344845419177708
"879","session1",-26.3542093016356,11.5148395047418,2.73815885951114,0.000986453462881743,0.561328576280759,0.548615545448822,0.364738099600401,6,1,150,0.441315540583741,-0.0344845419177708,6,2.08139353653172,1,-12.3546,2771,0.2,0,15,"both",0.441315540583741,-0.0344845419177708
"880","session1",-26.3542093016356,11.5148395047418,2.73815885951114,0.000986453462881743,0.561328576280759,0.548615545448822,0.364738099600401,6,1,150,0.441315540583741,-0.0344845419177708,6,4.62593536239234,1,-14.8549,2771,0.2,0,15,"both",0.441315540583741,-0.0344845419177708
"881","session1",-26.3542093016356,11.5148395047418,2.73815885951114,0.000986453462881743,0.561328576280759,0.548615545448822,0.364738099600401,6,1,150,0.441315540583741,-0.0344845419177708,6,4.36573672190381,0,-35.4632,2771,0.2,0,15,"both",0.441315540583741,-0.0344845419177708
"882","session1",-26.3542093016356,11.5148395047418,2.73815885951114,0.000986453462881743,0.561328576280759,0.548615545448822,0.364738099600401,6,1,150,0.441315540583741,-0.0344845419177708,6,1.33892891296508,0,-467.4734,2771,0.2,0,15,"both",0.441315540583741,-0.0344845419177708
"883","session1",-26.3542093016356,11.5148395047418,2.73815885951114,0.000986453462881743,0.561328576280759,0.548615545448822,0.364738099600401,6,1,150,0.441315540583741,-0.0344845419177708,6,2.91496068791409,0,-35.1168,2771,0.2,0,15,"both",0.441315540583741,-0.0344845419177708
"884","session1",-26.3542093016356,11.5148395047418,2.73815885951114,0.000986453462881743,0.561328576280759,0.548615545448822,0.364738099600401,6,1,150,0.441315540583741,-0.0344845419177708,6,1.41148761458859,1,-14.9904,2771,0.2,0,15,"both",0.441315540583741,-0.0344845419177708
"885","session1",-26.3542093016356,11.5148395047418,2.73815885951114,0.000986453462881743,0.561328576280759,0.548615545448822,0.364738099600401,6,1,150,0.441315540583741,-0.0344845419177708,6,6.00296331082763,0,-34.511,2771,0.2,0,15,"both",0.441315540583741,-0.0344845419177708
"886","session1",-26.3542093016356,11.5148395047418,2.73815885951114,0.000986453462881743,0.561328576280759,0.548615545448822,0.364738099600401,6,1,150,0.441315540583741,-0.0344845419177708,6,1.9421912260321,0,-33.6247,2771,0.2,0,15,"both",0.441315540583741,-0.0344845419177708
"887","session1",-26.3542093016356,11.5148395047418,2.73815885951114,0.000986453462881743,0.561328576280759,0.548615545448822,0.364738099600401,6,1,150,0.441315540583741,-0.0344845419177708,6,5.23552328193273,1,-34.6772,2771,0.2,0,15,"both",0.441315540583741,-0.0344845419177708
"888","session1",-26.3542093016356,11.5148395047418,2.73815885951114,0.000986453462881743,0.561328576280759,0.548615545448822,0.364738099600401,6,1,150,0.441315540583741,-0.0344845419177708,6,3.26628094993684,1,-33.44479,2771,0.2,0,15,"both",0.441315540583741,-0.0344845419177708
"889","session1",-26.3542093016356,11.5148395047418,2.73815885951114,0.000986453462881743,0.561328576280759,0.548615545448822,0.364738099600401,6,1,150,0.441315540583741,-0.0344845419177708,6,2.06525718084219,1,-16.0688,2771,0.2,0,15,"both",0.441315540583741,-0.0344845419177708
"890","session1",-26.3542093016356,11.5148395047418,2.73815885951114,0.000986453462881743,0.561328576280759,0.548615545448822,0.364738099600401,6,1,150,0.441315540583741,-0.0344845419177708,6,5.0766189778725,0,-33.04625,2771,0.2,0,15,"both",0.441315540583741,-0.0344845419177708
"891","session1",-26.3542093016356,11.5148395047418,2.73815885951114,0.000986453462881743,0.561328576280759,0.548615545448822,0.364738099600401,6,1,150,0.441315540583741,-0.0344845419177708,6,3.93611793626214,0,-34.83528,2771,0.2,0,15,"both",0.441315540583741,-0.0344845419177708
"892","session1",-26.3542093016356,11.5148395047418,2.73815885951114,0.000986453462881743,0.561328576280759,0.548615545448822,0.364738099600401,6,1,150,0.441315540583741,-0.0344845419177708,6,5.05732079712771,0,-37.8558,2771,0.2,0,15,"both",0.441315540583741,-0.0344845419177708
"893","session1",-26.3542093016356,11.5148395047418,2.73815885951114,0.000986453462881743,0.561328576280759,0.548615545448822,0.364738099600401,6,1,150,0.441315540583741,-0.0344845419177708,6,4.17343245373542,0,-30.65095,2771,0.2,0,15,"both",0.441315540583741,-0.0344845419177708
"894","session1",-26.3542093016356,11.5148395047418,2.73815885951114,0.000986453462881743,0.561328576280759,0.548615545448822,0.364738099600401,6,1,150,0.441315540583741,-0.0344845419177708,6,3.79832374056162,0,-35.3399,2771,0.2,0,15,"both",0.441315540583741,-0.0344845419177708
"895","session1",-26.3542093016356,11.5148395047418,2.73815885951114,0.000986453462881743,0.561328576280759,0.548615545448822,0.364738099600401,6,1,150,0.441315540583741,-0.0344845419177708,6,5.06079621957992,1,-16.72024,2771,0.2,0,15,"both",0.441315540583741,-0.0344845419177708
"896","session1",-26.3542093016356,11.5148395047418,2.73815885951114,0.000986453462881743,0.561328576280759,0.548615545448822,0.364738099600401,6,1,150,0.441315540583741,-0.0344845419177708,6,5.76248774501005,0,-31.93312,2771,0.2,0,15,"both",0.441315540583741,-0.0344845419177708
"897","session1",-26.3542093016356,11.5148395047418,2.73815885951114,0.000986453462881743,0.561328576280759,0.548615545448822,0.364738099600401,6,1,150,0.441315540583741,-0.0344845419177708,6,4.47831646585021,0,-30.1113,2771,0.2,0,15,"both",0.441315540583741,-0.0344845419177708
"898","session1",-26.3542093016356,11.5148395047418,2.73815885951114,0.000986453462881743,0.561328576280759,0.548615545448822,0.364738099600401,6,1,150,0.441315540583741,-0.0344845419177708,6,3.41742841765397,1,-16.3288,2771,0.2,0,15,"both",0.441315540583741,-0.0344845419177708
"899","session1",-26.3542093016356,11.5148395047418,2.73815885951114,0.000986453462881743,0.561328576280759,0.548615545448822,0.364738099600401,6,1,150,0.441315540583741,-0.0344845419177708,6,4.13644816871495,1,-14.462,2771,0.2,0,15,"both",0.441315540583741,-0.0344845419177708
"900","session1",-26.3542093016356,11.5148395047418,2.73815885951114,0.000986453462881743,0.561328576280759,0.548615545448822,0.364738099600401,6,1,150,0.441315540583741,-0.0344845419177708,6,1.63909683043648,1,-8.7979,2771,0.2,0,15,"both",0.441315540583741,-0.0344845419177708
"901","session1",12.130918722077,9.67812800208332,1.52173826491791,0.0896525402813581,0.118135086043045,0.727530745736304,0.738893015802376,7,1,150,0.441315540583741,-0.0344845419177708,7,2.01999128307781,0,7.9321657244,2771,0.2,0,15,"both",0.441315540583741,-0.0344845419177708
"902","session1",12.130918722077,9.67812800208332,1.52173826491791,0.0896525402813581,0.118135086043045,0.727530745736304,0.738893015802376,7,1,150,0.441315540583741,-0.0344845419177708,7,3.5137678964545,0,11.17640863905,2771,0.2,0,15,"both",0.441315540583741,-0.0344845419177708
"903","session1",12.130918722077,9.67812800208332,1.52173826491791,0.0896525402813581,0.118135086043045,0.727530745736304,0.738893015802376,7,1,150,0.441315540583741,-0.0344845419177708,7,1.43298645434817,1,18.3554494615,2771,0.2,0,15,"both",0.441315540583741,-0.0344845419177708
"904","session1",12.130918722077,9.67812800208332,1.52173826491791,0.0896525402813581,0.118135086043045,0.727530745736304,0.738893015802376,7,1,150,0.441315540583741,-0.0344845419177708,7,1.34194247338887,0,10.3785998428,2771,0.2,0,15,"both",0.441315540583741,-0.0344845419177708
"905","session1",12.130918722077,9.67812800208332,1.52173826491791,0.0896525402813581,0.118135086043045,0.727530745736304,0.738893015802376,7,1,150,0.441315540583741,-0.0344845419177708,7,1.84271979594636,1,8.57766,2771,0.2,0,15,"both",0.441315540583741,-0.0344845419177708
"906","session1",12.130918722077,9.67812800208332,1.52173826491791,0.0896525402813581,0.118135086043045,0.727530745736304,0.738893015802376,7,1,150,0.441315540583741,-0.0344845419177708,7,5.69279419737838,0,11.3843915565,2771,0.2,0,15,"both",0.441315540583741,-0.0344845419177708
"907","session1",12.130918722077,9.67812800208332,1.52173826491791,0.0896525402813581,0.118135086043045,0.727530745736304,0.738893015802376,7,1,150,0.441315540583741,-0.0344845419177708,7,3.52082435455882,1,35.27441,2771,0.2,0,15,"both",0.441315540583741,-0.0344845419177708
"908","session1",12.130918722077,9.67812800208332,1.52173826491791,0.0896525402813581,0.118135086043045,0.727530745736304,0.738893015802376,7,1,150,0.441315540583741,-0.0344845419177708,7,1.28857653641225,0,7.80143,2771,0.2,0,15,"both",0.441315540583741,-0.0344845419177708
"909","session1",12.130918722077,9.67812800208332,1.52173826491791,0.0896525402813581,0.118135086043045,0.727530745736304,0.738893015802376,7,1,150,0.441315540583741,-0.0344845419177708,7,2.90294869536327,1,24.47182,2771,0.2,0,15,"both",0.441315540583741,-0.0344845419177708
"910","session1",12.130918722077,9.67812800208332,1.52173826491791,0.0896525402813581,0.118135086043045,0.727530745736304,0.738893015802376,7,1,150,0.441315540583741,-0.0344845419177708,7,3.27055979573702,1,19.72977,2771,0.2,0,15,"both",0.441315540583741,-0.0344845419177708
"911","session1",12.130918722077,9.67812800208332,1.52173826491791,0.0896525402813581,0.118135086043045,0.727530745736304,0.738893015802376,7,1,150,0.441315540583741,-0.0344845419177708,7,4.69273312582104,0,28.6417,2771,0.2,0,15,"both",0.441315540583741,-0.0344845419177708
"912","session1",12.130918722077,9.67812800208332,1.52173826491791,0.0896525402813581,0.118135086043045,0.727530745736304,0.738893015802376,7,1,150,0.441315540583741,-0.0344845419177708,7,1.71257221154492,0,14.66381725,2771,0.2,0,15,"both",0.441315540583741,-0.0344845419177708
"913","session1",12.130918722077,9.67812800208332,1.52173826491791,0.0896525402813581,0.118135086043045,0.727530745736304,0.738893015802376,7,1,150,0.441315540583741,-0.0344845419177708,7,2.85886318254623,1,23.32046,2771,0.2,0,15,"both",0.441315540583741,-0.0344845419177708
"914","session1",12.130918722077,9.67812800208332,1.52173826491791,0.0896525402813581,0.118135086043045,0.727530745736304,0.738893015802376,7,1,150,0.441315540583741,-0.0344845419177708,7,3.73384069731812,1,4.67622,2771,0.2,0,15,"both",0.441315540583741,-0.0344845419177708
"915","session1",12.130918722077,9.67812800208332,1.52173826491791,0.0896525402813581,0.118135086043045,0.727530745736304,0.738893015802376,7,1,150,0.441315540583741,-0.0344845419177708,7,1.47329862633609,1,23.12913,2771,0.2,0,15,"both",0.441315540583741,-0.0344845419177708
"916","session1",12.130918722077,9.67812800208332,1.52173826491791,0.0896525402813581,0.118135086043045,0.727530745736304,0.738893015802376,7,1,150,0.441315540583741,-0.0344845419177708,7,1.19567912680344,0,10.44281,2771,0.2,0,15,"both",0.441315540583741,-0.0344845419177708
"917","session1",12.130918722077,9.67812800208332,1.52173826491791,0.0896525402813581,0.118135086043045,0.727530745736304,0.738893015802376,7,1,150,0.441315540583741,-0.0344845419177708,7,2.55002396121975,1,12.1918376334,2771,0.2,0,15,"both",0.441315540583741,-0.0344845419177708
"918","session1",12.130918722077,9.67812800208332,1.52173826491791,0.0896525402813581,0.118135086043045,0.727530745736304,0.738893015802376,7,1,150,0.441315540583741,-0.0344845419177708,7,1.81386358933753,1,32.22586,2771,0.2,0,15,"both",0.441315540583741,-0.0344845419177708
"919","session1",12.130918722077,9.67812800208332,1.52173826491791,0.0896525402813581,0.118135086043045,0.727530745736304,0.738893015802376,7,1,150,0.441315540583741,-0.0344845419177708,7,2.03811598126781,0,9.62894,2771,0.2,0,15,"both",0.441315540583741,-0.0344845419177708
"920","session1",12.130918722077,9.67812800208332,1.52173826491791,0.0896525402813581,0.118135086043045,0.727530745736304,0.738893015802376,7,1,150,0.441315540583741,-0.0344845419177708,7,1.20245018439925,0,12.75806,2771,0.2,0,15,"both",0.441315540583741,-0.0344845419177708
"921","session1",12.130918722077,9.67812800208332,1.52173826491791,0.0896525402813581,0.118135086043045,0.727530745736304,0.738893015802376,7,1,150,0.441315540583741,-0.0344845419177708,7,2.81164552229702,1,15.51693,2771,0.2,0,15,"both",0.441315540583741,-0.0344845419177708
"922","session1",12.130918722077,9.67812800208332,1.52173826491791,0.0896525402813581,0.118135086043045,0.727530745736304,0.738893015802376,7,1,150,0.441315540583741,-0.0344845419177708,7,5.30321155278433,1,16.97623,2771,0.2,0,15,"both",0.441315540583741,-0.0344845419177708
"923","session1",12.130918722077,9.67812800208332,1.52173826491791,0.0896525402813581,0.118135086043045,0.727530745736304,0.738893015802376,7,1,150,0.441315540583741,-0.0344845419177708,7,2.87183496027718,1,9.79453,2771,0.2,0,15,"both",0.441315540583741,-0.0344845419177708
"924","session1",12.130918722077,9.67812800208332,1.52173826491791,0.0896525402813581,0.118135086043045,0.727530745736304,0.738893015802376,7,1,150,0.441315540583741,-0.0344845419177708,7,1.29630219276083,0,-7.4334,2771,0.2,0,15,"both",0.441315540583741,-0.0344845419177708
"925","session1",12.130918722077,9.67812800208332,1.52173826491791,0.0896525402813581,0.118135086043045,0.727530745736304,0.738893015802376,7,1,150,0.441315540583741,-0.0344845419177708,7,1.96315568616928,1,12.700724263,2771,0.2,0,15,"both",0.441315540583741,-0.0344845419177708
"926","session1",12.130918722077,9.67812800208332,1.52173826491791,0.0896525402813581,0.118135086043045,0.727530745736304,0.738893015802376,7,1,150,0.441315540583741,-0.0344845419177708,7,2.44670622715129,0,6.14081,2771,0.2,0,15,"both",0.441315540583741,-0.0344845419177708
"927","session1",12.130918722077,9.67812800208332,1.52173826491791,0.0896525402813581,0.118135086043045,0.727530745736304,0.738893015802376,7,1,150,0.441315540583741,-0.0344845419177708,7,3.11128505968025,1,12.24873,2771,0.2,0,15,"both",0.441315540583741,-0.0344845419177708
"928","session1",12.130918722077,9.67812800208332,1.52173826491791,0.0896525402813581,0.118135086043045,0.727530745736304,0.738893015802376,7,1,150,0.441315540583741,-0.0344845419177708,7,1.77808022266678,0,5.3304,2771,0.2,0,15,"both",0.441315540583741,-0.0344845419177708
"929","session1",12.130918722077,9.67812800208332,1.52173826491791,0.0896525402813581,0.118135086043045,0.727530745736304,0.738893015802376,7,1,150,0.441315540583741,-0.0344845419177708,7,1.53658732029975,0,11.95754696,2771,0.2,0,15,"both",0.441315540583741,-0.0344845419177708
"930","session1",12.130918722077,9.67812800208332,1.52173826491791,0.0896525402813581,0.118135086043045,0.727530745736304,0.738893015802376,7,1,150,0.441315540583741,-0.0344845419177708,7,1.90316777328203,0,32.4332,2771,0.2,0,15,"both",0.441315540583741,-0.0344845419177708
"931","session1",12.130918722077,9.67812800208332,1.52173826491791,0.0896525402813581,0.118135086043045,0.727530745736304,0.738893015802376,7,1,150,0.441315540583741,-0.0344845419177708,7,1.41790059184772,1,16.44124,2771,0.2,0,15,"both",0.441315540583741,-0.0344845419177708
"932","session1",12.130918722077,9.67812800208332,1.52173826491791,0.0896525402813581,0.118135086043045,0.727530745736304,0.738893015802376,7,1,150,0.441315540583741,-0.0344845419177708,7,2.36368939646551,0,12.09410567,2771,0.2,0,15,"both",0.441315540583741,-0.0344845419177708
"933","session1",12.130918722077,9.67812800208332,1.52173826491791,0.0896525402813581,0.118135086043045,0.727530745736304,0.738893015802376,7,1,150,0.441315540583741,-0.0344845419177708,7,3.78143646716926,1,13.44914,2771,0.2,0,15,"both",0.441315540583741,-0.0344845419177708
"934","session1",12.130918722077,9.67812800208332,1.52173826491791,0.0896525402813581,0.118135086043045,0.727530745736304,0.738893015802376,7,1,150,0.441315540583741,-0.0344845419177708,7,1.67476613898545,1,6.51921,2771,0.2,0,15,"both",0.441315540583741,-0.0344845419177708
"935","session1",12.130918722077,9.67812800208332,1.52173826491791,0.0896525402813581,0.118135086043045,0.727530745736304,0.738893015802376,7,1,150,0.441315540583741,-0.0344845419177708,7,2.69600755588858,0,17.37112,2771,0.2,0,15,"both",0.441315540583741,-0.0344845419177708
"936","session1",12.130918722077,9.67812800208332,1.52173826491791,0.0896525402813581,0.118135086043045,0.727530745736304,0.738893015802376,7,1,150,0.441315540583741,-0.0344845419177708,7,2.66966441015501,0,-7.095707,2771,0.2,0,15,"both",0.441315540583741,-0.0344845419177708
"937","session1",12.130918722077,9.67812800208332,1.52173826491791,0.0896525402813581,0.118135086043045,0.727530745736304,0.738893015802376,7,1,150,0.441315540583741,-0.0344845419177708,7,1.32469609054835,1,11.840444861,2771,0.2,0,15,"both",0.441315540583741,-0.0344845419177708
"938","session1",12.130918722077,9.67812800208332,1.52173826491791,0.0896525402813581,0.118135086043045,0.727530745736304,0.738893015802376,7,1,150,0.441315540583741,-0.0344845419177708,7,2.33949299639367,1,11.845701579,2771,0.2,0,15,"both",0.441315540583741,-0.0344845419177708
"939","session1",12.130918722077,9.67812800208332,1.52173826491791,0.0896525402813581,0.118135086043045,0.727530745736304,0.738893015802376,7,1,150,0.441315540583741,-0.0344845419177708,7,1.6601380261251,1,11.346902236,2771,0.2,0,15,"both",0.441315540583741,-0.0344845419177708
"940","session1",12.130918722077,9.67812800208332,1.52173826491791,0.0896525402813581,0.118135086043045,0.727530745736304,0.738893015802376,7,1,150,0.441315540583741,-0.0344845419177708,7,1.94294806415055,0,4.7952,2771,0.2,0,15,"both",0.441315540583741,-0.0344845419177708
"941","session1",12.130918722077,9.67812800208332,1.52173826491791,0.0896525402813581,0.118135086043045,0.727530745736304,0.738893015802376,7,1,150,0.441315540583741,-0.0344845419177708,7,5.93937067469199,0,15.35287,2771,0.2,0,15,"both",0.441315540583741,-0.0344845419177708
"942","session1",12.130918722077,9.67812800208332,1.52173826491791,0.0896525402813581,0.118135086043045,0.727530745736304,0.738893015802376,7,1,150,0.441315540583741,-0.0344845419177708,7,4.9967778729202,0,13.13097,2771,0.2,0,15,"both",0.441315540583741,-0.0344845419177708
"943","session1",12.130918722077,9.67812800208332,1.52173826491791,0.0896525402813581,0.118135086043045,0.727530745736304,0.738893015802376,7,1,150,0.441315540583741,-0.0344845419177708,7,8,1,16.87357,2771,0.2,0,15,"both",0.441315540583741,-0.0344845419177708
"944","session1",12.130918722077,9.67812800208332,1.52173826491791,0.0896525402813581,0.118135086043045,0.727530745736304,0.738893015802376,7,1,150,0.441315540583741,-0.0344845419177708,7,1.65053354237743,1,11.505214185,2771,0.2,0,15,"both",0.441315540583741,-0.0344845419177708
"945","session1",12.130918722077,9.67812800208332,1.52173826491791,0.0896525402813581,0.118135086043045,0.727530745736304,0.738893015802376,7,1,150,0.441315540583741,-0.0344845419177708,7,2.91083087942529,0,9.9244737782,2771,0.2,0,15,"both",0.441315540583741,-0.0344845419177708
"946","session1",12.130918722077,9.67812800208332,1.52173826491791,0.0896525402813581,0.118135086043045,0.727530745736304,0.738893015802376,7,1,150,0.441315540583741,-0.0344845419177708,7,2.22370015653115,1,26.6332,2771,0.2,0,15,"both",0.441315540583741,-0.0344845419177708
"947","session1",12.130918722077,9.67812800208332,1.52173826491791,0.0896525402813581,0.118135086043045,0.727530745736304,0.738893015802376,7,1,150,0.441315540583741,-0.0344845419177708,7,2.52094489271246,0,18.8863,2771,0.2,0,15,"both",0.441315540583741,-0.0344845419177708
"948","session1",12.130918722077,9.67812800208332,1.52173826491791,0.0896525402813581,0.118135086043045,0.727530745736304,0.738893015802376,7,1,150,0.441315540583741,-0.0344845419177708,7,1.92861031303396,0,12.210233426,2771,0.2,0,15,"both",0.441315540583741,-0.0344845419177708
"949","session1",12.130918722077,9.67812800208332,1.52173826491791,0.0896525402813581,0.118135086043045,0.727530745736304,0.738893015802376,7,1,150,0.441315540583741,-0.0344845419177708,7,4.23550830025103,1,47.5113,2771,0.2,0,15,"both",0.441315540583741,-0.0344845419177708
"950","session1",12.130918722077,9.67812800208332,1.52173826491791,0.0896525402813581,0.118135086043045,0.727530745736304,0.738893015802376,7,1,150,0.441315540583741,-0.0344845419177708,7,5.27315720201216,1,9.9424,2771,0.2,0,15,"both",0.441315540583741,-0.0344845419177708
"951","session1",12.130918722077,9.67812800208332,1.52173826491791,0.0896525402813581,0.118135086043045,0.727530745736304,0.738893015802376,7,1,150,0.441315540583741,-0.0344845419177708,7,3.44251184762265,1,39.7825,2771,0.2,0,15,"both",0.441315540583741,-0.0344845419177708
"952","session1",12.130918722077,9.67812800208332,1.52173826491791,0.0896525402813581,0.118135086043045,0.727530745736304,0.738893015802376,7,1,150,0.441315540583741,-0.0344845419177708,7,2.15743442310229,0,-15.8979,2771,0.2,0,15,"both",0.441315540583741,-0.0344845419177708
"953","session1",12.130918722077,9.67812800208332,1.52173826491791,0.0896525402813581,0.118135086043045,0.727530745736304,0.738893015802376,7,1,150,0.441315540583741,-0.0344845419177708,7,3.91688869204903,0,-6.751,2771,0.2,0,15,"both",0.441315540583741,-0.0344845419177708
"954","session1",12.130918722077,9.67812800208332,1.52173826491791,0.0896525402813581,0.118135086043045,0.727530745736304,0.738893015802376,7,1,150,0.441315540583741,-0.0344845419177708,7,2.42731515712084,1,16.29024,2771,0.2,0,15,"both",0.441315540583741,-0.0344845419177708
"955","session1",12.130918722077,9.67812800208332,1.52173826491791,0.0896525402813581,0.118135086043045,0.727530745736304,0.738893015802376,7,1,150,0.441315540583741,-0.0344845419177708,7,2.95515860720291,0,6.83675,2771,0.2,0,15,"both",0.441315540583741,-0.0344845419177708
"956","session1",12.130918722077,9.67812800208332,1.52173826491791,0.0896525402813581,0.118135086043045,0.727530745736304,0.738893015802376,7,1,150,0.441315540583741,-0.0344845419177708,7,4.42360844017698,1,39.3028,2771,0.2,0,15,"both",0.441315540583741,-0.0344845419177708
"957","session1",12.130918722077,9.67812800208332,1.52173826491791,0.0896525402813581,0.118135086043045,0.727530745736304,0.738893015802376,7,1,150,0.441315540583741,-0.0344845419177708,7,1.72126961696163,1,-1.1831,2771,0.2,0,15,"both",0.441315540583741,-0.0344845419177708
"958","session1",12.130918722077,9.67812800208332,1.52173826491791,0.0896525402813581,0.118135086043045,0.727530745736304,0.738893015802376,7,1,150,0.441315540583741,-0.0344845419177708,7,4.4950876337496,0,-2.47091,2771,0.2,0,15,"both",0.441315540583741,-0.0344845419177708
"959","session1",12.130918722077,9.67812800208332,1.52173826491791,0.0896525402813581,0.118135086043045,0.727530745736304,0.738893015802376,7,1,150,0.441315540583741,-0.0344845419177708,7,1.61465888602989,1,34.45178,2771,0.2,0,15,"both",0.441315540583741,-0.0344845419177708
"960","session1",12.130918722077,9.67812800208332,1.52173826491791,0.0896525402813581,0.118135086043045,0.727530745736304,0.738893015802376,7,1,150,0.441315540583741,-0.0344845419177708,7,1.75579962734769,1,-2.5454,2771,0.2,0,15,"both",0.441315540583741,-0.0344845419177708
"961","session1",12.130918722077,9.67812800208332,1.52173826491791,0.0896525402813581,0.118135086043045,0.727530745736304,0.738893015802376,7,1,150,0.441315540583741,-0.0344845419177708,7,1.2054742844794,1,26.42153,2771,0.2,0,15,"both",0.441315540583741,-0.0344845419177708
"962","session1",12.130918722077,9.67812800208332,1.52173826491791,0.0896525402813581,0.118135086043045,0.727530745736304,0.738893015802376,7,1,150,0.441315540583741,-0.0344845419177708,7,3.16626769604069,0,-5.91657,2771,0.2,0,15,"both",0.441315540583741,-0.0344845419177708
"963","session1",12.130918722077,9.67812800208332,1.52173826491791,0.0896525402813581,0.118135086043045,0.727530745736304,0.738893015802376,7,1,150,0.441315540583741,-0.0344845419177708,7,1.07644527081935,0,-11.93696,2771,0.2,0,15,"both",0.441315540583741,-0.0344845419177708
"964","session1",12.130918722077,9.67812800208332,1.52173826491791,0.0896525402813581,0.118135086043045,0.727530745736304,0.738893015802376,7,1,150,0.441315540583741,-0.0344845419177708,7,2.5121218727699,0,20.70092,2771,0.2,0,15,"both",0.441315540583741,-0.0344845419177708
"965","session1",12.130918722077,9.67812800208332,1.52173826491791,0.0896525402813581,0.118135086043045,0.727530745736304,0.738893015802376,7,1,150,0.441315540583741,-0.0344845419177708,7,3.3891713832162,1,29.96722,2771,0.2,0,15,"both",0.441315540583741,-0.0344845419177708
"966","session1",12.130918722077,9.67812800208332,1.52173826491791,0.0896525402813581,0.118135086043045,0.727530745736304,0.738893015802376,7,1,150,0.441315540583741,-0.0344845419177708,7,1.90013481489608,1,23.54056,2771,0.2,0,15,"both",0.441315540583741,-0.0344845419177708
"967","session1",12.130918722077,9.67812800208332,1.52173826491791,0.0896525402813581,0.118135086043045,0.727530745736304,0.738893015802376,7,1,150,0.441315540583741,-0.0344845419177708,7,1.17108007157005,0,-10.3628,2771,0.2,0,15,"both",0.441315540583741,-0.0344845419177708
"968","session1",12.130918722077,9.67812800208332,1.52173826491791,0.0896525402813581,0.118135086043045,0.727530745736304,0.738893015802376,7,1,150,0.441315540583741,-0.0344845419177708,7,1.993861264059,0,-13.8506,2771,0.2,0,15,"both",0.441315540583741,-0.0344845419177708
"969","session1",12.130918722077,9.67812800208332,1.52173826491791,0.0896525402813581,0.118135086043045,0.727530745736304,0.738893015802376,7,1,150,0.441315540583741,-0.0344845419177708,7,1.66906274551378,0,-0.7281,2771,0.2,0,15,"both",0.441315540583741,-0.0344845419177708
"970","session1",12.130918722077,9.67812800208332,1.52173826491791,0.0896525402813581,0.118135086043045,0.727530745736304,0.738893015802376,7,1,150,0.441315540583741,-0.0344845419177708,7,1.70832670194407,1,4.5614,2771,0.2,0,15,"both",0.441315540583741,-0.0344845419177708
"971","session1",12.130918722077,9.67812800208332,1.52173826491791,0.0896525402813581,0.118135086043045,0.727530745736304,0.738893015802376,7,1,150,0.441315540583741,-0.0344845419177708,7,1.76327507291868,1,41.0449,2771,0.2,0,15,"both",0.441315540583741,-0.0344845419177708
"972","session1",12.130918722077,9.67812800208332,1.52173826491791,0.0896525402813581,0.118135086043045,0.727530745736304,0.738893015802376,7,1,150,0.441315540583741,-0.0344845419177708,7,2.72279391833156,0,-3.44723,2771,0.2,0,15,"both",0.441315540583741,-0.0344845419177708
"973","session1",12.130918722077,9.67812800208332,1.52173826491791,0.0896525402813581,0.118135086043045,0.727530745736304,0.738893015802376,7,1,150,0.441315540583741,-0.0344845419177708,7,2.39205441040839,0,39.8448,2771,0.2,0,15,"both",0.441315540583741,-0.0344845419177708
"974","session1",12.130918722077,9.67812800208332,1.52173826491791,0.0896525402813581,0.118135086043045,0.727530745736304,0.738893015802376,7,1,150,0.441315540583741,-0.0344845419177708,7,3.42601041842275,0,-17.74422,2771,0.2,0,15,"both",0.441315540583741,-0.0344845419177708
"975","session1",12.130918722077,9.67812800208332,1.52173826491791,0.0896525402813581,0.118135086043045,0.727530745736304,0.738893015802376,7,1,150,0.441315540583741,-0.0344845419177708,7,3.15484397049305,0,-22.56439,2771,0.2,0,15,"both",0.441315540583741,-0.0344845419177708
"976","session1",12.130918722077,9.67812800208332,1.52173826491791,0.0896525402813581,0.118135086043045,0.727530745736304,0.738893015802376,7,1,150,0.441315540583741,-0.0344845419177708,7,1.16251862591287,1,34.3392,2771,0.2,0,15,"both",0.441315540583741,-0.0344845419177708
"977","session1",12.130918722077,9.67812800208332,1.52173826491791,0.0896525402813581,0.118135086043045,0.727530745736304,0.738893015802376,7,1,150,0.441315540583741,-0.0344845419177708,7,3.85796389426463,0,6.06031,2771,0.2,0,15,"both",0.441315540583741,-0.0344845419177708
"978","session1",12.130918722077,9.67812800208332,1.52173826491791,0.0896525402813581,0.118135086043045,0.727530745736304,0.738893015802376,7,1,150,0.441315540583741,-0.0344845419177708,7,2.81675813125492,1,-12.43874,2771,0.2,0,15,"both",0.441315540583741,-0.0344845419177708
"979","session1",12.130918722077,9.67812800208332,1.52173826491791,0.0896525402813581,0.118135086043045,0.727530745736304,0.738893015802376,7,1,150,0.441315540583741,-0.0344845419177708,7,1.20880056404086,0,-13.16653,2771,0.2,0,15,"both",0.441315540583741,-0.0344845419177708
"980","session1",12.130918722077,9.67812800208332,1.52173826491791,0.0896525402813581,0.118135086043045,0.727530745736304,0.738893015802376,7,1,150,0.441315540583741,-0.0344845419177708,7,2.35546972304425,0,16.6892,2771,0.2,0,15,"both",0.441315540583741,-0.0344845419177708
"981","session1",12.130918722077,9.67812800208332,1.52173826491791,0.0896525402813581,0.118135086043045,0.727530745736304,0.738893015802376,7,1,150,0.441315540583741,-0.0344845419177708,7,1.78508796949833,0,-6.11607,2771,0.2,0,15,"both",0.441315540583741,-0.0344845419177708
"982","session1",12.130918722077,9.67812800208332,1.52173826491791,0.0896525402813581,0.118135086043045,0.727530745736304,0.738893015802376,7,1,150,0.441315540583741,-0.0344845419177708,7,2.21111270421238,1,22.52888,2771,0.2,0,15,"both",0.441315540583741,-0.0344845419177708
"983","session1",12.130918722077,9.67812800208332,1.52173826491791,0.0896525402813581,0.118135086043045,0.727530745736304,0.738893015802376,7,1,150,0.441315540583741,-0.0344845419177708,7,2.59697777871389,1,24.60632,2771,0.2,0,15,"both",0.441315540583741,-0.0344845419177708
"984","session1",12.130918722077,9.67812800208332,1.52173826491791,0.0896525402813581,0.118135086043045,0.727530745736304,0.738893015802376,7,1,150,0.441315540583741,-0.0344845419177708,7,2.59102038669475,1,45.0327,2771,0.2,0,15,"both",0.441315540583741,-0.0344845419177708
"985","session1",12.130918722077,9.67812800208332,1.52173826491791,0.0896525402813581,0.118135086043045,0.727530745736304,0.738893015802376,7,1,150,0.441315540583741,-0.0344845419177708,7,1.42135147545789,1,20.8981,2771,0.2,0,15,"both",0.441315540583741,-0.0344845419177708
"986","session1",12.130918722077,9.67812800208332,1.52173826491791,0.0896525402813581,0.118135086043045,0.727530745736304,0.738893015802376,7,1,150,0.441315540583741,-0.0344845419177708,7,2.12469951914819,1,18.94802,2771,0.2,0,15,"both",0.441315540583741,-0.0344845419177708
"987","session1",12.130918722077,9.67812800208332,1.52173826491791,0.0896525402813581,0.118135086043045,0.727530745736304,0.738893015802376,7,1,150,0.441315540583741,-0.0344845419177708,7,2.03553578524548,0,11.2781043038,2771,0.2,0,15,"both",0.441315540583741,-0.0344845419177708
"988","session1",12.130918722077,9.67812800208332,1.52173826491791,0.0896525402813581,0.118135086043045,0.727530745736304,0.738893015802376,7,1,150,0.441315540583741,-0.0344845419177708,7,2.28400385717423,0,5.13074,2771,0.2,0,15,"both",0.441315540583741,-0.0344845419177708
"989","session1",12.130918722077,9.67812800208332,1.52173826491791,0.0896525402813581,0.118135086043045,0.727530745736304,0.738893015802376,7,1,150,0.441315540583741,-0.0344845419177708,7,3.04397326908053,0,4.71472,2771,0.2,0,15,"both",0.441315540583741,-0.0344845419177708
"990","session1",12.130918722077,9.67812800208332,1.52173826491791,0.0896525402813581,0.118135086043045,0.727530745736304,0.738893015802376,7,1,150,0.441315540583741,-0.0344845419177708,7,1.71019873401562,0,9.58872,2771,0.2,0,15,"both",0.441315540583741,-0.0344845419177708
"991","session1",12.130918722077,9.67812800208332,1.52173826491791,0.0896525402813581,0.118135086043045,0.727530745736304,0.738893015802376,7,1,150,0.441315540583741,-0.0344845419177708,7,3.92507162919684,1,21.36356,2771,0.2,0,15,"both",0.441315540583741,-0.0344845419177708
"992","session1",12.130918722077,9.67812800208332,1.52173826491791,0.0896525402813581,0.118135086043045,0.727530745736304,0.738893015802376,7,1,150,0.441315540583741,-0.0344845419177708,7,3.31539615843877,1,1.14151,2771,0.2,0,15,"both",0.441315540583741,-0.0344845419177708
"993","session1",12.130918722077,9.67812800208332,1.52173826491791,0.0896525402813581,0.118135086043045,0.727530745736304,0.738893015802376,7,1,150,0.441315540583741,-0.0344845419177708,7,1.59506900031395,0,4.63854,2771,0.2,0,15,"both",0.441315540583741,-0.0344845419177708
"994","session1",12.130918722077,9.67812800208332,1.52173826491791,0.0896525402813581,0.118135086043045,0.727530745736304,0.738893015802376,7,1,150,0.441315540583741,-0.0344845419177708,7,3.86690345320534,1,0.998709999999999,2771,0.2,0,15,"both",0.441315540583741,-0.0344845419177708
"995","session1",12.130918722077,9.67812800208332,1.52173826491791,0.0896525402813581,0.118135086043045,0.727530745736304,0.738893015802376,7,1,150,0.441315540583741,-0.0344845419177708,7,2.57490668574497,1,25.7512,2771,0.2,0,15,"both",0.441315540583741,-0.0344845419177708
"996","session1",12.130918722077,9.67812800208332,1.52173826491791,0.0896525402813581,0.118135086043045,0.727530745736304,0.738893015802376,7,1,150,0.441315540583741,-0.0344845419177708,7,1.5323156423187,0,19.7367,2771,0.2,0,15,"both",0.441315540583741,-0.0344845419177708
"997","session1",12.130918722077,9.67812800208332,1.52173826491791,0.0896525402813581,0.118135086043045,0.727530745736304,0.738893015802376,7,1,150,0.441315540583741,-0.0344845419177708,7,3.58976398848907,1,12.44684,2771,0.2,0,15,"both",0.441315540583741,-0.0344845419177708
"998","session1",12.130918722077,9.67812800208332,1.52173826491791,0.0896525402813581,0.118135086043045,0.727530745736304,0.738893015802376,7,1,150,0.441315540583741,-0.0344845419177708,7,3.55419912674129,0,3.3147,2771,0.2,0,15,"both",0.441315540583741,-0.0344845419177708
"999","session1",12.130918722077,9.67812800208332,1.52173826491791,0.0896525402813581,0.118135086043045,0.727530745736304,0.738893015802376,7,1,150,0.441315540583741,-0.0344845419177708,7,3.00781027458397,0,-5.7793,2771,0.2,0,15,"both",0.441315540583741,-0.0344845419177708
"1000","session1",12.130918722077,9.67812800208332,1.52173826491791,0.0896525402813581,0.118135086043045,0.727530745736304,0.738893015802376,7,1,150,0.441315540583741,-0.0344845419177708,7,1.1995742539496,0,5.3118,2771,0.2,0,15,"both",0.441315540583741,-0.0344845419177708
"1001","session1",12.130918722077,9.67812800208332,1.52173826491791,0.0896525402813581,0.118135086043045,0.727530745736304,0.738893015802376,7,1,150,0.441315540583741,-0.0344845419177708,7,1.98190942906637,0,-11.7145,2771,0.2,0,15,"both",0.441315540583741,-0.0344845419177708
"1002","session1",12.130918722077,9.67812800208332,1.52173826491791,0.0896525402813581,0.118135086043045,0.727530745736304,0.738893015802376,7,1,150,0.441315540583741,-0.0344845419177708,7,1.48977002354337,1,7.8868,2771,0.2,0,15,"both",0.441315540583741,-0.0344845419177708
"1003","session1",12.130918722077,9.67812800208332,1.52173826491791,0.0896525402813581,0.118135086043045,0.727530745736304,0.738893015802376,7,1,150,0.441315540583741,-0.0344845419177708,7,3.05126254232171,0,-2.1261,2771,0.2,0,15,"both",0.441315540583741,-0.0344845419177708
"1004","session1",12.130918722077,9.67812800208332,1.52173826491791,0.0896525402813581,0.118135086043045,0.727530745736304,0.738893015802376,7,1,150,0.441315540583741,-0.0344845419177708,7,5.61403044200863,1,-3.2204,2771,0.2,0,15,"both",0.441315540583741,-0.0344845419177708
"1005","session1",12.130918722077,9.67812800208332,1.52173826491791,0.0896525402813581,0.118135086043045,0.727530745736304,0.738893015802376,7,1,150,0.441315540583741,-0.0344845419177708,7,1.72048595660838,1,20.85313,2771,0.2,0,15,"both",0.441315540583741,-0.0344845419177708
"1006","session1",12.130918722077,9.67812800208332,1.52173826491791,0.0896525402813581,0.118135086043045,0.727530745736304,0.738893015802376,7,1,150,0.441315540583741,-0.0344845419177708,7,2.00599664082221,1,37.51832,2771,0.2,0,15,"both",0.441315540583741,-0.0344845419177708
"1007","session1",12.130918722077,9.67812800208332,1.52173826491791,0.0896525402813581,0.118135086043045,0.727530745736304,0.738893015802376,7,1,150,0.441315540583741,-0.0344845419177708,7,4.44582455005422,1,21.52847,2771,0.2,0,15,"both",0.441315540583741,-0.0344845419177708
"1008","session1",12.130918722077,9.67812800208332,1.52173826491791,0.0896525402813581,0.118135086043045,0.727530745736304,0.738893015802376,7,1,150,0.441315540583741,-0.0344845419177708,7,1.80144862997848,0,-2.4958,2771,0.2,0,15,"both",0.441315540583741,-0.0344845419177708
"1009","session1",12.130918722077,9.67812800208332,1.52173826491791,0.0896525402813581,0.118135086043045,0.727530745736304,0.738893015802376,7,1,150,0.441315540583741,-0.0344845419177708,7,1.65972735700371,0,2.80154,2771,0.2,0,15,"both",0.441315540583741,-0.0344845419177708
"1010","session1",12.130918722077,9.67812800208332,1.52173826491791,0.0896525402813581,0.118135086043045,0.727530745736304,0.738893015802376,7,1,150,0.441315540583741,-0.0344845419177708,7,1.52505725548047,1,29.48565,2771,0.2,0,15,"both",0.441315540583741,-0.0344845419177708
"1011","session1",12.130918722077,9.67812800208332,1.52173826491791,0.0896525402813581,0.118135086043045,0.727530745736304,0.738893015802376,7,1,150,0.441315540583741,-0.0344845419177708,7,1.16688867150027,0,2.54733,2771,0.2,0,15,"both",0.441315540583741,-0.0344845419177708
"1012","session1",12.130918722077,9.67812800208332,1.52173826491791,0.0896525402813581,0.118135086043045,0.727530745736304,0.738893015802376,7,1,150,0.441315540583741,-0.0344845419177708,7,6.96938853744668,0,25.15391,2771,0.2,0,15,"both",0.441315540583741,-0.0344845419177708
"1013","session1",12.130918722077,9.67812800208332,1.52173826491791,0.0896525402813581,0.118135086043045,0.727530745736304,0.738893015802376,7,1,150,0.441315540583741,-0.0344845419177708,7,5.52435085784376,0,-5.01515,2771,0.2,0,15,"both",0.441315540583741,-0.0344845419177708
"1014","session1",12.130918722077,9.67812800208332,1.52173826491791,0.0896525402813581,0.118135086043045,0.727530745736304,0.738893015802376,7,1,150,0.441315540583741,-0.0344845419177708,7,2.43594148215432,0,0.971200000000001,2771,0.2,0,15,"both",0.441315540583741,-0.0344845419177708
"1015","session1",12.130918722077,9.67812800208332,1.52173826491791,0.0896525402813581,0.118135086043045,0.727530745736304,0.738893015802376,7,1,150,0.441315540583741,-0.0344845419177708,7,1.24756928321668,1,-4.0993,2771,0.2,0,15,"both",0.441315540583741,-0.0344845419177708
"1016","session1",12.130918722077,9.67812800208332,1.52173826491791,0.0896525402813581,0.118135086043045,0.727530745736304,0.738893015802376,7,1,150,0.441315540583741,-0.0344845419177708,7,1.78426288833336,1,27.8436,2771,0.2,0,15,"both",0.441315540583741,-0.0344845419177708
"1017","session1",12.130918722077,9.67812800208332,1.52173826491791,0.0896525402813581,0.118135086043045,0.727530745736304,0.738893015802376,7,1,150,0.441315540583741,-0.0344845419177708,7,1.34689184589312,1,31.5568,2771,0.2,0,15,"both",0.441315540583741,-0.0344845419177708
"1018","session1",12.130918722077,9.67812800208332,1.52173826491791,0.0896525402813581,0.118135086043045,0.727530745736304,0.738893015802376,7,1,150,0.441315540583741,-0.0344845419177708,7,2.81846591739836,1,9.46515,2771,0.2,0,15,"both",0.441315540583741,-0.0344845419177708
"1019","session1",12.130918722077,9.67812800208332,1.52173826491791,0.0896525402813581,0.118135086043045,0.727530745736304,0.738893015802376,7,1,150,0.441315540583741,-0.0344845419177708,7,1.2801215218916,1,32.9494,2771,0.2,0,15,"both",0.441315540583741,-0.0344845419177708
"1020","session1",12.130918722077,9.67812800208332,1.52173826491791,0.0896525402813581,0.118135086043045,0.727530745736304,0.738893015802376,7,1,150,0.441315540583741,-0.0344845419177708,7,5.73898448269452,0,21.5019,2771,0.2,0,15,"both",0.441315540583741,-0.0344845419177708
"1021","session1",12.130918722077,9.67812800208332,1.52173826491791,0.0896525402813581,0.118135086043045,0.727530745736304,0.738893015802376,7,1,150,0.441315540583741,-0.0344845419177708,7,1.26365125638682,0,-2.84716,2771,0.2,0,15,"both",0.441315540583741,-0.0344845419177708
"1022","session1",12.130918722077,9.67812800208332,1.52173826491791,0.0896525402813581,0.118135086043045,0.727530745736304,0.738893015802376,7,1,150,0.441315540583741,-0.0344845419177708,7,0.88550317246348,1,-1.2001,2771,0.2,0,15,"both",0.441315540583741,-0.0344845419177708
"1023","session1",12.130918722077,9.67812800208332,1.52173826491791,0.0896525402813581,0.118135086043045,0.727530745736304,0.738893015802376,7,1,150,0.441315540583741,-0.0344845419177708,7,1.0666401087704,1,42.69671,2771,0.2,0,15,"both",0.441315540583741,-0.0344845419177708
"1024","session1",12.130918722077,9.67812800208332,1.52173826491791,0.0896525402813581,0.118135086043045,0.727530745736304,0.738893015802376,7,1,150,0.441315540583741,-0.0344845419177708,7,1.07290117172874,1,21.44769,2771,0.2,0,15,"both",0.441315540583741,-0.0344845419177708
"1025","session1",12.130918722077,9.67812800208332,1.52173826491791,0.0896525402813581,0.118135086043045,0.727530745736304,0.738893015802376,7,1,150,0.441315540583741,-0.0344845419177708,7,2.6615667790699,1,23.50714,2771,0.2,0,15,"both",0.441315540583741,-0.0344845419177708
"1026","session1",12.130918722077,9.67812800208332,1.52173826491791,0.0896525402813581,0.118135086043045,0.727530745736304,0.738893015802376,7,1,150,0.441315540583741,-0.0344845419177708,7,1.69457774446873,0,-3.4454,2771,0.2,0,15,"both",0.441315540583741,-0.0344845419177708
"1027","session1",12.130918722077,9.67812800208332,1.52173826491791,0.0896525402813581,0.118135086043045,0.727530745736304,0.738893015802376,7,1,150,0.441315540583741,-0.0344845419177708,7,3.53194996806624,0,-12.00016,2771,0.2,0,15,"both",0.441315540583741,-0.0344845419177708
"1028","session1",12.130918722077,9.67812800208332,1.52173826491791,0.0896525402813581,0.118135086043045,0.727530745736304,0.738893015802376,7,1,150,0.441315540583741,-0.0344845419177708,7,1.09379884266095,1,33.1375,2771,0.2,0,15,"both",0.441315540583741,-0.0344845419177708
"1029","session1",12.130918722077,9.67812800208332,1.52173826491791,0.0896525402813581,0.118135086043045,0.727530745736304,0.738893015802376,7,1,150,0.441315540583741,-0.0344845419177708,7,1.36186545230626,1,27.0802,2771,0.2,0,15,"both",0.441315540583741,-0.0344845419177708
"1030","session1",12.130918722077,9.67812800208332,1.52173826491791,0.0896525402813581,0.118135086043045,0.727530745736304,0.738893015802376,7,1,150,0.441315540583741,-0.0344845419177708,7,2.06222272758676,1,29.4131,2771,0.2,0,15,"both",0.441315540583741,-0.0344845419177708
"1031","session1",12.130918722077,9.67812800208332,1.52173826491791,0.0896525402813581,0.118135086043045,0.727530745736304,0.738893015802376,7,1,150,0.441315540583741,-0.0344845419177708,7,1.83402040548646,1,42.8562,2771,0.2,0,15,"both",0.441315540583741,-0.0344845419177708
"1032","session1",12.130918722077,9.67812800208332,1.52173826491791,0.0896525402813581,0.118135086043045,0.727530745736304,0.738893015802376,7,1,150,0.441315540583741,-0.0344845419177708,7,1.39095554086868,0,-3.0771,2771,0.2,0,15,"both",0.441315540583741,-0.0344845419177708
"1033","session1",12.130918722077,9.67812800208332,1.52173826491791,0.0896525402813581,0.118135086043045,0.727530745736304,0.738893015802376,7,1,150,0.441315540583741,-0.0344845419177708,7,1.6428109312151,0,20.208,2771,0.2,0,15,"both",0.441315540583741,-0.0344845419177708
"1034","session1",12.130918722077,9.67812800208332,1.52173826491791,0.0896525402813581,0.118135086043045,0.727530745736304,0.738893015802376,7,1,150,0.441315540583741,-0.0344845419177708,7,3.81578675492338,0,-16.26283,2771,0.2,0,15,"both",0.441315540583741,-0.0344845419177708
"1035","session1",12.130918722077,9.67812800208332,1.52173826491791,0.0896525402813581,0.118135086043045,0.727530745736304,0.738893015802376,7,1,150,0.441315540583741,-0.0344845419177708,7,2.19194883476597,0,2.8089,2771,0.2,0,15,"both",0.441315540583741,-0.0344845419177708
"1036","session1",12.130918722077,9.67812800208332,1.52173826491791,0.0896525402813581,0.118135086043045,0.727530745736304,0.738893015802376,7,1,150,0.441315540583741,-0.0344845419177708,7,3.47033230042826,1,26.5094,2771,0.2,0,15,"both",0.441315540583741,-0.0344845419177708
"1037","session1",12.130918722077,9.67812800208332,1.52173826491791,0.0896525402813581,0.118135086043045,0.727530745736304,0.738893015802376,7,1,150,0.441315540583741,-0.0344845419177708,7,2.4631590103932,0,1.05629,2771,0.2,0,15,"both",0.441315540583741,-0.0344845419177708
"1038","session1",12.130918722077,9.67812800208332,1.52173826491791,0.0896525402813581,0.118135086043045,0.727530745736304,0.738893015802376,7,1,150,0.441315540583741,-0.0344845419177708,7,1.08204529230873,1,20.52765,2771,0.2,0,15,"both",0.441315540583741,-0.0344845419177708
"1039","session1",12.130918722077,9.67812800208332,1.52173826491791,0.0896525402813581,0.118135086043045,0.727530745736304,0.738893015802376,7,1,150,0.441315540583741,-0.0344845419177708,7,3.71159341375473,1,34.5798,2771,0.2,0,15,"both",0.441315540583741,-0.0344845419177708
"1040","session1",12.130918722077,9.67812800208332,1.52173826491791,0.0896525402813581,0.118135086043045,0.727530745736304,0.738893015802376,7,1,150,0.441315540583741,-0.0344845419177708,7,2.05844563728902,1,22.3923,2771,0.2,0,15,"both",0.441315540583741,-0.0344845419177708
"1041","session1",12.130918722077,9.67812800208332,1.52173826491791,0.0896525402813581,0.118135086043045,0.727530745736304,0.738893015802376,7,1,150,0.441315540583741,-0.0344845419177708,7,2.58767969708372,1,23.0796,2771,0.2,0,15,"both",0.441315540583741,-0.0344845419177708
"1042","session1",12.130918722077,9.67812800208332,1.52173826491791,0.0896525402813581,0.118135086043045,0.727530745736304,0.738893015802376,7,1,150,0.441315540583741,-0.0344845419177708,7,2.04324204619495,1,27.534,2771,0.2,0,15,"both",0.441315540583741,-0.0344845419177708
"1043","session1",12.130918722077,9.67812800208332,1.52173826491791,0.0896525402813581,0.118135086043045,0.727530745736304,0.738893015802376,7,1,150,0.441315540583741,-0.0344845419177708,7,5.72127319455985,0,-20.0388,2771,0.2,0,15,"both",0.441315540583741,-0.0344845419177708
"1044","session1",12.130918722077,9.67812800208332,1.52173826491791,0.0896525402813581,0.118135086043045,0.727530745736304,0.738893015802376,7,1,150,0.441315540583741,-0.0344845419177708,7,1.8398674003718,1,26.3107,2771,0.2,0,15,"both",0.441315540583741,-0.0344845419177708
"1045","session1",12.130918722077,9.67812800208332,1.52173826491791,0.0896525402813581,0.118135086043045,0.727530745736304,0.738893015802376,7,1,150,0.441315540583741,-0.0344845419177708,7,2.00310327519451,0,2.0289,2771,0.2,0,15,"both",0.441315540583741,-0.0344845419177708
"1046","session1",12.130918722077,9.67812800208332,1.52173826491791,0.0896525402813581,0.118135086043045,0.727530745736304,0.738893015802376,7,1,150,0.441315540583741,-0.0344845419177708,7,2.00197056132208,0,1.7075,2771,0.2,0,15,"both",0.441315540583741,-0.0344845419177708
"1047","session1",12.130918722077,9.67812800208332,1.52173826491791,0.0896525402813581,0.118135086043045,0.727530745736304,0.738893015802376,7,1,150,0.441315540583741,-0.0344845419177708,7,1.69617466880696,1,26.046,2771,0.2,0,15,"both",0.441315540583741,-0.0344845419177708
"1048","session1",12.130918722077,9.67812800208332,1.52173826491791,0.0896525402813581,0.118135086043045,0.727530745736304,0.738893015802376,7,1,150,0.441315540583741,-0.0344845419177708,7,1.85140944968286,0,16.17852,2771,0.2,0,15,"both",0.441315540583741,-0.0344845419177708
"1049","session1",12.130918722077,9.67812800208332,1.52173826491791,0.0896525402813581,0.118135086043045,0.727530745736304,0.738893015802376,7,1,150,0.441315540583741,-0.0344845419177708,7,3.57870591284748,1,28.1346,2771,0.2,0,15,"both",0.441315540583741,-0.0344845419177708
"1050","session1",12.130918722077,9.67812800208332,1.52173826491791,0.0896525402813581,0.118135086043045,0.727530745736304,0.738893015802376,7,1,150,0.441315540583741,-0.0344845419177708,7,1.02846697862038,1,34.7765,2771,0.2,0,15,"both",0.441315540583741,-0.0344845419177708
"1051","session1",-14.7284306726774,14.9074596550547,2.58709897989243,0.0127408887396618,-0.0719537362466902,0.495800466725987,0.691055611967882,8,1,150,0.441315540583741,-0.0344845419177708,8,1.96105810406882,0,-8.1268523295,2771,0.2,0,15,"both",0.441315540583741,-0.0344845419177708
"1052","session1",-14.7284306726774,14.9074596550547,2.58709897989243,0.0127408887396618,-0.0719537362466902,0.495800466725987,0.691055611967882,8,1,150,0.441315540583741,-0.0344845419177708,8,1.81038451057532,1,6.3114693697,2771,0.2,0,15,"both",0.441315540583741,-0.0344845419177708
"1053","session1",-14.7284306726774,14.9074596550547,2.58709897989243,0.0127408887396618,-0.0719537362466902,0.495800466725987,0.691055611967882,8,1,150,0.441315540583741,-0.0344845419177708,8,1.95371107128574,1,0.8480490683,2771,0.2,0,15,"both",0.441315540583741,-0.0344845419177708
"1054","session1",-14.7284306726774,14.9074596550547,2.58709897989243,0.0127408887396618,-0.0719537362466902,0.495800466725987,0.691055611967882,8,1,150,0.441315540583741,-0.0344845419177708,8,1.97030627116345,1,-1.6777555178,2771,0.2,0,15,"both",0.441315540583741,-0.0344845419177708
"1055","session1",-14.7284306726774,14.9074596550547,2.58709897989243,0.0127408887396618,-0.0719537362466902,0.495800466725987,0.691055611967882,8,1,150,0.441315540583741,-0.0344845419177708,8,1.33518727659488,1,2.27302,2771,0.2,0,15,"both",0.441315540583741,-0.0344845419177708
"1056","session1",-14.7284306726774,14.9074596550547,2.58709897989243,0.0127408887396618,-0.0719537362466902,0.495800466725987,0.691055611967882,8,1,150,0.441315540583741,-0.0344845419177708,8,1.49196557837698,1,1.2922067,2771,0.2,0,15,"both",0.441315540583741,-0.0344845419177708
"1057","session1",-14.7284306726774,14.9074596550547,2.58709897989243,0.0127408887396618,-0.0719537362466902,0.495800466725987,0.691055611967882,8,1,150,0.441315540583741,-0.0344845419177708,8,2.72379631091294,0,-7.45627,2771,0.2,0,15,"both",0.441315540583741,-0.0344845419177708
"1058","session1",-14.7284306726774,14.9074596550547,2.58709897989243,0.0127408887396618,-0.0719537362466902,0.495800466725987,0.691055611967882,8,1,150,0.441315540583741,-0.0344845419177708,8,2.48702804855845,1,3.08016,2771,0.2,0,15,"both",0.441315540583741,-0.0344845419177708
"1059","session1",-14.7284306726774,14.9074596550547,2.58709897989243,0.0127408887396618,-0.0719537362466902,0.495800466725987,0.691055611967882,8,1,150,0.441315540583741,-0.0344845419177708,8,4.80303571445735,0,-7.11036,2771,0.2,0,15,"both",0.441315540583741,-0.0344845419177708
"1060","session1",-14.7284306726774,14.9074596550547,2.58709897989243,0.0127408887396618,-0.0719537362466902,0.495800466725987,0.691055611967882,8,1,150,0.441315540583741,-0.0344845419177708,8,1.26824616052544,1,-3.27769,2771,0.2,0,15,"both",0.441315540583741,-0.0344845419177708
"1061","session1",-14.7284306726774,14.9074596550547,2.58709897989243,0.0127408887396618,-0.0719537362466902,0.495800466725987,0.691055611967882,8,1,150,0.441315540583741,-0.0344845419177708,8,3.21581528640456,1,-4.89803,2771,0.2,0,15,"both",0.441315540583741,-0.0344845419177708
"1062","session1",-14.7284306726774,14.9074596550547,2.58709897989243,0.0127408887396618,-0.0719537362466902,0.495800466725987,0.691055611967882,8,1,150,0.441315540583741,-0.0344845419177708,8,2.73413243282795,1,7.57584,2771,0.2,0,15,"both",0.441315540583741,-0.0344845419177708
"1063","session1",-14.7284306726774,14.9074596550547,2.58709897989243,0.0127408887396618,-0.0719537362466902,0.495800466725987,0.691055611967882,8,1,150,0.441315540583741,-0.0344845419177708,8,2.81604023901362,1,-1.06454,2771,0.2,0,15,"both",0.441315540583741,-0.0344845419177708
"1064","session1",-14.7284306726774,14.9074596550547,2.58709897989243,0.0127408887396618,-0.0719537362466902,0.495800466725987,0.691055611967882,8,1,150,0.441315540583741,-0.0344845419177708,8,3.17637859202762,1,-3.68911,2771,0.2,0,15,"both",0.441315540583741,-0.0344845419177708
"1065","session1",-14.7284306726774,14.9074596550547,2.58709897989243,0.0127408887396618,-0.0719537362466902,0.495800466725987,0.691055611967882,8,1,150,0.441315540583741,-0.0344845419177708,8,1.55100860092905,0,-5.23187,2771,0.2,0,15,"both",0.441315540583741,-0.0344845419177708
"1066","session1",-14.7284306726774,14.9074596550547,2.58709897989243,0.0127408887396618,-0.0719537362466902,0.495800466725987,0.691055611967882,8,1,150,0.441315540583741,-0.0344845419177708,8,1.62409842799755,0,-5.85782,2771,0.2,0,15,"both",0.441315540583741,-0.0344845419177708
"1067","session1",-14.7284306726774,14.9074596550547,2.58709897989243,0.0127408887396618,-0.0719537362466902,0.495800466725987,0.691055611967882,8,1,150,0.441315540583741,-0.0344845419177708,8,3.85704121875643,1,-6.0049,2771,0.2,0,15,"both",0.441315540583741,-0.0344845419177708
"1068","session1",-14.7284306726774,14.9074596550547,2.58709897989243,0.0127408887396618,-0.0719537362466902,0.495800466725987,0.691055611967882,8,1,150,0.441315540583741,-0.0344845419177708,8,3.9832516766808,1,-5.6618,2771,0.2,0,15,"both",0.441315540583741,-0.0344845419177708
"1069","session1",-14.7284306726774,14.9074596550547,2.58709897989243,0.0127408887396618,-0.0719537362466902,0.495800466725987,0.691055611967882,8,1,150,0.441315540583741,-0.0344845419177708,8,3.02777177560912,1,-4.5604,2771,0.2,0,15,"both",0.441315540583741,-0.0344845419177708
"1070","session1",-14.7284306726774,14.9074596550547,2.58709897989243,0.0127408887396618,-0.0719537362466902,0.495800466725987,0.691055611967882,8,1,150,0.441315540583741,-0.0344845419177708,8,1.79498596359957,1,-5.1572,2771,0.2,0,15,"both",0.441315540583741,-0.0344845419177708
"1071","session1",-14.7284306726774,14.9074596550547,2.58709897989243,0.0127408887396618,-0.0719537362466902,0.495800466725987,0.691055611967882,8,1,150,0.441315540583741,-0.0344845419177708,8,2.13388056133179,1,-7.62391,2771,0.2,0,15,"both",0.441315540583741,-0.0344845419177708
"1072","session1",-14.7284306726774,14.9074596550547,2.58709897989243,0.0127408887396618,-0.0719537362466902,0.495800466725987,0.691055611967882,8,1,150,0.441315540583741,-0.0344845419177708,8,3.8742285771332,1,-11.22627,2771,0.2,0,15,"both",0.441315540583741,-0.0344845419177708
"1073","session1",-14.7284306726774,14.9074596550547,2.58709897989243,0.0127408887396618,-0.0719537362466902,0.495800466725987,0.691055611967882,8,1,150,0.441315540583741,-0.0344845419177708,8,1.83103158023131,0,-10.87089,2771,0.2,0,15,"both",0.441315540583741,-0.0344845419177708
"1074","session1",-14.7284306726774,14.9074596550547,2.58709897989243,0.0127408887396618,-0.0719537362466902,0.495800466725987,0.691055611967882,8,1,150,0.441315540583741,-0.0344845419177708,8,1.27522955484712,1,-1.17646,2771,0.2,0,15,"both",0.441315540583741,-0.0344845419177708
"1075","session1",-14.7284306726774,14.9074596550547,2.58709897989243,0.0127408887396618,-0.0719537362466902,0.495800466725987,0.691055611967882,8,1,150,0.441315540583741,-0.0344845419177708,8,2.83589929158401,0,-8.26121,2771,0.2,0,15,"both",0.441315540583741,-0.0344845419177708
"1076","session1",-14.7284306726774,14.9074596550547,2.58709897989243,0.0127408887396618,-0.0719537362466902,0.495800466725987,0.691055611967882,8,1,150,0.441315540583741,-0.0344845419177708,8,1.3324664593008,1,-40.36396,2771,0.2,0,15,"both",0.441315540583741,-0.0344845419177708
"1077","session1",-14.7284306726774,14.9074596550547,2.58709897989243,0.0127408887396618,-0.0719537362466902,0.495800466725987,0.691055611967882,8,1,150,0.441315540583741,-0.0344845419177708,8,1.95678003931366,1,-4.74977,2771,0.2,0,15,"both",0.441315540583741,-0.0344845419177708
"1078","session1",-14.7284306726774,14.9074596550547,2.58709897989243,0.0127408887396618,-0.0719537362466902,0.495800466725987,0.691055611967882,8,1,150,0.441315540583741,-0.0344845419177708,8,3.08562956837631,1,-9.94672,2771,0.2,0,15,"both",0.441315540583741,-0.0344845419177708
"1079","session1",-14.7284306726774,14.9074596550547,2.58709897989243,0.0127408887396618,-0.0719537362466902,0.495800466725987,0.691055611967882,8,1,150,0.441315540583741,-0.0344845419177708,8,1.96811275620312,0,-23.42786,2771,0.2,0,15,"both",0.441315540583741,-0.0344845419177708
"1080","session1",-14.7284306726774,14.9074596550547,2.58709897989243,0.0127408887396618,-0.0719537362466902,0.495800466725987,0.691055611967882,8,1,150,0.441315540583741,-0.0344845419177708,8,3.48267730120387,0,-26.79224,2771,0.2,0,15,"both",0.441315540583741,-0.0344845419177708
"1081","session1",-14.7284306726774,14.9074596550547,2.58709897989243,0.0127408887396618,-0.0719537362466902,0.495800466725987,0.691055611967882,8,1,150,0.441315540583741,-0.0344845419177708,8,2.07414617160943,1,-4.65186,2771,0.2,0,15,"both",0.441315540583741,-0.0344845419177708
"1082","session1",-14.7284306726774,14.9074596550547,2.58709897989243,0.0127408887396618,-0.0719537362466902,0.495800466725987,0.691055611967882,8,1,150,0.441315540583741,-0.0344845419177708,8,2.39310740152465,1,-2.41627,2771,0.2,0,15,"both",0.441315540583741,-0.0344845419177708
"1083","session1",-14.7284306726774,14.9074596550547,2.58709897989243,0.0127408887396618,-0.0719537362466902,0.495800466725987,0.691055611967882,8,1,150,0.441315540583741,-0.0344845419177708,8,1.9042151184147,1,-11.84126,2771,0.2,0,15,"both",0.441315540583741,-0.0344845419177708
"1084","session1",-14.7284306726774,14.9074596550547,2.58709897989243,0.0127408887396618,-0.0719537362466902,0.495800466725987,0.691055611967882,8,1,150,0.441315540583741,-0.0344845419177708,8,2.31131688693671,0,-18.44998,2771,0.2,0,15,"both",0.441315540583741,-0.0344845419177708
"1085","session1",-14.7284306726774,14.9074596550547,2.58709897989243,0.0127408887396618,-0.0719537362466902,0.495800466725987,0.691055611967882,8,1,150,0.441315540583741,-0.0344845419177708,8,1.86904664332477,0,-16.45072,2771,0.2,0,15,"both",0.441315540583741,-0.0344845419177708
"1086","session1",-14.7284306726774,14.9074596550547,2.58709897989243,0.0127408887396618,-0.0719537362466902,0.495800466725987,0.691055611967882,8,1,150,0.441315540583741,-0.0344845419177708,8,3.39867316873648,0,-11.37214,2771,0.2,0,15,"both",0.441315540583741,-0.0344845419177708
"1087","session1",-14.7284306726774,14.9074596550547,2.58709897989243,0.0127408887396618,-0.0719537362466902,0.495800466725987,0.691055611967882,8,1,150,0.441315540583741,-0.0344845419177708,8,2.782715282456,1,-1.32867,2771,0.2,0,15,"both",0.441315540583741,-0.0344845419177708
"1088","session1",-14.7284306726774,14.9074596550547,2.58709897989243,0.0127408887396618,-0.0719537362466902,0.495800466725987,0.691055611967882,8,1,150,0.441315540583741,-0.0344845419177708,8,4.18358303212301,1,-6.28671,2771,0.2,0,15,"both",0.441315540583741,-0.0344845419177708
"1089","session1",-14.7284306726774,14.9074596550547,2.58709897989243,0.0127408887396618,-0.0719537362466902,0.495800466725987,0.691055611967882,8,1,150,0.441315540583741,-0.0344845419177708,8,2.00477934578493,1,-4.322,2771,0.2,0,15,"both",0.441315540583741,-0.0344845419177708
"1090","session1",-14.7284306726774,14.9074596550547,2.58709897989243,0.0127408887396618,-0.0719537362466902,0.495800466725987,0.691055611967882,8,1,150,0.441315540583741,-0.0344845419177708,8,1.61167165396786,0,-13.4069,2771,0.2,0,15,"both",0.441315540583741,-0.0344845419177708
"1091","session1",-14.7284306726774,14.9074596550547,2.58709897989243,0.0127408887396618,-0.0719537362466902,0.495800466725987,0.691055611967882,8,1,150,0.441315540583741,-0.0344845419177708,8,3.27897288701569,1,-5.61331,2771,0.2,0,15,"both",0.441315540583741,-0.0344845419177708
"1092","session1",-14.7284306726774,14.9074596550547,2.58709897989243,0.0127408887396618,-0.0719537362466902,0.495800466725987,0.691055611967882,8,1,150,0.441315540583741,-0.0344845419177708,8,1.69931232730371,1,-12.54962,2771,0.2,0,15,"both",0.441315540583741,-0.0344845419177708
"1093","session1",-14.7284306726774,14.9074596550547,2.58709897989243,0.0127408887396618,-0.0719537362466902,0.495800466725987,0.691055611967882,8,1,150,0.441315540583741,-0.0344845419177708,8,1.63583023990996,1,-14.38059,2771,0.2,0,15,"both",0.441315540583741,-0.0344845419177708
"1094","session1",-14.7284306726774,14.9074596550547,2.58709897989243,0.0127408887396618,-0.0719537362466902,0.495800466725987,0.691055611967882,8,1,150,0.441315540583741,-0.0344845419177708,8,1.88887725440336,1,-5.52809,2771,0.2,0,15,"both",0.441315540583741,-0.0344845419177708
"1095","session1",-14.7284306726774,14.9074596550547,2.58709897989243,0.0127408887396618,-0.0719537362466902,0.495800466725987,0.691055611967882,8,1,150,0.441315540583741,-0.0344845419177708,8,2.28326864523267,1,-2.88259,2771,0.2,0,15,"both",0.441315540583741,-0.0344845419177708
"1096","session1",-14.7284306726774,14.9074596550547,2.58709897989243,0.0127408887396618,-0.0719537362466902,0.495800466725987,0.691055611967882,8,1,150,0.441315540583741,-0.0344845419177708,8,2.37425172005948,0,-14.83964,2771,0.2,0,15,"both",0.441315540583741,-0.0344845419177708
"1097","session1",-14.7284306726774,14.9074596550547,2.58709897989243,0.0127408887396618,-0.0719537362466902,0.495800466725987,0.691055611967882,8,1,150,0.441315540583741,-0.0344845419177708,8,1.52314698514803,0,-14.63694,2771,0.2,0,15,"both",0.441315540583741,-0.0344845419177708
"1098","session1",-14.7284306726774,14.9074596550547,2.58709897989243,0.0127408887396618,-0.0719537362466902,0.495800466725987,0.691055611967882,8,1,150,0.441315540583741,-0.0344845419177708,8,2.66307576545157,0,-3.33521,2771,0.2,0,15,"both",0.441315540583741,-0.0344845419177708
"1099","session1",-14.7284306726774,14.9074596550547,2.58709897989243,0.0127408887396618,-0.0719537362466902,0.495800466725987,0.691055611967882,8,1,150,0.441315540583741,-0.0344845419177708,8,1.72068305995264,1,-17.52086,2771,0.2,0,15,"both",0.441315540583741,-0.0344845419177708
"1100","session1",-14.7284306726774,14.9074596550547,2.58709897989243,0.0127408887396618,-0.0719537362466902,0.495800466725987,0.691055611967882,8,1,150,0.441315540583741,-0.0344845419177708,8,1.84547771788559,1,-8.31344,2771,0.2,0,15,"both",0.441315540583741,-0.0344845419177708
"1101","session1",-14.7284306726774,14.9074596550547,2.58709897989243,0.0127408887396618,-0.0719537362466902,0.495800466725987,0.691055611967882,8,1,150,0.441315540583741,-0.0344845419177708,8,2.0856015405459,0,-20.32831,2771,0.2,0,15,"both",0.441315540583741,-0.0344845419177708
"1102","session1",-14.7284306726774,14.9074596550547,2.58709897989243,0.0127408887396618,-0.0719537362466902,0.495800466725987,0.691055611967882,8,1,150,0.441315540583741,-0.0344845419177708,8,2.26644163633995,0,-20.8581,2771,0.2,0,15,"both",0.441315540583741,-0.0344845419177708
"1103","session1",-14.7284306726774,14.9074596550547,2.58709897989243,0.0127408887396618,-0.0719537362466902,0.495800466725987,0.691055611967882,8,1,150,0.441315540583741,-0.0344845419177708,8,3.37510308782093,1,-7.28483,2771,0.2,0,15,"both",0.441315540583741,-0.0344845419177708
"1104","session1",-14.7284306726774,14.9074596550547,2.58709897989243,0.0127408887396618,-0.0719537362466902,0.495800466725987,0.691055611967882,8,1,150,0.441315540583741,-0.0344845419177708,8,2.04116843253081,0,-4.05409,2771,0.2,0,15,"both",0.441315540583741,-0.0344845419177708
"1105","session1",-14.7284306726774,14.9074596550547,2.58709897989243,0.0127408887396618,-0.0719537362466902,0.495800466725987,0.691055611967882,8,1,150,0.441315540583741,-0.0344845419177708,8,2.34978843923246,0,-5.45263,2771,0.2,0,15,"both",0.441315540583741,-0.0344845419177708
"1106","session1",-14.7284306726774,14.9074596550547,2.58709897989243,0.0127408887396618,-0.0719537362466902,0.495800466725987,0.691055611967882,8,1,150,0.441315540583741,-0.0344845419177708,8,4.41427645254779,1,-6.42623,2771,0.2,0,15,"both",0.441315540583741,-0.0344845419177708
"1107","session1",-14.7284306726774,14.9074596550547,2.58709897989243,0.0127408887396618,-0.0719537362466902,0.495800466725987,0.691055611967882,8,1,150,0.441315540583741,-0.0344845419177708,8,2.4330538991612,1,-14.09443,2771,0.2,0,15,"both",0.441315540583741,-0.0344845419177708
"1108","session1",-14.7284306726774,14.9074596550547,2.58709897989243,0.0127408887396618,-0.0719537362466902,0.495800466725987,0.691055611967882,8,1,150,0.441315540583741,-0.0344845419177708,8,1.44149266797708,1,-17.2604,2771,0.2,0,15,"both",0.441315540583741,-0.0344845419177708
"1109","session1",-14.7284306726774,14.9074596550547,2.58709897989243,0.0127408887396618,-0.0719537362466902,0.495800466725987,0.691055611967882,8,1,150,0.441315540583741,-0.0344845419177708,8,1.62992605833197,0,-21.94852,2771,0.2,0,15,"both",0.441315540583741,-0.0344845419177708
"1110","session1",-14.7284306726774,14.9074596550547,2.58709897989243,0.0127408887396618,-0.0719537362466902,0.495800466725987,0.691055611967882,8,1,150,0.441315540583741,-0.0344845419177708,8,1.78284467736117,0,-14.6832,2771,0.2,0,15,"both",0.441315540583741,-0.0344845419177708
"1111","session1",-14.7284306726774,14.9074596550547,2.58709897989243,0.0127408887396618,-0.0719537362466902,0.495800466725987,0.691055611967882,8,1,150,0.441315540583741,-0.0344845419177708,8,4.16117694416168,1,-16.90045,2771,0.2,0,15,"both",0.441315540583741,-0.0344845419177708
"1112","session1",-14.7284306726774,14.9074596550547,2.58709897989243,0.0127408887396618,-0.0719537362466902,0.495800466725987,0.691055611967882,8,1,150,0.441315540583741,-0.0344845419177708,8,6.22248761007154,1,-6.6272,2771,0.2,0,15,"both",0.441315540583741,-0.0344845419177708
"1113","session1",-14.7284306726774,14.9074596550547,2.58709897989243,0.0127408887396618,-0.0719537362466902,0.495800466725987,0.691055611967882,8,1,150,0.441315540583741,-0.0344845419177708,8,3.50546468709872,0,-14.79678,2771,0.2,0,15,"both",0.441315540583741,-0.0344845419177708
"1114","session1",-14.7284306726774,14.9074596550547,2.58709897989243,0.0127408887396618,-0.0719537362466902,0.495800466725987,0.691055611967882,8,1,150,0.441315540583741,-0.0344845419177708,8,1.61469455800706,0,-37.2259,2771,0.2,0,15,"both",0.441315540583741,-0.0344845419177708
"1115","session1",-14.7284306726774,14.9074596550547,2.58709897989243,0.0127408887396618,-0.0719537362466902,0.495800466725987,0.691055611967882,8,1,150,0.441315540583741,-0.0344845419177708,8,2.50735915586058,1,-6.0294,2771,0.2,0,15,"both",0.441315540583741,-0.0344845419177708
"1116","session1",-14.7284306726774,14.9074596550547,2.58709897989243,0.0127408887396618,-0.0719537362466902,0.495800466725987,0.691055611967882,8,1,150,0.441315540583741,-0.0344845419177708,8,3.3529828411951,1,-4.29689,2771,0.2,0,15,"both",0.441315540583741,-0.0344845419177708
"1117","session1",-14.7284306726774,14.9074596550547,2.58709897989243,0.0127408887396618,-0.0719537362466902,0.495800466725987,0.691055611967882,8,1,150,0.441315540583741,-0.0344845419177708,8,3.48609470615972,1,-4.78006,2771,0.2,0,15,"both",0.441315540583741,-0.0344845419177708
"1118","session1",-14.7284306726774,14.9074596550547,2.58709897989243,0.0127408887396618,-0.0719537362466902,0.495800466725987,0.691055611967882,8,1,150,0.441315540583741,-0.0344845419177708,8,8,0,-19.35671,2771,0.2,0,15,"both",0.441315540583741,-0.0344845419177708
"1119","session1",-14.7284306726774,14.9074596550547,2.58709897989243,0.0127408887396618,-0.0719537362466902,0.495800466725987,0.691055611967882,8,1,150,0.441315540583741,-0.0344845419177708,8,2.63088714838704,1,-12.70357,2771,0.2,0,15,"both",0.441315540583741,-0.0344845419177708
"1120","session1",-14.7284306726774,14.9074596550547,2.58709897989243,0.0127408887396618,-0.0719537362466902,0.495800466725987,0.691055611967882,8,1,150,0.441315540583741,-0.0344845419177708,8,1.46604462850045,1,-4.5892,2771,0.2,0,15,"both",0.441315540583741,-0.0344845419177708
"1121","session1",-14.7284306726774,14.9074596550547,2.58709897989243,0.0127408887396618,-0.0719537362466902,0.495800466725987,0.691055611967882,8,1,150,0.441315540583741,-0.0344845419177708,8,1.65769361664464,1,2.02108,2771,0.2,0,15,"both",0.441315540583741,-0.0344845419177708
"1122","session1",-14.7284306726774,14.9074596550547,2.58709897989243,0.0127408887396618,-0.0719537362466902,0.495800466725987,0.691055611967882,8,1,150,0.441315540583741,-0.0344845419177708,8,1.2583186019595,1,-18.18152,2771,0.2,0,15,"both",0.441315540583741,-0.0344845419177708
"1123","session1",-14.7284306726774,14.9074596550547,2.58709897989243,0.0127408887396618,-0.0719537362466902,0.495800466725987,0.691055611967882,8,1,150,0.441315540583741,-0.0344845419177708,8,2.33320524341315,0,-19.91658,2771,0.2,0,15,"both",0.441315540583741,-0.0344845419177708
"1124","session1",-14.7284306726774,14.9074596550547,2.58709897989243,0.0127408887396618,-0.0719537362466902,0.495800466725987,0.691055611967882,8,1,150,0.441315540583741,-0.0344845419177708,8,1.52250088817265,1,0.241400000000001,2771,0.2,0,15,"both",0.441315540583741,-0.0344845419177708
"1125","session1",-14.7284306726774,14.9074596550547,2.58709897989243,0.0127408887396618,-0.0719537362466902,0.495800466725987,0.691055611967882,8,1,150,0.441315540583741,-0.0344845419177708,8,1.71914291100611,0,-29.5753,2771,0.2,0,15,"both",0.441315540583741,-0.0344845419177708
"1126","session1",-14.7284306726774,14.9074596550547,2.58709897989243,0.0127408887396618,-0.0719537362466902,0.495800466725987,0.691055611967882,8,1,150,0.441315540583741,-0.0344845419177708,8,5.56123294813185,0,-23.4898,2771,0.2,0,15,"both",0.441315540583741,-0.0344845419177708
"1127","session1",-14.7284306726774,14.9074596550547,2.58709897989243,0.0127408887396618,-0.0719537362466902,0.495800466725987,0.691055611967882,8,1,150,0.441315540583741,-0.0344845419177708,8,1.84490510525894,0,-20.38595,2771,0.2,0,15,"both",0.441315540583741,-0.0344845419177708
"1128","session1",-14.7284306726774,14.9074596550547,2.58709897989243,0.0127408887396618,-0.0719537362466902,0.495800466725987,0.691055611967882,8,1,150,0.441315540583741,-0.0344845419177708,8,6.39278047265104,1,-18.73954,2771,0.2,0,15,"both",0.441315540583741,-0.0344845419177708
"1129","session1",-14.7284306726774,14.9074596550547,2.58709897989243,0.0127408887396618,-0.0719537362466902,0.495800466725987,0.691055611967882,8,1,150,0.441315540583741,-0.0344845419177708,8,1.60950495573296,1,-6.53361,2771,0.2,0,15,"both",0.441315540583741,-0.0344845419177708
"1130","session1",-14.7284306726774,14.9074596550547,2.58709897989243,0.0127408887396618,-0.0719537362466902,0.495800466725987,0.691055611967882,8,1,150,0.441315540583741,-0.0344845419177708,8,3.99286933143382,1,-20.71403,2771,0.2,0,15,"both",0.441315540583741,-0.0344845419177708
"1131","session1",-14.7284306726774,14.9074596550547,2.58709897989243,0.0127408887396618,-0.0719537362466902,0.495800466725987,0.691055611967882,8,1,150,0.441315540583741,-0.0344845419177708,8,1.7227713513657,0,-4.0931,2771,0.2,0,15,"both",0.441315540583741,-0.0344845419177708
"1132","session1",-14.7284306726774,14.9074596550547,2.58709897989243,0.0127408887396618,-0.0719537362466902,0.495800466725987,0.691055611967882,8,1,150,0.441315540583741,-0.0344845419177708,8,2.39778320444143,0,-8.75653,2771,0.2,0,15,"both",0.441315540583741,-0.0344845419177708
"1133","session1",-14.7284306726774,14.9074596550547,2.58709897989243,0.0127408887396618,-0.0719537362466902,0.495800466725987,0.691055611967882,8,1,150,0.441315540583741,-0.0344845419177708,8,2.52156534745828,1,-21.13415,2771,0.2,0,15,"both",0.441315540583741,-0.0344845419177708
"1134","session1",-14.7284306726774,14.9074596550547,2.58709897989243,0.0127408887396618,-0.0719537362466902,0.495800466725987,0.691055611967882,8,1,150,0.441315540583741,-0.0344845419177708,8,1.77062247940008,1,0.8911,2771,0.2,0,15,"both",0.441315540583741,-0.0344845419177708
"1135","session1",-14.7284306726774,14.9074596550547,2.58709897989243,0.0127408887396618,-0.0719537362466902,0.495800466725987,0.691055611967882,8,1,150,0.441315540583741,-0.0344845419177708,8,2.08952565426465,0,-22.86895,2771,0.2,0,15,"both",0.441315540583741,-0.0344845419177708
"1136","session1",-14.7284306726774,14.9074596550547,2.58709897989243,0.0127408887396618,-0.0719537362466902,0.495800466725987,0.691055611967882,8,1,150,0.441315540583741,-0.0344845419177708,8,2.94480448395909,1,-18.37979,2771,0.2,0,15,"both",0.441315540583741,-0.0344845419177708
"1137","session1",-14.7284306726774,14.9074596550547,2.58709897989243,0.0127408887396618,-0.0719537362466902,0.495800466725987,0.691055611967882,8,1,150,0.441315540583741,-0.0344845419177708,8,3.42291475626796,1,-4.68825,2771,0.2,0,15,"both",0.441315540583741,-0.0344845419177708
"1138","session1",-14.7284306726774,14.9074596550547,2.58709897989243,0.0127408887396618,-0.0719537362466902,0.495800466725987,0.691055611967882,8,1,150,0.441315540583741,-0.0344845419177708,8,3.46985747573785,1,-23.59521,2771,0.2,0,15,"both",0.441315540583741,-0.0344845419177708
"1139","session1",-14.7284306726774,14.9074596550547,2.58709897989243,0.0127408887396618,-0.0719537362466902,0.495800466725987,0.691055611967882,8,1,150,0.441315540583741,-0.0344845419177708,8,1.91887666015022,1,1.127,2771,0.2,0,15,"both",0.441315540583741,-0.0344845419177708
"1140","session1",-14.7284306726774,14.9074596550547,2.58709897989243,0.0127408887396618,-0.0719537362466902,0.495800466725987,0.691055611967882,8,1,150,0.441315540583741,-0.0344845419177708,8,2.25076927861305,1,-30.3637,2771,0.2,0,15,"both",0.441315540583741,-0.0344845419177708
"1141","session1",-14.7284306726774,14.9074596550547,2.58709897989243,0.0127408887396618,-0.0719537362466902,0.495800466725987,0.691055611967882,8,1,150,0.441315540583741,-0.0344845419177708,8,1.82182799794082,0,1.973,2771,0.2,0,15,"both",0.441315540583741,-0.0344845419177708
"1142","session1",-14.7284306726774,14.9074596550547,2.58709897989243,0.0127408887396618,-0.0719537362466902,0.495800466725987,0.691055611967882,8,1,150,0.441315540583741,-0.0344845419177708,8,2.92434778123213,1,-25.38656,2771,0.2,0,15,"both",0.441315540583741,-0.0344845419177708
"1143","session1",-14.7284306726774,14.9074596550547,2.58709897989243,0.0127408887396618,-0.0719537362466902,0.495800466725987,0.691055611967882,8,1,150,0.441315540583741,-0.0344845419177708,8,2.55047436249726,1,-2.93,2771,0.2,0,15,"both",0.441315540583741,-0.0344845419177708
"1144","session1",-14.7284306726774,14.9074596550547,2.58709897989243,0.0127408887396618,-0.0719537362466902,0.495800466725987,0.691055611967882,8,1,150,0.441315540583741,-0.0344845419177708,8,1.24912996787912,0,0.957699999999999,2771,0.2,0,15,"both",0.441315540583741,-0.0344845419177708
"1145","session1",-14.7284306726774,14.9074596550547,2.58709897989243,0.0127408887396618,-0.0719537362466902,0.495800466725987,0.691055611967882,8,1,150,0.441315540583741,-0.0344845419177708,8,1.94726590795737,1,-0.0352999999999994,2771,0.2,0,15,"both",0.441315540583741,-0.0344845419177708
"1146","session1",-14.7284306726774,14.9074596550547,2.58709897989243,0.0127408887396618,-0.0719537362466902,0.495800466725987,0.691055611967882,8,1,150,0.441315540583741,-0.0344845419177708,8,2.33155191755446,1,0.6357,2771,0.2,0,15,"both",0.441315540583741,-0.0344845419177708
"1147","session1",-14.7284306726774,14.9074596550547,2.58709897989243,0.0127408887396618,-0.0719537362466902,0.495800466725987,0.691055611967882,8,1,150,0.441315540583741,-0.0344845419177708,8,3.38891147844385,1,18.96402,2771,0.2,0,15,"both",0.441315540583741,-0.0344845419177708
"1148","session1",-14.7284306726774,14.9074596550547,2.58709897989243,0.0127408887396618,-0.0719537362466902,0.495800466725987,0.691055611967882,8,1,150,0.441315540583741,-0.0344845419177708,8,3.35751685322176,0,-29.7354,2771,0.2,0,15,"both",0.441315540583741,-0.0344845419177708
"1149","session1",-14.7284306726774,14.9074596550547,2.58709897989243,0.0127408887396618,-0.0719537362466902,0.495800466725987,0.691055611967882,8,1,150,0.441315540583741,-0.0344845419177708,8,2.55207265062727,0,-21.86707,2771,0.2,0,15,"both",0.441315540583741,-0.0344845419177708
"1150","session1",-14.7284306726774,14.9074596550547,2.58709897989243,0.0127408887396618,-0.0719537362466902,0.495800466725987,0.691055611967882,8,1,150,0.441315540583741,-0.0344845419177708,8,2.30131737079768,0,-6.52552,2771,0.2,0,15,"both",0.441315540583741,-0.0344845419177708
"1151","session1",-14.7284306726774,14.9074596550547,2.58709897989243,0.0127408887396618,-0.0719537362466902,0.495800466725987,0.691055611967882,8,1,150,0.441315540583741,-0.0344845419177708,8,2.40444201518442,1,-4.4198,2771,0.2,0,15,"both",0.441315540583741,-0.0344845419177708
"1152","session1",-14.7284306726774,14.9074596550547,2.58709897989243,0.0127408887396618,-0.0719537362466902,0.495800466725987,0.691055611967882,8,1,150,0.441315540583741,-0.0344845419177708,8,2.36588784651173,0,-1.119,2771,0.2,0,15,"both",0.441315540583741,-0.0344845419177708
"1153","session1",-14.7284306726774,14.9074596550547,2.58709897989243,0.0127408887396618,-0.0719537362466902,0.495800466725987,0.691055611967882,8,1,150,0.441315540583741,-0.0344845419177708,8,1.74921918298038,1,6.8578,2771,0.2,0,15,"both",0.441315540583741,-0.0344845419177708
"1154","session1",-14.7284306726774,14.9074596550547,2.58709897989243,0.0127408887396618,-0.0719537362466902,0.495800466725987,0.691055611967882,8,1,150,0.441315540583741,-0.0344845419177708,8,2.25012064492089,0,-4.4638,2771,0.2,0,15,"both",0.441315540583741,-0.0344845419177708
"1155","session1",-14.7284306726774,14.9074596550547,2.58709897989243,0.0127408887396618,-0.0719537362466902,0.495800466725987,0.691055611967882,8,1,150,0.441315540583741,-0.0344845419177708,8,2.07398764597341,0,-33.3708,2771,0.2,0,15,"both",0.441315540583741,-0.0344845419177708
"1156","session1",-14.7284306726774,14.9074596550547,2.58709897989243,0.0127408887396618,-0.0719537362466902,0.495800466725987,0.691055611967882,8,1,150,0.441315540583741,-0.0344845419177708,8,1.63418797188207,1,-16.26358305,2771,0.2,0,15,"both",0.441315540583741,-0.0344845419177708
"1157","session1",-14.7284306726774,14.9074596550547,2.58709897989243,0.0127408887396618,-0.0719537362466902,0.495800466725987,0.691055611967882,8,1,150,0.441315540583741,-0.0344845419177708,8,3.76766676754144,1,-3.3303,2771,0.2,0,15,"both",0.441315540583741,-0.0344845419177708
"1158","session1",-14.7284306726774,14.9074596550547,2.58709897989243,0.0127408887396618,-0.0719537362466902,0.495800466725987,0.691055611967882,8,1,150,0.441315540583741,-0.0344845419177708,8,2.26157783696183,0,-37.2005,2771,0.2,0,15,"both",0.441315540583741,-0.0344845419177708
"1159","session1",-14.7284306726774,14.9074596550547,2.58709897989243,0.0127408887396618,-0.0719537362466902,0.495800466725987,0.691055611967882,8,1,150,0.441315540583741,-0.0344845419177708,8,1.23764798312906,0,-3.6248,2771,0.2,0,15,"both",0.441315540583741,-0.0344845419177708
"1160","session1",-14.7284306726774,14.9074596550547,2.58709897989243,0.0127408887396618,-0.0719537362466902,0.495800466725987,0.691055611967882,8,1,150,0.441315540583741,-0.0344845419177708,8,1.67305489074826,0,-25.0625,2771,0.2,0,15,"both",0.441315540583741,-0.0344845419177708
"1161","session1",-14.7284306726774,14.9074596550547,2.58709897989243,0.0127408887396618,-0.0719537362466902,0.495800466725987,0.691055611967882,8,1,150,0.441315540583741,-0.0344845419177708,8,3.04339066492066,0,-10.41272,2771,0.2,0,15,"both",0.441315540583741,-0.0344845419177708
"1162","session1",-14.7284306726774,14.9074596550547,2.58709897989243,0.0127408887396618,-0.0719537362466902,0.495800466725987,0.691055611967882,8,1,150,0.441315540583741,-0.0344845419177708,8,3.53044201112919,0,-37.1488,2771,0.2,0,15,"both",0.441315540583741,-0.0344845419177708
"1163","session1",-14.7284306726774,14.9074596550547,2.58709897989243,0.0127408887396618,-0.0719537362466902,0.495800466725987,0.691055611967882,8,1,150,0.441315540583741,-0.0344845419177708,8,2.16568564439018,0,-20.7742,2771,0.2,0,15,"both",0.441315540583741,-0.0344845419177708
"1164","session1",-14.7284306726774,14.9074596550547,2.58709897989243,0.0127408887396618,-0.0719537362466902,0.495800466725987,0.691055611967882,8,1,150,0.441315540583741,-0.0344845419177708,8,1.80811070566991,0,-33.5309,2771,0.2,0,15,"both",0.441315540583741,-0.0344845419177708
"1165","session1",-14.7284306726774,14.9074596550547,2.58709897989243,0.0127408887396618,-0.0719537362466902,0.495800466725987,0.691055611967882,8,1,150,0.441315540583741,-0.0344845419177708,8,1.97308508086939,0,-26.6497,2771,0.2,0,15,"both",0.441315540583741,-0.0344845419177708
"1166","session1",-14.7284306726774,14.9074596550547,2.58709897989243,0.0127408887396618,-0.0719537362466902,0.495800466725987,0.691055611967882,8,1,150,0.441315540583741,-0.0344845419177708,8,1.89438331941627,0,-32.6527,2771,0.2,0,15,"both",0.441315540583741,-0.0344845419177708
"1167","session1",-14.7284306726774,14.9074596550547,2.58709897989243,0.0127408887396618,-0.0719537362466902,0.495800466725987,0.691055611967882,8,1,150,0.441315540583741,-0.0344845419177708,8,1.92299287814875,0,-30.2233,2771,0.2,0,15,"both",0.441315540583741,-0.0344845419177708
"1168","session1",-14.7284306726774,14.9074596550547,2.58709897989243,0.0127408887396618,-0.0719537362466902,0.495800466725987,0.691055611967882,8,1,150,0.441315540583741,-0.0344845419177708,8,1.60031008701728,0,-26.30422,2771,0.2,0,15,"both",0.441315540583741,-0.0344845419177708
"1169","session1",-14.7284306726774,14.9074596550547,2.58709897989243,0.0127408887396618,-0.0719537362466902,0.495800466725987,0.691055611967882,8,1,150,0.441315540583741,-0.0344845419177708,8,1.1923218870102,0,-31.64,2771,0.2,0,15,"both",0.441315540583741,-0.0344845419177708
"1170","session1",-14.7284306726774,14.9074596550547,2.58709897989243,0.0127408887396618,-0.0719537362466902,0.495800466725987,0.691055611967882,8,1,150,0.441315540583741,-0.0344845419177708,8,3.92729790317212,1,-24.514,2771,0.2,0,15,"both",0.441315540583741,-0.0344845419177708
"1171","session1",-14.7284306726774,14.9074596550547,2.58709897989243,0.0127408887396618,-0.0719537362466902,0.495800466725987,0.691055611967882,8,1,150,0.441315540583741,-0.0344845419177708,8,3.40290381331784,1,-23.5567,2771,0.2,0,15,"both",0.441315540583741,-0.0344845419177708
"1172","session1",-14.7284306726774,14.9074596550547,2.58709897989243,0.0127408887396618,-0.0719537362466902,0.495800466725987,0.691055611967882,8,1,150,0.441315540583741,-0.0344845419177708,8,2.42833642419891,1,-24.5533,2771,0.2,0,15,"both",0.441315540583741,-0.0344845419177708
"1173","session1",-14.7284306726774,14.9074596550547,2.58709897989243,0.0127408887396618,-0.0719537362466902,0.495800466725987,0.691055611967882,8,1,150,0.441315540583741,-0.0344845419177708,8,2.52772667577529,1,-7.875,2771,0.2,0,15,"both",0.441315540583741,-0.0344845419177708
"1174","session1",-14.7284306726774,14.9074596550547,2.58709897989243,0.0127408887396618,-0.0719537362466902,0.495800466725987,0.691055611967882,8,1,150,0.441315540583741,-0.0344845419177708,8,2.50644311401675,0,-2.3846,2771,0.2,0,15,"both",0.441315540583741,-0.0344845419177708
"1175","session1",-14.7284306726774,14.9074596550547,2.58709897989243,0.0127408887396618,-0.0719537362466902,0.495800466725987,0.691055611967882,8,1,150,0.441315540583741,-0.0344845419177708,8,2.13800252860321,1,-24.57387,2771,0.2,0,15,"both",0.441315540583741,-0.0344845419177708
"1176","session1",-14.7284306726774,14.9074596550547,2.58709897989243,0.0127408887396618,-0.0719537362466902,0.495800466725987,0.691055611967882,8,1,150,0.441315540583741,-0.0344845419177708,8,2.40833944884799,1,18.6556,2771,0.2,0,15,"both",0.441315540583741,-0.0344845419177708
"1177","session1",-14.7284306726774,14.9074596550547,2.58709897989243,0.0127408887396618,-0.0719537362466902,0.495800466725987,0.691055611967882,8,1,150,0.441315540583741,-0.0344845419177708,8,2.17692561208817,1,12.3994,2771,0.2,0,15,"both",0.441315540583741,-0.0344845419177708
"1178","session1",-14.7284306726774,14.9074596550547,2.58709897989243,0.0127408887396618,-0.0719537362466902,0.495800466725987,0.691055611967882,8,1,150,0.441315540583741,-0.0344845419177708,8,2.95505912048498,1,-1.0711,2771,0.2,0,15,"both",0.441315540583741,-0.0344845419177708
"1179","session1",-14.7284306726774,14.9074596550547,2.58709897989243,0.0127408887396618,-0.0719537362466902,0.495800466725987,0.691055611967882,8,1,150,0.441315540583741,-0.0344845419177708,8,1.41191016192777,0,11.3115,2771,0.2,0,15,"both",0.441315540583741,-0.0344845419177708
"1180","session1",-14.7284306726774,14.9074596550547,2.58709897989243,0.0127408887396618,-0.0719537362466902,0.495800466725987,0.691055611967882,8,1,150,0.441315540583741,-0.0344845419177708,8,2.22141389190931,1,0.800699999999999,2771,0.2,0,15,"both",0.441315540583741,-0.0344845419177708
"1181","session1",-14.7284306726774,14.9074596550547,2.58709897989243,0.0127408887396618,-0.0719537362466902,0.495800466725987,0.691055611967882,8,1,150,0.441315540583741,-0.0344845419177708,8,1.67434195557517,0,-34.6834,2771,0.2,0,15,"both",0.441315540583741,-0.0344845419177708
"1182","session1",-14.7284306726774,14.9074596550547,2.58709897989243,0.0127408887396618,-0.0719537362466902,0.495800466725987,0.691055611967882,8,1,150,0.441315540583741,-0.0344845419177708,8,1.33659153499697,0,-34.607,2771,0.2,0,15,"both",0.441315540583741,-0.0344845419177708
"1183","session1",-14.7284306726774,14.9074596550547,2.58709897989243,0.0127408887396618,-0.0719537362466902,0.495800466725987,0.691055611967882,8,1,150,0.441315540583741,-0.0344845419177708,8,1.39545262271298,1,-31.5346,2771,0.2,0,15,"both",0.441315540583741,-0.0344845419177708
"1184","session1",-14.7284306726774,14.9074596550547,2.58709897989243,0.0127408887396618,-0.0719537362466902,0.495800466725987,0.691055611967882,8,1,150,0.441315540583741,-0.0344845419177708,8,1.63545839415087,1,4.3695,2771,0.2,0,15,"both",0.441315540583741,-0.0344845419177708
"1185","session1",-14.7284306726774,14.9074596550547,2.58709897989243,0.0127408887396618,-0.0719537362466902,0.495800466725987,0.691055611967882,8,1,150,0.441315540583741,-0.0344845419177708,8,1.62136312454446,1,12.812,2771,0.2,0,15,"both",0.441315540583741,-0.0344845419177708
"1186","session1",-14.7284306726774,14.9074596550547,2.58709897989243,0.0127408887396618,-0.0719537362466902,0.495800466725987,0.691055611967882,8,1,150,0.441315540583741,-0.0344845419177708,8,4.89835479100127,0,-21.61956,2771,0.2,0,15,"both",0.441315540583741,-0.0344845419177708
"1187","session1",-14.7284306726774,14.9074596550547,2.58709897989243,0.0127408887396618,-0.0719537362466902,0.495800466725987,0.691055611967882,8,1,150,0.441315540583741,-0.0344845419177708,8,2.42426569563306,0,-30.1508,2771,0.2,0,15,"both",0.441315540583741,-0.0344845419177708
"1188","session1",-14.7284306726774,14.9074596550547,2.58709897989243,0.0127408887396618,-0.0719537362466902,0.495800466725987,0.691055611967882,8,1,150,0.441315540583741,-0.0344845419177708,8,1.41812122197564,0,-40.4389,2771,0.2,0,15,"both",0.441315540583741,-0.0344845419177708
"1189","session1",-14.7284306726774,14.9074596550547,2.58709897989243,0.0127408887396618,-0.0719537362466902,0.495800466725987,0.691055611967882,8,1,150,0.441315540583741,-0.0344845419177708,8,2.23501817611012,1,-29.5048,2771,0.2,0,15,"both",0.441315540583741,-0.0344845419177708
"1190","session1",-14.7284306726774,14.9074596550547,2.58709897989243,0.0127408887396618,-0.0719537362466902,0.495800466725987,0.691055611967882,8,1,150,0.441315540583741,-0.0344845419177708,8,2.65566648799618,1,2.3904,2771,0.2,0,15,"both",0.441315540583741,-0.0344845419177708
"1191","session1",-14.7284306726774,14.9074596550547,2.58709897989243,0.0127408887396618,-0.0719537362466902,0.495800466725987,0.691055611967882,8,1,150,0.441315540583741,-0.0344845419177708,8,2.15326481583537,1,3.8586,2771,0.2,0,15,"both",0.441315540583741,-0.0344845419177708
"1192","session1",-14.7284306726774,14.9074596550547,2.58709897989243,0.0127408887396618,-0.0719537362466902,0.495800466725987,0.691055611967882,8,1,150,0.441315540583741,-0.0344845419177708,8,2.70056698733064,0,-30.4617,2771,0.2,0,15,"both",0.441315540583741,-0.0344845419177708
"1193","session1",-14.7284306726774,14.9074596550547,2.58709897989243,0.0127408887396618,-0.0719537362466902,0.495800466725987,0.691055611967882,8,1,150,0.441315540583741,-0.0344845419177708,8,1.21240901320853,0,-44.5006,2771,0.2,0,15,"both",0.441315540583741,-0.0344845419177708
"1194","session1",-14.7284306726774,14.9074596550547,2.58709897989243,0.0127408887396618,-0.0719537362466902,0.495800466725987,0.691055611967882,8,1,150,0.441315540583741,-0.0344845419177708,8,1.97166784137705,1,-2.8774,2771,0.2,0,15,"both",0.441315540583741,-0.0344845419177708
"1195","session1",-14.7284306726774,14.9074596550547,2.58709897989243,0.0127408887396618,-0.0719537362466902,0.495800466725987,0.691055611967882,8,1,150,0.441315540583741,-0.0344845419177708,8,2.54430326264488,0,-30.9533,2771,0.2,0,15,"both",0.441315540583741,-0.0344845419177708
"1196","session1",-14.7284306726774,14.9074596550547,2.58709897989243,0.0127408887396618,-0.0719537362466902,0.495800466725987,0.691055611967882,8,1,150,0.441315540583741,-0.0344845419177708,8,1.80299176116391,0,-36.7772,2771,0.2,0,15,"both",0.441315540583741,-0.0344845419177708
"1197","session1",-14.7284306726774,14.9074596550547,2.58709897989243,0.0127408887396618,-0.0719537362466902,0.495800466725987,0.691055611967882,8,1,150,0.441315540583741,-0.0344845419177708,8,1.79344460646772,1,-2.86055,2771,0.2,0,15,"both",0.441315540583741,-0.0344845419177708
"1198","session1",-14.7284306726774,14.9074596550547,2.58709897989243,0.0127408887396618,-0.0719537362466902,0.495800466725987,0.691055611967882,8,1,150,0.441315540583741,-0.0344845419177708,8,2.73945235556113,0,-24.15155,2771,0.2,0,15,"both",0.441315540583741,-0.0344845419177708
"1199","session1",-14.7284306726774,14.9074596550547,2.58709897989243,0.0127408887396618,-0.0719537362466902,0.495800466725987,0.691055611967882,8,1,150,0.441315540583741,-0.0344845419177708,8,5.60060615178341,0,-25.71511,2771,0.2,0,15,"both",0.441315540583741,-0.0344845419177708
"1200","session1",-14.7284306726774,14.9074596550547,2.58709897989243,0.0127408887396618,-0.0719537362466902,0.495800466725987,0.691055611967882,8,1,150,0.441315540583741,-0.0344845419177708,8,2.80135537693763,1,-23.1993,2771,0.2,0,15,"both",0.441315540583741,-0.0344845419177708
"1201","session1",-12.0787099946197,9.30498294495998,1.26867246899773,0.000272882581352319,0.355871414707852,0.492562990672133,0.60078626359287,9,1,150,0.441315540583741,-0.0344845419177708,9,2.75256200543196,1,-9.41351977957,2771,0.2,0,15,"both",0.441315540583741,-0.0344845419177708
"1202","session1",-12.0787099946197,9.30498294495998,1.26867246899773,0.000272882581352319,0.355871414707852,0.492562990672133,0.60078626359287,9,1,150,0.441315540583741,-0.0344845419177708,9,3.49937255537453,0,-10.864737949,2771,0.2,0,15,"both",0.441315540583741,-0.0344845419177708
"1203","session1",-12.0787099946197,9.30498294495998,1.26867246899773,0.000272882581352319,0.355871414707852,0.492562990672133,0.60078626359287,9,1,150,0.441315540583741,-0.0344845419177708,9,1.96175568197722,1,-1.821905567372,2771,0.2,0,15,"both",0.441315540583741,-0.0344845419177708
"1204","session1",-12.0787099946197,9.30498294495998,1.26867246899773,0.000272882581352319,0.355871414707852,0.492562990672133,0.60078626359287,9,1,150,0.441315540583741,-0.0344845419177708,9,2.73079863657217,1,-8.6078599194,2771,0.2,0,15,"both",0.441315540583741,-0.0344845419177708
"1205","session1",-12.0787099946197,9.30498294495998,1.26867246899773,0.000272882581352319,0.355871414707852,0.492562990672133,0.60078626359287,9,1,150,0.441315540583741,-0.0344845419177708,9,2.90376800186875,1,-13.979184027,2771,0.2,0,15,"both",0.441315540583741,-0.0344845419177708
"1206","session1",-12.0787099946197,9.30498294495998,1.26867246899773,0.000272882581352319,0.355871414707852,0.492562990672133,0.60078626359287,9,1,150,0.441315540583741,-0.0344845419177708,9,2.07313184528015,0,-47.89051,2771,0.2,0,15,"both",0.441315540583741,-0.0344845419177708
"1207","session1",-12.0787099946197,9.30498294495998,1.26867246899773,0.000272882581352319,0.355871414707852,0.492562990672133,0.60078626359287,9,1,150,0.441315540583741,-0.0344845419177708,9,8,0,-16.2391768723,2771,0.2,0,15,"both",0.441315540583741,-0.0344845419177708
"1208","session1",-12.0787099946197,9.30498294495998,1.26867246899773,0.000272882581352319,0.355871414707852,0.492562990672133,0.60078626359287,9,1,150,0.441315540583741,-0.0344845419177708,9,3.1269987886177,1,-14.36908,2771,0.2,0,15,"both",0.441315540583741,-0.0344845419177708
"1209","session1",-12.0787099946197,9.30498294495998,1.26867246899773,0.000272882581352319,0.355871414707852,0.492562990672133,0.60078626359287,9,1,150,0.441315540583741,-0.0344845419177708,9,4.11921857955799,1,16.7382,2771,0.2,0,15,"both",0.441315540583741,-0.0344845419177708
"1210","session1",-12.0787099946197,9.30498294495998,1.26867246899773,0.000272882581352319,0.355871414707852,0.492562990672133,0.60078626359287,9,1,150,0.441315540583741,-0.0344845419177708,9,1.6002392097284,1,-6.82149,2771,0.2,0,15,"both",0.441315540583741,-0.0344845419177708
"1211","session1",-12.0787099946197,9.30498294495998,1.26867246899773,0.000272882581352319,0.355871414707852,0.492562990672133,0.60078626359287,9,1,150,0.441315540583741,-0.0344845419177708,9,4.30915949778019,1,-8.6113,2771,0.2,0,15,"both",0.441315540583741,-0.0344845419177708
"1212","session1",-12.0787099946197,9.30498294495998,1.26867246899773,0.000272882581352319,0.355871414707852,0.492562990672133,0.60078626359287,9,1,150,0.441315540583741,-0.0344845419177708,9,2.95861240229815,1,5.6017,2771,0.2,0,15,"both",0.441315540583741,-0.0344845419177708
"1213","session1",-12.0787099946197,9.30498294495998,1.26867246899773,0.000272882581352319,0.355871414707852,0.492562990672133,0.60078626359287,9,1,150,0.441315540583741,-0.0344845419177708,9,2.36732751359217,1,-17.49953,2771,0.2,0,15,"both",0.441315540583741,-0.0344845419177708
"1214","session1",-12.0787099946197,9.30498294495998,1.26867246899773,0.000272882581352319,0.355871414707852,0.492562990672133,0.60078626359287,9,1,150,0.441315540583741,-0.0344845419177708,9,2.17399985969091,0,-43.77801,2771,0.2,0,15,"both",0.441315540583741,-0.0344845419177708
"1215","session1",-12.0787099946197,9.30498294495998,1.26867246899773,0.000272882581352319,0.355871414707852,0.492562990672133,0.60078626359287,9,1,150,0.441315540583741,-0.0344845419177708,9,1.83217488822333,0,-20.99051,2771,0.2,0,15,"both",0.441315540583741,-0.0344845419177708
"1216","session1",-12.0787099946197,9.30498294495998,1.26867246899773,0.000272882581352319,0.355871414707852,0.492562990672133,0.60078626359287,9,1,150,0.441315540583741,-0.0344845419177708,9,1.94941625618877,1,-24.60328,2771,0.2,0,15,"both",0.441315540583741,-0.0344845419177708
"1217","session1",-12.0787099946197,9.30498294495998,1.26867246899773,0.000272882581352319,0.355871414707852,0.492562990672133,0.60078626359287,9,1,150,0.441315540583741,-0.0344845419177708,9,3.44343792110417,0,-36.6618,2771,0.2,0,15,"both",0.441315540583741,-0.0344845419177708
"1218","session1",-12.0787099946197,9.30498294495998,1.26867246899773,0.000272882581352319,0.355871414707852,0.492562990672133,0.60078626359287,9,1,150,0.441315540583741,-0.0344845419177708,9,1.83130631171138,0,-34.32811,2771,0.2,0,15,"both",0.441315540583741,-0.0344845419177708
"1219","session1",-12.0787099946197,9.30498294495998,1.26867246899773,0.000272882581352319,0.355871414707852,0.492562990672133,0.60078626359287,9,1,150,0.441315540583741,-0.0344845419177708,9,1.19062276750875,1,-2.7839,2771,0.2,0,15,"both",0.441315540583741,-0.0344845419177708
"1220","session1",-12.0787099946197,9.30498294495998,1.26867246899773,0.000272882581352319,0.355871414707852,0.492562990672133,0.60078626359287,9,1,150,0.441315540583741,-0.0344845419177708,9,3.41796935262298,0,-21.73365,2771,0.2,0,15,"both",0.441315540583741,-0.0344845419177708
"1221","session1",-12.0787099946197,9.30498294495998,1.26867246899773,0.000272882581352319,0.355871414707852,0.492562990672133,0.60078626359287,9,1,150,0.441315540583741,-0.0344845419177708,9,3.46407175632648,0,-17.4648,2771,0.2,0,15,"both",0.441315540583741,-0.0344845419177708
"1222","session1",-12.0787099946197,9.30498294495998,1.26867246899773,0.000272882581352319,0.355871414707852,0.492562990672133,0.60078626359287,9,1,150,0.441315540583741,-0.0344845419177708,9,2.06598687183646,0,-42.1439,2771,0.2,0,15,"both",0.441315540583741,-0.0344845419177708
"1223","session1",-12.0787099946197,9.30498294495998,1.26867246899773,0.000272882581352319,0.355871414707852,0.492562990672133,0.60078626359287,9,1,150,0.441315540583741,-0.0344845419177708,9,1.67712556246729,0,-26.0865,2771,0.2,0,15,"both",0.441315540583741,-0.0344845419177708
"1224","session1",-12.0787099946197,9.30498294495998,1.26867246899773,0.000272882581352319,0.355871414707852,0.492562990672133,0.60078626359287,9,1,150,0.441315540583741,-0.0344845419177708,9,1.5504617396171,0,-14.62411,2771,0.2,0,15,"both",0.441315540583741,-0.0344845419177708
"1225","session1",-12.0787099946197,9.30498294495998,1.26867246899773,0.000272882581352319,0.355871414707852,0.492562990672133,0.60078626359287,9,1,150,0.441315540583741,-0.0344845419177708,9,3.74850777358992,0,-19.43112,2771,0.2,0,15,"both",0.441315540583741,-0.0344845419177708
"1226","session1",-12.0787099946197,9.30498294495998,1.26867246899773,0.000272882581352319,0.355871414707852,0.492562990672133,0.60078626359287,9,1,150,0.441315540583741,-0.0344845419177708,9,2.77442516884735,0,-21.97448,2771,0.2,0,15,"both",0.441315540583741,-0.0344845419177708
"1227","session1",-12.0787099946197,9.30498294495998,1.26867246899773,0.000272882581352319,0.355871414707852,0.492562990672133,0.60078626359287,9,1,150,0.441315540583741,-0.0344845419177708,9,2.2171015853225,1,-11.72108,2771,0.2,0,15,"both",0.441315540583741,-0.0344845419177708
"1228","session1",-12.0787099946197,9.30498294495998,1.26867246899773,0.000272882581352319,0.355871414707852,0.492562990672133,0.60078626359287,9,1,150,0.441315540583741,-0.0344845419177708,9,6.08364855566274,1,-9.61114,2771,0.2,0,15,"both",0.441315540583741,-0.0344845419177708
"1229","session1",-12.0787099946197,9.30498294495998,1.26867246899773,0.000272882581352319,0.355871414707852,0.492562990672133,0.60078626359287,9,1,150,0.441315540583741,-0.0344845419177708,9,1.7243387203263,0,-15.9419,2771,0.2,0,15,"both",0.441315540583741,-0.0344845419177708
"1230","session1",-12.0787099946197,9.30498294495998,1.26867246899773,0.000272882581352319,0.355871414707852,0.492562990672133,0.60078626359287,9,1,150,0.441315540583741,-0.0344845419177708,9,1.84955662427693,1,-6.0674,2771,0.2,0,15,"both",0.441315540583741,-0.0344845419177708
"1231","session1",-12.0787099946197,9.30498294495998,1.26867246899773,0.000272882581352319,0.355871414707852,0.492562990672133,0.60078626359287,9,1,150,0.441315540583741,-0.0344845419177708,9,2.60976982467426,0,-11.69915,2771,0.2,0,15,"both",0.441315540583741,-0.0344845419177708
"1232","session1",-12.0787099946197,9.30498294495998,1.26867246899773,0.000272882581352319,0.355871414707852,0.492562990672133,0.60078626359287,9,1,150,0.441315540583741,-0.0344845419177708,9,4.32898605758687,0,-7.33102,2771,0.2,0,15,"both",0.441315540583741,-0.0344845419177708
"1233","session1",-12.0787099946197,9.30498294495998,1.26867246899773,0.000272882581352319,0.355871414707852,0.492562990672133,0.60078626359287,9,1,150,0.441315540583741,-0.0344845419177708,9,2.30266563609795,0,-15.68461,2771,0.2,0,15,"both",0.441315540583741,-0.0344845419177708
"1234","session1",-12.0787099946197,9.30498294495998,1.26867246899773,0.000272882581352319,0.355871414707852,0.492562990672133,0.60078626359287,9,1,150,0.441315540583741,-0.0344845419177708,9,1.88312617890127,0,-12.61931,2771,0.2,0,15,"both",0.441315540583741,-0.0344845419177708
"1235","session1",-12.0787099946197,9.30498294495998,1.26867246899773,0.000272882581352319,0.355871414707852,0.492562990672133,0.60078626359287,9,1,150,0.441315540583741,-0.0344845419177708,9,2.54096987204389,1,-7.53724,2771,0.2,0,15,"both",0.441315540583741,-0.0344845419177708
"1236","session1",-12.0787099946197,9.30498294495998,1.26867246899773,0.000272882581352319,0.355871414707852,0.492562990672133,0.60078626359287,9,1,150,0.441315540583741,-0.0344845419177708,9,3.25137552845376,0,-22.88458,2771,0.2,0,15,"both",0.441315540583741,-0.0344845419177708
"1237","session1",-12.0787099946197,9.30498294495998,1.26867246899773,0.000272882581352319,0.355871414707852,0.492562990672133,0.60078626359287,9,1,150,0.441315540583741,-0.0344845419177708,9,5.03621459282752,1,-6.83387,2771,0.2,0,15,"both",0.441315540583741,-0.0344845419177708
"1238","session1",-12.0787099946197,9.30498294495998,1.26867246899773,0.000272882581352319,0.355871414707852,0.492562990672133,0.60078626359287,9,1,150,0.441315540583741,-0.0344845419177708,9,1.68541231128093,1,-8.05036,2771,0.2,0,15,"both",0.441315540583741,-0.0344845419177708
"1239","session1",-12.0787099946197,9.30498294495998,1.26867246899773,0.000272882581352319,0.355871414707852,0.492562990672133,0.60078626359287,9,1,150,0.441315540583741,-0.0344845419177708,9,2.333316786718,1,-26.2345,2771,0.2,0,15,"both",0.441315540583741,-0.0344845419177708
"1240","session1",-12.0787099946197,9.30498294495998,1.26867246899773,0.000272882581352319,0.355871414707852,0.492562990672133,0.60078626359287,9,1,150,0.441315540583741,-0.0344845419177708,9,2.45922667635619,0,-20.91277,2771,0.2,0,15,"both",0.441315540583741,-0.0344845419177708
"1241","session1",-12.0787099946197,9.30498294495998,1.26867246899773,0.000272882581352319,0.355871414707852,0.492562990672133,0.60078626359287,9,1,150,0.441315540583741,-0.0344845419177708,9,3.62775322274071,1,-5.79128,2771,0.2,0,15,"both",0.441315540583741,-0.0344845419177708
"1242","session1",-12.0787099946197,9.30498294495998,1.26867246899773,0.000272882581352319,0.355871414707852,0.492562990672133,0.60078626359287,9,1,150,0.441315540583741,-0.0344845419177708,9,1.78808491113233,0,-20.18513,2771,0.2,0,15,"both",0.441315540583741,-0.0344845419177708
"1243","session1",-12.0787099946197,9.30498294495998,1.26867246899773,0.000272882581352319,0.355871414707852,0.492562990672133,0.60078626359287,9,1,150,0.441315540583741,-0.0344845419177708,9,3.09993432210735,0,-9.70478,2771,0.2,0,15,"both",0.441315540583741,-0.0344845419177708
"1244","session1",-12.0787099946197,9.30498294495998,1.26867246899773,0.000272882581352319,0.355871414707852,0.492562990672133,0.60078626359287,9,1,150,0.441315540583741,-0.0344845419177708,9,1.73557880679234,1,0.0794999999999995,2771,0.2,0,15,"both",0.441315540583741,-0.0344845419177708
"1245","session1",-12.0787099946197,9.30498294495998,1.26867246899773,0.000272882581352319,0.355871414707852,0.492562990672133,0.60078626359287,9,1,150,0.441315540583741,-0.0344845419177708,9,1.75583198291915,0,-19.9769,2771,0.2,0,15,"both",0.441315540583741,-0.0344845419177708
"1246","session1",-12.0787099946197,9.30498294495998,1.26867246899773,0.000272882581352319,0.355871414707852,0.492562990672133,0.60078626359287,9,1,150,0.441315540583741,-0.0344845419177708,9,6.33042259531047,0,-20.24564,2771,0.2,0,15,"both",0.441315540583741,-0.0344845419177708
"1247","session1",-12.0787099946197,9.30498294495998,1.26867246899773,0.000272882581352319,0.355871414707852,0.492562990672133,0.60078626359287,9,1,150,0.441315540583741,-0.0344845419177708,9,2.25871909425426,0,-21.03647,2771,0.2,0,15,"both",0.441315540583741,-0.0344845419177708
"1248","session1",-12.0787099946197,9.30498294495998,1.26867246899773,0.000272882581352319,0.355871414707852,0.492562990672133,0.60078626359287,9,1,150,0.441315540583741,-0.0344845419177708,9,4.257698637936,0,-8.88314,2771,0.2,0,15,"both",0.441315540583741,-0.0344845419177708
"1249","session1",-12.0787099946197,9.30498294495998,1.26867246899773,0.000272882581352319,0.355871414707852,0.492562990672133,0.60078626359287,9,1,150,0.441315540583741,-0.0344845419177708,9,1.61441801496789,1,-7.20914,2771,0.2,0,15,"both",0.441315540583741,-0.0344845419177708
"1250","session1",-12.0787099946197,9.30498294495998,1.26867246899773,0.000272882581352319,0.355871414707852,0.492562990672133,0.60078626359287,9,1,150,0.441315540583741,-0.0344845419177708,9,2.51045008547401,0,-24.34236,2771,0.2,0,15,"both",0.441315540583741,-0.0344845419177708
"1251","session1",-12.0787099946197,9.30498294495998,1.26867246899773,0.000272882581352319,0.355871414707852,0.492562990672133,0.60078626359287,9,1,150,0.441315540583741,-0.0344845419177708,9,2.1241642122159,1,-5.78935,2771,0.2,0,15,"both",0.441315540583741,-0.0344845419177708
"1252","session1",-12.0787099946197,9.30498294495998,1.26867246899773,0.000272882581352319,0.355871414707852,0.492562990672133,0.60078626359287,9,1,150,0.441315540583741,-0.0344845419177708,9,7.94974323327137,0,-13.79616,2771,0.2,0,15,"both",0.441315540583741,-0.0344845419177708
"1253","session1",-12.0787099946197,9.30498294495998,1.26867246899773,0.000272882581352319,0.355871414707852,0.492562990672133,0.60078626359287,9,1,150,0.441315540583741,-0.0344845419177708,9,2.88838440449395,1,-14.71718,2771,0.2,0,15,"both",0.441315540583741,-0.0344845419177708
"1254","session1",-12.0787099946197,9.30498294495998,1.26867246899773,0.000272882581352319,0.355871414707852,0.492562990672133,0.60078626359287,9,1,150,0.441315540583741,-0.0344845419177708,9,1.60827407507995,1,-10.55647,2771,0.2,0,15,"both",0.441315540583741,-0.0344845419177708
"1255","session1",-12.0787099946197,9.30498294495998,1.26867246899773,0.000272882581352319,0.355871414707852,0.492562990672133,0.60078626359287,9,1,150,0.441315540583741,-0.0344845419177708,9,2.81577898275555,1,-20.8937,2771,0.2,0,15,"both",0.441315540583741,-0.0344845419177708
"1256","session1",-12.0787099946197,9.30498294495998,1.26867246899773,0.000272882581352319,0.355871414707852,0.492562990672133,0.60078626359287,9,1,150,0.441315540583741,-0.0344845419177708,9,3.92627635449707,0,-21.5318,2771,0.2,0,15,"both",0.441315540583741,-0.0344845419177708
"1257","session1",-12.0787099946197,9.30498294495998,1.26867246899773,0.000272882581352319,0.355871414707852,0.492562990672133,0.60078626359287,9,1,150,0.441315540583741,-0.0344845419177708,9,3.92524887141534,1,-20.61564,2771,0.2,0,15,"both",0.441315540583741,-0.0344845419177708
"1258","session1",-12.0787099946197,9.30498294495998,1.26867246899773,0.000272882581352319,0.355871414707852,0.492562990672133,0.60078626359287,9,1,150,0.441315540583741,-0.0344845419177708,9,3.39575990923994,0,-36.3917,2771,0.2,0,15,"both",0.441315540583741,-0.0344845419177708
"1259","session1",-12.0787099946197,9.30498294495998,1.26867246899773,0.000272882581352319,0.355871414707852,0.492562990672133,0.60078626359287,9,1,150,0.441315540583741,-0.0344845419177708,9,2.6850018428869,1,-2.44616,2771,0.2,0,15,"both",0.441315540583741,-0.0344845419177708
"1260","session1",-12.0787099946197,9.30498294495998,1.26867246899773,0.000272882581352319,0.355871414707852,0.492562990672133,0.60078626359287,9,1,150,0.441315540583741,-0.0344845419177708,9,2.28720627209156,0,-23.32465,2771,0.2,0,15,"both",0.441315540583741,-0.0344845419177708
"1261","session1",-12.0787099946197,9.30498294495998,1.26867246899773,0.000272882581352319,0.355871414707852,0.492562990672133,0.60078626359287,9,1,150,0.441315540583741,-0.0344845419177708,9,3.65764699891588,1,-5.34494,2771,0.2,0,15,"both",0.441315540583741,-0.0344845419177708
"1262","session1",-12.0787099946197,9.30498294495998,1.26867246899773,0.000272882581352319,0.355871414707852,0.492562990672133,0.60078626359287,9,1,150,0.441315540583741,-0.0344845419177708,9,2.96776946086347,1,-6.56413,2771,0.2,0,15,"both",0.441315540583741,-0.0344845419177708
"1263","session1",-12.0787099946197,9.30498294495998,1.26867246899773,0.000272882581352319,0.355871414707852,0.492562990672133,0.60078626359287,9,1,150,0.441315540583741,-0.0344845419177708,9,2.64887593526238,1,-9.75836,2771,0.2,0,15,"both",0.441315540583741,-0.0344845419177708
"1264","session1",-12.0787099946197,9.30498294495998,1.26867246899773,0.000272882581352319,0.355871414707852,0.492562990672133,0.60078626359287,9,1,150,0.441315540583741,-0.0344845419177708,9,2.72275273674763,0,-20.85303,2771,0.2,0,15,"both",0.441315540583741,-0.0344845419177708
"1265","session1",-12.0787099946197,9.30498294495998,1.26867246899773,0.000272882581352319,0.355871414707852,0.492562990672133,0.60078626359287,9,1,150,0.441315540583741,-0.0344845419177708,9,1.86759182664721,1,-4.74742,2771,0.2,0,15,"both",0.441315540583741,-0.0344845419177708
"1266","session1",-12.0787099946197,9.30498294495998,1.26867246899773,0.000272882581352319,0.355871414707852,0.492562990672133,0.60078626359287,9,1,150,0.441315540583741,-0.0344845419177708,9,1.21234940239384,1,-9.68549,2771,0.2,0,15,"both",0.441315540583741,-0.0344845419177708
"1267","session1",-12.0787099946197,9.30498294495998,1.26867246899773,0.000272882581352319,0.355871414707852,0.492562990672133,0.60078626359287,9,1,150,0.441315540583741,-0.0344845419177708,9,2.05868958175771,0,-4.67007,2771,0.2,0,15,"both",0.441315540583741,-0.0344845419177708
"1268","session1",-12.0787099946197,9.30498294495998,1.26867246899773,0.000272882581352319,0.355871414707852,0.492562990672133,0.60078626359287,9,1,150,0.441315540583741,-0.0344845419177708,9,2.59862418630636,1,-9.23492,2771,0.2,0,15,"both",0.441315540583741,-0.0344845419177708
"1269","session1",-12.0787099946197,9.30498294495998,1.26867246899773,0.000272882581352319,0.355871414707852,0.492562990672133,0.60078626359287,9,1,150,0.441315540583741,-0.0344845419177708,9,2.97873725000743,1,-1.86333,2771,0.2,0,15,"both",0.441315540583741,-0.0344845419177708
"1270","session1",-12.0787099946197,9.30498294495998,1.26867246899773,0.000272882581352319,0.355871414707852,0.492562990672133,0.60078626359287,9,1,150,0.441315540583741,-0.0344845419177708,9,1.99548517592694,1,-9.25206,2771,0.2,0,15,"both",0.441315540583741,-0.0344845419177708
"1271","session1",-12.0787099946197,9.30498294495998,1.26867246899773,0.000272882581352319,0.355871414707852,0.492562990672133,0.60078626359287,9,1,150,0.441315540583741,-0.0344845419177708,9,1.75244410412756,1,-6.49777,2771,0.2,0,15,"both",0.441315540583741,-0.0344845419177708
"1272","session1",-12.0787099946197,9.30498294495998,1.26867246899773,0.000272882581352319,0.355871414707852,0.492562990672133,0.60078626359287,9,1,150,0.441315540583741,-0.0344845419177708,9,1.96139414993857,0,-20.1932,2771,0.2,0,15,"both",0.441315540583741,-0.0344845419177708
"1273","session1",-12.0787099946197,9.30498294495998,1.26867246899773,0.000272882581352319,0.355871414707852,0.492562990672133,0.60078626359287,9,1,150,0.441315540583741,-0.0344845419177708,9,2.71771192665727,1,-16.25327,2771,0.2,0,15,"both",0.441315540583741,-0.0344845419177708
"1274","session1",-12.0787099946197,9.30498294495998,1.26867246899773,0.000272882581352319,0.355871414707852,0.492562990672133,0.60078626359287,9,1,150,0.441315540583741,-0.0344845419177708,9,2.24995798998139,0,-18.80209,2771,0.2,0,15,"both",0.441315540583741,-0.0344845419177708
"1275","session1",-12.0787099946197,9.30498294495998,1.26867246899773,0.000272882581352319,0.355871414707852,0.492562990672133,0.60078626359287,9,1,150,0.441315540583741,-0.0344845419177708,9,2.08999798669873,0,-9.4323,2771,0.2,0,15,"both",0.441315540583741,-0.0344845419177708
"1276","session1",-12.0787099946197,9.30498294495998,1.26867246899773,0.000272882581352319,0.355871414707852,0.492562990672133,0.60078626359287,9,1,150,0.441315540583741,-0.0344845419177708,9,2.59205052433467,0,-19.24518,2771,0.2,0,15,"both",0.441315540583741,-0.0344845419177708
"1277","session1",-12.0787099946197,9.30498294495998,1.26867246899773,0.000272882581352319,0.355871414707852,0.492562990672133,0.60078626359287,9,1,150,0.441315540583741,-0.0344845419177708,9,1.88227965592481,1,-6.93664,2771,0.2,0,15,"both",0.441315540583741,-0.0344845419177708
"1278","session1",-12.0787099946197,9.30498294495998,1.26867246899773,0.000272882581352319,0.355871414707852,0.492562990672133,0.60078626359287,9,1,150,0.441315540583741,-0.0344845419177708,9,2.33303395256542,0,-21.68769,2771,0.2,0,15,"both",0.441315540583741,-0.0344845419177708
"1279","session1",-12.0787099946197,9.30498294495998,1.26867246899773,0.000272882581352319,0.355871414707852,0.492562990672133,0.60078626359287,9,1,150,0.441315540583741,-0.0344845419177708,9,3.55715187054586,0,-26.25442,2771,0.2,0,15,"both",0.441315540583741,-0.0344845419177708
"1280","session1",-12.0787099946197,9.30498294495998,1.26867246899773,0.000272882581352319,0.355871414707852,0.492562990672133,0.60078626359287,9,1,150,0.441315540583741,-0.0344845419177708,9,1.55786353115103,1,-8.97888,2771,0.2,0,15,"both",0.441315540583741,-0.0344845419177708
"1281","session1",-12.0787099946197,9.30498294495998,1.26867246899773,0.000272882581352319,0.355871414707852,0.492562990672133,0.60078626359287,9,1,150,0.441315540583741,-0.0344845419177708,9,2.4414625542733,0,-17.46588,2771,0.2,0,15,"both",0.441315540583741,-0.0344845419177708
"1282","session1",-12.0787099946197,9.30498294495998,1.26867246899773,0.000272882581352319,0.355871414707852,0.492562990672133,0.60078626359287,9,1,150,0.441315540583741,-0.0344845419177708,9,1.68622979719212,0,-18.24163,2771,0.2,0,15,"both",0.441315540583741,-0.0344845419177708
"1283","session1",-12.0787099946197,9.30498294495998,1.26867246899773,0.000272882581352319,0.355871414707852,0.492562990672133,0.60078626359287,9,1,150,0.441315540583741,-0.0344845419177708,9,1.70305661612762,1,-18.41218,2771,0.2,0,15,"both",0.441315540583741,-0.0344845419177708
"1284","session1",-12.0787099946197,9.30498294495998,1.26867246899773,0.000272882581352319,0.355871414707852,0.492562990672133,0.60078626359287,9,1,150,0.441315540583741,-0.0344845419177708,9,3.51769809222158,1,-8.4,2771,0.2,0,15,"both",0.441315540583741,-0.0344845419177708
"1285","session1",-12.0787099946197,9.30498294495998,1.26867246899773,0.000272882581352319,0.355871414707852,0.492562990672133,0.60078626359287,9,1,150,0.441315540583741,-0.0344845419177708,9,2.25189549724451,0,-20.05397,2771,0.2,0,15,"both",0.441315540583741,-0.0344845419177708
"1286","session1",-12.0787099946197,9.30498294495998,1.26867246899773,0.000272882581352319,0.355871414707852,0.492562990672133,0.60078626359287,9,1,150,0.441315540583741,-0.0344845419177708,9,3.5774283796991,0,-16.76586,2771,0.2,0,15,"both",0.441315540583741,-0.0344845419177708
"1287","session1",-12.0787099946197,9.30498294495998,1.26867246899773,0.000272882581352319,0.355871414707852,0.492562990672133,0.60078626359287,9,1,150,0.441315540583741,-0.0344845419177708,9,1.97325797465612,0,-17.25536,2771,0.2,0,15,"both",0.441315540583741,-0.0344845419177708
"1288","session1",-12.0787099946197,9.30498294495998,1.26867246899773,0.000272882581352319,0.355871414707852,0.492562990672133,0.60078626359287,9,1,150,0.441315540583741,-0.0344845419177708,9,3.12843517799316,1,-8.47452,2771,0.2,0,15,"both",0.441315540583741,-0.0344845419177708
"1289","session1",-12.0787099946197,9.30498294495998,1.26867246899773,0.000272882581352319,0.355871414707852,0.492562990672133,0.60078626359287,9,1,150,0.441315540583741,-0.0344845419177708,9,1.97179903394265,0,-10.82884,2771,0.2,0,15,"both",0.441315540583741,-0.0344845419177708
"1290","session1",-12.0787099946197,9.30498294495998,1.26867246899773,0.000272882581352319,0.355871414707852,0.492562990672133,0.60078626359287,9,1,150,0.441315540583741,-0.0344845419177708,9,2.2148591995907,1,-13.26407,2771,0.2,0,15,"both",0.441315540583741,-0.0344845419177708
"1291","session1",-12.0787099946197,9.30498294495998,1.26867246899773,0.000272882581352319,0.355871414707852,0.492562990672133,0.60078626359287,9,1,150,0.441315540583741,-0.0344845419177708,9,3.12005614169273,0,-17.32631,2771,0.2,0,15,"both",0.441315540583741,-0.0344845419177708
"1292","session1",-12.0787099946197,9.30498294495998,1.26867246899773,0.000272882581352319,0.355871414707852,0.492562990672133,0.60078626359287,9,1,150,0.441315540583741,-0.0344845419177708,9,1.59089673107674,0,-19.57039,2771,0.2,0,15,"both",0.441315540583741,-0.0344845419177708
"1293","session1",-12.0787099946197,9.30498294495998,1.26867246899773,0.000272882581352319,0.355871414707852,0.492562990672133,0.60078626359287,9,1,150,0.441315540583741,-0.0344845419177708,9,1.57932921369813,0,-15.12068,2771,0.2,0,15,"both",0.441315540583741,-0.0344845419177708
"1294","session1",-12.0787099946197,9.30498294495998,1.26867246899773,0.000272882581352319,0.355871414707852,0.492562990672133,0.60078626359287,9,1,150,0.441315540583741,-0.0344845419177708,9,4.01650737773191,0,-15.33815,2771,0.2,0,15,"both",0.441315540583741,-0.0344845419177708
"1295","session1",-12.0787099946197,9.30498294495998,1.26867246899773,0.000272882581352319,0.355871414707852,0.492562990672133,0.60078626359287,9,1,150,0.441315540583741,-0.0344845419177708,9,1.73503148410828,0,-19.70681,2771,0.2,0,15,"both",0.441315540583741,-0.0344845419177708
"1296","session1",-12.0787099946197,9.30498294495998,1.26867246899773,0.000272882581352319,0.355871414707852,0.492562990672133,0.60078626359287,9,1,150,0.441315540583741,-0.0344845419177708,9,2.23116923520807,1,-5.49423,2771,0.2,0,15,"both",0.441315540583741,-0.0344845419177708
"1297","session1",-12.0787099946197,9.30498294495998,1.26867246899773,0.000272882581352319,0.355871414707852,0.492562990672133,0.60078626359287,9,1,150,0.441315540583741,-0.0344845419177708,9,2.20866465666775,1,-18.01158,2771,0.2,0,15,"both",0.441315540583741,-0.0344845419177708
"1298","session1",-12.0787099946197,9.30498294495998,1.26867246899773,0.000272882581352319,0.355871414707852,0.492562990672133,0.60078626359287,9,1,150,0.441315540583741,-0.0344845419177708,9,5.060288874235,0,-17.69268,2771,0.2,0,15,"both",0.441315540583741,-0.0344845419177708
"1299","session1",-12.0787099946197,9.30498294495998,1.26867246899773,0.000272882581352319,0.355871414707852,0.492562990672133,0.60078626359287,9,1,150,0.441315540583741,-0.0344845419177708,9,1.55032501285351,0,-8.36937,2771,0.2,0,15,"both",0.441315540583741,-0.0344845419177708
"1300","session1",-12.0787099946197,9.30498294495998,1.26867246899773,0.000272882581352319,0.355871414707852,0.492562990672133,0.60078626359287,9,1,150,0.441315540583741,-0.0344845419177708,9,3.31079580162444,1,-17.89862,2771,0.2,0,15,"both",0.441315540583741,-0.0344845419177708
"1301","session1",-12.0787099946197,9.30498294495998,1.26867246899773,0.000272882581352319,0.355871414707852,0.492562990672133,0.60078626359287,9,1,150,0.441315540583741,-0.0344845419177708,9,1.7642527986562,1,-18.29212,2771,0.2,0,15,"both",0.441315540583741,-0.0344845419177708
"1302","session1",-12.0787099946197,9.30498294495998,1.26867246899773,0.000272882581352319,0.355871414707852,0.492562990672133,0.60078626359287,9,1,150,0.441315540583741,-0.0344845419177708,9,1.85107591775059,0,-6.17269,2771,0.2,0,15,"both",0.441315540583741,-0.0344845419177708
"1303","session1",-12.0787099946197,9.30498294495998,1.26867246899773,0.000272882581352319,0.355871414707852,0.492562990672133,0.60078626359287,9,1,150,0.441315540583741,-0.0344845419177708,9,1.71954982168709,0,-20.0314,2771,0.2,0,15,"both",0.441315540583741,-0.0344845419177708
"1304","session1",-12.0787099946197,9.30498294495998,1.26867246899773,0.000272882581352319,0.355871414707852,0.492562990672133,0.60078626359287,9,1,150,0.441315540583741,-0.0344845419177708,9,4.38636512910997,0,-5.89029,2771,0.2,0,15,"both",0.441315540583741,-0.0344845419177708
"1305","session1",-12.0787099946197,9.30498294495998,1.26867246899773,0.000272882581352319,0.355871414707852,0.492562990672133,0.60078626359287,9,1,150,0.441315540583741,-0.0344845419177708,9,2.46670738966552,0,-17.10561,2771,0.2,0,15,"both",0.441315540583741,-0.0344845419177708
"1306","session1",-12.0787099946197,9.30498294495998,1.26867246899773,0.000272882581352319,0.355871414707852,0.492562990672133,0.60078626359287,9,1,150,0.441315540583741,-0.0344845419177708,9,1.80687991266954,1,-2.2663,2771,0.2,0,15,"both",0.441315540583741,-0.0344845419177708
"1307","session1",-12.0787099946197,9.30498294495998,1.26867246899773,0.000272882581352319,0.355871414707852,0.492562990672133,0.60078626359287,9,1,150,0.441315540583741,-0.0344845419177708,9,4.78746315270234,0,-30.5679,2771,0.2,0,15,"both",0.441315540583741,-0.0344845419177708
"1308","session1",-12.0787099946197,9.30498294495998,1.26867246899773,0.000272882581352319,0.355871414707852,0.492562990672133,0.60078626359287,9,1,150,0.441315540583741,-0.0344845419177708,9,4.45330696515846,1,-11.38064,2771,0.2,0,15,"both",0.441315540583741,-0.0344845419177708
"1309","session1",-12.0787099946197,9.30498294495998,1.26867246899773,0.000272882581352319,0.355871414707852,0.492562990672133,0.60078626359287,9,1,150,0.441315540583741,-0.0344845419177708,9,2.18866732211229,1,-2.4592,2771,0.2,0,15,"both",0.441315540583741,-0.0344845419177708
"1310","session1",-12.0787099946197,9.30498294495998,1.26867246899773,0.000272882581352319,0.355871414707852,0.492562990672133,0.60078626359287,9,1,150,0.441315540583741,-0.0344845419177708,9,5.50039799609185,0,-18.64029,2771,0.2,0,15,"both",0.441315540583741,-0.0344845419177708
"1311","session1",-12.0787099946197,9.30498294495998,1.26867246899773,0.000272882581352319,0.355871414707852,0.492562990672133,0.60078626359287,9,1,150,0.441315540583741,-0.0344845419177708,9,2.21344382750603,1,-7.5858,2771,0.2,0,15,"both",0.441315540583741,-0.0344845419177708
"1312","session1",-12.0787099946197,9.30498294495998,1.26867246899773,0.000272882581352319,0.355871414707852,0.492562990672133,0.60078626359287,9,1,150,0.441315540583741,-0.0344845419177708,9,3.97103495861984,0,-8.5431,2771,0.2,0,15,"both",0.441315540583741,-0.0344845419177708
"1313","session1",-12.0787099946197,9.30498294495998,1.26867246899773,0.000272882581352319,0.355871414707852,0.492562990672133,0.60078626359287,9,1,150,0.441315540583741,-0.0344845419177708,9,4.41754653316675,1,-8.94449,2771,0.2,0,15,"both",0.441315540583741,-0.0344845419177708
"1314","session1",-12.0787099946197,9.30498294495998,1.26867246899773,0.000272882581352319,0.355871414707852,0.492562990672133,0.60078626359287,9,1,150,0.441315540583741,-0.0344845419177708,9,1.96619829248559,0,-9.19938,2771,0.2,0,15,"both",0.441315540583741,-0.0344845419177708
"1315","session1",-12.0787099946197,9.30498294495998,1.26867246899773,0.000272882581352319,0.355871414707852,0.492562990672133,0.60078626359287,9,1,150,0.441315540583741,-0.0344845419177708,9,5.08804682703037,0,-6.4465,2771,0.2,0,15,"both",0.441315540583741,-0.0344845419177708
"1316","session1",-12.0787099946197,9.30498294495998,1.26867246899773,0.000272882581352319,0.355871414707852,0.492562990672133,0.60078626359287,9,1,150,0.441315540583741,-0.0344845419177708,9,4.11008730680216,1,-17.48985,2771,0.2,0,15,"both",0.441315540583741,-0.0344845419177708
"1317","session1",-12.0787099946197,9.30498294495998,1.26867246899773,0.000272882581352319,0.355871414707852,0.492562990672133,0.60078626359287,9,1,150,0.441315540583741,-0.0344845419177708,9,1.95085002522581,0,-18.91608,2771,0.2,0,15,"both",0.441315540583741,-0.0344845419177708
"1318","session1",-12.0787099946197,9.30498294495998,1.26867246899773,0.000272882581352319,0.355871414707852,0.492562990672133,0.60078626359287,9,1,150,0.441315540583741,-0.0344845419177708,9,2.54667877753602,0,-30.5448,2771,0.2,0,15,"both",0.441315540583741,-0.0344845419177708
"1319","session1",-12.0787099946197,9.30498294495998,1.26867246899773,0.000272882581352319,0.355871414707852,0.492562990672133,0.60078626359287,9,1,150,0.441315540583741,-0.0344845419177708,9,4.80771715590222,1,-21.3547,2771,0.2,0,15,"both",0.441315540583741,-0.0344845419177708
"1320","session1",-12.0787099946197,9.30498294495998,1.26867246899773,0.000272882581352319,0.355871414707852,0.492562990672133,0.60078626359287,9,1,150,0.441315540583741,-0.0344845419177708,9,2.08851947084728,0,-24.57108,2771,0.2,0,15,"both",0.441315540583741,-0.0344845419177708
"1321","session1",-12.0787099946197,9.30498294495998,1.26867246899773,0.000272882581352319,0.355871414707852,0.492562990672133,0.60078626359287,9,1,150,0.441315540583741,-0.0344845419177708,9,2.46562875410595,1,-3.25021,2771,0.2,0,15,"both",0.441315540583741,-0.0344845419177708
"1322","session1",-12.0787099946197,9.30498294495998,1.26867246899773,0.000272882581352319,0.355871414707852,0.492562990672133,0.60078626359287,9,1,150,0.441315540583741,-0.0344845419177708,9,2.65348383658316,0,-26.3636,2771,0.2,0,15,"both",0.441315540583741,-0.0344845419177708
"1323","session1",-12.0787099946197,9.30498294495998,1.26867246899773,0.000272882581352319,0.355871414707852,0.492562990672133,0.60078626359287,9,1,150,0.441315540583741,-0.0344845419177708,9,2.58550980850916,0,-17.6913,2771,0.2,0,15,"both",0.441315540583741,-0.0344845419177708
"1324","session1",-12.0787099946197,9.30498294495998,1.26867246899773,0.000272882581352319,0.355871414707852,0.492562990672133,0.60078626359287,9,1,150,0.441315540583741,-0.0344845419177708,9,4.54235542616445,0,-20.60418,2771,0.2,0,15,"both",0.441315540583741,-0.0344845419177708
"1325","session1",-12.0787099946197,9.30498294495998,1.26867246899773,0.000272882581352319,0.355871414707852,0.492562990672133,0.60078626359287,9,1,150,0.441315540583741,-0.0344845419177708,9,2.28168378973338,0,-22.21003,2771,0.2,0,15,"both",0.441315540583741,-0.0344845419177708
"1326","session1",-12.0787099946197,9.30498294495998,1.26867246899773,0.000272882581352319,0.355871414707852,0.492562990672133,0.60078626359287,9,1,150,0.441315540583741,-0.0344845419177708,9,2.09210512416941,1,-8.60122,2771,0.2,0,15,"both",0.441315540583741,-0.0344845419177708
"1327","session1",-12.0787099946197,9.30498294495998,1.26867246899773,0.000272882581352319,0.355871414707852,0.492562990672133,0.60078626359287,9,1,150,0.441315540583741,-0.0344845419177708,9,4.22806324744682,0,-18.91017,2771,0.2,0,15,"both",0.441315540583741,-0.0344845419177708
"1328","session1",-12.0787099946197,9.30498294495998,1.26867246899773,0.000272882581352319,0.355871414707852,0.492562990672133,0.60078626359287,9,1,150,0.441315540583741,-0.0344845419177708,9,7.12032269241455,1,-6.73264,2771,0.2,0,15,"both",0.441315540583741,-0.0344845419177708
"1329","session1",-12.0787099946197,9.30498294495998,1.26867246899773,0.000272882581352319,0.355871414707852,0.492562990672133,0.60078626359287,9,1,150,0.441315540583741,-0.0344845419177708,9,1.68065751714485,1,-2.1781,2771,0.2,0,15,"both",0.441315540583741,-0.0344845419177708
"1330","session1",-12.0787099946197,9.30498294495998,1.26867246899773,0.000272882581352319,0.355871414707852,0.492562990672133,0.60078626359287,9,1,150,0.441315540583741,-0.0344845419177708,9,2.09812699098759,1,-7.63613,2771,0.2,0,15,"both",0.441315540583741,-0.0344845419177708
"1331","session1",-12.0787099946197,9.30498294495998,1.26867246899773,0.000272882581352319,0.355871414707852,0.492562990672133,0.60078626359287,9,1,150,0.441315540583741,-0.0344845419177708,9,2.35401436334425,1,-7.22922,2771,0.2,0,15,"both",0.441315540583741,-0.0344845419177708
"1332","session1",-12.0787099946197,9.30498294495998,1.26867246899773,0.000272882581352319,0.355871414707852,0.492562990672133,0.60078626359287,9,1,150,0.441315540583741,-0.0344845419177708,9,1.5701062668394,1,-6.75957,2771,0.2,0,15,"both",0.441315540583741,-0.0344845419177708
"1333","session1",-12.0787099946197,9.30498294495998,1.26867246899773,0.000272882581352319,0.355871414707852,0.492562990672133,0.60078626359287,9,1,150,0.441315540583741,-0.0344845419177708,9,1.60430609012194,0,-20.16397,2771,0.2,0,15,"both",0.441315540583741,-0.0344845419177708
"1334","session1",-12.0787099946197,9.30498294495998,1.26867246899773,0.000272882581352319,0.355871414707852,0.492562990672133,0.60078626359287,9,1,150,0.441315540583741,-0.0344845419177708,9,2.23148575307011,1,-6.43829,2771,0.2,0,15,"both",0.441315540583741,-0.0344845419177708
"1335","session1",-12.0787099946197,9.30498294495998,1.26867246899773,0.000272882581352319,0.355871414707852,0.492562990672133,0.60078626359287,9,1,150,0.441315540583741,-0.0344845419177708,9,2.48965023955193,1,-14.12797,2771,0.2,0,15,"both",0.441315540583741,-0.0344845419177708
"1336","session1",-12.0787099946197,9.30498294495998,1.26867246899773,0.000272882581352319,0.355871414707852,0.492562990672133,0.60078626359287,9,1,150,0.441315540583741,-0.0344845419177708,9,1.83928579750244,0,-17.5912,2771,0.2,0,15,"both",0.441315540583741,-0.0344845419177708
"1337","session1",-12.0787099946197,9.30498294495998,1.26867246899773,0.000272882581352319,0.355871414707852,0.492562990672133,0.60078626359287,9,1,150,0.441315540583741,-0.0344845419177708,9,1.16956764221246,1,-1.8697,2771,0.2,0,15,"both",0.441315540583741,-0.0344845419177708
"1338","session1",-12.0787099946197,9.30498294495998,1.26867246899773,0.000272882581352319,0.355871414707852,0.492562990672133,0.60078626359287,9,1,150,0.441315540583741,-0.0344845419177708,9,2.25496604233843,0,-20.4234,2771,0.2,0,15,"both",0.441315540583741,-0.0344845419177708
"1339","session1",-12.0787099946197,9.30498294495998,1.26867246899773,0.000272882581352319,0.355871414707852,0.492562990672133,0.60078626359287,9,1,150,0.441315540583741,-0.0344845419177708,9,2.24524389743858,1,-21.93397,2771,0.2,0,15,"both",0.441315540583741,-0.0344845419177708
"1340","session1",-12.0787099946197,9.30498294495998,1.26867246899773,0.000272882581352319,0.355871414707852,0.492562990672133,0.60078626359287,9,1,150,0.441315540583741,-0.0344845419177708,9,1.73149310550396,0,-19.87634,2771,0.2,0,15,"both",0.441315540583741,-0.0344845419177708
"1341","session1",-12.0787099946197,9.30498294495998,1.26867246899773,0.000272882581352319,0.355871414707852,0.492562990672133,0.60078626359287,9,1,150,0.441315540583741,-0.0344845419177708,9,4.55794307947624,0,-19.85697,2771,0.2,0,15,"both",0.441315540583741,-0.0344845419177708
"1342","session1",-12.0787099946197,9.30498294495998,1.26867246899773,0.000272882581352319,0.355871414707852,0.492562990672133,0.60078626359287,9,1,150,0.441315540583741,-0.0344845419177708,9,2.22644102898646,0,-5.1235,2771,0.2,0,15,"both",0.441315540583741,-0.0344845419177708
"1343","session1",-12.0787099946197,9.30498294495998,1.26867246899773,0.000272882581352319,0.355871414707852,0.492562990672133,0.60078626359287,9,1,150,0.441315540583741,-0.0344845419177708,9,7.50220508271399,0,-21.71053,2771,0.2,0,15,"both",0.441315540583741,-0.0344845419177708
"1344","session1",-12.0787099946197,9.30498294495998,1.26867246899773,0.000272882581352319,0.355871414707852,0.492562990672133,0.60078626359287,9,1,150,0.441315540583741,-0.0344845419177708,9,1.80850279187337,0,-26.50394,2771,0.2,0,15,"both",0.441315540583741,-0.0344845419177708
"1345","session1",-12.0787099946197,9.30498294495998,1.26867246899773,0.000272882581352319,0.355871414707852,0.492562990672133,0.60078626359287,9,1,150,0.441315540583741,-0.0344845419177708,9,4.49103792618651,1,-5.11748,2771,0.2,0,15,"both",0.441315540583741,-0.0344845419177708
"1346","session1",-12.0787099946197,9.30498294495998,1.26867246899773,0.000272882581352319,0.355871414707852,0.492562990672133,0.60078626359287,9,1,150,0.441315540583741,-0.0344845419177708,9,2.23352282336154,0,-24.9148,2771,0.2,0,15,"both",0.441315540583741,-0.0344845419177708
"1347","session1",-12.0787099946197,9.30498294495998,1.26867246899773,0.000272882581352319,0.355871414707852,0.492562990672133,0.60078626359287,9,1,150,0.441315540583741,-0.0344845419177708,9,2.06441877255087,1,-3.0185,2771,0.2,0,15,"both",0.441315540583741,-0.0344845419177708
"1348","session1",-12.0787099946197,9.30498294495998,1.26867246899773,0.000272882581352319,0.355871414707852,0.492562990672133,0.60078626359287,9,1,150,0.441315540583741,-0.0344845419177708,9,4.03173131032349,1,-6.25598,2771,0.2,0,15,"both",0.441315540583741,-0.0344845419177708
"1349","session1",-12.0787099946197,9.30498294495998,1.26867246899773,0.000272882581352319,0.355871414707852,0.492562990672133,0.60078626359287,9,1,150,0.441315540583741,-0.0344845419177708,9,1.58328172487008,0,-21.23763,2771,0.2,0,15,"both",0.441315540583741,-0.0344845419177708
"1350","session1",-12.0787099946197,9.30498294495998,1.26867246899773,0.000272882581352319,0.355871414707852,0.492562990672133,0.60078626359287,9,1,150,0.441315540583741,-0.0344845419177708,9,2.9473873529443,1,-6.52953,2771,0.2,0,15,"both",0.441315540583741,-0.0344845419177708
"1351","session1",-5.44427345778116,21.7116063010491,2.33329302631291,0.00205729362091947,0.829041953718334,0.441544475659594,0.165627810063646,10,1,150,0.441315540583741,-0.0344845419177708,10,2.34605527924636,1,9.14521789479,2771,0.2,0,15,"both",0.441315540583741,-0.0344845419177708
"1352","session1",-5.44427345778116,21.7116063010491,2.33329302631291,0.00205729362091947,0.829041953718334,0.441544475659594,0.165627810063646,10,1,150,0.441315540583741,-0.0344845419177708,10,5.57386060862481,0,-6.0933308084,2771,0.2,0,15,"both",0.441315540583741,-0.0344845419177708
"1353","session1",-5.44427345778116,21.7116063010491,2.33329302631291,0.00205729362091947,0.829041953718334,0.441544475659594,0.165627810063646,10,1,150,0.441315540583741,-0.0344845419177708,10,2.66871069746383,0,0.23059094781,2771,0.2,0,15,"both",0.441315540583741,-0.0344845419177708
"1354","session1",-5.44427345778116,21.7116063010491,2.33329302631291,0.00205729362091947,0.829041953718334,0.441544475659594,0.165627810063646,10,1,150,0.441315540583741,-0.0344845419177708,10,5.5862938222388,1,4.2047101199,2771,0.2,0,15,"both",0.441315540583741,-0.0344845419177708
"1355","session1",-5.44427345778116,21.7116063010491,2.33329302631291,0.00205729362091947,0.829041953718334,0.441544475659594,0.165627810063646,10,1,150,0.441315540583741,-0.0344845419177708,10,2.13557248540174,1,19.81177,2771,0.2,0,15,"both",0.441315540583741,-0.0344845419177708
"1356","session1",-5.44427345778116,21.7116063010491,2.33329302631291,0.00205729362091947,0.829041953718334,0.441544475659594,0.165627810063646,10,1,150,0.441315540583741,-0.0344845419177708,10,3.4324847077925,1,11.75944,2771,0.2,0,15,"both",0.441315540583741,-0.0344845419177708
"1357","session1",-5.44427345778116,21.7116063010491,2.33329302631291,0.00205729362091947,0.829041953718334,0.441544475659594,0.165627810063646,10,1,150,0.441315540583741,-0.0344845419177708,10,3.66221525646213,0,9.07903,2771,0.2,0,15,"both",0.441315540583741,-0.0344845419177708
"1358","session1",-5.44427345778116,21.7116063010491,2.33329302631291,0.00205729362091947,0.829041953718334,0.441544475659594,0.165627810063646,10,1,150,0.441315540583741,-0.0344845419177708,10,8,0,-12.88487,2771,0.2,0,15,"both",0.441315540583741,-0.0344845419177708
"1359","session1",-5.44427345778116,21.7116063010491,2.33329302631291,0.00205729362091947,0.829041953718334,0.441544475659594,0.165627810063646,10,1,150,0.441315540583741,-0.0344845419177708,10,3.98146755697035,0,-29.88613,2771,0.2,0,15,"both",0.441315540583741,-0.0344845419177708
"1360","session1",-5.44427345778116,21.7116063010491,2.33329302631291,0.00205729362091947,0.829041953718334,0.441544475659594,0.165627810063646,10,1,150,0.441315540583741,-0.0344845419177708,10,3.56884730811875,1,17.73594,2771,0.2,0,15,"both",0.441315540583741,-0.0344845419177708
"1361","session1",-5.44427345778116,21.7116063010491,2.33329302631291,0.00205729362091947,0.829041953718334,0.441544475659594,0.165627810063646,10,1,150,0.441315540583741,-0.0344845419177708,10,3.4896804787894,0,2.602787,2771,0.2,0,15,"both",0.441315540583741,-0.0344845419177708
"1362","session1",-5.44427345778116,21.7116063010491,2.33329302631291,0.00205729362091947,0.829041953718334,0.441544475659594,0.165627810063646,10,1,150,0.441315540583741,-0.0344845419177708,10,3.07700231919113,1,8.54243,2771,0.2,0,15,"both",0.441315540583741,-0.0344845419177708
"1363","session1",-5.44427345778116,21.7116063010491,2.33329302631291,0.00205729362091947,0.829041953718334,0.441544475659594,0.165627810063646,10,1,150,0.441315540583741,-0.0344845419177708,10,2.74524382282729,0,-7.093006,2771,0.2,0,15,"both",0.441315540583741,-0.0344845419177708
"1364","session1",-5.44427345778116,21.7116063010491,2.33329302631291,0.00205729362091947,0.829041953718334,0.441544475659594,0.165627810063646,10,1,150,0.441315540583741,-0.0344845419177708,10,5.95799406456456,0,0.41422,2771,0.2,0,15,"both",0.441315540583741,-0.0344845419177708
"1365","session1",-5.44427345778116,21.7116063010491,2.33329302631291,0.00205729362091947,0.829041953718334,0.441544475659594,0.165627810063646,10,1,150,0.441315540583741,-0.0344845419177708,10,7.13878223692006,1,18.9775,2771,0.2,0,15,"both",0.441315540583741,-0.0344845419177708
"1366","session1",-5.44427345778116,21.7116063010491,2.33329302631291,0.00205729362091947,0.829041953718334,0.441544475659594,0.165627810063646,10,1,150,0.441315540583741,-0.0344845419177708,10,4.55673870421528,0,-0.78059,2771,0.2,0,15,"both",0.441315540583741,-0.0344845419177708
"1367","session1",-5.44427345778116,21.7116063010491,2.33329302631291,0.00205729362091947,0.829041953718334,0.441544475659594,0.165627810063646,10,1,150,0.441315540583741,-0.0344845419177708,10,6.15960928769961,0,0.509830000000001,2771,0.2,0,15,"both",0.441315540583741,-0.0344845419177708
"1368","session1",-5.44427345778116,21.7116063010491,2.33329302631291,0.00205729362091947,0.829041953718334,0.441544475659594,0.165627810063646,10,1,150,0.441315540583741,-0.0344845419177708,10,3.70478685760577,1,8.89767,2771,0.2,0,15,"both",0.441315540583741,-0.0344845419177708
"1369","session1",-5.44427345778116,21.7116063010491,2.33329302631291,0.00205729362091947,0.829041953718334,0.441544475659594,0.165627810063646,10,1,150,0.441315540583741,-0.0344845419177708,10,4.30194125215866,0,4.18609,2771,0.2,0,15,"both",0.441315540583741,-0.0344845419177708
"1370","session1",-5.44427345778116,21.7116063010491,2.33329302631291,0.00205729362091947,0.829041953718334,0.441544475659594,0.165627810063646,10,1,150,0.441315540583741,-0.0344845419177708,10,7.62545090594432,0,6.31086,2771,0.2,0,15,"both",0.441315540583741,-0.0344845419177708
"1371","session1",-5.44427345778116,21.7116063010491,2.33329302631291,0.00205729362091947,0.829041953718334,0.441544475659594,0.165627810063646,10,1,150,0.441315540583741,-0.0344845419177708,10,3.3050239223788,1,3.75087,2771,0.2,0,15,"both",0.441315540583741,-0.0344845419177708
"1372","session1",-5.44427345778116,21.7116063010491,2.33329302631291,0.00205729362091947,0.829041953718334,0.441544475659594,0.165627810063646,10,1,150,0.441315540583741,-0.0344845419177708,10,3.68677830744466,1,11.26869,2771,0.2,0,15,"both",0.441315540583741,-0.0344845419177708
"1373","session1",-5.44427345778116,21.7116063010491,2.33329302631291,0.00205729362091947,0.829041953718334,0.441544475659594,0.165627810063646,10,1,150,0.441315540583741,-0.0344845419177708,10,4.91977829497475,0,9.48607,2771,0.2,0,15,"both",0.441315540583741,-0.0344845419177708
"1374","session1",-5.44427345778116,21.7116063010491,2.33329302631291,0.00205729362091947,0.829041953718334,0.441544475659594,0.165627810063646,10,1,150,0.441315540583741,-0.0344845419177708,10,5.12551536878938,1,12.5604,2771,0.2,0,15,"both",0.441315540583741,-0.0344845419177708
"1375","session1",-5.44427345778116,21.7116063010491,2.33329302631291,0.00205729362091947,0.829041953718334,0.441544475659594,0.165627810063646,10,1,150,0.441315540583741,-0.0344845419177708,10,1.87485581547281,1,-0.40076,2771,0.2,0,15,"both",0.441315540583741,-0.0344845419177708
"1376","session1",-5.44427345778116,21.7116063010491,2.33329302631291,0.00205729362091947,0.829041953718334,0.441544475659594,0.165627810063646,10,1,150,0.441315540583741,-0.0344845419177708,10,5.22515493494213,0,0.4779,2771,0.2,0,15,"both",0.441315540583741,-0.0344845419177708
"1377","session1",-5.44427345778116,21.7116063010491,2.33329302631291,0.00205729362091947,0.829041953718334,0.441544475659594,0.165627810063646,10,1,150,0.441315540583741,-0.0344845419177708,10,2.94359229702655,0,11.65224,2771,0.2,0,15,"both",0.441315540583741,-0.0344845419177708
"1378","session1",-5.44427345778116,21.7116063010491,2.33329302631291,0.00205729362091947,0.829041953718334,0.441544475659594,0.165627810063646,10,1,150,0.441315540583741,-0.0344845419177708,10,2.46942011103533,1,11.08311,2771,0.2,0,15,"both",0.441315540583741,-0.0344845419177708
"1379","session1",-5.44427345778116,21.7116063010491,2.33329302631291,0.00205729362091947,0.829041953718334,0.441544475659594,0.165627810063646,10,1,150,0.441315540583741,-0.0344845419177708,10,1.42924817347277,0,-23.29096,2771,0.2,0,15,"both",0.441315540583741,-0.0344845419177708
"1380","session1",-5.44427345778116,21.7116063010491,2.33329302631291,0.00205729362091947,0.829041953718334,0.441544475659594,0.165627810063646,10,1,150,0.441315540583741,-0.0344845419177708,10,8,0,-3.93325,2771,0.2,0,15,"both",0.441315540583741,-0.0344845419177708
"1381","session1",-5.44427345778116,21.7116063010491,2.33329302631291,0.00205729362091947,0.829041953718334,0.441544475659594,0.165627810063646,10,1,150,0.441315540583741,-0.0344845419177708,10,3.56117327653032,1,18.43987,2771,0.2,0,15,"both",0.441315540583741,-0.0344845419177708
"1382","session1",-5.44427345778116,21.7116063010491,2.33329302631291,0.00205729362091947,0.829041953718334,0.441544475659594,0.165627810063646,10,1,150,0.441315540583741,-0.0344845419177708,10,2.35330437293524,1,17.92667,2771,0.2,0,15,"both",0.441315540583741,-0.0344845419177708
"1383","session1",-5.44427345778116,21.7116063010491,2.33329302631291,0.00205729362091947,0.829041953718334,0.441544475659594,0.165627810063646,10,1,150,0.441315540583741,-0.0344845419177708,10,3.97928537739949,1,-0.72668,2771,0.2,0,15,"both",0.441315540583741,-0.0344845419177708
"1384","session1",-5.44427345778116,21.7116063010491,2.33329302631291,0.00205729362091947,0.829041953718334,0.441544475659594,0.165627810063646,10,1,150,0.441315540583741,-0.0344845419177708,10,4.0207804487097,1,0.29429,2771,0.2,0,15,"both",0.441315540583741,-0.0344845419177708
"1385","session1",-5.44427345778116,21.7116063010491,2.33329302631291,0.00205729362091947,0.829041953718334,0.441544475659594,0.165627810063646,10,1,150,0.441315540583741,-0.0344845419177708,10,2.60213929969576,1,15.14289,2771,0.2,0,15,"both",0.441315540583741,-0.0344845419177708
"1386","session1",-5.44427345778116,21.7116063010491,2.33329302631291,0.00205729362091947,0.829041953718334,0.441544475659594,0.165627810063646,10,1,150,0.441315540583741,-0.0344845419177708,10,8,0,-3.99142,2771,0.2,0,15,"both",0.441315540583741,-0.0344845419177708
"1387","session1",-5.44427345778116,21.7116063010491,2.33329302631291,0.00205729362091947,0.829041953718334,0.441544475659594,0.165627810063646,10,1,150,0.441315540583741,-0.0344845419177708,10,7.3144278493974,1,1.78505,2771,0.2,0,15,"both",0.441315540583741,-0.0344845419177708
"1388","session1",-5.44427345778116,21.7116063010491,2.33329302631291,0.00205729362091947,0.829041953718334,0.441544475659594,0.165627810063646,10,1,150,0.441315540583741,-0.0344845419177708,10,3.98237205916991,0,17.53977,2771,0.2,0,15,"both",0.441315540583741,-0.0344845419177708
"1389","session1",-5.44427345778116,21.7116063010491,2.33329302631291,0.00205729362091947,0.829041953718334,0.441544475659594,0.165627810063646,10,1,150,0.441315540583741,-0.0344845419177708,10,2.66698721414976,1,-2.25286,2771,0.2,0,15,"both",0.441315540583741,-0.0344845419177708
"1390","session1",-5.44427345778116,21.7116063010491,2.33329302631291,0.00205729362091947,0.829041953718334,0.441544475659594,0.165627810063646,10,1,150,0.441315540583741,-0.0344845419177708,10,4.23129671656205,1,-8.493973,2771,0.2,0,15,"both",0.441315540583741,-0.0344845419177708
"1391","session1",-5.44427345778116,21.7116063010491,2.33329302631291,0.00205729362091947,0.829041953718334,0.441544475659594,0.165627810063646,10,1,150,0.441315540583741,-0.0344845419177708,10,4.58242814235057,0,-37.527655,2771,0.2,0,15,"both",0.441315540583741,-0.0344845419177708
"1392","session1",-5.44427345778116,21.7116063010491,2.33329302631291,0.00205729362091947,0.829041953718334,0.441544475659594,0.165627810063646,10,1,150,0.441315540583741,-0.0344845419177708,10,2.95524315695073,1,-18.91728,2771,0.2,0,15,"both",0.441315540583741,-0.0344845419177708
"1393","session1",-5.44427345778116,21.7116063010491,2.33329302631291,0.00205729362091947,0.829041953718334,0.441544475659594,0.165627810063646,10,1,150,0.441315540583741,-0.0344845419177708,10,5.30016551181953,0,-5.4517,2771,0.2,0,15,"both",0.441315540583741,-0.0344845419177708
"1394","session1",-5.44427345778116,21.7116063010491,2.33329302631291,0.00205729362091947,0.829041953718334,0.441544475659594,0.165627810063646,10,1,150,0.441315540583741,-0.0344845419177708,10,2.77203337667142,1,13.97033,2771,0.2,0,15,"both",0.441315540583741,-0.0344845419177708
"1395","session1",-5.44427345778116,21.7116063010491,2.33329302631291,0.00205729362091947,0.829041953718334,0.441544475659594,0.165627810063646,10,1,150,0.441315540583741,-0.0344845419177708,10,2.12103553545854,0,-46.850949,2771,0.2,0,15,"both",0.441315540583741,-0.0344845419177708
"1396","session1",-5.44427345778116,21.7116063010491,2.33329302631291,0.00205729362091947,0.829041953718334,0.441544475659594,0.165627810063646,10,1,150,0.441315540583741,-0.0344845419177708,10,6.44184029047339,1,-13.74409,2771,0.2,0,15,"both",0.441315540583741,-0.0344845419177708
"1397","session1",-5.44427345778116,21.7116063010491,2.33329302631291,0.00205729362091947,0.829041953718334,0.441544475659594,0.165627810063646,10,1,150,0.441315540583741,-0.0344845419177708,10,2.13413200224486,0,-32.0172,2771,0.2,0,15,"both",0.441315540583741,-0.0344845419177708
"1398","session1",-5.44427345778116,21.7116063010491,2.33329302631291,0.00205729362091947,0.829041953718334,0.441544475659594,0.165627810063646,10,1,150,0.441315540583741,-0.0344845419177708,10,2.94156115116786,1,19.4499,2771,0.2,0,15,"both",0.441315540583741,-0.0344845419177708
"1399","session1",-5.44427345778116,21.7116063010491,2.33329302631291,0.00205729362091947,0.829041953718334,0.441544475659594,0.165627810063646,10,1,150,0.441315540583741,-0.0344845419177708,10,2.09545986298307,1,-8.4417,2771,0.2,0,15,"both",0.441315540583741,-0.0344845419177708
"1400","session1",-5.44427345778116,21.7116063010491,2.33329302631291,0.00205729362091947,0.829041953718334,0.441544475659594,0.165627810063646,10,1,150,0.441315540583741,-0.0344845419177708,10,3.30551867537363,1,-0.94682905902,2771,0.2,0,15,"both",0.441315540583741,-0.0344845419177708
"1401","session1",-5.44427345778116,21.7116063010491,2.33329302631291,0.00205729362091947,0.829041953718334,0.441544475659594,0.165627810063646,10,1,150,0.441315540583741,-0.0344845419177708,10,3.07357262587638,0,-21.05522,2771,0.2,0,15,"both",0.441315540583741,-0.0344845419177708
"1402","session1",-5.44427345778116,21.7116063010491,2.33329302631291,0.00205729362091947,0.829041953718334,0.441544475659594,0.165627810063646,10,1,150,0.441315540583741,-0.0344845419177708,10,2.69161703325723,0,6.256884,2771,0.2,0,15,"both",0.441315540583741,-0.0344845419177708
"1403","session1",-5.44427345778116,21.7116063010491,2.33329302631291,0.00205729362091947,0.829041953718334,0.441544475659594,0.165627810063646,10,1,150,0.441315540583741,-0.0344845419177708,10,6.26416557708634,0,-24.91828,2771,0.2,0,15,"both",0.441315540583741,-0.0344845419177708
"1404","session1",-5.44427345778116,21.7116063010491,2.33329302631291,0.00205729362091947,0.829041953718334,0.441544475659594,0.165627810063646,10,1,150,0.441315540583741,-0.0344845419177708,10,4.01699666465712,1,19.61976,2771,0.2,0,15,"both",0.441315540583741,-0.0344845419177708
"1405","session1",-5.44427345778116,21.7116063010491,2.33329302631291,0.00205729362091947,0.829041953718334,0.441544475659594,0.165627810063646,10,1,150,0.441315540583741,-0.0344845419177708,10,5.61397315718855,1,5.54947,2771,0.2,0,15,"both",0.441315540583741,-0.0344845419177708
"1406","session1",-5.44427345778116,21.7116063010491,2.33329302631291,0.00205729362091947,0.829041953718334,0.441544475659594,0.165627810063646,10,1,150,0.441315540583741,-0.0344845419177708,10,6.47312395729534,1,-10.51711,2771,0.2,0,15,"both",0.441315540583741,-0.0344845419177708
"1407","session1",-5.44427345778116,21.7116063010491,2.33329302631291,0.00205729362091947,0.829041953718334,0.441544475659594,0.165627810063646,10,1,150,0.441315540583741,-0.0344845419177708,10,2.95238305443278,1,2.13054,2771,0.2,0,15,"both",0.441315540583741,-0.0344845419177708
"1408","session1",-5.44427345778116,21.7116063010491,2.33329302631291,0.00205729362091947,0.829041953718334,0.441544475659594,0.165627810063646,10,1,150,0.441315540583741,-0.0344845419177708,10,1.19329296509275,1,37.38707,2771,0.2,0,15,"both",0.441315540583741,-0.0344845419177708
"1409","session1",-5.44427345778116,21.7116063010491,2.33329302631291,0.00205729362091947,0.829041953718334,0.441544475659594,0.165627810063646,10,1,150,0.441315540583741,-0.0344845419177708,10,3.82144435077719,1,-24.487286,2771,0.2,0,15,"both",0.441315540583741,-0.0344845419177708
"1410","session1",-5.44427345778116,21.7116063010491,2.33329302631291,0.00205729362091947,0.829041953718334,0.441544475659594,0.165627810063646,10,1,150,0.441315540583741,-0.0344845419177708,10,4.42444337725069,0,-4.07075971119,2771,0.2,0,15,"both",0.441315540583741,-0.0344845419177708
"1411","session1",-5.44427345778116,21.7116063010491,2.33329302631291,0.00205729362091947,0.829041953718334,0.441544475659594,0.165627810063646,10,1,150,0.441315540583741,-0.0344845419177708,10,2.56310850705168,0,-28.71493,2771,0.2,0,15,"both",0.441315540583741,-0.0344845419177708
"1412","session1",-5.44427345778116,21.7116063010491,2.33329302631291,0.00205729362091947,0.829041953718334,0.441544475659594,0.165627810063646,10,1,150,0.441315540583741,-0.0344845419177708,10,4.60357751649811,1,-4.81954,2771,0.2,0,15,"both",0.441315540583741,-0.0344845419177708
"1413","session1",-5.44427345778116,21.7116063010491,2.33329302631291,0.00205729362091947,0.829041953718334,0.441544475659594,0.165627810063646,10,1,150,0.441315540583741,-0.0344845419177708,10,2.16817540335937,1,16.57208,2771,0.2,0,15,"both",0.441315540583741,-0.0344845419177708
"1414","session1",-5.44427345778116,21.7116063010491,2.33329302631291,0.00205729362091947,0.829041953718334,0.441544475659594,0.165627810063646,10,1,150,0.441315540583741,-0.0344845419177708,10,3.00675645423627,1,-25.4668,2771,0.2,0,15,"both",0.441315540583741,-0.0344845419177708
"1415","session1",-5.44427345778116,21.7116063010491,2.33329302631291,0.00205729362091947,0.829041953718334,0.441544475659594,0.165627810063646,10,1,150,0.441315540583741,-0.0344845419177708,10,1.99632893706729,0,-26.84359,2771,0.2,0,15,"both",0.441315540583741,-0.0344845419177708
"1416","session1",-5.44427345778116,21.7116063010491,2.33329302631291,0.00205729362091947,0.829041953718334,0.441544475659594,0.165627810063646,10,1,150,0.441315540583741,-0.0344845419177708,10,4.44390027973136,0,-4.944271766,2771,0.2,0,15,"both",0.441315540583741,-0.0344845419177708
"1417","session1",-5.44427345778116,21.7116063010491,2.33329302631291,0.00205729362091947,0.829041953718334,0.441544475659594,0.165627810063646,10,1,150,0.441315540583741,-0.0344845419177708,10,2.8379912298699,0,-13.99839,2771,0.2,0,15,"both",0.441315540583741,-0.0344845419177708
"1418","session1",-5.44427345778116,21.7116063010491,2.33329302631291,0.00205729362091947,0.829041953718334,0.441544475659594,0.165627810063646,10,1,150,0.441315540583741,-0.0344845419177708,10,1.31014918122838,0,-47.95681,2771,0.2,0,15,"both",0.441315540583741,-0.0344845419177708
"1419","session1",-5.44427345778116,21.7116063010491,2.33329302631291,0.00205729362091947,0.829041953718334,0.441544475659594,0.165627810063646,10,1,150,0.441315540583741,-0.0344845419177708,10,2.56198600752379,0,-23.50748,2771,0.2,0,15,"both",0.441315540583741,-0.0344845419177708
"1420","session1",-5.44427345778116,21.7116063010491,2.33329302631291,0.00205729362091947,0.829041953718334,0.441544475659594,0.165627810063646,10,1,150,0.441315540583741,-0.0344845419177708,10,2.6280902804939,1,19.35169,2771,0.2,0,15,"both",0.441315540583741,-0.0344845419177708
"1421","session1",-5.44427345778116,21.7116063010491,2.33329302631291,0.00205729362091947,0.829041953718334,0.441544475659594,0.165627810063646,10,1,150,0.441315540583741,-0.0344845419177708,10,3.43784404860662,1,10.69981,2771,0.2,0,15,"both",0.441315540583741,-0.0344845419177708
"1422","session1",-5.44427345778116,21.7116063010491,2.33329302631291,0.00205729362091947,0.829041953718334,0.441544475659594,0.165627810063646,10,1,150,0.441315540583741,-0.0344845419177708,10,1.88131270638404,0,15.00683,2771,0.2,0,15,"both",0.441315540583741,-0.0344845419177708
"1423","session1",-5.44427345778116,21.7116063010491,2.33329302631291,0.00205729362091947,0.829041953718334,0.441544475659594,0.165627810063646,10,1,150,0.441315540583741,-0.0344845419177708,10,3.70486956106784,1,10.477,2771,0.2,0,15,"both",0.441315540583741,-0.0344845419177708
"1424","session1",-5.44427345778116,21.7116063010491,2.33329302631291,0.00205729362091947,0.829041953718334,0.441544475659594,0.165627810063646,10,1,150,0.441315540583741,-0.0344845419177708,10,3.59568776354188,0,14.93484,2771,0.2,0,15,"both",0.441315540583741,-0.0344845419177708
"1425","session1",-5.44427345778116,21.7116063010491,2.33329302631291,0.00205729362091947,0.829041953718334,0.441544475659594,0.165627810063646,10,1,150,0.441315540583741,-0.0344845419177708,10,3.04784874000899,0,-28.999994,2771,0.2,0,15,"both",0.441315540583741,-0.0344845419177708
"1426","session1",-5.44427345778116,21.7116063010491,2.33329302631291,0.00205729362091947,0.829041953718334,0.441544475659594,0.165627810063646,10,1,150,0.441315540583741,-0.0344845419177708,10,1.86627402500858,1,33.4052,2771,0.2,0,15,"both",0.441315540583741,-0.0344845419177708
"1427","session1",-5.44427345778116,21.7116063010491,2.33329302631291,0.00205729362091947,0.829041953718334,0.441544475659594,0.165627810063646,10,1,150,0.441315540583741,-0.0344845419177708,10,1.61458816995212,0,-23.241628,2771,0.2,0,15,"both",0.441315540583741,-0.0344845419177708
"1428","session1",-5.44427345778116,21.7116063010491,2.33329302631291,0.00205729362091947,0.829041953718334,0.441544475659594,0.165627810063646,10,1,150,0.441315540583741,-0.0344845419177708,10,3.18960991638682,1,25.38843,2771,0.2,0,15,"both",0.441315540583741,-0.0344845419177708
"1429","session1",-5.44427345778116,21.7116063010491,2.33329302631291,0.00205729362091947,0.829041953718334,0.441544475659594,0.165627810063646,10,1,150,0.441315540583741,-0.0344845419177708,10,1.92979801173527,1,17.70381,2771,0.2,0,15,"both",0.441315540583741,-0.0344845419177708
"1430","session1",-5.44427345778116,21.7116063010491,2.33329302631291,0.00205729362091947,0.829041953718334,0.441544475659594,0.165627810063646,10,1,150,0.441315540583741,-0.0344845419177708,10,4.12827785169699,0,12.44154,2771,0.2,0,15,"both",0.441315540583741,-0.0344845419177708
"1431","session1",-5.44427345778116,21.7116063010491,2.33329302631291,0.00205729362091947,0.829041953718334,0.441544475659594,0.165627810063646,10,1,150,0.441315540583741,-0.0344845419177708,10,5.17336039184591,0,-14.6677072,2771,0.2,0,15,"both",0.441315540583741,-0.0344845419177708
"1432","session1",-5.44427345778116,21.7116063010491,2.33329302631291,0.00205729362091947,0.829041953718334,0.441544475659594,0.165627810063646,10,1,150,0.441315540583741,-0.0344845419177708,10,3.90709296035953,0,9.2436,2771,0.2,0,15,"both",0.441315540583741,-0.0344845419177708
"1433","session1",-5.44427345778116,21.7116063010491,2.33329302631291,0.00205729362091947,0.829041953718334,0.441544475659594,0.165627810063646,10,1,150,0.441315540583741,-0.0344845419177708,10,2.30005373631113,0,-17.40715,2771,0.2,0,15,"both",0.441315540583741,-0.0344845419177708
"1434","session1",-5.44427345778116,21.7116063010491,2.33329302631291,0.00205729362091947,0.829041953718334,0.441544475659594,0.165627810063646,10,1,150,0.441315540583741,-0.0344845419177708,10,2.98529861895409,1,27.799698,2771,0.2,0,15,"both",0.441315540583741,-0.0344845419177708
"1435","session1",-5.44427345778116,21.7116063010491,2.33329302631291,0.00205729362091947,0.829041953718334,0.441544475659594,0.165627810063646,10,1,150,0.441315540583741,-0.0344845419177708,10,6.8686165054762,0,-5.3114,2771,0.2,0,15,"both",0.441315540583741,-0.0344845419177708
"1436","session1",-5.44427345778116,21.7116063010491,2.33329302631291,0.00205729362091947,0.829041953718334,0.441544475659594,0.165627810063646,10,1,150,0.441315540583741,-0.0344845419177708,10,2.2952273980572,0,-20.11137,2771,0.2,0,15,"both",0.441315540583741,-0.0344845419177708
"1437","session1",-5.44427345778116,21.7116063010491,2.33329302631291,0.00205729362091947,0.829041953718334,0.441544475659594,0.165627810063646,10,1,150,0.441315540583741,-0.0344845419177708,10,4.60645740142136,1,17.81758,2771,0.2,0,15,"both",0.441315540583741,-0.0344845419177708
"1438","session1",-5.44427345778116,21.7116063010491,2.33329302631291,0.00205729362091947,0.829041953718334,0.441544475659594,0.165627810063646,10,1,150,0.441315540583741,-0.0344845419177708,10,7.28183975670793,0,-16.95228,2771,0.2,0,15,"both",0.441315540583741,-0.0344845419177708
"1439","session1",-5.44427345778116,21.7116063010491,2.33329302631291,0.00205729362091947,0.829041953718334,0.441544475659594,0.165627810063646,10,1,150,0.441315540583741,-0.0344845419177708,10,1.34213977762274,1,24.804651,2771,0.2,0,15,"both",0.441315540583741,-0.0344845419177708
"1440","session1",-5.44427345778116,21.7116063010491,2.33329302631291,0.00205729362091947,0.829041953718334,0.441544475659594,0.165627810063646,10,1,150,0.441315540583741,-0.0344845419177708,10,4.03712118867798,1,-16.38037,2771,0.2,0,15,"both",0.441315540583741,-0.0344845419177708
"1441","session1",-5.44427345778116,21.7116063010491,2.33329302631291,0.00205729362091947,0.829041953718334,0.441544475659594,0.165627810063646,10,1,150,0.441315540583741,-0.0344845419177708,10,2.15294796240051,0,-10.62096,2771,0.2,0,15,"both",0.441315540583741,-0.0344845419177708
"1442","session1",-5.44427345778116,21.7116063010491,2.33329302631291,0.00205729362091947,0.829041953718334,0.441544475659594,0.165627810063646,10,1,150,0.441315540583741,-0.0344845419177708,10,6.74228055567534,1,20.76314,2771,0.2,0,15,"both",0.441315540583741,-0.0344845419177708
"1443","session1",-5.44427345778116,21.7116063010491,2.33329302631291,0.00205729362091947,0.829041953718334,0.441544475659594,0.165627810063646,10,1,150,0.441315540583741,-0.0344845419177708,10,7.53097408510102,0,-25.67304,2771,0.2,0,15,"both",0.441315540583741,-0.0344845419177708
"1444","session1",-5.44427345778116,21.7116063010491,2.33329302631291,0.00205729362091947,0.829041953718334,0.441544475659594,0.165627810063646,10,1,150,0.441315540583741,-0.0344845419177708,10,1.66091554818025,0,-17.97666,2771,0.2,0,15,"both",0.441315540583741,-0.0344845419177708
"1445","session1",-5.44427345778116,21.7116063010491,2.33329302631291,0.00205729362091947,0.829041953718334,0.441544475659594,0.165627810063646,10,1,150,0.441315540583741,-0.0344845419177708,10,2.72867159307592,1,16.394125,2771,0.2,0,15,"both",0.441315540583741,-0.0344845419177708
"1446","session1",-5.44427345778116,21.7116063010491,2.33329302631291,0.00205729362091947,0.829041953718334,0.441544475659594,0.165627810063646,10,1,150,0.441315540583741,-0.0344845419177708,10,3.77599325221248,1,30.223761,2771,0.2,0,15,"both",0.441315540583741,-0.0344845419177708
"1447","session1",-5.44427345778116,21.7116063010491,2.33329302631291,0.00205729362091947,0.829041953718334,0.441544475659594,0.165627810063646,10,1,150,0.441315540583741,-0.0344845419177708,10,4.17259930859138,1,16.02116,2771,0.2,0,15,"both",0.441315540583741,-0.0344845419177708
"1448","session1",-5.44427345778116,21.7116063010491,2.33329302631291,0.00205729362091947,0.829041953718334,0.441544475659594,0.165627810063646,10,1,150,0.441315540583741,-0.0344845419177708,10,3.09098004307126,1,10.10025,2771,0.2,0,15,"both",0.441315540583741,-0.0344845419177708
"1449","session1",-5.44427345778116,21.7116063010491,2.33329302631291,0.00205729362091947,0.829041953718334,0.441544475659594,0.165627810063646,10,1,150,0.441315540583741,-0.0344845419177708,10,2.70288562644365,1,-8.94281,2771,0.2,0,15,"both",0.441315540583741,-0.0344845419177708
"1450","session1",-5.44427345778116,21.7116063010491,2.33329302631291,0.00205729362091947,0.829041953718334,0.441544475659594,0.165627810063646,10,1,150,0.441315540583741,-0.0344845419177708,10,2.16000683773109,0,-24.12954,2771,0.2,0,15,"both",0.441315540583741,-0.0344845419177708
"1451","session1",-5.44427345778116,21.7116063010491,2.33329302631291,0.00205729362091947,0.829041953718334,0.441544475659594,0.165627810063646,10,1,150,0.441315540583741,-0.0344845419177708,10,5.85747164155846,1,19.98623,2771,0.2,0,15,"both",0.441315540583741,-0.0344845419177708
"1452","session1",-5.44427345778116,21.7116063010491,2.33329302631291,0.00205729362091947,0.829041953718334,0.441544475659594,0.165627810063646,10,1,150,0.441315540583741,-0.0344845419177708,10,8,0,-12.454725,2771,0.2,0,15,"both",0.441315540583741,-0.0344845419177708
"1453","session1",-5.44427345778116,21.7116063010491,2.33329302631291,0.00205729362091947,0.829041953718334,0.441544475659594,0.165627810063646,10,1,150,0.441315540583741,-0.0344845419177708,10,2.25905094843024,0,-25.07744,2771,0.2,0,15,"both",0.441315540583741,-0.0344845419177708
"1454","session1",-5.44427345778116,21.7116063010491,2.33329302631291,0.00205729362091947,0.829041953718334,0.441544475659594,0.165627810063646,10,1,150,0.441315540583741,-0.0344845419177708,10,2.39151760631696,0,18.0959,2771,0.2,0,15,"both",0.441315540583741,-0.0344845419177708
"1455","session1",-5.44427345778116,21.7116063010491,2.33329302631291,0.00205729362091947,0.829041953718334,0.441544475659594,0.165627810063646,10,1,150,0.441315540583741,-0.0344845419177708,10,2.61828195761054,1,24.80683,2771,0.2,0,15,"both",0.441315540583741,-0.0344845419177708
"1456","session1",-5.44427345778116,21.7116063010491,2.33329302631291,0.00205729362091947,0.829041953718334,0.441544475659594,0.165627810063646,10,1,150,0.441315540583741,-0.0344845419177708,10,2.84929332780947,1,20.17074,2771,0.2,0,15,"both",0.441315540583741,-0.0344845419177708
"1457","session1",-5.44427345778116,21.7116063010491,2.33329302631291,0.00205729362091947,0.829041953718334,0.441544475659594,0.165627810063646,10,1,150,0.441315540583741,-0.0344845419177708,10,4.95574432239293,1,21.342356,2771,0.2,0,15,"both",0.441315540583741,-0.0344845419177708
"1458","session1",-5.44427345778116,21.7116063010491,2.33329302631291,0.00205729362091947,0.829041953718334,0.441544475659594,0.165627810063646,10,1,150,0.441315540583741,-0.0344845419177708,10,1.81601149964645,1,17.02339,2771,0.2,0,15,"both",0.441315540583741,-0.0344845419177708
"1459","session1",-5.44427345778116,21.7116063010491,2.33329302631291,0.00205729362091947,0.829041953718334,0.441544475659594,0.165627810063646,10,1,150,0.441315540583741,-0.0344845419177708,10,5.9148180134835,0,-9.60536,2771,0.2,0,15,"both",0.441315540583741,-0.0344845419177708
"1460","session1",-5.44427345778116,21.7116063010491,2.33329302631291,0.00205729362091947,0.829041953718334,0.441544475659594,0.165627810063646,10,1,150,0.441315540583741,-0.0344845419177708,10,4.88815630186725,0,-24.7195,2771,0.2,0,15,"both",0.441315540583741,-0.0344845419177708
"1461","session1",-5.44427345778116,21.7116063010491,2.33329302631291,0.00205729362091947,0.829041953718334,0.441544475659594,0.165627810063646,10,1,150,0.441315540583741,-0.0344845419177708,10,4.98108882575414,1,27.288015,2771,0.2,0,15,"both",0.441315540583741,-0.0344845419177708
"1462","session1",-5.44427345778116,21.7116063010491,2.33329302631291,0.00205729362091947,0.829041953718334,0.441544475659594,0.165627810063646,10,1,150,0.441315540583741,-0.0344845419177708,10,3.06038899782587,0,-21.340294,2771,0.2,0,15,"both",0.441315540583741,-0.0344845419177708
"1463","session1",-5.44427345778116,21.7116063010491,2.33329302631291,0.00205729362091947,0.829041953718334,0.441544475659594,0.165627810063646,10,1,150,0.441315540583741,-0.0344845419177708,10,3.30651175030849,1,28.06184,2771,0.2,0,15,"both",0.441315540583741,-0.0344845419177708
"1464","session1",-5.44427345778116,21.7116063010491,2.33329302631291,0.00205729362091947,0.829041953718334,0.441544475659594,0.165627810063646,10,1,150,0.441315540583741,-0.0344845419177708,10,4.20989242192434,0,-23.94839,2771,0.2,0,15,"both",0.441315540583741,-0.0344845419177708
"1465","session1",-5.44427345778116,21.7116063010491,2.33329302631291,0.00205729362091947,0.829041953718334,0.441544475659594,0.165627810063646,10,1,150,0.441315540583741,-0.0344845419177708,10,5.53438105854974,0,-17.42176,2771,0.2,0,15,"both",0.441315540583741,-0.0344845419177708
"1466","session1",-5.44427345778116,21.7116063010491,2.33329302631291,0.00205729362091947,0.829041953718334,0.441544475659594,0.165627810063646,10,1,150,0.441315540583741,-0.0344845419177708,10,2.9584247095196,1,22.40391,2771,0.2,0,15,"both",0.441315540583741,-0.0344845419177708
"1467","session1",-5.44427345778116,21.7116063010491,2.33329302631291,0.00205729362091947,0.829041953718334,0.441544475659594,0.165627810063646,10,1,150,0.441315540583741,-0.0344845419177708,10,4.14732208571225,0,-21.3726,2771,0.2,0,15,"both",0.441315540583741,-0.0344845419177708
"1468","session1",-5.44427345778116,21.7116063010491,2.33329302631291,0.00205729362091947,0.829041953718334,0.441544475659594,0.165627810063646,10,1,150,0.441315540583741,-0.0344845419177708,10,6.12052014347228,0,-19.87831,2771,0.2,0,15,"both",0.441315540583741,-0.0344845419177708
"1469","session1",-5.44427345778116,21.7116063010491,2.33329302631291,0.00205729362091947,0.829041953718334,0.441544475659594,0.165627810063646,10,1,150,0.441315540583741,-0.0344845419177708,10,3.24964094537031,1,-18.4245,2771,0.2,0,15,"both",0.441315540583741,-0.0344845419177708
"1470","session1",-5.44427345778116,21.7116063010491,2.33329302631291,0.00205729362091947,0.829041953718334,0.441544475659594,0.165627810063646,10,1,150,0.441315540583741,-0.0344845419177708,10,2.01400009666706,0,-26.61379,2771,0.2,0,15,"both",0.441315540583741,-0.0344845419177708
"1471","session1",-5.44427345778116,21.7116063010491,2.33329302631291,0.00205729362091947,0.829041953718334,0.441544475659594,0.165627810063646,10,1,150,0.441315540583741,-0.0344845419177708,10,2.19917436479681,0,-19.06187,2771,0.2,0,15,"both",0.441315540583741,-0.0344845419177708
"1472","session1",-5.44427345778116,21.7116063010491,2.33329302631291,0.00205729362091947,0.829041953718334,0.441544475659594,0.165627810063646,10,1,150,0.441315540583741,-0.0344845419177708,10,8,1,5.88082,2771,0.2,0,15,"both",0.441315540583741,-0.0344845419177708
"1473","session1",-5.44427345778116,21.7116063010491,2.33329302631291,0.00205729362091947,0.829041953718334,0.441544475659594,0.165627810063646,10,1,150,0.441315540583741,-0.0344845419177708,10,2.49724280939725,0,-22.624264,2771,0.2,0,15,"both",0.441315540583741,-0.0344845419177708
"1474","session1",-5.44427345778116,21.7116063010491,2.33329302631291,0.00205729362091947,0.829041953718334,0.441544475659594,0.165627810063646,10,1,150,0.441315540583741,-0.0344845419177708,10,5.53302932523083,0,14.82406,2771,0.2,0,15,"both",0.441315540583741,-0.0344845419177708
"1475","session1",-5.44427345778116,21.7116063010491,2.33329302631291,0.00205729362091947,0.829041953718334,0.441544475659594,0.165627810063646,10,1,150,0.441315540583741,-0.0344845419177708,10,3.7349507035647,0,-26.86502,2771,0.2,0,15,"both",0.441315540583741,-0.0344845419177708
"1476","session1",-5.44427345778116,21.7116063010491,2.33329302631291,0.00205729362091947,0.829041953718334,0.441544475659594,0.165627810063646,10,1,150,0.441315540583741,-0.0344845419177708,10,8,0,-17.6027,2771,0.2,0,15,"both",0.441315540583741,-0.0344845419177708
"1477","session1",-5.44427345778116,21.7116063010491,2.33329302631291,0.00205729362091947,0.829041953718334,0.441544475659594,0.165627810063646,10,1,150,0.441315540583741,-0.0344845419177708,10,4.47603730248591,1,17.10184,2771,0.2,0,15,"both",0.441315540583741,-0.0344845419177708
"1478","session1",-5.44427345778116,21.7116063010491,2.33329302631291,0.00205729362091947,0.829041953718334,0.441544475659594,0.165627810063646,10,1,150,0.441315540583741,-0.0344845419177708,10,2.09800269546818,0,-14.48738,2771,0.2,0,15,"both",0.441315540583741,-0.0344845419177708
"1479","session1",-5.44427345778116,21.7116063010491,2.33329302631291,0.00205729362091947,0.829041953718334,0.441544475659594,0.165627810063646,10,1,150,0.441315540583741,-0.0344845419177708,10,5.11917180343774,0,20.31086,2771,0.2,0,15,"both",0.441315540583741,-0.0344845419177708
"1480","session1",-5.44427345778116,21.7116063010491,2.33329302631291,0.00205729362091947,0.829041953718334,0.441544475659594,0.165627810063646,10,1,150,0.441315540583741,-0.0344845419177708,10,2.15455645383753,1,21.63995,2771,0.2,0,15,"both",0.441315540583741,-0.0344845419177708
"1481","session1",-5.44427345778116,21.7116063010491,2.33329302631291,0.00205729362091947,0.829041953718334,0.441544475659594,0.165627810063646,10,1,150,0.441315540583741,-0.0344845419177708,10,1.56989571652728,1,-15.65377,2771,0.2,0,15,"both",0.441315540583741,-0.0344845419177708
"1482","session1",-5.44427345778116,21.7116063010491,2.33329302631291,0.00205729362091947,0.829041953718334,0.441544475659594,0.165627810063646,10,1,150,0.441315540583741,-0.0344845419177708,10,1.85708768241991,0,-7.66793,2771,0.2,0,15,"both",0.441315540583741,-0.0344845419177708
"1483","session1",-5.44427345778116,21.7116063010491,2.33329302631291,0.00205729362091947,0.829041953718334,0.441544475659594,0.165627810063646,10,1,150,0.441315540583741,-0.0344845419177708,10,4.02619592479207,0,-21.32921,2771,0.2,0,15,"both",0.441315540583741,-0.0344845419177708
"1484","session1",-5.44427345778116,21.7116063010491,2.33329302631291,0.00205729362091947,0.829041953718334,0.441544475659594,0.165627810063646,10,1,150,0.441315540583741,-0.0344845419177708,10,2.30735095885358,1,31.80186,2771,0.2,0,15,"both",0.441315540583741,-0.0344845419177708
"1485","session1",-5.44427345778116,21.7116063010491,2.33329302631291,0.00205729362091947,0.829041953718334,0.441544475659594,0.165627810063646,10,1,150,0.441315540583741,-0.0344845419177708,10,2.53967242217781,0,-26.60559,2771,0.2,0,15,"both",0.441315540583741,-0.0344845419177708
"1486","session1",-5.44427345778116,21.7116063010491,2.33329302631291,0.00205729362091947,0.829041953718334,0.441544475659594,0.165627810063646,10,1,150,0.441315540583741,-0.0344845419177708,10,3.20187706973875,1,18.419074,2771,0.2,0,15,"both",0.441315540583741,-0.0344845419177708
"1487","session1",-5.44427345778116,21.7116063010491,2.33329302631291,0.00205729362091947,0.829041953718334,0.441544475659594,0.165627810063646,10,1,150,0.441315540583741,-0.0344845419177708,10,3.10856245720002,0,-18.11918,2771,0.2,0,15,"both",0.441315540583741,-0.0344845419177708
"1488","session1",-5.44427345778116,21.7116063010491,2.33329302631291,0.00205729362091947,0.829041953718334,0.441544475659594,0.165627810063646,10,1,150,0.441315540583741,-0.0344845419177708,10,2.56852434324396,0,11.52087,2771,0.2,0,15,"both",0.441315540583741,-0.0344845419177708
"1489","session1",-5.44427345778116,21.7116063010491,2.33329302631291,0.00205729362091947,0.829041953718334,0.441544475659594,0.165627810063646,10,1,150,0.441315540583741,-0.0344845419177708,10,4.67577704400827,0,-19.73274,2771,0.2,0,15,"both",0.441315540583741,-0.0344845419177708
"1490","session1",-5.44427345778116,21.7116063010491,2.33329302631291,0.00205729362091947,0.829041953718334,0.441544475659594,0.165627810063646,10,1,150,0.441315540583741,-0.0344845419177708,10,1.98154771560998,1,16.77214,2771,0.2,0,15,"both",0.441315540583741,-0.0344845419177708
"1491","session1",-5.44427345778116,21.7116063010491,2.33329302631291,0.00205729362091947,0.829041953718334,0.441544475659594,0.165627810063646,10,1,150,0.441315540583741,-0.0344845419177708,10,4.70632742755197,1,-14.9341,2771,0.2,0,15,"both",0.441315540583741,-0.0344845419177708
"1492","session1",-5.44427345778116,21.7116063010491,2.33329302631291,0.00205729362091947,0.829041953718334,0.441544475659594,0.165627810063646,10,1,150,0.441315540583741,-0.0344845419177708,10,4.08923733958903,1,12.52635,2771,0.2,0,15,"both",0.441315540583741,-0.0344845419177708
"1493","session1",-5.44427345778116,21.7116063010491,2.33329302631291,0.00205729362091947,0.829041953718334,0.441544475659594,0.165627810063646,10,1,150,0.441315540583741,-0.0344845419177708,10,7.36162923938461,0,-19.15963,2771,0.2,0,15,"both",0.441315540583741,-0.0344845419177708
"1494","session1",-5.44427345778116,21.7116063010491,2.33329302631291,0.00205729362091947,0.829041953718334,0.441544475659594,0.165627810063646,10,1,150,0.441315540583741,-0.0344845419177708,10,2.14492936414691,1,21.75422,2771,0.2,0,15,"both",0.441315540583741,-0.0344845419177708
"1495","session1",-5.44427345778116,21.7116063010491,2.33329302631291,0.00205729362091947,0.829041953718334,0.441544475659594,0.165627810063646,10,1,150,0.441315540583741,-0.0344845419177708,10,4.02982202400592,1,23.15289,2771,0.2,0,15,"both",0.441315540583741,-0.0344845419177708
"1496","session1",-5.44427345778116,21.7116063010491,2.33329302631291,0.00205729362091947,0.829041953718334,0.441544475659594,0.165627810063646,10,1,150,0.441315540583741,-0.0344845419177708,10,2.80194850670257,0,-15.95658,2771,0.2,0,15,"both",0.441315540583741,-0.0344845419177708
"1497","session1",-5.44427345778116,21.7116063010491,2.33329302631291,0.00205729362091947,0.829041953718334,0.441544475659594,0.165627810063646,10,1,150,0.441315540583741,-0.0344845419177708,10,3.43266651566705,1,10.73074,2771,0.2,0,15,"both",0.441315540583741,-0.0344845419177708
"1498","session1",-5.44427345778116,21.7116063010491,2.33329302631291,0.00205729362091947,0.829041953718334,0.441544475659594,0.165627810063646,10,1,150,0.441315540583741,-0.0344845419177708,10,3.045674815226,1,15.743069,2771,0.2,0,15,"both",0.441315540583741,-0.0344845419177708
"1499","session1",-5.44427345778116,21.7116063010491,2.33329302631291,0.00205729362091947,0.829041953718334,0.441544475659594,0.165627810063646,10,1,150,0.441315540583741,-0.0344845419177708,10,2.51745697259004,0,-19.03502,2771,0.2,0,15,"both",0.441315540583741,-0.0344845419177708
"1500","session1",-5.44427345778116,21.7116063010491,2.33329302631291,0.00205729362091947,0.829041953718334,0.441544475659594,0.165627810063646,10,1,150,0.441315540583741,-0.0344845419177708,10,3.52712736399738,1,6.26477,2771,0.2,0,15,"both",0.441315540583741,-0.0344845419177708
"1501","session1",-1.80349624775979,25.8647922081856,2.28267269090514,0.000561569316640261,0.719398091263079,0.524086870875394,0.230534091243195,11,1,150,0.441315540583741,-0.0344845419177708,11,3.7872857807948,1,7.1636448366,2771,0.2,0,15,"both",0.441315540583741,-0.0344845419177708
"1502","session1",-1.80349624775979,25.8647922081856,2.28267269090514,0.000561569316640261,0.719398091263079,0.524086870875394,0.230534091243195,11,1,150,0.441315540583741,-0.0344845419177708,11,2.08825177898137,0,-5.94258791962,2771,0.2,0,15,"both",0.441315540583741,-0.0344845419177708
"1503","session1",-1.80349624775979,25.8647922081856,2.28267269090514,0.000561569316640261,0.719398091263079,0.524086870875394,0.230534091243195,11,1,150,0.441315540583741,-0.0344845419177708,11,2.1045355068175,0,-0.3924474772,2771,0.2,0,15,"both",0.441315540583741,-0.0344845419177708
"1504","session1",-1.80349624775979,25.8647922081856,2.28267269090514,0.000561569316640261,0.719398091263079,0.524086870875394,0.230534091243195,11,1,150,0.441315540583741,-0.0344845419177708,11,2.12988810000976,0,3.3847605403,2771,0.2,0,15,"both",0.441315540583741,-0.0344845419177708
"1505","session1",-1.80349624775979,25.8647922081856,2.28267269090514,0.000561569316640261,0.719398091263079,0.524086870875394,0.230534091243195,11,1,150,0.441315540583741,-0.0344845419177708,11,4.44640021148186,1,-6.605261,2771,0.2,0,15,"both",0.441315540583741,-0.0344845419177708
"1506","session1",-1.80349624775979,25.8647922081856,2.28267269090514,0.000561569316640261,0.719398091263079,0.524086870875394,0.230534091243195,11,1,150,0.441315540583741,-0.0344845419177708,11,5.79705419250417,1,15.14414,2771,0.2,0,15,"both",0.441315540583741,-0.0344845419177708
"1507","session1",-1.80349624775979,25.8647922081856,2.28267269090514,0.000561569316640261,0.719398091263079,0.524086870875394,0.230534091243195,11,1,150,0.441315540583741,-0.0344845419177708,11,5.31725244930435,1,32.68861,2771,0.2,0,15,"both",0.441315540583741,-0.0344845419177708
"1508","session1",-1.80349624775979,25.8647922081856,2.28267269090514,0.000561569316640261,0.719398091263079,0.524086870875394,0.230534091243195,11,1,150,0.441315540583741,-0.0344845419177708,11,3.53393583104091,1,7.36843,2771,0.2,0,15,"both",0.441315540583741,-0.0344845419177708
"1509","session1",-1.80349624775979,25.8647922081856,2.28267269090514,0.000561569316640261,0.719398091263079,0.524086870875394,0.230534091243195,11,1,150,0.441315540583741,-0.0344845419177708,11,3.19413996633054,0,2.6705524443,2771,0.2,0,15,"both",0.441315540583741,-0.0344845419177708
"1510","session1",-1.80349624775979,25.8647922081856,2.28267269090514,0.000561569316640261,0.719398091263079,0.524086870875394,0.230534091243195,11,1,150,0.441315540583741,-0.0344845419177708,11,2.95452994396578,1,-3.76819,2771,0.2,0,15,"both",0.441315540583741,-0.0344845419177708
"1511","session1",-1.80349624775979,25.8647922081856,2.28267269090514,0.000561569316640261,0.719398091263079,0.524086870875394,0.230534091243195,11,1,150,0.441315540583741,-0.0344845419177708,11,3.33749231388357,0,-35.39857,2771,0.2,0,15,"both",0.441315540583741,-0.0344845419177708
"1512","session1",-1.80349624775979,25.8647922081856,2.28267269090514,0.000561569316640261,0.719398091263079,0.524086870875394,0.230534091243195,11,1,150,0.441315540583741,-0.0344845419177708,11,4.20354511242561,1,9.59993,2771,0.2,0,15,"both",0.441315540583741,-0.0344845419177708
"1513","session1",-1.80349624775979,25.8647922081856,2.28267269090514,0.000561569316640261,0.719398091263079,0.524086870875394,0.230534091243195,11,1,150,0.441315540583741,-0.0344845419177708,11,3.26814610246866,0,-3.8605267953,2771,0.2,0,15,"both",0.441315540583741,-0.0344845419177708
"1514","session1",-1.80349624775979,25.8647922081856,2.28267269090514,0.000561569316640261,0.719398091263079,0.524086870875394,0.230534091243195,11,1,150,0.441315540583741,-0.0344845419177708,11,1.90034263560558,0,1.19420767607,2771,0.2,0,15,"both",0.441315540583741,-0.0344845419177708
"1515","session1",-1.80349624775979,25.8647922081856,2.28267269090514,0.000561569316640261,0.719398091263079,0.524086870875394,0.230534091243195,11,1,150,0.441315540583741,-0.0344845419177708,11,4.41922468085171,1,7.1803,2771,0.2,0,15,"both",0.441315540583741,-0.0344845419177708
"1516","session1",-1.80349624775979,25.8647922081856,2.28267269090514,0.000561569316640261,0.719398091263079,0.524086870875394,0.230534091243195,11,1,150,0.441315540583741,-0.0344845419177708,11,3.08545616463789,1,2.5646019782,2771,0.2,0,15,"both",0.441315540583741,-0.0344845419177708
"1517","session1",-1.80349624775979,25.8647922081856,2.28267269090514,0.000561569316640261,0.719398091263079,0.524086870875394,0.230534091243195,11,1,150,0.441315540583741,-0.0344845419177708,11,2.2575614984651,1,31.95843,2771,0.2,0,15,"both",0.441315540583741,-0.0344845419177708
"1518","session1",-1.80349624775979,25.8647922081856,2.28267269090514,0.000561569316640261,0.719398091263079,0.524086870875394,0.230534091243195,11,1,150,0.441315540583741,-0.0344845419177708,11,3.95552973739908,0,-9.29004,2771,0.2,0,15,"both",0.441315540583741,-0.0344845419177708
"1519","session1",-1.80349624775979,25.8647922081856,2.28267269090514,0.000561569316640261,0.719398091263079,0.524086870875394,0.230534091243195,11,1,150,0.441315540583741,-0.0344845419177708,11,2.51197543929591,0,-20.09967,2771,0.2,0,15,"both",0.441315540583741,-0.0344845419177708
"1520","session1",-1.80349624775979,25.8647922081856,2.28267269090514,0.000561569316640261,0.719398091263079,0.524086870875394,0.230534091243195,11,1,150,0.441315540583741,-0.0344845419177708,11,2.92861035165378,0,0.45796297207,2771,0.2,0,15,"both",0.441315540583741,-0.0344845419177708
"1521","session1",-1.80349624775979,25.8647922081856,2.28267269090514,0.000561569316640261,0.719398091263079,0.524086870875394,0.230534091243195,11,1,150,0.441315540583741,-0.0344845419177708,11,2.63757270486152,1,-8.77109,2771,0.2,0,15,"both",0.441315540583741,-0.0344845419177708
"1522","session1",-1.80349624775979,25.8647922081856,2.28267269090514,0.000561569316640261,0.719398091263079,0.524086870875394,0.230534091243195,11,1,150,0.441315540583741,-0.0344845419177708,11,2.86963953182901,0,-27.28186,2771,0.2,0,15,"both",0.441315540583741,-0.0344845419177708
"1523","session1",-1.80349624775979,25.8647922081856,2.28267269090514,0.000561569316640261,0.719398091263079,0.524086870875394,0.230534091243195,11,1,150,0.441315540583741,-0.0344845419177708,11,2.29792944418879,0,-13.42096,2771,0.2,0,15,"both",0.441315540583741,-0.0344845419177708
"1524","session1",-1.80349624775979,25.8647922081856,2.28267269090514,0.000561569316640261,0.719398091263079,0.524086870875394,0.230534091243195,11,1,150,0.441315540583741,-0.0344845419177708,11,1.12144035921082,1,-31.36836,2771,0.2,0,15,"both",0.441315540583741,-0.0344845419177708
"1525","session1",-1.80349624775979,25.8647922081856,2.28267269090514,0.000561569316640261,0.719398091263079,0.524086870875394,0.230534091243195,11,1,150,0.441315540583741,-0.0344845419177708,11,2.65883929223931,1,15.05614,2771,0.2,0,15,"both",0.441315540583741,-0.0344845419177708
"1526","session1",-1.80349624775979,25.8647922081856,2.28267269090514,0.000561569316640261,0.719398091263079,0.524086870875394,0.230534091243195,11,1,150,0.441315540583741,-0.0344845419177708,11,3.11424985834674,1,27.65778,2771,0.2,0,15,"both",0.441315540583741,-0.0344845419177708
"1527","session1",-1.80349624775979,25.8647922081856,2.28267269090514,0.000561569316640261,0.719398091263079,0.524086870875394,0.230534091243195,11,1,150,0.441315540583741,-0.0344845419177708,11,2.92434721451252,1,6.76188,2771,0.2,0,15,"both",0.441315540583741,-0.0344845419177708
"1528","session1",-1.80349624775979,25.8647922081856,2.28267269090514,0.000561569316640261,0.719398091263079,0.524086870875394,0.230534091243195,11,1,150,0.441315540583741,-0.0344845419177708,11,6.33140568175928,0,-4.24877,2771,0.2,0,15,"both",0.441315540583741,-0.0344845419177708
"1529","session1",-1.80349624775979,25.8647922081856,2.28267269090514,0.000561569316640261,0.719398091263079,0.524086870875394,0.230534091243195,11,1,150,0.441315540583741,-0.0344845419177708,11,3.35483033412383,1,-20.5236986,2771,0.2,0,15,"both",0.441315540583741,-0.0344845419177708
"1530","session1",-1.80349624775979,25.8647922081856,2.28267269090514,0.000561569316640261,0.719398091263079,0.524086870875394,0.230534091243195,11,1,150,0.441315540583741,-0.0344845419177708,11,3.85528526797761,0,3.9102,2771,0.2,0,15,"both",0.441315540583741,-0.0344845419177708
"1531","session1",-1.80349624775979,25.8647922081856,2.28267269090514,0.000561569316640261,0.719398091263079,0.524086870875394,0.230534091243195,11,1,150,0.441315540583741,-0.0344845419177708,11,2.05796182265871,1,3.63746,2771,0.2,0,15,"both",0.441315540583741,-0.0344845419177708
"1532","session1",-1.80349624775979,25.8647922081856,2.28267269090514,0.000561569316640261,0.719398091263079,0.524086870875394,0.230534091243195,11,1,150,0.441315540583741,-0.0344845419177708,11,5.78780136676741,1,15.1824,2771,0.2,0,15,"both",0.441315540583741,-0.0344845419177708
"1533","session1",-1.80349624775979,25.8647922081856,2.28267269090514,0.000561569316640261,0.719398091263079,0.524086870875394,0.230534091243195,11,1,150,0.441315540583741,-0.0344845419177708,11,5.85844925924826,1,6.221572,2771,0.2,0,15,"both",0.441315540583741,-0.0344845419177708
"1534","session1",-1.80349624775979,25.8647922081856,2.28267269090514,0.000561569316640261,0.719398091263079,0.524086870875394,0.230534091243195,11,1,150,0.441315540583741,-0.0344845419177708,11,5.10157215665652,0,4.88524,2771,0.2,0,15,"both",0.441315540583741,-0.0344845419177708
"1535","session1",-1.80349624775979,25.8647922081856,2.28267269090514,0.000561569316640261,0.719398091263079,0.524086870875394,0.230534091243195,11,1,150,0.441315540583741,-0.0344845419177708,11,4.86900734327665,0,5.58776,2771,0.2,0,15,"both",0.441315540583741,-0.0344845419177708
"1536","session1",-1.80349624775979,25.8647922081856,2.28267269090514,0.000561569316640261,0.719398091263079,0.524086870875394,0.230534091243195,11,1,150,0.441315540583741,-0.0344845419177708,11,3.38195978505428,1,-2.53397,2771,0.2,0,15,"both",0.441315540583741,-0.0344845419177708
"1537","session1",-1.80349624775979,25.8647922081856,2.28267269090514,0.000561569316640261,0.719398091263079,0.524086870875394,0.230534091243195,11,1,150,0.441315540583741,-0.0344845419177708,11,4.52992474274421,1,0.3156388588,2771,0.2,0,15,"both",0.441315540583741,-0.0344845419177708
"1538","session1",-1.80349624775979,25.8647922081856,2.28267269090514,0.000561569316640261,0.719398091263079,0.524086870875394,0.230534091243195,11,1,150,0.441315540583741,-0.0344845419177708,11,5.40156207792462,1,10.86838,2771,0.2,0,15,"both",0.441315540583741,-0.0344845419177708
"1539","session1",-1.80349624775979,25.8647922081856,2.28267269090514,0.000561569316640261,0.719398091263079,0.524086870875394,0.230534091243195,11,1,150,0.441315540583741,-0.0344845419177708,11,4.83243551232316,0,-37.82033,2771,0.2,0,15,"both",0.441315540583741,-0.0344845419177708
"1540","session1",-1.80349624775979,25.8647922081856,2.28267269090514,0.000561569316640261,0.719398091263079,0.524086870875394,0.230534091243195,11,1,150,0.441315540583741,-0.0344845419177708,11,2.99024741118872,1,-0.00403999999999982,2771,0.2,0,15,"both",0.441315540583741,-0.0344845419177708
"1541","session1",-1.80349624775979,25.8647922081856,2.28267269090514,0.000561569316640261,0.719398091263079,0.524086870875394,0.230534091243195,11,1,150,0.441315540583741,-0.0344845419177708,11,5.18719558195523,1,35.1962126,2771,0.2,0,15,"both",0.441315540583741,-0.0344845419177708
"1542","session1",-1.80349624775979,25.8647922081856,2.28267269090514,0.000561569316640261,0.719398091263079,0.524086870875394,0.230534091243195,11,1,150,0.441315540583741,-0.0344845419177708,11,3.66478836883925,0,-5.12493466158,2771,0.2,0,15,"both",0.441315540583741,-0.0344845419177708
"1543","session1",-1.80349624775979,25.8647922081856,2.28267269090514,0.000561569316640261,0.719398091263079,0.524086870875394,0.230534091243195,11,1,150,0.441315540583741,-0.0344845419177708,11,3.1463318908884,1,23.37511,2771,0.2,0,15,"both",0.441315540583741,-0.0344845419177708
"1544","session1",-1.80349624775979,25.8647922081856,2.28267269090514,0.000561569316640261,0.719398091263079,0.524086870875394,0.230534091243195,11,1,150,0.441315540583741,-0.0344845419177708,11,8,1,-9.467,2771,0.2,0,15,"both",0.441315540583741,-0.0344845419177708
"1545","session1",-1.80349624775979,25.8647922081856,2.28267269090514,0.000561569316640261,0.719398091263079,0.524086870875394,0.230534091243195,11,1,150,0.441315540583741,-0.0344845419177708,11,2.72222111243359,0,26.34995,2771,0.2,0,15,"both",0.441315540583741,-0.0344845419177708
"1546","session1",-1.80349624775979,25.8647922081856,2.28267269090514,0.000561569316640261,0.719398091263079,0.524086870875394,0.230534091243195,11,1,150,0.441315540583741,-0.0344845419177708,11,1.67639787508556,0,-33.325299,2771,0.2,0,15,"both",0.441315540583741,-0.0344845419177708
"1547","session1",-1.80349624775979,25.8647922081856,2.28267269090514,0.000561569316640261,0.719398091263079,0.524086870875394,0.230534091243195,11,1,150,0.441315540583741,-0.0344845419177708,11,2.44030928111762,1,-29.25145,2771,0.2,0,15,"both",0.441315540583741,-0.0344845419177708
"1548","session1",-1.80349624775979,25.8647922081856,2.28267269090514,0.000561569316640261,0.719398091263079,0.524086870875394,0.230534091243195,11,1,150,0.441315540583741,-0.0344845419177708,11,1.70440007191781,0,-6.5721027141,2771,0.2,0,15,"both",0.441315540583741,-0.0344845419177708
"1549","session1",-1.80349624775979,25.8647922081856,2.28267269090514,0.000561569316640261,0.719398091263079,0.524086870875394,0.230534091243195,11,1,150,0.441315540583741,-0.0344845419177708,11,1.97288387877643,0,-36.5533,2771,0.2,0,15,"both",0.441315540583741,-0.0344845419177708
"1550","session1",-1.80349624775979,25.8647922081856,2.28267269090514,0.000561569316640261,0.719398091263079,0.524086870875394,0.230534091243195,11,1,150,0.441315540583741,-0.0344845419177708,11,2.70946768237434,1,40.90716,2771,0.2,0,15,"both",0.441315540583741,-0.0344845419177708
"1551","session1",-1.80349624775979,25.8647922081856,2.28267269090514,0.000561569316640261,0.719398091263079,0.524086870875394,0.230534091243195,11,1,150,0.441315540583741,-0.0344845419177708,11,2.21100198826755,0,-46.8461,2771,0.2,0,15,"both",0.441315540583741,-0.0344845419177708
"1552","session1",-1.80349624775979,25.8647922081856,2.28267269090514,0.000561569316640261,0.719398091263079,0.524086870875394,0.230534091243195,11,1,150,0.441315540583741,-0.0344845419177708,11,3.34273622108411,1,10.8981,2771,0.2,0,15,"both",0.441315540583741,-0.0344845419177708
"1553","session1",-1.80349624775979,25.8647922081856,2.28267269090514,0.000561569316640261,0.719398091263079,0.524086870875394,0.230534091243195,11,1,150,0.441315540583741,-0.0344845419177708,11,2.04768624450969,1,15.09908,2771,0.2,0,15,"both",0.441315540583741,-0.0344845419177708
"1554","session1",-1.80349624775979,25.8647922081856,2.28267269090514,0.000561569316640261,0.719398091263079,0.524086870875394,0.230534091243195,11,1,150,0.441315540583741,-0.0344845419177708,11,2.89022191623641,0,-15.482963,2771,0.2,0,15,"both",0.441315540583741,-0.0344845419177708
"1555","session1",-1.80349624775979,25.8647922081856,2.28267269090514,0.000561569316640261,0.719398091263079,0.524086870875394,0.230534091243195,11,1,150,0.441315540583741,-0.0344845419177708,11,6.56615931067347,1,7.6233,2771,0.2,0,15,"both",0.441315540583741,-0.0344845419177708
"1556","session1",-1.80349624775979,25.8647922081856,2.28267269090514,0.000561569316640261,0.719398091263079,0.524086870875394,0.230534091243195,11,1,150,0.441315540583741,-0.0344845419177708,11,1.67497111091307,1,32.63211,2771,0.2,0,15,"both",0.441315540583741,-0.0344845419177708
"1557","session1",-1.80349624775979,25.8647922081856,2.28267269090514,0.000561569316640261,0.719398091263079,0.524086870875394,0.230534091243195,11,1,150,0.441315540583741,-0.0344845419177708,11,4.92305616039905,0,-14.75794,2771,0.2,0,15,"both",0.441315540583741,-0.0344845419177708
"1558","session1",-1.80349624775979,25.8647922081856,2.28267269090514,0.000561569316640261,0.719398091263079,0.524086870875394,0.230534091243195,11,1,150,0.441315540583741,-0.0344845419177708,11,3.06333538994689,1,-5.50565,2771,0.2,0,15,"both",0.441315540583741,-0.0344845419177708
"1559","session1",-1.80349624775979,25.8647922081856,2.28267269090514,0.000561569316640261,0.719398091263079,0.524086870875394,0.230534091243195,11,1,150,0.441315540583741,-0.0344845419177708,11,2.82799597890275,1,-13.93748,2771,0.2,0,15,"both",0.441315540583741,-0.0344845419177708
"1560","session1",-1.80349624775979,25.8647922081856,2.28267269090514,0.000561569316640261,0.719398091263079,0.524086870875394,0.230534091243195,11,1,150,0.441315540583741,-0.0344845419177708,11,2.25291202899152,0,-31.69218,2771,0.2,0,15,"both",0.441315540583741,-0.0344845419177708
"1561","session1",-1.80349624775979,25.8647922081856,2.28267269090514,0.000561569316640261,0.719398091263079,0.524086870875394,0.230534091243195,11,1,150,0.441315540583741,-0.0344845419177708,11,8,1,17.08851,2771,0.2,0,15,"both",0.441315540583741,-0.0344845419177708
"1562","session1",-1.80349624775979,25.8647922081856,2.28267269090514,0.000561569316640261,0.719398091263079,0.524086870875394,0.230534091243195,11,1,150,0.441315540583741,-0.0344845419177708,11,4.27573499095806,0,2.2045,2771,0.2,0,15,"both",0.441315540583741,-0.0344845419177708
"1563","session1",-1.80349624775979,25.8647922081856,2.28267269090514,0.000561569316640261,0.719398091263079,0.524086870875394,0.230534091243195,11,1,150,0.441315540583741,-0.0344845419177708,11,3.89744876275086,1,-38.9301,2771,0.2,0,15,"both",0.441315540583741,-0.0344845419177708
"1564","session1",-1.80349624775979,25.8647922081856,2.28267269090514,0.000561569316640261,0.719398091263079,0.524086870875394,0.230534091243195,11,1,150,0.441315540583741,-0.0344845419177708,11,2.38002180954853,0,-7.105544186,2771,0.2,0,15,"both",0.441315540583741,-0.0344845419177708
"1565","session1",-1.80349624775979,25.8647922081856,2.28267269090514,0.000561569316640261,0.719398091263079,0.524086870875394,0.230534091243195,11,1,150,0.441315540583741,-0.0344845419177708,11,2.94136753644171,1,-20.18296,2771,0.2,0,15,"both",0.441315540583741,-0.0344845419177708
"1566","session1",-1.80349624775979,25.8647922081856,2.28267269090514,0.000561569316640261,0.719398091263079,0.524086870875394,0.230534091243195,11,1,150,0.441315540583741,-0.0344845419177708,11,2.81981220672797,0,-30.1076,2771,0.2,0,15,"both",0.441315540583741,-0.0344845419177708
"1567","session1",-1.80349624775979,25.8647922081856,2.28267269090514,0.000561569316640261,0.719398091263079,0.524086870875394,0.230534091243195,11,1,150,0.441315540583741,-0.0344845419177708,11,8,0,-6.79869689746,2771,0.2,0,15,"both",0.441315540583741,-0.0344845419177708
"1568","session1",-1.80349624775979,25.8647922081856,2.28267269090514,0.000561569316640261,0.719398091263079,0.524086870875394,0.230534091243195,11,1,150,0.441315540583741,-0.0344845419177708,11,8,1,8.33701,2771,0.2,0,15,"both",0.441315540583741,-0.0344845419177708
"1569","session1",-1.80349624775979,25.8647922081856,2.28267269090514,0.000561569316640261,0.719398091263079,0.524086870875394,0.230534091243195,11,1,150,0.441315540583741,-0.0344845419177708,11,3.0235838693457,1,7.139342,2771,0.2,0,15,"both",0.441315540583741,-0.0344845419177708
"1570","session1",-1.80349624775979,25.8647922081856,2.28267269090514,0.000561569316640261,0.719398091263079,0.524086870875394,0.230534091243195,11,1,150,0.441315540583741,-0.0344845419177708,11,5.57609747254569,0,-13.25986,2771,0.2,0,15,"both",0.441315540583741,-0.0344845419177708
"1571","session1",-1.80349624775979,25.8647922081856,2.28267269090514,0.000561569316640261,0.719398091263079,0.524086870875394,0.230534091243195,11,1,150,0.441315540583741,-0.0344845419177708,11,4.31076633578873,1,-7.586928,2771,0.2,0,15,"both",0.441315540583741,-0.0344845419177708
"1572","session1",-1.80349624775979,25.8647922081856,2.28267269090514,0.000561569316640261,0.719398091263079,0.524086870875394,0.230534091243195,11,1,150,0.441315540583741,-0.0344845419177708,11,4.04845334019723,1,-19.70984,2771,0.2,0,15,"both",0.441315540583741,-0.0344845419177708
"1573","session1",-1.80349624775979,25.8647922081856,2.28267269090514,0.000561569316640261,0.719398091263079,0.524086870875394,0.230534091243195,11,1,150,0.441315540583741,-0.0344845419177708,11,4.49778677650478,1,-8.0683826672,2771,0.2,0,15,"both",0.441315540583741,-0.0344845419177708
"1574","session1",-1.80349624775979,25.8647922081856,2.28267269090514,0.000561569316640261,0.719398091263079,0.524086870875394,0.230534091243195,11,1,150,0.441315540583741,-0.0344845419177708,11,3.16603969455231,1,30.1988,2771,0.2,0,15,"both",0.441315540583741,-0.0344845419177708
"1575","session1",-1.80349624775979,25.8647922081856,2.28267269090514,0.000561569316640261,0.719398091263079,0.524086870875394,0.230534091243195,11,1,150,0.441315540583741,-0.0344845419177708,11,3.10659680888311,0,23.77292,2771,0.2,0,15,"both",0.441315540583741,-0.0344845419177708
"1576","session1",-1.80349624775979,25.8647922081856,2.28267269090514,0.000561569316640261,0.719398091263079,0.524086870875394,0.230534091243195,11,1,150,0.441315540583741,-0.0344845419177708,11,2.42531743907856,1,7.6717,2771,0.2,0,15,"both",0.441315540583741,-0.0344845419177708
"1577","session1",-1.80349624775979,25.8647922081856,2.28267269090514,0.000561569316640261,0.719398091263079,0.524086870875394,0.230534091243195,11,1,150,0.441315540583741,-0.0344845419177708,11,4.03020558640142,1,33.33686,2771,0.2,0,15,"both",0.441315540583741,-0.0344845419177708
"1578","session1",-1.80349624775979,25.8647922081856,2.28267269090514,0.000561569316640261,0.719398091263079,0.524086870875394,0.230534091243195,11,1,150,0.441315540583741,-0.0344845419177708,11,2.30831368575428,0,-47.2671,2771,0.2,0,15,"both",0.441315540583741,-0.0344845419177708
"1579","session1",-1.80349624775979,25.8647922081856,2.28267269090514,0.000561569316640261,0.719398091263079,0.524086870875394,0.230534091243195,11,1,150,0.441315540583741,-0.0344845419177708,11,2.31714629431497,1,48.94032,2771,0.2,0,15,"both",0.441315540583741,-0.0344845419177708
"1580","session1",-1.80349624775979,25.8647922081856,2.28267269090514,0.000561569316640261,0.719398091263079,0.524086870875394,0.230534091243195,11,1,150,0.441315540583741,-0.0344845419177708,11,8,0,-33.0021,2771,0.2,0,15,"both",0.441315540583741,-0.0344845419177708
"1581","session1",-1.80349624775979,25.8647922081856,2.28267269090514,0.000561569316640261,0.719398091263079,0.524086870875394,0.230534091243195,11,1,150,0.441315540583741,-0.0344845419177708,11,4.5962691516774,0,-31.87304,2771,0.2,0,15,"both",0.441315540583741,-0.0344845419177708
"1582","session1",-1.80349624775979,25.8647922081856,2.28267269090514,0.000561569316640261,0.719398091263079,0.524086870875394,0.230534091243195,11,1,150,0.441315540583741,-0.0344845419177708,11,5.89024821498668,1,23.5712,2771,0.2,0,15,"both",0.441315540583741,-0.0344845419177708
"1583","session1",-1.80349624775979,25.8647922081856,2.28267269090514,0.000561569316640261,0.719398091263079,0.524086870875394,0.230534091243195,11,1,150,0.441315540583741,-0.0344845419177708,11,3.67252702833276,0,-30.2685,2771,0.2,0,15,"both",0.441315540583741,-0.0344845419177708
"1584","session1",-1.80349624775979,25.8647922081856,2.28267269090514,0.000561569316640261,0.719398091263079,0.524086870875394,0.230534091243195,11,1,150,0.441315540583741,-0.0344845419177708,11,1.70407968937639,0,-37.06555,2771,0.2,0,15,"both",0.441315540583741,-0.0344845419177708
"1585","session1",-1.80349624775979,25.8647922081856,2.28267269090514,0.000561569316640261,0.719398091263079,0.524086870875394,0.230534091243195,11,1,150,0.441315540583741,-0.0344845419177708,11,3.99599255270679,0,-0.8393,2771,0.2,0,15,"both",0.441315540583741,-0.0344845419177708
"1586","session1",-1.80349624775979,25.8647922081856,2.28267269090514,0.000561569316640261,0.719398091263079,0.524086870875394,0.230534091243195,11,1,150,0.441315540583741,-0.0344845419177708,11,2.73967519530041,0,-45.43369,2771,0.2,0,15,"both",0.441315540583741,-0.0344845419177708
"1587","session1",-1.80349624775979,25.8647922081856,2.28267269090514,0.000561569316640261,0.719398091263079,0.524086870875394,0.230534091243195,11,1,150,0.441315540583741,-0.0344845419177708,11,3.55514486950946,0,-34.91661,2771,0.2,0,15,"both",0.441315540583741,-0.0344845419177708
"1588","session1",-1.80349624775979,25.8647922081856,2.28267269090514,0.000561569316640261,0.719398091263079,0.524086870875394,0.230534091243195,11,1,150,0.441315540583741,-0.0344845419177708,11,1.12295023164037,0,-25.3712,2771,0.2,0,15,"both",0.441315540583741,-0.0344845419177708
"1589","session1",-1.80349624775979,25.8647922081856,2.28267269090514,0.000561569316640261,0.719398091263079,0.524086870875394,0.230534091243195,11,1,150,0.441315540583741,-0.0344845419177708,11,2.85911741451651,1,7.83325,2771,0.2,0,15,"both",0.441315540583741,-0.0344845419177708
"1590","session1",-1.80349624775979,25.8647922081856,2.28267269090514,0.000561569316640261,0.719398091263079,0.524086870875394,0.230534091243195,11,1,150,0.441315540583741,-0.0344845419177708,11,3.31415194622448,0,-32.026,2771,0.2,0,15,"both",0.441315540583741,-0.0344845419177708
"1591","session1",-1.80349624775979,25.8647922081856,2.28267269090514,0.000561569316640261,0.719398091263079,0.524086870875394,0.230534091243195,11,1,150,0.441315540583741,-0.0344845419177708,11,3.21995089864964,0,-26.30311,2771,0.2,0,15,"both",0.441315540583741,-0.0344845419177708
"1592","session1",-1.80349624775979,25.8647922081856,2.28267269090514,0.000561569316640261,0.719398091263079,0.524086870875394,0.230534091243195,11,1,150,0.441315540583741,-0.0344845419177708,11,0.868907446914502,1,38.57015,2771,0.2,0,15,"both",0.441315540583741,-0.0344845419177708
"1593","session1",-1.80349624775979,25.8647922081856,2.28267269090514,0.000561569316640261,0.719398091263079,0.524086870875394,0.230534091243195,11,1,150,0.441315540583741,-0.0344845419177708,11,3.69965988989534,1,17.06011,2771,0.2,0,15,"both",0.441315540583741,-0.0344845419177708
"1594","session1",-1.80349624775979,25.8647922081856,2.28267269090514,0.000561569316640261,0.719398091263079,0.524086870875394,0.230534091243195,11,1,150,0.441315540583741,-0.0344845419177708,11,1.70187340619196,1,7.05033,2771,0.2,0,15,"both",0.441315540583741,-0.0344845419177708
"1595","session1",-1.80349624775979,25.8647922081856,2.28267269090514,0.000561569316640261,0.719398091263079,0.524086870875394,0.230534091243195,11,1,150,0.441315540583741,-0.0344845419177708,11,1.86520473139297,1,6.15623,2771,0.2,0,15,"both",0.441315540583741,-0.0344845419177708
"1596","session1",-1.80349624775979,25.8647922081856,2.28267269090514,0.000561569316640261,0.719398091263079,0.524086870875394,0.230534091243195,11,1,150,0.441315540583741,-0.0344845419177708,11,1.22802556138146,0,28.68415,2771,0.2,0,15,"both",0.441315540583741,-0.0344845419177708
"1597","session1",-1.80349624775979,25.8647922081856,2.28267269090514,0.000561569316640261,0.719398091263079,0.524086870875394,0.230534091243195,11,1,150,0.441315540583741,-0.0344845419177708,11,1.6044025675224,0,16.1843,2771,0.2,0,15,"both",0.441315540583741,-0.0344845419177708
"1598","session1",-1.80349624775979,25.8647922081856,2.28267269090514,0.000561569316640261,0.719398091263079,0.524086870875394,0.230534091243195,11,1,150,0.441315540583741,-0.0344845419177708,11,6.39845159179906,1,28.4822,2771,0.2,0,15,"both",0.441315540583741,-0.0344845419177708
"1599","session1",-1.80349624775979,25.8647922081856,2.28267269090514,0.000561569316640261,0.719398091263079,0.524086870875394,0.230534091243195,11,1,150,0.441315540583741,-0.0344845419177708,11,2.46165552023581,0,-16.22339,2771,0.2,0,15,"both",0.441315540583741,-0.0344845419177708
"1600","session1",-1.80349624775979,25.8647922081856,2.28267269090514,0.000561569316640261,0.719398091263079,0.524086870875394,0.230534091243195,11,1,150,0.441315540583741,-0.0344845419177708,11,1.58812486584515,0,-9.311521,2771,0.2,0,15,"both",0.441315540583741,-0.0344845419177708
"1601","session1",-1.80349624775979,25.8647922081856,2.28267269090514,0.000561569316640261,0.719398091263079,0.524086870875394,0.230534091243195,11,1,150,0.441315540583741,-0.0344845419177708,11,5.84698951634485,0,-32.75986,2771,0.2,0,15,"both",0.441315540583741,-0.0344845419177708
"1602","session1",-1.80349624775979,25.8647922081856,2.28267269090514,0.000561569316640261,0.719398091263079,0.524086870875394,0.230534091243195,11,1,150,0.441315540583741,-0.0344845419177708,11,1.79267429730559,1,28.77299,2771,0.2,0,15,"both",0.441315540583741,-0.0344845419177708
"1603","session1",-1.80349624775979,25.8647922081856,2.28267269090514,0.000561569316640261,0.719398091263079,0.524086870875394,0.230534091243195,11,1,150,0.441315540583741,-0.0344845419177708,11,2.28076030640423,1,20.54215,2771,0.2,0,15,"both",0.441315540583741,-0.0344845419177708
"1604","session1",-1.80349624775979,25.8647922081856,2.28267269090514,0.000561569316640261,0.719398091263079,0.524086870875394,0.230534091243195,11,1,150,0.441315540583741,-0.0344845419177708,11,8,1,8.76907,2771,0.2,0,15,"both",0.441315540583741,-0.0344845419177708
"1605","session1",-1.80349624775979,25.8647922081856,2.28267269090514,0.000561569316640261,0.719398091263079,0.524086870875394,0.230534091243195,11,1,150,0.441315540583741,-0.0344845419177708,11,1.82933240273285,1,11.08566,2771,0.2,0,15,"both",0.441315540583741,-0.0344845419177708
"1606","session1",-1.80349624775979,25.8647922081856,2.28267269090514,0.000561569316640261,0.719398091263079,0.524086870875394,0.230534091243195,11,1,150,0.441315540583741,-0.0344845419177708,11,5.8874363053029,0,-25.61584,2771,0.2,0,15,"both",0.441315540583741,-0.0344845419177708
"1607","session1",-1.80349624775979,25.8647922081856,2.28267269090514,0.000561569316640261,0.719398091263079,0.524086870875394,0.230534091243195,11,1,150,0.441315540583741,-0.0344845419177708,11,4.61920175186466,0,-16.01217,2771,0.2,0,15,"both",0.441315540583741,-0.0344845419177708
"1608","session1",-1.80349624775979,25.8647922081856,2.28267269090514,0.000561569316640261,0.719398091263079,0.524086870875394,0.230534091243195,11,1,150,0.441315540583741,-0.0344845419177708,11,8,1,-22.72975,2771,0.2,0,15,"both",0.441315540583741,-0.0344845419177708
"1609","session1",-1.80349624775979,25.8647922081856,2.28267269090514,0.000561569316640261,0.719398091263079,0.524086870875394,0.230534091243195,11,1,150,0.441315540583741,-0.0344845419177708,11,2.72563412174242,1,-19.363752,2771,0.2,0,15,"both",0.441315540583741,-0.0344845419177708
"1610","session1",-1.80349624775979,25.8647922081856,2.28267269090514,0.000561569316640261,0.719398091263079,0.524086870875394,0.230534091243195,11,1,150,0.441315540583741,-0.0344845419177708,11,2.79473890766063,1,-10.50996,2771,0.2,0,15,"both",0.441315540583741,-0.0344845419177708
"1611","session1",-1.80349624775979,25.8647922081856,2.28267269090514,0.000561569316640261,0.719398091263079,0.524086870875394,0.230534091243195,11,1,150,0.441315540583741,-0.0344845419177708,11,4.28422680023458,1,19.69888,2771,0.2,0,15,"both",0.441315540583741,-0.0344845419177708
"1612","session1",-1.80349624775979,25.8647922081856,2.28267269090514,0.000561569316640261,0.719398091263079,0.524086870875394,0.230534091243195,11,1,150,0.441315540583741,-0.0344845419177708,11,4.1080373715776,1,17.83134,2771,0.2,0,15,"both",0.441315540583741,-0.0344845419177708
"1613","session1",-1.80349624775979,25.8647922081856,2.28267269090514,0.000561569316640261,0.719398091263079,0.524086870875394,0.230534091243195,11,1,150,0.441315540583741,-0.0344845419177708,11,2.52871143507211,1,28.85302,2771,0.2,0,15,"both",0.441315540583741,-0.0344845419177708
"1614","session1",-1.80349624775979,25.8647922081856,2.28267269090514,0.000561569316640261,0.719398091263079,0.524086870875394,0.230534091243195,11,1,150,0.441315540583741,-0.0344845419177708,11,1.0674147850981,1,11.42721,2771,0.2,0,15,"both",0.441315540583741,-0.0344845419177708
"1615","session1",-1.80349624775979,25.8647922081856,2.28267269090514,0.000561569316640261,0.719398091263079,0.524086870875394,0.230534091243195,11,1,150,0.441315540583741,-0.0344845419177708,11,5.80863915873089,1,17.87749,2771,0.2,0,15,"both",0.441315540583741,-0.0344845419177708
"1616","session1",-1.80349624775979,25.8647922081856,2.28267269090514,0.000561569316640261,0.719398091263079,0.524086870875394,0.230534091243195,11,1,150,0.441315540583741,-0.0344845419177708,11,3.01791875277732,0,-17.7894361,2771,0.2,0,15,"both",0.441315540583741,-0.0344845419177708
"1617","session1",-1.80349624775979,25.8647922081856,2.28267269090514,0.000561569316640261,0.719398091263079,0.524086870875394,0.230534091243195,11,1,150,0.441315540583741,-0.0344845419177708,11,3.82639120320343,0,-39.386978,2771,0.2,0,15,"both",0.441315540583741,-0.0344845419177708
"1618","session1",-1.80349624775979,25.8647922081856,2.28267269090514,0.000561569316640261,0.719398091263079,0.524086870875394,0.230534091243195,11,1,150,0.441315540583741,-0.0344845419177708,11,4.33883192343665,1,8.94057,2771,0.2,0,15,"both",0.441315540583741,-0.0344845419177708
"1619","session1",-1.80349624775979,25.8647922081856,2.28267269090514,0.000561569316640261,0.719398091263079,0.524086870875394,0.230534091243195,11,1,150,0.441315540583741,-0.0344845419177708,11,5.54695593430004,1,15.82286,2771,0.2,0,15,"both",0.441315540583741,-0.0344845419177708
"1620","session1",-1.80349624775979,25.8647922081856,2.28267269090514,0.000561569316640261,0.719398091263079,0.524086870875394,0.230534091243195,11,1,150,0.441315540583741,-0.0344845419177708,11,1.72670031977876,0,15.11478,2771,0.2,0,15,"both",0.441315540583741,-0.0344845419177708
"1621","session1",-1.80349624775979,25.8647922081856,2.28267269090514,0.000561569316640261,0.719398091263079,0.524086870875394,0.230534091243195,11,1,150,0.441315540583741,-0.0344845419177708,11,2.9603926834455,0,11.91934,2771,0.2,0,15,"both",0.441315540583741,-0.0344845419177708
"1622","session1",-1.80349624775979,25.8647922081856,2.28267269090514,0.000561569316640261,0.719398091263079,0.524086870875394,0.230534091243195,11,1,150,0.441315540583741,-0.0344845419177708,11,1.60598413540988,0,-40.15354,2771,0.2,0,15,"both",0.441315540583741,-0.0344845419177708
"1623","session1",-1.80349624775979,25.8647922081856,2.28267269090514,0.000561569316640261,0.719398091263079,0.524086870875394,0.230534091243195,11,1,150,0.441315540583741,-0.0344845419177708,11,3.28110411188523,0,-24.25096,2771,0.2,0,15,"both",0.441315540583741,-0.0344845419177708
"1624","session1",-1.80349624775979,25.8647922081856,2.28267269090514,0.000561569316640261,0.719398091263079,0.524086870875394,0.230534091243195,11,1,150,0.441315540583741,-0.0344845419177708,11,2.17639567950323,0,-35.9033,2771,0.2,0,15,"both",0.441315540583741,-0.0344845419177708
"1625","session1",-1.80349624775979,25.8647922081856,2.28267269090514,0.000561569316640261,0.719398091263079,0.524086870875394,0.230534091243195,11,1,150,0.441315540583741,-0.0344845419177708,11,2.13934101865537,0,-20.773732,2771,0.2,0,15,"both",0.441315540583741,-0.0344845419177708
"1626","session1",-1.80349624775979,25.8647922081856,2.28267269090514,0.000561569316640261,0.719398091263079,0.524086870875394,0.230534091243195,11,1,150,0.441315540583741,-0.0344845419177708,11,2.83873937588382,1,9.39147,2771,0.2,0,15,"both",0.441315540583741,-0.0344845419177708
"1627","session1",-1.80349624775979,25.8647922081856,2.28267269090514,0.000561569316640261,0.719398091263079,0.524086870875394,0.230534091243195,11,1,150,0.441315540583741,-0.0344845419177708,11,3.15809354148051,1,13.10817,2771,0.2,0,15,"both",0.441315540583741,-0.0344845419177708
"1628","session1",-1.80349624775979,25.8647922081856,2.28267269090514,0.000561569316640261,0.719398091263079,0.524086870875394,0.230534091243195,11,1,150,0.441315540583741,-0.0344845419177708,11,3.34218075541441,1,33.13004,2771,0.2,0,15,"both",0.441315540583741,-0.0344845419177708
"1629","session1",-1.80349624775979,25.8647922081856,2.28267269090514,0.000561569316640261,0.719398091263079,0.524086870875394,0.230534091243195,11,1,150,0.441315540583741,-0.0344845419177708,11,2.51801603046914,1,-1.71704,2771,0.2,0,15,"both",0.441315540583741,-0.0344845419177708
"1630","session1",-1.80349624775979,25.8647922081856,2.28267269090514,0.000561569316640261,0.719398091263079,0.524086870875394,0.230534091243195,11,1,150,0.441315540583741,-0.0344845419177708,11,2.80996273477951,0,23.6296,2771,0.2,0,15,"both",0.441315540583741,-0.0344845419177708
"1631","session1",-1.80349624775979,25.8647922081856,2.28267269090514,0.000561569316640261,0.719398091263079,0.524086870875394,0.230534091243195,11,1,150,0.441315540583741,-0.0344845419177708,11,5.1583440412844,1,5.44438,2771,0.2,0,15,"both",0.441315540583741,-0.0344845419177708
"1632","session1",-1.80349624775979,25.8647922081856,2.28267269090514,0.000561569316640261,0.719398091263079,0.524086870875394,0.230534091243195,11,1,150,0.441315540583741,-0.0344845419177708,11,1.60473204751561,1,-31.01004,2771,0.2,0,15,"both",0.441315540583741,-0.0344845419177708
"1633","session1",-1.80349624775979,25.8647922081856,2.28267269090514,0.000561569316640261,0.719398091263079,0.524086870875394,0.230534091243195,11,1,150,0.441315540583741,-0.0344845419177708,11,2.4818596647033,0,-30.36208,2771,0.2,0,15,"both",0.441315540583741,-0.0344845419177708
"1634","session1",-1.80349624775979,25.8647922081856,2.28267269090514,0.000561569316640261,0.719398091263079,0.524086870875394,0.230534091243195,11,1,150,0.441315540583741,-0.0344845419177708,11,4.46325680745538,0,-21.58041,2771,0.2,0,15,"both",0.441315540583741,-0.0344845419177708
"1635","session1",-1.80349624775979,25.8647922081856,2.28267269090514,0.000561569316640261,0.719398091263079,0.524086870875394,0.230534091243195,11,1,150,0.441315540583741,-0.0344845419177708,11,3.12540055921831,1,17.33377,2771,0.2,0,15,"both",0.441315540583741,-0.0344845419177708
"1636","session1",-1.80349624775979,25.8647922081856,2.28267269090514,0.000561569316640261,0.719398091263079,0.524086870875394,0.230534091243195,11,1,150,0.441315540583741,-0.0344845419177708,11,3.81568113546531,1,-25.71214,2771,0.2,0,15,"both",0.441315540583741,-0.0344845419177708
"1637","session1",-1.80349624775979,25.8647922081856,2.28267269090514,0.000561569316640261,0.719398091263079,0.524086870875394,0.230534091243195,11,1,150,0.441315540583741,-0.0344845419177708,11,6.62976571313032,1,13.29643,2771,0.2,0,15,"both",0.441315540583741,-0.0344845419177708
"1638","session1",-1.80349624775979,25.8647922081856,2.28267269090514,0.000561569316640261,0.719398091263079,0.524086870875394,0.230534091243195,11,1,150,0.441315540583741,-0.0344845419177708,11,2.0030496255211,1,22.8061,2771,0.2,0,15,"both",0.441315540583741,-0.0344845419177708
"1639","session1",-1.80349624775979,25.8647922081856,2.28267269090514,0.000561569316640261,0.719398091263079,0.524086870875394,0.230534091243195,11,1,150,0.441315540583741,-0.0344845419177708,11,3.30254947873629,0,6.6236,2771,0.2,0,15,"both",0.441315540583741,-0.0344845419177708
"1640","session1",-1.80349624775979,25.8647922081856,2.28267269090514,0.000561569316640261,0.719398091263079,0.524086870875394,0.230534091243195,11,1,150,0.441315540583741,-0.0344845419177708,11,3.59140631452428,0,12.96216,2771,0.2,0,15,"both",0.441315540583741,-0.0344845419177708
"1641","session1",-1.80349624775979,25.8647922081856,2.28267269090514,0.000561569316640261,0.719398091263079,0.524086870875394,0.230534091243195,11,1,150,0.441315540583741,-0.0344845419177708,11,1.91468957022682,0,-44.6036,2771,0.2,0,15,"both",0.441315540583741,-0.0344845419177708
"1642","session1",-1.80349624775979,25.8647922081856,2.28267269090514,0.000561569316640261,0.719398091263079,0.524086870875394,0.230534091243195,11,1,150,0.441315540583741,-0.0344845419177708,11,7.76097196099813,0,10.5967,2771,0.2,0,15,"both",0.441315540583741,-0.0344845419177708
"1643","session1",-1.80349624775979,25.8647922081856,2.28267269090514,0.000561569316640261,0.719398091263079,0.524086870875394,0.230534091243195,11,1,150,0.441315540583741,-0.0344845419177708,11,2.23550088432382,1,18.32857,2771,0.2,0,15,"both",0.441315540583741,-0.0344845419177708
"1644","session1",-1.80349624775979,25.8647922081856,2.28267269090514,0.000561569316640261,0.719398091263079,0.524086870875394,0.230534091243195,11,1,150,0.441315540583741,-0.0344845419177708,11,4.15114318721164,0,-31.99955,2771,0.2,0,15,"both",0.441315540583741,-0.0344845419177708
"1645","session1",-1.80349624775979,25.8647922081856,2.28267269090514,0.000561569316640261,0.719398091263079,0.524086870875394,0.230534091243195,11,1,150,0.441315540583741,-0.0344845419177708,11,1.22233023206359,1,32.10494,2771,0.2,0,15,"both",0.441315540583741,-0.0344845419177708
"1646","session1",-1.80349624775979,25.8647922081856,2.28267269090514,0.000561569316640261,0.719398091263079,0.524086870875394,0.230534091243195,11,1,150,0.441315540583741,-0.0344845419177708,11,4.57169974708738,1,49.93284,2771,0.2,0,15,"both",0.441315540583741,-0.0344845419177708
"1647","session1",-1.80349624775979,25.8647922081856,2.28267269090514,0.000561569316640261,0.719398091263079,0.524086870875394,0.230534091243195,11,1,150,0.441315540583741,-0.0344845419177708,11,3.83232125254662,0,-7.83365,2771,0.2,0,15,"both",0.441315540583741,-0.0344845419177708
"1648","session1",-1.80349624775979,25.8647922081856,2.28267269090514,0.000561569316640261,0.719398091263079,0.524086870875394,0.230534091243195,11,1,150,0.441315540583741,-0.0344845419177708,11,3.59224403661524,1,14.54063,2771,0.2,0,15,"both",0.441315540583741,-0.0344845419177708
"1649","session1",-1.80349624775979,25.8647922081856,2.28267269090514,0.000561569316640261,0.719398091263079,0.524086870875394,0.230534091243195,11,1,150,0.441315540583741,-0.0344845419177708,11,2.47125308238525,1,17.5961,2771,0.2,0,15,"both",0.441315540583741,-0.0344845419177708
"1650","session1",-1.80349624775979,25.8647922081856,2.28267269090514,0.000561569316640261,0.719398091263079,0.524086870875394,0.230534091243195,11,1,150,0.441315540583741,-0.0344845419177708,11,3.19815545431038,0,-35.7533,2771,0.2,0,15,"both",0.441315540583741,-0.0344845419177708
"1651","session1",-9.96282330976346,12.1871456418951,3.87254239637699,2.6260278230393e-06,0.31569826701637,0.43090309642054,0.405789505930851,12,1,150,0.441315540583741,-0.0344845419177708,12,3.77430581957519,1,-8.6238679911,2771,0.2,0,15,"both",0.441315540583741,-0.0344845419177708
"1652","session1",-9.96282330976346,12.1871456418951,3.87254239637699,2.6260278230393e-06,0.31569826701637,0.43090309642054,0.405789505930851,12,1,150,0.441315540583741,-0.0344845419177708,12,5.30572494222073,0,-8.6042768965,2771,0.2,0,15,"both",0.441315540583741,-0.0344845419177708
"1653","session1",-9.96282330976346,12.1871456418951,3.87254239637699,2.6260278230393e-06,0.31569826701637,0.43090309642054,0.405789505930851,12,1,150,0.441315540583741,-0.0344845419177708,12,4.97595460363095,1,-1.27612680152,2771,0.2,0,15,"both",0.441315540583741,-0.0344845419177708
"1654","session1",-9.96282330976346,12.1871456418951,3.87254239637699,2.6260278230393e-06,0.31569826701637,0.43090309642054,0.405789505930851,12,1,150,0.441315540583741,-0.0344845419177708,12,4.18850352639269,0,-9.9949290132,2771,0.2,0,15,"both",0.441315540583741,-0.0344845419177708
"1655","session1",-9.96282330976346,12.1871456418951,3.87254239637699,2.6260278230393e-06,0.31569826701637,0.43090309642054,0.405789505930851,12,1,150,0.441315540583741,-0.0344845419177708,12,1.37955193154405,0,-11.99214,2771,0.2,0,15,"both",0.441315540583741,-0.0344845419177708
"1656","session1",-9.96282330976346,12.1871456418951,3.87254239637699,2.6260278230393e-06,0.31569826701637,0.43090309642054,0.405789505930851,12,1,150,0.441315540583741,-0.0344845419177708,12,3.39291850031813,1,1.268377,2771,0.2,0,15,"both",0.441315540583741,-0.0344845419177708
"1657","session1",-9.96282330976346,12.1871456418951,3.87254239637699,2.6260278230393e-06,0.31569826701637,0.43090309642054,0.405789505930851,12,1,150,0.441315540583741,-0.0344845419177708,12,7.15530067893108,0,-6.18963,2771,0.2,0,15,"both",0.441315540583741,-0.0344845419177708
"1658","session1",-9.96282330976346,12.1871456418951,3.87254239637699,2.6260278230393e-06,0.31569826701637,0.43090309642054,0.405789505930851,12,1,150,0.441315540583741,-0.0344845419177708,12,3.34650547582992,1,-12.7634,2771,0.2,0,15,"both",0.441315540583741,-0.0344845419177708
"1659","session1",-9.96282330976346,12.1871456418951,3.87254239637699,2.6260278230393e-06,0.31569826701637,0.43090309642054,0.405789505930851,12,1,150,0.441315540583741,-0.0344845419177708,12,3.3595047836148,0,-7.22379,2771,0.2,0,15,"both",0.441315540583741,-0.0344845419177708
"1660","session1",-9.96282330976346,12.1871456418951,3.87254239637699,2.6260278230393e-06,0.31569826701637,0.43090309642054,0.405789505930851,12,1,150,0.441315540583741,-0.0344845419177708,12,4.04658366321216,0,-9.10065,2771,0.2,0,15,"both",0.441315540583741,-0.0344845419177708
"1661","session1",-9.96282330976346,12.1871456418951,3.87254239637699,2.6260278230393e-06,0.31569826701637,0.43090309642054,0.405789505930851,12,1,150,0.441315540583741,-0.0344845419177708,12,2.47553842426932,1,43.805691,2771,0.2,0,15,"both",0.441315540583741,-0.0344845419177708
"1662","session1",-9.96282330976346,12.1871456418951,3.87254239637699,2.6260278230393e-06,0.31569826701637,0.43090309642054,0.405789505930851,12,1,150,0.441315540583741,-0.0344845419177708,12,2.08354734695351,1,-1.1758231575,2771,0.2,0,15,"both",0.441315540583741,-0.0344845419177708
"1663","session1",-9.96282330976346,12.1871456418951,3.87254239637699,2.6260278230393e-06,0.31569826701637,0.43090309642054,0.405789505930851,12,1,150,0.441315540583741,-0.0344845419177708,12,2.804009901702,0,-5.09156,2771,0.2,0,15,"both",0.441315540583741,-0.0344845419177708
"1664","session1",-9.96282330976346,12.1871456418951,3.87254239637699,2.6260278230393e-06,0.31569826701637,0.43090309642054,0.405789505930851,12,1,150,0.441315540583741,-0.0344845419177708,12,3.12775618663806,1,3.12952,2771,0.2,0,15,"both",0.441315540583741,-0.0344845419177708
"1665","session1",-9.96282330976346,12.1871456418951,3.87254239637699,2.6260278230393e-06,0.31569826701637,0.43090309642054,0.405789505930851,12,1,150,0.441315540583741,-0.0344845419177708,12,4.2388331650925,0,-14.7864,2771,0.2,0,15,"both",0.441315540583741,-0.0344845419177708
"1666","session1",-9.96282330976346,12.1871456418951,3.87254239637699,2.6260278230393e-06,0.31569826701637,0.43090309642054,0.405789505930851,12,1,150,0.441315540583741,-0.0344845419177708,12,2.98998074697723,1,-0.72867,2771,0.2,0,15,"both",0.441315540583741,-0.0344845419177708
"1667","session1",-9.96282330976346,12.1871456418951,3.87254239637699,2.6260278230393e-06,0.31569826701637,0.43090309642054,0.405789505930851,12,1,150,0.441315540583741,-0.0344845419177708,12,2.91226505465435,0,-20.30949,2771,0.2,0,15,"both",0.441315540583741,-0.0344845419177708
"1668","session1",-9.96282330976346,12.1871456418951,3.87254239637699,2.6260278230393e-06,0.31569826701637,0.43090309642054,0.405789505930851,12,1,150,0.441315540583741,-0.0344845419177708,12,1.83289860950039,1,18.79594,2771,0.2,0,15,"both",0.441315540583741,-0.0344845419177708
"1669","session1",-9.96282330976346,12.1871456418951,3.87254239637699,2.6260278230393e-06,0.31569826701637,0.43090309642054,0.405789505930851,12,1,150,0.441315540583741,-0.0344845419177708,12,3.63164062567356,0,-15.07412,2771,0.2,0,15,"both",0.441315540583741,-0.0344845419177708
"1670","session1",-9.96282330976346,12.1871456418951,3.87254239637699,2.6260278230393e-06,0.31569826701637,0.43090309642054,0.405789505930851,12,1,150,0.441315540583741,-0.0344845419177708,12,4.00874002676471,1,5.36752,2771,0.2,0,15,"both",0.441315540583741,-0.0344845419177708
"1671","session1",-9.96282330976346,12.1871456418951,3.87254239637699,2.6260278230393e-06,0.31569826701637,0.43090309642054,0.405789505930851,12,1,150,0.441315540583741,-0.0344845419177708,12,2.35309179694014,1,5.36585,2771,0.2,0,15,"both",0.441315540583741,-0.0344845419177708
"1672","session1",-9.96282330976346,12.1871456418951,3.87254239637699,2.6260278230393e-06,0.31569826701637,0.43090309642054,0.405789505930851,12,1,150,0.441315540583741,-0.0344845419177708,12,3.48921325193956,1,-6.26008,2771,0.2,0,15,"both",0.441315540583741,-0.0344845419177708
"1673","session1",-9.96282330976346,12.1871456418951,3.87254239637699,2.6260278230393e-06,0.31569826701637,0.43090309642054,0.405789505930851,12,1,150,0.441315540583741,-0.0344845419177708,12,2.00948873643105,0,-29.00642,2771,0.2,0,15,"both",0.441315540583741,-0.0344845419177708
"1674","session1",-9.96282330976346,12.1871456418951,3.87254239637699,2.6260278230393e-06,0.31569826701637,0.43090309642054,0.405789505930851,12,1,150,0.441315540583741,-0.0344845419177708,12,5.39654220794822,1,-2.11614,2771,0.2,0,15,"both",0.441315540583741,-0.0344845419177708
"1675","session1",-9.96282330976346,12.1871456418951,3.87254239637699,2.6260278230393e-06,0.31569826701637,0.43090309642054,0.405789505930851,12,1,150,0.441315540583741,-0.0344845419177708,12,1.19347824690491,1,3.53569,2771,0.2,0,15,"both",0.441315540583741,-0.0344845419177708
"1676","session1",-9.96282330976346,12.1871456418951,3.87254239637699,2.6260278230393e-06,0.31569826701637,0.43090309642054,0.405789505930851,12,1,150,0.441315540583741,-0.0344845419177708,12,2.8210213489245,0,-7.07638,2771,0.2,0,15,"both",0.441315540583741,-0.0344845419177708
"1677","session1",-9.96282330976346,12.1871456418951,3.87254239637699,2.6260278230393e-06,0.31569826701637,0.43090309642054,0.405789505930851,12,1,150,0.441315540583741,-0.0344845419177708,12,5.77747053093668,0,-3.07678,2771,0.2,0,15,"both",0.441315540583741,-0.0344845419177708
"1678","session1",-9.96282330976346,12.1871456418951,3.87254239637699,2.6260278230393e-06,0.31569826701637,0.43090309642054,0.405789505930851,12,1,150,0.441315540583741,-0.0344845419177708,12,7.61824365655455,1,-1.38607,2771,0.2,0,15,"both",0.441315540583741,-0.0344845419177708
"1679","session1",-9.96282330976346,12.1871456418951,3.87254239637699,2.6260278230393e-06,0.31569826701637,0.43090309642054,0.405789505930851,12,1,150,0.441315540583741,-0.0344845419177708,12,6.25703866643755,1,-3.66795,2771,0.2,0,15,"both",0.441315540583741,-0.0344845419177708
"1680","session1",-9.96282330976346,12.1871456418951,3.87254239637699,2.6260278230393e-06,0.31569826701637,0.43090309642054,0.405789505930851,12,1,150,0.441315540583741,-0.0344845419177708,12,5.75459082797267,0,-4.06507,2771,0.2,0,15,"both",0.441315540583741,-0.0344845419177708
"1681","session1",-9.96282330976346,12.1871456418951,3.87254239637699,2.6260278230393e-06,0.31569826701637,0.43090309642054,0.405789505930851,12,1,150,0.441315540583741,-0.0344845419177708,12,3.7905330244641,1,-3.31315,2771,0.2,0,15,"both",0.441315540583741,-0.0344845419177708
"1682","session1",-9.96282330976346,12.1871456418951,3.87254239637699,2.6260278230393e-06,0.31569826701637,0.43090309642054,0.405789505930851,12,1,150,0.441315540583741,-0.0344845419177708,12,2.2874018116179,1,8.73202,2771,0.2,0,15,"both",0.441315540583741,-0.0344845419177708
"1683","session1",-9.96282330976346,12.1871456418951,3.87254239637699,2.6260278230393e-06,0.31569826701637,0.43090309642054,0.405789505930851,12,1,150,0.441315540583741,-0.0344845419177708,12,4.876001608033,1,-4.18296,2771,0.2,0,15,"both",0.441315540583741,-0.0344845419177708
"1684","session1",-9.96282330976346,12.1871456418951,3.87254239637699,2.6260278230393e-06,0.31569826701637,0.43090309642054,0.405789505930851,12,1,150,0.441315540583741,-0.0344845419177708,12,2.46919534636804,0,-14.43378,2771,0.2,0,15,"both",0.441315540583741,-0.0344845419177708
"1685","session1",-9.96282330976346,12.1871456418951,3.87254239637699,2.6260278230393e-06,0.31569826701637,0.43090309642054,0.405789505930851,12,1,150,0.441315540583741,-0.0344845419177708,12,4.49859390803532,1,-2.0281,2771,0.2,0,15,"both",0.441315540583741,-0.0344845419177708
"1686","session1",-9.96282330976346,12.1871456418951,3.87254239637699,2.6260278230393e-06,0.31569826701637,0.43090309642054,0.405789505930851,12,1,150,0.441315540583741,-0.0344845419177708,12,2.23697870628679,0,6.58609,2771,0.2,0,15,"both",0.441315540583741,-0.0344845419177708
"1687","session1",-9.96282330976346,12.1871456418951,3.87254239637699,2.6260278230393e-06,0.31569826701637,0.43090309642054,0.405789505930851,12,1,150,0.441315540583741,-0.0344845419177708,12,5.45300527433847,0,-9.76709,2771,0.2,0,15,"both",0.441315540583741,-0.0344845419177708
"1688","session1",-9.96282330976346,12.1871456418951,3.87254239637699,2.6260278230393e-06,0.31569826701637,0.43090309642054,0.405789505930851,12,1,150,0.441315540583741,-0.0344845419177708,12,7.37075765002987,0,-7.0501,2771,0.2,0,15,"both",0.441315540583741,-0.0344845419177708
"1689","session1",-9.96282330976346,12.1871456418951,3.87254239637699,2.6260278230393e-06,0.31569826701637,0.43090309642054,0.405789505930851,12,1,150,0.441315540583741,-0.0344845419177708,12,6.50154295483012,0,-8.08735,2771,0.2,0,15,"both",0.441315540583741,-0.0344845419177708
"1690","session1",-9.96282330976346,12.1871456418951,3.87254239637699,2.6260278230393e-06,0.31569826701637,0.43090309642054,0.405789505930851,12,1,150,0.441315540583741,-0.0344845419177708,12,3.82378360317357,0,-8.72124,2771,0.2,0,15,"both",0.441315540583741,-0.0344845419177708
"1691","session1",-9.96282330976346,12.1871456418951,3.87254239637699,2.6260278230393e-06,0.31569826701637,0.43090309642054,0.405789505930851,12,1,150,0.441315540583741,-0.0344845419177708,12,4.31873103829566,0,-5.9521,2771,0.2,0,15,"both",0.441315540583741,-0.0344845419177708
"1692","session1",-9.96282330976346,12.1871456418951,3.87254239637699,2.6260278230393e-06,0.31569826701637,0.43090309642054,0.405789505930851,12,1,150,0.441315540583741,-0.0344845419177708,12,5.61278786296571,0,-7.5788,2771,0.2,0,15,"both",0.441315540583741,-0.0344845419177708
"1693","session1",-9.96282330976346,12.1871456418951,3.87254239637699,2.6260278230393e-06,0.31569826701637,0.43090309642054,0.405789505930851,12,1,150,0.441315540583741,-0.0344845419177708,12,4.09558699074087,1,1.94065,2771,0.2,0,15,"both",0.441315540583741,-0.0344845419177708
"1694","session1",-9.96282330976346,12.1871456418951,3.87254239637699,2.6260278230393e-06,0.31569826701637,0.43090309642054,0.405789505930851,12,1,150,0.441315540583741,-0.0344845419177708,12,4.07164491252609,1,-6.37854,2771,0.2,0,15,"both",0.441315540583741,-0.0344845419177708
"1695","session1",-9.96282330976346,12.1871456418951,3.87254239637699,2.6260278230393e-06,0.31569826701637,0.43090309642054,0.405789505930851,12,1,150,0.441315540583741,-0.0344845419177708,12,3.47334608624307,0,-7.84211,2771,0.2,0,15,"both",0.441315540583741,-0.0344845419177708
"1696","session1",-9.96282330976346,12.1871456418951,3.87254239637699,2.6260278230393e-06,0.31569826701637,0.43090309642054,0.405789505930851,12,1,150,0.441315540583741,-0.0344845419177708,12,4.57626716951408,0,-6.7525,2771,0.2,0,15,"both",0.441315540583741,-0.0344845419177708
"1697","session1",-9.96282330976346,12.1871456418951,3.87254239637699,2.6260278230393e-06,0.31569826701637,0.43090309642054,0.405789505930851,12,1,150,0.441315540583741,-0.0344845419177708,12,2.37362100221461,0,-1.29698,2771,0.2,0,15,"both",0.441315540583741,-0.0344845419177708
"1698","session1",-9.96282330976346,12.1871456418951,3.87254239637699,2.6260278230393e-06,0.31569826701637,0.43090309642054,0.405789505930851,12,1,150,0.441315540583741,-0.0344845419177708,12,1.75307157802937,1,-0.73118,2771,0.2,0,15,"both",0.441315540583741,-0.0344845419177708
"1699","session1",-9.96282330976346,12.1871456418951,3.87254239637699,2.6260278230393e-06,0.31569826701637,0.43090309642054,0.405789505930851,12,1,150,0.441315540583741,-0.0344845419177708,12,2.67358553441304,0,-8.86803,2771,0.2,0,15,"both",0.441315540583741,-0.0344845419177708
"1700","session1",-9.96282330976346,12.1871456418951,3.87254239637699,2.6260278230393e-06,0.31569826701637,0.43090309642054,0.405789505930851,12,1,150,0.441315540583741,-0.0344845419177708,12,2.26131309501322,1,-5.70797,2771,0.2,0,15,"both",0.441315540583741,-0.0344845419177708
"1701","session1",-9.96282330976346,12.1871456418951,3.87254239637699,2.6260278230393e-06,0.31569826701637,0.43090309642054,0.405789505930851,12,1,150,0.441315540583741,-0.0344845419177708,12,2.15864551739627,0,-7.10163,2771,0.2,0,15,"both",0.441315540583741,-0.0344845419177708
"1702","session1",-9.96282330976346,12.1871456418951,3.87254239637699,2.6260278230393e-06,0.31569826701637,0.43090309642054,0.405789505930851,12,1,150,0.441315540583741,-0.0344845419177708,12,5.04432209575329,0,-2.14917,2771,0.2,0,15,"both",0.441315540583741,-0.0344845419177708
"1703","session1",-9.96282330976346,12.1871456418951,3.87254239637699,2.6260278230393e-06,0.31569826701637,0.43090309642054,0.405789505930851,12,1,150,0.441315540583741,-0.0344845419177708,12,4.44094777319617,1,-3.00712,2771,0.2,0,15,"both",0.441315540583741,-0.0344845419177708
"1704","session1",-9.96282330976346,12.1871456418951,3.87254239637699,2.6260278230393e-06,0.31569826701637,0.43090309642054,0.405789505930851,12,1,150,0.441315540583741,-0.0344845419177708,12,5.43688792856961,0,-6.3325,2771,0.2,0,15,"both",0.441315540583741,-0.0344845419177708
"1705","session1",-9.96282330976346,12.1871456418951,3.87254239637699,2.6260278230393e-06,0.31569826701637,0.43090309642054,0.405789505930851,12,1,150,0.441315540583741,-0.0344845419177708,12,2.63647365068195,1,-8.34814,2771,0.2,0,15,"both",0.441315540583741,-0.0344845419177708
"1706","session1",-9.96282330976346,12.1871456418951,3.87254239637699,2.6260278230393e-06,0.31569826701637,0.43090309642054,0.405789505930851,12,1,150,0.441315540583741,-0.0344845419177708,12,2.77285616122968,1,-1.71452,2771,0.2,0,15,"both",0.441315540583741,-0.0344845419177708
"1707","session1",-9.96282330976346,12.1871456418951,3.87254239637699,2.6260278230393e-06,0.31569826701637,0.43090309642054,0.405789505930851,12,1,150,0.441315540583741,-0.0344845419177708,12,5.74840215118921,0,-3.74588,2771,0.2,0,15,"both",0.441315540583741,-0.0344845419177708
"1708","session1",-9.96282330976346,12.1871456418951,3.87254239637699,2.6260278230393e-06,0.31569826701637,0.43090309642054,0.405789505930851,12,1,150,0.441315540583741,-0.0344845419177708,12,3.41928231498257,1,-4.20869,2771,0.2,0,15,"both",0.441315540583741,-0.0344845419177708
"1709","session1",-9.96282330976346,12.1871456418951,3.87254239637699,2.6260278230393e-06,0.31569826701637,0.43090309642054,0.405789505930851,12,1,150,0.441315540583741,-0.0344845419177708,12,2.9839062654621,1,-3.66092,2771,0.2,0,15,"both",0.441315540583741,-0.0344845419177708
"1710","session1",-9.96282330976346,12.1871456418951,3.87254239637699,2.6260278230393e-06,0.31569826701637,0.43090309642054,0.405789505930851,12,1,150,0.441315540583741,-0.0344845419177708,12,2.32890106170887,0,-6.88425,2771,0.2,0,15,"both",0.441315540583741,-0.0344845419177708
"1711","session1",-9.96282330976346,12.1871456418951,3.87254239637699,2.6260278230393e-06,0.31569826701637,0.43090309642054,0.405789505930851,12,1,150,0.441315540583741,-0.0344845419177708,12,3.52958591588997,0,-5.46842,2771,0.2,0,15,"both",0.441315540583741,-0.0344845419177708
"1712","session1",-9.96282330976346,12.1871456418951,3.87254239637699,2.6260278230393e-06,0.31569826701637,0.43090309642054,0.405789505930851,12,1,150,0.441315540583741,-0.0344845419177708,12,2.9740611618077,1,-2.32187,2771,0.2,0,15,"both",0.441315540583741,-0.0344845419177708
"1713","session1",-9.96282330976346,12.1871456418951,3.87254239637699,2.6260278230393e-06,0.31569826701637,0.43090309642054,0.405789505930851,12,1,150,0.441315540583741,-0.0344845419177708,12,3.35071842714884,0,-2.2856,2771,0.2,0,15,"both",0.441315540583741,-0.0344845419177708
"1714","session1",-9.96282330976346,12.1871456418951,3.87254239637699,2.6260278230393e-06,0.31569826701637,0.43090309642054,0.405789505930851,12,1,150,0.441315540583741,-0.0344845419177708,12,2.66312428426508,1,-3.16851,2771,0.2,0,15,"both",0.441315540583741,-0.0344845419177708
"1715","session1",-9.96282330976346,12.1871456418951,3.87254239637699,2.6260278230393e-06,0.31569826701637,0.43090309642054,0.405789505930851,12,1,150,0.441315540583741,-0.0344845419177708,12,3.31004063324705,1,-0.14388,2771,0.2,0,15,"both",0.441315540583741,-0.0344845419177708
"1716","session1",-9.96282330976346,12.1871456418951,3.87254239637699,2.6260278230393e-06,0.31569826701637,0.43090309642054,0.405789505930851,12,1,150,0.441315540583741,-0.0344845419177708,12,3.04565059996223,1,-2.1657,2771,0.2,0,15,"both",0.441315540583741,-0.0344845419177708
"1717","session1",-9.96282330976346,12.1871456418951,3.87254239637699,2.6260278230393e-06,0.31569826701637,0.43090309642054,0.405789505930851,12,1,150,0.441315540583741,-0.0344845419177708,12,3.47108670260445,1,-4.11027,2771,0.2,0,15,"both",0.441315540583741,-0.0344845419177708
"1718","session1",-9.96282330976346,12.1871456418951,3.87254239637699,2.6260278230393e-06,0.31569826701637,0.43090309642054,0.405789505930851,12,1,150,0.441315540583741,-0.0344845419177708,12,8,1,-5.71258,2771,0.2,0,15,"both",0.441315540583741,-0.0344845419177708
"1719","session1",-9.96282330976346,12.1871456418951,3.87254239637699,2.6260278230393e-06,0.31569826701637,0.43090309642054,0.405789505930851,12,1,150,0.441315540583741,-0.0344845419177708,12,4.173724455908,1,-1.54846,2771,0.2,0,15,"both",0.441315540583741,-0.0344845419177708
"1720","session1",-9.96282330976346,12.1871456418951,3.87254239637699,2.6260278230393e-06,0.31569826701637,0.43090309642054,0.405789505930851,12,1,150,0.441315540583741,-0.0344845419177708,12,3.59279290433582,0,-6.01364,2771,0.2,0,15,"both",0.441315540583741,-0.0344845419177708
"1721","session1",-9.96282330976346,12.1871456418951,3.87254239637699,2.6260278230393e-06,0.31569826701637,0.43090309642054,0.405789505930851,12,1,150,0.441315540583741,-0.0344845419177708,12,2.89604858530855,0,-2.45474,2771,0.2,0,15,"both",0.441315540583741,-0.0344845419177708
"1722","session1",-9.96282330976346,12.1871456418951,3.87254239637699,2.6260278230393e-06,0.31569826701637,0.43090309642054,0.405789505930851,12,1,150,0.441315540583741,-0.0344845419177708,12,4.61683769741101,1,-7.65018,2771,0.2,0,15,"both",0.441315540583741,-0.0344845419177708
"1723","session1",-9.96282330976346,12.1871456418951,3.87254239637699,2.6260278230393e-06,0.31569826701637,0.43090309642054,0.405789505930851,12,1,150,0.441315540583741,-0.0344845419177708,12,2.26991192162477,1,4.58493,2771,0.2,0,15,"both",0.441315540583741,-0.0344845419177708
"1724","session1",-9.96282330976346,12.1871456418951,3.87254239637699,2.6260278230393e-06,0.31569826701637,0.43090309642054,0.405789505930851,12,1,150,0.441315540583741,-0.0344845419177708,12,3.85363197452199,0,-1.96637,2771,0.2,0,15,"both",0.441315540583741,-0.0344845419177708
"1725","session1",-9.96282330976346,12.1871456418951,3.87254239637699,2.6260278230393e-06,0.31569826701637,0.43090309642054,0.405789505930851,12,1,150,0.441315540583741,-0.0344845419177708,12,3.56409989047212,0,-3.56583,2771,0.2,0,15,"both",0.441315540583741,-0.0344845419177708
"1726","session1",-9.96282330976346,12.1871456418951,3.87254239637699,2.6260278230393e-06,0.31569826701637,0.43090309642054,0.405789505930851,12,1,150,0.441315540583741,-0.0344845419177708,12,3.52931544061749,1,2.5871,2771,0.2,0,15,"both",0.441315540583741,-0.0344845419177708
"1727","session1",-9.96282330976346,12.1871456418951,3.87254239637699,2.6260278230393e-06,0.31569826701637,0.43090309642054,0.405789505930851,12,1,150,0.441315540583741,-0.0344845419177708,12,3.17762964372804,1,1.79787,2771,0.2,0,15,"both",0.441315540583741,-0.0344845419177708
"1728","session1",-9.96282330976346,12.1871456418951,3.87254239637699,2.6260278230393e-06,0.31569826701637,0.43090309642054,0.405789505930851,12,1,150,0.441315540583741,-0.0344845419177708,12,4.32538587460817,1,-6.84231,2771,0.2,0,15,"both",0.441315540583741,-0.0344845419177708
"1729","session1",-9.96282330976346,12.1871456418951,3.87254239637699,2.6260278230393e-06,0.31569826701637,0.43090309642054,0.405789505930851,12,1,150,0.441315540583741,-0.0344845419177708,12,3.21804091271108,1,-0.42823,2771,0.2,0,15,"both",0.441315540583741,-0.0344845419177708
"1730","session1",-9.96282330976346,12.1871456418951,3.87254239637699,2.6260278230393e-06,0.31569826701637,0.43090309642054,0.405789505930851,12,1,150,0.441315540583741,-0.0344845419177708,12,5.93671435600053,0,-11.14692,2771,0.2,0,15,"both",0.441315540583741,-0.0344845419177708
"1731","session1",-9.96282330976346,12.1871456418951,3.87254239637699,2.6260278230393e-06,0.31569826701637,0.43090309642054,0.405789505930851,12,1,150,0.441315540583741,-0.0344845419177708,12,6.5073788437883,1,-6.59901,2771,0.2,0,15,"both",0.441315540583741,-0.0344845419177708
"1732","session1",-9.96282330976346,12.1871456418951,3.87254239637699,2.6260278230393e-06,0.31569826701637,0.43090309642054,0.405789505930851,12,1,150,0.441315540583741,-0.0344845419177708,12,5.00270584156535,0,-9.62355,2771,0.2,0,15,"both",0.441315540583741,-0.0344845419177708
"1733","session1",-9.96282330976346,12.1871456418951,3.87254239637699,2.6260278230393e-06,0.31569826701637,0.43090309642054,0.405789505930851,12,1,150,0.441315540583741,-0.0344845419177708,12,2.21936917399536,0,0.30879,2771,0.2,0,15,"both",0.441315540583741,-0.0344845419177708
"1734","session1",-9.96282330976346,12.1871456418951,3.87254239637699,2.6260278230393e-06,0.31569826701637,0.43090309642054,0.405789505930851,12,1,150,0.441315540583741,-0.0344845419177708,12,2.80115102555908,0,-10.77777,2771,0.2,0,15,"both",0.441315540583741,-0.0344845419177708
"1735","session1",-9.96282330976346,12.1871456418951,3.87254239637699,2.6260278230393e-06,0.31569826701637,0.43090309642054,0.405789505930851,12,1,150,0.441315540583741,-0.0344845419177708,12,5.56557648948657,1,-1.07202,2771,0.2,0,15,"both",0.441315540583741,-0.0344845419177708
"1736","session1",-9.96282330976346,12.1871456418951,3.87254239637699,2.6260278230393e-06,0.31569826701637,0.43090309642054,0.405789505930851,12,1,150,0.441315540583741,-0.0344845419177708,12,4.17733318745463,1,-7.91865,2771,0.2,0,15,"both",0.441315540583741,-0.0344845419177708
"1737","session1",-9.96282330976346,12.1871456418951,3.87254239637699,2.6260278230393e-06,0.31569826701637,0.43090309642054,0.405789505930851,12,1,150,0.441315540583741,-0.0344845419177708,12,4.99303975715489,0,-8.93009,2771,0.2,0,15,"both",0.441315540583741,-0.0344845419177708
"1738","session1",-9.96282330976346,12.1871456418951,3.87254239637699,2.6260278230393e-06,0.31569826701637,0.43090309642054,0.405789505930851,12,1,150,0.441315540583741,-0.0344845419177708,12,8,1,-9.94826,2771,0.2,0,15,"both",0.441315540583741,-0.0344845419177708
"1739","session1",-9.96282330976346,12.1871456418951,3.87254239637699,2.6260278230393e-06,0.31569826701637,0.43090309642054,0.405789505930851,12,1,150,0.441315540583741,-0.0344845419177708,12,3.0836272611778,1,1.26253,2771,0.2,0,15,"both",0.441315540583741,-0.0344845419177708
"1740","session1",-9.96282330976346,12.1871456418951,3.87254239637699,2.6260278230393e-06,0.31569826701637,0.43090309642054,0.405789505930851,12,1,150,0.441315540583741,-0.0344845419177708,12,5.85688492156527,0,-13.29233,2771,0.2,0,15,"both",0.441315540583741,-0.0344845419177708
"1741","session1",-9.96282330976346,12.1871456418951,3.87254239637699,2.6260278230393e-06,0.31569826701637,0.43090309642054,0.405789505930851,12,1,150,0.441315540583741,-0.0344845419177708,12,4.24239006948267,0,-0.56988,2771,0.2,0,15,"both",0.441315540583741,-0.0344845419177708
"1742","session1",-9.96282330976346,12.1871456418951,3.87254239637699,2.6260278230393e-06,0.31569826701637,0.43090309642054,0.405789505930851,12,1,150,0.441315540583741,-0.0344845419177708,12,3.72386890340522,0,-0.34065,2771,0.2,0,15,"both",0.441315540583741,-0.0344845419177708
"1743","session1",-9.96282330976346,12.1871456418951,3.87254239637699,2.6260278230393e-06,0.31569826701637,0.43090309642054,0.405789505930851,12,1,150,0.441315540583741,-0.0344845419177708,12,2.88958877605894,1,-8.48926,2771,0.2,0,15,"both",0.441315540583741,-0.0344845419177708
"1744","session1",-9.96282330976346,12.1871456418951,3.87254239637699,2.6260278230393e-06,0.31569826701637,0.43090309642054,0.405789505930851,12,1,150,0.441315540583741,-0.0344845419177708,12,4.00565005083828,0,-10.15446,2771,0.2,0,15,"both",0.441315540583741,-0.0344845419177708
"1745","session1",-9.96282330976346,12.1871456418951,3.87254239637699,2.6260278230393e-06,0.31569826701637,0.43090309642054,0.405789505930851,12,1,150,0.441315540583741,-0.0344845419177708,12,2.62284230144743,1,5.55712,2771,0.2,0,15,"both",0.441315540583741,-0.0344845419177708
"1746","session1",-9.96282330976346,12.1871456418951,3.87254239637699,2.6260278230393e-06,0.31569826701637,0.43090309642054,0.405789505930851,12,1,150,0.441315540583741,-0.0344845419177708,12,2.13140693710406,1,-12.33976,2771,0.2,0,15,"both",0.441315540583741,-0.0344845419177708
"1747","session1",-9.96282330976346,12.1871456418951,3.87254239637699,2.6260278230393e-06,0.31569826701637,0.43090309642054,0.405789505930851,12,1,150,0.441315540583741,-0.0344845419177708,12,2.99443763815318,0,-15.70477,2771,0.2,0,15,"both",0.441315540583741,-0.0344845419177708
"1748","session1",-9.96282330976346,12.1871456418951,3.87254239637699,2.6260278230393e-06,0.31569826701637,0.43090309642054,0.405789505930851,12,1,150,0.441315540583741,-0.0344845419177708,12,2.24263598427592,0,-6.92256,2771,0.2,0,15,"both",0.441315540583741,-0.0344845419177708
"1749","session1",-9.96282330976346,12.1871456418951,3.87254239637699,2.6260278230393e-06,0.31569826701637,0.43090309642054,0.405789505930851,12,1,150,0.441315540583741,-0.0344845419177708,12,4.6242422782846,1,0.0156000000000001,2771,0.2,0,15,"both",0.441315540583741,-0.0344845419177708
"1750","session1",-9.96282330976346,12.1871456418951,3.87254239637699,2.6260278230393e-06,0.31569826701637,0.43090309642054,0.405789505930851,12,1,150,0.441315540583741,-0.0344845419177708,12,2.69047911262755,1,5.42251,2771,0.2,0,15,"both",0.441315540583741,-0.0344845419177708
"1751","session1",-9.96282330976346,12.1871456418951,3.87254239637699,2.6260278230393e-06,0.31569826701637,0.43090309642054,0.405789505930851,12,1,150,0.441315540583741,-0.0344845419177708,12,7.5218834015243,1,-3.00501,2771,0.2,0,15,"both",0.441315540583741,-0.0344845419177708
"1752","session1",-9.96282330976346,12.1871456418951,3.87254239637699,2.6260278230393e-06,0.31569826701637,0.43090309642054,0.405789505930851,12,1,150,0.441315540583741,-0.0344845419177708,12,1.9877207967248,1,1.96998,2771,0.2,0,15,"both",0.441315540583741,-0.0344845419177708
"1753","session1",-9.96282330976346,12.1871456418951,3.87254239637699,2.6260278230393e-06,0.31569826701637,0.43090309642054,0.405789505930851,12,1,150,0.441315540583741,-0.0344845419177708,12,3.56397621514003,0,-8.3988,2771,0.2,0,15,"both",0.441315540583741,-0.0344845419177708
"1754","session1",-9.96282330976346,12.1871456418951,3.87254239637699,2.6260278230393e-06,0.31569826701637,0.43090309642054,0.405789505930851,12,1,150,0.441315540583741,-0.0344845419177708,12,4.38750807720271,1,-7.41401,2771,0.2,0,15,"both",0.441315540583741,-0.0344845419177708
"1755","session1",-9.96282330976346,12.1871456418951,3.87254239637699,2.6260278230393e-06,0.31569826701637,0.43090309642054,0.405789505930851,12,1,150,0.441315540583741,-0.0344845419177708,12,5.15179724185081,1,-10.97549,2771,0.2,0,15,"both",0.441315540583741,-0.0344845419177708
"1756","session1",-9.96282330976346,12.1871456418951,3.87254239637699,2.6260278230393e-06,0.31569826701637,0.43090309642054,0.405789505930851,12,1,150,0.441315540583741,-0.0344845419177708,12,1.49001002705892,1,3.56645,2771,0.2,0,15,"both",0.441315540583741,-0.0344845419177708
"1757","session1",-9.96282330976346,12.1871456418951,3.87254239637699,2.6260278230393e-06,0.31569826701637,0.43090309642054,0.405789505930851,12,1,150,0.441315540583741,-0.0344845419177708,12,3.75442873670224,1,-9.92981,2771,0.2,0,15,"both",0.441315540583741,-0.0344845419177708
"1758","session1",-9.96282330976346,12.1871456418951,3.87254239637699,2.6260278230393e-06,0.31569826701637,0.43090309642054,0.405789505930851,12,1,150,0.441315540583741,-0.0344845419177708,12,2.75789710402644,1,-1.74005,2771,0.2,0,15,"both",0.441315540583741,-0.0344845419177708
"1759","session1",-9.96282330976346,12.1871456418951,3.87254239637699,2.6260278230393e-06,0.31569826701637,0.43090309642054,0.405789505930851,12,1,150,0.441315540583741,-0.0344845419177708,12,3.17972350313369,0,-10.15912,2771,0.2,0,15,"both",0.441315540583741,-0.0344845419177708
"1760","session1",-9.96282330976346,12.1871456418951,3.87254239637699,2.6260278230393e-06,0.31569826701637,0.43090309642054,0.405789505930851,12,1,150,0.441315540583741,-0.0344845419177708,12,3.19187571159149,0,-14.56698,2771,0.2,0,15,"both",0.441315540583741,-0.0344845419177708
"1761","session1",-9.96282330976346,12.1871456418951,3.87254239637699,2.6260278230393e-06,0.31569826701637,0.43090309642054,0.405789505930851,12,1,150,0.441315540583741,-0.0344845419177708,12,5.45384144572924,0,-16.87581,2771,0.2,0,15,"both",0.441315540583741,-0.0344845419177708
"1762","session1",-9.96282330976346,12.1871456418951,3.87254239637699,2.6260278230393e-06,0.31569826701637,0.43090309642054,0.405789505930851,12,1,150,0.441315540583741,-0.0344845419177708,12,6.21301311505656,0,-12.84549,2771,0.2,0,15,"both",0.441315540583741,-0.0344845419177708
"1763","session1",-9.96282330976346,12.1871456418951,3.87254239637699,2.6260278230393e-06,0.31569826701637,0.43090309642054,0.405789505930851,12,1,150,0.441315540583741,-0.0344845419177708,12,4.81427373543167,0,-11.43237,2771,0.2,0,15,"both",0.441315540583741,-0.0344845419177708
"1764","session1",-9.96282330976346,12.1871456418951,3.87254239637699,2.6260278230393e-06,0.31569826701637,0.43090309642054,0.405789505930851,12,1,150,0.441315540583741,-0.0344845419177708,12,5.32454504527045,0,0.556480000000001,2771,0.2,0,15,"both",0.441315540583741,-0.0344845419177708
"1765","session1",-9.96282330976346,12.1871456418951,3.87254239637699,2.6260278230393e-06,0.31569826701637,0.43090309642054,0.405789505930851,12,1,150,0.441315540583741,-0.0344845419177708,12,2.57596834112901,0,-8.7188,2771,0.2,0,15,"both",0.441315540583741,-0.0344845419177708
"1766","session1",-9.96282330976346,12.1871456418951,3.87254239637699,2.6260278230393e-06,0.31569826701637,0.43090309642054,0.405789505930851,12,1,150,0.441315540583741,-0.0344845419177708,12,3.3427440545857,1,1.59907,2771,0.2,0,15,"both",0.441315540583741,-0.0344845419177708
"1767","session1",-9.96282330976346,12.1871456418951,3.87254239637699,2.6260278230393e-06,0.31569826701637,0.43090309642054,0.405789505930851,12,1,150,0.441315540583741,-0.0344845419177708,12,2.3495599003213,1,-0.24588,2771,0.2,0,15,"both",0.441315540583741,-0.0344845419177708
"1768","session1",-9.96282330976346,12.1871456418951,3.87254239637699,2.6260278230393e-06,0.31569826701637,0.43090309642054,0.405789505930851,12,1,150,0.441315540583741,-0.0344845419177708,12,1.80859417009768,0,-11.9061,2771,0.2,0,15,"both",0.441315540583741,-0.0344845419177708
"1769","session1",-9.96282330976346,12.1871456418951,3.87254239637699,2.6260278230393e-06,0.31569826701637,0.43090309642054,0.405789505930851,12,1,150,0.441315540583741,-0.0344845419177708,12,2.33579011841436,0,-13.25559,2771,0.2,0,15,"both",0.441315540583741,-0.0344845419177708
"1770","session1",-9.96282330976346,12.1871456418951,3.87254239637699,2.6260278230393e-06,0.31569826701637,0.43090309642054,0.405789505930851,12,1,150,0.441315540583741,-0.0344845419177708,12,4.7577213705977,0,-9.73446,2771,0.2,0,15,"both",0.441315540583741,-0.0344845419177708
"1771","session1",-9.96282330976346,12.1871456418951,3.87254239637699,2.6260278230393e-06,0.31569826701637,0.43090309642054,0.405789505930851,12,1,150,0.441315540583741,-0.0344845419177708,12,3.50309235401724,1,-9.86489,2771,0.2,0,15,"both",0.441315540583741,-0.0344845419177708
"1772","session1",-9.96282330976346,12.1871456418951,3.87254239637699,2.6260278230393e-06,0.31569826701637,0.43090309642054,0.405789505930851,12,1,150,0.441315540583741,-0.0344845419177708,12,2.79859949397674,0,-10.26656,2771,0.2,0,15,"both",0.441315540583741,-0.0344845419177708
"1773","session1",-9.96282330976346,12.1871456418951,3.87254239637699,2.6260278230393e-06,0.31569826701637,0.43090309642054,0.405789505930851,12,1,150,0.441315540583741,-0.0344845419177708,12,4.67333995037481,1,5.0668,2771,0.2,0,15,"both",0.441315540583741,-0.0344845419177708
"1774","session1",-9.96282330976346,12.1871456418951,3.87254239637699,2.6260278230393e-06,0.31569826701637,0.43090309642054,0.405789505930851,12,1,150,0.441315540583741,-0.0344845419177708,12,1.99948402412639,1,-10.91331,2771,0.2,0,15,"both",0.441315540583741,-0.0344845419177708
"1775","session1",-9.96282330976346,12.1871456418951,3.87254239637699,2.6260278230393e-06,0.31569826701637,0.43090309642054,0.405789505930851,12,1,150,0.441315540583741,-0.0344845419177708,12,3.35094104082214,0,-15.34087,2771,0.2,0,15,"both",0.441315540583741,-0.0344845419177708
"1776","session1",-9.96282330976346,12.1871456418951,3.87254239637699,2.6260278230393e-06,0.31569826701637,0.43090309642054,0.405789505930851,12,1,150,0.441315540583741,-0.0344845419177708,12,2.07233030572333,1,4.6604,2771,0.2,0,15,"both",0.441315540583741,-0.0344845419177708
"1777","session1",-9.96282330976346,12.1871456418951,3.87254239637699,2.6260278230393e-06,0.31569826701637,0.43090309642054,0.405789505930851,12,1,150,0.441315540583741,-0.0344845419177708,12,3.50980212711766,1,-0.94158,2771,0.2,0,15,"both",0.441315540583741,-0.0344845419177708
"1778","session1",-9.96282330976346,12.1871456418951,3.87254239637699,2.6260278230393e-06,0.31569826701637,0.43090309642054,0.405789505930851,12,1,150,0.441315540583741,-0.0344845419177708,12,2.36732231537077,1,1.26827,2771,0.2,0,15,"both",0.441315540583741,-0.0344845419177708
"1779","session1",-9.96282330976346,12.1871456418951,3.87254239637699,2.6260278230393e-06,0.31569826701637,0.43090309642054,0.405789505930851,12,1,150,0.441315540583741,-0.0344845419177708,12,2.17567849477294,1,-1.6575,2771,0.2,0,15,"both",0.441315540583741,-0.0344845419177708
"1780","session1",-9.96282330976346,12.1871456418951,3.87254239637699,2.6260278230393e-06,0.31569826701637,0.43090309642054,0.405789505930851,12,1,150,0.441315540583741,-0.0344845419177708,12,4.40975838671111,1,3.47494,2771,0.2,0,15,"both",0.441315540583741,-0.0344845419177708
"1781","session1",-9.96282330976346,12.1871456418951,3.87254239637699,2.6260278230393e-06,0.31569826701637,0.43090309642054,0.405789505930851,12,1,150,0.441315540583741,-0.0344845419177708,12,2.63824360732259,1,0.17145,2771,0.2,0,15,"both",0.441315540583741,-0.0344845419177708
"1782","session1",-9.96282330976346,12.1871456418951,3.87254239637699,2.6260278230393e-06,0.31569826701637,0.43090309642054,0.405789505930851,12,1,150,0.441315540583741,-0.0344845419177708,12,2.52856657208199,0,-13.98352,2771,0.2,0,15,"both",0.441315540583741,-0.0344845419177708
"1783","session1",-9.96282330976346,12.1871456418951,3.87254239637699,2.6260278230393e-06,0.31569826701637,0.43090309642054,0.405789505930851,12,1,150,0.441315540583741,-0.0344845419177708,12,4.17665003789989,1,1.29138,2771,0.2,0,15,"both",0.441315540583741,-0.0344845419177708
"1784","session1",-9.96282330976346,12.1871456418951,3.87254239637699,2.6260278230393e-06,0.31569826701637,0.43090309642054,0.405789505930851,12,1,150,0.441315540583741,-0.0344845419177708,12,5.64784972538853,1,-15.38988,2771,0.2,0,15,"both",0.441315540583741,-0.0344845419177708
"1785","session1",-9.96282330976346,12.1871456418951,3.87254239637699,2.6260278230393e-06,0.31569826701637,0.43090309642054,0.405789505930851,12,1,150,0.441315540583741,-0.0344845419177708,12,5.49964528358006,1,-2.48111,2771,0.2,0,15,"both",0.441315540583741,-0.0344845419177708
"1786","session1",-9.96282330976346,12.1871456418951,3.87254239637699,2.6260278230393e-06,0.31569826701637,0.43090309642054,0.405789505930851,12,1,150,0.441315540583741,-0.0344845419177708,12,3.27538255671134,1,-1.4275,2771,0.2,0,15,"both",0.441315540583741,-0.0344845419177708
"1787","session1",-9.96282330976346,12.1871456418951,3.87254239637699,2.6260278230393e-06,0.31569826701637,0.43090309642054,0.405789505930851,12,1,150,0.441315540583741,-0.0344845419177708,12,4.51504954300619,1,-7.96937,2771,0.2,0,15,"both",0.441315540583741,-0.0344845419177708
"1788","session1",-9.96282330976346,12.1871456418951,3.87254239637699,2.6260278230393e-06,0.31569826701637,0.43090309642054,0.405789505930851,12,1,150,0.441315540583741,-0.0344845419177708,12,4.90603258753375,0,-14.27936,2771,0.2,0,15,"both",0.441315540583741,-0.0344845419177708
"1789","session1",-9.96282330976346,12.1871456418951,3.87254239637699,2.6260278230393e-06,0.31569826701637,0.43090309642054,0.405789505930851,12,1,150,0.441315540583741,-0.0344845419177708,12,3.83487897815434,1,-0.931019999999999,2771,0.2,0,15,"both",0.441315540583741,-0.0344845419177708
"1790","session1",-9.96282330976346,12.1871456418951,3.87254239637699,2.6260278230393e-06,0.31569826701637,0.43090309642054,0.405789505930851,12,1,150,0.441315540583741,-0.0344845419177708,12,5.10415476687178,1,-13.78751,2771,0.2,0,15,"both",0.441315540583741,-0.0344845419177708
"1791","session1",-9.96282330976346,12.1871456418951,3.87254239637699,2.6260278230393e-06,0.31569826701637,0.43090309642054,0.405789505930851,12,1,150,0.441315540583741,-0.0344845419177708,12,2.12878301871754,1,-0.54215,2771,0.2,0,15,"both",0.441315540583741,-0.0344845419177708
"1792","session1",-9.96282330976346,12.1871456418951,3.87254239637699,2.6260278230393e-06,0.31569826701637,0.43090309642054,0.405789505930851,12,1,150,0.441315540583741,-0.0344845419177708,12,1.78020434628425,1,1.91181,2771,0.2,0,15,"both",0.441315540583741,-0.0344845419177708
"1793","session1",-9.96282330976346,12.1871456418951,3.87254239637699,2.6260278230393e-06,0.31569826701637,0.43090309642054,0.405789505930851,12,1,150,0.441315540583741,-0.0344845419177708,12,5.49326256384852,1,-18.51654,2771,0.2,0,15,"both",0.441315540583741,-0.0344845419177708
"1794","session1",-9.96282330976346,12.1871456418951,3.87254239637699,2.6260278230393e-06,0.31569826701637,0.43090309642054,0.405789505930851,12,1,150,0.441315540583741,-0.0344845419177708,12,3.12746586659849,1,-0.0989800000000001,2771,0.2,0,15,"both",0.441315540583741,-0.0344845419177708
"1795","session1",-9.96282330976346,12.1871456418951,3.87254239637699,2.6260278230393e-06,0.31569826701637,0.43090309642054,0.405789505930851,12,1,150,0.441315540583741,-0.0344845419177708,12,3.32450251645084,1,-1.90594,2771,0.2,0,15,"both",0.441315540583741,-0.0344845419177708
"1796","session1",-9.96282330976346,12.1871456418951,3.87254239637699,2.6260278230393e-06,0.31569826701637,0.43090309642054,0.405789505930851,12,1,150,0.441315540583741,-0.0344845419177708,12,3.86869102011491,1,1.9682,2771,0.2,0,15,"both",0.441315540583741,-0.0344845419177708
"1797","session1",-9.96282330976346,12.1871456418951,3.87254239637699,2.6260278230393e-06,0.31569826701637,0.43090309642054,0.405789505930851,12,1,150,0.441315540583741,-0.0344845419177708,12,3.89649193685411,1,-2.01575,2771,0.2,0,15,"both",0.441315540583741,-0.0344845419177708
"1798","session1",-9.96282330976346,12.1871456418951,3.87254239637699,2.6260278230393e-06,0.31569826701637,0.43090309642054,0.405789505930851,12,1,150,0.441315540583741,-0.0344845419177708,12,4.88929756212307,0,-2.92634,2771,0.2,0,15,"both",0.441315540583741,-0.0344845419177708
"1799","session1",-9.96282330976346,12.1871456418951,3.87254239637699,2.6260278230393e-06,0.31569826701637,0.43090309642054,0.405789505930851,12,1,150,0.441315540583741,-0.0344845419177708,12,4.14887625754567,1,2.6576,2771,0.2,0,15,"both",0.441315540583741,-0.0344845419177708
"1800","session1",-9.96282330976346,12.1871456418951,3.87254239637699,2.6260278230393e-06,0.31569826701637,0.43090309642054,0.405789505930851,12,1,150,0.441315540583741,-0.0344845419177708,12,4.40069230360391,0,-2.49025,2771,0.2,0,15,"both",0.441315540583741,-0.0344845419177708
"1801","session1",-8.44932994927647,9.52723879218448,2.31442471332732,8.65160036215346e-05,0.186030025673981,0.55839692783761,0.653897243687736,13,1,150,0.441315540583741,-0.0344845419177708,13,2.003909147535,0,-8.22243066647,2771,0.2,0,15,"both",0.441315540583741,-0.0344845419177708
"1802","session1",-8.44932994927647,9.52723879218448,2.31442471332732,8.65160036215346e-05,0.186030025673981,0.55839692783761,0.653897243687736,13,1,150,0.441315540583741,-0.0344845419177708,13,1.68323638910093,1,7.97904786119,2771,0.2,0,15,"both",0.441315540583741,-0.0344845419177708
"1803","session1",-8.44932994927647,9.52723879218448,2.31442471332732,8.65160036215346e-05,0.186030025673981,0.55839692783761,0.653897243687736,13,1,150,0.441315540583741,-0.0344845419177708,13,3.19338785444891,1,2.93855238149,2771,0.2,0,15,"both",0.441315540583741,-0.0344845419177708
"1804","session1",-8.44932994927647,9.52723879218448,2.31442471332732,8.65160036215346e-05,0.186030025673981,0.55839692783761,0.653897243687736,13,1,150,0.441315540583741,-0.0344845419177708,13,3.52384458717469,1,-3.03260183471,2771,0.2,0,15,"both",0.441315540583741,-0.0344845419177708
"1805","session1",-8.44932994927647,9.52723879218448,2.31442471332732,8.65160036215346e-05,0.186030025673981,0.55839692783761,0.653897243687736,13,1,150,0.441315540583741,-0.0344845419177708,13,1.28874047900489,1,1.71617,2771,0.2,0,15,"both",0.441315540583741,-0.0344845419177708
"1806","session1",-8.44932994927647,9.52723879218448,2.31442471332732,8.65160036215346e-05,0.186030025673981,0.55839692783761,0.653897243687736,13,1,150,0.441315540583741,-0.0344845419177708,13,3.60300630320349,1,-6.77246,2771,0.2,0,15,"both",0.441315540583741,-0.0344845419177708
"1807","session1",-8.44932994927647,9.52723879218448,2.31442471332732,8.65160036215346e-05,0.186030025673981,0.55839692783761,0.653897243687736,13,1,150,0.441315540583741,-0.0344845419177708,13,3.02183126290871,1,0.35927,2771,0.2,0,15,"both",0.441315540583741,-0.0344845419177708
"1808","session1",-8.44932994927647,9.52723879218448,2.31442471332732,8.65160036215346e-05,0.186030025673981,0.55839692783761,0.653897243687736,13,1,150,0.441315540583741,-0.0344845419177708,13,2.22749172514464,0,-1.30282,2771,0.2,0,15,"both",0.441315540583741,-0.0344845419177708
"1809","session1",-8.44932994927647,9.52723879218448,2.31442471332732,8.65160036215346e-05,0.186030025673981,0.55839692783761,0.653897243687736,13,1,150,0.441315540583741,-0.0344845419177708,13,2.25214928234105,1,-0.41608,2771,0.2,0,15,"both",0.441315540583741,-0.0344845419177708
"1810","session1",-8.44932994927647,9.52723879218448,2.31442471332732,8.65160036215346e-05,0.186030025673981,0.55839692783761,0.653897243687736,13,1,150,0.441315540583741,-0.0344845419177708,13,2.49476320892425,0,-10.4856494018,2771,0.2,0,15,"both",0.441315540583741,-0.0344845419177708
"1811","session1",-8.44932994927647,9.52723879218448,2.31442471332732,8.65160036215346e-05,0.186030025673981,0.55839692783761,0.653897243687736,13,1,150,0.441315540583741,-0.0344845419177708,13,2.4093236693572,1,-3.33333,2771,0.2,0,15,"both",0.441315540583741,-0.0344845419177708
"1812","session1",-8.44932994927647,9.52723879218448,2.31442471332732,8.65160036215346e-05,0.186030025673981,0.55839692783761,0.653897243687736,13,1,150,0.441315540583741,-0.0344845419177708,13,4.18796258076019,0,-9.61516,2771,0.2,0,15,"both",0.441315540583741,-0.0344845419177708
"1813","session1",-8.44932994927647,9.52723879218448,2.31442471332732,8.65160036215346e-05,0.186030025673981,0.55839692783761,0.653897243687736,13,1,150,0.441315540583741,-0.0344845419177708,13,2.16205735741677,1,-6.64413,2771,0.2,0,15,"both",0.441315540583741,-0.0344845419177708
"1814","session1",-8.44932994927647,9.52723879218448,2.31442471332732,8.65160036215346e-05,0.186030025673981,0.55839692783761,0.653897243687736,13,1,150,0.441315540583741,-0.0344845419177708,13,3.08401200748231,1,-6.21842,2771,0.2,0,15,"both",0.441315540583741,-0.0344845419177708
"1815","session1",-8.44932994927647,9.52723879218448,2.31442471332732,8.65160036215346e-05,0.186030025673981,0.55839692783761,0.653897243687736,13,1,150,0.441315540583741,-0.0344845419177708,13,2.49459244788451,1,-8.76089,2771,0.2,0,15,"both",0.441315540583741,-0.0344845419177708
"1816","session1",-8.44932994927647,9.52723879218448,2.31442471332732,8.65160036215346e-05,0.186030025673981,0.55839692783761,0.653897243687736,13,1,150,0.441315540583741,-0.0344845419177708,13,1.85245416439857,1,4.24327,2771,0.2,0,15,"both",0.441315540583741,-0.0344845419177708
"1817","session1",-8.44932994927647,9.52723879218448,2.31442471332732,8.65160036215346e-05,0.186030025673981,0.55839692783761,0.653897243687736,13,1,150,0.441315540583741,-0.0344845419177708,13,1.90771708118681,1,-5.53499,2771,0.2,0,15,"both",0.441315540583741,-0.0344845419177708
"1818","session1",-8.44932994927647,9.52723879218448,2.31442471332732,8.65160036215346e-05,0.186030025673981,0.55839692783761,0.653897243687736,13,1,150,0.441315540583741,-0.0344845419177708,13,1.4877963538743,0,-14.7398,2771,0.2,0,15,"both",0.441315540583741,-0.0344845419177708
"1819","session1",-8.44932994927647,9.52723879218448,2.31442471332732,8.65160036215346e-05,0.186030025673981,0.55839692783761,0.653897243687736,13,1,150,0.441315540583741,-0.0344845419177708,13,1.986855750159,0,-24.8475,2771,0.2,0,15,"both",0.441315540583741,-0.0344845419177708
"1820","session1",-8.44932994927647,9.52723879218448,2.31442471332732,8.65160036215346e-05,0.186030025673981,0.55839692783761,0.653897243687736,13,1,150,0.441315540583741,-0.0344845419177708,13,1.75342460127454,0,-15.36889,2771,0.2,0,15,"both",0.441315540583741,-0.0344845419177708
"1821","session1",-8.44932994927647,9.52723879218448,2.31442471332732,8.65160036215346e-05,0.186030025673981,0.55839692783761,0.653897243687736,13,1,150,0.441315540583741,-0.0344845419177708,13,6.03650482837145,1,-7.63384,2771,0.2,0,15,"both",0.441315540583741,-0.0344845419177708
"1822","session1",-8.44932994927647,9.52723879218448,2.31442471332732,8.65160036215346e-05,0.186030025673981,0.55839692783761,0.653897243687736,13,1,150,0.441315540583741,-0.0344845419177708,13,3.4351490581296,1,-4.03381,2771,0.2,0,15,"both",0.441315540583741,-0.0344845419177708
"1823","session1",-8.44932994927647,9.52723879218448,2.31442471332732,8.65160036215346e-05,0.186030025673981,0.55839692783761,0.653897243687736,13,1,150,0.441315540583741,-0.0344845419177708,13,1.56812324799935,1,-6.48567,2771,0.2,0,15,"both",0.441315540583741,-0.0344845419177708
"1824","session1",-8.44932994927647,9.52723879218448,2.31442471332732,8.65160036215346e-05,0.186030025673981,0.55839692783761,0.653897243687736,13,1,150,0.441315540583741,-0.0344845419177708,13,4.9281972623478,1,-10.30078,2771,0.2,0,15,"both",0.441315540583741,-0.0344845419177708
"1825","session1",-8.44932994927647,9.52723879218448,2.31442471332732,8.65160036215346e-05,0.186030025673981,0.55839692783761,0.653897243687736,13,1,150,0.441315540583741,-0.0344845419177708,13,3.33967116946942,0,-16.24075,2771,0.2,0,15,"both",0.441315540583741,-0.0344845419177708
"1826","session1",-8.44932994927647,9.52723879218448,2.31442471332732,8.65160036215346e-05,0.186030025673981,0.55839692783761,0.653897243687736,13,1,150,0.441315540583741,-0.0344845419177708,13,2.5479515218456,0,-12.16786,2771,0.2,0,15,"both",0.441315540583741,-0.0344845419177708
"1827","session1",-8.44932994927647,9.52723879218448,2.31442471332732,8.65160036215346e-05,0.186030025673981,0.55839692783761,0.653897243687736,13,1,150,0.441315540583741,-0.0344845419177708,13,2.65189266047796,0,-7.02092,2771,0.2,0,15,"both",0.441315540583741,-0.0344845419177708
"1828","session1",-8.44932994927647,9.52723879218448,2.31442471332732,8.65160036215346e-05,0.186030025673981,0.55839692783761,0.653897243687736,13,1,150,0.441315540583741,-0.0344845419177708,13,3.07116997288293,0,-17.0533,2771,0.2,0,15,"both",0.441315540583741,-0.0344845419177708
"1829","session1",-8.44932994927647,9.52723879218448,2.31442471332732,8.65160036215346e-05,0.186030025673981,0.55839692783761,0.653897243687736,13,1,150,0.441315540583741,-0.0344845419177708,13,2.55145335665312,0,-12.50679,2771,0.2,0,15,"both",0.441315540583741,-0.0344845419177708
"1830","session1",-8.44932994927647,9.52723879218448,2.31442471332732,8.65160036215346e-05,0.186030025673981,0.55839692783761,0.653897243687736,13,1,150,0.441315540583741,-0.0344845419177708,13,5.27191216199002,1,-10.75371,2771,0.2,0,15,"both",0.441315540583741,-0.0344845419177708
"1831","session1",-8.44932994927647,9.52723879218448,2.31442471332732,8.65160036215346e-05,0.186030025673981,0.55839692783761,0.653897243687736,13,1,150,0.441315540583741,-0.0344845419177708,13,5.55349335263731,0,-3.96314,2771,0.2,0,15,"both",0.441315540583741,-0.0344845419177708
"1832","session1",-8.44932994927647,9.52723879218448,2.31442471332732,8.65160036215346e-05,0.186030025673981,0.55839692783761,0.653897243687736,13,1,150,0.441315540583741,-0.0344845419177708,13,2.88106439102399,0,-14.25369,2771,0.2,0,15,"both",0.441315540583741,-0.0344845419177708
"1833","session1",-8.44932994927647,9.52723879218448,2.31442471332732,8.65160036215346e-05,0.186030025673981,0.55839692783761,0.653897243687736,13,1,150,0.441315540583741,-0.0344845419177708,13,1.85214070186407,1,-1.51617,2771,0.2,0,15,"both",0.441315540583741,-0.0344845419177708
"1834","session1",-8.44932994927647,9.52723879218448,2.31442471332732,8.65160036215346e-05,0.186030025673981,0.55839692783761,0.653897243687736,13,1,150,0.441315540583741,-0.0344845419177708,13,8,1,-5.55419,2771,0.2,0,15,"both",0.441315540583741,-0.0344845419177708
"1835","session1",-8.44932994927647,9.52723879218448,2.31442471332732,8.65160036215346e-05,0.186030025673981,0.55839692783761,0.653897243687736,13,1,150,0.441315540583741,-0.0344845419177708,13,7.08218611580535,1,-3.95075,2771,0.2,0,15,"both",0.441315540583741,-0.0344845419177708
"1836","session1",-8.44932994927647,9.52723879218448,2.31442471332732,8.65160036215346e-05,0.186030025673981,0.55839692783761,0.653897243687736,13,1,150,0.441315540583741,-0.0344845419177708,13,5.47597415781484,0,-7.36023,2771,0.2,0,15,"both",0.441315540583741,-0.0344845419177708
"1837","session1",-8.44932994927647,9.52723879218448,2.31442471332732,8.65160036215346e-05,0.186030025673981,0.55839692783761,0.653897243687736,13,1,150,0.441315540583741,-0.0344845419177708,13,2.79586931106479,0,-13.41476,2771,0.2,0,15,"both",0.441315540583741,-0.0344845419177708
"1838","session1",-8.44932994927647,9.52723879218448,2.31442471332732,8.65160036215346e-05,0.186030025673981,0.55839692783761,0.653897243687736,13,1,150,0.441315540583741,-0.0344845419177708,13,2.05460754692326,0,-13.11794,2771,0.2,0,15,"both",0.441315540583741,-0.0344845419177708
"1839","session1",-8.44932994927647,9.52723879218448,2.31442471332732,8.65160036215346e-05,0.186030025673981,0.55839692783761,0.653897243687736,13,1,150,0.441315540583741,-0.0344845419177708,13,1.84329890046645,1,-11.58986,2771,0.2,0,15,"both",0.441315540583741,-0.0344845419177708
"1840","session1",-8.44932994927647,9.52723879218448,2.31442471332732,8.65160036215346e-05,0.186030025673981,0.55839692783761,0.653897243687736,13,1,150,0.441315540583741,-0.0344845419177708,13,2.12605696373216,1,-16.8156,2771,0.2,0,15,"both",0.441315540583741,-0.0344845419177708
"1841","session1",-8.44932994927647,9.52723879218448,2.31442471332732,8.65160036215346e-05,0.186030025673981,0.55839692783761,0.653897243687736,13,1,150,0.441315540583741,-0.0344845419177708,13,4.32253003180281,1,-1.44929,2771,0.2,0,15,"both",0.441315540583741,-0.0344845419177708
"1842","session1",-8.44932994927647,9.52723879218448,2.31442471332732,8.65160036215346e-05,0.186030025673981,0.55839692783761,0.653897243687736,13,1,150,0.441315540583741,-0.0344845419177708,13,1.70463212522879,0,-15.45861,2771,0.2,0,15,"both",0.441315540583741,-0.0344845419177708
"1843","session1",-8.44932994927647,9.52723879218448,2.31442471332732,8.65160036215346e-05,0.186030025673981,0.55839692783761,0.653897243687736,13,1,150,0.441315540583741,-0.0344845419177708,13,1.6850032652378,1,-6.14085,2771,0.2,0,15,"both",0.441315540583741,-0.0344845419177708
"1844","session1",-8.44932994927647,9.52723879218448,2.31442471332732,8.65160036215346e-05,0.186030025673981,0.55839692783761,0.653897243687736,13,1,150,0.441315540583741,-0.0344845419177708,13,1.28237139600261,1,-4.19382,2771,0.2,0,15,"both",0.441315540583741,-0.0344845419177708
"1845","session1",-8.44932994927647,9.52723879218448,2.31442471332732,8.65160036215346e-05,0.186030025673981,0.55839692783761,0.653897243687736,13,1,150,0.441315540583741,-0.0344845419177708,13,1.67312170679103,1,-4.36117,2771,0.2,0,15,"both",0.441315540583741,-0.0344845419177708
"1846","session1",-8.44932994927647,9.52723879218448,2.31442471332732,8.65160036215346e-05,0.186030025673981,0.55839692783761,0.653897243687736,13,1,150,0.441315540583741,-0.0344845419177708,13,2.21367815090948,0,-8.27433,2771,0.2,0,15,"both",0.441315540583741,-0.0344845419177708
"1847","session1",-8.44932994927647,9.52723879218448,2.31442471332732,8.65160036215346e-05,0.186030025673981,0.55839692783761,0.653897243687736,13,1,150,0.441315540583741,-0.0344845419177708,13,3.55423510111324,0,-11.86554,2771,0.2,0,15,"both",0.441315540583741,-0.0344845419177708
"1848","session1",-8.44932994927647,9.52723879218448,2.31442471332732,8.65160036215346e-05,0.186030025673981,0.55839692783761,0.653897243687736,13,1,150,0.441315540583741,-0.0344845419177708,13,2.36222833815761,1,-5.20792,2771,0.2,0,15,"both",0.441315540583741,-0.0344845419177708
"1849","session1",-8.44932994927647,9.52723879218448,2.31442471332732,8.65160036215346e-05,0.186030025673981,0.55839692783761,0.653897243687736,13,1,150,0.441315540583741,-0.0344845419177708,13,2.24243594607713,0,-4.11827,2771,0.2,0,15,"both",0.441315540583741,-0.0344845419177708
"1850","session1",-8.44932994927647,9.52723879218448,2.31442471332732,8.65160036215346e-05,0.186030025673981,0.55839692783761,0.653897243687736,13,1,150,0.441315540583741,-0.0344845419177708,13,1.20255136694616,1,-11.79421,2771,0.2,0,15,"both",0.441315540583741,-0.0344845419177708
"1851","session1",-8.44932994927647,9.52723879218448,2.31442471332732,8.65160036215346e-05,0.186030025673981,0.55839692783761,0.653897243687736,13,1,150,0.441315540583741,-0.0344845419177708,13,1.80312803225573,0,-4.69661,2771,0.2,0,15,"both",0.441315540583741,-0.0344845419177708
"1852","session1",-8.44932994927647,9.52723879218448,2.31442471332732,8.65160036215346e-05,0.186030025673981,0.55839692783761,0.653897243687736,13,1,150,0.441315540583741,-0.0344845419177708,13,2.66265761544813,0,-19.16713,2771,0.2,0,15,"both",0.441315540583741,-0.0344845419177708
"1853","session1",-8.44932994927647,9.52723879218448,2.31442471332732,8.65160036215346e-05,0.186030025673981,0.55839692783761,0.653897243687736,13,1,150,0.441315540583741,-0.0344845419177708,13,2.07382141324706,0,-2.22151,2771,0.2,0,15,"both",0.441315540583741,-0.0344845419177708
"1854","session1",-8.44932994927647,9.52723879218448,2.31442471332732,8.65160036215346e-05,0.186030025673981,0.55839692783761,0.653897243687736,13,1,150,0.441315540583741,-0.0344845419177708,13,2.59507210790934,1,-4.94963,2771,0.2,0,15,"both",0.441315540583741,-0.0344845419177708
"1855","session1",-8.44932994927647,9.52723879218448,2.31442471332732,8.65160036215346e-05,0.186030025673981,0.55839692783761,0.653897243687736,13,1,150,0.441315540583741,-0.0344845419177708,13,7.01098101085015,0,-9.49629,2771,0.2,0,15,"both",0.441315540583741,-0.0344845419177708
"1856","session1",-8.44932994927647,9.52723879218448,2.31442471332732,8.65160036215346e-05,0.186030025673981,0.55839692783761,0.653897243687736,13,1,150,0.441315540583741,-0.0344845419177708,13,3.62863464857152,0,-16.67677,2771,0.2,0,15,"both",0.441315540583741,-0.0344845419177708
"1857","session1",-8.44932994927647,9.52723879218448,2.31442471332732,8.65160036215346e-05,0.186030025673981,0.55839692783761,0.653897243687736,13,1,150,0.441315540583741,-0.0344845419177708,13,4.12291426011182,1,-4.80311,2771,0.2,0,15,"both",0.441315540583741,-0.0344845419177708
"1858","session1",-8.44932994927647,9.52723879218448,2.31442471332732,8.65160036215346e-05,0.186030025673981,0.55839692783761,0.653897243687736,13,1,150,0.441315540583741,-0.0344845419177708,13,2.9463954481461,0,-14.5002,2771,0.2,0,15,"both",0.441315540583741,-0.0344845419177708
"1859","session1",-8.44932994927647,9.52723879218448,2.31442471332732,8.65160036215346e-05,0.186030025673981,0.55839692783761,0.653897243687736,13,1,150,0.441315540583741,-0.0344845419177708,13,2.15426858871293,0,-12.45213,2771,0.2,0,15,"both",0.441315540583741,-0.0344845419177708
"1860","session1",-8.44932994927647,9.52723879218448,2.31442471332732,8.65160036215346e-05,0.186030025673981,0.55839692783761,0.653897243687736,13,1,150,0.441315540583741,-0.0344845419177708,13,3.12606010813622,0,-10.71965,2771,0.2,0,15,"both",0.441315540583741,-0.0344845419177708
"1861","session1",-8.44932994927647,9.52723879218448,2.31442471332732,8.65160036215346e-05,0.186030025673981,0.55839692783761,0.653897243687736,13,1,150,0.441315540583741,-0.0344845419177708,13,1.34385339274647,0,-3.81154,2771,0.2,0,15,"both",0.441315540583741,-0.0344845419177708
"1862","session1",-8.44932994927647,9.52723879218448,2.31442471332732,8.65160036215346e-05,0.186030025673981,0.55839692783761,0.653897243687736,13,1,150,0.441315540583741,-0.0344845419177708,13,4.82593245007966,0,-10.80089,2771,0.2,0,15,"both",0.441315540583741,-0.0344845419177708
"1863","session1",-8.44932994927647,9.52723879218448,2.31442471332732,8.65160036215346e-05,0.186030025673981,0.55839692783761,0.653897243687736,13,1,150,0.441315540583741,-0.0344845419177708,13,2.42149251456404,0,-15.1364,2771,0.2,0,15,"both",0.441315540583741,-0.0344845419177708
"1864","session1",-8.44932994927647,9.52723879218448,2.31442471332732,8.65160036215346e-05,0.186030025673981,0.55839692783761,0.653897243687736,13,1,150,0.441315540583741,-0.0344845419177708,13,1.60606619413356,1,-0.0955200000000005,2771,0.2,0,15,"both",0.441315540583741,-0.0344845419177708
"1865","session1",-8.44932994927647,9.52723879218448,2.31442471332732,8.65160036215346e-05,0.186030025673981,0.55839692783761,0.653897243687736,13,1,150,0.441315540583741,-0.0344845419177708,13,3.43284232716989,0,-13.8411,2771,0.2,0,15,"both",0.441315540583741,-0.0344845419177708
"1866","session1",-8.44932994927647,9.52723879218448,2.31442471332732,8.65160036215346e-05,0.186030025673981,0.55839692783761,0.653897243687736,13,1,150,0.441315540583741,-0.0344845419177708,13,1.87608701206865,1,-13.93546,2771,0.2,0,15,"both",0.441315540583741,-0.0344845419177708
"1867","session1",-8.44932994927647,9.52723879218448,2.31442471332732,8.65160036215346e-05,0.186030025673981,0.55839692783761,0.653897243687736,13,1,150,0.441315540583741,-0.0344845419177708,13,4.90007006413856,1,-3.55395,2771,0.2,0,15,"both",0.441315540583741,-0.0344845419177708
"1868","session1",-8.44932994927647,9.52723879218448,2.31442471332732,8.65160036215346e-05,0.186030025673981,0.55839692783761,0.653897243687736,13,1,150,0.441315540583741,-0.0344845419177708,13,2.29682636718499,1,-5.18721,2771,0.2,0,15,"both",0.441315540583741,-0.0344845419177708
"1869","session1",-8.44932994927647,9.52723879218448,2.31442471332732,8.65160036215346e-05,0.186030025673981,0.55839692783761,0.653897243687736,13,1,150,0.441315540583741,-0.0344845419177708,13,1.45145250741413,1,-6.32915,2771,0.2,0,15,"both",0.441315540583741,-0.0344845419177708
"1870","session1",-8.44932994927647,9.52723879218448,2.31442471332732,8.65160036215346e-05,0.186030025673981,0.55839692783761,0.653897243687736,13,1,150,0.441315540583741,-0.0344845419177708,13,2.7863571852274,1,-13.80218,2771,0.2,0,15,"both",0.441315540583741,-0.0344845419177708
"1871","session1",-8.44932994927647,9.52723879218448,2.31442471332732,8.65160036215346e-05,0.186030025673981,0.55839692783761,0.653897243687736,13,1,150,0.441315540583741,-0.0344845419177708,13,1.78309240005345,0,-16.66236,2771,0.2,0,15,"both",0.441315540583741,-0.0344845419177708
"1872","session1",-8.44932994927647,9.52723879218448,2.31442471332732,8.65160036215346e-05,0.186030025673981,0.55839692783761,0.653897243687736,13,1,150,0.441315540583741,-0.0344845419177708,13,2.21868386681048,1,-14.89585,2771,0.2,0,15,"both",0.441315540583741,-0.0344845419177708
"1873","session1",-8.44932994927647,9.52723879218448,2.31442471332732,8.65160036215346e-05,0.186030025673981,0.55839692783761,0.653897243687736,13,1,150,0.441315540583741,-0.0344845419177708,13,3.8119084664257,1,-4.6884,2771,0.2,0,15,"both",0.441315540583741,-0.0344845419177708
"1874","session1",-8.44932994927647,9.52723879218448,2.31442471332732,8.65160036215346e-05,0.186030025673981,0.55839692783761,0.653897243687736,13,1,150,0.441315540583741,-0.0344845419177708,13,3.94797031566024,0,-12.42443,2771,0.2,0,15,"both",0.441315540583741,-0.0344845419177708
"1875","session1",-8.44932994927647,9.52723879218448,2.31442471332732,8.65160036215346e-05,0.186030025673981,0.55839692783761,0.653897243687736,13,1,150,0.441315540583741,-0.0344845419177708,13,2.87519795578493,0,-20.21879,2771,0.2,0,15,"both",0.441315540583741,-0.0344845419177708
"1876","session1",-8.44932994927647,9.52723879218448,2.31442471332732,8.65160036215346e-05,0.186030025673981,0.55839692783761,0.653897243687736,13,1,150,0.441315540583741,-0.0344845419177708,13,1.6601069459471,0,-14.49269,2771,0.2,0,15,"both",0.441315540583741,-0.0344845419177708
"1877","session1",-8.44932994927647,9.52723879218448,2.31442471332732,8.65160036215346e-05,0.186030025673981,0.55839692783761,0.653897243687736,13,1,150,0.441315540583741,-0.0344845419177708,13,2.00472070358707,1,-12.44778,2771,0.2,0,15,"both",0.441315540583741,-0.0344845419177708
"1878","session1",-8.44932994927647,9.52723879218448,2.31442471332732,8.65160036215346e-05,0.186030025673981,0.55839692783761,0.653897243687736,13,1,150,0.441315540583741,-0.0344845419177708,13,3.06707669010287,1,-4.31385,2771,0.2,0,15,"both",0.441315540583741,-0.0344845419177708
"1879","session1",-8.44932994927647,9.52723879218448,2.31442471332732,8.65160036215346e-05,0.186030025673981,0.55839692783761,0.653897243687736,13,1,150,0.441315540583741,-0.0344845419177708,13,3.82004306337276,1,-5.79154,2771,0.2,0,15,"both",0.441315540583741,-0.0344845419177708
"1880","session1",-8.44932994927647,9.52723879218448,2.31442471332732,8.65160036215346e-05,0.186030025673981,0.55839692783761,0.653897243687736,13,1,150,0.441315540583741,-0.0344845419177708,13,8,1,-11.66754,2771,0.2,0,15,"both",0.441315540583741,-0.0344845419177708
"1881","session1",-8.44932994927647,9.52723879218448,2.31442471332732,8.65160036215346e-05,0.186030025673981,0.55839692783761,0.653897243687736,13,1,150,0.441315540583741,-0.0344845419177708,13,5.91777642537463,0,-13.92343,2771,0.2,0,15,"both",0.441315540583741,-0.0344845419177708
"1882","session1",-8.44932994927647,9.52723879218448,2.31442471332732,8.65160036215346e-05,0.186030025673981,0.55839692783761,0.653897243687736,13,1,150,0.441315540583741,-0.0344845419177708,13,1.68684216504144,0,-5.86827,2771,0.2,0,15,"both",0.441315540583741,-0.0344845419177708
"1883","session1",-8.44932994927647,9.52723879218448,2.31442471332732,8.65160036215346e-05,0.186030025673981,0.55839692783761,0.653897243687736,13,1,150,0.441315540583741,-0.0344845419177708,13,1.26075063587311,0,-13.58001,2771,0.2,0,15,"both",0.441315540583741,-0.0344845419177708
"1884","session1",-8.44932994927647,9.52723879218448,2.31442471332732,8.65160036215346e-05,0.186030025673981,0.55839692783761,0.653897243687736,13,1,150,0.441315540583741,-0.0344845419177708,13,2.24051094715379,0,-6.42561,2771,0.2,0,15,"both",0.441315540583741,-0.0344845419177708
"1885","session1",-8.44932994927647,9.52723879218448,2.31442471332732,8.65160036215346e-05,0.186030025673981,0.55839692783761,0.653897243687736,13,1,150,0.441315540583741,-0.0344845419177708,13,5.28364755157582,0,-6.07027,2771,0.2,0,15,"both",0.441315540583741,-0.0344845419177708
"1886","session1",-8.44932994927647,9.52723879218448,2.31442471332732,8.65160036215346e-05,0.186030025673981,0.55839692783761,0.653897243687736,13,1,150,0.441315540583741,-0.0344845419177708,13,2.65118215629116,0,-15.25483,2771,0.2,0,15,"both",0.441315540583741,-0.0344845419177708
"1887","session1",-8.44932994927647,9.52723879218448,2.31442471332732,8.65160036215346e-05,0.186030025673981,0.55839692783761,0.653897243687736,13,1,150,0.441315540583741,-0.0344845419177708,13,3.20999315687787,1,-4.89064,2771,0.2,0,15,"both",0.441315540583741,-0.0344845419177708
"1888","session1",-8.44932994927647,9.52723879218448,2.31442471332732,8.65160036215346e-05,0.186030025673981,0.55839692783761,0.653897243687736,13,1,150,0.441315540583741,-0.0344845419177708,13,2.0154503109007,0,-19.63723,2771,0.2,0,15,"both",0.441315540583741,-0.0344845419177708
"1889","session1",-8.44932994927647,9.52723879218448,2.31442471332732,8.65160036215346e-05,0.186030025673981,0.55839692783761,0.653897243687736,13,1,150,0.441315540583741,-0.0344845419177708,13,2.25616854720489,0,-15.35143,2771,0.2,0,15,"both",0.441315540583741,-0.0344845419177708
"1890","session1",-8.44932994927647,9.52723879218448,2.31442471332732,8.65160036215346e-05,0.186030025673981,0.55839692783761,0.653897243687736,13,1,150,0.441315540583741,-0.0344845419177708,13,1.27084896738411,0,-16.30033,2771,0.2,0,15,"both",0.441315540583741,-0.0344845419177708
"1891","session1",-8.44932994927647,9.52723879218448,2.31442471332732,8.65160036215346e-05,0.186030025673981,0.55839692783761,0.653897243687736,13,1,150,0.441315540583741,-0.0344845419177708,13,1.67864070055096,0,-17.6011,2771,0.2,0,15,"both",0.441315540583741,-0.0344845419177708
"1892","session1",-8.44932994927647,9.52723879218448,2.31442471332732,8.65160036215346e-05,0.186030025673981,0.55839692783761,0.653897243687736,13,1,150,0.441315540583741,-0.0344845419177708,13,1.7498228760976,1,-11.04177,2771,0.2,0,15,"both",0.441315540583741,-0.0344845419177708
"1893","session1",-8.44932994927647,9.52723879218448,2.31442471332732,8.65160036215346e-05,0.186030025673981,0.55839692783761,0.653897243687736,13,1,150,0.441315540583741,-0.0344845419177708,13,1.45653099641974,1,-5.10295,2771,0.2,0,15,"both",0.441315540583741,-0.0344845419177708
"1894","session1",-8.44932994927647,9.52723879218448,2.31442471332732,8.65160036215346e-05,0.186030025673981,0.55839692783761,0.653897243687736,13,1,150,0.441315540583741,-0.0344845419177708,13,2.51929971286089,1,-7.12531,2771,0.2,0,15,"both",0.441315540583741,-0.0344845419177708
"1895","session1",-8.44932994927647,9.52723879218448,2.31442471332732,8.65160036215346e-05,0.186030025673981,0.55839692783761,0.653897243687736,13,1,150,0.441315540583741,-0.0344845419177708,13,1.74489036542362,1,-3.34679,2771,0.2,0,15,"both",0.441315540583741,-0.0344845419177708
"1896","session1",-8.44932994927647,9.52723879218448,2.31442471332732,8.65160036215346e-05,0.186030025673981,0.55839692783761,0.653897243687736,13,1,150,0.441315540583741,-0.0344845419177708,13,2.67775823680456,0,-1.97981,2771,0.2,0,15,"both",0.441315540583741,-0.0344845419177708
"1897","session1",-8.44932994927647,9.52723879218448,2.31442471332732,8.65160036215346e-05,0.186030025673981,0.55839692783761,0.653897243687736,13,1,150,0.441315540583741,-0.0344845419177708,13,1.87750758529206,0,-6.19488,2771,0.2,0,15,"both",0.441315540583741,-0.0344845419177708
"1898","session1",-8.44932994927647,9.52723879218448,2.31442471332732,8.65160036215346e-05,0.186030025673981,0.55839692783761,0.653897243687736,13,1,150,0.441315540583741,-0.0344845419177708,13,3.80150719178832,0,-12.43362,2771,0.2,0,15,"both",0.441315540583741,-0.0344845419177708
"1899","session1",-8.44932994927647,9.52723879218448,2.31442471332732,8.65160036215346e-05,0.186030025673981,0.55839692783761,0.653897243687736,13,1,150,0.441315540583741,-0.0344845419177708,13,2.07569639793341,0,-12.50237,2771,0.2,0,15,"both",0.441315540583741,-0.0344845419177708
"1900","session1",-8.44932994927647,9.52723879218448,2.31442471332732,8.65160036215346e-05,0.186030025673981,0.55839692783761,0.653897243687736,13,1,150,0.441315540583741,-0.0344845419177708,13,1.94726716587722,1,-1.65166,2771,0.2,0,15,"both",0.441315540583741,-0.0344845419177708
"1901","session1",-8.44932994927647,9.52723879218448,2.31442471332732,8.65160036215346e-05,0.186030025673981,0.55839692783761,0.653897243687736,13,1,150,0.441315540583741,-0.0344845419177708,13,1.67254954848839,0,-18.23216,2771,0.2,0,15,"both",0.441315540583741,-0.0344845419177708
"1902","session1",-8.44932994927647,9.52723879218448,2.31442471332732,8.65160036215346e-05,0.186030025673981,0.55839692783761,0.653897243687736,13,1,150,0.441315540583741,-0.0344845419177708,13,2.66943489661345,0,-1.13052,2771,0.2,0,15,"both",0.441315540583741,-0.0344845419177708
"1903","session1",-8.44932994927647,9.52723879218448,2.31442471332732,8.65160036215346e-05,0.186030025673981,0.55839692783761,0.653897243687736,13,1,150,0.441315540583741,-0.0344845419177708,13,1.81222964488613,0,-4.95194,2771,0.2,0,15,"both",0.441315540583741,-0.0344845419177708
"1904","session1",-8.44932994927647,9.52723879218448,2.31442471332732,8.65160036215346e-05,0.186030025673981,0.55839692783761,0.653897243687736,13,1,150,0.441315540583741,-0.0344845419177708,13,1.94780379953639,0,-10.71224,2771,0.2,0,15,"both",0.441315540583741,-0.0344845419177708
"1905","session1",-8.44932994927647,9.52723879218448,2.31442471332732,8.65160036215346e-05,0.186030025673981,0.55839692783761,0.653897243687736,13,1,150,0.441315540583741,-0.0344845419177708,13,5.72313067466539,1,2.42558,2771,0.2,0,15,"both",0.441315540583741,-0.0344845419177708
"1906","session1",-8.44932994927647,9.52723879218448,2.31442471332732,8.65160036215346e-05,0.186030025673981,0.55839692783761,0.653897243687736,13,1,150,0.441315540583741,-0.0344845419177708,13,2.21104934863263,1,-1.75371,2771,0.2,0,15,"both",0.441315540583741,-0.0344845419177708
"1907","session1",-8.44932994927647,9.52723879218448,2.31442471332732,8.65160036215346e-05,0.186030025673981,0.55839692783761,0.653897243687736,13,1,150,0.441315540583741,-0.0344845419177708,13,3.2506892025515,1,-1.25891,2771,0.2,0,15,"both",0.441315540583741,-0.0344845419177708
"1908","session1",-8.44932994927647,9.52723879218448,2.31442471332732,8.65160036215346e-05,0.186030025673981,0.55839692783761,0.653897243687736,13,1,150,0.441315540583741,-0.0344845419177708,13,7.30295194065722,0,-3.15921,2771,0.2,0,15,"both",0.441315540583741,-0.0344845419177708
"1909","session1",-8.44932994927647,9.52723879218448,2.31442471332732,8.65160036215346e-05,0.186030025673981,0.55839692783761,0.653897243687736,13,1,150,0.441315540583741,-0.0344845419177708,13,2.36140481861789,1,2.90389,2771,0.2,0,15,"both",0.441315540583741,-0.0344845419177708
"1910","session1",-8.44932994927647,9.52723879218448,2.31442471332732,8.65160036215346e-05,0.186030025673981,0.55839692783761,0.653897243687736,13,1,150,0.441315540583741,-0.0344845419177708,13,3.52044558649593,1,-1.66108,2771,0.2,0,15,"both",0.441315540583741,-0.0344845419177708
"1911","session1",-8.44932994927647,9.52723879218448,2.31442471332732,8.65160036215346e-05,0.186030025673981,0.55839692783761,0.653897243687736,13,1,150,0.441315540583741,-0.0344845419177708,13,2.8510125706393,1,-14.5126,2771,0.2,0,15,"both",0.441315540583741,-0.0344845419177708
"1912","session1",-8.44932994927647,9.52723879218448,2.31442471332732,8.65160036215346e-05,0.186030025673981,0.55839692783761,0.653897243687736,13,1,150,0.441315540583741,-0.0344845419177708,13,2.84372425408697,1,-2.65745,2771,0.2,0,15,"both",0.441315540583741,-0.0344845419177708
"1913","session1",-8.44932994927647,9.52723879218448,2.31442471332732,8.65160036215346e-05,0.186030025673981,0.55839692783761,0.653897243687736,13,1,150,0.441315540583741,-0.0344845419177708,13,1.362577577715,0,0.77893,2771,0.2,0,15,"both",0.441315540583741,-0.0344845419177708
"1914","session1",-8.44932994927647,9.52723879218448,2.31442471332732,8.65160036215346e-05,0.186030025673981,0.55839692783761,0.653897243687736,13,1,150,0.441315540583741,-0.0344845419177708,13,1.92871883674254,0,-21.193,2771,0.2,0,15,"both",0.441315540583741,-0.0344845419177708
"1915","session1",-8.44932994927647,9.52723879218448,2.31442471332732,8.65160036215346e-05,0.186030025673981,0.55839692783761,0.653897243687736,13,1,150,0.441315540583741,-0.0344845419177708,13,1.7180235016795,0,-18.4518,2771,0.2,0,15,"both",0.441315540583741,-0.0344845419177708
"1916","session1",-8.44932994927647,9.52723879218448,2.31442471332732,8.65160036215346e-05,0.186030025673981,0.55839692783761,0.653897243687736,13,1,150,0.441315540583741,-0.0344845419177708,13,2.00738479303536,0,0.75362,2771,0.2,0,15,"both",0.441315540583741,-0.0344845419177708
"1917","session1",-8.44932994927647,9.52723879218448,2.31442471332732,8.65160036215346e-05,0.186030025673981,0.55839692783761,0.653897243687736,13,1,150,0.441315540583741,-0.0344845419177708,13,4.52777796039015,1,-1.00001,2771,0.2,0,15,"both",0.441315540583741,-0.0344845419177708
"1918","session1",-8.44932994927647,9.52723879218448,2.31442471332732,8.65160036215346e-05,0.186030025673981,0.55839692783761,0.653897243687736,13,1,150,0.441315540583741,-0.0344845419177708,13,2.53420209875775,0,-13.7559,2771,0.2,0,15,"both",0.441315540583741,-0.0344845419177708
"1919","session1",-8.44932994927647,9.52723879218448,2.31442471332732,8.65160036215346e-05,0.186030025673981,0.55839692783761,0.653897243687736,13,1,150,0.441315540583741,-0.0344845419177708,13,3.07534691552867,0,-0.99058,2771,0.2,0,15,"both",0.441315540583741,-0.0344845419177708
"1920","session1",-8.44932994927647,9.52723879218448,2.31442471332732,8.65160036215346e-05,0.186030025673981,0.55839692783761,0.653897243687736,13,1,150,0.441315540583741,-0.0344845419177708,13,1.21107105003278,1,-1.4649,2771,0.2,0,15,"both",0.441315540583741,-0.0344845419177708
"1921","session1",-8.44932994927647,9.52723879218448,2.31442471332732,8.65160036215346e-05,0.186030025673981,0.55839692783761,0.653897243687736,13,1,150,0.441315540583741,-0.0344845419177708,13,2.5019766842251,1,2.68309,2771,0.2,0,15,"both",0.441315540583741,-0.0344845419177708
"1922","session1",-8.44932994927647,9.52723879218448,2.31442471332732,8.65160036215346e-05,0.186030025673981,0.55839692783761,0.653897243687736,13,1,150,0.441315540583741,-0.0344845419177708,13,2.27376887662151,0,-12.64556,2771,0.2,0,15,"both",0.441315540583741,-0.0344845419177708
"1923","session1",-8.44932994927647,9.52723879218448,2.31442471332732,8.65160036215346e-05,0.186030025673981,0.55839692783761,0.653897243687736,13,1,150,0.441315540583741,-0.0344845419177708,13,1.25641576202493,1,3.51633,2771,0.2,0,15,"both",0.441315540583741,-0.0344845419177708
"1924","session1",-8.44932994927647,9.52723879218448,2.31442471332732,8.65160036215346e-05,0.186030025673981,0.55839692783761,0.653897243687736,13,1,150,0.441315540583741,-0.0344845419177708,13,2.9350535636906,1,-3.23385,2771,0.2,0,15,"both",0.441315540583741,-0.0344845419177708
"1925","session1",-8.44932994927647,9.52723879218448,2.31442471332732,8.65160036215346e-05,0.186030025673981,0.55839692783761,0.653897243687736,13,1,150,0.441315540583741,-0.0344845419177708,13,3.06616175701431,0,-3.09561,2771,0.2,0,15,"both",0.441315540583741,-0.0344845419177708
"1926","session1",-8.44932994927647,9.52723879218448,2.31442471332732,8.65160036215346e-05,0.186030025673981,0.55839692783761,0.653897243687736,13,1,150,0.441315540583741,-0.0344845419177708,13,3.91447646547701,0,-15.2886,2771,0.2,0,15,"both",0.441315540583741,-0.0344845419177708
"1927","session1",-8.44932994927647,9.52723879218448,2.31442471332732,8.65160036215346e-05,0.186030025673981,0.55839692783761,0.653897243687736,13,1,150,0.441315540583741,-0.0344845419177708,13,1.91656494548307,0,-20.90279,2771,0.2,0,15,"both",0.441315540583741,-0.0344845419177708
"1928","session1",-8.44932994927647,9.52723879218448,2.31442471332732,8.65160036215346e-05,0.186030025673981,0.55839692783761,0.653897243687736,13,1,150,0.441315540583741,-0.0344845419177708,13,4.62170797043997,1,3.49323,2771,0.2,0,15,"both",0.441315540583741,-0.0344845419177708
"1929","session1",-8.44932994927647,9.52723879218448,2.31442471332732,8.65160036215346e-05,0.186030025673981,0.55839692783761,0.653897243687736,13,1,150,0.441315540583741,-0.0344845419177708,13,3.8224581124067,0,-15.95892,2771,0.2,0,15,"both",0.441315540583741,-0.0344845419177708
"1930","session1",-8.44932994927647,9.52723879218448,2.31442471332732,8.65160036215346e-05,0.186030025673981,0.55839692783761,0.653897243687736,13,1,150,0.441315540583741,-0.0344845419177708,13,2.57141555313375,0,-3.75923,2771,0.2,0,15,"both",0.441315540583741,-0.0344845419177708
"1931","session1",-8.44932994927647,9.52723879218448,2.31442471332732,8.65160036215346e-05,0.186030025673981,0.55839692783761,0.653897243687736,13,1,150,0.441315540583741,-0.0344845419177708,13,1.58434294964448,1,0.10921,2771,0.2,0,15,"both",0.441315540583741,-0.0344845419177708
"1932","session1",-8.44932994927647,9.52723879218448,2.31442471332732,8.65160036215346e-05,0.186030025673981,0.55839692783761,0.653897243687736,13,1,150,0.441315540583741,-0.0344845419177708,13,2.30982181722813,0,-19.30197,2771,0.2,0,15,"both",0.441315540583741,-0.0344845419177708
"1933","session1",-8.44932994927647,9.52723879218448,2.31442471332732,8.65160036215346e-05,0.186030025673981,0.55839692783761,0.653897243687736,13,1,150,0.441315540583741,-0.0344845419177708,13,1.2578149822547,1,0.42037,2771,0.2,0,15,"both",0.441315540583741,-0.0344845419177708
"1934","session1",-8.44932994927647,9.52723879218448,2.31442471332732,8.65160036215346e-05,0.186030025673981,0.55839692783761,0.653897243687736,13,1,150,0.441315540583741,-0.0344845419177708,13,6.14620831485447,1,-1.20477,2771,0.2,0,15,"both",0.441315540583741,-0.0344845419177708
"1935","session1",-8.44932994927647,9.52723879218448,2.31442471332732,8.65160036215346e-05,0.186030025673981,0.55839692783761,0.653897243687736,13,1,150,0.441315540583741,-0.0344845419177708,13,2.95250548012409,1,0.17278,2771,0.2,0,15,"both",0.441315540583741,-0.0344845419177708
"1936","session1",-8.44932994927647,9.52723879218448,2.31442471332732,8.65160036215346e-05,0.186030025673981,0.55839692783761,0.653897243687736,13,1,150,0.441315540583741,-0.0344845419177708,13,2.13647116495057,0,-16.26385,2771,0.2,0,15,"both",0.441315540583741,-0.0344845419177708
"1937","session1",-8.44932994927647,9.52723879218448,2.31442471332732,8.65160036215346e-05,0.186030025673981,0.55839692783761,0.653897243687736,13,1,150,0.441315540583741,-0.0344845419177708,13,2.56348994481098,0,-16.86858,2771,0.2,0,15,"both",0.441315540583741,-0.0344845419177708
"1938","session1",-8.44932994927647,9.52723879218448,2.31442471332732,8.65160036215346e-05,0.186030025673981,0.55839692783761,0.653897243687736,13,1,150,0.441315540583741,-0.0344845419177708,13,2.05172309864448,1,3.6734,2771,0.2,0,15,"both",0.441315540583741,-0.0344845419177708
"1939","session1",-8.44932994927647,9.52723879218448,2.31442471332732,8.65160036215346e-05,0.186030025673981,0.55839692783761,0.653897243687736,13,1,150,0.441315540583741,-0.0344845419177708,13,3.4804817062925,1,3.7148,2771,0.2,0,15,"both",0.441315540583741,-0.0344845419177708
"1940","session1",-8.44932994927647,9.52723879218448,2.31442471332732,8.65160036215346e-05,0.186030025673981,0.55839692783761,0.653897243687736,13,1,150,0.441315540583741,-0.0344845419177708,13,2.8859670370516,0,-13.79389,2771,0.2,0,15,"both",0.441315540583741,-0.0344845419177708
"1941","session1",-8.44932994927647,9.52723879218448,2.31442471332732,8.65160036215346e-05,0.186030025673981,0.55839692783761,0.653897243687736,13,1,150,0.441315540583741,-0.0344845419177708,13,2.57827327545296,0,-13.66065,2771,0.2,0,15,"both",0.441315540583741,-0.0344845419177708
"1942","session1",-8.44932994927647,9.52723879218448,2.31442471332732,8.65160036215346e-05,0.186030025673981,0.55839692783761,0.653897243687736,13,1,150,0.441315540583741,-0.0344845419177708,13,3.64467029500049,0,-13.44134,2771,0.2,0,15,"both",0.441315540583741,-0.0344845419177708
"1943","session1",-8.44932994927647,9.52723879218448,2.31442471332732,8.65160036215346e-05,0.186030025673981,0.55839692783761,0.653897243687736,13,1,150,0.441315540583741,-0.0344845419177708,13,2.00619302444898,0,-13.16849,2771,0.2,0,15,"both",0.441315540583741,-0.0344845419177708
"1944","session1",-8.44932994927647,9.52723879218448,2.31442471332732,8.65160036215346e-05,0.186030025673981,0.55839692783761,0.653897243687736,13,1,150,0.441315540583741,-0.0344845419177708,13,1.77974128268312,1,1.67394,2771,0.2,0,15,"both",0.441315540583741,-0.0344845419177708
"1945","session1",-8.44932994927647,9.52723879218448,2.31442471332732,8.65160036215346e-05,0.186030025673981,0.55839692783761,0.653897243687736,13,1,150,0.441315540583741,-0.0344845419177708,13,3.72213323266485,1,2.27559,2771,0.2,0,15,"both",0.441315540583741,-0.0344845419177708
"1946","session1",-8.44932994927647,9.52723879218448,2.31442471332732,8.65160036215346e-05,0.186030025673981,0.55839692783761,0.653897243687736,13,1,150,0.441315540583741,-0.0344845419177708,13,5.29644522504396,1,1.27016,2771,0.2,0,15,"both",0.441315540583741,-0.0344845419177708
"1947","session1",-8.44932994927647,9.52723879218448,2.31442471332732,8.65160036215346e-05,0.186030025673981,0.55839692783761,0.653897243687736,13,1,150,0.441315540583741,-0.0344845419177708,13,1.60767654695992,1,-16.07633,2771,0.2,0,15,"both",0.441315540583741,-0.0344845419177708
"1948","session1",-8.44932994927647,9.52723879218448,2.31442471332732,8.65160036215346e-05,0.186030025673981,0.55839692783761,0.653897243687736,13,1,150,0.441315540583741,-0.0344845419177708,13,2.53976245956149,1,-0.36304,2771,0.2,0,15,"both",0.441315540583741,-0.0344845419177708
"1949","session1",-8.44932994927647,9.52723879218448,2.31442471332732,8.65160036215346e-05,0.186030025673981,0.55839692783761,0.653897243687736,13,1,150,0.441315540583741,-0.0344845419177708,13,1.93769430011134,1,-0.43701,2771,0.2,0,15,"both",0.441315540583741,-0.0344845419177708
"1950","session1",-8.44932994927647,9.52723879218448,2.31442471332732,8.65160036215346e-05,0.186030025673981,0.55839692783761,0.653897243687736,13,1,150,0.441315540583741,-0.0344845419177708,13,2.95715812389995,1,-1.30418,2771,0.2,0,15,"both",0.441315540583741,-0.0344845419177708
"1951","session1",-17.9123578831823,17.8987907400568,3.01516220160412,4.44529424625748e-06,0.0445790529646956,0.607732962363334,0.673065440951325,14,1,150,0.441315540583741,-0.0344845419177708,14,3.4569370800396,1,-9.1562191604,2771,0.2,0,15,"both",0.441315540583741,-0.0344845419177708
"1952","session1",-17.9123578831823,17.8987907400568,3.01516220160412,4.44529424625748e-06,0.0445790529646956,0.607732962363334,0.673065440951325,14,1,150,0.441315540583741,-0.0344845419177708,14,5.13950889880747,1,-13.7405408698,2771,0.2,0,15,"both",0.441315540583741,-0.0344845419177708
"1953","session1",-17.9123578831823,17.8987907400568,3.01516220160412,4.44529424625748e-06,0.0445790529646956,0.607732962363334,0.673065440951325,14,1,150,0.441315540583741,-0.0344845419177708,14,3.76570433169097,1,-16.45700311735,2771,0.2,0,15,"both",0.441315540583741,-0.0344845419177708
"1954","session1",-17.9123578831823,17.8987907400568,3.01516220160412,4.44529424625748e-06,0.0445790529646956,0.607732962363334,0.673065440951325,14,1,150,0.441315540583741,-0.0344845419177708,14,4.14529757445782,0,-23.42191904,2771,0.2,0,15,"both",0.441315540583741,-0.0344845419177708
"1955","session1",-17.9123578831823,17.8987907400568,3.01516220160412,4.44529424625748e-06,0.0445790529646956,0.607732962363334,0.673065440951325,14,1,150,0.441315540583741,-0.0344845419177708,14,5.2906365842089,1,-21.17361521,2771,0.2,0,15,"both",0.441315540583741,-0.0344845419177708
"1956","session1",-17.9123578831823,17.8987907400568,3.01516220160412,4.44529424625748e-06,0.0445790529646956,0.607732962363334,0.673065440951325,14,1,150,0.441315540583741,-0.0344845419177708,14,1.31565148238599,0,-27.73868,2771,0.2,0,15,"both",0.441315540583741,-0.0344845419177708
"1957","session1",-17.9123578831823,17.8987907400568,3.01516220160412,4.44529424625748e-06,0.0445790529646956,0.607732962363334,0.673065440951325,14,1,150,0.441315540583741,-0.0344845419177708,14,3.86147875413325,0,-10.8206,2771,0.2,0,15,"both",0.441315540583741,-0.0344845419177708
"1958","session1",-17.9123578831823,17.8987907400568,3.01516220160412,4.44529424625748e-06,0.0445790529646956,0.607732962363334,0.673065440951325,14,1,150,0.441315540583741,-0.0344845419177708,14,1.75957196883683,1,-8.2505,2771,0.2,0,15,"both",0.441315540583741,-0.0344845419177708
"1959","session1",-17.9123578831823,17.8987907400568,3.01516220160412,4.44529424625748e-06,0.0445790529646956,0.607732962363334,0.673065440951325,14,1,150,0.441315540583741,-0.0344845419177708,14,1.15148884852376,1,8.03665,2771,0.2,0,15,"both",0.441315540583741,-0.0344845419177708
"1960","session1",-17.9123578831823,17.8987907400568,3.01516220160412,4.44529424625748e-06,0.0445790529646956,0.607732962363334,0.673065440951325,14,1,150,0.441315540583741,-0.0344845419177708,14,2.86758352966005,0,-20.02794,2771,0.2,0,15,"both",0.441315540583741,-0.0344845419177708
"1961","session1",-17.9123578831823,17.8987907400568,3.01516220160412,4.44529424625748e-06,0.0445790529646956,0.607732962363334,0.673065440951325,14,1,150,0.441315540583741,-0.0344845419177708,14,2.2570343715729,1,-1.09099,2771,0.2,0,15,"both",0.441315540583741,-0.0344845419177708
"1962","session1",-17.9123578831823,17.8987907400568,3.01516220160412,4.44529424625748e-06,0.0445790529646956,0.607732962363334,0.673065440951325,14,1,150,0.441315540583741,-0.0344845419177708,14,2.34483229933637,1,-2.5326,2771,0.2,0,15,"both",0.441315540583741,-0.0344845419177708
"1963","session1",-17.9123578831823,17.8987907400568,3.01516220160412,4.44529424625748e-06,0.0445790529646956,0.607732962363334,0.673065440951325,14,1,150,0.441315540583741,-0.0344845419177708,14,1.66460197219772,0,-19.55917339,2771,0.2,0,15,"both",0.441315540583741,-0.0344845419177708
"1964","session1",-17.9123578831823,17.8987907400568,3.01516220160412,4.44529424625748e-06,0.0445790529646956,0.607732962363334,0.673065440951325,14,1,150,0.441315540583741,-0.0344845419177708,14,4.67120492394291,1,-12.27604,2771,0.2,0,15,"both",0.441315540583741,-0.0344845419177708
"1965","session1",-17.9123578831823,17.8987907400568,3.01516220160412,4.44529424625748e-06,0.0445790529646956,0.607732962363334,0.673065440951325,14,1,150,0.441315540583741,-0.0344845419177708,14,2.75706594417124,1,-0.92387,2771,0.2,0,15,"both",0.441315540583741,-0.0344845419177708
"1966","session1",-17.9123578831823,17.8987907400568,3.01516220160412,4.44529424625748e-06,0.0445790529646956,0.607732962363334,0.673065440951325,14,1,150,0.441315540583741,-0.0344845419177708,14,3.29437272816805,1,-21.34157,2771,0.2,0,15,"both",0.441315540583741,-0.0344845419177708
"1967","session1",-17.9123578831823,17.8987907400568,3.01516220160412,4.44529424625748e-06,0.0445790529646956,0.607732962363334,0.673065440951325,14,1,150,0.441315540583741,-0.0344845419177708,14,4.90030119049236,0,-27.9838,2771,0.2,0,15,"both",0.441315540583741,-0.0344845419177708
"1968","session1",-17.9123578831823,17.8987907400568,3.01516220160412,4.44529424625748e-06,0.0445790529646956,0.607732962363334,0.673065440951325,14,1,150,0.441315540583741,-0.0344845419177708,14,1.677278361194,0,-21.42242,2771,0.2,0,15,"both",0.441315540583741,-0.0344845419177708
"1969","session1",-17.9123578831823,17.8987907400568,3.01516220160412,4.44529424625748e-06,0.0445790529646956,0.607732962363334,0.673065440951325,14,1,150,0.441315540583741,-0.0344845419177708,14,1.51716690987419,0,-6.68609,2771,0.2,0,15,"both",0.441315540583741,-0.0344845419177708
"1970","session1",-17.9123578831823,17.8987907400568,3.01516220160412,4.44529424625748e-06,0.0445790529646956,0.607732962363334,0.673065440951325,14,1,150,0.441315540583741,-0.0344845419177708,14,5.1270904082334,0,-9.67921,2771,0.2,0,15,"both",0.441315540583741,-0.0344845419177708
"1971","session1",-17.9123578831823,17.8987907400568,3.01516220160412,4.44529424625748e-06,0.0445790529646956,0.607732962363334,0.673065440951325,14,1,150,0.441315540583741,-0.0344845419177708,14,2.06745293561416,1,-8.64204,2771,0.2,0,15,"both",0.441315540583741,-0.0344845419177708
"1972","session1",-17.9123578831823,17.8987907400568,3.01516220160412,4.44529424625748e-06,0.0445790529646956,0.607732962363334,0.673065440951325,14,1,150,0.441315540583741,-0.0344845419177708,14,2.84678663107182,0,-6.7997,2771,0.2,0,15,"both",0.441315540583741,-0.0344845419177708
"1973","session1",-17.9123578831823,17.8987907400568,3.01516220160412,4.44529424625748e-06,0.0445790529646956,0.607732962363334,0.673065440951325,14,1,150,0.441315540583741,-0.0344845419177708,14,3.62765165199342,1,0.99992,2771,0.2,0,15,"both",0.441315540583741,-0.0344845419177708
"1974","session1",-17.9123578831823,17.8987907400568,3.01516220160412,4.44529424625748e-06,0.0445790529646956,0.607732962363334,0.673065440951325,14,1,150,0.441315540583741,-0.0344845419177708,14,1.74102509490825,1,-14.03556487,2771,0.2,0,15,"both",0.441315540583741,-0.0344845419177708
"1975","session1",-17.9123578831823,17.8987907400568,3.01516220160412,4.44529424625748e-06,0.0445790529646956,0.607732962363334,0.673065440951325,14,1,150,0.441315540583741,-0.0344845419177708,14,2.38041300466313,1,-3.17101,2771,0.2,0,15,"both",0.441315540583741,-0.0344845419177708
"1976","session1",-17.9123578831823,17.8987907400568,3.01516220160412,4.44529424625748e-06,0.0445790529646956,0.607732962363334,0.673065440951325,14,1,150,0.441315540583741,-0.0344845419177708,14,1.34613250383563,1,-4.2689,2771,0.2,0,15,"both",0.441315540583741,-0.0344845419177708
"1977","session1",-17.9123578831823,17.8987907400568,3.01516220160412,4.44529424625748e-06,0.0445790529646956,0.607732962363334,0.673065440951325,14,1,150,0.441315540583741,-0.0344845419177708,14,1.83895807197003,0,-49.3555,2771,0.2,0,15,"both",0.441315540583741,-0.0344845419177708
"1978","session1",-17.9123578831823,17.8987907400568,3.01516220160412,4.44529424625748e-06,0.0445790529646956,0.607732962363334,0.673065440951325,14,1,150,0.441315540583741,-0.0344845419177708,14,4.45128151479165,1,-15.3838,2771,0.2,0,15,"both",0.441315540583741,-0.0344845419177708
"1979","session1",-17.9123578831823,17.8987907400568,3.01516220160412,4.44529424625748e-06,0.0445790529646956,0.607732962363334,0.673065440951325,14,1,150,0.441315540583741,-0.0344845419177708,14,3.4746414818749,0,-23.0176,2771,0.2,0,15,"both",0.441315540583741,-0.0344845419177708
"1980","session1",-17.9123578831823,17.8987907400568,3.01516220160412,4.44529424625748e-06,0.0445790529646956,0.607732962363334,0.673065440951325,14,1,150,0.441315540583741,-0.0344845419177708,14,1.98398918321871,1,5.6327,2771,0.2,0,15,"both",0.441315540583741,-0.0344845419177708
"1981","session1",-17.9123578831823,17.8987907400568,3.01516220160412,4.44529424625748e-06,0.0445790529646956,0.607732962363334,0.673065440951325,14,1,150,0.441315540583741,-0.0344845419177708,14,8,1,-9.30596,2771,0.2,0,15,"both",0.441315540583741,-0.0344845419177708
"1982","session1",-17.9123578831823,17.8987907400568,3.01516220160412,4.44529424625748e-06,0.0445790529646956,0.607732962363334,0.673065440951325,14,1,150,0.441315540583741,-0.0344845419177708,14,1.48848705983915,0,-31.8369,2771,0.2,0,15,"both",0.441315540583741,-0.0344845419177708
"1983","session1",-17.9123578831823,17.8987907400568,3.01516220160412,4.44529424625748e-06,0.0445790529646956,0.607732962363334,0.673065440951325,14,1,150,0.441315540583741,-0.0344845419177708,14,3.25190946314027,1,-2.5872,2771,0.2,0,15,"both",0.441315540583741,-0.0344845419177708
"1984","session1",-17.9123578831823,17.8987907400568,3.01516220160412,4.44529424625748e-06,0.0445790529646956,0.607732962363334,0.673065440951325,14,1,150,0.441315540583741,-0.0344845419177708,14,3.44474740450915,0,-23.7926,2771,0.2,0,15,"both",0.441315540583741,-0.0344845419177708
"1985","session1",-17.9123578831823,17.8987907400568,3.01516220160412,4.44529424625748e-06,0.0445790529646956,0.607732962363334,0.673065440951325,14,1,150,0.441315540583741,-0.0344845419177708,14,1.75046482149663,0,-24.339,2771,0.2,0,15,"both",0.441315540583741,-0.0344845419177708
"1986","session1",-17.9123578831823,17.8987907400568,3.01516220160412,4.44529424625748e-06,0.0445790529646956,0.607732962363334,0.673065440951325,14,1,150,0.441315540583741,-0.0344845419177708,14,3.28164773365759,0,-8.38108,2771,0.2,0,15,"both",0.441315540583741,-0.0344845419177708
"1987","session1",-17.9123578831823,17.8987907400568,3.01516220160412,4.44529424625748e-06,0.0445790529646956,0.607732962363334,0.673065440951325,14,1,150,0.441315540583741,-0.0344845419177708,14,3.59614172264813,0,-28.077,2771,0.2,0,15,"both",0.441315540583741,-0.0344845419177708
"1988","session1",-17.9123578831823,17.8987907400568,3.01516220160412,4.44529424625748e-06,0.0445790529646956,0.607732962363334,0.673065440951325,14,1,150,0.441315540583741,-0.0344845419177708,14,2.58316818130528,1,-23.6927,2771,0.2,0,15,"both",0.441315540583741,-0.0344845419177708
"1989","session1",-17.9123578831823,17.8987907400568,3.01516220160412,4.44529424625748e-06,0.0445790529646956,0.607732962363334,0.673065440951325,14,1,150,0.441315540583741,-0.0344845419177708,14,3.19310912742131,1,-6.4552,2771,0.2,0,15,"both",0.441315540583741,-0.0344845419177708
"1990","session1",-17.9123578831823,17.8987907400568,3.01516220160412,4.44529424625748e-06,0.0445790529646956,0.607732962363334,0.673065440951325,14,1,150,0.441315540583741,-0.0344845419177708,14,2.6438573238998,1,-4.6596,2771,0.2,0,15,"both",0.441315540583741,-0.0344845419177708
"1991","session1",-17.9123578831823,17.8987907400568,3.01516220160412,4.44529424625748e-06,0.0445790529646956,0.607732962363334,0.673065440951325,14,1,150,0.441315540583741,-0.0344845419177708,14,3.42793067589002,0,-21.30228,2771,0.2,0,15,"both",0.441315540583741,-0.0344845419177708
"1992","session1",-17.9123578831823,17.8987907400568,3.01516220160412,4.44529424625748e-06,0.0445790529646956,0.607732962363334,0.673065440951325,14,1,150,0.441315540583741,-0.0344845419177708,14,3.96720042475754,0,-21.13636,2771,0.2,0,15,"both",0.441315540583741,-0.0344845419177708
"1993","session1",-17.9123578831823,17.8987907400568,3.01516220160412,4.44529424625748e-06,0.0445790529646956,0.607732962363334,0.673065440951325,14,1,150,0.441315540583741,-0.0344845419177708,14,2.95877926585412,1,-9.23428,2771,0.2,0,15,"both",0.441315540583741,-0.0344845419177708
"1994","session1",-17.9123578831823,17.8987907400568,3.01516220160412,4.44529424625748e-06,0.0445790529646956,0.607732962363334,0.673065440951325,14,1,150,0.441315540583741,-0.0344845419177708,14,3.87244754789008,1,-6.0231,2771,0.2,0,15,"both",0.441315540583741,-0.0344845419177708
"1995","session1",-17.9123578831823,17.8987907400568,3.01516220160412,4.44529424625748e-06,0.0445790529646956,0.607732962363334,0.673065440951325,14,1,150,0.441315540583741,-0.0344845419177708,14,2.81334077181275,1,-5.66359,2771,0.2,0,15,"both",0.441315540583741,-0.0344845419177708
"1996","session1",-17.9123578831823,17.8987907400568,3.01516220160412,4.44529424625748e-06,0.0445790529646956,0.607732962363334,0.673065440951325,14,1,150,0.441315540583741,-0.0344845419177708,14,4.78552983853737,0,-23.77776,2771,0.2,0,15,"both",0.441315540583741,-0.0344845419177708
"1997","session1",-17.9123578831823,17.8987907400568,3.01516220160412,4.44529424625748e-06,0.0445790529646956,0.607732962363334,0.673065440951325,14,1,150,0.441315540583741,-0.0344845419177708,14,1.89009538893281,0,-21.19965,2771,0.2,0,15,"both",0.441315540583741,-0.0344845419177708
"1998","session1",-17.9123578831823,17.8987907400568,3.01516220160412,4.44529424625748e-06,0.0445790529646956,0.607732962363334,0.673065440951325,14,1,150,0.441315540583741,-0.0344845419177708,14,1.52386867598961,1,-28.0919,2771,0.2,0,15,"both",0.441315540583741,-0.0344845419177708
"1999","session1",-17.9123578831823,17.8987907400568,3.01516220160412,4.44529424625748e-06,0.0445790529646956,0.607732962363334,0.673065440951325,14,1,150,0.441315540583741,-0.0344845419177708,14,1.79036094990746,1,3.3102,2771,0.2,0,15,"both",0.441315540583741,-0.0344845419177708
"2000","session1",-17.9123578831823,17.8987907400568,3.01516220160412,4.44529424625748e-06,0.0445790529646956,0.607732962363334,0.673065440951325,14,1,150,0.441315540583741,-0.0344845419177708,14,2.11833939598932,1,0.177800000000001,2771,0.2,0,15,"both",0.441315540583741,-0.0344845419177708
"2001","session1",-17.9123578831823,17.8987907400568,3.01516220160412,4.44529424625748e-06,0.0445790529646956,0.607732962363334,0.673065440951325,14,1,150,0.441315540583741,-0.0344845419177708,14,2.64353055128501,0,-38.8079,2771,0.2,0,15,"both",0.441315540583741,-0.0344845419177708
"2002","session1",-17.9123578831823,17.8987907400568,3.01516220160412,4.44529424625748e-06,0.0445790529646956,0.607732962363334,0.673065440951325,14,1,150,0.441315540583741,-0.0344845419177708,14,2.30072834838556,0,-24.98167,2771,0.2,0,15,"both",0.441315540583741,-0.0344845419177708
"2003","session1",-17.9123578831823,17.8987907400568,3.01516220160412,4.44529424625748e-06,0.0445790529646956,0.607732962363334,0.673065440951325,14,1,150,0.441315540583741,-0.0344845419177708,14,2.31017086050068,0,-29.4285,2771,0.2,0,15,"both",0.441315540583741,-0.0344845419177708
"2004","session1",-17.9123578831823,17.8987907400568,3.01516220160412,4.44529424625748e-06,0.0445790529646956,0.607732962363334,0.673065440951325,14,1,150,0.441315540583741,-0.0344845419177708,14,6.74592934211942,1,-10.20049,2771,0.2,0,15,"both",0.441315540583741,-0.0344845419177708
"2005","session1",-17.9123578831823,17.8987907400568,3.01516220160412,4.44529424625748e-06,0.0445790529646956,0.607732962363334,0.673065440951325,14,1,150,0.441315540583741,-0.0344845419177708,14,8,0,-25.67904,2771,0.2,0,15,"both",0.441315540583741,-0.0344845419177708
"2006","session1",-17.9123578831823,17.8987907400568,3.01516220160412,4.44529424625748e-06,0.0445790529646956,0.607732962363334,0.673065440951325,14,1,150,0.441315540583741,-0.0344845419177708,14,1.80829725514549,1,-3.67801,2771,0.2,0,15,"both",0.441315540583741,-0.0344845419177708
"2007","session1",-17.9123578831823,17.8987907400568,3.01516220160412,4.44529424625748e-06,0.0445790529646956,0.607732962363334,0.673065440951325,14,1,150,0.441315540583741,-0.0344845419177708,14,1.83922145545625,0,-23.75075,2771,0.2,0,15,"both",0.441315540583741,-0.0344845419177708
"2008","session1",-17.9123578831823,17.8987907400568,3.01516220160412,4.44529424625748e-06,0.0445790529646956,0.607732962363334,0.673065440951325,14,1,150,0.441315540583741,-0.0344845419177708,14,7.54766237990301,1,-27.11092,2771,0.2,0,15,"both",0.441315540583741,-0.0344845419177708
"2009","session1",-17.9123578831823,17.8987907400568,3.01516220160412,4.44529424625748e-06,0.0445790529646956,0.607732962363334,0.673065440951325,14,1,150,0.441315540583741,-0.0344845419177708,14,2.88854018776404,1,-32.5996,2771,0.2,0,15,"both",0.441315540583741,-0.0344845419177708
"2010","session1",-17.9123578831823,17.8987907400568,3.01516220160412,4.44529424625748e-06,0.0445790529646956,0.607732962363334,0.673065440951325,14,1,150,0.441315540583741,-0.0344845419177708,14,2.85378572473284,0,-35.0863,2771,0.2,0,15,"both",0.441315540583741,-0.0344845419177708
"2011","session1",-17.9123578831823,17.8987907400568,3.01516220160412,4.44529424625748e-06,0.0445790529646956,0.607732962363334,0.673065440951325,14,1,150,0.441315540583741,-0.0344845419177708,14,1.44973297181185,0,-30.2114,2771,0.2,0,15,"both",0.441315540583741,-0.0344845419177708
"2012","session1",-17.9123578831823,17.8987907400568,3.01516220160412,4.44529424625748e-06,0.0445790529646956,0.607732962363334,0.673065440951325,14,1,150,0.441315540583741,-0.0344845419177708,14,2.32803025401073,0,-5.4948,2771,0.2,0,15,"both",0.441315540583741,-0.0344845419177708
"2013","session1",-17.9123578831823,17.8987907400568,3.01516220160412,4.44529424625748e-06,0.0445790529646956,0.607732962363334,0.673065440951325,14,1,150,0.441315540583741,-0.0344845419177708,14,1.58418658823641,0,-6.94695,2771,0.2,0,15,"both",0.441315540583741,-0.0344845419177708
"2014","session1",-17.9123578831823,17.8987907400568,3.01516220160412,4.44529424625748e-06,0.0445790529646956,0.607732962363334,0.673065440951325,14,1,150,0.441315540583741,-0.0344845419177708,14,2.66378520415031,1,-10.29474,2771,0.2,0,15,"both",0.441315540583741,-0.0344845419177708
"2015","session1",-17.9123578831823,17.8987907400568,3.01516220160412,4.44529424625748e-06,0.0445790529646956,0.607732962363334,0.673065440951325,14,1,150,0.441315540583741,-0.0344845419177708,14,1.59174474720282,0,-2.9734,2771,0.2,0,15,"both",0.441315540583741,-0.0344845419177708
"2016","session1",-17.9123578831823,17.8987907400568,3.01516220160412,4.44529424625748e-06,0.0445790529646956,0.607732962363334,0.673065440951325,14,1,150,0.441315540583741,-0.0344845419177708,14,3.07023743241033,1,-4.07005,2771,0.2,0,15,"both",0.441315540583741,-0.0344845419177708
"2017","session1",-17.9123578831823,17.8987907400568,3.01516220160412,4.44529424625748e-06,0.0445790529646956,0.607732962363334,0.673065440951325,14,1,150,0.441315540583741,-0.0344845419177708,14,4.42114587934214,1,-4.06756,2771,0.2,0,15,"both",0.441315540583741,-0.0344845419177708
"2018","session1",-17.9123578831823,17.8987907400568,3.01516220160412,4.44529424625748e-06,0.0445790529646956,0.607732962363334,0.673065440951325,14,1,150,0.441315540583741,-0.0344845419177708,14,4.09738408458961,1,-13.70392,2771,0.2,0,15,"both",0.441315540583741,-0.0344845419177708
"2019","session1",-17.9123578831823,17.8987907400568,3.01516220160412,4.44529424625748e-06,0.0445790529646956,0.607732962363334,0.673065440951325,14,1,150,0.441315540583741,-0.0344845419177708,14,5.11954734498656,1,-11.21459,2771,0.2,0,15,"both",0.441315540583741,-0.0344845419177708
"2020","session1",-17.9123578831823,17.8987907400568,3.01516220160412,4.44529424625748e-06,0.0445790529646956,0.607732962363334,0.673065440951325,14,1,150,0.441315540583741,-0.0344845419177708,14,1.97683667041891,0,-7.9054,2771,0.2,0,15,"both",0.441315540583741,-0.0344845419177708
"2021","session1",-17.9123578831823,17.8987907400568,3.01516220160412,4.44529424625748e-06,0.0445790529646956,0.607732962363334,0.673065440951325,14,1,150,0.441315540583741,-0.0344845419177708,14,3.85526300510148,1,3.1058,2771,0.2,0,15,"both",0.441315540583741,-0.0344845419177708
"2022","session1",-17.9123578831823,17.8987907400568,3.01516220160412,4.44529424625748e-06,0.0445790529646956,0.607732962363334,0.673065440951325,14,1,150,0.441315540583741,-0.0344845419177708,14,1.62812776239984,1,-1.1294,2771,0.2,0,15,"both",0.441315540583741,-0.0344845419177708
"2023","session1",-17.9123578831823,17.8987907400568,3.01516220160412,4.44529424625748e-06,0.0445790529646956,0.607732962363334,0.673065440951325,14,1,150,0.441315540583741,-0.0344845419177708,14,1.43566713577545,1,-10.98716,2771,0.2,0,15,"both",0.441315540583741,-0.0344845419177708
"2024","session1",-17.9123578831823,17.8987907400568,3.01516220160412,4.44529424625748e-06,0.0445790529646956,0.607732962363334,0.673065440951325,14,1,150,0.441315540583741,-0.0344845419177708,14,1.81710438296228,0,-26.6647,2771,0.2,0,15,"both",0.441315540583741,-0.0344845419177708
"2025","session1",-17.9123578831823,17.8987907400568,3.01516220160412,4.44529424625748e-06,0.0445790529646956,0.607732962363334,0.673065440951325,14,1,150,0.441315540583741,-0.0344845419177708,14,2.15670083538332,0,-26.25508,2771,0.2,0,15,"both",0.441315540583741,-0.0344845419177708
"2026","session1",-17.9123578831823,17.8987907400568,3.01516220160412,4.44529424625748e-06,0.0445790529646956,0.607732962363334,0.673065440951325,14,1,150,0.441315540583741,-0.0344845419177708,14,2.35673351937072,1,-11.68517,2771,0.2,0,15,"both",0.441315540583741,-0.0344845419177708
"2027","session1",-17.9123578831823,17.8987907400568,3.01516220160412,4.44529424625748e-06,0.0445790529646956,0.607732962363334,0.673065440951325,14,1,150,0.441315540583741,-0.0344845419177708,14,3.6258785211399,0,-5.82849,2771,0.2,0,15,"both",0.441315540583741,-0.0344845419177708
"2028","session1",-17.9123578831823,17.8987907400568,3.01516220160412,4.44529424625748e-06,0.0445790529646956,0.607732962363334,0.673065440951325,14,1,150,0.441315540583741,-0.0344845419177708,14,1.7291256047937,1,-11.83583,2771,0.2,0,15,"both",0.441315540583741,-0.0344845419177708
"2029","session1",-17.9123578831823,17.8987907400568,3.01516220160412,4.44529424625748e-06,0.0445790529646956,0.607732962363334,0.673065440951325,14,1,150,0.441315540583741,-0.0344845419177708,14,8,0,-25.82975,2771,0.2,0,15,"both",0.441315540583741,-0.0344845419177708
"2030","session1",-17.9123578831823,17.8987907400568,3.01516220160412,4.44529424625748e-06,0.0445790529646956,0.607732962363334,0.673065440951325,14,1,150,0.441315540583741,-0.0344845419177708,14,1.64186929289167,0,-23.53059,2771,0.2,0,15,"both",0.441315540583741,-0.0344845419177708
"2031","session1",-17.9123578831823,17.8987907400568,3.01516220160412,4.44529424625748e-06,0.0445790529646956,0.607732962363334,0.673065440951325,14,1,150,0.441315540583741,-0.0344845419177708,14,1.61630899240554,1,-22.90338,2771,0.2,0,15,"both",0.441315540583741,-0.0344845419177708
"2032","session1",-17.9123578831823,17.8987907400568,3.01516220160412,4.44529424625748e-06,0.0445790529646956,0.607732962363334,0.673065440951325,14,1,150,0.441315540583741,-0.0344845419177708,14,1.81827599573685,1,-30.6578,2771,0.2,0,15,"both",0.441315540583741,-0.0344845419177708
"2033","session1",-17.9123578831823,17.8987907400568,3.01516220160412,4.44529424625748e-06,0.0445790529646956,0.607732962363334,0.673065440951325,14,1,150,0.441315540583741,-0.0344845419177708,14,1.5864637420145,0,-13.94344,2771,0.2,0,15,"both",0.441315540583741,-0.0344845419177708
"2034","session1",-17.9123578831823,17.8987907400568,3.01516220160412,4.44529424625748e-06,0.0445790529646956,0.607732962363334,0.673065440951325,14,1,150,0.441315540583741,-0.0344845419177708,14,7.84636490923462,0,-25.84504,2771,0.2,0,15,"both",0.441315540583741,-0.0344845419177708
"2035","session1",-17.9123578831823,17.8987907400568,3.01516220160412,4.44529424625748e-06,0.0445790529646956,0.607732962363334,0.673065440951325,14,1,150,0.441315540583741,-0.0344845419177708,14,4.23731677886421,0,-24.98428,2771,0.2,0,15,"both",0.441315540583741,-0.0344845419177708
"2036","session1",-17.9123578831823,17.8987907400568,3.01516220160412,4.44529424625748e-06,0.0445790529646956,0.607732962363334,0.673065440951325,14,1,150,0.441315540583741,-0.0344845419177708,14,3.22739599714434,1,-0.136699999999998,2771,0.2,0,15,"both",0.441315540583741,-0.0344845419177708
"2037","session1",-17.9123578831823,17.8987907400568,3.01516220160412,4.44529424625748e-06,0.0445790529646956,0.607732962363334,0.673065440951325,14,1,150,0.441315540583741,-0.0344845419177708,14,1.63555598934825,1,-9.51016,2771,0.2,0,15,"both",0.441315540583741,-0.0344845419177708
"2038","session1",-17.9123578831823,17.8987907400568,3.01516220160412,4.44529424625748e-06,0.0445790529646956,0.607732962363334,0.673065440951325,14,1,150,0.441315540583741,-0.0344845419177708,14,1.91522113284339,0,-27.8285,2771,0.2,0,15,"both",0.441315540583741,-0.0344845419177708
"2039","session1",-17.9123578831823,17.8987907400568,3.01516220160412,4.44529424625748e-06,0.0445790529646956,0.607732962363334,0.673065440951325,14,1,150,0.441315540583741,-0.0344845419177708,14,4.8725980941577,0,-24.64371,2771,0.2,0,15,"both",0.441315540583741,-0.0344845419177708
"2040","session1",-17.9123578831823,17.8987907400568,3.01516220160412,4.44529424625748e-06,0.0445790529646956,0.607732962363334,0.673065440951325,14,1,150,0.441315540583741,-0.0344845419177708,14,2.19135832198054,1,-21.06438,2771,0.2,0,15,"both",0.441315540583741,-0.0344845419177708
"2041","session1",-17.9123578831823,17.8987907400568,3.01516220160412,4.44529424625748e-06,0.0445790529646956,0.607732962363334,0.673065440951325,14,1,150,0.441315540583741,-0.0344845419177708,14,3.64816865061012,1,-8.2998,2771,0.2,0,15,"both",0.441315540583741,-0.0344845419177708
"2042","session1",-17.9123578831823,17.8987907400568,3.01516220160412,4.44529424625748e-06,0.0445790529646956,0.607732962363334,0.673065440951325,14,1,150,0.441315540583741,-0.0344845419177708,14,3.13108792601496,0,-32.3709,2771,0.2,0,15,"both",0.441315540583741,-0.0344845419177708
"2043","session1",-17.9123578831823,17.8987907400568,3.01516220160412,4.44529424625748e-06,0.0445790529646956,0.607732962363334,0.673065440951325,14,1,150,0.441315540583741,-0.0344845419177708,14,3.52426376269113,1,-17.31782,2771,0.2,0,15,"both",0.441315540583741,-0.0344845419177708
"2044","session1",-17.9123578831823,17.8987907400568,3.01516220160412,4.44529424625748e-06,0.0445790529646956,0.607732962363334,0.673065440951325,14,1,150,0.441315540583741,-0.0344845419177708,14,3.13991368477045,1,-16.42068,2771,0.2,0,15,"both",0.441315540583741,-0.0344845419177708
"2045","session1",-17.9123578831823,17.8987907400568,3.01516220160412,4.44529424625748e-06,0.0445790529646956,0.607732962363334,0.673065440951325,14,1,150,0.441315540583741,-0.0344845419177708,14,3.56608158483252,1,-15.87127,2771,0.2,0,15,"both",0.441315540583741,-0.0344845419177708
"2046","session1",-17.9123578831823,17.8987907400568,3.01516220160412,4.44529424625748e-06,0.0445790529646956,0.607732962363334,0.673065440951325,14,1,150,0.441315540583741,-0.0344845419177708,14,4.51827501479037,1,-13.26671,2771,0.2,0,15,"both",0.441315540583741,-0.0344845419177708
"2047","session1",-17.9123578831823,17.8987907400568,3.01516220160412,4.44529424625748e-06,0.0445790529646956,0.607732962363334,0.673065440951325,14,1,150,0.441315540583741,-0.0344845419177708,14,2.92972732210631,1,-22.33604,2771,0.2,0,15,"both",0.441315540583741,-0.0344845419177708
"2048","session1",-17.9123578831823,17.8987907400568,3.01516220160412,4.44529424625748e-06,0.0445790529646956,0.607732962363334,0.673065440951325,14,1,150,0.441315540583741,-0.0344845419177708,14,2.13790496091427,1,-26.81459,2771,0.2,0,15,"both",0.441315540583741,-0.0344845419177708
"2049","session1",-17.9123578831823,17.8987907400568,3.01516220160412,4.44529424625748e-06,0.0445790529646956,0.607732962363334,0.673065440951325,14,1,150,0.441315540583741,-0.0344845419177708,14,2.2948551376679,0,-37.2252,2771,0.2,0,15,"both",0.441315540583741,-0.0344845419177708
"2050","session1",-17.9123578831823,17.8987907400568,3.01516220160412,4.44529424625748e-06,0.0445790529646956,0.607732962363334,0.673065440951325,14,1,150,0.441315540583741,-0.0344845419177708,14,1.72537122164686,0,-27.53744,2771,0.2,0,15,"both",0.441315540583741,-0.0344845419177708
"2051","session1",-17.9123578831823,17.8987907400568,3.01516220160412,4.44529424625748e-06,0.0445790529646956,0.607732962363334,0.673065440951325,14,1,150,0.441315540583741,-0.0344845419177708,14,2.7186192295544,0,-25.65445,2771,0.2,0,15,"both",0.441315540583741,-0.0344845419177708
"2052","session1",-17.9123578831823,17.8987907400568,3.01516220160412,4.44529424625748e-06,0.0445790529646956,0.607732962363334,0.673065440951325,14,1,150,0.441315540583741,-0.0344845419177708,14,2.17165626675899,0,-35.7041,2771,0.2,0,15,"both",0.441315540583741,-0.0344845419177708
"2053","session1",-17.9123578831823,17.8987907400568,3.01516220160412,4.44529424625748e-06,0.0445790529646956,0.607732962363334,0.673065440951325,14,1,150,0.441315540583741,-0.0344845419177708,14,8,1,-19.45019,2771,0.2,0,15,"both",0.441315540583741,-0.0344845419177708
"2054","session1",-17.9123578831823,17.8987907400568,3.01516220160412,4.44529424625748e-06,0.0445790529646956,0.607732962363334,0.673065440951325,14,1,150,0.441315540583741,-0.0344845419177708,14,5.23505523803152,1,-21.88921,2771,0.2,0,15,"both",0.441315540583741,-0.0344845419177708
"2055","session1",-17.9123578831823,17.8987907400568,3.01516220160412,4.44529424625748e-06,0.0445790529646956,0.607732962363334,0.673065440951325,14,1,150,0.441315540583741,-0.0344845419177708,14,3.18534918767595,1,-8.0839,2771,0.2,0,15,"both",0.441315540583741,-0.0344845419177708
"2056","session1",-17.9123578831823,17.8987907400568,3.01516220160412,4.44529424625748e-06,0.0445790529646956,0.607732962363334,0.673065440951325,14,1,150,0.441315540583741,-0.0344845419177708,14,6.78367541126818,0,-15.6856,2771,0.2,0,15,"both",0.441315540583741,-0.0344845419177708
"2057","session1",-17.9123578831823,17.8987907400568,3.01516220160412,4.44529424625748e-06,0.0445790529646956,0.607732962363334,0.673065440951325,14,1,150,0.441315540583741,-0.0344845419177708,14,2.34625693367527,1,-27.9985,2771,0.2,0,15,"both",0.441315540583741,-0.0344845419177708
"2058","session1",-17.9123578831823,17.8987907400568,3.01516220160412,4.44529424625748e-06,0.0445790529646956,0.607732962363334,0.673065440951325,14,1,150,0.441315540583741,-0.0344845419177708,14,1.99161597746378,0,-20.85112,2771,0.2,0,15,"both",0.441315540583741,-0.0344845419177708
"2059","session1",-17.9123578831823,17.8987907400568,3.01516220160412,4.44529424625748e-06,0.0445790529646956,0.607732962363334,0.673065440951325,14,1,150,0.441315540583741,-0.0344845419177708,14,5.19408201578153,1,-30.5923,2771,0.2,0,15,"both",0.441315540583741,-0.0344845419177708
"2060","session1",-17.9123578831823,17.8987907400568,3.01516220160412,4.44529424625748e-06,0.0445790529646956,0.607732962363334,0.673065440951325,14,1,150,0.441315540583741,-0.0344845419177708,14,3.29298952471128,1,-8.67001,2771,0.2,0,15,"both",0.441315540583741,-0.0344845419177708
"2061","session1",-17.9123578831823,17.8987907400568,3.01516220160412,4.44529424625748e-06,0.0445790529646956,0.607732962363334,0.673065440951325,14,1,150,0.441315540583741,-0.0344845419177708,14,2.60086527880604,1,-29.7574,2771,0.2,0,15,"both",0.441315540583741,-0.0344845419177708
"2062","session1",-17.9123578831823,17.8987907400568,3.01516220160412,4.44529424625748e-06,0.0445790529646956,0.607732962363334,0.673065440951325,14,1,150,0.441315540583741,-0.0344845419177708,14,3.28036303527647,1,-30.5796,2771,0.2,0,15,"both",0.441315540583741,-0.0344845419177708
"2063","session1",-17.9123578831823,17.8987907400568,3.01516220160412,4.44529424625748e-06,0.0445790529646956,0.607732962363334,0.673065440951325,14,1,150,0.441315540583741,-0.0344845419177708,14,1.2690806473147,0,-29.7116,2771,0.2,0,15,"both",0.441315540583741,-0.0344845419177708
"2064","session1",-17.9123578831823,17.8987907400568,3.01516220160412,4.44529424625748e-06,0.0445790529646956,0.607732962363334,0.673065440951325,14,1,150,0.441315540583741,-0.0344845419177708,14,2.16044815770287,1,-3.0224,2771,0.2,0,15,"both",0.441315540583741,-0.0344845419177708
"2065","session1",-17.9123578831823,17.8987907400568,3.01516220160412,4.44529424625748e-06,0.0445790529646956,0.607732962363334,0.673065440951325,14,1,150,0.441315540583741,-0.0344845419177708,14,2.8083561653861,1,4.9684,2771,0.2,0,15,"both",0.441315540583741,-0.0344845419177708
"2066","session1",-17.9123578831823,17.8987907400568,3.01516220160412,4.44529424625748e-06,0.0445790529646956,0.607732962363334,0.673065440951325,14,1,150,0.441315540583741,-0.0344845419177708,14,1.57245071919276,1,-26.84335,2771,0.2,0,15,"both",0.441315540583741,-0.0344845419177708
"2067","session1",-17.9123578831823,17.8987907400568,3.01516220160412,4.44529424625748e-06,0.0445790529646956,0.607732962363334,0.673065440951325,14,1,150,0.441315540583741,-0.0344845419177708,14,2.51261619859405,0,4.3535,2771,0.2,0,15,"both",0.441315540583741,-0.0344845419177708
"2068","session1",-17.9123578831823,17.8987907400568,3.01516220160412,4.44529424625748e-06,0.0445790529646956,0.607732962363334,0.673065440951325,14,1,150,0.441315540583741,-0.0344845419177708,14,2.50837471008044,1,-0.0445999999999991,2771,0.2,0,15,"both",0.441315540583741,-0.0344845419177708
"2069","session1",-17.9123578831823,17.8987907400568,3.01516220160412,4.44529424625748e-06,0.0445790529646956,0.607732962363334,0.673065440951325,14,1,150,0.441315540583741,-0.0344845419177708,14,2.36943727857236,0,-18.82965,2771,0.2,0,15,"both",0.441315540583741,-0.0344845419177708
"2070","session1",-17.9123578831823,17.8987907400568,3.01516220160412,4.44529424625748e-06,0.0445790529646956,0.607732962363334,0.673065440951325,14,1,150,0.441315540583741,-0.0344845419177708,14,2.60372584205197,0,-33.444,2771,0.2,0,15,"both",0.441315540583741,-0.0344845419177708
"2071","session1",-17.9123578831823,17.8987907400568,3.01516220160412,4.44529424625748e-06,0.0445790529646956,0.607732962363334,0.673065440951325,14,1,150,0.441315540583741,-0.0344845419177708,14,2.95305854787963,0,-15.40545,2771,0.2,0,15,"both",0.441315540583741,-0.0344845419177708
"2072","session1",-17.9123578831823,17.8987907400568,3.01516220160412,4.44529424625748e-06,0.0445790529646956,0.607732962363334,0.673065440951325,14,1,150,0.441315540583741,-0.0344845419177708,14,1.47602268066365,0,-29.0911,2771,0.2,0,15,"both",0.441315540583741,-0.0344845419177708
"2073","session1",-17.9123578831823,17.8987907400568,3.01516220160412,4.44529424625748e-06,0.0445790529646956,0.607732962363334,0.673065440951325,14,1,150,0.441315540583741,-0.0344845419177708,14,1.85155550866864,1,-4.6411,2771,0.2,0,15,"both",0.441315540583741,-0.0344845419177708
"2074","session1",-17.9123578831823,17.8987907400568,3.01516220160412,4.44529424625748e-06,0.0445790529646956,0.607732962363334,0.673065440951325,14,1,150,0.441315540583741,-0.0344845419177708,14,5.43527311352471,0,-30.3148,2771,0.2,0,15,"both",0.441315540583741,-0.0344845419177708
"2075","session1",-17.9123578831823,17.8987907400568,3.01516220160412,4.44529424625748e-06,0.0445790529646956,0.607732962363334,0.673065440951325,14,1,150,0.441315540583741,-0.0344845419177708,14,1.338110332272,1,-3.3489,2771,0.2,0,15,"both",0.441315540583741,-0.0344845419177708
"2076","session1",-17.9123578831823,17.8987907400568,3.01516220160412,4.44529424625748e-06,0.0445790529646956,0.607732962363334,0.673065440951325,14,1,150,0.441315540583741,-0.0344845419177708,14,1.1016992777284,1,-4.3913,2771,0.2,0,15,"both",0.441315540583741,-0.0344845419177708
"2077","session1",-17.9123578831823,17.8987907400568,3.01516220160412,4.44529424625748e-06,0.0445790529646956,0.607732962363334,0.673065440951325,14,1,150,0.441315540583741,-0.0344845419177708,14,1.61696965065506,0,-32.95027,2771,0.2,0,15,"both",0.441315540583741,-0.0344845419177708
"2078","session1",-17.9123578831823,17.8987907400568,3.01516220160412,4.44529424625748e-06,0.0445790529646956,0.607732962363334,0.673065440951325,14,1,150,0.441315540583741,-0.0344845419177708,14,3.3618341379434,0,-29.29412,2771,0.2,0,15,"both",0.441315540583741,-0.0344845419177708
"2079","session1",-17.9123578831823,17.8987907400568,3.01516220160412,4.44529424625748e-06,0.0445790529646956,0.607732962363334,0.673065440951325,14,1,150,0.441315540583741,-0.0344845419177708,14,1.91860482694362,1,1.6753,2771,0.2,0,15,"both",0.441315540583741,-0.0344845419177708
"2080","session1",-17.9123578831823,17.8987907400568,3.01516220160412,4.44529424625748e-06,0.0445790529646956,0.607732962363334,0.673065440951325,14,1,150,0.441315540583741,-0.0344845419177708,14,1.56926811309609,1,-25.55559,2771,0.2,0,15,"both",0.441315540583741,-0.0344845419177708
"2081","session1",-17.9123578831823,17.8987907400568,3.01516220160412,4.44529424625748e-06,0.0445790529646956,0.607732962363334,0.673065440951325,14,1,150,0.441315540583741,-0.0344845419177708,14,6.40723346937042,0,-29.7745,2771,0.2,0,15,"both",0.441315540583741,-0.0344845419177708
"2082","session1",-17.9123578831823,17.8987907400568,3.01516220160412,4.44529424625748e-06,0.0445790529646956,0.607732962363334,0.673065440951325,14,1,150,0.441315540583741,-0.0344845419177708,14,2.38516400490673,1,-5.0602,2771,0.2,0,15,"both",0.441315540583741,-0.0344845419177708
"2083","session1",-17.9123578831823,17.8987907400568,3.01516220160412,4.44529424625748e-06,0.0445790529646956,0.607732962363334,0.673065440951325,14,1,150,0.441315540583741,-0.0344845419177708,14,2.7494733598244,0,-5.9177,2771,0.2,0,15,"both",0.441315540583741,-0.0344845419177708
"2084","session1",-17.9123578831823,17.8987907400568,3.01516220160412,4.44529424625748e-06,0.0445790529646956,0.607732962363334,0.673065440951325,14,1,150,0.441315540583741,-0.0344845419177708,14,2.18562272421711,1,-10.6402,2771,0.2,0,15,"both",0.441315540583741,-0.0344845419177708
"2085","session1",-17.9123578831823,17.8987907400568,3.01516220160412,4.44529424625748e-06,0.0445790529646956,0.607732962363334,0.673065440951325,14,1,150,0.441315540583741,-0.0344845419177708,14,1.9918470262677,0,-39.931,2771,0.2,0,15,"both",0.441315540583741,-0.0344845419177708
"2086","session1",-17.9123578831823,17.8987907400568,3.01516220160412,4.44529424625748e-06,0.0445790529646956,0.607732962363334,0.673065440951325,14,1,150,0.441315540583741,-0.0344845419177708,14,3.65044504632826,0,-38.6435,2771,0.2,0,15,"both",0.441315540583741,-0.0344845419177708
"2087","session1",-17.9123578831823,17.8987907400568,3.01516220160412,4.44529424625748e-06,0.0445790529646956,0.607732962363334,0.673065440951325,14,1,150,0.441315540583741,-0.0344845419177708,14,4.46499823230119,1,0.8078,2771,0.2,0,15,"both",0.441315540583741,-0.0344845419177708
"2088","session1",-17.9123578831823,17.8987907400568,3.01516220160412,4.44529424625748e-06,0.0445790529646956,0.607732962363334,0.673065440951325,14,1,150,0.441315540583741,-0.0344845419177708,14,4.91187149694529,0,-10.9822,2771,0.2,0,15,"both",0.441315540583741,-0.0344845419177708
"2089","session1",-17.9123578831823,17.8987907400568,3.01516220160412,4.44529424625748e-06,0.0445790529646956,0.607732962363334,0.673065440951325,14,1,150,0.441315540583741,-0.0344845419177708,14,1.54476042191908,1,-12.49338,2771,0.2,0,15,"both",0.441315540583741,-0.0344845419177708
"2090","session1",-17.9123578831823,17.8987907400568,3.01516220160412,4.44529424625748e-06,0.0445790529646956,0.607732962363334,0.673065440951325,14,1,150,0.441315540583741,-0.0344845419177708,14,4.30546518149455,0,-32.2076,2771,0.2,0,15,"both",0.441315540583741,-0.0344845419177708
"2091","session1",-17.9123578831823,17.8987907400568,3.01516220160412,4.44529424625748e-06,0.0445790529646956,0.607732962363334,0.673065440951325,14,1,150,0.441315540583741,-0.0344845419177708,14,2.42006943019315,1,-6.0364,2771,0.2,0,15,"both",0.441315540583741,-0.0344845419177708
"2092","session1",-17.9123578831823,17.8987907400568,3.01516220160412,4.44529424625748e-06,0.0445790529646956,0.607732962363334,0.673065440951325,14,1,150,0.441315540583741,-0.0344845419177708,14,1.52200513782495,0,-31.6441,2771,0.2,0,15,"both",0.441315540583741,-0.0344845419177708
"2093","session1",-17.9123578831823,17.8987907400568,3.01516220160412,4.44529424625748e-06,0.0445790529646956,0.607732962363334,0.673065440951325,14,1,150,0.441315540583741,-0.0344845419177708,14,1.64760177221943,0,-21.094,2771,0.2,0,15,"both",0.441315540583741,-0.0344845419177708
"2094","session1",-17.9123578831823,17.8987907400568,3.01516220160412,4.44529424625748e-06,0.0445790529646956,0.607732962363334,0.673065440951325,14,1,150,0.441315540583741,-0.0344845419177708,14,3.81205402983987,1,-13.34226,2771,0.2,0,15,"both",0.441315540583741,-0.0344845419177708
"2095","session1",-17.9123578831823,17.8987907400568,3.01516220160412,4.44529424625748e-06,0.0445790529646956,0.607732962363334,0.673065440951325,14,1,150,0.441315540583741,-0.0344845419177708,14,2.03775618725948,0,-33.9459,2771,0.2,0,15,"both",0.441315540583741,-0.0344845419177708
"2096","session1",-17.9123578831823,17.8987907400568,3.01516220160412,4.44529424625748e-06,0.0445790529646956,0.607732962363334,0.673065440951325,14,1,150,0.441315540583741,-0.0344845419177708,14,3.39726455936767,0,-29.5326,2771,0.2,0,15,"both",0.441315540583741,-0.0344845419177708
"2097","session1",-17.9123578831823,17.8987907400568,3.01516220160412,4.44529424625748e-06,0.0445790529646956,0.607732962363334,0.673065440951325,14,1,150,0.441315540583741,-0.0344845419177708,14,2.15418203481982,0,-27.8268,2771,0.2,0,15,"both",0.441315540583741,-0.0344845419177708
"2098","session1",-17.9123578831823,17.8987907400568,3.01516220160412,4.44529424625748e-06,0.0445790529646956,0.607732962363334,0.673065440951325,14,1,150,0.441315540583741,-0.0344845419177708,14,3.09669049868085,1,-8.3293,2771,0.2,0,15,"both",0.441315540583741,-0.0344845419177708
"2099","session1",-17.9123578831823,17.8987907400568,3.01516220160412,4.44529424625748e-06,0.0445790529646956,0.607732962363334,0.673065440951325,14,1,150,0.441315540583741,-0.0344845419177708,14,1.90567442598342,1,-8.32697,2771,0.2,0,15,"both",0.441315540583741,-0.0344845419177708
"2100","session1",-17.9123578831823,17.8987907400568,3.01516220160412,4.44529424625748e-06,0.0445790529646956,0.607732962363334,0.673065440951325,14,1,150,0.441315540583741,-0.0344845419177708,14,6.70838834910921,0,-12.03484,2771,0.2,0,15,"both",0.441315540583741,-0.0344845419177708
"2101","session1",-14.5919843951479,11.3387817039472,2.69969337272637,0.00536572794246159,0.725857600281823,0.399585258991161,0.329148276554159,15,1,150,0.441315540583741,-0.0344845419177708,15,2.48458010864852,1,-9.0893956313,2771,0.2,0,15,"both",0.441315540583741,-0.0344845419177708
"2102","session1",-14.5919843951479,11.3387817039472,2.69969337272637,0.00536572794246159,0.725857600281823,0.399585258991161,0.329148276554159,15,1,150,0.441315540583741,-0.0344845419177708,15,7.33375038480281,0,-9.880347027,2771,0.2,0,15,"both",0.441315540583741,-0.0344845419177708
"2103","session1",-14.5919843951479,11.3387817039472,2.69969337272637,0.00536572794246159,0.725857600281823,0.399585258991161,0.329148276554159,15,1,150,0.441315540583741,-0.0344845419177708,15,3.43673795535979,1,-1.3566176913,2771,0.2,0,15,"both",0.441315540583741,-0.0344845419177708
"2104","session1",-14.5919843951479,11.3387817039472,2.69969337272637,0.00536572794246159,0.725857600281823,0.399585258991161,0.329148276554159,15,1,150,0.441315540583741,-0.0344845419177708,15,4.9333220213252,1,-7.6642343484,2771,0.2,0,15,"both",0.441315540583741,-0.0344845419177708
"2105","session1",-14.5919843951479,11.3387817039472,2.69969337272637,0.00536572794246159,0.725857600281823,0.399585258991161,0.329148276554159,15,1,150,0.441315540583741,-0.0344845419177708,15,3.82231030389658,0,-9.37861,2771,0.2,0,15,"both",0.441315540583741,-0.0344845419177708
"2106","session1",-14.5919843951479,11.3387817039472,2.69969337272637,0.00536572794246159,0.725857600281823,0.399585258991161,0.329148276554159,15,1,150,0.441315540583741,-0.0344845419177708,15,2.79143239681658,1,0.0388000000000002,2771,0.2,0,15,"both",0.441315540583741,-0.0344845419177708
"2107","session1",-14.5919843951479,11.3387817039472,2.69969337272637,0.00536572794246159,0.725857600281823,0.399585258991161,0.329148276554159,15,1,150,0.441315540583741,-0.0344845419177708,15,3.51185851834026,0,-8.24658,2771,0.2,0,15,"both",0.441315540583741,-0.0344845419177708
"2108","session1",-14.5919843951479,11.3387817039472,2.69969337272637,0.00536572794246159,0.725857600281823,0.399585258991161,0.329148276554159,15,1,150,0.441315540583741,-0.0344845419177708,15,3.09841450831858,1,-8.14001,2771,0.2,0,15,"both",0.441315540583741,-0.0344845419177708
"2109","session1",-14.5919843951479,11.3387817039472,2.69969337272637,0.00536572794246159,0.725857600281823,0.399585258991161,0.329148276554159,15,1,150,0.441315540583741,-0.0344845419177708,15,2.05818281473003,1,11.48005,2771,0.2,0,15,"both",0.441315540583741,-0.0344845419177708
"2110","session1",-14.5919843951479,11.3387817039472,2.69969337272637,0.00536572794246159,0.725857600281823,0.399585258991161,0.329148276554159,15,1,150,0.441315540583741,-0.0344845419177708,15,2.7804860400126,1,-8.38882,2771,0.2,0,15,"both",0.441315540583741,-0.0344845419177708
"2111","session1",-14.5919843951479,11.3387817039472,2.69969337272637,0.00536572794246159,0.725857600281823,0.399585258991161,0.329148276554159,15,1,150,0.441315540583741,-0.0344845419177708,15,4.31634451965386,0,-17.47021,2771,0.2,0,15,"both",0.441315540583741,-0.0344845419177708
"2112","session1",-14.5919843951479,11.3387817039472,2.69969337272637,0.00536572794246159,0.725857600281823,0.399585258991161,0.329148276554159,15,1,150,0.441315540583741,-0.0344845419177708,15,6.08529184718904,0,-10.24029,2771,0.2,0,15,"both",0.441315540583741,-0.0344845419177708
"2113","session1",-14.5919843951479,11.3387817039472,2.69969337272637,0.00536572794246159,0.725857600281823,0.399585258991161,0.329148276554159,15,1,150,0.441315540583741,-0.0344845419177708,15,3.40622838317101,1,0.93855,2771,0.2,0,15,"both",0.441315540583741,-0.0344845419177708
"2114","session1",-14.5919843951479,11.3387817039472,2.69969337272637,0.00536572794246159,0.725857600281823,0.399585258991161,0.329148276554159,15,1,150,0.441315540583741,-0.0344845419177708,15,2.77087790790299,0,-2.05092,2771,0.2,0,15,"both",0.441315540583741,-0.0344845419177708
"2115","session1",-14.5919843951479,11.3387817039472,2.69969337272637,0.00536572794246159,0.725857600281823,0.399585258991161,0.329148276554159,15,1,150,0.441315540583741,-0.0344845419177708,15,2.51805873126948,1,-0.0299800000000001,2771,0.2,0,15,"both",0.441315540583741,-0.0344845419177708
"2116","session1",-14.5919843951479,11.3387817039472,2.69969337272637,0.00536572794246159,0.725857600281823,0.399585258991161,0.329148276554159,15,1,150,0.441315540583741,-0.0344845419177708,15,2.76016229298156,0,-38.35,2771,0.2,0,15,"both",0.441315540583741,-0.0344845419177708
"2117","session1",-14.5919843951479,11.3387817039472,2.69969337272637,0.00536572794246159,0.725857600281823,0.399585258991161,0.329148276554159,15,1,150,0.441315540583741,-0.0344845419177708,15,6.11746190220134,0,-19.80563,2771,0.2,0,15,"both",0.441315540583741,-0.0344845419177708
"2118","session1",-14.5919843951479,11.3387817039472,2.69969337272637,0.00536572794246159,0.725857600281823,0.399585258991161,0.329148276554159,15,1,150,0.441315540583741,-0.0344845419177708,15,5.22767451767269,1,20.25848,2771,0.2,0,15,"both",0.441315540583741,-0.0344845419177708
"2119","session1",-14.5919843951479,11.3387817039472,2.69969337272637,0.00536572794246159,0.725857600281823,0.399585258991161,0.329148276554159,15,1,150,0.441315540583741,-0.0344845419177708,15,2.66664891386483,1,0.35253,2771,0.2,0,15,"both",0.441315540583741,-0.0344845419177708
"2120","session1",-14.5919843951479,11.3387817039472,2.69969337272637,0.00536572794246159,0.725857600281823,0.399585258991161,0.329148276554159,15,1,150,0.441315540583741,-0.0344845419177708,15,5.07092372323834,1,-10.60089,2771,0.2,0,15,"both",0.441315540583741,-0.0344845419177708
"2121","session1",-14.5919843951479,11.3387817039472,2.69969337272637,0.00536572794246159,0.725857600281823,0.399585258991161,0.329148276554159,15,1,150,0.441315540583741,-0.0344845419177708,15,1.81270288431448,0,-34.71457,2771,0.2,0,15,"both",0.441315540583741,-0.0344845419177708
"2122","session1",-14.5919843951479,11.3387817039472,2.69969337272637,0.00536572794246159,0.725857600281823,0.399585258991161,0.329148276554159,15,1,150,0.441315540583741,-0.0344845419177708,15,3.11011241446097,0,-23.82717,2771,0.2,0,15,"both",0.441315540583741,-0.0344845419177708
"2123","session1",-14.5919843951479,11.3387817039472,2.69969337272637,0.00536572794246159,0.725857600281823,0.399585258991161,0.329148276554159,15,1,150,0.441315540583741,-0.0344845419177708,15,4.52287560252044,0,-4.84587,2771,0.2,0,15,"both",0.441315540583741,-0.0344845419177708
"2124","session1",-14.5919843951479,11.3387817039472,2.69969337272637,0.00536572794246159,0.725857600281823,0.399585258991161,0.329148276554159,15,1,150,0.441315540583741,-0.0344845419177708,15,2.74359842410961,1,-9.52628,2771,0.2,0,15,"both",0.441315540583741,-0.0344845419177708
"2125","session1",-14.5919843951479,11.3387817039472,2.69969337272637,0.00536572794246159,0.725857600281823,0.399585258991161,0.329148276554159,15,1,150,0.441315540583741,-0.0344845419177708,15,5.45451737688741,1,-5.93748,2771,0.2,0,15,"both",0.441315540583741,-0.0344845419177708
"2126","session1",-14.5919843951479,11.3387817039472,2.69969337272637,0.00536572794246159,0.725857600281823,0.399585258991161,0.329148276554159,15,1,150,0.441315540583741,-0.0344845419177708,15,5.54860757114013,1,-5.84184,2771,0.2,0,15,"both",0.441315540583741,-0.0344845419177708
"2127","session1",-14.5919843951479,11.3387817039472,2.69969337272637,0.00536572794246159,0.725857600281823,0.399585258991161,0.329148276554159,15,1,150,0.441315540583741,-0.0344845419177708,15,6.54283944363562,1,-8.19833,2771,0.2,0,15,"both",0.441315540583741,-0.0344845419177708
"2128","session1",-14.5919843951479,11.3387817039472,2.69969337272637,0.00536572794246159,0.725857600281823,0.399585258991161,0.329148276554159,15,1,150,0.441315540583741,-0.0344845419177708,15,4.33394843937584,1,-9.82674,2771,0.2,0,15,"both",0.441315540583741,-0.0344845419177708
"2129","session1",-14.5919843951479,11.3387817039472,2.69969337272637,0.00536572794246159,0.725857600281823,0.399585258991161,0.329148276554159,15,1,150,0.441315540583741,-0.0344845419177708,15,4.04079701227819,1,-16.95971,2771,0.2,0,15,"both",0.441315540583741,-0.0344845419177708
"2130","session1",-14.5919843951479,11.3387817039472,2.69969337272637,0.00536572794246159,0.725857600281823,0.399585258991161,0.329148276554159,15,1,150,0.441315540583741,-0.0344845419177708,15,3.78278913378741,1,4.1963,2771,0.2,0,15,"both",0.441315540583741,-0.0344845419177708
"2131","session1",-14.5919843951479,11.3387817039472,2.69969337272637,0.00536572794246159,0.725857600281823,0.399585258991161,0.329148276554159,15,1,150,0.441315540583741,-0.0344845419177708,15,4.31337363297713,1,-11.99533,2771,0.2,0,15,"both",0.441315540583741,-0.0344845419177708
"2132","session1",-14.5919843951479,11.3387817039472,2.69969337272637,0.00536572794246159,0.725857600281823,0.399585258991161,0.329148276554159,15,1,150,0.441315540583741,-0.0344845419177708,15,5.47220081476434,0,-16.52284,2771,0.2,0,15,"both",0.441315540583741,-0.0344845419177708
"2133","session1",-14.5919843951479,11.3387817039472,2.69969337272637,0.00536572794246159,0.725857600281823,0.399585258991161,0.329148276554159,15,1,150,0.441315540583741,-0.0344845419177708,15,4.62897789054166,1,-7.96394,2771,0.2,0,15,"both",0.441315540583741,-0.0344845419177708
"2134","session1",-14.5919843951479,11.3387817039472,2.69969337272637,0.00536572794246159,0.725857600281823,0.399585258991161,0.329148276554159,15,1,150,0.441315540583741,-0.0344845419177708,15,3.67315539399095,1,2.5592,2771,0.2,0,15,"both",0.441315540583741,-0.0344845419177708
"2135","session1",-14.5919843951479,11.3387817039472,2.69969337272637,0.00536572794246159,0.725857600281823,0.399585258991161,0.329148276554159,15,1,150,0.441315540583741,-0.0344845419177708,15,3.14509431073009,1,9.2921,2771,0.2,0,15,"both",0.441315540583741,-0.0344845419177708
"2136","session1",-14.5919843951479,11.3387817039472,2.69969337272637,0.00536572794246159,0.725857600281823,0.399585258991161,0.329148276554159,15,1,150,0.441315540583741,-0.0344845419177708,15,2.13306255115856,1,-24.5118,2771,0.2,0,15,"both",0.441315540583741,-0.0344845419177708
"2137","session1",-14.5919843951479,11.3387817039472,2.69969337272637,0.00536572794246159,0.725857600281823,0.399585258991161,0.329148276554159,15,1,150,0.441315540583741,-0.0344845419177708,15,3.88568482200504,1,-7.87803,2771,0.2,0,15,"both",0.441315540583741,-0.0344845419177708
"2138","session1",-14.5919843951479,11.3387817039472,2.69969337272637,0.00536572794246159,0.725857600281823,0.399585258991161,0.329148276554159,15,1,150,0.441315540583741,-0.0344845419177708,15,2.1436807712535,0,-28.24865,2771,0.2,0,15,"both",0.441315540583741,-0.0344845419177708
"2139","session1",-14.5919843951479,11.3387817039472,2.69969337272637,0.00536572794246159,0.725857600281823,0.399585258991161,0.329148276554159,15,1,150,0.441315540583741,-0.0344845419177708,15,4.66395025477469,1,19.0985,2771,0.2,0,15,"both",0.441315540583741,-0.0344845419177708
"2140","session1",-14.5919843951479,11.3387817039472,2.69969337272637,0.00536572794246159,0.725857600281823,0.399585258991161,0.329148276554159,15,1,150,0.441315540583741,-0.0344845419177708,15,7.64975466054219,1,-3.5839,2771,0.2,0,15,"both",0.441315540583741,-0.0344845419177708
"2141","session1",-14.5919843951479,11.3387817039472,2.69969337272637,0.00536572794246159,0.725857600281823,0.399585258991161,0.329148276554159,15,1,150,0.441315540583741,-0.0344845419177708,15,3.3936050940448,1,-2.18604,2771,0.2,0,15,"both",0.441315540583741,-0.0344845419177708
"2142","session1",-14.5919843951479,11.3387817039472,2.69969337272637,0.00536572794246159,0.725857600281823,0.399585258991161,0.329148276554159,15,1,150,0.441315540583741,-0.0344845419177708,15,3.03231866259187,0,-29.8487,2771,0.2,0,15,"both",0.441315540583741,-0.0344845419177708
"2143","session1",-14.5919843951479,11.3387817039472,2.69969337272637,0.00536572794246159,0.725857600281823,0.399585258991161,0.329148276554159,15,1,150,0.441315540583741,-0.0344845419177708,15,2.64372487235854,0,-26.3685,2771,0.2,0,15,"both",0.441315540583741,-0.0344845419177708
"2144","session1",-14.5919843951479,11.3387817039472,2.69969337272637,0.00536572794246159,0.725857600281823,0.399585258991161,0.329148276554159,15,1,150,0.441315540583741,-0.0344845419177708,15,4.11932572511176,1,-0.9382,2771,0.2,0,15,"both",0.441315540583741,-0.0344845419177708
"2145","session1",-14.5919843951479,11.3387817039472,2.69969337272637,0.00536572794246159,0.725857600281823,0.399585258991161,0.329148276554159,15,1,150,0.441315540583741,-0.0344845419177708,15,3.21088905677833,1,0.838900000000001,2771,0.2,0,15,"both",0.441315540583741,-0.0344845419177708
"2146","session1",-14.5919843951479,11.3387817039472,2.69969337272637,0.00536572794246159,0.725857600281823,0.399585258991161,0.329148276554159,15,1,150,0.441315540583741,-0.0344845419177708,15,4.62072837473863,0,-19.19715,2771,0.2,0,15,"both",0.441315540583741,-0.0344845419177708
"2147","session1",-14.5919843951479,11.3387817039472,2.69969337272637,0.00536572794246159,0.725857600281823,0.399585258991161,0.329148276554159,15,1,150,0.441315540583741,-0.0344845419177708,15,3.37448266351366,0,-20.47951,2771,0.2,0,15,"both",0.441315540583741,-0.0344845419177708
"2148","session1",-14.5919843951479,11.3387817039472,2.69969337272637,0.00536572794246159,0.725857600281823,0.399585258991161,0.329148276554159,15,1,150,0.441315540583741,-0.0344845419177708,15,3.94825290841873,0,-32.4478,2771,0.2,0,15,"both",0.441315540583741,-0.0344845419177708
"2149","session1",-14.5919843951479,11.3387817039472,2.69969337272637,0.00536572794246159,0.725857600281823,0.399585258991161,0.329148276554159,15,1,150,0.441315540583741,-0.0344845419177708,15,6.53734113990531,0,-18.38058,2771,0.2,0,15,"both",0.441315540583741,-0.0344845419177708
"2150","session1",-14.5919843951479,11.3387817039472,2.69969337272637,0.00536572794246159,0.725857600281823,0.399585258991161,0.329148276554159,15,1,150,0.441315540583741,-0.0344845419177708,15,2.92793333341703,1,0.5479,2771,0.2,0,15,"both",0.441315540583741,-0.0344845419177708
"2151","session1",-14.5919843951479,11.3387817039472,2.69969337272637,0.00536572794246159,0.725857600281823,0.399585258991161,0.329148276554159,15,1,150,0.441315540583741,-0.0344845419177708,15,3.83833319917321,0,-5.85875,2771,0.2,0,15,"both",0.441315540583741,-0.0344845419177708
"2152","session1",-14.5919843951479,11.3387817039472,2.69969337272637,0.00536572794246159,0.725857600281823,0.399585258991161,0.329148276554159,15,1,150,0.441315540583741,-0.0344845419177708,15,4.09483920035161,1,-4.93486,2771,0.2,0,15,"both",0.441315540583741,-0.0344845419177708
"2153","session1",-14.5919843951479,11.3387817039472,2.69969337272637,0.00536572794246159,0.725857600281823,0.399585258991161,0.329148276554159,15,1,150,0.441315540583741,-0.0344845419177708,15,3.7983318287296,0,-27.276,2771,0.2,0,15,"both",0.441315540583741,-0.0344845419177708
"2154","session1",-14.5919843951479,11.3387817039472,2.69969337272637,0.00536572794246159,0.725857600281823,0.399585258991161,0.329148276554159,15,1,150,0.441315540583741,-0.0344845419177708,15,3.39280817357088,1,-7.62286,2771,0.2,0,15,"both",0.441315540583741,-0.0344845419177708
"2155","session1",-14.5919843951479,11.3387817039472,2.69969337272637,0.00536572794246159,0.725857600281823,0.399585258991161,0.329148276554159,15,1,150,0.441315540583741,-0.0344845419177708,15,3.58468590687538,1,-12.43874,2771,0.2,0,15,"both",0.441315540583741,-0.0344845419177708
"2156","session1",-14.5919843951479,11.3387817039472,2.69969337272637,0.00536572794246159,0.725857600281823,0.399585258991161,0.329148276554159,15,1,150,0.441315540583741,-0.0344845419177708,15,3.15482944050464,1,-8.08792,2771,0.2,0,15,"both",0.441315540583741,-0.0344845419177708
"2157","session1",-14.5919843951479,11.3387817039472,2.69969337272637,0.00536572794246159,0.725857600281823,0.399585258991161,0.329148276554159,15,1,150,0.441315540583741,-0.0344845419177708,15,5.86757590531681,1,-30.0424,2771,0.2,0,15,"both",0.441315540583741,-0.0344845419177708
"2158","session1",-14.5919843951479,11.3387817039472,2.69969337272637,0.00536572794246159,0.725857600281823,0.399585258991161,0.329148276554159,15,1,150,0.441315540583741,-0.0344845419177708,15,2.99199547131737,0,-10.5114,2771,0.2,0,15,"both",0.441315540583741,-0.0344845419177708
"2159","session1",-14.5919843951479,11.3387817039472,2.69969337272637,0.00536572794246159,0.725857600281823,0.399585258991161,0.329148276554159,15,1,150,0.441315540583741,-0.0344845419177708,15,3.49884242552229,0,-25.58459,2771,0.2,0,15,"both",0.441315540583741,-0.0344845419177708
"2160","session1",-14.5919843951479,11.3387817039472,2.69969337272637,0.00536572794246159,0.725857600281823,0.399585258991161,0.329148276554159,15,1,150,0.441315540583741,-0.0344845419177708,15,6.27532071871751,0,-21.04116,2771,0.2,0,15,"both",0.441315540583741,-0.0344845419177708
"2161","session1",-14.5919843951479,11.3387817039472,2.69969337272637,0.00536572794246159,0.725857600281823,0.399585258991161,0.329148276554159,15,1,150,0.441315540583741,-0.0344845419177708,15,3.5102832643515,0,-4.71831,2771,0.2,0,15,"both",0.441315540583741,-0.0344845419177708
"2162","session1",-14.5919843951479,11.3387817039472,2.69969337272637,0.00536572794246159,0.725857600281823,0.399585258991161,0.329148276554159,15,1,150,0.441315540583741,-0.0344845419177708,15,2.52741381901965,0,-37.5367,2771,0.2,0,15,"both",0.441315540583741,-0.0344845419177708
"2163","session1",-14.5919843951479,11.3387817039472,2.69969337272637,0.00536572794246159,0.725857600281823,0.399585258991161,0.329148276554159,15,1,150,0.441315540583741,-0.0344845419177708,15,3.23672874746266,1,-4.5465,2771,0.2,0,15,"both",0.441315540583741,-0.0344845419177708
"2164","session1",-14.5919843951479,11.3387817039472,2.69969337272637,0.00536572794246159,0.725857600281823,0.399585258991161,0.329148276554159,15,1,150,0.441315540583741,-0.0344845419177708,15,5.0297160438899,1,-5.50289,2771,0.2,0,15,"both",0.441315540583741,-0.0344845419177708
"2165","session1",-14.5919843951479,11.3387817039472,2.69969337272637,0.00536572794246159,0.725857600281823,0.399585258991161,0.329148276554159,15,1,150,0.441315540583741,-0.0344845419177708,15,3.57170073221478,0,-15.35305,2771,0.2,0,15,"both",0.441315540583741,-0.0344845419177708
"2166","session1",-14.5919843951479,11.3387817039472,2.69969337272637,0.00536572794246159,0.725857600281823,0.399585258991161,0.329148276554159,15,1,150,0.441315540583741,-0.0344845419177708,15,3.52568958775194,1,0.368499999999999,2771,0.2,0,15,"both",0.441315540583741,-0.0344845419177708
"2167","session1",-14.5919843951479,11.3387817039472,2.69969337272637,0.00536572794246159,0.725857600281823,0.399585258991161,0.329148276554159,15,1,150,0.441315540583741,-0.0344845419177708,15,5.00595579181343,1,-16.3012,2771,0.2,0,15,"both",0.441315540583741,-0.0344845419177708
"2168","session1",-14.5919843951479,11.3387817039472,2.69969337272637,0.00536572794246159,0.725857600281823,0.399585258991161,0.329148276554159,15,1,150,0.441315540583741,-0.0344845419177708,15,2.84556589705031,1,0.6829,2771,0.2,0,15,"both",0.441315540583741,-0.0344845419177708
"2169","session1",-14.5919843951479,11.3387817039472,2.69969337272637,0.00536572794246159,0.725857600281823,0.399585258991161,0.329148276554159,15,1,150,0.441315540583741,-0.0344845419177708,15,4.50653712033021,0,-8.49196,2771,0.2,0,15,"both",0.441315540583741,-0.0344845419177708
"2170","session1",-14.5919843951479,11.3387817039472,2.69969337272637,0.00536572794246159,0.725857600281823,0.399585258991161,0.329148276554159,15,1,150,0.441315540583741,-0.0344845419177708,15,2.2096495687924,0,-26.8799,2771,0.2,0,15,"both",0.441315540583741,-0.0344845419177708
"2171","session1",-14.5919843951479,11.3387817039472,2.69969337272637,0.00536572794246159,0.725857600281823,0.399585258991161,0.329148276554159,15,1,150,0.441315540583741,-0.0344845419177708,15,2.6157068229341,1,-4.70105,2771,0.2,0,15,"both",0.441315540583741,-0.0344845419177708
"2172","session1",-14.5919843951479,11.3387817039472,2.69969337272637,0.00536572794246159,0.725857600281823,0.399585258991161,0.329148276554159,15,1,150,0.441315540583741,-0.0344845419177708,15,2.15712189564175,1,0.561400000000001,2771,0.2,0,15,"both",0.441315540583741,-0.0344845419177708
"2173","session1",-14.5919843951479,11.3387817039472,2.69969337272637,0.00536572794246159,0.725857600281823,0.399585258991161,0.329148276554159,15,1,150,0.441315540583741,-0.0344845419177708,15,6.44708990785186,1,-4.41881,2771,0.2,0,15,"both",0.441315540583741,-0.0344845419177708
"2174","session1",-14.5919843951479,11.3387817039472,2.69969337272637,0.00536572794246159,0.725857600281823,0.399585258991161,0.329148276554159,15,1,150,0.441315540583741,-0.0344845419177708,15,4.1717493761312,0,-18.83506,2771,0.2,0,15,"both",0.441315540583741,-0.0344845419177708
"2175","session1",-14.5919843951479,11.3387817039472,2.69969337272637,0.00536572794246159,0.725857600281823,0.399585258991161,0.329148276554159,15,1,150,0.441315540583741,-0.0344845419177708,15,5.03504569011456,0,-23.25833,2771,0.2,0,15,"both",0.441315540583741,-0.0344845419177708
"2176","session1",-14.5919843951479,11.3387817039472,2.69969337272637,0.00536572794246159,0.725857600281823,0.399585258991161,0.329148276554159,15,1,150,0.441315540583741,-0.0344845419177708,15,4.74347085752067,1,-4.14329,2771,0.2,0,15,"both",0.441315540583741,-0.0344845419177708
"2177","session1",-14.5919843951479,11.3387817039472,2.69969337272637,0.00536572794246159,0.725857600281823,0.399585258991161,0.329148276554159,15,1,150,0.441315540583741,-0.0344845419177708,15,2.92261533145085,0,-17.93127,2771,0.2,0,15,"both",0.441315540583741,-0.0344845419177708
"2178","session1",-14.5919843951479,11.3387817039472,2.69969337272637,0.00536572794246159,0.725857600281823,0.399585258991161,0.329148276554159,15,1,150,0.441315540583741,-0.0344845419177708,15,3.86839447610039,0,-2.29974,2771,0.2,0,15,"both",0.441315540583741,-0.0344845419177708
"2179","session1",-14.5919843951479,11.3387817039472,2.69969337272637,0.00536572794246159,0.725857600281823,0.399585258991161,0.329148276554159,15,1,150,0.441315540583741,-0.0344845419177708,15,3.00512942901929,1,-6.87341,2771,0.2,0,15,"both",0.441315540583741,-0.0344845419177708
"2180","session1",-14.5919843951479,11.3387817039472,2.69969337272637,0.00536572794246159,0.725857600281823,0.399585258991161,0.329148276554159,15,1,150,0.441315540583741,-0.0344845419177708,15,5.25156028727843,0,-15.02543,2771,0.2,0,15,"both",0.441315540583741,-0.0344845419177708
"2181","session1",-14.5919843951479,11.3387817039472,2.69969337272637,0.00536572794246159,0.725857600281823,0.399585258991161,0.329148276554159,15,1,150,0.441315540583741,-0.0344845419177708,15,1.97756496701848,0,5.49089,2771,0.2,0,15,"both",0.441315540583741,-0.0344845419177708
"2182","session1",-14.5919843951479,11.3387817039472,2.69969337272637,0.00536572794246159,0.725857600281823,0.399585258991161,0.329148276554159,15,1,150,0.441315540583741,-0.0344845419177708,15,5.81027906035673,1,-16.32965,2771,0.2,0,15,"both",0.441315540583741,-0.0344845419177708
"2183","session1",-14.5919843951479,11.3387817039472,2.69969337272637,0.00536572794246159,0.725857600281823,0.399585258991161,0.329148276554159,15,1,150,0.441315540583741,-0.0344845419177708,15,3.84580061162989,1,-16.36125,2771,0.2,0,15,"both",0.441315540583741,-0.0344845419177708
"2184","session1",-14.5919843951479,11.3387817039472,2.69969337272637,0.00536572794246159,0.725857600281823,0.399585258991161,0.329148276554159,15,1,150,0.441315540583741,-0.0344845419177708,15,2.3377731795483,0,-22.16302,2771,0.2,0,15,"both",0.441315540583741,-0.0344845419177708
"2185","session1",-14.5919843951479,11.3387817039472,2.69969337272637,0.00536572794246159,0.725857600281823,0.399585258991161,0.329148276554159,15,1,150,0.441315540583741,-0.0344845419177708,15,2.67999561791959,0,-25.8835,2771,0.2,0,15,"both",0.441315540583741,-0.0344845419177708
"2186","session1",-14.5919843951479,11.3387817039472,2.69969337272637,0.00536572794246159,0.725857600281823,0.399585258991161,0.329148276554159,15,1,150,0.441315540583741,-0.0344845419177708,15,3.23228293516039,1,-8.61713,2771,0.2,0,15,"both",0.441315540583741,-0.0344845419177708
"2187","session1",-14.5919843951479,11.3387817039472,2.69969337272637,0.00536572794246159,0.725857600281823,0.399585258991161,0.329148276554159,15,1,150,0.441315540583741,-0.0344845419177708,15,4.25648092925962,1,-4.75236,2771,0.2,0,15,"both",0.441315540583741,-0.0344845419177708
"2188","session1",-14.5919843951479,11.3387817039472,2.69969337272637,0.00536572794246159,0.725857600281823,0.399585258991161,0.329148276554159,15,1,150,0.441315540583741,-0.0344845419177708,15,4.77319368242524,1,-10.58684,2771,0.2,0,15,"both",0.441315540583741,-0.0344845419177708
"2189","session1",-14.5919843951479,11.3387817039472,2.69969337272637,0.00536572794246159,0.725857600281823,0.399585258991161,0.329148276554159,15,1,150,0.441315540583741,-0.0344845419177708,15,2.66387856682467,0,-18.94377,2771,0.2,0,15,"both",0.441315540583741,-0.0344845419177708
"2190","session1",-14.5919843951479,11.3387817039472,2.69969337272637,0.00536572794246159,0.725857600281823,0.399585258991161,0.329148276554159,15,1,150,0.441315540583741,-0.0344845419177708,15,2.02011828191751,0,-6.2243,2771,0.2,0,15,"both",0.441315540583741,-0.0344845419177708
"2191","session1",-14.5919843951479,11.3387817039472,2.69969337272637,0.00536572794246159,0.725857600281823,0.399585258991161,0.329148276554159,15,1,150,0.441315540583741,-0.0344845419177708,15,2.66332877017157,1,-4.30859,2771,0.2,0,15,"both",0.441315540583741,-0.0344845419177708
"2192","session1",-14.5919843951479,11.3387817039472,2.69969337272637,0.00536572794246159,0.725857600281823,0.399585258991161,0.329148276554159,15,1,150,0.441315540583741,-0.0344845419177708,15,6.2374249959479,0,-23.54945,2771,0.2,0,15,"both",0.441315540583741,-0.0344845419177708
"2193","session1",-14.5919843951479,11.3387817039472,2.69969337272637,0.00536572794246159,0.725857600281823,0.399585258991161,0.329148276554159,15,1,150,0.441315540583741,-0.0344845419177708,15,3.18541021193756,0,-8.26432,2771,0.2,0,15,"both",0.441315540583741,-0.0344845419177708
"2194","session1",-14.5919843951479,11.3387817039472,2.69969337272637,0.00536572794246159,0.725857600281823,0.399585258991161,0.329148276554159,15,1,150,0.441315540583741,-0.0344845419177708,15,2.583324482699,1,-21.71342,2771,0.2,0,15,"both",0.441315540583741,-0.0344845419177708
"2195","session1",-14.5919843951479,11.3387817039472,2.69969337272637,0.00536572794246159,0.725857600281823,0.399585258991161,0.329148276554159,15,1,150,0.441315540583741,-0.0344845419177708,15,3.43098779384311,1,-1.4541,2771,0.2,0,15,"both",0.441315540583741,-0.0344845419177708
"2196","session1",-14.5919843951479,11.3387817039472,2.69969337272637,0.00536572794246159,0.725857600281823,0.399585258991161,0.329148276554159,15,1,150,0.441315540583741,-0.0344845419177708,15,4.10362569484827,1,-4.26638,2771,0.2,0,15,"both",0.441315540583741,-0.0344845419177708
"2197","session1",-14.5919843951479,11.3387817039472,2.69969337272637,0.00536572794246159,0.725857600281823,0.399585258991161,0.329148276554159,15,1,150,0.441315540583741,-0.0344845419177708,15,2.76319849139007,0,-9.58888,2771,0.2,0,15,"both",0.441315540583741,-0.0344845419177708
"2198","session1",-14.5919843951479,11.3387817039472,2.69969337272637,0.00536572794246159,0.725857600281823,0.399585258991161,0.329148276554159,15,1,150,0.441315540583741,-0.0344845419177708,15,6.0315431353589,1,-8.24945,2771,0.2,0,15,"both",0.441315540583741,-0.0344845419177708
"2199","session1",-14.5919843951479,11.3387817039472,2.69969337272637,0.00536572794246159,0.725857600281823,0.399585258991161,0.329148276554159,15,1,150,0.441315540583741,-0.0344845419177708,15,5.08294246104855,1,-5.8976,2771,0.2,0,15,"both",0.441315540583741,-0.0344845419177708
"2200","session1",-14.5919843951479,11.3387817039472,2.69969337272637,0.00536572794246159,0.725857600281823,0.399585258991161,0.329148276554159,15,1,150,0.441315540583741,-0.0344845419177708,15,4.82181354463018,1,-10.10403,2771,0.2,0,15,"both",0.441315540583741,-0.0344845419177708
"2201","session1",-14.5919843951479,11.3387817039472,2.69969337272637,0.00536572794246159,0.725857600281823,0.399585258991161,0.329148276554159,15,1,150,0.441315540583741,-0.0344845419177708,15,3.95035331202333,0,-14.74097,2771,0.2,0,15,"both",0.441315540583741,-0.0344845419177708
"2202","session1",-14.5919843951479,11.3387817039472,2.69969337272637,0.00536572794246159,0.725857600281823,0.399585258991161,0.329148276554159,15,1,150,0.441315540583741,-0.0344845419177708,15,4.21005286151554,0,-6.1627,2771,0.2,0,15,"both",0.441315540583741,-0.0344845419177708
"2203","session1",-14.5919843951479,11.3387817039472,2.69969337272637,0.00536572794246159,0.725857600281823,0.399585258991161,0.329148276554159,15,1,150,0.441315540583741,-0.0344845419177708,15,2.52423397331697,0,-6.6798,2771,0.2,0,15,"both",0.441315540583741,-0.0344845419177708
"2204","session1",-14.5919843951479,11.3387817039472,2.69969337272637,0.00536572794246159,0.725857600281823,0.399585258991161,0.329148276554159,15,1,150,0.441315540583741,-0.0344845419177708,15,5.22928046055405,1,-3.2378,2771,0.2,0,15,"both",0.441315540583741,-0.0344845419177708
"2205","session1",-14.5919843951479,11.3387817039472,2.69969337272637,0.00536572794246159,0.725857600281823,0.399585258991161,0.329148276554159,15,1,150,0.441315540583741,-0.0344845419177708,15,2.71610802058854,0,-21.4081,2771,0.2,0,15,"both",0.441315540583741,-0.0344845419177708
"2206","session1",-14.5919843951479,11.3387817039472,2.69969337272637,0.00536572794246159,0.725857600281823,0.399585258991161,0.329148276554159,15,1,150,0.441315540583741,-0.0344845419177708,15,3.3683787933793,0,-8.98813,2771,0.2,0,15,"both",0.441315540583741,-0.0344845419177708
"2207","session1",-14.5919843951479,11.3387817039472,2.69969337272637,0.00536572794246159,0.725857600281823,0.399585258991161,0.329148276554159,15,1,150,0.441315540583741,-0.0344845419177708,15,4.05548514061613,1,-5.15196,2771,0.2,0,15,"both",0.441315540583741,-0.0344845419177708
"2208","session1",-14.5919843951479,11.3387817039472,2.69969337272637,0.00536572794246159,0.725857600281823,0.399585258991161,0.329148276554159,15,1,150,0.441315540583741,-0.0344845419177708,15,5.93904034635696,1,-18.57786,2771,0.2,0,15,"both",0.441315540583741,-0.0344845419177708
"2209","session1",-14.5919843951479,11.3387817039472,2.69969337272637,0.00536572794246159,0.725857600281823,0.399585258991161,0.329148276554159,15,1,150,0.441315540583741,-0.0344845419177708,15,4.76155303115157,0,-19.29948,2771,0.2,0,15,"both",0.441315540583741,-0.0344845419177708
"2210","session1",-14.5919843951479,11.3387817039472,2.69969337272637,0.00536572794246159,0.725857600281823,0.399585258991161,0.329148276554159,15,1,150,0.441315540583741,-0.0344845419177708,15,3.78309590649698,0,-27.958,2771,0.2,0,15,"both",0.441315540583741,-0.0344845419177708
"2211","session1",-14.5919843951479,11.3387817039472,2.69969337272637,0.00536572794246159,0.725857600281823,0.399585258991161,0.329148276554159,15,1,150,0.441315540583741,-0.0344845419177708,15,4.81396619286181,1,-4.25341,2771,0.2,0,15,"both",0.441315540583741,-0.0344845419177708
"2212","session1",-14.5919843951479,11.3387817039472,2.69969337272637,0.00536572794246159,0.725857600281823,0.399585258991161,0.329148276554159,15,1,150,0.441315540583741,-0.0344845419177708,15,1.86993366500034,1,-0.910499999999999,2771,0.2,0,15,"both",0.441315540583741,-0.0344845419177708
"2213","session1",-14.5919843951479,11.3387817039472,2.69969337272637,0.00536572794246159,0.725857600281823,0.399585258991161,0.329148276554159,15,1,150,0.441315540583741,-0.0344845419177708,15,2.71935178449349,0,-23.00568,2771,0.2,0,15,"both",0.441315540583741,-0.0344845419177708
"2214","session1",-14.5919843951479,11.3387817039472,2.69969337272637,0.00536572794246159,0.725857600281823,0.399585258991161,0.329148276554159,15,1,150,0.441315540583741,-0.0344845419177708,15,1.94459133805489,1,-5.75986,2771,0.2,0,15,"both",0.441315540583741,-0.0344845419177708
"2215","session1",-14.5919843951479,11.3387817039472,2.69969337272637,0.00536572794246159,0.725857600281823,0.399585258991161,0.329148276554159,15,1,150,0.441315540583741,-0.0344845419177708,15,3.49648485372038,0,-19.73151,2771,0.2,0,15,"both",0.441315540583741,-0.0344845419177708
"2216","session1",-14.5919843951479,11.3387817039472,2.69969337272637,0.00536572794246159,0.725857600281823,0.399585258991161,0.329148276554159,15,1,150,0.441315540583741,-0.0344845419177708,15,5.28301846090995,1,-19.15744,2771,0.2,0,15,"both",0.441315540583741,-0.0344845419177708
"2217","session1",-14.5919843951479,11.3387817039472,2.69969337272637,0.00536572794246159,0.725857600281823,0.399585258991161,0.329148276554159,15,1,150,0.441315540583741,-0.0344845419177708,15,3.33357758313055,0,-25.2334,2771,0.2,0,15,"both",0.441315540583741,-0.0344845419177708
"2218","session1",-14.5919843951479,11.3387817039472,2.69969337272637,0.00536572794246159,0.725857600281823,0.399585258991161,0.329148276554159,15,1,150,0.441315540583741,-0.0344845419177708,15,6.86837758332783,1,-5.97702,2771,0.2,0,15,"both",0.441315540583741,-0.0344845419177708
"2219","session1",-14.5919843951479,11.3387817039472,2.69969337272637,0.00536572794246159,0.725857600281823,0.399585258991161,0.329148276554159,15,1,150,0.441315540583741,-0.0344845419177708,15,2.38761164887217,1,-2.9339,2771,0.2,0,15,"both",0.441315540583741,-0.0344845419177708
"2220","session1",-14.5919843951479,11.3387817039472,2.69969337272637,0.00536572794246159,0.725857600281823,0.399585258991161,0.329148276554159,15,1,150,0.441315540583741,-0.0344845419177708,15,5.45436555526943,1,-10.10706,2771,0.2,0,15,"both",0.441315540583741,-0.0344845419177708
"2221","session1",-14.5919843951479,11.3387817039472,2.69969337272637,0.00536572794246159,0.725857600281823,0.399585258991161,0.329148276554159,15,1,150,0.441315540583741,-0.0344845419177708,15,2.69345086988038,0,-25.9109,2771,0.2,0,15,"both",0.441315540583741,-0.0344845419177708
"2222","session1",-14.5919843951479,11.3387817039472,2.69969337272637,0.00536572794246159,0.725857600281823,0.399585258991161,0.329148276554159,15,1,150,0.441315540583741,-0.0344845419177708,15,2.26996451599223,1,-1.0125,2771,0.2,0,15,"both",0.441315540583741,-0.0344845419177708
"2223","session1",-14.5919843951479,11.3387817039472,2.69969337272637,0.00536572794246159,0.725857600281823,0.399585258991161,0.329148276554159,15,1,150,0.441315540583741,-0.0344845419177708,15,4.17293321901673,0,-20.15538,2771,0.2,0,15,"both",0.441315540583741,-0.0344845419177708
"2224","session1",-14.5919843951479,11.3387817039472,2.69969337272637,0.00536572794246159,0.725857600281823,0.399585258991161,0.329148276554159,15,1,150,0.441315540583741,-0.0344845419177708,15,5.02826660315991,0,-10.88181,2771,0.2,0,15,"both",0.441315540583741,-0.0344845419177708
"2225","session1",-14.5919843951479,11.3387817039472,2.69969337272637,0.00536572794246159,0.725857600281823,0.399585258991161,0.329148276554159,15,1,150,0.441315540583741,-0.0344845419177708,15,2.09215906869404,0,-25.5584,2771,0.2,0,15,"both",0.441315540583741,-0.0344845419177708
"2226","session1",-14.5919843951479,11.3387817039472,2.69969337272637,0.00536572794246159,0.725857600281823,0.399585258991161,0.329148276554159,15,1,150,0.441315540583741,-0.0344845419177708,15,2.1550526600386,0,-25.7308,2771,0.2,0,15,"both",0.441315540583741,-0.0344845419177708
"2227","session1",-14.5919843951479,11.3387817039472,2.69969337272637,0.00536572794246159,0.725857600281823,0.399585258991161,0.329148276554159,15,1,150,0.441315540583741,-0.0344845419177708,15,6.3116535270498,1,-10.40306,2771,0.2,0,15,"both",0.441315540583741,-0.0344845419177708
"2228","session1",-14.5919843951479,11.3387817039472,2.69969337272637,0.00536572794246159,0.725857600281823,0.399585258991161,0.329148276554159,15,1,150,0.441315540583741,-0.0344845419177708,15,2.65048598981847,0,-10.37904,2771,0.2,0,15,"both",0.441315540583741,-0.0344845419177708
"2229","session1",-14.5919843951479,11.3387817039472,2.69969337272637,0.00536572794246159,0.725857600281823,0.399585258991161,0.329148276554159,15,1,150,0.441315540583741,-0.0344845419177708,15,3.24259361186603,1,-19.34939,2771,0.2,0,15,"both",0.441315540583741,-0.0344845419177708
"2230","session1",-14.5919843951479,11.3387817039472,2.69969337272637,0.00536572794246159,0.725857600281823,0.399585258991161,0.329148276554159,15,1,150,0.441315540583741,-0.0344845419177708,15,4.90720226259257,1,-14.77611,2771,0.2,0,15,"both",0.441315540583741,-0.0344845419177708
"2231","session1",-14.5919843951479,11.3387817039472,2.69969337272637,0.00536572794246159,0.725857600281823,0.399585258991161,0.329148276554159,15,1,150,0.441315540583741,-0.0344845419177708,15,2.93948468332156,0,-16.828,2771,0.2,0,15,"both",0.441315540583741,-0.0344845419177708
"2232","session1",-14.5919843951479,11.3387817039472,2.69969337272637,0.00536572794246159,0.725857600281823,0.399585258991161,0.329148276554159,15,1,150,0.441315540583741,-0.0344845419177708,15,4.65151900708943,1,-7.71994,2771,0.2,0,15,"both",0.441315540583741,-0.0344845419177708
"2233","session1",-14.5919843951479,11.3387817039472,2.69969337272637,0.00536572794246159,0.725857600281823,0.399585258991161,0.329148276554159,15,1,150,0.441315540583741,-0.0344845419177708,15,2.60265224713642,1,0.787800000000001,2771,0.2,0,15,"both",0.441315540583741,-0.0344845419177708
"2234","session1",-14.5919843951479,11.3387817039472,2.69969337272637,0.00536572794246159,0.725857600281823,0.399585258991161,0.329148276554159,15,1,150,0.441315540583741,-0.0344845419177708,15,2.76302571066252,1,-1.1447,2771,0.2,0,15,"both",0.441315540583741,-0.0344845419177708
"2235","session1",-14.5919843951479,11.3387817039472,2.69969337272637,0.00536572794246159,0.725857600281823,0.399585258991161,0.329148276554159,15,1,150,0.441315540583741,-0.0344845419177708,15,1.98588225561884,1,-3.5158,2771,0.2,0,15,"both",0.441315540583741,-0.0344845419177708
"2236","session1",-14.5919843951479,11.3387817039472,2.69969337272637,0.00536572794246159,0.725857600281823,0.399585258991161,0.329148276554159,15,1,150,0.441315540583741,-0.0344845419177708,15,1.98225911478779,1,-3.73163,2771,0.2,0,15,"both",0.441315540583741,-0.0344845419177708
"2237","session1",-14.5919843951479,11.3387817039472,2.69969337272637,0.00536572794246159,0.725857600281823,0.399585258991161,0.329148276554159,15,1,150,0.441315540583741,-0.0344845419177708,15,3.25005815081872,0,-22.3094,2771,0.2,0,15,"both",0.441315540583741,-0.0344845419177708
"2238","session1",-14.5919843951479,11.3387817039472,2.69969337272637,0.00536572794246159,0.725857600281823,0.399585258991161,0.329148276554159,15,1,150,0.441315540583741,-0.0344845419177708,15,4.19254164030422,0,-25.518,2771,0.2,0,15,"both",0.441315540583741,-0.0344845419177708
"2239","session1",-14.5919843951479,11.3387817039472,2.69969337272637,0.00536572794246159,0.725857600281823,0.399585258991161,0.329148276554159,15,1,150,0.441315540583741,-0.0344845419177708,15,1.78384743656221,1,-4.16919,2771,0.2,0,15,"both",0.441315540583741,-0.0344845419177708
"2240","session1",-14.5919843951479,11.3387817039472,2.69969337272637,0.00536572794246159,0.725857600281823,0.399585258991161,0.329148276554159,15,1,150,0.441315540583741,-0.0344845419177708,15,2.89444983627961,1,-19.72927,2771,0.2,0,15,"both",0.441315540583741,-0.0344845419177708
"2241","session1",-14.5919843951479,11.3387817039472,2.69969337272637,0.00536572794246159,0.725857600281823,0.399585258991161,0.329148276554159,15,1,150,0.441315540583741,-0.0344845419177708,15,2.95303677891833,0,-23.14161,2771,0.2,0,15,"both",0.441315540583741,-0.0344845419177708
"2242","session1",-14.5919843951479,11.3387817039472,2.69969337272637,0.00536572794246159,0.725857600281823,0.399585258991161,0.329148276554159,15,1,150,0.441315540583741,-0.0344845419177708,15,2.75787567190036,1,-3.598,2771,0.2,0,15,"both",0.441315540583741,-0.0344845419177708
"2243","session1",-14.5919843951479,11.3387817039472,2.69969337272637,0.00536572794246159,0.725857600281823,0.399585258991161,0.329148276554159,15,1,150,0.441315540583741,-0.0344845419177708,15,2.62341189477518,0,-22.20419,2771,0.2,0,15,"both",0.441315540583741,-0.0344845419177708
"2244","session1",-14.5919843951479,11.3387817039472,2.69969337272637,0.00536572794246159,0.725857600281823,0.399585258991161,0.329148276554159,15,1,150,0.441315540583741,-0.0344845419177708,15,4.1563671212292,0,-18.50366,2771,0.2,0,15,"both",0.441315540583741,-0.0344845419177708
"2245","session1",-14.5919843951479,11.3387817039472,2.69969337272637,0.00536572794246159,0.725857600281823,0.399585258991161,0.329148276554159,15,1,150,0.441315540583741,-0.0344845419177708,15,5.17987936709168,1,-6.961,2771,0.2,0,15,"both",0.441315540583741,-0.0344845419177708
"2246","session1",-14.5919843951479,11.3387817039472,2.69969337272637,0.00536572794246159,0.725857600281823,0.399585258991161,0.329148276554159,15,1,150,0.441315540583741,-0.0344845419177708,15,3.97406551129743,1,-5.38589,2771,0.2,0,15,"both",0.441315540583741,-0.0344845419177708
"2247","session1",-14.5919843951479,11.3387817039472,2.69969337272637,0.00536572794246159,0.725857600281823,0.399585258991161,0.329148276554159,15,1,150,0.441315540583741,-0.0344845419177708,15,3.35172356649902,0,-21.40679,2771,0.2,0,15,"both",0.441315540583741,-0.0344845419177708
"2248","session1",-14.5919843951479,11.3387817039472,2.69969337272637,0.00536572794246159,0.725857600281823,0.399585258991161,0.329148276554159,15,1,150,0.441315540583741,-0.0344845419177708,15,2.26219205562118,1,-4.42136,2771,0.2,0,15,"both",0.441315540583741,-0.0344845419177708
"2249","session1",-14.5919843951479,11.3387817039472,2.69969337272637,0.00536572794246159,0.725857600281823,0.399585258991161,0.329148276554159,15,1,150,0.441315540583741,-0.0344845419177708,15,3.26416535927656,1,-8.20143,2771,0.2,0,15,"both",0.441315540583741,-0.0344845419177708
"2250","session1",-14.5919843951479,11.3387817039472,2.69969337272637,0.00536572794246159,0.725857600281823,0.399585258991161,0.329148276554159,15,1,150,0.441315540583741,-0.0344845419177708,15,3.27329259075121,1,-7.32024,2771,0.2,0,15,"both",0.441315540583741,-0.0344845419177708
"2251","session2",26.1818729841455,9.89399742491355,1.67195624037088,0.000287053343041997,0.480329519968315,0.45532175792745,0.404993354043788,1,2,150,0.441315540583741,-0.0344845419177708,16,1.38162729803558,1,9.6678836119,2771,0.2,0,15,"both",0.441315540583741,-0.0344845419177708
"2252","session2",26.1818729841455,9.89399742491355,1.67195624037088,0.000287053343041997,0.480329519968315,0.45532175792745,0.404993354043788,1,2,150,0.441315540583741,-0.0344845419177708,16,1.41787634739619,0,-6.5608988587,2771,0.2,0,15,"both",0.441315540583741,-0.0344845419177708
"2253","session2",26.1818729841455,9.89399742491355,1.67195624037088,0.000287053343041997,0.480329519968315,0.45532175792745,0.404993354043788,1,2,150,0.441315540583741,-0.0344845419177708,16,1.82859581820033,0,0.1113470886,2771,0.2,0,15,"both",0.441315540583741,-0.0344845419177708
"2254","session2",26.1818729841455,9.89399742491355,1.67195624037088,0.000287053343041997,0.480329519968315,0.45532175792745,0.404993354043788,1,2,150,0.441315540583741,-0.0344845419177708,16,1.55073061168331,0,5.11796237151,2771,0.2,0,15,"both",0.441315540583741,-0.0344845419177708
"2255","session2",26.1818729841455,9.89399742491355,1.67195624037088,0.000287053343041997,0.480329519968315,0.45532175792745,0.404993354043788,1,2,150,0.441315540583741,-0.0344845419177708,16,1.83937285599071,0,7.9361177274,2771,0.2,0,15,"both",0.441315540583741,-0.0344845419177708
"2256","session2",26.1818729841455,9.89399742491355,1.67195624037088,0.000287053343041997,0.480329519968315,0.45532175792745,0.404993354043788,1,2,150,0.441315540583741,-0.0344845419177708,16,1.2198601781559,0,-2.69384,2771,0.2,0,15,"both",0.441315540583741,-0.0344845419177708
"2257","session2",26.1818729841455,9.89399742491355,1.67195624037088,0.000287053343041997,0.480329519968315,0.45532175792745,0.404993354043788,1,2,150,0.441315540583741,-0.0344845419177708,16,1.67753779561117,0,10.58696,2771,0.2,0,15,"both",0.441315540583741,-0.0344845419177708
"2258","session2",26.1818729841455,9.89399742491355,1.67195624037088,0.000287053343041997,0.480329519968315,0.45532175792745,0.404993354043788,1,2,150,0.441315540583741,-0.0344845419177708,16,4.8677474170938,0,-2.45622,2771,0.2,0,15,"both",0.441315540583741,-0.0344845419177708
"2259","session2",26.1818729841455,9.89399742491355,1.67195624037088,0.000287053343041997,0.480329519968315,0.45532175792745,0.404993354043788,1,2,150,0.441315540583741,-0.0344845419177708,16,1.51325403476502,0,3.54669,2771,0.2,0,15,"both",0.441315540583741,-0.0344845419177708
"2260","session2",26.1818729841455,9.89399742491355,1.67195624037088,0.000287053343041997,0.480329519968315,0.45532175792745,0.404993354043788,1,2,150,0.441315540583741,-0.0344845419177708,16,2.88197268030943,0,10.0514,2771,0.2,0,15,"both",0.441315540583741,-0.0344845419177708
"2261","session2",26.1818729841455,9.89399742491355,1.67195624037088,0.000287053343041997,0.480329519968315,0.45532175792745,0.404993354043788,1,2,150,0.441315540583741,-0.0344845419177708,16,2.64694283723784,0,7.96534,2771,0.2,0,15,"both",0.441315540583741,-0.0344845419177708
"2262","session2",26.1818729841455,9.89399742491355,1.67195624037088,0.000287053343041997,0.480329519968315,0.45532175792745,0.404993354043788,1,2,150,0.441315540583741,-0.0344845419177708,16,5.4642603271528,0,15.38224,2771,0.2,0,15,"both",0.441315540583741,-0.0344845419177708
"2263","session2",26.1818729841455,9.89399742491355,1.67195624037088,0.000287053343041997,0.480329519968315,0.45532175792745,0.404993354043788,1,2,150,0.441315540583741,-0.0344845419177708,16,2.53357629412775,0,20.36867,2771,0.2,0,15,"both",0.441315540583741,-0.0344845419177708
"2264","session2",26.1818729841455,9.89399742491355,1.67195624037088,0.000287053343041997,0.480329519968315,0.45532175792745,0.404993354043788,1,2,150,0.441315540583741,-0.0344845419177708,16,2.15319699765639,0,29.59755,2771,0.2,0,15,"both",0.441315540583741,-0.0344845419177708
"2265","session2",26.1818729841455,9.89399742491355,1.67195624037088,0.000287053343041997,0.480329519968315,0.45532175792745,0.404993354043788,1,2,150,0.441315540583741,-0.0344845419177708,16,1.5442078773159,0,33.53184204,2771,0.2,0,15,"both",0.441315540583741,-0.0344845419177708
"2266","session2",26.1818729841455,9.89399742491355,1.67195624037088,0.000287053343041997,0.480329519968315,0.45532175792745,0.404993354043788,1,2,150,0.441315540583741,-0.0344845419177708,16,3.98633031709145,1,45.91614,2771,0.2,0,15,"both",0.441315540583741,-0.0344845419177708
"2267","session2",26.1818729841455,9.89399742491355,1.67195624037088,0.000287053343041997,0.480329519968315,0.45532175792745,0.404993354043788,1,2,150,0.441315540583741,-0.0344845419177708,16,2.94978502944879,1,40.37712,2771,0.2,0,15,"both",0.441315540583741,-0.0344845419177708
"2268","session2",26.1818729841455,9.89399742491355,1.67195624037088,0.000287053343041997,0.480329519968315,0.45532175792745,0.404993354043788,1,2,150,0.441315540583741,-0.0344845419177708,16,2.19806244088143,1,30.93031,2771,0.2,0,15,"both",0.441315540583741,-0.0344845419177708
"2269","session2",26.1818729841455,9.89399742491355,1.67195624037088,0.000287053343041997,0.480329519968315,0.45532175792745,0.404993354043788,1,2,150,0.441315540583741,-0.0344845419177708,16,2.18084127967586,1,35.83665,2771,0.2,0,15,"both",0.441315540583741,-0.0344845419177708
"2270","session2",26.1818729841455,9.89399742491355,1.67195624037088,0.000287053343041997,0.480329519968315,0.45532175792745,0.404993354043788,1,2,150,0.441315540583741,-0.0344845419177708,16,2.63145751671485,1,39.82671,2771,0.2,0,15,"both",0.441315540583741,-0.0344845419177708
"2271","session2",26.1818729841455,9.89399742491355,1.67195624037088,0.000287053343041997,0.480329519968315,0.45532175792745,0.404993354043788,1,2,150,0.441315540583741,-0.0344845419177708,16,3.59482818836047,0,34.63402,2771,0.2,0,15,"both",0.441315540583741,-0.0344845419177708
"2272","session2",26.1818729841455,9.89399742491355,1.67195624037088,0.000287053343041997,0.480329519968315,0.45532175792745,0.404993354043788,1,2,150,0.441315540583741,-0.0344845419177708,16,3.71928162982748,1,27.3859,2771,0.2,0,15,"both",0.441315540583741,-0.0344845419177708
"2273","session2",26.1818729841455,9.89399742491355,1.67195624037088,0.000287053343041997,0.480329519968315,0.45532175792745,0.404993354043788,1,2,150,0.441315540583741,-0.0344845419177708,16,2.77503066108911,0,21.51898,2771,0.2,0,15,"both",0.441315540583741,-0.0344845419177708
"2274","session2",26.1818729841455,9.89399742491355,1.67195624037088,0.000287053343041997,0.480329519968315,0.45532175792745,0.404993354043788,1,2,150,0.441315540583741,-0.0344845419177708,16,1.5308815828574,0,9.6946,2771,0.2,0,15,"both",0.441315540583741,-0.0344845419177708
"2275","session2",26.1818729841455,9.89399742491355,1.67195624037088,0.000287053343041997,0.480329519968315,0.45532175792745,0.404993354043788,1,2,150,0.441315540583741,-0.0344845419177708,16,2.26230686713425,1,30.6395,2771,0.2,0,15,"both",0.441315540583741,-0.0344845419177708
"2276","session2",26.1818729841455,9.89399742491355,1.67195624037088,0.000287053343041997,0.480329519968315,0.45532175792745,0.404993354043788,1,2,150,0.441315540583741,-0.0344845419177708,16,2.66100362879038,0,28.6398483,2771,0.2,0,15,"both",0.441315540583741,-0.0344845419177708
"2277","session2",26.1818729841455,9.89399742491355,1.67195624037088,0.000287053343041997,0.480329519968315,0.45532175792745,0.404993354043788,1,2,150,0.441315540583741,-0.0344845419177708,16,2.61964849155877,1,40.50908,2771,0.2,0,15,"both",0.441315540583741,-0.0344845419177708
"2278","session2",26.1818729841455,9.89399742491355,1.67195624037088,0.000287053343041997,0.480329519968315,0.45532175792745,0.404993354043788,1,2,150,0.441315540583741,-0.0344845419177708,16,3.14700419383343,0,29.3032207,2771,0.2,0,15,"both",0.441315540583741,-0.0344845419177708
"2279","session2",26.1818729841455,9.89399742491355,1.67195624037088,0.000287053343041997,0.480329519968315,0.45532175792745,0.404993354043788,1,2,150,0.441315540583741,-0.0344845419177708,16,1.35306692367035,1,21.49684,2771,0.2,0,15,"both",0.441315540583741,-0.0344845419177708
"2280","session2",26.1818729841455,9.89399742491355,1.67195624037088,0.000287053343041997,0.480329519968315,0.45532175792745,0.404993354043788,1,2,150,0.441315540583741,-0.0344845419177708,16,2.08207582458513,1,28.6584753,2771,0.2,0,15,"both",0.441315540583741,-0.0344845419177708
"2281","session2",26.1818729841455,9.89399742491355,1.67195624037088,0.000287053343041997,0.480329519968315,0.45532175792745,0.404993354043788,1,2,150,0.441315540583741,-0.0344845419177708,16,2.53586521650346,1,16.55844,2771,0.2,0,15,"both",0.441315540583741,-0.0344845419177708
"2282","session2",26.1818729841455,9.89399742491355,1.67195624037088,0.000287053343041997,0.480329519968315,0.45532175792745,0.404993354043788,1,2,150,0.441315540583741,-0.0344845419177708,16,2.88822797812851,0,-24.6163,2771,0.2,0,15,"both",0.441315540583741,-0.0344845419177708
"2283","session2",26.1818729841455,9.89399742491355,1.67195624037088,0.000287053343041997,0.480329519968315,0.45532175792745,0.404993354043788,1,2,150,0.441315540583741,-0.0344845419177708,16,2.80841627742562,0,4.4599,2771,0.2,0,15,"both",0.441315540583741,-0.0344845419177708
"2284","session2",26.1818729841455,9.89399742491355,1.67195624037088,0.000287053343041997,0.480329519968315,0.45532175792745,0.404993354043788,1,2,150,0.441315540583741,-0.0344845419177708,16,2.53375343237522,0,29.47512,2771,0.2,0,15,"both",0.441315540583741,-0.0344845419177708
"2285","session2",26.1818729841455,9.89399742491355,1.67195624037088,0.000287053343041997,0.480329519968315,0.45532175792745,0.404993354043788,1,2,150,0.441315540583741,-0.0344845419177708,16,3.65073577950342,1,24.44226,2771,0.2,0,15,"both",0.441315540583741,-0.0344845419177708
"2286","session2",26.1818729841455,9.89399742491355,1.67195624037088,0.000287053343041997,0.480329519968315,0.45532175792745,0.404993354043788,1,2,150,0.441315540583741,-0.0344845419177708,16,1.34038038833563,0,16.9552,2771,0.2,0,15,"both",0.441315540583741,-0.0344845419177708
"2287","session2",26.1818729841455,9.89399742491355,1.67195624037088,0.000287053343041997,0.480329519968315,0.45532175792745,0.404993354043788,1,2,150,0.441315540583741,-0.0344845419177708,16,3.064772579973,0,31.49397,2771,0.2,0,15,"both",0.441315540583741,-0.0344845419177708
"2288","session2",26.1818729841455,9.89399742491355,1.67195624037088,0.000287053343041997,0.480329519968315,0.45532175792745,0.404993354043788,1,2,150,0.441315540583741,-0.0344845419177708,16,3.80237011972229,0,13.111,2771,0.2,0,15,"both",0.441315540583741,-0.0344845419177708
"2289","session2",26.1818729841455,9.89399742491355,1.67195624037088,0.000287053343041997,0.480329519968315,0.45532175792745,0.404993354043788,1,2,150,0.441315540583741,-0.0344845419177708,16,4.78889017698089,1,27.65877,2771,0.2,0,15,"both",0.441315540583741,-0.0344845419177708
"2290","session2",26.1818729841455,9.89399742491355,1.67195624037088,0.000287053343041997,0.480329519968315,0.45532175792745,0.404993354043788,1,2,150,0.441315540583741,-0.0344845419177708,16,4.37599057015775,1,27.14644,2771,0.2,0,15,"both",0.441315540583741,-0.0344845419177708
"2291","session2",26.1818729841455,9.89399742491355,1.67195624037088,0.000287053343041997,0.480329519968315,0.45532175792745,0.404993354043788,1,2,150,0.441315540583741,-0.0344845419177708,16,6.5392169158125,1,36.0752,2771,0.2,0,15,"both",0.441315540583741,-0.0344845419177708
"2292","session2",26.1818729841455,9.89399742491355,1.67195624037088,0.000287053343041997,0.480329519968315,0.45532175792745,0.404993354043788,1,2,150,0.441315540583741,-0.0344845419177708,16,3.53631194947273,1,40.3924,2771,0.2,0,15,"both",0.441315540583741,-0.0344845419177708
"2293","session2",26.1818729841455,9.89399742491355,1.67195624037088,0.000287053343041997,0.480329519968315,0.45532175792745,0.404993354043788,1,2,150,0.441315540583741,-0.0344845419177708,16,2.42900736776143,1,34.8315,2771,0.2,0,15,"both",0.441315540583741,-0.0344845419177708
"2294","session2",26.1818729841455,9.89399742491355,1.67195624037088,0.000287053343041997,0.480329519968315,0.45532175792745,0.404993354043788,1,2,150,0.441315540583741,-0.0344845419177708,16,2.79970390145331,0,31.5408,2771,0.2,0,15,"both",0.441315540583741,-0.0344845419177708
"2295","session2",26.1818729841455,9.89399742491355,1.67195624037088,0.000287053343041997,0.480329519968315,0.45532175792745,0.404993354043788,1,2,150,0.441315540583741,-0.0344845419177708,16,2.37114501142227,1,26.2221279,2771,0.2,0,15,"both",0.441315540583741,-0.0344845419177708
"2296","session2",26.1818729841455,9.89399742491355,1.67195624037088,0.000287053343041997,0.480329519968315,0.45532175792745,0.404993354043788,1,2,150,0.441315540583741,-0.0344845419177708,16,2.47158404598615,1,25.4411271,2771,0.2,0,15,"both",0.441315540583741,-0.0344845419177708
"2297","session2",26.1818729841455,9.89399742491355,1.67195624037088,0.000287053343041997,0.480329519968315,0.45532175792745,0.404993354043788,1,2,150,0.441315540583741,-0.0344845419177708,16,3.31721122104566,1,35.1324,2771,0.2,0,15,"both",0.441315540583741,-0.0344845419177708
"2298","session2",26.1818729841455,9.89399742491355,1.67195624037088,0.000287053343041997,0.480329519968315,0.45532175792745,0.404993354043788,1,2,150,0.441315540583741,-0.0344845419177708,16,1.16400212224553,0,11.82927,2771,0.2,0,15,"both",0.441315540583741,-0.0344845419177708
"2299","session2",26.1818729841455,9.89399742491355,1.67195624037088,0.000287053343041997,0.480329519968315,0.45532175792745,0.404993354043788,1,2,150,0.441315540583741,-0.0344845419177708,16,1.24021374665744,1,43.7905,2771,0.2,0,15,"both",0.441315540583741,-0.0344845419177708
"2300","session2",26.1818729841455,9.89399742491355,1.67195624037088,0.000287053343041997,0.480329519968315,0.45532175792745,0.404993354043788,1,2,150,0.441315540583741,-0.0344845419177708,16,3.57367154761899,1,25.11741,2771,0.2,0,15,"both",0.441315540583741,-0.0344845419177708
"2301","session2",26.1818729841455,9.89399742491355,1.67195624037088,0.000287053343041997,0.480329519968315,0.45532175792745,0.404993354043788,1,2,150,0.441315540583741,-0.0344845419177708,16,6.00950801471644,1,33.634,2771,0.2,0,15,"both",0.441315540583741,-0.0344845419177708
"2302","session2",26.1818729841455,9.89399742491355,1.67195624037088,0.000287053343041997,0.480329519968315,0.45532175792745,0.404993354043788,1,2,150,0.441315540583741,-0.0344845419177708,16,3.16709038103944,0,15.0653,2771,0.2,0,15,"both",0.441315540583741,-0.0344845419177708
"2303","session2",26.1818729841455,9.89399742491355,1.67195624037088,0.000287053343041997,0.480329519968315,0.45532175792745,0.404993354043788,1,2,150,0.441315540583741,-0.0344845419177708,16,2.12354497060206,1,17.1188,2771,0.2,0,15,"both",0.441315540583741,-0.0344845419177708
"2304","session2",26.1818729841455,9.89399742491355,1.67195624037088,0.000287053343041997,0.480329519968315,0.45532175792745,0.404993354043788,1,2,150,0.441315540583741,-0.0344845419177708,16,2.17405958197035,0,7.0945,2771,0.2,0,15,"both",0.441315540583741,-0.0344845419177708
"2305","session2",26.1818729841455,9.89399742491355,1.67195624037088,0.000287053343041997,0.480329519968315,0.45532175792745,0.404993354043788,1,2,150,0.441315540583741,-0.0344845419177708,16,1.75623369460811,1,34.8958,2771,0.2,0,15,"both",0.441315540583741,-0.0344845419177708
"2306","session2",26.1818729841455,9.89399742491355,1.67195624037088,0.000287053343041997,0.480329519968315,0.45532175792745,0.404993354043788,1,2,150,0.441315540583741,-0.0344845419177708,16,3.09061799290574,0,14.00043,2771,0.2,0,15,"both",0.441315540583741,-0.0344845419177708
"2307","session2",26.1818729841455,9.89399742491355,1.67195624037088,0.000287053343041997,0.480329519968315,0.45532175792745,0.404993354043788,1,2,150,0.441315540583741,-0.0344845419177708,16,1.27622991786199,0,15.59416,2771,0.2,0,15,"both",0.441315540583741,-0.0344845419177708
"2308","session2",26.1818729841455,9.89399742491355,1.67195624037088,0.000287053343041997,0.480329519968315,0.45532175792745,0.404993354043788,1,2,150,0.441315540583741,-0.0344845419177708,16,1.70052418715281,1,38.3423,2771,0.2,0,15,"both",0.441315540583741,-0.0344845419177708
"2309","session2",26.1818729841455,9.89399742491355,1.67195624037088,0.000287053343041997,0.480329519968315,0.45532175792745,0.404993354043788,1,2,150,0.441315540583741,-0.0344845419177708,16,2.45939888404508,1,30.9566,2771,0.2,0,15,"both",0.441315540583741,-0.0344845419177708
"2310","session2",26.1818729841455,9.89399742491355,1.67195624037088,0.000287053343041997,0.480329519968315,0.45532175792745,0.404993354043788,1,2,150,0.441315540583741,-0.0344845419177708,16,2.40408494304844,1,34.37771,2771,0.2,0,15,"both",0.441315540583741,-0.0344845419177708
"2311","session2",26.1818729841455,9.89399742491355,1.67195624037088,0.000287053343041997,0.480329519968315,0.45532175792745,0.404993354043788,1,2,150,0.441315540583741,-0.0344845419177708,16,2.8746074848312,0,16.93541,2771,0.2,0,15,"both",0.441315540583741,-0.0344845419177708
"2312","session2",26.1818729841455,9.89399742491355,1.67195624037088,0.000287053343041997,0.480329519968315,0.45532175792745,0.404993354043788,1,2,150,0.441315540583741,-0.0344845419177708,16,1.57889594607865,0,14.9744,2771,0.2,0,15,"both",0.441315540583741,-0.0344845419177708
"2313","session2",26.1818729841455,9.89399742491355,1.67195624037088,0.000287053343041997,0.480329519968315,0.45532175792745,0.404993354043788,1,2,150,0.441315540583741,-0.0344845419177708,16,2.52856098826585,1,29.90958,2771,0.2,0,15,"both",0.441315540583741,-0.0344845419177708
"2314","session2",26.1818729841455,9.89399742491355,1.67195624037088,0.000287053343041997,0.480329519968315,0.45532175792745,0.404993354043788,1,2,150,0.441315540583741,-0.0344845419177708,16,3.39870886391423,1,19.96013,2771,0.2,0,15,"both",0.441315540583741,-0.0344845419177708
"2315","session2",26.1818729841455,9.89399742491355,1.67195624037088,0.000287053343041997,0.480329519968315,0.45532175792745,0.404993354043788,1,2,150,0.441315540583741,-0.0344845419177708,16,1.81215428985863,0,16.89159,2771,0.2,0,15,"both",0.441315540583741,-0.0344845419177708
"2316","session2",26.1818729841455,9.89399742491355,1.67195624037088,0.000287053343041997,0.480329519968315,0.45532175792745,0.404993354043788,1,2,150,0.441315540583741,-0.0344845419177708,16,4.19144155796267,1,28.5494,2771,0.2,0,15,"both",0.441315540583741,-0.0344845419177708
"2317","session2",26.1818729841455,9.89399742491355,1.67195624037088,0.000287053343041997,0.480329519968315,0.45532175792745,0.404993354043788,1,2,150,0.441315540583741,-0.0344845419177708,16,2.9542972287801,0,16.0833,2771,0.2,0,15,"both",0.441315540583741,-0.0344845419177708
"2318","session2",26.1818729841455,9.89399742491355,1.67195624037088,0.000287053343041997,0.480329519968315,0.45532175792745,0.404993354043788,1,2,150,0.441315540583741,-0.0344845419177708,16,1.55810385720247,0,10.7699,2771,0.2,0,15,"both",0.441315540583741,-0.0344845419177708
"2319","session2",26.1818729841455,9.89399742491355,1.67195624037088,0.000287053343041997,0.480329519968315,0.45532175792745,0.404993354043788,1,2,150,0.441315540583741,-0.0344845419177708,16,2.43757715094263,0,12.489,2771,0.2,0,15,"both",0.441315540583741,-0.0344845419177708
"2320","session2",26.1818729841455,9.89399742491355,1.67195624037088,0.000287053343041997,0.480329519968315,0.45532175792745,0.404993354043788,1,2,150,0.441315540583741,-0.0344845419177708,16,1.62869285837963,0,11.2398,2771,0.2,0,15,"both",0.441315540583741,-0.0344845419177708
"2321","session2",26.1818729841455,9.89399742491355,1.67195624037088,0.000287053343041997,0.480329519968315,0.45532175792745,0.404993354043788,1,2,150,0.441315540583741,-0.0344845419177708,16,1.75469241190939,0,14.1882,2771,0.2,0,15,"both",0.441315540583741,-0.0344845419177708
"2322","session2",26.1818729841455,9.89399742491355,1.67195624037088,0.000287053343041997,0.480329519968315,0.45532175792745,0.404993354043788,1,2,150,0.441315540583741,-0.0344845419177708,16,2.80115934706753,1,32.0806,2771,0.2,0,15,"both",0.441315540583741,-0.0344845419177708
"2323","session2",26.1818729841455,9.89399742491355,1.67195624037088,0.000287053343041997,0.480329519968315,0.45532175792745,0.404993354043788,1,2,150,0.441315540583741,-0.0344845419177708,16,2.9022228866327,1,31.047,2771,0.2,0,15,"both",0.441315540583741,-0.0344845419177708
"2324","session2",26.1818729841455,9.89399742491355,1.67195624037088,0.000287053343041997,0.480329519968315,0.45532175792745,0.404993354043788,1,2,150,0.441315540583741,-0.0344845419177708,16,3.36720217216801,1,39.6375,2771,0.2,0,15,"both",0.441315540583741,-0.0344845419177708
"2325","session2",26.1818729841455,9.89399742491355,1.67195624037088,0.000287053343041997,0.480329519968315,0.45532175792745,0.404993354043788,1,2,150,0.441315540583741,-0.0344845419177708,16,2.58278256752404,1,33.56807,2771,0.2,0,15,"both",0.441315540583741,-0.0344845419177708
"2326","session2",26.1818729841455,9.89399742491355,1.67195624037088,0.000287053343041997,0.480329519968315,0.45532175792745,0.404993354043788,1,2,150,0.441315540583741,-0.0344845419177708,16,2.55474509894483,1,38.496,2771,0.2,0,15,"both",0.441315540583741,-0.0344845419177708
"2327","session2",26.1818729841455,9.89399742491355,1.67195624037088,0.000287053343041997,0.480329519968315,0.45532175792745,0.404993354043788,1,2,150,0.441315540583741,-0.0344845419177708,16,1.89826406167571,0,18.11498,2771,0.2,0,15,"both",0.441315540583741,-0.0344845419177708
"2328","session2",26.1818729841455,9.89399742491355,1.67195624037088,0.000287053343041997,0.480329519968315,0.45532175792745,0.404993354043788,1,2,150,0.441315540583741,-0.0344845419177708,16,3.80234415951392,0,14.94749,2771,0.2,0,15,"both",0.441315540583741,-0.0344845419177708
"2329","session2",26.1818729841455,9.89399742491355,1.67195624037088,0.000287053343041997,0.480329519968315,0.45532175792745,0.404993354043788,1,2,150,0.441315540583741,-0.0344845419177708,16,4.88446412393057,1,28.69638,2771,0.2,0,15,"both",0.441315540583741,-0.0344845419177708
"2330","session2",26.1818729841455,9.89399742491355,1.67195624037088,0.000287053343041997,0.480329519968315,0.45532175792745,0.404993354043788,1,2,150,0.441315540583741,-0.0344845419177708,16,2.60851221238871,0,8.7288,2771,0.2,0,15,"both",0.441315540583741,-0.0344845419177708
"2331","session2",26.1818729841455,9.89399742491355,1.67195624037088,0.000287053343041997,0.480329519968315,0.45532175792745,0.404993354043788,1,2,150,0.441315540583741,-0.0344845419177708,16,2.68920022556439,1,31.1236,2771,0.2,0,15,"both",0.441315540583741,-0.0344845419177708
"2332","session2",26.1818729841455,9.89399742491355,1.67195624037088,0.000287053343041997,0.480329519968315,0.45532175792745,0.404993354043788,1,2,150,0.441315540583741,-0.0344845419177708,16,1.87072923048585,0,8.258,2771,0.2,0,15,"both",0.441315540583741,-0.0344845419177708
"2333","session2",26.1818729841455,9.89399742491355,1.67195624037088,0.000287053343041997,0.480329519968315,0.45532175792745,0.404993354043788,1,2,150,0.441315540583741,-0.0344845419177708,16,1.49375325018003,0,12.32877,2771,0.2,0,15,"both",0.441315540583741,-0.0344845419177708
"2334","session2",26.1818729841455,9.89399742491355,1.67195624037088,0.000287053343041997,0.480329519968315,0.45532175792745,0.404993354043788,1,2,150,0.441315540583741,-0.0344845419177708,16,3.17497698459419,0,15.75455,2771,0.2,0,15,"both",0.441315540583741,-0.0344845419177708
"2335","session2",26.1818729841455,9.89399742491355,1.67195624037088,0.000287053343041997,0.480329519968315,0.45532175792745,0.404993354043788,1,2,150,0.441315540583741,-0.0344845419177708,16,2.48235721520981,0,18.10126,2771,0.2,0,15,"both",0.441315540583741,-0.0344845419177708
"2336","session2",26.1818729841455,9.89399742491355,1.67195624037088,0.000287053343041997,0.480329519968315,0.45532175792745,0.404993354043788,1,2,150,0.441315540583741,-0.0344845419177708,16,1.78543096684179,0,16.55564,2771,0.2,0,15,"both",0.441315540583741,-0.0344845419177708
"2337","session2",26.1818729841455,9.89399742491355,1.67195624037088,0.000287053343041997,0.480329519968315,0.45532175792745,0.404993354043788,1,2,150,0.441315540583741,-0.0344845419177708,16,2.06196643519209,0,19.01918,2771,0.2,0,15,"both",0.441315540583741,-0.0344845419177708
"2338","session2",26.1818729841455,9.89399742491355,1.67195624037088,0.000287053343041997,0.480329519968315,0.45532175792745,0.404993354043788,1,2,150,0.441315540583741,-0.0344845419177708,16,1.87109712953553,0,13.99823,2771,0.2,0,15,"both",0.441315540583741,-0.0344845419177708
"2339","session2",26.1818729841455,9.89399742491355,1.67195624037088,0.000287053343041997,0.480329519968315,0.45532175792745,0.404993354043788,1,2,150,0.441315540583741,-0.0344845419177708,16,2.51734294035149,0,17.53756,2771,0.2,0,15,"both",0.441315540583741,-0.0344845419177708
"2340","session2",26.1818729841455,9.89399742491355,1.67195624037088,0.000287053343041997,0.480329519968315,0.45532175792745,0.404993354043788,1,2,150,0.441315540583741,-0.0344845419177708,16,1.98309983423466,0,16.49507,2771,0.2,0,15,"both",0.441315540583741,-0.0344845419177708
"2341","session2",26.1818729841455,9.89399742491355,1.67195624037088,0.000287053343041997,0.480329519968315,0.45532175792745,0.404993354043788,1,2,150,0.441315540583741,-0.0344845419177708,16,1.8203153679872,1,28.84065,2771,0.2,0,15,"both",0.441315540583741,-0.0344845419177708
"2342","session2",26.1818729841455,9.89399742491355,1.67195624037088,0.000287053343041997,0.480329519968315,0.45532175792745,0.404993354043788,1,2,150,0.441315540583741,-0.0344845419177708,16,2.31908313724258,1,34.16585,2771,0.2,0,15,"both",0.441315540583741,-0.0344845419177708
"2343","session2",26.1818729841455,9.89399742491355,1.67195624037088,0.000287053343041997,0.480329519968315,0.45532175792745,0.404993354043788,1,2,150,0.441315540583741,-0.0344845419177708,16,3.24586737397108,0,14.2156,2771,0.2,0,15,"both",0.441315540583741,-0.0344845419177708
"2344","session2",26.1818729841455,9.89399742491355,1.67195624037088,0.000287053343041997,0.480329519968315,0.45532175792745,0.404993354043788,1,2,150,0.441315540583741,-0.0344845419177708,16,3.66312077293312,1,31.48917,2771,0.2,0,15,"both",0.441315540583741,-0.0344845419177708
"2345","session2",26.1818729841455,9.89399742491355,1.67195624037088,0.000287053343041997,0.480329519968315,0.45532175792745,0.404993354043788,1,2,150,0.441315540583741,-0.0344845419177708,16,2.95760726393155,0,28.41942,2771,0.2,0,15,"both",0.441315540583741,-0.0344845419177708
"2346","session2",26.1818729841455,9.89399742491355,1.67195624037088,0.000287053343041997,0.480329519968315,0.45532175792745,0.404993354043788,1,2,150,0.441315540583741,-0.0344845419177708,16,2.37591126570658,0,29.12819,2771,0.2,0,15,"both",0.441315540583741,-0.0344845419177708
"2347","session2",26.1818729841455,9.89399742491355,1.67195624037088,0.000287053343041997,0.480329519968315,0.45532175792745,0.404993354043788,1,2,150,0.441315540583741,-0.0344845419177708,16,1.71426249734608,0,9.8683,2771,0.2,0,15,"both",0.441315540583741,-0.0344845419177708
"2348","session2",26.1818729841455,9.89399742491355,1.67195624037088,0.000287053343041997,0.480329519968315,0.45532175792745,0.404993354043788,1,2,150,0.441315540583741,-0.0344845419177708,16,3.34654918334395,0,15.94728,2771,0.2,0,15,"both",0.441315540583741,-0.0344845419177708
"2349","session2",26.1818729841455,9.89399742491355,1.67195624037088,0.000287053343041997,0.480329519968315,0.45532175792745,0.404993354043788,1,2,150,0.441315540583741,-0.0344845419177708,16,2.71436917428323,0,15.20735,2771,0.2,0,15,"both",0.441315540583741,-0.0344845419177708
"2350","session2",26.1818729841455,9.89399742491355,1.67195624037088,0.000287053343041997,0.480329519968315,0.45532175792745,0.404993354043788,1,2,150,0.441315540583741,-0.0344845419177708,16,3.68919216141744,0,17.30561,2771,0.2,0,15,"both",0.441315540583741,-0.0344845419177708
"2351","session2",26.1818729841455,9.89399742491355,1.67195624037088,0.000287053343041997,0.480329519968315,0.45532175792745,0.404993354043788,1,2,150,0.441315540583741,-0.0344845419177708,16,2.09012320271655,0,19.43635,2771,0.2,0,15,"both",0.441315540583741,-0.0344845419177708
"2352","session2",26.1818729841455,9.89399742491355,1.67195624037088,0.000287053343041997,0.480329519968315,0.45532175792745,0.404993354043788,1,2,150,0.441315540583741,-0.0344845419177708,16,3.65681642161759,1,33.16035,2771,0.2,0,15,"both",0.441315540583741,-0.0344845419177708
"2353","session2",26.1818729841455,9.89399742491355,1.67195624037088,0.000287053343041997,0.480329519968315,0.45532175792745,0.404993354043788,1,2,150,0.441315540583741,-0.0344845419177708,16,1.75238671748671,0,16.10245,2771,0.2,0,15,"both",0.441315540583741,-0.0344845419177708
"2354","session2",26.1818729841455,9.89399742491355,1.67195624037088,0.000287053343041997,0.480329519968315,0.45532175792745,0.404993354043788,1,2,150,0.441315540583741,-0.0344845419177708,16,3.7972018836779,1,29.20136,2771,0.2,0,15,"both",0.441315540583741,-0.0344845419177708
"2355","session2",26.1818729841455,9.89399742491355,1.67195624037088,0.000287053343041997,0.480329519968315,0.45532175792745,0.404993354043788,1,2,150,0.441315540583741,-0.0344845419177708,16,1.9351120052621,0,30.09546,2771,0.2,0,15,"both",0.441315540583741,-0.0344845419177708
"2356","session2",26.1818729841455,9.89399742491355,1.67195624037088,0.000287053343041997,0.480329519968315,0.45532175792745,0.404993354043788,1,2,150,0.441315540583741,-0.0344845419177708,16,1.95282512583902,0,19.39583,2771,0.2,0,15,"both",0.441315540583741,-0.0344845419177708
"2357","session2",26.1818729841455,9.89399742491355,1.67195624037088,0.000287053343041997,0.480329519968315,0.45532175792745,0.404993354043788,1,2,150,0.441315540583741,-0.0344845419177708,16,2.87834868451601,1,31.24369,2771,0.2,0,15,"both",0.441315540583741,-0.0344845419177708
"2358","session2",26.1818729841455,9.89399742491355,1.67195624037088,0.000287053343041997,0.480329519968315,0.45532175792745,0.404993354043788,1,2,150,0.441315540583741,-0.0344845419177708,16,3.13653409719636,0,14.2785,2771,0.2,0,15,"both",0.441315540583741,-0.0344845419177708
"2359","session2",26.1818729841455,9.89399742491355,1.67195624037088,0.000287053343041997,0.480329519968315,0.45532175792745,0.404993354043788,1,2,150,0.441315540583741,-0.0344845419177708,16,1.32394727662888,1,33.99404,2771,0.2,0,15,"both",0.441315540583741,-0.0344845419177708
"2360","session2",26.1818729841455,9.89399742491355,1.67195624037088,0.000287053343041997,0.480329519968315,0.45532175792745,0.404993354043788,1,2,150,0.441315540583741,-0.0344845419177708,16,2.83007408686698,0,18.69557,2771,0.2,0,15,"both",0.441315540583741,-0.0344845419177708
"2361","session2",26.1818729841455,9.89399742491355,1.67195624037088,0.000287053343041997,0.480329519968315,0.45532175792745,0.404993354043788,1,2,150,0.441315540583741,-0.0344845419177708,16,4.87549892801646,1,19.77125,2771,0.2,0,15,"both",0.441315540583741,-0.0344845419177708
"2362","session2",26.1818729841455,9.89399742491355,1.67195624037088,0.000287053343041997,0.480329519968315,0.45532175792745,0.404993354043788,1,2,150,0.441315540583741,-0.0344845419177708,16,3.1532976002695,1,34.34104,2771,0.2,0,15,"both",0.441315540583741,-0.0344845419177708
"2363","session2",26.1818729841455,9.89399742491355,1.67195624037088,0.000287053343041997,0.480329519968315,0.45532175792745,0.404993354043788,1,2,150,0.441315540583741,-0.0344845419177708,16,3.17179740027085,0,32.43152,2771,0.2,0,15,"both",0.441315540583741,-0.0344845419177708
"2364","session2",26.1818729841455,9.89399742491355,1.67195624037088,0.000287053343041997,0.480329519968315,0.45532175792745,0.404993354043788,1,2,150,0.441315540583741,-0.0344845419177708,16,1.5832995172572,0,16.40846,2771,0.2,0,15,"both",0.441315540583741,-0.0344845419177708
"2365","session2",26.1818729841455,9.89399742491355,1.67195624037088,0.000287053343041997,0.480329519968315,0.45532175792745,0.404993354043788,1,2,150,0.441315540583741,-0.0344845419177708,16,2.14004782144696,1,35.80362,2771,0.2,0,15,"both",0.441315540583741,-0.0344845419177708
"2366","session2",26.1818729841455,9.89399742491355,1.67195624037088,0.000287053343041997,0.480329519968315,0.45532175792745,0.404993354043788,1,2,150,0.441315540583741,-0.0344845419177708,16,3.11025114371166,0,18.11264,2771,0.2,0,15,"both",0.441315540583741,-0.0344845419177708
"2367","session2",26.1818729841455,9.89399742491355,1.67195624037088,0.000287053343041997,0.480329519968315,0.45532175792745,0.404993354043788,1,2,150,0.441315540583741,-0.0344845419177708,16,6.05361223380142,1,31.93061,2771,0.2,0,15,"both",0.441315540583741,-0.0344845419177708
"2368","session2",26.1818729841455,9.89399742491355,1.67195624037088,0.000287053343041997,0.480329519968315,0.45532175792745,0.404993354043788,1,2,150,0.441315540583741,-0.0344845419177708,16,4.98194878771402,0,18.05087,2771,0.2,0,15,"both",0.441315540583741,-0.0344845419177708
"2369","session2",26.1818729841455,9.89399742491355,1.67195624037088,0.000287053343041997,0.480329519968315,0.45532175792745,0.404993354043788,1,2,150,0.441315540583741,-0.0344845419177708,16,2.6487678868659,1,35.6353,2771,0.2,0,15,"both",0.441315540583741,-0.0344845419177708
"2370","session2",26.1818729841455,9.89399742491355,1.67195624037088,0.000287053343041997,0.480329519968315,0.45532175792745,0.404993354043788,1,2,150,0.441315540583741,-0.0344845419177708,16,3.07948874174549,1,32.48976,2771,0.2,0,15,"both",0.441315540583741,-0.0344845419177708
"2371","session2",26.1818729841455,9.89399742491355,1.67195624037088,0.000287053343041997,0.480329519968315,0.45532175792745,0.404993354043788,1,2,150,0.441315540583741,-0.0344845419177708,16,3.04163435729227,1,36.1047,2771,0.2,0,15,"both",0.441315540583741,-0.0344845419177708
"2372","session2",26.1818729841455,9.89399742491355,1.67195624037088,0.000287053343041997,0.480329519968315,0.45532175792745,0.404993354043788,1,2,150,0.441315540583741,-0.0344845419177708,16,2.03485951890263,0,17.22819,2771,0.2,0,15,"both",0.441315540583741,-0.0344845419177708
"2373","session2",26.1818729841455,9.89399742491355,1.67195624037088,0.000287053343041997,0.480329519968315,0.45532175792745,0.404993354043788,1,2,150,0.441315540583741,-0.0344845419177708,16,3.75900276926212,0,15.60959,2771,0.2,0,15,"both",0.441315540583741,-0.0344845419177708
"2374","session2",26.1818729841455,9.89399742491355,1.67195624037088,0.000287053343041997,0.480329519968315,0.45532175792745,0.404993354043788,1,2,150,0.441315540583741,-0.0344845419177708,16,3.43630263340266,0,17.60739,2771,0.2,0,15,"both",0.441315540583741,-0.0344845419177708
"2375","session2",26.1818729841455,9.89399742491355,1.67195624037088,0.000287053343041997,0.480329519968315,0.45532175792745,0.404993354043788,1,2,150,0.441315540583741,-0.0344845419177708,16,1.84237992284716,0,14.97166,2771,0.2,0,15,"both",0.441315540583741,-0.0344845419177708
"2376","session2",26.1818729841455,9.89399742491355,1.67195624037088,0.000287053343041997,0.480329519968315,0.45532175792745,0.404993354043788,1,2,150,0.441315540583741,-0.0344845419177708,16,2.56895904673657,1,34.91331,2771,0.2,0,15,"both",0.441315540583741,-0.0344845419177708
"2377","session2",26.1818729841455,9.89399742491355,1.67195624037088,0.000287053343041997,0.480329519968315,0.45532175792745,0.404993354043788,1,2,150,0.441315540583741,-0.0344845419177708,16,2.20679019134916,0,15.7703,2771,0.2,0,15,"both",0.441315540583741,-0.0344845419177708
"2378","session2",26.1818729841455,9.89399742491355,1.67195624037088,0.000287053343041997,0.480329519968315,0.45532175792745,0.404993354043788,1,2,150,0.441315540583741,-0.0344845419177708,16,2.41396995129233,0,17.9505,2771,0.2,0,15,"both",0.441315540583741,-0.0344845419177708
"2379","session2",26.1818729841455,9.89399742491355,1.67195624037088,0.000287053343041997,0.480329519968315,0.45532175792745,0.404993354043788,1,2,150,0.441315540583741,-0.0344845419177708,16,2.0069014633892,1,32.54682,2771,0.2,0,15,"both",0.441315540583741,-0.0344845419177708
"2380","session2",26.1818729841455,9.89399742491355,1.67195624037088,0.000287053343041997,0.480329519968315,0.45532175792745,0.404993354043788,1,2,150,0.441315540583741,-0.0344845419177708,16,3.29251689798653,1,32.84688,2771,0.2,0,15,"both",0.441315540583741,-0.0344845419177708
"2381","session2",26.1818729841455,9.89399742491355,1.67195624037088,0.000287053343041997,0.480329519968315,0.45532175792745,0.404993354043788,1,2,150,0.441315540583741,-0.0344845419177708,16,3.62259596977988,0,17.94508,2771,0.2,0,15,"both",0.441315540583741,-0.0344845419177708
"2382","session2",26.1818729841455,9.89399742491355,1.67195624037088,0.000287053343041997,0.480329519968315,0.45532175792745,0.404993354043788,1,2,150,0.441315540583741,-0.0344845419177708,16,3.46136064685837,1,33.4826,2771,0.2,0,15,"both",0.441315540583741,-0.0344845419177708
"2383","session2",26.1818729841455,9.89399742491355,1.67195624037088,0.000287053343041997,0.480329519968315,0.45532175792745,0.404993354043788,1,2,150,0.441315540583741,-0.0344845419177708,16,2.00700766435251,0,19.29174,2771,0.2,0,15,"both",0.441315540583741,-0.0344845419177708
"2384","session2",26.1818729841455,9.89399742491355,1.67195624037088,0.000287053343041997,0.480329519968315,0.45532175792745,0.404993354043788,1,2,150,0.441315540583741,-0.0344845419177708,16,2.62831330486377,1,31.27873,2771,0.2,0,15,"both",0.441315540583741,-0.0344845419177708
"2385","session2",26.1818729841455,9.89399742491355,1.67195624037088,0.000287053343041997,0.480329519968315,0.45532175792745,0.404993354043788,1,2,150,0.441315540583741,-0.0344845419177708,16,1.31352674896653,1,34.28097,2771,0.2,0,15,"both",0.441315540583741,-0.0344845419177708
"2386","session2",26.1818729841455,9.89399742491355,1.67195624037088,0.000287053343041997,0.480329519968315,0.45532175792745,0.404993354043788,1,2,150,0.441315540583741,-0.0344845419177708,16,1.83581168349141,1,35.6014,2771,0.2,0,15,"both",0.441315540583741,-0.0344845419177708
"2387","session2",26.1818729841455,9.89399742491355,1.67195624037088,0.000287053343041997,0.480329519968315,0.45532175792745,0.404993354043788,1,2,150,0.441315540583741,-0.0344845419177708,16,2.70922338444565,1,20.88257,2771,0.2,0,15,"both",0.441315540583741,-0.0344845419177708
"2388","session2",26.1818729841455,9.89399742491355,1.67195624037088,0.000287053343041997,0.480329519968315,0.45532175792745,0.404993354043788,1,2,150,0.441315540583741,-0.0344845419177708,16,1.33083002160823,0,18.08488,2771,0.2,0,15,"both",0.441315540583741,-0.0344845419177708
"2389","session2",26.1818729841455,9.89399742491355,1.67195624037088,0.000287053343041997,0.480329519968315,0.45532175792745,0.404993354043788,1,2,150,0.441315540583741,-0.0344845419177708,16,1.53538252914303,1,33.7141,2771,0.2,0,15,"both",0.441315540583741,-0.0344845419177708
"2390","session2",26.1818729841455,9.89399742491355,1.67195624037088,0.000287053343041997,0.480329519968315,0.45532175792745,0.404993354043788,1,2,150,0.441315540583741,-0.0344845419177708,16,1.32342361437883,0,18.55579,2771,0.2,0,15,"both",0.441315540583741,-0.0344845419177708
"2391","session2",26.1818729841455,9.89399742491355,1.67195624037088,0.000287053343041997,0.480329519968315,0.45532175792745,0.404993354043788,1,2,150,0.441315540583741,-0.0344845419177708,16,2.17989787676111,0,20.21901,2771,0.2,0,15,"both",0.441315540583741,-0.0344845419177708
"2392","session2",26.1818729841455,9.89399742491355,1.67195624037088,0.000287053343041997,0.480329519968315,0.45532175792745,0.404993354043788,1,2,150,0.441315540583741,-0.0344845419177708,16,5.80312019998036,1,33.89739,2771,0.2,0,15,"both",0.441315540583741,-0.0344845419177708
"2393","session2",26.1818729841455,9.89399742491355,1.67195624037088,0.000287053343041997,0.480329519968315,0.45532175792745,0.404993354043788,1,2,150,0.441315540583741,-0.0344845419177708,16,3.87946491944677,1,33.08548,2771,0.2,0,15,"both",0.441315540583741,-0.0344845419177708
"2394","session2",26.1818729841455,9.89399742491355,1.67195624037088,0.000287053343041997,0.480329519968315,0.45532175792745,0.404993354043788,1,2,150,0.441315540583741,-0.0344845419177708,16,3.68348472734131,0,26.14802,2771,0.2,0,15,"both",0.441315540583741,-0.0344845419177708
"2395","session2",26.1818729841455,9.89399742491355,1.67195624037088,0.000287053343041997,0.480329519968315,0.45532175792745,0.404993354043788,1,2,150,0.441315540583741,-0.0344845419177708,16,1.42523672124744,1,21.03469,2771,0.2,0,15,"both",0.441315540583741,-0.0344845419177708
"2396","session2",26.1818729841455,9.89399742491355,1.67195624037088,0.000287053343041997,0.480329519968315,0.45532175792745,0.404993354043788,1,2,150,0.441315540583741,-0.0344845419177708,16,2.27757492763677,1,32.02189,2771,0.2,0,15,"both",0.441315540583741,-0.0344845419177708
"2397","session2",26.1818729841455,9.89399742491355,1.67195624037088,0.000287053343041997,0.480329519968315,0.45532175792745,0.404993354043788,1,2,150,0.441315540583741,-0.0344845419177708,16,3.84265289233545,1,32.54424,2771,0.2,0,15,"both",0.441315540583741,-0.0344845419177708
"2398","session2",26.1818729841455,9.89399742491355,1.67195624037088,0.000287053343041997,0.480329519968315,0.45532175792745,0.404993354043788,1,2,150,0.441315540583741,-0.0344845419177708,16,2.48306190817015,1,17.90049,2771,0.2,0,15,"both",0.441315540583741,-0.0344845419177708
"2399","session2",26.1818729841455,9.89399742491355,1.67195624037088,0.000287053343041997,0.480329519968315,0.45532175792745,0.404993354043788,1,2,150,0.441315540583741,-0.0344845419177708,16,3.51339839848981,1,30.35095,2771,0.2,0,15,"both",0.441315540583741,-0.0344845419177708
"2400","session2",26.1818729841455,9.89399742491355,1.67195624037088,0.000287053343041997,0.480329519968315,0.45532175792745,0.404993354043788,1,2,150,0.441315540583741,-0.0344845419177708,16,3.34854331130058,1,31.20365,2771,0.2,0,15,"both",0.441315540583741,-0.0344845419177708
"2401","session2",9.31949921960393,33.6020255118427,3.10650738608388,8.98393408895146e-05,0.235108446276894,0.377541670970622,0.348471822466957,2,2,150,0.441315540583741,-0.0344845419177708,17,3.57630294187889,0,-9.1725716543,2771,0.2,0,15,"both",0.441315540583741,-0.0344845419177708
"2402","session2",9.31949921960393,33.6020255118427,3.10650738608388,8.98393408895146e-05,0.235108446276894,0.377541670970622,0.348471822466957,2,2,150,0.441315540583741,-0.0344845419177708,17,3.80635092583042,0,4.4233388812,2771,0.2,0,15,"both",0.441315540583741,-0.0344845419177708
"2403","session2",9.31949921960393,33.6020255118427,3.10650738608388,8.98393408895146e-05,0.235108446276894,0.377541670970622,0.348471822466957,2,2,150,0.441315540583741,-0.0344845419177708,17,3.58872302670201,0,11.8336117036,2771,0.2,0,15,"both",0.441315540583741,-0.0344845419177708
"2404","session2",9.31949921960393,33.6020255118427,3.10650738608388,8.98393408895146e-05,0.235108446276894,0.377541670970622,0.348471822466957,2,2,150,0.441315540583741,-0.0344845419177708,17,2.42954407161392,0,20.193075831,2771,0.2,0,15,"both",0.441315540583741,-0.0344845419177708
"2405","session2",9.31949921960393,33.6020255118427,3.10650738608388,8.98393408895146e-05,0.235108446276894,0.377541670970622,0.348471822466957,2,2,150,0.441315540583741,-0.0344845419177708,17,4.61762490005506,1,26.598019338,2771,0.2,0,15,"both",0.441315540583741,-0.0344845419177708
"2406","session2",9.31949921960393,33.6020255118427,3.10650738608388,8.98393408895146e-05,0.235108446276894,0.377541670970622,0.348471822466957,2,2,150,0.441315540583741,-0.0344845419177708,17,1.9950458934605,0,-8.8061,2771,0.2,0,15,"both",0.441315540583741,-0.0344845419177708
"2407","session2",9.31949921960393,33.6020255118427,3.10650738608388,8.98393408895146e-05,0.235108446276894,0.377541670970622,0.348471822466957,2,2,150,0.441315540583741,-0.0344845419177708,17,8,1,14.07375,2771,0.2,0,15,"both",0.441315540583741,-0.0344845419177708
"2408","session2",9.31949921960393,33.6020255118427,3.10650738608388,8.98393408895146e-05,0.235108446276894,0.377541670970622,0.348471822466957,2,2,150,0.441315540583741,-0.0344845419177708,17,1.68052747689802,0,-5.01465,2771,0.2,0,15,"both",0.441315540583741,-0.0344845419177708
"2409","session2",9.31949921960393,33.6020255118427,3.10650738608388,8.98393408895146e-05,0.235108446276894,0.377541670970622,0.348471822466957,2,2,150,0.441315540583741,-0.0344845419177708,17,3.78555098060738,0,15.62265,2771,0.2,0,15,"both",0.441315540583741,-0.0344845419177708
"2410","session2",9.31949921960393,33.6020255118427,3.10650738608388,8.98393408895146e-05,0.235108446276894,0.377541670970622,0.348471822466957,2,2,150,0.441315540583741,-0.0344845419177708,17,2.73188755627673,1,34.7081,2771,0.2,0,15,"both",0.441315540583741,-0.0344845419177708
"2411","session2",9.31949921960393,33.6020255118427,3.10650738608388,8.98393408895146e-05,0.235108446276894,0.377541670970622,0.348471822466957,2,2,150,0.441315540583741,-0.0344845419177708,17,3.08022955537029,0,10.91499,2771,0.2,0,15,"both",0.441315540583741,-0.0344845419177708
"2412","session2",9.31949921960393,33.6020255118427,3.10650738608388,8.98393408895146e-05,0.235108446276894,0.377541670970622,0.348471822466957,2,2,150,0.441315540583741,-0.0344845419177708,17,2.72818798996476,0,20.21138252,2771,0.2,0,15,"both",0.441315540583741,-0.0344845419177708
"2413","session2",9.31949921960393,33.6020255118427,3.10650738608388,8.98393408895146e-05,0.235108446276894,0.377541670970622,0.348471822466957,2,2,150,0.441315540583741,-0.0344845419177708,17,2.7941392351593,1,14.1082,2771,0.2,0,15,"both",0.441315540583741,-0.0344845419177708
"2414","session2",9.31949921960393,33.6020255118427,3.10650738608388,8.98393408895146e-05,0.235108446276894,0.377541670970622,0.348471822466957,2,2,150,0.441315540583741,-0.0344845419177708,17,3.91493492468573,0,15.80055,2771,0.2,0,15,"both",0.441315540583741,-0.0344845419177708
"2415","session2",9.31949921960393,33.6020255118427,3.10650738608388,8.98393408895146e-05,0.235108446276894,0.377541670970622,0.348471822466957,2,2,150,0.441315540583741,-0.0344845419177708,17,1.75408851734268,1,28.5233,2771,0.2,0,15,"both",0.441315540583741,-0.0344845419177708
"2416","session2",9.31949921960393,33.6020255118427,3.10650738608388,8.98393408895146e-05,0.235108446276894,0.377541670970622,0.348471822466957,2,2,150,0.441315540583741,-0.0344845419177708,17,2.22093717311661,1,14.349,2771,0.2,0,15,"both",0.441315540583741,-0.0344845419177708
"2417","session2",9.31949921960393,33.6020255118427,3.10650738608388,8.98393408895146e-05,0.235108446276894,0.377541670970622,0.348471822466957,2,2,150,0.441315540583741,-0.0344845419177708,17,2.65187148047483,1,6.1132,2771,0.2,0,15,"both",0.441315540583741,-0.0344845419177708
"2418","session2",9.31949921960393,33.6020255118427,3.10650738608388,8.98393408895146e-05,0.235108446276894,0.377541670970622,0.348471822466957,2,2,150,0.441315540583741,-0.0344845419177708,17,4.67527873465275,0,-6.3797,2771,0.2,0,15,"both",0.441315540583741,-0.0344845419177708
"2419","session2",9.31949921960393,33.6020255118427,3.10650738608388,8.98393408895146e-05,0.235108446276894,0.377541670970622,0.348471822466957,2,2,150,0.441315540583741,-0.0344845419177708,17,4.74318168863481,1,16.02773,2771,0.2,0,15,"both",0.441315540583741,-0.0344845419177708
"2420","session2",9.31949921960393,33.6020255118427,3.10650738608388,8.98393408895146e-05,0.235108446276894,0.377541670970622,0.348471822466957,2,2,150,0.441315540583741,-0.0344845419177708,17,2.51090636647743,1,8.98656,2771,0.2,0,15,"both",0.441315540583741,-0.0344845419177708
"2421","session2",9.31949921960393,33.6020255118427,3.10650738608388,8.98393408895146e-05,0.235108446276894,0.377541670970622,0.348471822466957,2,2,150,0.441315540583741,-0.0344845419177708,17,3.13247423623007,0,32.053,2771,0.2,0,15,"both",0.441315540583741,-0.0344845419177708
"2422","session2",9.31949921960393,33.6020255118427,3.10650738608388,8.98393408895146e-05,0.235108446276894,0.377541670970622,0.348471822466957,2,2,150,0.441315540583741,-0.0344845419177708,17,2.19174238625945,0,14.283630815622,2771,0.2,0,15,"both",0.441315540583741,-0.0344845419177708
"2423","session2",9.31949921960393,33.6020255118427,3.10650738608388,8.98393408895146e-05,0.235108446276894,0.377541670970622,0.348471822466957,2,2,150,0.441315540583741,-0.0344845419177708,17,4.16923781373006,1,28.0697,2771,0.2,0,15,"both",0.441315540583741,-0.0344845419177708
"2424","session2",9.31949921960393,33.6020255118427,3.10650738608388,8.98393408895146e-05,0.235108446276894,0.377541670970622,0.348471822466957,2,2,150,0.441315540583741,-0.0344845419177708,17,2.62064584515676,1,17.0640181634,2771,0.2,0,15,"both",0.441315540583741,-0.0344845419177708
"2425","session2",9.31949921960393,33.6020255118427,3.10650738608388,8.98393408895146e-05,0.235108446276894,0.377541670970622,0.348471822466957,2,2,150,0.441315540583741,-0.0344845419177708,17,3.55148132970226,0,34.2845,2771,0.2,0,15,"both",0.441315540583741,-0.0344845419177708
"2426","session2",9.31949921960393,33.6020255118427,3.10650738608388,8.98393408895146e-05,0.235108446276894,0.377541670970622,0.348471822466957,2,2,150,0.441315540583741,-0.0344845419177708,17,3.58959611073954,0,14.381210209,2771,0.2,0,15,"both",0.441315540583741,-0.0344845419177708
"2427","session2",9.31949921960393,33.6020255118427,3.10650738608388,8.98393408895146e-05,0.235108446276894,0.377541670970622,0.348471822466957,2,2,150,0.441315540583741,-0.0344845419177708,17,4.66589126866563,0,0.0892999999999979,2771,0.2,0,15,"both",0.441315540583741,-0.0344845419177708
"2428","session2",9.31949921960393,33.6020255118427,3.10650738608388,8.98393408895146e-05,0.235108446276894,0.377541670970622,0.348471822466957,2,2,150,0.441315540583741,-0.0344845419177708,17,1.71291938408278,0,36.5921,2771,0.2,0,15,"both",0.441315540583741,-0.0344845419177708
"2429","session2",9.31949921960393,33.6020255118427,3.10650738608388,8.98393408895146e-05,0.235108446276894,0.377541670970622,0.348471822466957,2,2,150,0.441315540583741,-0.0344845419177708,17,2.99901440306538,0,-15.0456,2771,0.2,0,15,"both",0.441315540583741,-0.0344845419177708
"2430","session2",9.31949921960393,33.6020255118427,3.10650738608388,8.98393408895146e-05,0.235108446276894,0.377541670970622,0.348471822466957,2,2,150,0.441315540583741,-0.0344845419177708,17,1.75596122253938,0,-37.9933,2771,0.2,0,15,"both",0.441315540583741,-0.0344845419177708
"2431","session2",9.31949921960393,33.6020255118427,3.10650738608388,8.98393408895146e-05,0.235108446276894,0.377541670970622,0.348471822466957,2,2,150,0.441315540583741,-0.0344845419177708,17,2.47144017908691,0,20.273278758,2771,0.2,0,15,"both",0.441315540583741,-0.0344845419177708
"2432","session2",9.31949921960393,33.6020255118427,3.10650738608388,8.98393408895146e-05,0.235108446276894,0.377541670970622,0.348471822466957,2,2,150,0.441315540583741,-0.0344845419177708,17,2.78687118841331,0,19.789126226,2771,0.2,0,15,"both",0.441315540583741,-0.0344845419177708
"2433","session2",9.31949921960393,33.6020255118427,3.10650738608388,8.98393408895146e-05,0.235108446276894,0.377541670970622,0.348471822466957,2,2,150,0.441315540583741,-0.0344845419177708,17,2.08784699290292,1,46.6126,2771,0.2,0,15,"both",0.441315540583741,-0.0344845419177708
"2434","session2",9.31949921960393,33.6020255118427,3.10650738608388,8.98393408895146e-05,0.235108446276894,0.377541670970622,0.348471822466957,2,2,150,0.441315540583741,-0.0344845419177708,17,2.66079551101614,0,18.4847,2771,0.2,0,15,"both",0.441315540583741,-0.0344845419177708
"2435","session2",9.31949921960393,33.6020255118427,3.10650738608388,8.98393408895146e-05,0.235108446276894,0.377541670970622,0.348471822466957,2,2,150,0.441315540583741,-0.0344845419177708,17,2.54043096489576,1,31.2056,2771,0.2,0,15,"both",0.441315540583741,-0.0344845419177708
"2436","session2",9.31949921960393,33.6020255118427,3.10650738608388,8.98393408895146e-05,0.235108446276894,0.377541670970622,0.348471822466957,2,2,150,0.441315540583741,-0.0344845419177708,17,2.56858282024976,1,12.7341,2771,0.2,0,15,"both",0.441315540583741,-0.0344845419177708
"2437","session2",9.31949921960393,33.6020255118427,3.10650738608388,8.98393408895146e-05,0.235108446276894,0.377541670970622,0.348471822466957,2,2,150,0.441315540583741,-0.0344845419177708,17,3.56912444883557,1,30.5122,2771,0.2,0,15,"both",0.441315540583741,-0.0344845419177708
"2438","session2",9.31949921960393,33.6020255118427,3.10650738608388,8.98393408895146e-05,0.235108446276894,0.377541670970622,0.348471822466957,2,2,150,0.441315540583741,-0.0344845419177708,17,1.77712228406844,0,-47.112,2771,0.2,0,15,"both",0.441315540583741,-0.0344845419177708
"2439","session2",9.31949921960393,33.6020255118427,3.10650738608388,8.98393408895146e-05,0.235108446276894,0.377541670970622,0.348471822466957,2,2,150,0.441315540583741,-0.0344845419177708,17,3.20762288924906,1,36.634,2771,0.2,0,15,"both",0.441315540583741,-0.0344845419177708
"2440","session2",9.31949921960393,33.6020255118427,3.10650738608388,8.98393408895146e-05,0.235108446276894,0.377541670970622,0.348471822466957,2,2,150,0.441315540583741,-0.0344845419177708,17,1.19399515640743,1,44.174,2771,0.2,0,15,"both",0.441315540583741,-0.0344845419177708
"2441","session2",9.31949921960393,33.6020255118427,3.10650738608388,8.98393408895146e-05,0.235108446276894,0.377541670970622,0.348471822466957,2,2,150,0.441315540583741,-0.0344845419177708,17,2.40769102685829,1,44.6172,2771,0.2,0,15,"both",0.441315540583741,-0.0344845419177708
"2442","session2",9.31949921960393,33.6020255118427,3.10650738608388,8.98393408895146e-05,0.235108446276894,0.377541670970622,0.348471822466957,2,2,150,0.441315540583741,-0.0344845419177708,17,1.93295140869389,1,-0.433,2771,0.2,0,15,"both",0.441315540583741,-0.0344845419177708
"2443","session2",9.31949921960393,33.6020255118427,3.10650738608388,8.98393408895146e-05,0.235108446276894,0.377541670970622,0.348471822466957,2,2,150,0.441315540583741,-0.0344845419177708,17,2.3222755712983,0,-20.5357,2771,0.2,0,15,"both",0.441315540583741,-0.0344845419177708
"2444","session2",9.31949921960393,33.6020255118427,3.10650738608388,8.98393408895146e-05,0.235108446276894,0.377541670970622,0.348471822466957,2,2,150,0.441315540583741,-0.0344845419177708,17,2.17724144293838,1,47.7521,2771,0.2,0,15,"both",0.441315540583741,-0.0344845419177708
"2445","session2",9.31949921960393,33.6020255118427,3.10650738608388,8.98393408895146e-05,0.235108446276894,0.377541670970622,0.348471822466957,2,2,150,0.441315540583741,-0.0344845419177708,17,2.35244192563269,1,-3.7664,2771,0.2,0,15,"both",0.441315540583741,-0.0344845419177708
"2446","session2",9.31949921960393,33.6020255118427,3.10650738608388,8.98393408895146e-05,0.235108446276894,0.377541670970622,0.348471822466957,2,2,150,0.441315540583741,-0.0344845419177708,17,2.45475886590836,1,17.1151369773,2771,0.2,0,15,"both",0.441315540583741,-0.0344845419177708
"2447","session2",9.31949921960393,33.6020255118427,3.10650738608388,8.98393408895146e-05,0.235108446276894,0.377541670970622,0.348471822466957,2,2,150,0.441315540583741,-0.0344845419177708,17,4.39664140866136,1,15.070062452,2771,0.2,0,15,"both",0.441315540583741,-0.0344845419177708
"2448","session2",9.31949921960393,33.6020255118427,3.10650738608388,8.98393408895146e-05,0.235108446276894,0.377541670970622,0.348471822466957,2,2,150,0.441315540583741,-0.0344845419177708,17,2.76746244957839,0,-12.8813,2771,0.2,0,15,"both",0.441315540583741,-0.0344845419177708
"2449","session2",9.31949921960393,33.6020255118427,3.10650738608388,8.98393408895146e-05,0.235108446276894,0.377541670970622,0.348471822466957,2,2,150,0.441315540583741,-0.0344845419177708,17,6.31526074761578,0,7.86629,2771,0.2,0,15,"both",0.441315540583741,-0.0344845419177708
"2450","session2",9.31949921960393,33.6020255118427,3.10650738608388,8.98393408895146e-05,0.235108446276894,0.377541670970622,0.348471822466957,2,2,150,0.441315540583741,-0.0344845419177708,17,3.07093071692295,0,-3.6137,2771,0.2,0,15,"both",0.441315540583741,-0.0344845419177708
"2451","session2",9.31949921960393,33.6020255118427,3.10650738608388,8.98393408895146e-05,0.235108446276894,0.377541670970622,0.348471822466957,2,2,150,0.441315540583741,-0.0344845419177708,17,1.74235960179422,0,9.88122,2771,0.2,0,15,"both",0.441315540583741,-0.0344845419177708
"2452","session2",9.31949921960393,33.6020255118427,3.10650738608388,8.98393408895146e-05,0.235108446276894,0.377541670970622,0.348471822466957,2,2,150,0.441315540583741,-0.0344845419177708,17,2.41364116020187,0,-2.0505,2771,0.2,0,15,"both",0.441315540583741,-0.0344845419177708
"2453","session2",9.31949921960393,33.6020255118427,3.10650738608388,8.98393408895146e-05,0.235108446276894,0.377541670970622,0.348471822466957,2,2,150,0.441315540583741,-0.0344845419177708,17,2.96166881969701,0,-36.3237,2771,0.2,0,15,"both",0.441315540583741,-0.0344845419177708
"2454","session2",9.31949921960393,33.6020255118427,3.10650738608388,8.98393408895146e-05,0.235108446276894,0.377541670970622,0.348471822466957,2,2,150,0.441315540583741,-0.0344845419177708,17,2.30799636613676,1,16.8611188508,2771,0.2,0,15,"both",0.441315540583741,-0.0344845419177708
"2455","session2",9.31949921960393,33.6020255118427,3.10650738608388,8.98393408895146e-05,0.235108446276894,0.377541670970622,0.348471822466957,2,2,150,0.441315540583741,-0.0344845419177708,17,3.00816327897327,0,1.4271,2771,0.2,0,15,"both",0.441315540583741,-0.0344845419177708
"2456","session2",9.31949921960393,33.6020255118427,3.10650738608388,8.98393408895146e-05,0.235108446276894,0.377541670970622,0.348471822466957,2,2,150,0.441315540583741,-0.0344845419177708,17,2.04140403903475,0,-12.4304,2771,0.2,0,15,"both",0.441315540583741,-0.0344845419177708
"2457","session2",9.31949921960393,33.6020255118427,3.10650738608388,8.98393408895146e-05,0.235108446276894,0.377541670970622,0.348471822466957,2,2,150,0.441315540583741,-0.0344845419177708,17,1.39460940161761,0,12.91926,2771,0.2,0,15,"both",0.441315540583741,-0.0344845419177708
"2458","session2",9.31949921960393,33.6020255118427,3.10650738608388,8.98393408895146e-05,0.235108446276894,0.377541670970622,0.348471822466957,2,2,150,0.441315540583741,-0.0344845419177708,17,2.71048611700289,0,17.95192209,2771,0.2,0,15,"both",0.441315540583741,-0.0344845419177708
"2459","session2",9.31949921960393,33.6020255118427,3.10650738608388,8.98393408895146e-05,0.235108446276894,0.377541670970622,0.348471822466957,2,2,150,0.441315540583741,-0.0344845419177708,17,5.79117988483271,1,12.5073,2771,0.2,0,15,"both",0.441315540583741,-0.0344845419177708
"2460","session2",9.31949921960393,33.6020255118427,3.10650738608388,8.98393408895146e-05,0.235108446276894,0.377541670970622,0.348471822466957,2,2,150,0.441315540583741,-0.0344845419177708,17,2.87214190277897,1,17.41917631,2771,0.2,0,15,"both",0.441315540583741,-0.0344845419177708
"2461","session2",9.31949921960393,33.6020255118427,3.10650738608388,8.98393408895146e-05,0.235108446276894,0.377541670970622,0.348471822466957,2,2,150,0.441315540583741,-0.0344845419177708,17,1.63889537067071,1,46.6258,2771,0.2,0,15,"both",0.441315540583741,-0.0344845419177708
"2462","session2",9.31949921960393,33.6020255118427,3.10650738608388,8.98393408895146e-05,0.235108446276894,0.377541670970622,0.348471822466957,2,2,150,0.441315540583741,-0.0344845419177708,17,1.88523406892951,0,24.94564,2771,0.2,0,15,"both",0.441315540583741,-0.0344845419177708
"2463","session2",9.31949921960393,33.6020255118427,3.10650738608388,8.98393408895146e-05,0.235108446276894,0.377541670970622,0.348471822466957,2,2,150,0.441315540583741,-0.0344845419177708,17,2.74493055583231,0,-4.5674,2771,0.2,0,15,"both",0.441315540583741,-0.0344845419177708
"2464","session2",9.31949921960393,33.6020255118427,3.10650738608388,8.98393408895146e-05,0.235108446276894,0.377541670970622,0.348471822466957,2,2,150,0.441315540583741,-0.0344845419177708,17,5.9828076266881,0,-9.5866,2771,0.2,0,15,"both",0.441315540583741,-0.0344845419177708
"2465","session2",9.31949921960393,33.6020255118427,3.10650738608388,8.98393408895146e-05,0.235108446276894,0.377541670970622,0.348471822466957,2,2,150,0.441315540583741,-0.0344845419177708,17,2.90199871656107,0,-4.4112,2771,0.2,0,15,"both",0.441315540583741,-0.0344845419177708
"2466","session2",9.31949921960393,33.6020255118427,3.10650738608388,8.98393408895146e-05,0.235108446276894,0.377541670970622,0.348471822466957,2,2,150,0.441315540583741,-0.0344845419177708,17,3.64255916199007,1,44.6365,2771,0.2,0,15,"both",0.441315540583741,-0.0344845419177708
"2467","session2",9.31949921960393,33.6020255118427,3.10650738608388,8.98393408895146e-05,0.235108446276894,0.377541670970622,0.348471822466957,2,2,150,0.441315540583741,-0.0344845419177708,17,2.49699623258012,0,-25.4836,2771,0.2,0,15,"both",0.441315540583741,-0.0344845419177708
"2468","session2",9.31949921960393,33.6020255118427,3.10650738608388,8.98393408895146e-05,0.235108446276894,0.377541670970622,0.348471822466957,2,2,150,0.441315540583741,-0.0344845419177708,17,1.93611965092285,0,33.051,2771,0.2,0,15,"both",0.441315540583741,-0.0344845419177708
"2469","session2",9.31949921960393,33.6020255118427,3.10650738608388,8.98393408895146e-05,0.235108446276894,0.377541670970622,0.348471822466957,2,2,150,0.441315540583741,-0.0344845419177708,17,4.29375146525738,0,28.3771,2771,0.2,0,15,"both",0.441315540583741,-0.0344845419177708
"2470","session2",9.31949921960393,33.6020255118427,3.10650738608388,8.98393408895146e-05,0.235108446276894,0.377541670970622,0.348471822466957,2,2,150,0.441315540583741,-0.0344845419177708,17,2.08320308544284,1,19.74078961,2771,0.2,0,15,"both",0.441315540583741,-0.0344845419177708
"2471","session2",9.31949921960393,33.6020255118427,3.10650738608388,8.98393408895146e-05,0.235108446276894,0.377541670970622,0.348471822466957,2,2,150,0.441315540583741,-0.0344845419177708,17,2.90388085037977,1,32.314,2771,0.2,0,15,"both",0.441315540583741,-0.0344845419177708
"2472","session2",9.31949921960393,33.6020255118427,3.10650738608388,8.98393408895146e-05,0.235108446276894,0.377541670970622,0.348471822466957,2,2,150,0.441315540583741,-0.0344845419177708,17,2.5942934552973,0,-4.8763,2771,0.2,0,15,"both",0.441315540583741,-0.0344845419177708
"2473","session2",9.31949921960393,33.6020255118427,3.10650738608388,8.98393408895146e-05,0.235108446276894,0.377541670970622,0.348471822466957,2,2,150,0.441315540583741,-0.0344845419177708,17,3.63795670656705,1,4.3908,2771,0.2,0,15,"both",0.441315540583741,-0.0344845419177708
"2474","session2",9.31949921960393,33.6020255118427,3.10650738608388,8.98393408895146e-05,0.235108446276894,0.377541670970622,0.348471822466957,2,2,150,0.441315540583741,-0.0344845419177708,17,3.67354282458038,0,-5.8967,2771,0.2,0,15,"both",0.441315540583741,-0.0344845419177708
"2475","session2",9.31949921960393,33.6020255118427,3.10650738608388,8.98393408895146e-05,0.235108446276894,0.377541670970622,0.348471822466957,2,2,150,0.441315540583741,-0.0344845419177708,17,2.06855253917923,1,36.6546,2771,0.2,0,15,"both",0.441315540583741,-0.0344845419177708
"2476","session2",9.31949921960393,33.6020255118427,3.10650738608388,8.98393408895146e-05,0.235108446276894,0.377541670970622,0.348471822466957,2,2,150,0.441315540583741,-0.0344845419177708,17,2.07229139928252,0,31.38731,2771,0.2,0,15,"both",0.441315540583741,-0.0344845419177708
"2477","session2",9.31949921960393,33.6020255118427,3.10650738608388,8.98393408895146e-05,0.235108446276894,0.377541670970622,0.348471822466957,2,2,150,0.441315540583741,-0.0344845419177708,17,1.87456805850833,1,43.8559,2771,0.2,0,15,"both",0.441315540583741,-0.0344845419177708
"2478","session2",9.31949921960393,33.6020255118427,3.10650738608388,8.98393408895146e-05,0.235108446276894,0.377541670970622,0.348471822466957,2,2,150,0.441315540583741,-0.0344845419177708,17,4.37173075314387,1,1.5863,2771,0.2,0,15,"both",0.441315540583741,-0.0344845419177708
"2479","session2",9.31949921960393,33.6020255118427,3.10650738608388,8.98393408895146e-05,0.235108446276894,0.377541670970622,0.348471822466957,2,2,150,0.441315540583741,-0.0344845419177708,17,2.68725505211733,1,36.3105,2771,0.2,0,15,"both",0.441315540583741,-0.0344845419177708
"2480","session2",9.31949921960393,33.6020255118427,3.10650738608388,8.98393408895146e-05,0.235108446276894,0.377541670970622,0.348471822466957,2,2,150,0.441315540583741,-0.0344845419177708,17,2.2793311953791,0,-24.532,2771,0.2,0,15,"both",0.441315540583741,-0.0344845419177708
"2481","session2",9.31949921960393,33.6020255118427,3.10650738608388,8.98393408895146e-05,0.235108446276894,0.377541670970622,0.348471822466957,2,2,150,0.441315540583741,-0.0344845419177708,17,2.20854496433665,1,41.4321,2771,0.2,0,15,"both",0.441315540583741,-0.0344845419177708
"2482","session2",9.31949921960393,33.6020255118427,3.10650738608388,8.98393408895146e-05,0.235108446276894,0.377541670970622,0.348471822466957,2,2,150,0.441315540583741,-0.0344845419177708,17,2.68525972579577,0,35.0535,2771,0.2,0,15,"both",0.441315540583741,-0.0344845419177708
"2483","session2",9.31949921960393,33.6020255118427,3.10650738608388,8.98393408895146e-05,0.235108446276894,0.377541670970622,0.348471822466957,2,2,150,0.441315540583741,-0.0344845419177708,17,3.97542224546062,1,48.4559,2771,0.2,0,15,"both",0.441315540583741,-0.0344845419177708
"2484","session2",9.31949921960393,33.6020255118427,3.10650738608388,8.98393408895146e-05,0.235108446276894,0.377541670970622,0.348471822466957,2,2,150,0.441315540583741,-0.0344845419177708,17,5.16527339005996,0,-12.1949,2771,0.2,0,15,"both",0.441315540583741,-0.0344845419177708
"2485","session2",9.31949921960393,33.6020255118427,3.10650738608388,8.98393408895146e-05,0.235108446276894,0.377541670970622,0.348471822466957,2,2,150,0.441315540583741,-0.0344845419177708,17,2.77944655703474,1,-6.8985,2771,0.2,0,15,"both",0.441315540583741,-0.0344845419177708
"2486","session2",9.31949921960393,33.6020255118427,3.10650738608388,8.98393408895146e-05,0.235108446276894,0.377541670970622,0.348471822466957,2,2,150,0.441315540583741,-0.0344845419177708,17,3.03788550722788,0,-7.5155,2771,0.2,0,15,"both",0.441315540583741,-0.0344845419177708
"2487","session2",9.31949921960393,33.6020255118427,3.10650738608388,8.98393408895146e-05,0.235108446276894,0.377541670970622,0.348471822466957,2,2,150,0.441315540583741,-0.0344845419177708,17,2.93899580105464,0,-8.4755,2771,0.2,0,15,"both",0.441315540583741,-0.0344845419177708
"2488","session2",9.31949921960393,33.6020255118427,3.10650738608388,8.98393408895146e-05,0.235108446276894,0.377541670970622,0.348471822466957,2,2,150,0.441315540583741,-0.0344845419177708,17,3.17719260969978,0,-4.4819,2771,0.2,0,15,"both",0.441315540583741,-0.0344845419177708
"2489","session2",9.31949921960393,33.6020255118427,3.10650738608388,8.98393408895146e-05,0.235108446276894,0.377541670970622,0.348471822466957,2,2,150,0.441315540583741,-0.0344845419177708,17,1.47412329275822,1,38.6156,2771,0.2,0,15,"both",0.441315540583741,-0.0344845419177708
"2490","session2",9.31949921960393,33.6020255118427,3.10650738608388,8.98393408895146e-05,0.235108446276894,0.377541670970622,0.348471822466957,2,2,150,0.441315540583741,-0.0344845419177708,17,2.0963805065607,1,-3.2665,2771,0.2,0,15,"both",0.441315540583741,-0.0344845419177708
"2491","session2",9.31949921960393,33.6020255118427,3.10650738608388,8.98393408895146e-05,0.235108446276894,0.377541670970622,0.348471822466957,2,2,150,0.441315540583741,-0.0344845419177708,17,2.43455873252124,1,49.9248,2771,0.2,0,15,"both",0.441315540583741,-0.0344845419177708
"2492","session2",9.31949921960393,33.6020255118427,3.10650738608388,8.98393408895146e-05,0.235108446276894,0.377541670970622,0.348471822466957,2,2,150,0.441315540583741,-0.0344845419177708,17,2.6756015661758,1,40.3146,2771,0.2,0,15,"both",0.441315540583741,-0.0344845419177708
"2493","session2",9.31949921960393,33.6020255118427,3.10650738608388,8.98393408895146e-05,0.235108446276894,0.377541670970622,0.348471822466957,2,2,150,0.441315540583741,-0.0344845419177708,17,3.44095526415295,0,-13.0429,2771,0.2,0,15,"both",0.441315540583741,-0.0344845419177708
"2494","session2",9.31949921960393,33.6020255118427,3.10650738608388,8.98393408895146e-05,0.235108446276894,0.377541670970622,0.348471822466957,2,2,150,0.441315540583741,-0.0344845419177708,17,1.69246247890326,0,46.7461,2771,0.2,0,15,"both",0.441315540583741,-0.0344845419177708
"2495","session2",9.31949921960393,33.6020255118427,3.10650738608388,8.98393408895146e-05,0.235108446276894,0.377541670970622,0.348471822466957,2,2,150,0.441315540583741,-0.0344845419177708,17,3.89751773624803,1,17.73422311,2771,0.2,0,15,"both",0.441315540583741,-0.0344845419177708
"2496","session2",9.31949921960393,33.6020255118427,3.10650738608388,8.98393408895146e-05,0.235108446276894,0.377541670970622,0.348471822466957,2,2,150,0.441315540583741,-0.0344845419177708,17,2.85601781700341,0,-15.0786,2771,0.2,0,15,"both",0.441315540583741,-0.0344845419177708
"2497","session2",9.31949921960393,33.6020255118427,3.10650738608388,8.98393408895146e-05,0.235108446276894,0.377541670970622,0.348471822466957,2,2,150,0.441315540583741,-0.0344845419177708,17,5.15971684596089,0,17.10574446,2771,0.2,0,15,"both",0.441315540583741,-0.0344845419177708
"2498","session2",9.31949921960393,33.6020255118427,3.10650738608388,8.98393408895146e-05,0.235108446276894,0.377541670970622,0.348471822466957,2,2,150,0.441315540583741,-0.0344845419177708,17,4.18390586968266,0,-0.994500000000002,2771,0.2,0,15,"both",0.441315540583741,-0.0344845419177708
"2499","session2",9.31949921960393,33.6020255118427,3.10650738608388,8.98393408895146e-05,0.235108446276894,0.377541670970622,0.348471822466957,2,2,150,0.441315540583741,-0.0344845419177708,17,3.28027504760757,1,47.7356,2771,0.2,0,15,"both",0.441315540583741,-0.0344845419177708
"2500","session2",9.31949921960393,33.6020255118427,3.10650738608388,8.98393408895146e-05,0.235108446276894,0.377541670970622,0.348471822466957,2,2,150,0.441315540583741,-0.0344845419177708,17,3.09472369575193,1,17.950198188,2771,0.2,0,15,"both",0.441315540583741,-0.0344845419177708
"2501","session2",9.31949921960393,33.6020255118427,3.10650738608388,8.98393408895146e-05,0.235108446276894,0.377541670970622,0.348471822466957,2,2,150,0.441315540583741,-0.0344845419177708,17,1.70455256125051,0,-23.4549,2771,0.2,0,15,"both",0.441315540583741,-0.0344845419177708
"2502","session2",9.31949921960393,33.6020255118427,3.10650738608388,8.98393408895146e-05,0.235108446276894,0.377541670970622,0.348471822466957,2,2,150,0.441315540583741,-0.0344845419177708,17,1.49703488382315,1,48.8602,2771,0.2,0,15,"both",0.441315540583741,-0.0344845419177708
"2503","session2",9.31949921960393,33.6020255118427,3.10650738608388,8.98393408895146e-05,0.235108446276894,0.377541670970622,0.348471822466957,2,2,150,0.441315540583741,-0.0344845419177708,17,1.90459688368232,1,0.232500000000002,2771,0.2,0,15,"both",0.441315540583741,-0.0344845419177708
"2504","session2",9.31949921960393,33.6020255118427,3.10650738608388,8.98393408895146e-05,0.235108446276894,0.377541670970622,0.348471822466957,2,2,150,0.441315540583741,-0.0344845419177708,17,3.46393614378421,0,-23.08791,2771,0.2,0,15,"both",0.441315540583741,-0.0344845419177708
"2505","session2",9.31949921960393,33.6020255118427,3.10650738608388,8.98393408895146e-05,0.235108446276894,0.377541670970622,0.348471822466957,2,2,150,0.441315540583741,-0.0344845419177708,17,2.87801289558458,0,-12.117,2771,0.2,0,15,"both",0.441315540583741,-0.0344845419177708
"2506","session2",9.31949921960393,33.6020255118427,3.10650738608388,8.98393408895146e-05,0.235108446276894,0.377541670970622,0.348471822466957,2,2,150,0.441315540583741,-0.0344845419177708,17,2.26784784081198,1,43.307,2771,0.2,0,15,"both",0.441315540583741,-0.0344845419177708
"2507","session2",9.31949921960393,33.6020255118427,3.10650738608388,8.98393408895146e-05,0.235108446276894,0.377541670970622,0.348471822466957,2,2,150,0.441315540583741,-0.0344845419177708,17,1.72602396339949,1,49.5494,2771,0.2,0,15,"both",0.441315540583741,-0.0344845419177708
"2508","session2",9.31949921960393,33.6020255118427,3.10650738608388,8.98393408895146e-05,0.235108446276894,0.377541670970622,0.348471822466957,2,2,150,0.441315540583741,-0.0344845419177708,17,1.93228721811357,1,-11.546,2771,0.2,0,15,"both",0.441315540583741,-0.0344845419177708
"2509","session2",9.31949921960393,33.6020255118427,3.10650738608388,8.98393408895146e-05,0.235108446276894,0.377541670970622,0.348471822466957,2,2,150,0.441315540583741,-0.0344845419177708,17,2.74220236036735,0,-5.5792,2771,0.2,0,15,"both",0.441315540583741,-0.0344845419177708
"2510","session2",9.31949921960393,33.6020255118427,3.10650738608388,8.98393408895146e-05,0.235108446276894,0.377541670970622,0.348471822466957,2,2,150,0.441315540583741,-0.0344845419177708,17,4.93330381387707,0,31.7368,2771,0.2,0,15,"both",0.441315540583741,-0.0344845419177708
"2511","session2",9.31949921960393,33.6020255118427,3.10650738608388,8.98393408895146e-05,0.235108446276894,0.377541670970622,0.348471822466957,2,2,150,0.441315540583741,-0.0344845419177708,17,1.96891006383937,0,-21.5277,2771,0.2,0,15,"both",0.441315540583741,-0.0344845419177708
"2512","session2",9.31949921960393,33.6020255118427,3.10650738608388,8.98393408895146e-05,0.235108446276894,0.377541670970622,0.348471822466957,2,2,150,0.441315540583741,-0.0344845419177708,17,1.90113035659982,1,47.7736,2771,0.2,0,15,"both",0.441315540583741,-0.0344845419177708
"2513","session2",9.31949921960393,33.6020255118427,3.10650738608388,8.98393408895146e-05,0.235108446276894,0.377541670970622,0.348471822466957,2,2,150,0.441315540583741,-0.0344845419177708,17,3.07012407159885,1,37.7441,2771,0.2,0,15,"both",0.441315540583741,-0.0344845419177708
"2514","session2",9.31949921960393,33.6020255118427,3.10650738608388,8.98393408895146e-05,0.235108446276894,0.377541670970622,0.348471822466957,2,2,150,0.441315540583741,-0.0344845419177708,17,1.96033883646662,0,-18.2221,2771,0.2,0,15,"both",0.441315540583741,-0.0344845419177708
"2515","session2",9.31949921960393,33.6020255118427,3.10650738608388,8.98393408895146e-05,0.235108446276894,0.377541670970622,0.348471822466957,2,2,150,0.441315540583741,-0.0344845419177708,17,3.22303358948515,1,16.67655517,2771,0.2,0,15,"both",0.441315540583741,-0.0344845419177708
"2516","session2",9.31949921960393,33.6020255118427,3.10650738608388,8.98393408895146e-05,0.235108446276894,0.377541670970622,0.348471822466957,2,2,150,0.441315540583741,-0.0344845419177708,17,3.58239535257564,0,31.5623,2771,0.2,0,15,"both",0.441315540583741,-0.0344845419177708
"2517","session2",9.31949921960393,33.6020255118427,3.10650738608388,8.98393408895146e-05,0.235108446276894,0.377541670970622,0.348471822466957,2,2,150,0.441315540583741,-0.0344845419177708,17,2.22366377928249,1,40.9064,2771,0.2,0,15,"both",0.441315540583741,-0.0344845419177708
"2518","session2",9.31949921960393,33.6020255118427,3.10650738608388,8.98393408895146e-05,0.235108446276894,0.377541670970622,0.348471822466957,2,2,150,0.441315540583741,-0.0344845419177708,17,2.77259899994959,0,-10.293,2771,0.2,0,15,"both",0.441315540583741,-0.0344845419177708
"2519","session2",9.31949921960393,33.6020255118427,3.10650738608388,8.98393408895146e-05,0.235108446276894,0.377541670970622,0.348471822466957,2,2,150,0.441315540583741,-0.0344845419177708,17,2.79311524381364,1,36.9117,2771,0.2,0,15,"both",0.441315540583741,-0.0344845419177708
"2520","session2",9.31949921960393,33.6020255118427,3.10650738608388,8.98393408895146e-05,0.235108446276894,0.377541670970622,0.348471822466957,2,2,150,0.441315540583741,-0.0344845419177708,17,1.64719975350557,0,32.2766,2771,0.2,0,15,"both",0.441315540583741,-0.0344845419177708
"2521","session2",9.31949921960393,33.6020255118427,3.10650738608388,8.98393408895146e-05,0.235108446276894,0.377541670970622,0.348471822466957,2,2,150,0.441315540583741,-0.0344845419177708,17,1.67008782272748,0,41.4144,2771,0.2,0,15,"both",0.441315540583741,-0.0344845419177708
"2522","session2",9.31949921960393,33.6020255118427,3.10650738608388,8.98393408895146e-05,0.235108446276894,0.377541670970622,0.348471822466957,2,2,150,0.441315540583741,-0.0344845419177708,17,1.91692104874099,1,34.9066,2771,0.2,0,15,"both",0.441315540583741,-0.0344845419177708
"2523","session2",9.31949921960393,33.6020255118427,3.10650738608388,8.98393408895146e-05,0.235108446276894,0.377541670970622,0.348471822466957,2,2,150,0.441315540583741,-0.0344845419177708,17,2.40356676585741,0,17.76708758,2771,0.2,0,15,"both",0.441315540583741,-0.0344845419177708
"2524","session2",9.31949921960393,33.6020255118427,3.10650738608388,8.98393408895146e-05,0.235108446276894,0.377541670970622,0.348471822466957,2,2,150,0.441315540583741,-0.0344845419177708,17,2.69244174696861,0,-1.4073,2771,0.2,0,15,"both",0.441315540583741,-0.0344845419177708
"2525","session2",9.31949921960393,33.6020255118427,3.10650738608388,8.98393408895146e-05,0.235108446276894,0.377541670970622,0.348471822466957,2,2,150,0.441315540583741,-0.0344845419177708,17,3.64442220725923,1,18.20092011,2771,0.2,0,15,"both",0.441315540583741,-0.0344845419177708
"2526","session2",9.31949921960393,33.6020255118427,3.10650738608388,8.98393408895146e-05,0.235108446276894,0.377541670970622,0.348471822466957,2,2,150,0.441315540583741,-0.0344845419177708,17,2.73374790501492,1,-7.8624,2771,0.2,0,15,"both",0.441315540583741,-0.0344845419177708
"2527","session2",9.31949921960393,33.6020255118427,3.10650738608388,8.98393408895146e-05,0.235108446276894,0.377541670970622,0.348471822466957,2,2,150,0.441315540583741,-0.0344845419177708,17,2.02581607664907,0,40.1393,2771,0.2,0,15,"both",0.441315540583741,-0.0344845419177708
"2528","session2",9.31949921960393,33.6020255118427,3.10650738608388,8.98393408895146e-05,0.235108446276894,0.377541670970622,0.348471822466957,2,2,150,0.441315540583741,-0.0344845419177708,17,2.31581087965232,0,-16.1951,2771,0.2,0,15,"both",0.441315540583741,-0.0344845419177708
"2529","session2",9.31949921960393,33.6020255118427,3.10650738608388,8.98393408895146e-05,0.235108446276894,0.377541670970622,0.348471822466957,2,2,150,0.441315540583741,-0.0344845419177708,17,1.85992646787376,1,42.9748,2771,0.2,0,15,"both",0.441315540583741,-0.0344845419177708
"2530","session2",9.31949921960393,33.6020255118427,3.10650738608388,8.98393408895146e-05,0.235108446276894,0.377541670970622,0.348471822466957,2,2,150,0.441315540583741,-0.0344845419177708,17,4.83040439850508,0,-11.0709,2771,0.2,0,15,"both",0.441315540583741,-0.0344845419177708
"2531","session2",9.31949921960393,33.6020255118427,3.10650738608388,8.98393408895146e-05,0.235108446276894,0.377541670970622,0.348471822466957,2,2,150,0.441315540583741,-0.0344845419177708,17,6.72774972689657,1,48.6034,2771,0.2,0,15,"both",0.441315540583741,-0.0344845419177708
"2532","session2",9.31949921960393,33.6020255118427,3.10650738608388,8.98393408895146e-05,0.235108446276894,0.377541670970622,0.348471822466957,2,2,150,0.441315540583741,-0.0344845419177708,17,1.66276791232197,1,39.5206,2771,0.2,0,15,"both",0.441315540583741,-0.0344845419177708
"2533","session2",9.31949921960393,33.6020255118427,3.10650738608388,8.98393408895146e-05,0.235108446276894,0.377541670970622,0.348471822466957,2,2,150,0.441315540583741,-0.0344845419177708,17,2.57652258133307,1,43.6038,2771,0.2,0,15,"both",0.441315540583741,-0.0344845419177708
"2534","session2",9.31949921960393,33.6020255118427,3.10650738608388,8.98393408895146e-05,0.235108446276894,0.377541670970622,0.348471822466957,2,2,150,0.441315540583741,-0.0344845419177708,17,2.12584837547862,1,43.4929,2771,0.2,0,15,"both",0.441315540583741,-0.0344845419177708
"2535","session2",9.31949921960393,33.6020255118427,3.10650738608388,8.98393408895146e-05,0.235108446276894,0.377541670970622,0.348471822466957,2,2,150,0.441315540583741,-0.0344845419177708,17,1.57258911592758,1,45.0453,2771,0.2,0,15,"both",0.441315540583741,-0.0344845419177708
"2536","session2",9.31949921960393,33.6020255118427,3.10650738608388,8.98393408895146e-05,0.235108446276894,0.377541670970622,0.348471822466957,2,2,150,0.441315540583741,-0.0344845419177708,17,3.05352040343092,1,35.0921,2771,0.2,0,15,"both",0.441315540583741,-0.0344845419177708
"2537","session2",9.31949921960393,33.6020255118427,3.10650738608388,8.98393408895146e-05,0.235108446276894,0.377541670970622,0.348471822466957,2,2,150,0.441315540583741,-0.0344845419177708,17,2.35346642025995,1,38.0531,2771,0.2,0,15,"both",0.441315540583741,-0.0344845419177708
"2538","session2",9.31949921960393,33.6020255118427,3.10650738608388,8.98393408895146e-05,0.235108446276894,0.377541670970622,0.348471822466957,2,2,150,0.441315540583741,-0.0344845419177708,17,2.22669176410005,1,40.2225,2771,0.2,0,15,"both",0.441315540583741,-0.0344845419177708
"2539","session2",9.31949921960393,33.6020255118427,3.10650738608388,8.98393408895146e-05,0.235108446276894,0.377541670970622,0.348471822466957,2,2,150,0.441315540583741,-0.0344845419177708,17,2.64002850055749,1,-14.49228,2771,0.2,0,15,"both",0.441315540583741,-0.0344845419177708
"2540","session2",9.31949921960393,33.6020255118427,3.10650738608388,8.98393408895146e-05,0.235108446276894,0.377541670970622,0.348471822466957,2,2,150,0.441315540583741,-0.0344845419177708,17,1.86327554458577,0,-30.6503,2771,0.2,0,15,"both",0.441315540583741,-0.0344845419177708
"2541","session2",9.31949921960393,33.6020255118427,3.10650738608388,8.98393408895146e-05,0.235108446276894,0.377541670970622,0.348471822466957,2,2,150,0.441315540583741,-0.0344845419177708,17,2.20225080614149,0,37.003,2771,0.2,0,15,"both",0.441315540583741,-0.0344845419177708
"2542","session2",9.31949921960393,33.6020255118427,3.10650738608388,8.98393408895146e-05,0.235108446276894,0.377541670970622,0.348471822466957,2,2,150,0.441315540583741,-0.0344845419177708,17,1.94535227855569,1,44.424,2771,0.2,0,15,"both",0.441315540583741,-0.0344845419177708
"2543","session2",9.31949921960393,33.6020255118427,3.10650738608388,8.98393408895146e-05,0.235108446276894,0.377541670970622,0.348471822466957,2,2,150,0.441315540583741,-0.0344845419177708,17,3.11890214255479,1,1.2046,2771,0.2,0,15,"both",0.441315540583741,-0.0344845419177708
"2544","session2",9.31949921960393,33.6020255118427,3.10650738608388,8.98393408895146e-05,0.235108446276894,0.377541670970622,0.348471822466957,2,2,150,0.441315540583741,-0.0344845419177708,17,1.96195201749078,1,35.9795,2771,0.2,0,15,"both",0.441315540583741,-0.0344845419177708
"2545","session2",9.31949921960393,33.6020255118427,3.10650738608388,8.98393408895146e-05,0.235108446276894,0.377541670970622,0.348471822466957,2,2,150,0.441315540583741,-0.0344845419177708,17,1.33131385714324,0,-17.2893,2771,0.2,0,15,"both",0.441315540583741,-0.0344845419177708
"2546","session2",9.31949921960393,33.6020255118427,3.10650738608388,8.98393408895146e-05,0.235108446276894,0.377541670970622,0.348471822466957,2,2,150,0.441315540583741,-0.0344845419177708,17,2.4257659594178,0,36.0319,2771,0.2,0,15,"both",0.441315540583741,-0.0344845419177708
"2547","session2",9.31949921960393,33.6020255118427,3.10650738608388,8.98393408895146e-05,0.235108446276894,0.377541670970622,0.348471822466957,2,2,150,0.441315540583741,-0.0344845419177708,17,3.31137815470959,0,-2.9234,2771,0.2,0,15,"both",0.441315540583741,-0.0344845419177708
"2548","session2",9.31949921960393,33.6020255118427,3.10650738608388,8.98393408895146e-05,0.235108446276894,0.377541670970622,0.348471822466957,2,2,150,0.441315540583741,-0.0344845419177708,17,2.20416370023716,1,1.2291,2771,0.2,0,15,"both",0.441315540583741,-0.0344845419177708
"2549","session2",9.31949921960393,33.6020255118427,3.10650738608388,8.98393408895146e-05,0.235108446276894,0.377541670970622,0.348471822466957,2,2,150,0.441315540583741,-0.0344845419177708,17,1.70767017748447,0,-20.6895,2771,0.2,0,15,"both",0.441315540583741,-0.0344845419177708
"2550","session2",9.31949921960393,33.6020255118427,3.10650738608388,8.98393408895146e-05,0.235108446276894,0.377541670970622,0.348471822466957,2,2,150,0.441315540583741,-0.0344845419177708,17,0.997437528004317,1,43.7746,2771,0.2,0,15,"both",0.441315540583741,-0.0344845419177708
"2551","session2",19.7919314589532,7.56421146562894,4.34593238261883,0.000673420795551256,-0.098616880660084,0.464199025422503,0.628515750371499,3,2,150,0.441315540583741,-0.0344845419177708,18,2.08968699850838,0,7.2854136278,2771,0.2,0,15,"both",0.441315540583741,-0.0344845419177708
"2552","session2",19.7919314589532,7.56421146562894,4.34593238261883,0.000673420795551256,-0.098616880660084,0.464199025422503,0.628515750371499,3,2,150,0.441315540583741,-0.0344845419177708,18,3.60848629914382,0,9.538664239,2771,0.2,0,15,"both",0.441315540583741,-0.0344845419177708
"2553","session2",19.7919314589532,7.56421146562894,4.34593238261883,0.000673420795551256,-0.098616880660084,0.464199025422503,0.628515750371499,3,2,150,0.441315540583741,-0.0344845419177708,18,4.00661905948037,1,16.598332836,2771,0.2,0,15,"both",0.441315540583741,-0.0344845419177708
"2554","session2",19.7919314589532,7.56421146562894,4.34593238261883,0.000673420795551256,-0.098616880660084,0.464199025422503,0.628515750371499,3,2,150,0.441315540583741,-0.0344845419177708,18,2.33004639281671,0,12.429813124,2771,0.2,0,15,"both",0.441315540583741,-0.0344845419177708
"2555","session2",19.7919314589532,7.56421146562894,4.34593238261883,0.000673420795551256,-0.098616880660084,0.464199025422503,0.628515750371499,3,2,150,0.441315540583741,-0.0344845419177708,18,4.87631078461052,1,21.64099,2771,0.2,0,15,"both",0.441315540583741,-0.0344845419177708
"2556","session2",19.7919314589532,7.56421146562894,4.34593238261883,0.000673420795551256,-0.098616880660084,0.464199025422503,0.628515750371499,3,2,150,0.441315540583741,-0.0344845419177708,18,2.59968343548791,0,13.59458,2771,0.2,0,15,"both",0.441315540583741,-0.0344845419177708
"2557","session2",19.7919314589532,7.56421146562894,4.34593238261883,0.000673420795551256,-0.098616880660084,0.464199025422503,0.628515750371499,3,2,150,0.441315540583741,-0.0344845419177708,18,2.33188153603902,1,24.76963,2771,0.2,0,15,"both",0.441315540583741,-0.0344845419177708
"2558","session2",19.7919314589532,7.56421146562894,4.34593238261883,0.000673420795551256,-0.098616880660084,0.464199025422503,0.628515750371499,3,2,150,0.441315540583741,-0.0344845419177708,18,1.45675518790693,0,0.819000000000001,2771,0.2,0,15,"both",0.441315540583741,-0.0344845419177708
"2559","session2",19.7919314589532,7.56421146562894,4.34593238261883,0.000673420795551256,-0.098616880660084,0.464199025422503,0.628515750371499,3,2,150,0.441315540583741,-0.0344845419177708,18,5.22150114924147,1,20.32876,2771,0.2,0,15,"both",0.441315540583741,-0.0344845419177708
"2560","session2",19.7919314589532,7.56421146562894,4.34593238261883,0.000673420795551256,-0.098616880660084,0.464199025422503,0.628515750371499,3,2,150,0.441315540583741,-0.0344845419177708,18,3.1599467493388,0,20.71504,2771,0.2,0,15,"both",0.441315540583741,-0.0344845419177708
"2561","session2",19.7919314589532,7.56421146562894,4.34593238261883,0.000673420795551256,-0.098616880660084,0.464199025422503,0.628515750371499,3,2,150,0.441315540583741,-0.0344845419177708,18,2.17285244971491,0,16.00269,2771,0.2,0,15,"both",0.441315540583741,-0.0344845419177708
"2562","session2",19.7919314589532,7.56421146562894,4.34593238261883,0.000673420795551256,-0.098616880660084,0.464199025422503,0.628515750371499,3,2,150,0.441315540583741,-0.0344845419177708,18,2.35170818274559,0,12.0961,2771,0.2,0,15,"both",0.441315540583741,-0.0344845419177708
"2563","session2",19.7919314589532,7.56421146562894,4.34593238261883,0.000673420795551256,-0.098616880660084,0.464199025422503,0.628515750371499,3,2,150,0.441315540583741,-0.0344845419177708,18,2.90872441257916,1,27.04897,2771,0.2,0,15,"both",0.441315540583741,-0.0344845419177708
"2564","session2",19.7919314589532,7.56421146562894,4.34593238261883,0.000673420795551256,-0.098616880660084,0.464199025422503,0.628515750371499,3,2,150,0.441315540583741,-0.0344845419177708,18,3.42681440498829,0,17.27605,2771,0.2,0,15,"both",0.441315540583741,-0.0344845419177708
"2565","session2",19.7919314589532,7.56421146562894,4.34593238261883,0.000673420795551256,-0.098616880660084,0.464199025422503,0.628515750371499,3,2,150,0.441315540583741,-0.0344845419177708,18,2.39222707849686,0,15.79262,2771,0.2,0,15,"both",0.441315540583741,-0.0344845419177708
"2566","session2",19.7919314589532,7.56421146562894,4.34593238261883,0.000673420795551256,-0.098616880660084,0.464199025422503,0.628515750371499,3,2,150,0.441315540583741,-0.0344845419177708,18,3.0845635294646,0,9.62632,2771,0.2,0,15,"both",0.441315540583741,-0.0344845419177708
"2567","session2",19.7919314589532,7.56421146562894,4.34593238261883,0.000673420795551256,-0.098616880660084,0.464199025422503,0.628515750371499,3,2,150,0.441315540583741,-0.0344845419177708,18,2.63645299550083,0,16.70044,2771,0.2,0,15,"both",0.441315540583741,-0.0344845419177708
"2568","session2",19.7919314589532,7.56421146562894,4.34593238261883,0.000673420795551256,-0.098616880660084,0.464199025422503,0.628515750371499,3,2,150,0.441315540583741,-0.0344845419177708,18,3.49889132114496,1,23.51134,2771,0.2,0,15,"both",0.441315540583741,-0.0344845419177708
"2569","session2",19.7919314589532,7.56421146562894,4.34593238261883,0.000673420795551256,-0.098616880660084,0.464199025422503,0.628515750371499,3,2,150,0.441315540583741,-0.0344845419177708,18,1.59709558019343,0,25.70622,2771,0.2,0,15,"both",0.441315540583741,-0.0344845419177708
"2570","session2",19.7919314589532,7.56421146562894,4.34593238261883,0.000673420795551256,-0.098616880660084,0.464199025422503,0.628515750371499,3,2,150,0.441315540583741,-0.0344845419177708,18,3.1097234371487,0,15.3766,2771,0.2,0,15,"both",0.441315540583741,-0.0344845419177708
"2571","session2",19.7919314589532,7.56421146562894,4.34593238261883,0.000673420795551256,-0.098616880660084,0.464199025422503,0.628515750371499,3,2,150,0.441315540583741,-0.0344845419177708,18,3.35938003855838,1,27.83571,2771,0.2,0,15,"both",0.441315540583741,-0.0344845419177708
"2572","session2",19.7919314589532,7.56421146562894,4.34593238261883,0.000673420795551256,-0.098616880660084,0.464199025422503,0.628515750371499,3,2,150,0.441315540583741,-0.0344845419177708,18,1.87143939400391,0,23.59234,2771,0.2,0,15,"both",0.441315540583741,-0.0344845419177708
"2573","session2",19.7919314589532,7.56421146562894,4.34593238261883,0.000673420795551256,-0.098616880660084,0.464199025422503,0.628515750371499,3,2,150,0.441315540583741,-0.0344845419177708,18,1.32537686365302,0,8.7891,2771,0.2,0,15,"both",0.441315540583741,-0.0344845419177708
"2574","session2",19.7919314589532,7.56421146562894,4.34593238261883,0.000673420795551256,-0.098616880660084,0.464199025422503,0.628515750371499,3,2,150,0.441315540583741,-0.0344845419177708,18,1.11535599892903,0,4.4299,2771,0.2,0,15,"both",0.441315540583741,-0.0344845419177708
"2575","session2",19.7919314589532,7.56421146562894,4.34593238261883,0.000673420795551256,-0.098616880660084,0.464199025422503,0.628515750371499,3,2,150,0.441315540583741,-0.0344845419177708,18,2.33620716871192,1,31.129,2771,0.2,0,15,"both",0.441315540583741,-0.0344845419177708
"2576","session2",19.7919314589532,7.56421146562894,4.34593238261883,0.000673420795551256,-0.098616880660084,0.464199025422503,0.628515750371499,3,2,150,0.441315540583741,-0.0344845419177708,18,2.94779238109665,1,19.52107,2771,0.2,0,15,"both",0.441315540583741,-0.0344845419177708
"2577","session2",19.7919314589532,7.56421146562894,4.34593238261883,0.000673420795551256,-0.098616880660084,0.464199025422503,0.628515750371499,3,2,150,0.441315540583741,-0.0344845419177708,18,2.00884579015244,0,8.01911,2771,0.2,0,15,"both",0.441315540583741,-0.0344845419177708
"2578","session2",19.7919314589532,7.56421146562894,4.34593238261883,0.000673420795551256,-0.098616880660084,0.464199025422503,0.628515750371499,3,2,150,0.441315540583741,-0.0344845419177708,18,6.68225001590684,1,15.46641,2771,0.2,0,15,"both",0.441315540583741,-0.0344845419177708
"2579","session2",19.7919314589532,7.56421146562894,4.34593238261883,0.000673420795551256,-0.098616880660084,0.464199025422503,0.628515750371499,3,2,150,0.441315540583741,-0.0344845419177708,18,2.14805437786853,1,25.27794,2771,0.2,0,15,"both",0.441315540583741,-0.0344845419177708
"2580","session2",19.7919314589532,7.56421146562894,4.34593238261883,0.000673420795551256,-0.098616880660084,0.464199025422503,0.628515750371499,3,2,150,0.441315540583741,-0.0344845419177708,18,2.54035603813842,0,15.60669,2771,0.2,0,15,"both",0.441315540583741,-0.0344845419177708
"2581","session2",19.7919314589532,7.56421146562894,4.34593238261883,0.000673420795551256,-0.098616880660084,0.464199025422503,0.628515750371499,3,2,150,0.441315540583741,-0.0344845419177708,18,1.80341711459073,1,23.97687,2771,0.2,0,15,"both",0.441315540583741,-0.0344845419177708
"2582","session2",19.7919314589532,7.56421146562894,4.34593238261883,0.000673420795551256,-0.098616880660084,0.464199025422503,0.628515750371499,3,2,150,0.441315540583741,-0.0344845419177708,18,3.34328162868418,1,27.84376,2771,0.2,0,15,"both",0.441315540583741,-0.0344845419177708
"2583","session2",19.7919314589532,7.56421146562894,4.34593238261883,0.000673420795551256,-0.098616880660084,0.464199025422503,0.628515750371499,3,2,150,0.441315540583741,-0.0344845419177708,18,1.68576335102685,0,13.55467,2771,0.2,0,15,"both",0.441315540583741,-0.0344845419177708
"2584","session2",19.7919314589532,7.56421146562894,4.34593238261883,0.000673420795551256,-0.098616880660084,0.464199025422503,0.628515750371499,3,2,150,0.441315540583741,-0.0344845419177708,18,2.53341888085743,0,19.01518,2771,0.2,0,15,"both",0.441315540583741,-0.0344845419177708
"2585","session2",19.7919314589532,7.56421146562894,4.34593238261883,0.000673420795551256,-0.098616880660084,0.464199025422503,0.628515750371499,3,2,150,0.441315540583741,-0.0344845419177708,18,2.95475017805254,0,14.59236,2771,0.2,0,15,"both",0.441315540583741,-0.0344845419177708
"2586","session2",19.7919314589532,7.56421146562894,4.34593238261883,0.000673420795551256,-0.098616880660084,0.464199025422503,0.628515750371499,3,2,150,0.441315540583741,-0.0344845419177708,18,2.01488604592007,0,12.61221,2771,0.2,0,15,"both",0.441315540583741,-0.0344845419177708
"2587","session2",19.7919314589532,7.56421146562894,4.34593238261883,0.000673420795551256,-0.098616880660084,0.464199025422503,0.628515750371499,3,2,150,0.441315540583741,-0.0344845419177708,18,1.75227975160957,0,20.64723,2771,0.2,0,15,"both",0.441315540583741,-0.0344845419177708
"2588","session2",19.7919314589532,7.56421146562894,4.34593238261883,0.000673420795551256,-0.098616880660084,0.464199025422503,0.628515750371499,3,2,150,0.441315540583741,-0.0344845419177708,18,2.00318544653378,0,12.95073,2771,0.2,0,15,"both",0.441315540583741,-0.0344845419177708
"2589","session2",19.7919314589532,7.56421146562894,4.34593238261883,0.000673420795551256,-0.098616880660084,0.464199025422503,0.628515750371499,3,2,150,0.441315540583741,-0.0344845419177708,18,2.79651688051865,1,16.93549,2771,0.2,0,15,"both",0.441315540583741,-0.0344845419177708
"2590","session2",19.7919314589532,7.56421146562894,4.34593238261883,0.000673420795551256,-0.098616880660084,0.464199025422503,0.628515750371499,3,2,150,0.441315540583741,-0.0344845419177708,18,2.74777385559855,1,25.10887,2771,0.2,0,15,"both",0.441315540583741,-0.0344845419177708
"2591","session2",19.7919314589532,7.56421146562894,4.34593238261883,0.000673420795551256,-0.098616880660084,0.464199025422503,0.628515750371499,3,2,150,0.441315540583741,-0.0344845419177708,18,3.54628870892761,1,23.37107,2771,0.2,0,15,"both",0.441315540583741,-0.0344845419177708
"2592","session2",19.7919314589532,7.56421146562894,4.34593238261883,0.000673420795551256,-0.098616880660084,0.464199025422503,0.628515750371499,3,2,150,0.441315540583741,-0.0344845419177708,18,2.69036727453037,1,16.0607,2771,0.2,0,15,"both",0.441315540583741,-0.0344845419177708
"2593","session2",19.7919314589532,7.56421146562894,4.34593238261883,0.000673420795551256,-0.098616880660084,0.464199025422503,0.628515750371499,3,2,150,0.441315540583741,-0.0344845419177708,18,3.4697468854401,1,21.98177,2771,0.2,0,15,"both",0.441315540583741,-0.0344845419177708
"2594","session2",19.7919314589532,7.56421146562894,4.34593238261883,0.000673420795551256,-0.098616880660084,0.464199025422503,0.628515750371499,3,2,150,0.441315540583741,-0.0344845419177708,18,2.3714582993008,0,25.00169,2771,0.2,0,15,"both",0.441315540583741,-0.0344845419177708
"2595","session2",19.7919314589532,7.56421146562894,4.34593238261883,0.000673420795551256,-0.098616880660084,0.464199025422503,0.628515750371499,3,2,150,0.441315540583741,-0.0344845419177708,18,2.82344740507046,0,21.59305,2771,0.2,0,15,"both",0.441315540583741,-0.0344845419177708
"2596","session2",19.7919314589532,7.56421146562894,4.34593238261883,0.000673420795551256,-0.098616880660084,0.464199025422503,0.628515750371499,3,2,150,0.441315540583741,-0.0344845419177708,18,3.54253105215865,1,27.86486,2771,0.2,0,15,"both",0.441315540583741,-0.0344845419177708
"2597","session2",19.7919314589532,7.56421146562894,4.34593238261883,0.000673420795551256,-0.098616880660084,0.464199025422503,0.628515750371499,3,2,150,0.441315540583741,-0.0344845419177708,18,1.97810870341724,0,5.4597,2771,0.2,0,15,"both",0.441315540583741,-0.0344845419177708
"2598","session2",19.7919314589532,7.56421146562894,4.34593238261883,0.000673420795551256,-0.098616880660084,0.464199025422503,0.628515750371499,3,2,150,0.441315540583741,-0.0344845419177708,18,2.32414973882496,1,16.47293,2771,0.2,0,15,"both",0.441315540583741,-0.0344845419177708
"2599","session2",19.7919314589532,7.56421146562894,4.34593238261883,0.000673420795551256,-0.098616880660084,0.464199025422503,0.628515750371499,3,2,150,0.441315540583741,-0.0344845419177708,18,1.55686593365943,1,27.4407,2771,0.2,0,15,"both",0.441315540583741,-0.0344845419177708
"2600","session2",19.7919314589532,7.56421146562894,4.34593238261883,0.000673420795551256,-0.098616880660084,0.464199025422503,0.628515750371499,3,2,150,0.441315540583741,-0.0344845419177708,18,1.73774570419257,0,12.25537,2771,0.2,0,15,"both",0.441315540583741,-0.0344845419177708
"2601","session2",19.7919314589532,7.56421146562894,4.34593238261883,0.000673420795551256,-0.098616880660084,0.464199025422503,0.628515750371499,3,2,150,0.441315540583741,-0.0344845419177708,18,2.42131088365724,1,26.58037,2771,0.2,0,15,"both",0.441315540583741,-0.0344845419177708
"2602","session2",19.7919314589532,7.56421146562894,4.34593238261883,0.000673420795551256,-0.098616880660084,0.464199025422503,0.628515750371499,3,2,150,0.441315540583741,-0.0344845419177708,18,1.85708719722725,0,15.72087,2771,0.2,0,15,"both",0.441315540583741,-0.0344845419177708
"2603","session2",19.7919314589532,7.56421146562894,4.34593238261883,0.000673420795551256,-0.098616880660084,0.464199025422503,0.628515750371499,3,2,150,0.441315540583741,-0.0344845419177708,18,2.54374403572225,1,23.30225,2771,0.2,0,15,"both",0.441315540583741,-0.0344845419177708
"2604","session2",19.7919314589532,7.56421146562894,4.34593238261883,0.000673420795551256,-0.098616880660084,0.464199025422503,0.628515750371499,3,2,150,0.441315540583741,-0.0344845419177708,18,2.42232562807619,1,22.57958,2771,0.2,0,15,"both",0.441315540583741,-0.0344845419177708
"2605","session2",19.7919314589532,7.56421146562894,4.34593238261883,0.000673420795551256,-0.098616880660084,0.464199025422503,0.628515750371499,3,2,150,0.441315540583741,-0.0344845419177708,18,1.85487660455918,1,26.80728,2771,0.2,0,15,"both",0.441315540583741,-0.0344845419177708
"2606","session2",19.7919314589532,7.56421146562894,4.34593238261883,0.000673420795551256,-0.098616880660084,0.464199025422503,0.628515750371499,3,2,150,0.441315540583741,-0.0344845419177708,18,3.08813579888137,1,25.17218,2771,0.2,0,15,"both",0.441315540583741,-0.0344845419177708
"2607","session2",19.7919314589532,7.56421146562894,4.34593238261883,0.000673420795551256,-0.098616880660084,0.464199025422503,0.628515750371499,3,2,150,0.441315540583741,-0.0344845419177708,18,2.74751921992555,0,14.12108,2771,0.2,0,15,"both",0.441315540583741,-0.0344845419177708
"2608","session2",19.7919314589532,7.56421146562894,4.34593238261883,0.000673420795551256,-0.098616880660084,0.464199025422503,0.628515750371499,3,2,150,0.441315540583741,-0.0344845419177708,18,2.04808468733544,1,25.9615,2771,0.2,0,15,"both",0.441315540583741,-0.0344845419177708
"2609","session2",19.7919314589532,7.56421146562894,4.34593238261883,0.000673420795551256,-0.098616880660084,0.464199025422503,0.628515750371499,3,2,150,0.441315540583741,-0.0344845419177708,18,3.5284061160961,0,19.86819,2771,0.2,0,15,"both",0.441315540583741,-0.0344845419177708
"2610","session2",19.7919314589532,7.56421146562894,4.34593238261883,0.000673420795551256,-0.098616880660084,0.464199025422503,0.628515750371499,3,2,150,0.441315540583741,-0.0344845419177708,18,3.17038049392756,1,25.65836,2771,0.2,0,15,"both",0.441315540583741,-0.0344845419177708
"2611","session2",19.7919314589532,7.56421146562894,4.34593238261883,0.000673420795551256,-0.098616880660084,0.464199025422503,0.628515750371499,3,2,150,0.441315540583741,-0.0344845419177708,18,5.15036600466733,0,15.76218,2771,0.2,0,15,"both",0.441315540583741,-0.0344845419177708
"2612","session2",19.7919314589532,7.56421146562894,4.34593238261883,0.000673420795551256,-0.098616880660084,0.464199025422503,0.628515750371499,3,2,150,0.441315540583741,-0.0344845419177708,18,1.96337346530139,1,14.62732,2771,0.2,0,15,"both",0.441315540583741,-0.0344845419177708
"2613","session2",19.7919314589532,7.56421146562894,4.34593238261883,0.000673420795551256,-0.098616880660084,0.464199025422503,0.628515750371499,3,2,150,0.441315540583741,-0.0344845419177708,18,2.47742978678569,1,22.23667,2771,0.2,0,15,"both",0.441315540583741,-0.0344845419177708
"2614","session2",19.7919314589532,7.56421146562894,4.34593238261883,0.000673420795551256,-0.098616880660084,0.464199025422503,0.628515750371499,3,2,150,0.441315540583741,-0.0344845419177708,18,3.21324675466413,1,22.05564,2771,0.2,0,15,"both",0.441315540583741,-0.0344845419177708
"2615","session2",19.7919314589532,7.56421146562894,4.34593238261883,0.000673420795551256,-0.098616880660084,0.464199025422503,0.628515750371499,3,2,150,0.441315540583741,-0.0344845419177708,18,2.20395097298885,0,23.19654,2771,0.2,0,15,"both",0.441315540583741,-0.0344845419177708
"2616","session2",19.7919314589532,7.56421146562894,4.34593238261883,0.000673420795551256,-0.098616880660084,0.464199025422503,0.628515750371499,3,2,150,0.441315540583741,-0.0344845419177708,18,6.37632860461294,1,23.74191,2771,0.2,0,15,"both",0.441315540583741,-0.0344845419177708
"2617","session2",19.7919314589532,7.56421146562894,4.34593238261883,0.000673420795551256,-0.098616880660084,0.464199025422503,0.628515750371499,3,2,150,0.441315540583741,-0.0344845419177708,18,2.96321136382658,0,11.90245,2771,0.2,0,15,"both",0.441315540583741,-0.0344845419177708
"2618","session2",19.7919314589532,7.56421146562894,4.34593238261883,0.000673420795551256,-0.098616880660084,0.464199025422503,0.628515750371499,3,2,150,0.441315540583741,-0.0344845419177708,18,6.69218737568928,0,15.67579,2771,0.2,0,15,"both",0.441315540583741,-0.0344845419177708
"2619","session2",19.7919314589532,7.56421146562894,4.34593238261883,0.000673420795551256,-0.098616880660084,0.464199025422503,0.628515750371499,3,2,150,0.441315540583741,-0.0344845419177708,18,1.85437916675506,0,13.09597,2771,0.2,0,15,"both",0.441315540583741,-0.0344845419177708
"2620","session2",19.7919314589532,7.56421146562894,4.34593238261883,0.000673420795551256,-0.098616880660084,0.464199025422503,0.628515750371499,3,2,150,0.441315540583741,-0.0344845419177708,18,2.13463993347012,1,15.32662,2771,0.2,0,15,"both",0.441315540583741,-0.0344845419177708
"2621","session2",19.7919314589532,7.56421146562894,4.34593238261883,0.000673420795551256,-0.098616880660084,0.464199025422503,0.628515750371499,3,2,150,0.441315540583741,-0.0344845419177708,18,3.03380100476409,0,13.94573,2771,0.2,0,15,"both",0.441315540583741,-0.0344845419177708
"2622","session2",19.7919314589532,7.56421146562894,4.34593238261883,0.000673420795551256,-0.098616880660084,0.464199025422503,0.628515750371499,3,2,150,0.441315540583741,-0.0344845419177708,18,2.62421732800644,0,23.82607,2771,0.2,0,15,"both",0.441315540583741,-0.0344845419177708
"2623","session2",19.7919314589532,7.56421146562894,4.34593238261883,0.000673420795551256,-0.098616880660084,0.464199025422503,0.628515750371499,3,2,150,0.441315540583741,-0.0344845419177708,18,2.08262827255454,0,14.34603,2771,0.2,0,15,"both",0.441315540583741,-0.0344845419177708
"2624","session2",19.7919314589532,7.56421146562894,4.34593238261883,0.000673420795551256,-0.098616880660084,0.464199025422503,0.628515750371499,3,2,150,0.441315540583741,-0.0344845419177708,18,3.16805464319341,0,16.67023,2771,0.2,0,15,"both",0.441315540583741,-0.0344845419177708
"2625","session2",19.7919314589532,7.56421146562894,4.34593238261883,0.000673420795551256,-0.098616880660084,0.464199025422503,0.628515750371499,3,2,150,0.441315540583741,-0.0344845419177708,18,2.92025239904794,1,25.2565,2771,0.2,0,15,"both",0.441315540583741,-0.0344845419177708
"2626","session2",19.7919314589532,7.56421146562894,4.34593238261883,0.000673420795551256,-0.098616880660084,0.464199025422503,0.628515750371499,3,2,150,0.441315540583741,-0.0344845419177708,18,1.91484278691089,0,26.4975,2771,0.2,0,15,"both",0.441315540583741,-0.0344845419177708
"2627","session2",19.7919314589532,7.56421146562894,4.34593238261883,0.000673420795551256,-0.098616880660084,0.464199025422503,0.628515750371499,3,2,150,0.441315540583741,-0.0344845419177708,18,1.85770011834172,1,29.03434,2771,0.2,0,15,"both",0.441315540583741,-0.0344845419177708
"2628","session2",19.7919314589532,7.56421146562894,4.34593238261883,0.000673420795551256,-0.098616880660084,0.464199025422503,0.628515750371499,3,2,150,0.441315540583741,-0.0344845419177708,18,2.43631057670909,0,15.02774,2771,0.2,0,15,"both",0.441315540583741,-0.0344845419177708
"2629","session2",19.7919314589532,7.56421146562894,4.34593238261883,0.000673420795551256,-0.098616880660084,0.464199025422503,0.628515750371499,3,2,150,0.441315540583741,-0.0344845419177708,18,3.72857006138793,0,13.87487,2771,0.2,0,15,"both",0.441315540583741,-0.0344845419177708
"2630","session2",19.7919314589532,7.56421146562894,4.34593238261883,0.000673420795551256,-0.098616880660084,0.464199025422503,0.628515750371499,3,2,150,0.441315540583741,-0.0344845419177708,18,3.72134954538233,1,25.90734,2771,0.2,0,15,"both",0.441315540583741,-0.0344845419177708
"2631","session2",19.7919314589532,7.56421146562894,4.34593238261883,0.000673420795551256,-0.098616880660084,0.464199025422503,0.628515750371499,3,2,150,0.441315540583741,-0.0344845419177708,18,2.2422067419203,1,24.06843,2771,0.2,0,15,"both",0.441315540583741,-0.0344845419177708
"2632","session2",19.7919314589532,7.56421146562894,4.34593238261883,0.000673420795551256,-0.098616880660084,0.464199025422503,0.628515750371499,3,2,150,0.441315540583741,-0.0344845419177708,18,2.32676064863463,0,14.80879,2771,0.2,0,15,"both",0.441315540583741,-0.0344845419177708
"2633","session2",19.7919314589532,7.56421146562894,4.34593238261883,0.000673420795551256,-0.098616880660084,0.464199025422503,0.628515750371499,3,2,150,0.441315540583741,-0.0344845419177708,18,3.24156149544045,1,25.40135,2771,0.2,0,15,"both",0.441315540583741,-0.0344845419177708
"2634","session2",19.7919314589532,7.56421146562894,4.34593238261883,0.000673420795551256,-0.098616880660084,0.464199025422503,0.628515750371499,3,2,150,0.441315540583741,-0.0344845419177708,18,1.74867759775616,0,10.20772,2771,0.2,0,15,"both",0.441315540583741,-0.0344845419177708
"2635","session2",19.7919314589532,7.56421146562894,4.34593238261883,0.000673420795551256,-0.098616880660084,0.464199025422503,0.628515750371499,3,2,150,0.441315540583741,-0.0344845419177708,18,1.97517435548198,0,25.72083,2771,0.2,0,15,"both",0.441315540583741,-0.0344845419177708
"2636","session2",19.7919314589532,7.56421146562894,4.34593238261883,0.000673420795551256,-0.098616880660084,0.464199025422503,0.628515750371499,3,2,150,0.441315540583741,-0.0344845419177708,18,3.18084211947815,0,14.37876,2771,0.2,0,15,"both",0.441315540583741,-0.0344845419177708
"2637","session2",19.7919314589532,7.56421146562894,4.34593238261883,0.000673420795551256,-0.098616880660084,0.464199025422503,0.628515750371499,3,2,150,0.441315540583741,-0.0344845419177708,18,2.27616488175315,0,13.37942,2771,0.2,0,15,"both",0.441315540583741,-0.0344845419177708
"2638","session2",19.7919314589532,7.56421146562894,4.34593238261883,0.000673420795551256,-0.098616880660084,0.464199025422503,0.628515750371499,3,2,150,0.441315540583741,-0.0344845419177708,18,3.41053827883341,1,22.2182,2771,0.2,0,15,"both",0.441315540583741,-0.0344845419177708
"2639","session2",19.7919314589532,7.56421146562894,4.34593238261883,0.000673420795551256,-0.098616880660084,0.464199025422503,0.628515750371499,3,2,150,0.441315540583741,-0.0344845419177708,18,2.67006493606644,0,17.05409,2771,0.2,0,15,"both",0.441315540583741,-0.0344845419177708
"2640","session2",19.7919314589532,7.56421146562894,4.34593238261883,0.000673420795551256,-0.098616880660084,0.464199025422503,0.628515750371499,3,2,150,0.441315540583741,-0.0344845419177708,18,2.59657209426774,0,14.61882,2771,0.2,0,15,"both",0.441315540583741,-0.0344845419177708
"2641","session2",19.7919314589532,7.56421146562894,4.34593238261883,0.000673420795551256,-0.098616880660084,0.464199025422503,0.628515750371499,3,2,150,0.441315540583741,-0.0344845419177708,18,3.9205327137333,0,15.6945,2771,0.2,0,15,"both",0.441315540583741,-0.0344845419177708
"2642","session2",19.7919314589532,7.56421146562894,4.34593238261883,0.000673420795551256,-0.098616880660084,0.464199025422503,0.628515750371499,3,2,150,0.441315540583741,-0.0344845419177708,18,1.76983341184264,0,12.85403,2771,0.2,0,15,"both",0.441315540583741,-0.0344845419177708
"2643","session2",19.7919314589532,7.56421146562894,4.34593238261883,0.000673420795551256,-0.098616880660084,0.464199025422503,0.628515750371499,3,2,150,0.441315540583741,-0.0344845419177708,18,3.94986886228524,0,17.81242,2771,0.2,0,15,"both",0.441315540583741,-0.0344845419177708
"2644","session2",19.7919314589532,7.56421146562894,4.34593238261883,0.000673420795551256,-0.098616880660084,0.464199025422503,0.628515750371499,3,2,150,0.441315540583741,-0.0344845419177708,18,3.49451114659758,1,23.66238,2771,0.2,0,15,"both",0.441315540583741,-0.0344845419177708
"2645","session2",19.7919314589532,7.56421146562894,4.34593238261883,0.000673420795551256,-0.098616880660084,0.464199025422503,0.628515750371499,3,2,150,0.441315540583741,-0.0344845419177708,18,3.37880895235738,0,14.6758,2771,0.2,0,15,"both",0.441315540583741,-0.0344845419177708
"2646","session2",19.7919314589532,7.56421146562894,4.34593238261883,0.000673420795551256,-0.098616880660084,0.464199025422503,0.628515750371499,3,2,150,0.441315540583741,-0.0344845419177708,18,2.28260692288272,1,24.30071,2771,0.2,0,15,"both",0.441315540583741,-0.0344845419177708
"2647","session2",19.7919314589532,7.56421146562894,4.34593238261883,0.000673420795551256,-0.098616880660084,0.464199025422503,0.628515750371499,3,2,150,0.441315540583741,-0.0344845419177708,18,1.9263860916074,1,16.65588,2771,0.2,0,15,"both",0.441315540583741,-0.0344845419177708
"2648","session2",19.7919314589532,7.56421146562894,4.34593238261883,0.000673420795551256,-0.098616880660084,0.464199025422503,0.628515750371499,3,2,150,0.441315540583741,-0.0344845419177708,18,2.67827606345888,1,16.00388,2771,0.2,0,15,"both",0.441315540583741,-0.0344845419177708
"2649","session2",19.7919314589532,7.56421146562894,4.34593238261883,0.000673420795551256,-0.098616880660084,0.464199025422503,0.628515750371499,3,2,150,0.441315540583741,-0.0344845419177708,18,3.6511648224711,1,24.26785,2771,0.2,0,15,"both",0.441315540583741,-0.0344845419177708
"2650","session2",19.7919314589532,7.56421146562894,4.34593238261883,0.000673420795551256,-0.098616880660084,0.464199025422503,0.628515750371499,3,2,150,0.441315540583741,-0.0344845419177708,18,5.31317447156953,1,16.87801,2771,0.2,0,15,"both",0.441315540583741,-0.0344845419177708
"2651","session2",19.7919314589532,7.56421146562894,4.34593238261883,0.000673420795551256,-0.098616880660084,0.464199025422503,0.628515750371499,3,2,150,0.441315540583741,-0.0344845419177708,18,2.49101921414709,1,25.16129,2771,0.2,0,15,"both",0.441315540583741,-0.0344845419177708
"2652","session2",19.7919314589532,7.56421146562894,4.34593238261883,0.000673420795551256,-0.098616880660084,0.464199025422503,0.628515750371499,3,2,150,0.441315540583741,-0.0344845419177708,18,4.18383643194931,0,22.15367,2771,0.2,0,15,"both",0.441315540583741,-0.0344845419177708
"2653","session2",19.7919314589532,7.56421146562894,4.34593238261883,0.000673420795551256,-0.098616880660084,0.464199025422503,0.628515750371499,3,2,150,0.441315540583741,-0.0344845419177708,18,2.4537335297697,0,12.8568,2771,0.2,0,15,"both",0.441315540583741,-0.0344845419177708
"2654","session2",19.7919314589532,7.56421146562894,4.34593238261883,0.000673420795551256,-0.098616880660084,0.464199025422503,0.628515750371499,3,2,150,0.441315540583741,-0.0344845419177708,18,2.3857313925567,0,24.76856,2771,0.2,0,15,"both",0.441315540583741,-0.0344845419177708
"2655","session2",19.7919314589532,7.56421146562894,4.34593238261883,0.000673420795551256,-0.098616880660084,0.464199025422503,0.628515750371499,3,2,150,0.441315540583741,-0.0344845419177708,18,3.85228747908849,0,14.98003,2771,0.2,0,15,"both",0.441315540583741,-0.0344845419177708
"2656","session2",19.7919314589532,7.56421146562894,4.34593238261883,0.000673420795551256,-0.098616880660084,0.464199025422503,0.628515750371499,3,2,150,0.441315540583741,-0.0344845419177708,18,1.42987030652825,1,25.40149,2771,0.2,0,15,"both",0.441315540583741,-0.0344845419177708
"2657","session2",19.7919314589532,7.56421146562894,4.34593238261883,0.000673420795551256,-0.098616880660084,0.464199025422503,0.628515750371499,3,2,150,0.441315540583741,-0.0344845419177708,18,4.08722310149323,0,16.00659,2771,0.2,0,15,"both",0.441315540583741,-0.0344845419177708
"2658","session2",19.7919314589532,7.56421146562894,4.34593238261883,0.000673420795551256,-0.098616880660084,0.464199025422503,0.628515750371499,3,2,150,0.441315540583741,-0.0344845419177708,18,3.77517254704481,0,16.88312,2771,0.2,0,15,"both",0.441315540583741,-0.0344845419177708
"2659","session2",19.7919314589532,7.56421146562894,4.34593238261883,0.000673420795551256,-0.098616880660084,0.464199025422503,0.628515750371499,3,2,150,0.441315540583741,-0.0344845419177708,18,2.52727367552977,1,24.82642,2771,0.2,0,15,"both",0.441315540583741,-0.0344845419177708
"2660","session2",19.7919314589532,7.56421146562894,4.34593238261883,0.000673420795551256,-0.098616880660084,0.464199025422503,0.628515750371499,3,2,150,0.441315540583741,-0.0344845419177708,18,2.47348767886921,1,25.97441,2771,0.2,0,15,"both",0.441315540583741,-0.0344845419177708
"2661","session2",19.7919314589532,7.56421146562894,4.34593238261883,0.000673420795551256,-0.098616880660084,0.464199025422503,0.628515750371499,3,2,150,0.441315540583741,-0.0344845419177708,18,1.8000387480695,0,16.70788,2771,0.2,0,15,"both",0.441315540583741,-0.0344845419177708
"2662","session2",19.7919314589532,7.56421146562894,4.34593238261883,0.000673420795551256,-0.098616880660084,0.464199025422503,0.628515750371499,3,2,150,0.441315540583741,-0.0344845419177708,18,2.08498486432817,0,28.44384,2771,0.2,0,15,"both",0.441315540583741,-0.0344845419177708
"2663","session2",19.7919314589532,7.56421146562894,4.34593238261883,0.000673420795551256,-0.098616880660084,0.464199025422503,0.628515750371499,3,2,150,0.441315540583741,-0.0344845419177708,18,5.01536444419788,0,14.31964,2771,0.2,0,15,"both",0.441315540583741,-0.0344845419177708
"2664","session2",19.7919314589532,7.56421146562894,4.34593238261883,0.000673420795551256,-0.098616880660084,0.464199025422503,0.628515750371499,3,2,150,0.441315540583741,-0.0344845419177708,18,2.30252361880231,1,25.14646,2771,0.2,0,15,"both",0.441315540583741,-0.0344845419177708
"2665","session2",19.7919314589532,7.56421146562894,4.34593238261883,0.000673420795551256,-0.098616880660084,0.464199025422503,0.628515750371499,3,2,150,0.441315540583741,-0.0344845419177708,18,3.92916978315031,1,25.82814,2771,0.2,0,15,"both",0.441315540583741,-0.0344845419177708
"2666","session2",19.7919314589532,7.56421146562894,4.34593238261883,0.000673420795551256,-0.098616880660084,0.464199025422503,0.628515750371499,3,2,150,0.441315540583741,-0.0344845419177708,18,2.44661515208586,0,13.81597,2771,0.2,0,15,"both",0.441315540583741,-0.0344845419177708
"2667","session2",19.7919314589532,7.56421146562894,4.34593238261883,0.000673420795551256,-0.098616880660084,0.464199025422503,0.628515750371499,3,2,150,0.441315540583741,-0.0344845419177708,18,3.64489869059253,1,17.1655,2771,0.2,0,15,"both",0.441315540583741,-0.0344845419177708
"2668","session2",19.7919314589532,7.56421146562894,4.34593238261883,0.000673420795551256,-0.098616880660084,0.464199025422503,0.628515750371499,3,2,150,0.441315540583741,-0.0344845419177708,18,3.14608938145714,1,16.05447,2771,0.2,0,15,"both",0.441315540583741,-0.0344845419177708
"2669","session2",19.7919314589532,7.56421146562894,4.34593238261883,0.000673420795551256,-0.098616880660084,0.464199025422503,0.628515750371499,3,2,150,0.441315540583741,-0.0344845419177708,18,2.87623722725947,1,27.44055,2771,0.2,0,15,"both",0.441315540583741,-0.0344845419177708
"2670","session2",19.7919314589532,7.56421146562894,4.34593238261883,0.000673420795551256,-0.098616880660084,0.464199025422503,0.628515750371499,3,2,150,0.441315540583741,-0.0344845419177708,18,3.70998780881968,0,15.44441,2771,0.2,0,15,"both",0.441315540583741,-0.0344845419177708
"2671","session2",19.7919314589532,7.56421146562894,4.34593238261883,0.000673420795551256,-0.098616880660084,0.464199025422503,0.628515750371499,3,2,150,0.441315540583741,-0.0344845419177708,18,3.23370501736475,0,14.24108,2771,0.2,0,15,"both",0.441315540583741,-0.0344845419177708
"2672","session2",19.7919314589532,7.56421146562894,4.34593238261883,0.000673420795551256,-0.098616880660084,0.464199025422503,0.628515750371499,3,2,150,0.441315540583741,-0.0344845419177708,18,2.47433965223113,1,23.6245,2771,0.2,0,15,"both",0.441315540583741,-0.0344845419177708
"2673","session2",19.7919314589532,7.56421146562894,4.34593238261883,0.000673420795551256,-0.098616880660084,0.464199025422503,0.628515750371499,3,2,150,0.441315540583741,-0.0344845419177708,18,1.7869860446226,1,26.78891,2771,0.2,0,15,"both",0.441315540583741,-0.0344845419177708
"2674","session2",19.7919314589532,7.56421146562894,4.34593238261883,0.000673420795551256,-0.098616880660084,0.464199025422503,0.628515750371499,3,2,150,0.441315540583741,-0.0344845419177708,18,2.7572402016799,1,16.73692,2771,0.2,0,15,"both",0.441315540583741,-0.0344845419177708
"2675","session2",19.7919314589532,7.56421146562894,4.34593238261883,0.000673420795551256,-0.098616880660084,0.464199025422503,0.628515750371499,3,2,150,0.441315540583741,-0.0344845419177708,18,3.05097943368833,1,14.35913,2771,0.2,0,15,"both",0.441315540583741,-0.0344845419177708
"2676","session2",19.7919314589532,7.56421146562894,4.34593238261883,0.000673420795551256,-0.098616880660084,0.464199025422503,0.628515750371499,3,2,150,0.441315540583741,-0.0344845419177708,18,2.12305773920271,0,14.82213,2771,0.2,0,15,"both",0.441315540583741,-0.0344845419177708
"2677","session2",19.7919314589532,7.56421146562894,4.34593238261883,0.000673420795551256,-0.098616880660084,0.464199025422503,0.628515750371499,3,2,150,0.441315540583741,-0.0344845419177708,18,2.70492887316699,1,26.56356,2771,0.2,0,15,"both",0.441315540583741,-0.0344845419177708
"2678","session2",19.7919314589532,7.56421146562894,4.34593238261883,0.000673420795551256,-0.098616880660084,0.464199025422503,0.628515750371499,3,2,150,0.441315540583741,-0.0344845419177708,18,3.3521928262849,0,14.07487,2771,0.2,0,15,"both",0.441315540583741,-0.0344845419177708
"2679","session2",19.7919314589532,7.56421146562894,4.34593238261883,0.000673420795551256,-0.098616880660084,0.464199025422503,0.628515750371499,3,2,150,0.441315540583741,-0.0344845419177708,18,2.34339553519213,0,12.56365,2771,0.2,0,15,"both",0.441315540583741,-0.0344845419177708
"2680","session2",19.7919314589532,7.56421146562894,4.34593238261883,0.000673420795551256,-0.098616880660084,0.464199025422503,0.628515750371499,3,2,150,0.441315540583741,-0.0344845419177708,18,3.57337236163683,1,15.14618,2771,0.2,0,15,"both",0.441315540583741,-0.0344845419177708
"2681","session2",19.7919314589532,7.56421146562894,4.34593238261883,0.000673420795551256,-0.098616880660084,0.464199025422503,0.628515750371499,3,2,150,0.441315540583741,-0.0344845419177708,18,2.35969650897589,0,9.70652,2771,0.2,0,15,"both",0.441315540583741,-0.0344845419177708
"2682","session2",19.7919314589532,7.56421146562894,4.34593238261883,0.000673420795551256,-0.098616880660084,0.464199025422503,0.628515750371499,3,2,150,0.441315540583741,-0.0344845419177708,18,4.30821947871397,0,14.98301,2771,0.2,0,15,"both",0.441315540583741,-0.0344845419177708
"2683","session2",19.7919314589532,7.56421146562894,4.34593238261883,0.000673420795551256,-0.098616880660084,0.464199025422503,0.628515750371499,3,2,150,0.441315540583741,-0.0344845419177708,18,1.4537046017075,1,26.59318,2771,0.2,0,15,"both",0.441315540583741,-0.0344845419177708
"2684","session2",19.7919314589532,7.56421146562894,4.34593238261883,0.000673420795551256,-0.098616880660084,0.464199025422503,0.628515750371499,3,2,150,0.441315540583741,-0.0344845419177708,18,2.64081203017665,1,25.46144,2771,0.2,0,15,"both",0.441315540583741,-0.0344845419177708
"2685","session2",19.7919314589532,7.56421146562894,4.34593238261883,0.000673420795551256,-0.098616880660084,0.464199025422503,0.628515750371499,3,2,150,0.441315540583741,-0.0344845419177708,18,1.18308285266969,1,25.97224,2771,0.2,0,15,"both",0.441315540583741,-0.0344845419177708
"2686","session2",19.7919314589532,7.56421146562894,4.34593238261883,0.000673420795551256,-0.098616880660084,0.464199025422503,0.628515750371499,3,2,150,0.441315540583741,-0.0344845419177708,18,3.97517257558971,0,23.77177,2771,0.2,0,15,"both",0.441315540583741,-0.0344845419177708
"2687","session2",19.7919314589532,7.56421146562894,4.34593238261883,0.000673420795551256,-0.098616880660084,0.464199025422503,0.628515750371499,3,2,150,0.441315540583741,-0.0344845419177708,18,2.99036584088273,1,25.43488,2771,0.2,0,15,"both",0.441315540583741,-0.0344845419177708
"2688","session2",19.7919314589532,7.56421146562894,4.34593238261883,0.000673420795551256,-0.098616880660084,0.464199025422503,0.628515750371499,3,2,150,0.441315540583741,-0.0344845419177708,18,5.05581812331837,1,15.21666,2771,0.2,0,15,"both",0.441315540583741,-0.0344845419177708
"2689","session2",19.7919314589532,7.56421146562894,4.34593238261883,0.000673420795551256,-0.098616880660084,0.464199025422503,0.628515750371499,3,2,150,0.441315540583741,-0.0344845419177708,18,2.99214891969449,0,14.82363,2771,0.2,0,15,"both",0.441315540583741,-0.0344845419177708
"2690","session2",19.7919314589532,7.56421146562894,4.34593238261883,0.000673420795551256,-0.098616880660084,0.464199025422503,0.628515750371499,3,2,150,0.441315540583741,-0.0344845419177708,18,2.2681655898493,1,25.93045,2771,0.2,0,15,"both",0.441315540583741,-0.0344845419177708
"2691","session2",19.7919314589532,7.56421146562894,4.34593238261883,0.000673420795551256,-0.098616880660084,0.464199025422503,0.628515750371499,3,2,150,0.441315540583741,-0.0344845419177708,18,2.94196864912471,1,24.31459,2771,0.2,0,15,"both",0.441315540583741,-0.0344845419177708
"2692","session2",19.7919314589532,7.56421146562894,4.34593238261883,0.000673420795551256,-0.098616880660084,0.464199025422503,0.628515750371499,3,2,150,0.441315540583741,-0.0344845419177708,18,3.49773991701988,1,24.96867,2771,0.2,0,15,"both",0.441315540583741,-0.0344845419177708
"2693","session2",19.7919314589532,7.56421146562894,4.34593238261883,0.000673420795551256,-0.098616880660084,0.464199025422503,0.628515750371499,3,2,150,0.441315540583741,-0.0344845419177708,18,2.45373484600172,1,15.42502,2771,0.2,0,15,"both",0.441315540583741,-0.0344845419177708
"2694","session2",19.7919314589532,7.56421146562894,4.34593238261883,0.000673420795551256,-0.098616880660084,0.464199025422503,0.628515750371499,3,2,150,0.441315540583741,-0.0344845419177708,18,3.48579710706018,0,14.53412,2771,0.2,0,15,"both",0.441315540583741,-0.0344845419177708
"2695","session2",19.7919314589532,7.56421146562894,4.34593238261883,0.000673420795551256,-0.098616880660084,0.464199025422503,0.628515750371499,3,2,150,0.441315540583741,-0.0344845419177708,18,2.38796153053655,1,26.0215,2771,0.2,0,15,"both",0.441315540583741,-0.0344845419177708
"2696","session2",19.7919314589532,7.56421146562894,4.34593238261883,0.000673420795551256,-0.098616880660084,0.464199025422503,0.628515750371499,3,2,150,0.441315540583741,-0.0344845419177708,18,1.90299974772552,0,14.24198,2771,0.2,0,15,"both",0.441315540583741,-0.0344845419177708
"2697","session2",19.7919314589532,7.56421146562894,4.34593238261883,0.000673420795551256,-0.098616880660084,0.464199025422503,0.628515750371499,3,2,150,0.441315540583741,-0.0344845419177708,18,1.63018814860232,1,13.60733,2771,0.2,0,15,"both",0.441315540583741,-0.0344845419177708
"2698","session2",19.7919314589532,7.56421146562894,4.34593238261883,0.000673420795551256,-0.098616880660084,0.464199025422503,0.628515750371499,3,2,150,0.441315540583741,-0.0344845419177708,18,3.60644935446215,1,12.71213,2771,0.2,0,15,"both",0.441315540583741,-0.0344845419177708
"2699","session2",19.7919314589532,7.56421146562894,4.34593238261883,0.000673420795551256,-0.098616880660084,0.464199025422503,0.628515750371499,3,2,150,0.441315540583741,-0.0344845419177708,18,2.89520148277389,1,25.59067,2771,0.2,0,15,"both",0.441315540583741,-0.0344845419177708
"2700","session2",19.7919314589532,7.56421146562894,4.34593238261883,0.000673420795551256,-0.098616880660084,0.464199025422503,0.628515750371499,3,2,150,0.441315540583741,-0.0344845419177708,18,2.30413969106487,0,12.2434,2771,0.2,0,15,"both",0.441315540583741,-0.0344845419177708
"2701","session2",-23.7571681282944,5.00330687650132,2.726982696205,0.000512538004598113,-0.0718832077540035,0.411639369030997,0.676431275412088,4,2,150,0.441315540583741,-0.0344845419177708,19,3.20933108531308,1,-6.1957248892,2771,0.2,0,15,"both",0.441315540583741,-0.0344845419177708
"2702","session2",-23.7571681282944,5.00330687650132,2.726982696205,0.000512538004598113,-0.0718832077540035,0.411639369030997,0.676431275412088,4,2,150,0.441315540583741,-0.0344845419177708,19,2.16227167625575,1,-11.43042289505,2771,0.2,0,15,"both",0.441315540583741,-0.0344845419177708
"2703","session2",-23.7571681282944,5.00330687650132,2.726982696205,0.000512538004598113,-0.0718832077540035,0.411639369030997,0.676431275412088,4,2,150,0.441315540583741,-0.0344845419177708,19,2.94457949185887,1,-15.705389047,2771,0.2,0,15,"both",0.441315540583741,-0.0344845419177708
"2704","session2",-23.7571681282944,5.00330687650132,2.726982696205,0.000512538004598113,-0.0718832077540035,0.411639369030997,0.676431275412088,4,2,150,0.441315540583741,-0.0344845419177708,19,3.41321318194571,1,-23.620454699,2771,0.2,0,15,"both",0.441315540583741,-0.0344845419177708
"2705","session2",-23.7571681282944,5.00330687650132,2.726982696205,0.000512538004598113,-0.0718832077540035,0.411639369030997,0.676431275412088,4,2,150,0.441315540583741,-0.0344845419177708,19,1.47493747015906,0,-34.58064,2771,0.2,0,15,"both",0.441315540583741,-0.0344845419177708
"2706","session2",-23.7571681282944,5.00330687650132,2.726982696205,0.000512538004598113,-0.0718832077540035,0.411639369030997,0.676431275412088,4,2,150,0.441315540583741,-0.0344845419177708,19,1.11874045816907,1,-7.10059,2771,0.2,0,15,"both",0.441315540583741,-0.0344845419177708
"2707","session2",-23.7571681282944,5.00330687650132,2.726982696205,0.000512538004598113,-0.0718832077540035,0.411639369030997,0.676431275412088,4,2,150,0.441315540583741,-0.0344845419177708,19,1.34485252101858,0,-48.4086,2771,0.2,0,15,"both",0.441315540583741,-0.0344845419177708
"2708","session2",-23.7571681282944,5.00330687650132,2.726982696205,0.000512538004598113,-0.0718832077540035,0.411639369030997,0.676431275412088,4,2,150,0.441315540583741,-0.0344845419177708,19,1.5901436466114,1,-9.41503,2771,0.2,0,15,"both",0.441315540583741,-0.0344845419177708
"2709","session2",-23.7571681282944,5.00330687650132,2.726982696205,0.000512538004598113,-0.0718832077540035,0.411639369030997,0.676431275412088,4,2,150,0.441315540583741,-0.0344845419177708,19,1.74581000219849,0,-19.5191,2771,0.2,0,15,"both",0.441315540583741,-0.0344845419177708
"2710","session2",-23.7571681282944,5.00330687650132,2.726982696205,0.000512538004598113,-0.0718832077540035,0.411639369030997,0.676431275412088,4,2,150,0.441315540583741,-0.0344845419177708,19,2.04595961587705,0,-27.92437,2771,0.2,0,15,"both",0.441315540583741,-0.0344845419177708
"2711","session2",-23.7571681282944,5.00330687650132,2.726982696205,0.000512538004598113,-0.0718832077540035,0.411639369030997,0.676431275412088,4,2,150,0.441315540583741,-0.0344845419177708,19,1.45047308494729,1,-14.85885,2771,0.2,0,15,"both",0.441315540583741,-0.0344845419177708
"2712","session2",-23.7571681282944,5.00330687650132,2.726982696205,0.000512538004598113,-0.0718832077540035,0.411639369030997,0.676431275412088,4,2,150,0.441315540583741,-0.0344845419177708,19,1.52466494371885,0,-34.58073,2771,0.2,0,15,"both",0.441315540583741,-0.0344845419177708
"2713","session2",-23.7571681282944,5.00330687650132,2.726982696205,0.000512538004598113,-0.0718832077540035,0.411639369030997,0.676431275412088,4,2,150,0.441315540583741,-0.0344845419177708,19,1.29155851760281,1,-19.7217,2771,0.2,0,15,"both",0.441315540583741,-0.0344845419177708
"2714","session2",-23.7571681282944,5.00330687650132,2.726982696205,0.000512538004598113,-0.0718832077540035,0.411639369030997,0.676431275412088,4,2,150,0.441315540583741,-0.0344845419177708,19,3.79179989969359,0,-24.21039,2771,0.2,0,15,"both",0.441315540583741,-0.0344845419177708
"2715","session2",-23.7571681282944,5.00330687650132,2.726982696205,0.000512538004598113,-0.0718832077540035,0.411639369030997,0.676431275412088,4,2,150,0.441315540583741,-0.0344845419177708,19,2.19341573421839,1,-23.82923,2771,0.2,0,15,"both",0.441315540583741,-0.0344845419177708
"2716","session2",-23.7571681282944,5.00330687650132,2.726982696205,0.000512538004598113,-0.0718832077540035,0.411639369030997,0.676431275412088,4,2,150,0.441315540583741,-0.0344845419177708,19,1.45698815262542,1,-13.626,2771,0.2,0,15,"both",0.441315540583741,-0.0344845419177708
"2717","session2",-23.7571681282944,5.00330687650132,2.726982696205,0.000512538004598113,-0.0718832077540035,0.411639369030997,0.676431275412088,4,2,150,0.441315540583741,-0.0344845419177708,19,2.36317794514418,1,-16.53904,2771,0.2,0,15,"both",0.441315540583741,-0.0344845419177708
"2718","session2",-23.7571681282944,5.00330687650132,2.726982696205,0.000512538004598113,-0.0718832077540035,0.411639369030997,0.676431275412088,4,2,150,0.441315540583741,-0.0344845419177708,19,1.42214907755829,0,-29.40642,2771,0.2,0,15,"both",0.441315540583741,-0.0344845419177708
"2719","session2",-23.7571681282944,5.00330687650132,2.726982696205,0.000512538004598113,-0.0718832077540035,0.411639369030997,0.676431275412088,4,2,150,0.441315540583741,-0.0344845419177708,19,1.36293272251989,1,-17.87791,2771,0.2,0,15,"both",0.441315540583741,-0.0344845419177708
"2720","session2",-23.7571681282944,5.00330687650132,2.726982696205,0.000512538004598113,-0.0718832077540035,0.411639369030997,0.676431275412088,4,2,150,0.441315540583741,-0.0344845419177708,19,1.80100638873784,1,-26.35918,2771,0.2,0,15,"both",0.441315540583741,-0.0344845419177708
"2721","session2",-23.7571681282944,5.00330687650132,2.726982696205,0.000512538004598113,-0.0718832077540035,0.411639369030997,0.676431275412088,4,2,150,0.441315540583741,-0.0344845419177708,19,3.42148081276776,0,-28.08517,2771,0.2,0,15,"both",0.441315540583741,-0.0344845419177708
"2722","session2",-23.7571681282944,5.00330687650132,2.726982696205,0.000512538004598113,-0.0718832077540035,0.411639369030997,0.676431275412088,4,2,150,0.441315540583741,-0.0344845419177708,19,1.77591738020844,0,-33.20426,2771,0.2,0,15,"both",0.441315540583741,-0.0344845419177708
"2723","session2",-23.7571681282944,5.00330687650132,2.726982696205,0.000512538004598113,-0.0718832077540035,0.411639369030997,0.676431275412088,4,2,150,0.441315540583741,-0.0344845419177708,19,2.39153466935245,1,-23.54033,2771,0.2,0,15,"both",0.441315540583741,-0.0344845419177708
"2724","session2",-23.7571681282944,5.00330687650132,2.726982696205,0.000512538004598113,-0.0718832077540035,0.411639369030997,0.676431275412088,4,2,150,0.441315540583741,-0.0344845419177708,19,1.31148039852956,0,-28.44647,2771,0.2,0,15,"both",0.441315540583741,-0.0344845419177708
"2725","session2",-23.7571681282944,5.00330687650132,2.726982696205,0.000512538004598113,-0.0718832077540035,0.411639369030997,0.676431275412088,4,2,150,0.441315540583741,-0.0344845419177708,19,2.56391680063529,1,-21.03376,2771,0.2,0,15,"both",0.441315540583741,-0.0344845419177708
"2726","session2",-23.7571681282944,5.00330687650132,2.726982696205,0.000512538004598113,-0.0718832077540035,0.411639369030997,0.676431275412088,4,2,150,0.441315540583741,-0.0344845419177708,19,1.86098070303551,1,-22.73679,2771,0.2,0,15,"both",0.441315540583741,-0.0344845419177708
"2727","session2",-23.7571681282944,5.00330687650132,2.726982696205,0.000512538004598113,-0.0718832077540035,0.411639369030997,0.676431275412088,4,2,150,0.441315540583741,-0.0344845419177708,19,1.63186835923697,0,-40.569,2771,0.2,0,15,"both",0.441315540583741,-0.0344845419177708
"2728","session2",-23.7571681282944,5.00330687650132,2.726982696205,0.000512538004598113,-0.0718832077540035,0.411639369030997,0.676431275412088,4,2,150,0.441315540583741,-0.0344845419177708,19,3.06162063703564,0,-22.99984,2771,0.2,0,15,"both",0.441315540583741,-0.0344845419177708
"2729","session2",-23.7571681282944,5.00330687650132,2.726982696205,0.000512538004598113,-0.0718832077540035,0.411639369030997,0.676431275412088,4,2,150,0.441315540583741,-0.0344845419177708,19,1.34066844712051,0,-31.32481,2771,0.2,0,15,"both",0.441315540583741,-0.0344845419177708
"2730","session2",-23.7571681282944,5.00330687650132,2.726982696205,0.000512538004598113,-0.0718832077540035,0.411639369030997,0.676431275412088,4,2,150,0.441315540583741,-0.0344845419177708,19,2.50691610823443,1,-22.24395,2771,0.2,0,15,"both",0.441315540583741,-0.0344845419177708
"2731","session2",-23.7571681282944,5.00330687650132,2.726982696205,0.000512538004598113,-0.0718832077540035,0.411639369030997,0.676431275412088,4,2,150,0.441315540583741,-0.0344845419177708,19,1.39781263517208,0,-27.96184,2771,0.2,0,15,"both",0.441315540583741,-0.0344845419177708
"2732","session2",-23.7571681282944,5.00330687650132,2.726982696205,0.000512538004598113,-0.0718832077540035,0.411639369030997,0.676431275412088,4,2,150,0.441315540583741,-0.0344845419177708,19,1.29771491990864,0,-31.50851,2771,0.2,0,15,"both",0.441315540583741,-0.0344845419177708
"2733","session2",-23.7571681282944,5.00330687650132,2.726982696205,0.000512538004598113,-0.0718832077540035,0.411639369030997,0.676431275412088,4,2,150,0.441315540583741,-0.0344845419177708,19,1.25163330762223,0,-34.9026,2771,0.2,0,15,"both",0.441315540583741,-0.0344845419177708
"2734","session2",-23.7571681282944,5.00330687650132,2.726982696205,0.000512538004598113,-0.0718832077540035,0.411639369030997,0.676431275412088,4,2,150,0.441315540583741,-0.0344845419177708,19,1.94081651909269,1,-28.1116,2771,0.2,0,15,"both",0.441315540583741,-0.0344845419177708
"2735","session2",-23.7571681282944,5.00330687650132,2.726982696205,0.000512538004598113,-0.0718832077540035,0.411639369030997,0.676431275412088,4,2,150,0.441315540583741,-0.0344845419177708,19,1.54852854614585,0,-28.63396,2771,0.2,0,15,"both",0.441315540583741,-0.0344845419177708
"2736","session2",-23.7571681282944,5.00330687650132,2.726982696205,0.000512538004598113,-0.0718832077540035,0.411639369030997,0.676431275412088,4,2,150,0.441315540583741,-0.0344845419177708,19,3.69402020075094,1,-19.18761,2771,0.2,0,15,"both",0.441315540583741,-0.0344845419177708
"2737","session2",-23.7571681282944,5.00330687650132,2.726982696205,0.000512538004598113,-0.0718832077540035,0.411639369030997,0.676431275412088,4,2,150,0.441315540583741,-0.0344845419177708,19,1.1765410406327,0,-28.68969,2771,0.2,0,15,"both",0.441315540583741,-0.0344845419177708
"2738","session2",-23.7571681282944,5.00330687650132,2.726982696205,0.000512538004598113,-0.0718832077540035,0.411639369030997,0.676431275412088,4,2,150,0.441315540583741,-0.0344845419177708,19,2.25394989383605,1,-22.66658,2771,0.2,0,15,"both",0.441315540583741,-0.0344845419177708
"2739","session2",-23.7571681282944,5.00330687650132,2.726982696205,0.000512538004598113,-0.0718832077540035,0.411639369030997,0.676431275412088,4,2,150,0.441315540583741,-0.0344845419177708,19,2.51381981772303,1,-24.82797,2771,0.2,0,15,"both",0.441315540583741,-0.0344845419177708
"2740","session2",-23.7571681282944,5.00330687650132,2.726982696205,0.000512538004598113,-0.0718832077540035,0.411639369030997,0.676431275412088,4,2,150,0.441315540583741,-0.0344845419177708,19,1.60480423139275,0,-32.13802,2771,0.2,0,15,"both",0.441315540583741,-0.0344845419177708
"2741","session2",-23.7571681282944,5.00330687650132,2.726982696205,0.000512538004598113,-0.0718832077540035,0.411639369030997,0.676431275412088,4,2,150,0.441315540583741,-0.0344845419177708,19,2.46413164049571,0,-27.01219,2771,0.2,0,15,"both",0.441315540583741,-0.0344845419177708
"2742","session2",-23.7571681282944,5.00330687650132,2.726982696205,0.000512538004598113,-0.0718832077540035,0.411639369030997,0.676431275412088,4,2,150,0.441315540583741,-0.0344845419177708,19,1.22977091095106,0,-31.69079,2771,0.2,0,15,"both",0.441315540583741,-0.0344845419177708
"2743","session2",-23.7571681282944,5.00330687650132,2.726982696205,0.000512538004598113,-0.0718832077540035,0.411639369030997,0.676431275412088,4,2,150,0.441315540583741,-0.0344845419177708,19,2.34195456545427,0,-25.65119,2771,0.2,0,15,"both",0.441315540583741,-0.0344845419177708
"2744","session2",-23.7571681282944,5.00330687650132,2.726982696205,0.000512538004598113,-0.0718832077540035,0.411639369030997,0.676431275412088,4,2,150,0.441315540583741,-0.0344845419177708,19,1.68268266265178,0,-25.72452,2771,0.2,0,15,"both",0.441315540583741,-0.0344845419177708
"2745","session2",-23.7571681282944,5.00330687650132,2.726982696205,0.000512538004598113,-0.0718832077540035,0.411639369030997,0.676431275412088,4,2,150,0.441315540583741,-0.0344845419177708,19,2.81402390173412,0,-25.71442,2771,0.2,0,15,"both",0.441315540583741,-0.0344845419177708
"2746","session2",-23.7571681282944,5.00330687650132,2.726982696205,0.000512538004598113,-0.0718832077540035,0.411639369030997,0.676431275412088,4,2,150,0.441315540583741,-0.0344845419177708,19,1.71754687571947,1,-19.22645,2771,0.2,0,15,"both",0.441315540583741,-0.0344845419177708
"2747","session2",-23.7571681282944,5.00330687650132,2.726982696205,0.000512538004598113,-0.0718832077540035,0.411639369030997,0.676431275412088,4,2,150,0.441315540583741,-0.0344845419177708,19,2.03812356675872,1,-19.77821,2771,0.2,0,15,"both",0.441315540583741,-0.0344845419177708
"2748","session2",-23.7571681282944,5.00330687650132,2.726982696205,0.000512538004598113,-0.0718832077540035,0.411639369030997,0.676431275412088,4,2,150,0.441315540583741,-0.0344845419177708,19,3.52220502278902,0,-27.72899,2771,0.2,0,15,"both",0.441315540583741,-0.0344845419177708
"2749","session2",-23.7571681282944,5.00330687650132,2.726982696205,0.000512538004598113,-0.0718832077540035,0.411639369030997,0.676431275412088,4,2,150,0.441315540583741,-0.0344845419177708,19,1.86586409124407,1,-26.63434,2771,0.2,0,15,"both",0.441315540583741,-0.0344845419177708
"2750","session2",-23.7571681282944,5.00330687650132,2.726982696205,0.000512538004598113,-0.0718832077540035,0.411639369030997,0.676431275412088,4,2,150,0.441315540583741,-0.0344845419177708,19,2.16426759851861,0,-26.45653,2771,0.2,0,15,"both",0.441315540583741,-0.0344845419177708
"2751","session2",-23.7571681282944,5.00330687650132,2.726982696205,0.000512538004598113,-0.0718832077540035,0.411639369030997,0.676431275412088,4,2,150,0.441315540583741,-0.0344845419177708,19,2.48752782462592,1,-19.85155,2771,0.2,0,15,"both",0.441315540583741,-0.0344845419177708
"2752","session2",-23.7571681282944,5.00330687650132,2.726982696205,0.000512538004598113,-0.0718832077540035,0.411639369030997,0.676431275412088,4,2,150,0.441315540583741,-0.0344845419177708,19,2.46164044554424,1,-21.7751,2771,0.2,0,15,"both",0.441315540583741,-0.0344845419177708
"2753","session2",-23.7571681282944,5.00330687650132,2.726982696205,0.000512538004598113,-0.0718832077540035,0.411639369030997,0.676431275412088,4,2,150,0.441315540583741,-0.0344845419177708,19,2.06794560523667,1,-21.42808,2771,0.2,0,15,"both",0.441315540583741,-0.0344845419177708
"2754","session2",-23.7571681282944,5.00330687650132,2.726982696205,0.000512538004598113,-0.0718832077540035,0.411639369030997,0.676431275412088,4,2,150,0.441315540583741,-0.0344845419177708,19,1.84870783759919,1,-21.48188,2771,0.2,0,15,"both",0.441315540583741,-0.0344845419177708
"2755","session2",-23.7571681282944,5.00330687650132,2.726982696205,0.000512538004598113,-0.0718832077540035,0.411639369030997,0.676431275412088,4,2,150,0.441315540583741,-0.0344845419177708,19,3.68658837645067,1,-23.03587,2771,0.2,0,15,"both",0.441315540583741,-0.0344845419177708
"2756","session2",-23.7571681282944,5.00330687650132,2.726982696205,0.000512538004598113,-0.0718832077540035,0.411639369030997,0.676431275412088,4,2,150,0.441315540583741,-0.0344845419177708,19,2.26389399123199,1,-21.54472,2771,0.2,0,15,"both",0.441315540583741,-0.0344845419177708
"2757","session2",-23.7571681282944,5.00330687650132,2.726982696205,0.000512538004598113,-0.0718832077540035,0.411639369030997,0.676431275412088,4,2,150,0.441315540583741,-0.0344845419177708,19,2.49533190678766,0,-26.38552,2771,0.2,0,15,"both",0.441315540583741,-0.0344845419177708
"2758","session2",-23.7571681282944,5.00330687650132,2.726982696205,0.000512538004598113,-0.0718832077540035,0.411639369030997,0.676431275412088,4,2,150,0.441315540583741,-0.0344845419177708,19,1.42161574546919,1,-26.72677,2771,0.2,0,15,"both",0.441315540583741,-0.0344845419177708
"2759","session2",-23.7571681282944,5.00330687650132,2.726982696205,0.000512538004598113,-0.0718832077540035,0.411639369030997,0.676431275412088,4,2,150,0.441315540583741,-0.0344845419177708,19,2.45352985994042,0,-28.36878,2771,0.2,0,15,"both",0.441315540583741,-0.0344845419177708
"2760","session2",-23.7571681282944,5.00330687650132,2.726982696205,0.000512538004598113,-0.0718832077540035,0.411639369030997,0.676431275412088,4,2,150,0.441315540583741,-0.0344845419177708,19,2.28335553555813,1,-21.08093,2771,0.2,0,15,"both",0.441315540583741,-0.0344845419177708
"2761","session2",-23.7571681282944,5.00330687650132,2.726982696205,0.000512538004598113,-0.0718832077540035,0.411639369030997,0.676431275412088,4,2,150,0.441315540583741,-0.0344845419177708,19,1.64041961566334,0,-26.1886,2771,0.2,0,15,"both",0.441315540583741,-0.0344845419177708
"2762","session2",-23.7571681282944,5.00330687650132,2.726982696205,0.000512538004598113,-0.0718832077540035,0.411639369030997,0.676431275412088,4,2,150,0.441315540583741,-0.0344845419177708,19,2.53196396585403,0,-28.27769,2771,0.2,0,15,"both",0.441315540583741,-0.0344845419177708
"2763","session2",-23.7571681282944,5.00330687650132,2.726982696205,0.000512538004598113,-0.0718832077540035,0.411639369030997,0.676431275412088,4,2,150,0.441315540583741,-0.0344845419177708,19,2.13238946733816,0,-27.63595,2771,0.2,0,15,"both",0.441315540583741,-0.0344845419177708
"2764","session2",-23.7571681282944,5.00330687650132,2.726982696205,0.000512538004598113,-0.0718832077540035,0.411639369030997,0.676431275412088,4,2,150,0.441315540583741,-0.0344845419177708,19,1.31489550917562,1,-26.86334,2771,0.2,0,15,"both",0.441315540583741,-0.0344845419177708
"2765","session2",-23.7571681282944,5.00330687650132,2.726982696205,0.000512538004598113,-0.0718832077540035,0.411639369030997,0.676431275412088,4,2,150,0.441315540583741,-0.0344845419177708,19,2.53782604110902,0,-27.65737,2771,0.2,0,15,"both",0.441315540583741,-0.0344845419177708
"2766","session2",-23.7571681282944,5.00330687650132,2.726982696205,0.000512538004598113,-0.0718832077540035,0.411639369030997,0.676431275412088,4,2,150,0.441315540583741,-0.0344845419177708,19,2.64129446608365,0,-21.34283,2771,0.2,0,15,"both",0.441315540583741,-0.0344845419177708
"2767","session2",-23.7571681282944,5.00330687650132,2.726982696205,0.000512538004598113,-0.0718832077540035,0.411639369030997,0.676431275412088,4,2,150,0.441315540583741,-0.0344845419177708,19,2.29640642316901,1,-20.65491,2771,0.2,0,15,"both",0.441315540583741,-0.0344845419177708
"2768","session2",-23.7571681282944,5.00330687650132,2.726982696205,0.000512538004598113,-0.0718832077540035,0.411639369030997,0.676431275412088,4,2,150,0.441315540583741,-0.0344845419177708,19,1.70659392492023,1,-27.47556,2771,0.2,0,15,"both",0.441315540583741,-0.0344845419177708
"2769","session2",-23.7571681282944,5.00330687650132,2.726982696205,0.000512538004598113,-0.0718832077540035,0.411639369030997,0.676431275412088,4,2,150,0.441315540583741,-0.0344845419177708,19,2.75448004678572,0,-28.6145,2771,0.2,0,15,"both",0.441315540583741,-0.0344845419177708
"2770","session2",-23.7571681282944,5.00330687650132,2.726982696205,0.000512538004598113,-0.0718832077540035,0.411639369030997,0.676431275412088,4,2,150,0.441315540583741,-0.0344845419177708,19,3.96972771974517,0,-21.74104,2771,0.2,0,15,"both",0.441315540583741,-0.0344845419177708
"2771","session2",-23.7571681282944,5.00330687650132,2.726982696205,0.000512538004598113,-0.0718832077540035,0.411639369030997,0.676431275412088,4,2,150,0.441315540583741,-0.0344845419177708,19,2.49300114181253,1,-20.5743,2771,0.2,0,15,"both",0.441315540583741,-0.0344845419177708
"2772","session2",-23.7571681282944,5.00330687650132,2.726982696205,0.000512538004598113,-0.0718832077540035,0.411639369030997,0.676431275412088,4,2,150,0.441315540583741,-0.0344845419177708,19,1.90578005369262,1,-32.28409,2771,0.2,0,15,"both",0.441315540583741,-0.0344845419177708
"2773","session2",-23.7571681282944,5.00330687650132,2.726982696205,0.000512538004598113,-0.0718832077540035,0.411639369030997,0.676431275412088,4,2,150,0.441315540583741,-0.0344845419177708,19,2.28551423929297,0,-25.69697,2771,0.2,0,15,"both",0.441315540583741,-0.0344845419177708
"2774","session2",-23.7571681282944,5.00330687650132,2.726982696205,0.000512538004598113,-0.0718832077540035,0.411639369030997,0.676431275412088,4,2,150,0.441315540583741,-0.0344845419177708,19,3.43200640614826,0,-27.81835,2771,0.2,0,15,"both",0.441315540583741,-0.0344845419177708
"2775","session2",-23.7571681282944,5.00330687650132,2.726982696205,0.000512538004598113,-0.0718832077540035,0.411639369030997,0.676431275412088,4,2,150,0.441315540583741,-0.0344845419177708,19,2.22167242080696,1,-18.46489,2771,0.2,0,15,"both",0.441315540583741,-0.0344845419177708
"2776","session2",-23.7571681282944,5.00330687650132,2.726982696205,0.000512538004598113,-0.0718832077540035,0.411639369030997,0.676431275412088,4,2,150,0.441315540583741,-0.0344845419177708,19,2.72959205264259,1,-22.0956,2771,0.2,0,15,"both",0.441315540583741,-0.0344845419177708
"2777","session2",-23.7571681282944,5.00330687650132,2.726982696205,0.000512538004598113,-0.0718832077540035,0.411639369030997,0.676431275412088,4,2,150,0.441315540583741,-0.0344845419177708,19,2.47086343325008,0,-27.61252,2771,0.2,0,15,"both",0.441315540583741,-0.0344845419177708
"2778","session2",-23.7571681282944,5.00330687650132,2.726982696205,0.000512538004598113,-0.0718832077540035,0.411639369030997,0.676431275412088,4,2,150,0.441315540583741,-0.0344845419177708,19,2.81818609142762,0,-26.44317,2771,0.2,0,15,"both",0.441315540583741,-0.0344845419177708
"2779","session2",-23.7571681282944,5.00330687650132,2.726982696205,0.000512538004598113,-0.0718832077540035,0.411639369030997,0.676431275412088,4,2,150,0.441315540583741,-0.0344845419177708,19,2.54497162070881,0,-22.0516,2771,0.2,0,15,"both",0.441315540583741,-0.0344845419177708
"2780","session2",-23.7571681282944,5.00330687650132,2.726982696205,0.000512538004598113,-0.0718832077540035,0.411639369030997,0.676431275412088,4,2,150,0.441315540583741,-0.0344845419177708,19,2.62762444553082,1,-27.60388,2771,0.2,0,15,"both",0.441315540583741,-0.0344845419177708
"2781","session2",-23.7571681282944,5.00330687650132,2.726982696205,0.000512538004598113,-0.0718832077540035,0.411639369030997,0.676431275412088,4,2,150,0.441315540583741,-0.0344845419177708,19,2.27251056176173,0,-28.13613,2771,0.2,0,15,"both",0.441315540583741,-0.0344845419177708
"2782","session2",-23.7571681282944,5.00330687650132,2.726982696205,0.000512538004598113,-0.0718832077540035,0.411639369030997,0.676431275412088,4,2,150,0.441315540583741,-0.0344845419177708,19,1.94316450514471,1,-21.18754,2771,0.2,0,15,"both",0.441315540583741,-0.0344845419177708
"2783","session2",-23.7571681282944,5.00330687650132,2.726982696205,0.000512538004598113,-0.0718832077540035,0.411639369030997,0.676431275412088,4,2,150,0.441315540583741,-0.0344845419177708,19,1.89323953403335,1,-20.6376,2771,0.2,0,15,"both",0.441315540583741,-0.0344845419177708
"2784","session2",-23.7571681282944,5.00330687650132,2.726982696205,0.000512538004598113,-0.0718832077540035,0.411639369030997,0.676431275412088,4,2,150,0.441315540583741,-0.0344845419177708,19,4.06124945934478,0,-28.2061,2771,0.2,0,15,"both",0.441315540583741,-0.0344845419177708
"2785","session2",-23.7571681282944,5.00330687650132,2.726982696205,0.000512538004598113,-0.0718832077540035,0.411639369030997,0.676431275412088,4,2,150,0.441315540583741,-0.0344845419177708,19,3.1322632764363,1,-22.39355,2771,0.2,0,15,"both",0.441315540583741,-0.0344845419177708
"2786","session2",-23.7571681282944,5.00330687650132,2.726982696205,0.000512538004598113,-0.0718832077540035,0.411639369030997,0.676431275412088,4,2,150,0.441315540583741,-0.0344845419177708,19,1.9700690080624,1,-20.78312,2771,0.2,0,15,"both",0.441315540583741,-0.0344845419177708
"2787","session2",-23.7571681282944,5.00330687650132,2.726982696205,0.000512538004598113,-0.0718832077540035,0.411639369030997,0.676431275412088,4,2,150,0.441315540583741,-0.0344845419177708,19,2.88440729401737,0,-27.01224,2771,0.2,0,15,"both",0.441315540583741,-0.0344845419177708
"2788","session2",-23.7571681282944,5.00330687650132,2.726982696205,0.000512538004598113,-0.0718832077540035,0.411639369030997,0.676431275412088,4,2,150,0.441315540583741,-0.0344845419177708,19,1.63424914168706,0,-28.93585,2771,0.2,0,15,"both",0.441315540583741,-0.0344845419177708
"2789","session2",-23.7571681282944,5.00330687650132,2.726982696205,0.000512538004598113,-0.0718832077540035,0.411639369030997,0.676431275412088,4,2,150,0.441315540583741,-0.0344845419177708,19,3.46321441325188,0,-29.55216,2771,0.2,0,15,"both",0.441315540583741,-0.0344845419177708
"2790","session2",-23.7571681282944,5.00330687650132,2.726982696205,0.000512538004598113,-0.0718832077540035,0.411639369030997,0.676431275412088,4,2,150,0.441315540583741,-0.0344845419177708,19,2.61825538257309,1,-21.25116,2771,0.2,0,15,"both",0.441315540583741,-0.0344845419177708
"2791","session2",-23.7571681282944,5.00330687650132,2.726982696205,0.000512538004598113,-0.0718832077540035,0.411639369030997,0.676431275412088,4,2,150,0.441315540583741,-0.0344845419177708,19,2.37328461483302,0,-27.40643,2771,0.2,0,15,"both",0.441315540583741,-0.0344845419177708
"2792","session2",-23.7571681282944,5.00330687650132,2.726982696205,0.000512538004598113,-0.0718832077540035,0.411639369030997,0.676431275412088,4,2,150,0.441315540583741,-0.0344845419177708,19,1.54875169072934,0,-26.1145,2771,0.2,0,15,"both",0.441315540583741,-0.0344845419177708
"2793","session2",-23.7571681282944,5.00330687650132,2.726982696205,0.000512538004598113,-0.0718832077540035,0.411639369030997,0.676431275412088,4,2,150,0.441315540583741,-0.0344845419177708,19,2.15997362902664,0,-21.50189,2771,0.2,0,15,"both",0.441315540583741,-0.0344845419177708
"2794","session2",-23.7571681282944,5.00330687650132,2.726982696205,0.000512538004598113,-0.0718832077540035,0.411639369030997,0.676431275412088,4,2,150,0.441315540583741,-0.0344845419177708,19,2.40743439951786,0,-27.52316,2771,0.2,0,15,"both",0.441315540583741,-0.0344845419177708
"2795","session2",-23.7571681282944,5.00330687650132,2.726982696205,0.000512538004598113,-0.0718832077540035,0.411639369030997,0.676431275412088,4,2,150,0.441315540583741,-0.0344845419177708,19,4.36431529320023,0,-27.85921,2771,0.2,0,15,"both",0.441315540583741,-0.0344845419177708
"2796","session2",-23.7571681282944,5.00330687650132,2.726982696205,0.000512538004598113,-0.0718832077540035,0.411639369030997,0.676431275412088,4,2,150,0.441315540583741,-0.0344845419177708,19,1.71999193520811,0,-29.16531,2771,0.2,0,15,"both",0.441315540583741,-0.0344845419177708
"2797","session2",-23.7571681282944,5.00330687650132,2.726982696205,0.000512538004598113,-0.0718832077540035,0.411639369030997,0.676431275412088,4,2,150,0.441315540583741,-0.0344845419177708,19,3.20410692419739,0,-21.267,2771,0.2,0,15,"both",0.441315540583741,-0.0344845419177708
"2798","session2",-23.7571681282944,5.00330687650132,2.726982696205,0.000512538004598113,-0.0718832077540035,0.411639369030997,0.676431275412088,4,2,150,0.441315540583741,-0.0344845419177708,19,2.05284359277263,0,-28.74391,2771,0.2,0,15,"both",0.441315540583741,-0.0344845419177708
"2799","session2",-23.7571681282944,5.00330687650132,2.726982696205,0.000512538004598113,-0.0718832077540035,0.411639369030997,0.676431275412088,4,2,150,0.441315540583741,-0.0344845419177708,19,1.32485670130026,1,-21.35258,2771,0.2,0,15,"both",0.441315540583741,-0.0344845419177708
"2800","session2",-23.7571681282944,5.00330687650132,2.726982696205,0.000512538004598113,-0.0718832077540035,0.411639369030997,0.676431275412088,4,2,150,0.441315540583741,-0.0344845419177708,19,1.52589377610849,1,-15.17074,2771,0.2,0,15,"both",0.441315540583741,-0.0344845419177708
"2801","session2",-23.7571681282944,5.00330687650132,2.726982696205,0.000512538004598113,-0.0718832077540035,0.411639369030997,0.676431275412088,4,2,150,0.441315540583741,-0.0344845419177708,19,3.0556574412824,0,-21.49174,2771,0.2,0,15,"both",0.441315540583741,-0.0344845419177708
"2802","session2",-23.7571681282944,5.00330687650132,2.726982696205,0.000512538004598113,-0.0718832077540035,0.411639369030997,0.676431275412088,4,2,150,0.441315540583741,-0.0344845419177708,19,2.71660720913898,0,-20.68216,2771,0.2,0,15,"both",0.441315540583741,-0.0344845419177708
"2803","session2",-23.7571681282944,5.00330687650132,2.726982696205,0.000512538004598113,-0.0718832077540035,0.411639369030997,0.676431275412088,4,2,150,0.441315540583741,-0.0344845419177708,19,2.04093724891924,0,-28.22835,2771,0.2,0,15,"both",0.441315540583741,-0.0344845419177708
"2804","session2",-23.7571681282944,5.00330687650132,2.726982696205,0.000512538004598113,-0.0718832077540035,0.411639369030997,0.676431275412088,4,2,150,0.441315540583741,-0.0344845419177708,19,2.07945035459913,1,-20.89001,2771,0.2,0,15,"both",0.441315540583741,-0.0344845419177708
"2805","session2",-23.7571681282944,5.00330687650132,2.726982696205,0.000512538004598113,-0.0718832077540035,0.411639369030997,0.676431275412088,4,2,150,0.441315540583741,-0.0344845419177708,19,2.65431440773528,1,-18.0874,2771,0.2,0,15,"both",0.441315540583741,-0.0344845419177708
"2806","session2",-23.7571681282944,5.00330687650132,2.726982696205,0.000512538004598113,-0.0718832077540035,0.411639369030997,0.676431275412088,4,2,150,0.441315540583741,-0.0344845419177708,19,2.41185738578268,0,-27.00079,2771,0.2,0,15,"both",0.441315540583741,-0.0344845419177708
"2807","session2",-23.7571681282944,5.00330687650132,2.726982696205,0.000512538004598113,-0.0718832077540035,0.411639369030997,0.676431275412088,4,2,150,0.441315540583741,-0.0344845419177708,19,1.61541456236454,1,-20.56635,2771,0.2,0,15,"both",0.441315540583741,-0.0344845419177708
"2808","session2",-23.7571681282944,5.00330687650132,2.726982696205,0.000512538004598113,-0.0718832077540035,0.411639369030997,0.676431275412088,4,2,150,0.441315540583741,-0.0344845419177708,19,1.93010186995929,1,-19.4034,2771,0.2,0,15,"both",0.441315540583741,-0.0344845419177708
"2809","session2",-23.7571681282944,5.00330687650132,2.726982696205,0.000512538004598113,-0.0718832077540035,0.411639369030997,0.676431275412088,4,2,150,0.441315540583741,-0.0344845419177708,19,1.40601753235462,0,-29.38525,2771,0.2,0,15,"both",0.441315540583741,-0.0344845419177708
"2810","session2",-23.7571681282944,5.00330687650132,2.726982696205,0.000512538004598113,-0.0718832077540035,0.411639369030997,0.676431275412088,4,2,150,0.441315540583741,-0.0344845419177708,19,1.7566287922858,1,-21.82529,2771,0.2,0,15,"both",0.441315540583741,-0.0344845419177708
"2811","session2",-23.7571681282944,5.00330687650132,2.726982696205,0.000512538004598113,-0.0718832077540035,0.411639369030997,0.676431275412088,4,2,150,0.441315540583741,-0.0344845419177708,19,3.35942509146432,1,-27.84548,2771,0.2,0,15,"both",0.441315540583741,-0.0344845419177708
"2812","session2",-23.7571681282944,5.00330687650132,2.726982696205,0.000512538004598113,-0.0718832077540035,0.411639369030997,0.676431275412088,4,2,150,0.441315540583741,-0.0344845419177708,19,2.84273535323252,0,-28.52178,2771,0.2,0,15,"both",0.441315540583741,-0.0344845419177708
"2813","session2",-23.7571681282944,5.00330687650132,2.726982696205,0.000512538004598113,-0.0718832077540035,0.411639369030997,0.676431275412088,4,2,150,0.441315540583741,-0.0344845419177708,19,1.7252847188132,0,-21.38835,2771,0.2,0,15,"both",0.441315540583741,-0.0344845419177708
"2814","session2",-23.7571681282944,5.00330687650132,2.726982696205,0.000512538004598113,-0.0718832077540035,0.411639369030997,0.676431275412088,4,2,150,0.441315540583741,-0.0344845419177708,19,1.63019849998887,0,-21.62299,2771,0.2,0,15,"both",0.441315540583741,-0.0344845419177708
"2815","session2",-23.7571681282944,5.00330687650132,2.726982696205,0.000512538004598113,-0.0718832077540035,0.411639369030997,0.676431275412088,4,2,150,0.441315540583741,-0.0344845419177708,19,2.80665011227928,1,-21.10667,2771,0.2,0,15,"both",0.441315540583741,-0.0344845419177708
"2816","session2",-23.7571681282944,5.00330687650132,2.726982696205,0.000512538004598113,-0.0718832077540035,0.411639369030997,0.676431275412088,4,2,150,0.441315540583741,-0.0344845419177708,19,2.39740403476666,0,-26.24194,2771,0.2,0,15,"both",0.441315540583741,-0.0344845419177708
"2817","session2",-23.7571681282944,5.00330687650132,2.726982696205,0.000512538004598113,-0.0718832077540035,0.411639369030997,0.676431275412088,4,2,150,0.441315540583741,-0.0344845419177708,19,1.70723967069819,1,-20.38453,2771,0.2,0,15,"both",0.441315540583741,-0.0344845419177708
"2818","session2",-23.7571681282944,5.00330687650132,2.726982696205,0.000512538004598113,-0.0718832077540035,0.411639369030997,0.676431275412088,4,2,150,0.441315540583741,-0.0344845419177708,19,2.7513197271526,0,-26.59963,2771,0.2,0,15,"both",0.441315540583741,-0.0344845419177708
"2819","session2",-23.7571681282944,5.00330687650132,2.726982696205,0.000512538004598113,-0.0718832077540035,0.411639369030997,0.676431275412088,4,2,150,0.441315540583741,-0.0344845419177708,19,1.4725625710928,1,-19.70843,2771,0.2,0,15,"both",0.441315540583741,-0.0344845419177708
"2820","session2",-23.7571681282944,5.00330687650132,2.726982696205,0.000512538004598113,-0.0718832077540035,0.411639369030997,0.676431275412088,4,2,150,0.441315540583741,-0.0344845419177708,19,2.76076797317445,0,-27.60361,2771,0.2,0,15,"both",0.441315540583741,-0.0344845419177708
"2821","session2",-23.7571681282944,5.00330687650132,2.726982696205,0.000512538004598113,-0.0718832077540035,0.411639369030997,0.676431275412088,4,2,150,0.441315540583741,-0.0344845419177708,19,2.57402350462847,0,-28.36131,2771,0.2,0,15,"both",0.441315540583741,-0.0344845419177708
"2822","session2",-23.7571681282944,5.00330687650132,2.726982696205,0.000512538004598113,-0.0718832077540035,0.411639369030997,0.676431275412088,4,2,150,0.441315540583741,-0.0344845419177708,19,2.01242032330711,1,-20.3284,2771,0.2,0,15,"both",0.441315540583741,-0.0344845419177708
"2823","session2",-23.7571681282944,5.00330687650132,2.726982696205,0.000512538004598113,-0.0718832077540035,0.411639369030997,0.676431275412088,4,2,150,0.441315540583741,-0.0344845419177708,19,3.22719861238985,1,-21.52063,2771,0.2,0,15,"both",0.441315540583741,-0.0344845419177708
"2824","session2",-23.7571681282944,5.00330687650132,2.726982696205,0.000512538004598113,-0.0718832077540035,0.411639369030997,0.676431275412088,4,2,150,0.441315540583741,-0.0344845419177708,19,2.17555487016297,1,-27.38017,2771,0.2,0,15,"both",0.441315540583741,-0.0344845419177708
"2825","session2",-23.7571681282944,5.00330687650132,2.726982696205,0.000512538004598113,-0.0718832077540035,0.411639369030997,0.676431275412088,4,2,150,0.441315540583741,-0.0344845419177708,19,1.37053201953299,0,-27.92586,2771,0.2,0,15,"both",0.441315540583741,-0.0344845419177708
"2826","session2",-23.7571681282944,5.00330687650132,2.726982696205,0.000512538004598113,-0.0718832077540035,0.411639369030997,0.676431275412088,4,2,150,0.441315540583741,-0.0344845419177708,19,2.29484719934441,0,-20.11685,2771,0.2,0,15,"both",0.441315540583741,-0.0344845419177708
"2827","session2",-23.7571681282944,5.00330687650132,2.726982696205,0.000512538004598113,-0.0718832077540035,0.411639369030997,0.676431275412088,4,2,150,0.441315540583741,-0.0344845419177708,19,2.9720603640024,1,-21.58388,2771,0.2,0,15,"both",0.441315540583741,-0.0344845419177708
"2828","session2",-23.7571681282944,5.00330687650132,2.726982696205,0.000512538004598113,-0.0718832077540035,0.411639369030997,0.676431275412088,4,2,150,0.441315540583741,-0.0344845419177708,19,1.86317529800591,0,-25.74826,2771,0.2,0,15,"both",0.441315540583741,-0.0344845419177708
"2829","session2",-23.7571681282944,5.00330687650132,2.726982696205,0.000512538004598113,-0.0718832077540035,0.411639369030997,0.676431275412088,4,2,150,0.441315540583741,-0.0344845419177708,19,1.72286155463472,0,-27.35246,2771,0.2,0,15,"both",0.441315540583741,-0.0344845419177708
"2830","session2",-23.7571681282944,5.00330687650132,2.726982696205,0.000512538004598113,-0.0718832077540035,0.411639369030997,0.676431275412088,4,2,150,0.441315540583741,-0.0344845419177708,19,1.95783095648315,1,-19.37884,2771,0.2,0,15,"both",0.441315540583741,-0.0344845419177708
"2831","session2",-23.7571681282944,5.00330687650132,2.726982696205,0.000512538004598113,-0.0718832077540035,0.411639369030997,0.676431275412088,4,2,150,0.441315540583741,-0.0344845419177708,19,2.18919434176377,1,-20.75688,2771,0.2,0,15,"both",0.441315540583741,-0.0344845419177708
"2832","session2",-23.7571681282944,5.00330687650132,2.726982696205,0.000512538004598113,-0.0718832077540035,0.411639369030997,0.676431275412088,4,2,150,0.441315540583741,-0.0344845419177708,19,3.0914599276021,0,-27.9409,2771,0.2,0,15,"both",0.441315540583741,-0.0344845419177708
"2833","session2",-23.7571681282944,5.00330687650132,2.726982696205,0.000512538004598113,-0.0718832077540035,0.411639369030997,0.676431275412088,4,2,150,0.441315540583741,-0.0344845419177708,19,2.15222967511411,1,-26.19193,2771,0.2,0,15,"both",0.441315540583741,-0.0344845419177708
"2834","session2",-23.7571681282944,5.00330687650132,2.726982696205,0.000512538004598113,-0.0718832077540035,0.411639369030997,0.676431275412088,4,2,150,0.441315540583741,-0.0344845419177708,19,2.8794166017003,1,-21.08402,2771,0.2,0,15,"both",0.441315540583741,-0.0344845419177708
"2835","session2",-23.7571681282944,5.00330687650132,2.726982696205,0.000512538004598113,-0.0718832077540035,0.411639369030997,0.676431275412088,4,2,150,0.441315540583741,-0.0344845419177708,19,2.26812836763898,1,-20.87521,2771,0.2,0,15,"both",0.441315540583741,-0.0344845419177708
"2836","session2",-23.7571681282944,5.00330687650132,2.726982696205,0.000512538004598113,-0.0718832077540035,0.411639369030997,0.676431275412088,4,2,150,0.441315540583741,-0.0344845419177708,19,1.47628548124647,0,-29.09957,2771,0.2,0,15,"both",0.441315540583741,-0.0344845419177708
"2837","session2",-23.7571681282944,5.00330687650132,2.726982696205,0.000512538004598113,-0.0718832077540035,0.411639369030997,0.676431275412088,4,2,150,0.441315540583741,-0.0344845419177708,19,2.17375676256539,1,-19.7827,2771,0.2,0,15,"both",0.441315540583741,-0.0344845419177708
"2838","session2",-23.7571681282944,5.00330687650132,2.726982696205,0.000512538004598113,-0.0718832077540035,0.411639369030997,0.676431275412088,4,2,150,0.441315540583741,-0.0344845419177708,19,2.21296646198901,1,-26.61023,2771,0.2,0,15,"both",0.441315540583741,-0.0344845419177708
"2839","session2",-23.7571681282944,5.00330687650132,2.726982696205,0.000512538004598113,-0.0718832077540035,0.411639369030997,0.676431275412088,4,2,150,0.441315540583741,-0.0344845419177708,19,1.42435817555388,1,-29.74894,2771,0.2,0,15,"both",0.441315540583741,-0.0344845419177708
"2840","session2",-23.7571681282944,5.00330687650132,2.726982696205,0.000512538004598113,-0.0718832077540035,0.411639369030997,0.676431275412088,4,2,150,0.441315540583741,-0.0344845419177708,19,2.18836453300645,1,-20.87685,2771,0.2,0,15,"both",0.441315540583741,-0.0344845419177708
"2841","session2",-23.7571681282944,5.00330687650132,2.726982696205,0.000512538004598113,-0.0718832077540035,0.411639369030997,0.676431275412088,4,2,150,0.441315540583741,-0.0344845419177708,19,1.78454036133975,1,-21.03746,2771,0.2,0,15,"both",0.441315540583741,-0.0344845419177708
"2842","session2",-23.7571681282944,5.00330687650132,2.726982696205,0.000512538004598113,-0.0718832077540035,0.411639369030997,0.676431275412088,4,2,150,0.441315540583741,-0.0344845419177708,19,2.63522646071142,1,-28.14799,2771,0.2,0,15,"both",0.441315540583741,-0.0344845419177708
"2843","session2",-23.7571681282944,5.00330687650132,2.726982696205,0.000512538004598113,-0.0718832077540035,0.411639369030997,0.676431275412088,4,2,150,0.441315540583741,-0.0344845419177708,19,1.46479845038668,1,-22.26031,2771,0.2,0,15,"both",0.441315540583741,-0.0344845419177708
"2844","session2",-23.7571681282944,5.00330687650132,2.726982696205,0.000512538004598113,-0.0718832077540035,0.411639369030997,0.676431275412088,4,2,150,0.441315540583741,-0.0344845419177708,19,3.73666176912101,1,-20.38091,2771,0.2,0,15,"both",0.441315540583741,-0.0344845419177708
"2845","session2",-23.7571681282944,5.00330687650132,2.726982696205,0.000512538004598113,-0.0718832077540035,0.411639369030997,0.676431275412088,4,2,150,0.441315540583741,-0.0344845419177708,19,2.49532369924471,1,-19.99335,2771,0.2,0,15,"both",0.441315540583741,-0.0344845419177708
"2846","session2",-23.7571681282944,5.00330687650132,2.726982696205,0.000512538004598113,-0.0718832077540035,0.411639369030997,0.676431275412088,4,2,150,0.441315540583741,-0.0344845419177708,19,3.35206442725803,0,-21.51555,2771,0.2,0,15,"both",0.441315540583741,-0.0344845419177708
"2847","session2",-23.7571681282944,5.00330687650132,2.726982696205,0.000512538004598113,-0.0718832077540035,0.411639369030997,0.676431275412088,4,2,150,0.441315540583741,-0.0344845419177708,19,3.0819219359236,0,-27.43149,2771,0.2,0,15,"both",0.441315540583741,-0.0344845419177708
"2848","session2",-23.7571681282944,5.00330687650132,2.726982696205,0.000512538004598113,-0.0718832077540035,0.411639369030997,0.676431275412088,4,2,150,0.441315540583741,-0.0344845419177708,19,2.07570562861515,0,-27.87847,2771,0.2,0,15,"both",0.441315540583741,-0.0344845419177708
"2849","session2",-23.7571681282944,5.00330687650132,2.726982696205,0.000512538004598113,-0.0718832077540035,0.411639369030997,0.676431275412088,4,2,150,0.441315540583741,-0.0344845419177708,19,2.47965246591788,0,-30.12434,2771,0.2,0,15,"both",0.441315540583741,-0.0344845419177708
"2850","session2",-23.7571681282944,5.00330687650132,2.726982696205,0.000512538004598113,-0.0718832077540035,0.411639369030997,0.676431275412088,4,2,150,0.441315540583741,-0.0344845419177708,19,2.12269966017281,0,-26.82934,2771,0.2,0,15,"both",0.441315540583741,-0.0344845419177708
"2851","session2",-21.9038763551371,70.0497831181203,1.48381874787731,0.0013300400657767,0.91604729151528,0.304563915023224,0.0797230485900167,5,2,150,0.441315540583741,-0.0344845419177708,20,5.72541600807494,0,-10.3982935311,2771,0.2,0,15,"both",0.441315540583741,-0.0344845419177708
"2852","session2",-21.9038763551371,70.0497831181203,1.48381874787731,0.0013300400657767,0.91604729151528,0.304563915023224,0.0797230485900167,5,2,150,0.441315540583741,-0.0344845419177708,20,2.76258152932087,0,4.29441440312,2771,0.2,0,15,"both",0.441315540583741,-0.0344845419177708
"2853","session2",-21.9038763551371,70.0497831181203,1.48381874787731,0.0013300400657767,0.91604729151528,0.304563915023224,0.0797230485900167,5,2,150,0.441315540583741,-0.0344845419177708,20,3.37508968421786,1,13.79892697769,2771,0.2,0,15,"both",0.441315540583741,-0.0344845419177708
"2854","session2",-21.9038763551371,70.0497831181203,1.48381874787731,0.0013300400657767,0.91604729151528,0.304563915023224,0.0797230485900167,5,2,150,0.441315540583741,-0.0344845419177708,20,4.04231693823154,1,7.1186198401,2771,0.2,0,15,"both",0.441315540583741,-0.0344845419177708
"2855","session2",-21.9038763551371,70.0497831181203,1.48381874787731,0.0013300400657767,0.91604729151528,0.304563915023224,0.0797230485900167,5,2,150,0.441315540583741,-0.0344845419177708,20,4.62326293126294,1,5.05852,2771,0.2,0,15,"both",0.441315540583741,-0.0344845419177708
"2856","session2",-21.9038763551371,70.0497831181203,1.48381874787731,0.0013300400657767,0.91604729151528,0.304563915023224,0.0797230485900167,5,2,150,0.441315540583741,-0.0344845419177708,20,4.98368868037538,0,24.7148,2771,0.2,0,15,"both",0.441315540583741,-0.0344845419177708
"2857","session2",-21.9038763551371,70.0497831181203,1.48381874787731,0.0013300400657767,0.91604729151528,0.304563915023224,0.0797230485900167,5,2,150,0.441315540583741,-0.0344845419177708,20,5.28434800501912,0,8.059,2771,0.2,0,15,"both",0.441315540583741,-0.0344845419177708
"2858","session2",-21.9038763551371,70.0497831181203,1.48381874787731,0.0013300400657767,0.91604729151528,0.304563915023224,0.0797230485900167,5,2,150,0.441315540583741,-0.0344845419177708,20,4.6280838876007,1,9.77092,2771,0.2,0,15,"both",0.441315540583741,-0.0344845419177708
"2859","session2",-21.9038763551371,70.0497831181203,1.48381874787731,0.0013300400657767,0.91604729151528,0.304563915023224,0.0797230485900167,5,2,150,0.441315540583741,-0.0344845419177708,20,5.95009132081133,1,-49.1073,2771,0.2,0,15,"both",0.441315540583741,-0.0344845419177708
"2860","session2",-21.9038763551371,70.0497831181203,1.48381874787731,0.0013300400657767,0.91604729151528,0.304563915023224,0.0797230485900167,5,2,150,0.441315540583741,-0.0344845419177708,20,2.68831089790059,1,1.44793761988,2771,0.2,0,15,"both",0.441315540583741,-0.0344845419177708
"2861","session2",-21.9038763551371,70.0497831181203,1.48381874787731,0.0013300400657767,0.91604729151528,0.304563915023224,0.0797230485900167,5,2,150,0.441315540583741,-0.0344845419177708,20,2.1655391285146,0,17.63099,2771,0.2,0,15,"both",0.441315540583741,-0.0344845419177708
"2862","session2",-21.9038763551371,70.0497831181203,1.48381874787731,0.0013300400657767,0.91604729151528,0.304563915023224,0.0797230485900167,5,2,150,0.441315540583741,-0.0344845419177708,20,3.40919472564515,1,-0.4205118594,2771,0.2,0,15,"both",0.441315540583741,-0.0344845419177708
"2863","session2",-21.9038763551371,70.0497831181203,1.48381874787731,0.0013300400657767,0.91604729151528,0.304563915023224,0.0797230485900167,5,2,150,0.441315540583741,-0.0344845419177708,20,3.2317114034196,1,-0.9926904894,2771,0.2,0,15,"both",0.441315540583741,-0.0344845419177708
"2864","session2",-21.9038763551371,70.0497831181203,1.48381874787731,0.0013300400657767,0.91604729151528,0.304563915023224,0.0797230485900167,5,2,150,0.441315540583741,-0.0344845419177708,20,4.6653073807059,0,-23.56753,2771,0.2,0,15,"both",0.441315540583741,-0.0344845419177708
"2865","session2",-21.9038763551371,70.0497831181203,1.48381874787731,0.0013300400657767,0.91604729151528,0.304563915023224,0.0797230485900167,5,2,150,0.441315540583741,-0.0344845419177708,20,4.82869273167879,1,-3.98547430338,2771,0.2,0,15,"both",0.441315540583741,-0.0344845419177708
"2866","session2",-21.9038763551371,70.0497831181203,1.48381874787731,0.0013300400657767,0.91604729151528,0.304563915023224,0.0797230485900167,5,2,150,0.441315540583741,-0.0344845419177708,20,3.61462324525824,1,-5.4403272604,2771,0.2,0,15,"both",0.441315540583741,-0.0344845419177708
"2867","session2",-21.9038763551371,70.0497831181203,1.48381874787731,0.0013300400657767,0.91604729151528,0.304563915023224,0.0797230485900167,5,2,150,0.441315540583741,-0.0344845419177708,20,2.37834698201445,0,-9.6923,2771,0.2,0,15,"both",0.441315540583741,-0.0344845419177708
"2868","session2",-21.9038763551371,70.0497831181203,1.48381874787731,0.0013300400657767,0.91604729151528,0.304563915023224,0.0797230485900167,5,2,150,0.441315540583741,-0.0344845419177708,20,2.71272047916375,0,-10.1074,2771,0.2,0,15,"both",0.441315540583741,-0.0344845419177708
"2869","session2",-21.9038763551371,70.0497831181203,1.48381874787731,0.0013300400657767,0.91604729151528,0.304563915023224,0.0797230485900167,5,2,150,0.441315540583741,-0.0344845419177708,20,7.50317201075658,0,9.08936,2771,0.2,0,15,"both",0.441315540583741,-0.0344845419177708
"2870","session2",-21.9038763551371,70.0497831181203,1.48381874787731,0.0013300400657767,0.91604729151528,0.304563915023224,0.0797230485900167,5,2,150,0.441315540583741,-0.0344845419177708,20,2.63203725011437,1,37.07312,2771,0.2,0,15,"both",0.441315540583741,-0.0344845419177708
"2871","session2",-21.9038763551371,70.0497831181203,1.48381874787731,0.0013300400657767,0.91604729151528,0.304563915023224,0.0797230485900167,5,2,150,0.441315540583741,-0.0344845419177708,20,2.83946725528035,0,-2.5012519746,2771,0.2,0,15,"both",0.441315540583741,-0.0344845419177708
"2872","session2",-21.9038763551371,70.0497831181203,1.48381874787731,0.0013300400657767,0.91604729151528,0.304563915023224,0.0797230485900167,5,2,150,0.441315540583741,-0.0344845419177708,20,3.31998503036331,0,-0.586340403,2771,0.2,0,15,"both",0.441315540583741,-0.0344845419177708
"2873","session2",-21.9038763551371,70.0497831181203,1.48381874787731,0.0013300400657767,0.91604729151528,0.304563915023224,0.0797230485900167,5,2,150,0.441315540583741,-0.0344845419177708,20,4.75314871600429,1,-2.4253825092,2771,0.2,0,15,"both",0.441315540583741,-0.0344845419177708
"2874","session2",-21.9038763551371,70.0497831181203,1.48381874787731,0.0013300400657767,0.91604729151528,0.304563915023224,0.0797230485900167,5,2,150,0.441315540583741,-0.0344845419177708,20,2.75029174951126,1,0.13783265171,2771,0.2,0,15,"both",0.441315540583741,-0.0344845419177708
"2875","session2",-21.9038763551371,70.0497831181203,1.48381874787731,0.0013300400657767,0.91604729151528,0.304563915023224,0.0797230485900167,5,2,150,0.441315540583741,-0.0344845419177708,20,2.51436478571108,0,35.806299,2771,0.2,0,15,"both",0.441315540583741,-0.0344845419177708
"2876","session2",-21.9038763551371,70.0497831181203,1.48381874787731,0.0013300400657767,0.91604729151528,0.304563915023224,0.0797230485900167,5,2,150,0.441315540583741,-0.0344845419177708,20,3.92065892281133,0,-17.6351,2771,0.2,0,15,"both",0.441315540583741,-0.0344845419177708
"2877","session2",-21.9038763551371,70.0497831181203,1.48381874787731,0.0013300400657767,0.91604729151528,0.304563915023224,0.0797230485900167,5,2,150,0.441315540583741,-0.0344845419177708,20,6.0071294109928,0,-36.8374,2771,0.2,0,15,"both",0.441315540583741,-0.0344845419177708
"2878","session2",-21.9038763551371,70.0497831181203,1.48381874787731,0.0013300400657767,0.91604729151528,0.304563915023224,0.0797230485900167,5,2,150,0.441315540583741,-0.0344845419177708,20,5.18109726051384,0,-16.75157,2771,0.2,0,15,"both",0.441315540583741,-0.0344845419177708
"2879","session2",-21.9038763551371,70.0497831181203,1.48381874787731,0.0013300400657767,0.91604729151528,0.304563915023224,0.0797230485900167,5,2,150,0.441315540583741,-0.0344845419177708,20,2.70161500267801,1,0.46119865737,2771,0.2,0,15,"both",0.441315540583741,-0.0344845419177708
"2880","session2",-21.9038763551371,70.0497831181203,1.48381874787731,0.0013300400657767,0.91604729151528,0.304563915023224,0.0797230485900167,5,2,150,0.441315540583741,-0.0344845419177708,20,3.52290603952046,0,-2.1392112746,2771,0.2,0,15,"both",0.441315540583741,-0.0344845419177708
"2881","session2",-21.9038763551371,70.0497831181203,1.48381874787731,0.0013300400657767,0.91604729151528,0.304563915023224,0.0797230485900167,5,2,150,0.441315540583741,-0.0344845419177708,20,1.93474960448546,1,29.61714,2771,0.2,0,15,"both",0.441315540583741,-0.0344845419177708
"2882","session2",-21.9038763551371,70.0497831181203,1.48381874787731,0.0013300400657767,0.91604729151528,0.304563915023224,0.0797230485900167,5,2,150,0.441315540583741,-0.0344845419177708,20,3.95356070647273,1,12.14644,2771,0.2,0,15,"both",0.441315540583741,-0.0344845419177708
"2883","session2",-21.9038763551371,70.0497831181203,1.48381874787731,0.0013300400657767,0.91604729151528,0.304563915023224,0.0797230485900167,5,2,150,0.441315540583741,-0.0344845419177708,20,5.07235228364891,1,-13.74176,2771,0.2,0,15,"both",0.441315540583741,-0.0344845419177708
"2884","session2",-21.9038763551371,70.0497831181203,1.48381874787731,0.0013300400657767,0.91604729151528,0.304563915023224,0.0797230485900167,5,2,150,0.441315540583741,-0.0344845419177708,20,3.57486844070286,0,-3.4902740572,2771,0.2,0,15,"both",0.441315540583741,-0.0344845419177708
"2885","session2",-21.9038763551371,70.0497831181203,1.48381874787731,0.0013300400657767,0.91604729151528,0.304563915023224,0.0797230485900167,5,2,150,0.441315540583741,-0.0344845419177708,20,2.91782929829942,1,-19.93347,2771,0.2,0,15,"both",0.441315540583741,-0.0344845419177708
"2886","session2",-21.9038763551371,70.0497831181203,1.48381874787731,0.0013300400657767,0.91604729151528,0.304563915023224,0.0797230485900167,5,2,150,0.441315540583741,-0.0344845419177708,20,5.04635325305767,0,-47.5131,2771,0.2,0,15,"both",0.441315540583741,-0.0344845419177708
"2887","session2",-21.9038763551371,70.0497831181203,1.48381874787731,0.0013300400657767,0.91604729151528,0.304563915023224,0.0797230485900167,5,2,150,0.441315540583741,-0.0344845419177708,20,6.14876094287639,1,-0.7060691197,2771,0.2,0,15,"both",0.441315540583741,-0.0344845419177708
"2888","session2",-21.9038763551371,70.0497831181203,1.48381874787731,0.0013300400657767,0.91604729151528,0.304563915023224,0.0797230485900167,5,2,150,0.441315540583741,-0.0344845419177708,20,4.6044472750932,1,-4.508249225939,2771,0.2,0,15,"both",0.441315540583741,-0.0344845419177708
"2889","session2",-21.9038763551371,70.0497831181203,1.48381874787731,0.0013300400657767,0.91604729151528,0.304563915023224,0.0797230485900167,5,2,150,0.441315540583741,-0.0344845419177708,20,2.95873856502895,0,-3.7671402454,2771,0.2,0,15,"both",0.441315540583741,-0.0344845419177708
"2890","session2",-21.9038763551371,70.0497831181203,1.48381874787731,0.0013300400657767,0.91604729151528,0.304563915023224,0.0797230485900167,5,2,150,0.441315540583741,-0.0344845419177708,20,4.12804869588176,0,-3.0032385462,2771,0.2,0,15,"both",0.441315540583741,-0.0344845419177708
"2891","session2",-21.9038763551371,70.0497831181203,1.48381874787731,0.0013300400657767,0.91604729151528,0.304563915023224,0.0797230485900167,5,2,150,0.441315540583741,-0.0344845419177708,20,3.63331507723659,1,-0.76272355236,2771,0.2,0,15,"both",0.441315540583741,-0.0344845419177708
"2892","session2",-21.9038763551371,70.0497831181203,1.48381874787731,0.0013300400657767,0.91604729151528,0.304563915023224,0.0797230485900167,5,2,150,0.441315540583741,-0.0344845419177708,20,3.85903384959661,1,-2.8061120706,2771,0.2,0,15,"both",0.441315540583741,-0.0344845419177708
"2893","session2",-21.9038763551371,70.0497831181203,1.48381874787731,0.0013300400657767,0.91604729151528,0.304563915023224,0.0797230485900167,5,2,150,0.441315540583741,-0.0344845419177708,20,3.08847924081435,1,8.86636,2771,0.2,0,15,"both",0.441315540583741,-0.0344845419177708
"2894","session2",-21.9038763551371,70.0497831181203,1.48381874787731,0.0013300400657767,0.91604729151528,0.304563915023224,0.0797230485900167,5,2,150,0.441315540583741,-0.0344845419177708,20,4.5867694381491,1,3.9306,2771,0.2,0,15,"both",0.441315540583741,-0.0344845419177708
"2895","session2",-21.9038763551371,70.0497831181203,1.48381874787731,0.0013300400657767,0.91604729151528,0.304563915023224,0.0797230485900167,5,2,150,0.441315540583741,-0.0344845419177708,20,4.55590424896184,0,-0.41925,2771,0.2,0,15,"both",0.441315540583741,-0.0344845419177708
"2896","session2",-21.9038763551371,70.0497831181203,1.48381874787731,0.0013300400657767,0.91604729151528,0.304563915023224,0.0797230485900167,5,2,150,0.441315540583741,-0.0344845419177708,20,3.94205761698371,1,-0.99713,2771,0.2,0,15,"both",0.441315540583741,-0.0344845419177708
"2897","session2",-21.9038763551371,70.0497831181203,1.48381874787731,0.0013300400657767,0.91604729151528,0.304563915023224,0.0797230485900167,5,2,150,0.441315540583741,-0.0344845419177708,20,5.90465774481207,0,-48.34876,2771,0.2,0,15,"both",0.441315540583741,-0.0344845419177708
"2898","session2",-21.9038763551371,70.0497831181203,1.48381874787731,0.0013300400657767,0.91604729151528,0.304563915023224,0.0797230485900167,5,2,150,0.441315540583741,-0.0344845419177708,20,4.68146244172457,1,-11.39886,2771,0.2,0,15,"both",0.441315540583741,-0.0344845419177708
"2899","session2",-21.9038763551371,70.0497831181203,1.48381874787731,0.0013300400657767,0.91604729151528,0.304563915023224,0.0797230485900167,5,2,150,0.441315540583741,-0.0344845419177708,20,4.44079522178069,1,-9.6273738613,2771,0.2,0,15,"both",0.441315540583741,-0.0344845419177708
"2900","session2",-21.9038763551371,70.0497831181203,1.48381874787731,0.0013300400657767,0.91604729151528,0.304563915023224,0.0797230485900167,5,2,150,0.441315540583741,-0.0344845419177708,20,5.09924514845987,0,-6.4718808247,2771,0.2,0,15,"both",0.441315540583741,-0.0344845419177708
"2901","session2",-21.9038763551371,70.0497831181203,1.48381874787731,0.0013300400657767,0.91604729151528,0.304563915023224,0.0797230485900167,5,2,150,0.441315540583741,-0.0344845419177708,20,3.45625024978757,0,-6.1823880896,2771,0.2,0,15,"both",0.441315540583741,-0.0344845419177708
"2902","session2",-21.9038763551371,70.0497831181203,1.48381874787731,0.0013300400657767,0.91604729151528,0.304563915023224,0.0797230485900167,5,2,150,0.441315540583741,-0.0344845419177708,20,2.59201981634057,1,-6.04150278655,2771,0.2,0,15,"both",0.441315540583741,-0.0344845419177708
"2903","session2",-21.9038763551371,70.0497831181203,1.48381874787731,0.0013300400657767,0.91604729151528,0.304563915023224,0.0797230485900167,5,2,150,0.441315540583741,-0.0344845419177708,20,3.817070656293,1,34.6301,2771,0.2,0,15,"both",0.441315540583741,-0.0344845419177708
"2904","session2",-21.9038763551371,70.0497831181203,1.48381874787731,0.0013300400657767,0.91604729151528,0.304563915023224,0.0797230485900167,5,2,150,0.441315540583741,-0.0344845419177708,20,3.61145562006874,1,-8.33921,2771,0.2,0,15,"both",0.441315540583741,-0.0344845419177708
"2905","session2",-21.9038763551371,70.0497831181203,1.48381874787731,0.0013300400657767,0.91604729151528,0.304563915023224,0.0797230485900167,5,2,150,0.441315540583741,-0.0344845419177708,20,4.59165939784372,0,-32.98581,2771,0.2,0,15,"both",0.441315540583741,-0.0344845419177708
"2906","session2",-21.9038763551371,70.0497831181203,1.48381874787731,0.0013300400657767,0.91604729151528,0.304563915023224,0.0797230485900167,5,2,150,0.441315540583741,-0.0344845419177708,20,4.32267429358147,0,-24.24291,2771,0.2,0,15,"both",0.441315540583741,-0.0344845419177708
"2907","session2",-21.9038763551371,70.0497831181203,1.48381874787731,0.0013300400657767,0.91604729151528,0.304563915023224,0.0797230485900167,5,2,150,0.441315540583741,-0.0344845419177708,20,3.50238079726629,0,-8.31603,2771,0.2,0,15,"both",0.441315540583741,-0.0344845419177708
"2908","session2",-21.9038763551371,70.0497831181203,1.48381874787731,0.0013300400657767,0.91604729151528,0.304563915023224,0.0797230485900167,5,2,150,0.441315540583741,-0.0344845419177708,20,3.77706108371331,1,5.9846,2771,0.2,0,15,"both",0.441315540583741,-0.0344845419177708
"2909","session2",-21.9038763551371,70.0497831181203,1.48381874787731,0.0013300400657767,0.91604729151528,0.304563915023224,0.0797230485900167,5,2,150,0.441315540583741,-0.0344845419177708,20,2.76902488675694,0,-8.201625671449,2771,0.2,0,15,"both",0.441315540583741,-0.0344845419177708
"2910","session2",-21.9038763551371,70.0497831181203,1.48381874787731,0.0013300400657767,0.91604729151528,0.304563915023224,0.0797230485900167,5,2,150,0.441315540583741,-0.0344845419177708,20,2.95363857085355,1,-3.44005,2771,0.2,0,15,"both",0.441315540583741,-0.0344845419177708
"2911","session2",-21.9038763551371,70.0497831181203,1.48381874787731,0.0013300400657767,0.91604729151528,0.304563915023224,0.0797230485900167,5,2,150,0.441315540583741,-0.0344845419177708,20,2.66023946732314,0,21.60494,2771,0.2,0,15,"both",0.441315540583741,-0.0344845419177708
"2912","session2",-21.9038763551371,70.0497831181203,1.48381874787731,0.0013300400657767,0.91604729151528,0.304563915023224,0.0797230485900167,5,2,150,0.441315540583741,-0.0344845419177708,20,3.56167666027343,0,-2.19927,2771,0.2,0,15,"both",0.441315540583741,-0.0344845419177708
"2913","session2",-21.9038763551371,70.0497831181203,1.48381874787731,0.0013300400657767,0.91604729151528,0.304563915023224,0.0797230485900167,5,2,150,0.441315540583741,-0.0344845419177708,20,3.28560680267164,1,-18.81203,2771,0.2,0,15,"both",0.441315540583741,-0.0344845419177708
"2914","session2",-21.9038763551371,70.0497831181203,1.48381874787731,0.0013300400657767,0.91604729151528,0.304563915023224,0.0797230485900167,5,2,150,0.441315540583741,-0.0344845419177708,20,1.8635524825675,1,-15.99542,2771,0.2,0,15,"both",0.441315540583741,-0.0344845419177708
"2915","session2",-21.9038763551371,70.0497831181203,1.48381874787731,0.0013300400657767,0.91604729151528,0.304563915023224,0.0797230485900167,5,2,150,0.441315540583741,-0.0344845419177708,20,4.10591170590301,0,-7.7596770466,2771,0.2,0,15,"both",0.441315540583741,-0.0344845419177708
"2916","session2",-21.9038763551371,70.0497831181203,1.48381874787731,0.0013300400657767,0.91604729151528,0.304563915023224,0.0797230485900167,5,2,150,0.441315540583741,-0.0344845419177708,20,3.01169790699153,1,-24.3558,2771,0.2,0,15,"both",0.441315540583741,-0.0344845419177708
"2917","session2",-21.9038763551371,70.0497831181203,1.48381874787731,0.0013300400657767,0.91604729151528,0.304563915023224,0.0797230485900167,5,2,150,0.441315540583741,-0.0344845419177708,20,2.70065715601521,0,35.942,2771,0.2,0,15,"both",0.441315540583741,-0.0344845419177708
"2918","session2",-21.9038763551371,70.0497831181203,1.48381874787731,0.0013300400657767,0.91604729151528,0.304563915023224,0.0797230485900167,5,2,150,0.441315540583741,-0.0344845419177708,20,3.70780251299143,0,-4.492675249,2771,0.2,0,15,"both",0.441315540583741,-0.0344845419177708
"2919","session2",-21.9038763551371,70.0497831181203,1.48381874787731,0.0013300400657767,0.91604729151528,0.304563915023224,0.0797230485900167,5,2,150,0.441315540583741,-0.0344845419177708,20,7.39385833119881,0,-4.5386759361,2771,0.2,0,15,"both",0.441315540583741,-0.0344845419177708
"2920","session2",-21.9038763551371,70.0497831181203,1.48381874787731,0.0013300400657767,0.91604729151528,0.304563915023224,0.0797230485900167,5,2,150,0.441315540583741,-0.0344845419177708,20,4.51622355005391,0,-3.1416351888,2771,0.2,0,15,"both",0.441315540583741,-0.0344845419177708
"2921","session2",-21.9038763551371,70.0497831181203,1.48381874787731,0.0013300400657767,0.91604729151528,0.304563915023224,0.0797230485900167,5,2,150,0.441315540583741,-0.0344845419177708,20,4.08589705770985,1,-0.0303580133,2771,0.2,0,15,"both",0.441315540583741,-0.0344845419177708
"2922","session2",-21.9038763551371,70.0497831181203,1.48381874787731,0.0013300400657767,0.91604729151528,0.304563915023224,0.0797230485900167,5,2,150,0.441315540583741,-0.0344845419177708,20,3.25237519846502,1,-3.1670654167,2771,0.2,0,15,"both",0.441315540583741,-0.0344845419177708
"2923","session2",-21.9038763551371,70.0497831181203,1.48381874787731,0.0013300400657767,0.91604729151528,0.304563915023224,0.0797230485900167,5,2,150,0.441315540583741,-0.0344845419177708,20,5.5713400773824,1,-5.38866003197,2771,0.2,0,15,"both",0.441315540583741,-0.0344845419177708
"2924","session2",-21.9038763551371,70.0497831181203,1.48381874787731,0.0013300400657767,0.91604729151528,0.304563915023224,0.0797230485900167,5,2,150,0.441315540583741,-0.0344845419177708,20,3.26651816644825,1,42.2475,2771,0.2,0,15,"both",0.441315540583741,-0.0344845419177708
"2925","session2",-21.9038763551371,70.0497831181203,1.48381874787731,0.0013300400657767,0.91604729151528,0.304563915023224,0.0797230485900167,5,2,150,0.441315540583741,-0.0344845419177708,20,2.73790042991593,1,39.8674,2771,0.2,0,15,"both",0.441315540583741,-0.0344845419177708
"2926","session2",-21.9038763551371,70.0497831181203,1.48381874787731,0.0013300400657767,0.91604729151528,0.304563915023224,0.0797230485900167,5,2,150,0.441315540583741,-0.0344845419177708,20,5.01892126577881,0,-6.13277554495,2771,0.2,0,15,"both",0.441315540583741,-0.0344845419177708
"2927","session2",-21.9038763551371,70.0497831181203,1.48381874787731,0.0013300400657767,0.91604729151528,0.304563915023224,0.0797230485900167,5,2,150,0.441315540583741,-0.0344845419177708,20,2.78080512464873,1,-6.02279051702,2771,0.2,0,15,"both",0.441315540583741,-0.0344845419177708
"2928","session2",-21.9038763551371,70.0497831181203,1.48381874787731,0.0013300400657767,0.91604729151528,0.304563915023224,0.0797230485900167,5,2,150,0.441315540583741,-0.0344845419177708,20,2.9165879403672,1,-4.893942699,2771,0.2,0,15,"both",0.441315540583741,-0.0344845419177708
"2929","session2",-21.9038763551371,70.0497831181203,1.48381874787731,0.0013300400657767,0.91604729151528,0.304563915023224,0.0797230485900167,5,2,150,0.441315540583741,-0.0344845419177708,20,2.02000038434265,1,-10.6549551388,2771,0.2,0,15,"both",0.441315540583741,-0.0344845419177708
"2930","session2",-21.9038763551371,70.0497831181203,1.48381874787731,0.0013300400657767,0.91604729151528,0.304563915023224,0.0797230485900167,5,2,150,0.441315540583741,-0.0344845419177708,20,3.45428641345988,0,-6.5970275818,2771,0.2,0,15,"both",0.441315540583741,-0.0344845419177708
"2931","session2",-21.9038763551371,70.0497831181203,1.48381874787731,0.0013300400657767,0.91604729151528,0.304563915023224,0.0797230485900167,5,2,150,0.441315540583741,-0.0344845419177708,20,3.67963854273016,0,25.67131,2771,0.2,0,15,"both",0.441315540583741,-0.0344845419177708
"2932","session2",-21.9038763551371,70.0497831181203,1.48381874787731,0.0013300400657767,0.91604729151528,0.304563915023224,0.0797230485900167,5,2,150,0.441315540583741,-0.0344845419177708,20,4.18390329100286,0,-7.1089653879,2771,0.2,0,15,"both",0.441315540583741,-0.0344845419177708
"2933","session2",-21.9038763551371,70.0497831181203,1.48381874787731,0.0013300400657767,0.91604729151528,0.304563915023224,0.0797230485900167,5,2,150,0.441315540583741,-0.0344845419177708,20,2.53887783267204,0,-30.4046,2771,0.2,0,15,"both",0.441315540583741,-0.0344845419177708
"2934","session2",-21.9038763551371,70.0497831181203,1.48381874787731,0.0013300400657767,0.91604729151528,0.304563915023224,0.0797230485900167,5,2,150,0.441315540583741,-0.0344845419177708,20,3.6542711917557,1,22.15493,2771,0.2,0,15,"both",0.441315540583741,-0.0344845419177708
"2935","session2",-21.9038763551371,70.0497831181203,1.48381874787731,0.0013300400657767,0.91604729151528,0.304563915023224,0.0797230485900167,5,2,150,0.441315540583741,-0.0344845419177708,20,4.00008957446235,0,-4.33072274327,2771,0.2,0,15,"both",0.441315540583741,-0.0344845419177708
"2936","session2",-21.9038763551371,70.0497831181203,1.48381874787731,0.0013300400657767,0.91604729151528,0.304563915023224,0.0797230485900167,5,2,150,0.441315540583741,-0.0344845419177708,20,3.8318359242893,1,-17.23302,2771,0.2,0,15,"both",0.441315540583741,-0.0344845419177708
"2937","session2",-21.9038763551371,70.0497831181203,1.48381874787731,0.0013300400657767,0.91604729151528,0.304563915023224,0.0797230485900167,5,2,150,0.441315540583741,-0.0344845419177708,20,3.08644630428212,0,46.19005,2771,0.2,0,15,"both",0.441315540583741,-0.0344845419177708
"2938","session2",-21.9038763551371,70.0497831181203,1.48381874787731,0.0013300400657767,0.91604729151528,0.304563915023224,0.0797230485900167,5,2,150,0.441315540583741,-0.0344845419177708,20,3.47496222154457,0,-4.9937390665,2771,0.2,0,15,"both",0.441315540583741,-0.0344845419177708
"2939","session2",-21.9038763551371,70.0497831181203,1.48381874787731,0.0013300400657767,0.91604729151528,0.304563915023224,0.0797230485900167,5,2,150,0.441315540583741,-0.0344845419177708,20,4.63633065425784,1,-2.8373778876,2771,0.2,0,15,"both",0.441315540583741,-0.0344845419177708
"2940","session2",-21.9038763551371,70.0497831181203,1.48381874787731,0.0013300400657767,0.91604729151528,0.304563915023224,0.0797230485900167,5,2,150,0.441315540583741,-0.0344845419177708,20,3.50747888979404,0,-3.33904,2771,0.2,0,15,"both",0.441315540583741,-0.0344845419177708
"2941","session2",-21.9038763551371,70.0497831181203,1.48381874787731,0.0013300400657767,0.91604729151528,0.304563915023224,0.0797230485900167,5,2,150,0.441315540583741,-0.0344845419177708,20,1.97995994239072,1,-3.7287842289,2771,0.2,0,15,"both",0.441315540583741,-0.0344845419177708
"2942","session2",-21.9038763551371,70.0497831181203,1.48381874787731,0.0013300400657767,0.91604729151528,0.304563915023224,0.0797230485900167,5,2,150,0.441315540583741,-0.0344845419177708,20,2.08966009938722,0,-3.6403646808,2771,0.2,0,15,"both",0.441315540583741,-0.0344845419177708
"2943","session2",-21.9038763551371,70.0497831181203,1.48381874787731,0.0013300400657767,0.91604729151528,0.304563915023224,0.0797230485900167,5,2,150,0.441315540583741,-0.0344845419177708,20,2.98726069261371,1,-4.1556940772,2771,0.2,0,15,"both",0.441315540583741,-0.0344845419177708
"2944","session2",-21.9038763551371,70.0497831181203,1.48381874787731,0.0013300400657767,0.91604729151528,0.304563915023224,0.0797230485900167,5,2,150,0.441315540583741,-0.0344845419177708,20,2.28718780837489,0,-3.0096475481,2771,0.2,0,15,"both",0.441315540583741,-0.0344845419177708
"2945","session2",-21.9038763551371,70.0497831181203,1.48381874787731,0.0013300400657767,0.91604729151528,0.304563915023224,0.0797230485900167,5,2,150,0.441315540583741,-0.0344845419177708,20,4.8046099215738,0,-3.87599706374,2771,0.2,0,15,"both",0.441315540583741,-0.0344845419177708
"2946","session2",-21.9038763551371,70.0497831181203,1.48381874787731,0.0013300400657767,0.91604729151528,0.304563915023224,0.0797230485900167,5,2,150,0.441315540583741,-0.0344845419177708,20,3.85998901698775,1,-2.0544616666,2771,0.2,0,15,"both",0.441315540583741,-0.0344845419177708
"2947","session2",-21.9038763551371,70.0497831181203,1.48381874787731,0.0013300400657767,0.91604729151528,0.304563915023224,0.0797230485900167,5,2,150,0.441315540583741,-0.0344845419177708,20,5.07299701852219,0,-3.028864816,2771,0.2,0,15,"both",0.441315540583741,-0.0344845419177708
"2948","session2",-21.9038763551371,70.0497831181203,1.48381874787731,0.0013300400657767,0.91604729151528,0.304563915023224,0.0797230485900167,5,2,150,0.441315540583741,-0.0344845419177708,20,2.87384676512892,0,-1.2088314135,2771,0.2,0,15,"both",0.441315540583741,-0.0344845419177708
"2949","session2",-21.9038763551371,70.0497831181203,1.48381874787731,0.0013300400657767,0.91604729151528,0.304563915023224,0.0797230485900167,5,2,150,0.441315540583741,-0.0344845419177708,20,2.89441492366408,1,34.65842,2771,0.2,0,15,"both",0.441315540583741,-0.0344845419177708
"2950","session2",-21.9038763551371,70.0497831181203,1.48381874787731,0.0013300400657767,0.91604729151528,0.304563915023224,0.0797230485900167,5,2,150,0.441315540583741,-0.0344845419177708,20,2.69790726811692,1,2.3752091932,2771,0.2,0,15,"both",0.441315540583741,-0.0344845419177708
"2951","session2",-21.9038763551371,70.0497831181203,1.48381874787731,0.0013300400657767,0.91604729151528,0.304563915023224,0.0797230485900167,5,2,150,0.441315540583741,-0.0344845419177708,20,4.02176178692623,1,-3.3012003644,2771,0.2,0,15,"both",0.441315540583741,-0.0344845419177708
"2952","session2",-21.9038763551371,70.0497831181203,1.48381874787731,0.0013300400657767,0.91604729151528,0.304563915023224,0.0797230485900167,5,2,150,0.441315540583741,-0.0344845419177708,20,2.80328461406664,0,-5.14913325344,2771,0.2,0,15,"both",0.441315540583741,-0.0344845419177708
"2953","session2",-21.9038763551371,70.0497831181203,1.48381874787731,0.0013300400657767,0.91604729151528,0.304563915023224,0.0797230485900167,5,2,150,0.441315540583741,-0.0344845419177708,20,5.28642734254521,1,-3.03061297401,2771,0.2,0,15,"both",0.441315540583741,-0.0344845419177708
"2954","session2",-21.9038763551371,70.0497831181203,1.48381874787731,0.0013300400657767,0.91604729151528,0.304563915023224,0.0797230485900167,5,2,150,0.441315540583741,-0.0344845419177708,20,4.45046733133877,0,-23.83273,2771,0.2,0,15,"both",0.441315540583741,-0.0344845419177708
"2955","session2",-21.9038763551371,70.0497831181203,1.48381874787731,0.0013300400657767,0.91604729151528,0.304563915023224,0.0797230485900167,5,2,150,0.441315540583741,-0.0344845419177708,20,2.0117290562744,1,-0.30657,2771,0.2,0,15,"both",0.441315540583741,-0.0344845419177708
"2956","session2",-21.9038763551371,70.0497831181203,1.48381874787731,0.0013300400657767,0.91604729151528,0.304563915023224,0.0797230485900167,5,2,150,0.441315540583741,-0.0344845419177708,20,7.56051564577038,1,-3.4993481978,2771,0.2,0,15,"both",0.441315540583741,-0.0344845419177708
"2957","session2",-21.9038763551371,70.0497831181203,1.48381874787731,0.0013300400657767,0.91604729151528,0.304563915023224,0.0797230485900167,5,2,150,0.441315540583741,-0.0344845419177708,20,4.15350243271241,1,0.26161,2771,0.2,0,15,"both",0.441315540583741,-0.0344845419177708
"2958","session2",-21.9038763551371,70.0497831181203,1.48381874787731,0.0013300400657767,0.91604729151528,0.304563915023224,0.0797230485900167,5,2,150,0.441315540583741,-0.0344845419177708,20,4.13048600134702,0,-4.5308783099,2771,0.2,0,15,"both",0.441315540583741,-0.0344845419177708
"2959","session2",-21.9038763551371,70.0497831181203,1.48381874787731,0.0013300400657767,0.91604729151528,0.304563915023224,0.0797230485900167,5,2,150,0.441315540583741,-0.0344845419177708,20,2.37076381352365,0,-11.22079,2771,0.2,0,15,"both",0.441315540583741,-0.0344845419177708
"2960","session2",-21.9038763551371,70.0497831181203,1.48381874787731,0.0013300400657767,0.91604729151528,0.304563915023224,0.0797230485900167,5,2,150,0.441315540583741,-0.0344845419177708,20,3.13411452196438,1,-3.841579163,2771,0.2,0,15,"both",0.441315540583741,-0.0344845419177708
"2961","session2",-21.9038763551371,70.0497831181203,1.48381874787731,0.0013300400657767,0.91604729151528,0.304563915023224,0.0797230485900167,5,2,150,0.441315540583741,-0.0344845419177708,20,2.61453319270983,1,-4.7815183686,2771,0.2,0,15,"both",0.441315540583741,-0.0344845419177708
"2962","session2",-21.9038763551371,70.0497831181203,1.48381874787731,0.0013300400657767,0.91604729151528,0.304563915023224,0.0797230485900167,5,2,150,0.441315540583741,-0.0344845419177708,20,4.40586722990671,0,-4.28298110003,2771,0.2,0,15,"both",0.441315540583741,-0.0344845419177708
"2963","session2",-21.9038763551371,70.0497831181203,1.48381874787731,0.0013300400657767,0.91604729151528,0.304563915023224,0.0797230485900167,5,2,150,0.441315540583741,-0.0344845419177708,20,4.13615025131316,0,-4.2630809032,2771,0.2,0,15,"both",0.441315540583741,-0.0344845419177708
"2964","session2",-21.9038763551371,70.0497831181203,1.48381874787731,0.0013300400657767,0.91604729151528,0.304563915023224,0.0797230485900167,5,2,150,0.441315540583741,-0.0344845419177708,20,3.90308706927491,0,-3.66683,2771,0.2,0,15,"both",0.441315540583741,-0.0344845419177708
"2965","session2",-21.9038763551371,70.0497831181203,1.48381874787731,0.0013300400657767,0.91604729151528,0.304563915023224,0.0797230485900167,5,2,150,0.441315540583741,-0.0344845419177708,20,3.55798478752581,1,-2.56545937018,2771,0.2,0,15,"both",0.441315540583741,-0.0344845419177708
"2966","session2",-21.9038763551371,70.0497831181203,1.48381874787731,0.0013300400657767,0.91604729151528,0.304563915023224,0.0797230485900167,5,2,150,0.441315540583741,-0.0344845419177708,20,3.79742548169112,1,-2.9838851146,2771,0.2,0,15,"both",0.441315540583741,-0.0344845419177708
"2967","session2",-21.9038763551371,70.0497831181203,1.48381874787731,0.0013300400657767,0.91604729151528,0.304563915023224,0.0797230485900167,5,2,150,0.441315540583741,-0.0344845419177708,20,4.17406053056689,1,-4.0076,2771,0.2,0,15,"both",0.441315540583741,-0.0344845419177708
"2968","session2",-21.9038763551371,70.0497831181203,1.48381874787731,0.0013300400657767,0.91604729151528,0.304563915023224,0.0797230485900167,5,2,150,0.441315540583741,-0.0344845419177708,20,6.67227988579582,0,-4.8976661198,2771,0.2,0,15,"both",0.441315540583741,-0.0344845419177708
"2969","session2",-21.9038763551371,70.0497831181203,1.48381874787731,0.0013300400657767,0.91604729151528,0.304563915023224,0.0797230485900167,5,2,150,0.441315540583741,-0.0344845419177708,20,3.29864444649898,0,27.3852,2771,0.2,0,15,"both",0.441315540583741,-0.0344845419177708
"2970","session2",-21.9038763551371,70.0497831181203,1.48381874787731,0.0013300400657767,0.91604729151528,0.304563915023224,0.0797230485900167,5,2,150,0.441315540583741,-0.0344845419177708,20,4.58244789817722,1,-2.063395266,2771,0.2,0,15,"both",0.441315540583741,-0.0344845419177708
"2971","session2",-21.9038763551371,70.0497831181203,1.48381874787731,0.0013300400657767,0.91604729151528,0.304563915023224,0.0797230485900167,5,2,150,0.441315540583741,-0.0344845419177708,20,3.53297941032942,1,-3.27943,2771,0.2,0,15,"both",0.441315540583741,-0.0344845419177708
"2972","session2",-21.9038763551371,70.0497831181203,1.48381874787731,0.0013300400657767,0.91604729151528,0.304563915023224,0.0797230485900167,5,2,150,0.441315540583741,-0.0344845419177708,20,3.14972918592112,1,-6.61936,2771,0.2,0,15,"both",0.441315540583741,-0.0344845419177708
"2973","session2",-21.9038763551371,70.0497831181203,1.48381874787731,0.0013300400657767,0.91604729151528,0.304563915023224,0.0797230485900167,5,2,150,0.441315540583741,-0.0344845419177708,20,3.56752141850674,0,-16.94643,2771,0.2,0,15,"both",0.441315540583741,-0.0344845419177708
"2974","session2",-21.9038763551371,70.0497831181203,1.48381874787731,0.0013300400657767,0.91604729151528,0.304563915023224,0.0797230485900167,5,2,150,0.441315540583741,-0.0344845419177708,20,3.40298698055067,1,-4.5614439272,2771,0.2,0,15,"both",0.441315540583741,-0.0344845419177708
"2975","session2",-21.9038763551371,70.0497831181203,1.48381874787731,0.0013300400657767,0.91604729151528,0.304563915023224,0.0797230485900167,5,2,150,0.441315540583741,-0.0344845419177708,20,3.87666227383941,0,-8.0721113872,2771,0.2,0,15,"both",0.441315540583741,-0.0344845419177708
"2976","session2",-21.9038763551371,70.0497831181203,1.48381874787731,0.0013300400657767,0.91604729151528,0.304563915023224,0.0797230485900167,5,2,150,0.441315540583741,-0.0344845419177708,20,4.75191774174675,1,-4.45823320065,2771,0.2,0,15,"both",0.441315540583741,-0.0344845419177708
"2977","session2",-21.9038763551371,70.0497831181203,1.48381874787731,0.0013300400657767,0.91604729151528,0.304563915023224,0.0797230485900167,5,2,150,0.441315540583741,-0.0344845419177708,20,2.25767393916065,1,15.31,2771,0.2,0,15,"both",0.441315540583741,-0.0344845419177708
"2978","session2",-21.9038763551371,70.0497831181203,1.48381874787731,0.0013300400657767,0.91604729151528,0.304563915023224,0.0797230485900167,5,2,150,0.441315540583741,-0.0344845419177708,20,3.04701415192161,1,-6.900005234637,2771,0.2,0,15,"both",0.441315540583741,-0.0344845419177708
"2979","session2",-21.9038763551371,70.0497831181203,1.48381874787731,0.0013300400657767,0.91604729151528,0.304563915023224,0.0797230485900167,5,2,150,0.441315540583741,-0.0344845419177708,20,3.04396003351489,0,11.74431,2771,0.2,0,15,"both",0.441315540583741,-0.0344845419177708
"2980","session2",-21.9038763551371,70.0497831181203,1.48381874787731,0.0013300400657767,0.91604729151528,0.304563915023224,0.0797230485900167,5,2,150,0.441315540583741,-0.0344845419177708,20,3.40254861798456,1,16.50009,2771,0.2,0,15,"both",0.441315540583741,-0.0344845419177708
"2981","session2",-21.9038763551371,70.0497831181203,1.48381874787731,0.0013300400657767,0.91604729151528,0.304563915023224,0.0797230485900167,5,2,150,0.441315540583741,-0.0344845419177708,20,2.66019680603085,1,-30.401,2771,0.2,0,15,"both",0.441315540583741,-0.0344845419177708
"2982","session2",-21.9038763551371,70.0497831181203,1.48381874787731,0.0013300400657767,0.91604729151528,0.304563915023224,0.0797230485900167,5,2,150,0.441315540583741,-0.0344845419177708,20,3.89109731334651,1,-7.59964034145,2771,0.2,0,15,"both",0.441315540583741,-0.0344845419177708
"2983","session2",-21.9038763551371,70.0497831181203,1.48381874787731,0.0013300400657767,0.91604729151528,0.304563915023224,0.0797230485900167,5,2,150,0.441315540583741,-0.0344845419177708,20,4.77451929069568,0,-8.7039,2771,0.2,0,15,"both",0.441315540583741,-0.0344845419177708
"2984","session2",-21.9038763551371,70.0497831181203,1.48381874787731,0.0013300400657767,0.91604729151528,0.304563915023224,0.0797230485900167,5,2,150,0.441315540583741,-0.0344845419177708,20,3.67035661393531,0,-8.7010159226,2771,0.2,0,15,"both",0.441315540583741,-0.0344845419177708
"2985","session2",-21.9038763551371,70.0497831181203,1.48381874787731,0.0013300400657767,0.91604729151528,0.304563915023224,0.0797230485900167,5,2,150,0.441315540583741,-0.0344845419177708,20,2.23687096779781,1,-7.1791702801,2771,0.2,0,15,"both",0.441315540583741,-0.0344845419177708
"2986","session2",-21.9038763551371,70.0497831181203,1.48381874787731,0.0013300400657767,0.91604729151528,0.304563915023224,0.0797230485900167,5,2,150,0.441315540583741,-0.0344845419177708,20,3.26311286916164,1,-6.5998820179,2771,0.2,0,15,"both",0.441315540583741,-0.0344845419177708
"2987","session2",-21.9038763551371,70.0497831181203,1.48381874787731,0.0013300400657767,0.91604729151528,0.304563915023224,0.0797230485900167,5,2,150,0.441315540583741,-0.0344845419177708,20,2.46701474057962,0,-7.0354057861,2771,0.2,0,15,"both",0.441315540583741,-0.0344845419177708
"2988","session2",-21.9038763551371,70.0497831181203,1.48381874787731,0.0013300400657767,0.91604729151528,0.304563915023224,0.0797230485900167,5,2,150,0.441315540583741,-0.0344845419177708,20,3.29008157455564,0,-8.2463857714,2771,0.2,0,15,"both",0.441315540583741,-0.0344845419177708
"2989","session2",-21.9038763551371,70.0497831181203,1.48381874787731,0.0013300400657767,0.91604729151528,0.304563915023224,0.0797230485900167,5,2,150,0.441315540583741,-0.0344845419177708,20,3.17784440190787,0,-6.760383728,2771,0.2,0,15,"both",0.441315540583741,-0.0344845419177708
"2990","session2",-21.9038763551371,70.0497831181203,1.48381874787731,0.0013300400657767,0.91604729151528,0.304563915023224,0.0797230485900167,5,2,150,0.441315540583741,-0.0344845419177708,20,2.27543385055143,1,3.31604,2771,0.2,0,15,"both",0.441315540583741,-0.0344845419177708
"2991","session2",-21.9038763551371,70.0497831181203,1.48381874787731,0.0013300400657767,0.91604729151528,0.304563915023224,0.0797230485900167,5,2,150,0.441315540583741,-0.0344845419177708,20,4.50317013872824,1,-6.1545291297,2771,0.2,0,15,"both",0.441315540583741,-0.0344845419177708
"2992","session2",-21.9038763551371,70.0497831181203,1.48381874787731,0.0013300400657767,0.91604729151528,0.304563915023224,0.0797230485900167,5,2,150,0.441315540583741,-0.0344845419177708,20,4.51475100549337,0,-3.76381,2771,0.2,0,15,"both",0.441315540583741,-0.0344845419177708
"2993","session2",-21.9038763551371,70.0497831181203,1.48381874787731,0.0013300400657767,0.91604729151528,0.304563915023224,0.0797230485900167,5,2,150,0.441315540583741,-0.0344845419177708,20,2.62441440933045,1,-7.3613508762,2771,0.2,0,15,"both",0.441315540583741,-0.0344845419177708
"2994","session2",-21.9038763551371,70.0497831181203,1.48381874787731,0.0013300400657767,0.91604729151528,0.304563915023224,0.0797230485900167,5,2,150,0.441315540583741,-0.0344845419177708,20,4.1336625477356,1,-8.49972544058,2771,0.2,0,15,"both",0.441315540583741,-0.0344845419177708
"2995","session2",-21.9038763551371,70.0497831181203,1.48381874787731,0.0013300400657767,0.91604729151528,0.304563915023224,0.0797230485900167,5,2,150,0.441315540583741,-0.0344845419177708,20,5.51358927615534,1,-8.098654585,2771,0.2,0,15,"both",0.441315540583741,-0.0344845419177708
"2996","session2",-21.9038763551371,70.0497831181203,1.48381874787731,0.0013300400657767,0.91604729151528,0.304563915023224,0.0797230485900167,5,2,150,0.441315540583741,-0.0344845419177708,20,4.52310274333176,0,8.76258,2771,0.2,0,15,"both",0.441315540583741,-0.0344845419177708
"2997","session2",-21.9038763551371,70.0497831181203,1.48381874787731,0.0013300400657767,0.91604729151528,0.304563915023224,0.0797230485900167,5,2,150,0.441315540583741,-0.0344845419177708,20,3.20610751820368,0,-7.9173987642,2771,0.2,0,15,"both",0.441315540583741,-0.0344845419177708
"2998","session2",-21.9038763551371,70.0497831181203,1.48381874787731,0.0013300400657767,0.91604729151528,0.304563915023224,0.0797230485900167,5,2,150,0.441315540583741,-0.0344845419177708,20,2.8128312281101,0,-6.81880413,2771,0.2,0,15,"both",0.441315540583741,-0.0344845419177708
"2999","session2",-21.9038763551371,70.0497831181203,1.48381874787731,0.0013300400657767,0.91604729151528,0.304563915023224,0.0797230485900167,5,2,150,0.441315540583741,-0.0344845419177708,20,2.70738182601091,1,-7.15305639678,2771,0.2,0,15,"both",0.441315540583741,-0.0344845419177708
"3000","session2",-21.9038763551371,70.0497831181203,1.48381874787731,0.0013300400657767,0.91604729151528,0.304563915023224,0.0797230485900167,5,2,150,0.441315540583741,-0.0344845419177708,20,2.15122244828148,0,-9.34920796582,2771,0.2,0,15,"both",0.441315540583741,-0.0344845419177708
"3001","session2",-9.55205469137885,9.01567089174171,3.23875173131288,7.49608306488239e-05,0.61747136913031,0.315284543774012,0.260250302530854,6,2,150,0.441315540583741,-0.0344845419177708,21,3.65569463392249,1,-10.9438682732,2771,0.2,0,15,"both",0.441315540583741,-0.0344845419177708
"3002","session2",-9.55205469137885,9.01567089174171,3.23875173131288,7.49608306488239e-05,0.61747136913031,0.315284543774012,0.260250302530854,6,2,150,0.441315540583741,-0.0344845419177708,21,4.1878269080018,1,-12.92853932297,2771,0.2,0,15,"both",0.441315540583741,-0.0344845419177708
"3003","session2",-9.55205469137885,9.01567089174171,3.23875173131288,7.49608306488239e-05,0.61747136913031,0.315284543774012,0.260250302530854,6,2,150,0.441315540583741,-0.0344845419177708,21,3.42943799147539,0,-17.4911960424,2771,0.2,0,15,"both",0.441315540583741,-0.0344845419177708
"3004","session2",-9.55205469137885,9.01567089174171,3.23875173131288,7.49608306488239e-05,0.61747136913031,0.315284543774012,0.260250302530854,6,2,150,0.441315540583741,-0.0344845419177708,21,4.71390105558758,0,-9.3361125823,2771,0.2,0,15,"both",0.441315540583741,-0.0344845419177708
"3005","session2",-9.55205469137885,9.01567089174171,3.23875173131288,7.49608306488239e-05,0.61747136913031,0.315284543774012,0.260250302530854,6,2,150,0.441315540583741,-0.0344845419177708,21,1.83840781689517,1,14.8863,2771,0.2,0,15,"both",0.441315540583741,-0.0344845419177708
"3006","session2",-9.55205469137885,9.01567089174171,3.23875173131288,7.49608306488239e-05,0.61747136913031,0.315284543774012,0.260250302530854,6,2,150,0.441315540583741,-0.0344845419177708,21,3.40617569018704,0,-10.5830888473,2771,0.2,0,15,"both",0.441315540583741,-0.0344845419177708
"3007","session2",-9.55205469137885,9.01567089174171,3.23875173131288,7.49608306488239e-05,0.61747136913031,0.315284543774012,0.260250302530854,6,2,150,0.441315540583741,-0.0344845419177708,21,2.97527516949282,0,-32.65223,2771,0.2,0,15,"both",0.441315540583741,-0.0344845419177708
"3008","session2",-9.55205469137885,9.01567089174171,3.23875173131288,7.49608306488239e-05,0.61747136913031,0.315284543774012,0.260250302530854,6,2,150,0.441315540583741,-0.0344845419177708,21,2.75412016972037,0,-4.3539185829,2771,0.2,0,15,"both",0.441315540583741,-0.0344845419177708
"3009","session2",-9.55205469137885,9.01567089174171,3.23875173131288,7.49608306488239e-05,0.61747136913031,0.315284543774012,0.260250302530854,6,2,150,0.441315540583741,-0.0344845419177708,21,2.15462131032804,0,-23.18637,2771,0.2,0,15,"both",0.441315540583741,-0.0344845419177708
"3010","session2",-9.55205469137885,9.01567089174171,3.23875173131288,7.49608306488239e-05,0.61747136913031,0.315284543774012,0.260250302530854,6,2,150,0.441315540583741,-0.0344845419177708,21,3.42312961952927,1,0.3453410528,2771,0.2,0,15,"both",0.441315540583741,-0.0344845419177708
"3011","session2",-9.55205469137885,9.01567089174171,3.23875173131288,7.49608306488239e-05,0.61747136913031,0.315284543774012,0.260250302530854,6,2,150,0.441315540583741,-0.0344845419177708,21,2.8679804481613,1,30.70314,2771,0.2,0,15,"both",0.441315540583741,-0.0344845419177708
"3012","session2",-9.55205469137885,9.01567089174171,3.23875173131288,7.49608306488239e-05,0.61747136913031,0.315284543774012,0.260250302530854,6,2,150,0.441315540583741,-0.0344845419177708,21,3.10820169759935,1,7.64798,2771,0.2,0,15,"both",0.441315540583741,-0.0344845419177708
"3013","session2",-9.55205469137885,9.01567089174171,3.23875173131288,7.49608306488239e-05,0.61747136913031,0.315284543774012,0.260250302530854,6,2,150,0.441315540583741,-0.0344845419177708,21,2.5230118696832,1,-4.12103834208,2771,0.2,0,15,"both",0.441315540583741,-0.0344845419177708
"3014","session2",-9.55205469137885,9.01567089174171,3.23875173131288,7.49608306488239e-05,0.61747136913031,0.315284543774012,0.260250302530854,6,2,150,0.441315540583741,-0.0344845419177708,21,1.64320779008327,1,3.98169,2771,0.2,0,15,"both",0.441315540583741,-0.0344845419177708
"3015","session2",-9.55205469137885,9.01567089174171,3.23875173131288,7.49608306488239e-05,0.61747136913031,0.315284543774012,0.260250302530854,6,2,150,0.441315540583741,-0.0344845419177708,21,2.09335507423017,0,-42.0736,2771,0.2,0,15,"both",0.441315540583741,-0.0344845419177708
"3016","session2",-9.55205469137885,9.01567089174171,3.23875173131288,7.49608306488239e-05,0.61747136913031,0.315284543774012,0.260250302530854,6,2,150,0.441315540583741,-0.0344845419177708,21,1.37448112768471,0,-41.4463,2771,0.2,0,15,"both",0.441315540583741,-0.0344845419177708
"3017","session2",-9.55205469137885,9.01567089174171,3.23875173131288,7.49608306488239e-05,0.61747136913031,0.315284543774012,0.260250302530854,6,2,150,0.441315540583741,-0.0344845419177708,21,1.4650044215909,1,7.7705,2771,0.2,0,15,"both",0.441315540583741,-0.0344845419177708
"3018","session2",-9.55205469137885,9.01567089174171,3.23875173131288,7.49608306488239e-05,0.61747136913031,0.315284543774012,0.260250302530854,6,2,150,0.441315540583741,-0.0344845419177708,21,4.9797110228417,1,-7.1472,2771,0.2,0,15,"both",0.441315540583741,-0.0344845419177708
"3019","session2",-9.55205469137885,9.01567089174171,3.23875173131288,7.49608306488239e-05,0.61747136913031,0.315284543774012,0.260250302530854,6,2,150,0.441315540583741,-0.0344845419177708,21,3.89841599921492,1,-11.46392,2771,0.2,0,15,"both",0.441315540583741,-0.0344845419177708
"3020","session2",-9.55205469137885,9.01567089174171,3.23875173131288,7.49608306488239e-05,0.61747136913031,0.315284543774012,0.260250302530854,6,2,150,0.441315540583741,-0.0344845419177708,21,1.84272050087062,0,-31.3189,2771,0.2,0,15,"both",0.441315540583741,-0.0344845419177708
"3021","session2",-9.55205469137885,9.01567089174171,3.23875173131288,7.49608306488239e-05,0.61747136913031,0.315284543774012,0.260250302530854,6,2,150,0.441315540583741,-0.0344845419177708,21,3.52246506774794,1,-9.53406,2771,0.2,0,15,"both",0.441315540583741,-0.0344845419177708
"3022","session2",-9.55205469137885,9.01567089174171,3.23875173131288,7.49608306488239e-05,0.61747136913031,0.315284543774012,0.260250302530854,6,2,150,0.441315540583741,-0.0344845419177708,21,2.92119711532447,1,-14.69774,2771,0.2,0,15,"both",0.441315540583741,-0.0344845419177708
"3023","session2",-9.55205469137885,9.01567089174171,3.23875173131288,7.49608306488239e-05,0.61747136913031,0.315284543774012,0.260250302530854,6,2,150,0.441315540583741,-0.0344845419177708,21,4.4442136491609,0,-25.32911,2771,0.2,0,15,"both",0.441315540583741,-0.0344845419177708
"3024","session2",-9.55205469137885,9.01567089174171,3.23875173131288,7.49608306488239e-05,0.61747136913031,0.315284543774012,0.260250302530854,6,2,150,0.441315540583741,-0.0344845419177708,21,4.04836532546678,1,-7.65717,2771,0.2,0,15,"both",0.441315540583741,-0.0344845419177708
"3025","session2",-9.55205469137885,9.01567089174171,3.23875173131288,7.49608306488239e-05,0.61747136913031,0.315284543774012,0.260250302530854,6,2,150,0.441315540583741,-0.0344845419177708,21,6.65154189974399,1,-6.36451,2771,0.2,0,15,"both",0.441315540583741,-0.0344845419177708
"3026","session2",-9.55205469137885,9.01567089174171,3.23875173131288,7.49608306488239e-05,0.61747136913031,0.315284543774012,0.260250302530854,6,2,150,0.441315540583741,-0.0344845419177708,21,2.7440969694941,0,-19.44726,2771,0.2,0,15,"both",0.441315540583741,-0.0344845419177708
"3027","session2",-9.55205469137885,9.01567089174171,3.23875173131288,7.49608306488239e-05,0.61747136913031,0.315284543774012,0.260250302530854,6,2,150,0.441315540583741,-0.0344845419177708,21,4.37611344105336,0,-11.04286,2771,0.2,0,15,"both",0.441315540583741,-0.0344845419177708
"3028","session2",-9.55205469137885,9.01567089174171,3.23875173131288,7.49608306488239e-05,0.61747136913031,0.315284543774012,0.260250302530854,6,2,150,0.441315540583741,-0.0344845419177708,21,3.00770600029445,0,-16.77593,2771,0.2,0,15,"both",0.441315540583741,-0.0344845419177708
"3029","session2",-9.55205469137885,9.01567089174171,3.23875173131288,7.49608306488239e-05,0.61747136913031,0.315284543774012,0.260250302530854,6,2,150,0.441315540583741,-0.0344845419177708,21,3.54465972834323,1,-9.4947,2771,0.2,0,15,"both",0.441315540583741,-0.0344845419177708
"3030","session2",-9.55205469137885,9.01567089174171,3.23875173131288,7.49608306488239e-05,0.61747136913031,0.315284543774012,0.260250302530854,6,2,150,0.441315540583741,-0.0344845419177708,21,2.20020119375726,0,-24.8125,2771,0.2,0,15,"both",0.441315540583741,-0.0344845419177708
"3031","session2",-9.55205469137885,9.01567089174171,3.23875173131288,7.49608306488239e-05,0.61747136913031,0.315284543774012,0.260250302530854,6,2,150,0.441315540583741,-0.0344845419177708,21,6.48049453411279,0,-19.46984,2771,0.2,0,15,"both",0.441315540583741,-0.0344845419177708
"3032","session2",-9.55205469137885,9.01567089174171,3.23875173131288,7.49608306488239e-05,0.61747136913031,0.315284543774012,0.260250302530854,6,2,150,0.441315540583741,-0.0344845419177708,21,3.6523591833057,0,-25.431,2771,0.2,0,15,"both",0.441315540583741,-0.0344845419177708
"3033","session2",-9.55205469137885,9.01567089174171,3.23875173131288,7.49608306488239e-05,0.61747136913031,0.315284543774012,0.260250302530854,6,2,150,0.441315540583741,-0.0344845419177708,21,1.87152673642259,1,-0.581380000000001,2771,0.2,0,15,"both",0.441315540583741,-0.0344845419177708
"3034","session2",-9.55205469137885,9.01567089174171,3.23875173131288,7.49608306488239e-05,0.61747136913031,0.315284543774012,0.260250302530854,6,2,150,0.441315540583741,-0.0344845419177708,21,2.2844002235362,0,-18.42255,2771,0.2,0,15,"both",0.441315540583741,-0.0344845419177708
"3035","session2",-9.55205469137885,9.01567089174171,3.23875173131288,7.49608306488239e-05,0.61747136913031,0.315284543774012,0.260250302530854,6,2,150,0.441315540583741,-0.0344845419177708,21,3.31851741096203,0,-15.17486,2771,0.2,0,15,"both",0.441315540583741,-0.0344845419177708
"3036","session2",-9.55205469137885,9.01567089174171,3.23875173131288,7.49608306488239e-05,0.61747136913031,0.315284543774012,0.260250302530854,6,2,150,0.441315540583741,-0.0344845419177708,21,5.80270199935303,0,-12.9018,2771,0.2,0,15,"both",0.441315540583741,-0.0344845419177708
"3037","session2",-9.55205469137885,9.01567089174171,3.23875173131288,7.49608306488239e-05,0.61747136913031,0.315284543774012,0.260250302530854,6,2,150,0.441315540583741,-0.0344845419177708,21,3.8433420536116,1,-8.25661,2771,0.2,0,15,"both",0.441315540583741,-0.0344845419177708
"3038","session2",-9.55205469137885,9.01567089174171,3.23875173131288,7.49608306488239e-05,0.61747136913031,0.315284543774012,0.260250302530854,6,2,150,0.441315540583741,-0.0344845419177708,21,8,0,-15.17699,2771,0.2,0,15,"both",0.441315540583741,-0.0344845419177708
"3039","session2",-9.55205469137885,9.01567089174171,3.23875173131288,7.49608306488239e-05,0.61747136913031,0.315284543774012,0.260250302530854,6,2,150,0.441315540583741,-0.0344845419177708,21,1.65912940230997,0,-23.2555,2771,0.2,0,15,"both",0.441315540583741,-0.0344845419177708
"3040","session2",-9.55205469137885,9.01567089174171,3.23875173131288,7.49608306488239e-05,0.61747136913031,0.315284543774012,0.260250302530854,6,2,150,0.441315540583741,-0.0344845419177708,21,3.68767069360428,1,-13.56369,2771,0.2,0,15,"both",0.441315540583741,-0.0344845419177708
"3041","session2",-9.55205469137885,9.01567089174171,3.23875173131288,7.49608306488239e-05,0.61747136913031,0.315284543774012,0.260250302530854,6,2,150,0.441315540583741,-0.0344845419177708,21,5.13608482141733,0,-13.44385,2771,0.2,0,15,"both",0.441315540583741,-0.0344845419177708
"3042","session2",-9.55205469137885,9.01567089174171,3.23875173131288,7.49608306488239e-05,0.61747136913031,0.315284543774012,0.260250302530854,6,2,150,0.441315540583741,-0.0344845419177708,21,4.43073274978297,1,-17.00089,2771,0.2,0,15,"both",0.441315540583741,-0.0344845419177708
"3043","session2",-9.55205469137885,9.01567089174171,3.23875173131288,7.49608306488239e-05,0.61747136913031,0.315284543774012,0.260250302530854,6,2,150,0.441315540583741,-0.0344845419177708,21,5.99786557770567,1,-8.79705,2771,0.2,0,15,"both",0.441315540583741,-0.0344845419177708
"3044","session2",-9.55205469137885,9.01567089174171,3.23875173131288,7.49608306488239e-05,0.61747136913031,0.315284543774012,0.260250302530854,6,2,150,0.441315540583741,-0.0344845419177708,21,2.30205193440622,0,-21.4467,2771,0.2,0,15,"both",0.441315540583741,-0.0344845419177708
"3045","session2",-9.55205469137885,9.01567089174171,3.23875173131288,7.49608306488239e-05,0.61747136913031,0.315284543774012,0.260250302530854,6,2,150,0.441315540583741,-0.0344845419177708,21,5.28044918900262,0,-6.37979,2771,0.2,0,15,"both",0.441315540583741,-0.0344845419177708
"3046","session2",-9.55205469137885,9.01567089174171,3.23875173131288,7.49608306488239e-05,0.61747136913031,0.315284543774012,0.260250302530854,6,2,150,0.441315540583741,-0.0344845419177708,21,2.59491149207141,1,-0.3813,2771,0.2,0,15,"both",0.441315540583741,-0.0344845419177708
"3047","session2",-9.55205469137885,9.01567089174171,3.23875173131288,7.49608306488239e-05,0.61747136913031,0.315284543774012,0.260250302530854,6,2,150,0.441315540583741,-0.0344845419177708,21,4.02548610815912,1,-0.3371,2771,0.2,0,15,"both",0.441315540583741,-0.0344845419177708
"3048","session2",-9.55205469137885,9.01567089174171,3.23875173131288,7.49608306488239e-05,0.61747136913031,0.315284543774012,0.260250302530854,6,2,150,0.441315540583741,-0.0344845419177708,21,4.15025533155692,0,-15.50252,2771,0.2,0,15,"both",0.441315540583741,-0.0344845419177708
"3049","session2",-9.55205469137885,9.01567089174171,3.23875173131288,7.49608306488239e-05,0.61747136913031,0.315284543774012,0.260250302530854,6,2,150,0.441315540583741,-0.0344845419177708,21,3.22353498088346,1,-5.14558,2771,0.2,0,15,"both",0.441315540583741,-0.0344845419177708
"3050","session2",-9.55205469137885,9.01567089174171,3.23875173131288,7.49608306488239e-05,0.61747136913031,0.315284543774012,0.260250302530854,6,2,150,0.441315540583741,-0.0344845419177708,21,2.73433163210156,0,-8.94211,2771,0.2,0,15,"both",0.441315540583741,-0.0344845419177708
"3051","session2",-9.55205469137885,9.01567089174171,3.23875173131288,7.49608306488239e-05,0.61747136913031,0.315284543774012,0.260250302530854,6,2,150,0.441315540583741,-0.0344845419177708,21,3.21467095114546,1,-6.52841,2771,0.2,0,15,"both",0.441315540583741,-0.0344845419177708
"3052","session2",-9.55205469137885,9.01567089174171,3.23875173131288,7.49608306488239e-05,0.61747136913031,0.315284543774012,0.260250302530854,6,2,150,0.441315540583741,-0.0344845419177708,21,2.357540458858,0,-7.89323,2771,0.2,0,15,"both",0.441315540583741,-0.0344845419177708
"3053","session2",-9.55205469137885,9.01567089174171,3.23875173131288,7.49608306488239e-05,0.61747136913031,0.315284543774012,0.260250302530854,6,2,150,0.441315540583741,-0.0344845419177708,21,3.98316612763289,0,-16.24387,2771,0.2,0,15,"both",0.441315540583741,-0.0344845419177708
"3054","session2",-9.55205469137885,9.01567089174171,3.23875173131288,7.49608306488239e-05,0.61747136913031,0.315284543774012,0.260250302530854,6,2,150,0.441315540583741,-0.0344845419177708,21,7.37375037291148,1,-4.8461,2771,0.2,0,15,"both",0.441315540583741,-0.0344845419177708
"3055","session2",-9.55205469137885,9.01567089174171,3.23875173131288,7.49608306488239e-05,0.61747136913031,0.315284543774012,0.260250302530854,6,2,150,0.441315540583741,-0.0344845419177708,21,4.36841371104049,1,-5.84178,2771,0.2,0,15,"both",0.441315540583741,-0.0344845419177708
"3056","session2",-9.55205469137885,9.01567089174171,3.23875173131288,7.49608306488239e-05,0.61747136913031,0.315284543774012,0.260250302530854,6,2,150,0.441315540583741,-0.0344845419177708,21,4.43320951585966,0,-16.02946,2771,0.2,0,15,"both",0.441315540583741,-0.0344845419177708
"3057","session2",-9.55205469137885,9.01567089174171,3.23875173131288,7.49608306488239e-05,0.61747136913031,0.315284543774012,0.260250302530854,6,2,150,0.441315540583741,-0.0344845419177708,21,5.17597343174709,0,-4.04268,2771,0.2,0,15,"both",0.441315540583741,-0.0344845419177708
"3058","session2",-9.55205469137885,9.01567089174171,3.23875173131288,7.49608306488239e-05,0.61747136913031,0.315284543774012,0.260250302530854,6,2,150,0.441315540583741,-0.0344845419177708,21,4.591862262527,0,-15.73917,2771,0.2,0,15,"both",0.441315540583741,-0.0344845419177708
"3059","session2",-9.55205469137885,9.01567089174171,3.23875173131288,7.49608306488239e-05,0.61747136913031,0.315284543774012,0.260250302530854,6,2,150,0.441315540583741,-0.0344845419177708,21,3.31904518044656,0,-17.20991,2771,0.2,0,15,"both",0.441315540583741,-0.0344845419177708
"3060","session2",-9.55205469137885,9.01567089174171,3.23875173131288,7.49608306488239e-05,0.61747136913031,0.315284543774012,0.260250302530854,6,2,150,0.441315540583741,-0.0344845419177708,21,4.68924665525915,1,-2.6664,2771,0.2,0,15,"both",0.441315540583741,-0.0344845419177708
"3061","session2",-9.55205469137885,9.01567089174171,3.23875173131288,7.49608306488239e-05,0.61747136913031,0.315284543774012,0.260250302530854,6,2,150,0.441315540583741,-0.0344845419177708,21,3.65348209003033,1,-5.40067,2771,0.2,0,15,"both",0.441315540583741,-0.0344845419177708
"3062","session2",-9.55205469137885,9.01567089174171,3.23875173131288,7.49608306488239e-05,0.61747136913031,0.315284543774012,0.260250302530854,6,2,150,0.441315540583741,-0.0344845419177708,21,7.09951472099833,0,-16.94003,2771,0.2,0,15,"both",0.441315540583741,-0.0344845419177708
"3063","session2",-9.55205469137885,9.01567089174171,3.23875173131288,7.49608306488239e-05,0.61747136913031,0.315284543774012,0.260250302530854,6,2,150,0.441315540583741,-0.0344845419177708,21,1.66747549782114,1,-20.49289,2771,0.2,0,15,"both",0.441315540583741,-0.0344845419177708
"3064","session2",-9.55205469137885,9.01567089174171,3.23875173131288,7.49608306488239e-05,0.61747136913031,0.315284543774012,0.260250302530854,6,2,150,0.441315540583741,-0.0344845419177708,21,2.7873401725355,1,-3.9781,2771,0.2,0,15,"both",0.441315540583741,-0.0344845419177708
"3065","session2",-9.55205469137885,9.01567089174171,3.23875173131288,7.49608306488239e-05,0.61747136913031,0.315284543774012,0.260250302530854,6,2,150,0.441315540583741,-0.0344845419177708,21,5.75704059380416,0,-7.93014,2771,0.2,0,15,"both",0.441315540583741,-0.0344845419177708
"3066","session2",-9.55205469137885,9.01567089174171,3.23875173131288,7.49608306488239e-05,0.61747136913031,0.315284543774012,0.260250302530854,6,2,150,0.441315540583741,-0.0344845419177708,21,3.12166958079032,0,-18.29059,2771,0.2,0,15,"both",0.441315540583741,-0.0344845419177708
"3067","session2",-9.55205469137885,9.01567089174171,3.23875173131288,7.49608306488239e-05,0.61747136913031,0.315284543774012,0.260250302530854,6,2,150,0.441315540583741,-0.0344845419177708,21,2.90600223863062,0,-6.46617,2771,0.2,0,15,"both",0.441315540583741,-0.0344845419177708
"3068","session2",-9.55205469137885,9.01567089174171,3.23875173131288,7.49608306488239e-05,0.61747136913031,0.315284543774012,0.260250302530854,6,2,150,0.441315540583741,-0.0344845419177708,21,2.95108755561312,0,-1.70285,2771,0.2,0,15,"both",0.441315540583741,-0.0344845419177708
"3069","session2",-9.55205469137885,9.01567089174171,3.23875173131288,7.49608306488239e-05,0.61747136913031,0.315284543774012,0.260250302530854,6,2,150,0.441315540583741,-0.0344845419177708,21,3.65008027996332,0,-1.76359,2771,0.2,0,15,"both",0.441315540583741,-0.0344845419177708
"3070","session2",-9.55205469137885,9.01567089174171,3.23875173131288,7.49608306488239e-05,0.61747136913031,0.315284543774012,0.260250302530854,6,2,150,0.441315540583741,-0.0344845419177708,21,2.19803254031484,1,0.42173,2771,0.2,0,15,"both",0.441315540583741,-0.0344845419177708
"3071","session2",-9.55205469137885,9.01567089174171,3.23875173131288,7.49608306488239e-05,0.61747136913031,0.315284543774012,0.260250302530854,6,2,150,0.441315540583741,-0.0344845419177708,21,1.98684778601999,1,2.93153,2771,0.2,0,15,"both",0.441315540583741,-0.0344845419177708
"3072","session2",-9.55205469137885,9.01567089174171,3.23875173131288,7.49608306488239e-05,0.61747136913031,0.315284543774012,0.260250302530854,6,2,150,0.441315540583741,-0.0344845419177708,21,3.45418236855229,0,-19.98417,2771,0.2,0,15,"both",0.441315540583741,-0.0344845419177708
"3073","session2",-9.55205469137885,9.01567089174171,3.23875173131288,7.49608306488239e-05,0.61747136913031,0.315284543774012,0.260250302530854,6,2,150,0.441315540583741,-0.0344845419177708,21,2.40491176768432,0,-22.2337,2771,0.2,0,15,"both",0.441315540583741,-0.0344845419177708
"3074","session2",-9.55205469137885,9.01567089174171,3.23875173131288,7.49608306488239e-05,0.61747136913031,0.315284543774012,0.260250302530854,6,2,150,0.441315540583741,-0.0344845419177708,21,4.24561849550919,0,-13.86281,2771,0.2,0,15,"both",0.441315540583741,-0.0344845419177708
"3075","session2",-9.55205469137885,9.01567089174171,3.23875173131288,7.49608306488239e-05,0.61747136913031,0.315284543774012,0.260250302530854,6,2,150,0.441315540583741,-0.0344845419177708,21,4.09786262558083,1,-0.365159999999999,2771,0.2,0,15,"both",0.441315540583741,-0.0344845419177708
"3076","session2",-9.55205469137885,9.01567089174171,3.23875173131288,7.49608306488239e-05,0.61747136913031,0.315284543774012,0.260250302530854,6,2,150,0.441315540583741,-0.0344845419177708,21,4.99956534824291,1,-4.80959,2771,0.2,0,15,"both",0.441315540583741,-0.0344845419177708
"3077","session2",-9.55205469137885,9.01567089174171,3.23875173131288,7.49608306488239e-05,0.61747136913031,0.315284543774012,0.260250302530854,6,2,150,0.441315540583741,-0.0344845419177708,21,2.96178796016701,0,-19.29131,2771,0.2,0,15,"both",0.441315540583741,-0.0344845419177708
"3078","session2",-9.55205469137885,9.01567089174171,3.23875173131288,7.49608306488239e-05,0.61747136913031,0.315284543774012,0.260250302530854,6,2,150,0.441315540583741,-0.0344845419177708,21,2.84140700858661,1,-1.4642,2771,0.2,0,15,"both",0.441315540583741,-0.0344845419177708
"3079","session2",-9.55205469137885,9.01567089174171,3.23875173131288,7.49608306488239e-05,0.61747136913031,0.315284543774012,0.260250302530854,6,2,150,0.441315540583741,-0.0344845419177708,21,2.87779484961057,1,-18.54495,2771,0.2,0,15,"both",0.441315540583741,-0.0344845419177708
"3080","session2",-9.55205469137885,9.01567089174171,3.23875173131288,7.49608306488239e-05,0.61747136913031,0.315284543774012,0.260250302530854,6,2,150,0.441315540583741,-0.0344845419177708,21,2.67886918879987,1,-15.74733,2771,0.2,0,15,"both",0.441315540583741,-0.0344845419177708
"3081","session2",-9.55205469137885,9.01567089174171,3.23875173131288,7.49608306488239e-05,0.61747136913031,0.315284543774012,0.260250302530854,6,2,150,0.441315540583741,-0.0344845419177708,21,2.78987869312589,1,-17.22068,2771,0.2,0,15,"both",0.441315540583741,-0.0344845419177708
"3082","session2",-9.55205469137885,9.01567089174171,3.23875173131288,7.49608306488239e-05,0.61747136913031,0.315284543774012,0.260250302530854,6,2,150,0.441315540583741,-0.0344845419177708,21,3.23092428054536,1,-1.5362,2771,0.2,0,15,"both",0.441315540583741,-0.0344845419177708
"3083","session2",-9.55205469137885,9.01567089174171,3.23875173131288,7.49608306488239e-05,0.61747136913031,0.315284543774012,0.260250302530854,6,2,150,0.441315540583741,-0.0344845419177708,21,2.6700128234818,1,-3.14097,2771,0.2,0,15,"both",0.441315540583741,-0.0344845419177708
"3084","session2",-9.55205469137885,9.01567089174171,3.23875173131288,7.49608306488239e-05,0.61747136913031,0.315284543774012,0.260250302530854,6,2,150,0.441315540583741,-0.0344845419177708,21,1.4902553700737,0,-19.51485,2771,0.2,0,15,"both",0.441315540583741,-0.0344845419177708
"3085","session2",-9.55205469137885,9.01567089174171,3.23875173131288,7.49608306488239e-05,0.61747136913031,0.315284543774012,0.260250302530854,6,2,150,0.441315540583741,-0.0344845419177708,21,2.36322244718587,0,-21.93589,2771,0.2,0,15,"both",0.441315540583741,-0.0344845419177708
"3086","session2",-9.55205469137885,9.01567089174171,3.23875173131288,7.49608306488239e-05,0.61747136913031,0.315284543774012,0.260250302530854,6,2,150,0.441315540583741,-0.0344845419177708,21,8,1,-4.5221,2771,0.2,0,15,"both",0.441315540583741,-0.0344845419177708
"3087","session2",-9.55205469137885,9.01567089174171,3.23875173131288,7.49608306488239e-05,0.61747136913031,0.315284543774012,0.260250302530854,6,2,150,0.441315540583741,-0.0344845419177708,21,2.27849275957231,1,2.3109,2771,0.2,0,15,"both",0.441315540583741,-0.0344845419177708
"3088","session2",-9.55205469137885,9.01567089174171,3.23875173131288,7.49608306488239e-05,0.61747136913031,0.315284543774012,0.260250302530854,6,2,150,0.441315540583741,-0.0344845419177708,21,2.72722236163195,0,-25.04698,2771,0.2,0,15,"both",0.441315540583741,-0.0344845419177708
"3089","session2",-9.55205469137885,9.01567089174171,3.23875173131288,7.49608306488239e-05,0.61747136913031,0.315284543774012,0.260250302530854,6,2,150,0.441315540583741,-0.0344845419177708,21,2.76931163825822,0,-20.39685,2771,0.2,0,15,"both",0.441315540583741,-0.0344845419177708
"3090","session2",-9.55205469137885,9.01567089174171,3.23875173131288,7.49608306488239e-05,0.61747136913031,0.315284543774012,0.260250302530854,6,2,150,0.441315540583741,-0.0344845419177708,21,1.87976042261122,0,-20.67749,2771,0.2,0,15,"both",0.441315540583741,-0.0344845419177708
"3091","session2",-9.55205469137885,9.01567089174171,3.23875173131288,7.49608306488239e-05,0.61747136913031,0.315284543774012,0.260250302530854,6,2,150,0.441315540583741,-0.0344845419177708,21,3.51206290066539,0,-18.0814,2771,0.2,0,15,"both",0.441315540583741,-0.0344845419177708
"3092","session2",-9.55205469137885,9.01567089174171,3.23875173131288,7.49608306488239e-05,0.61747136913031,0.315284543774012,0.260250302530854,6,2,150,0.441315540583741,-0.0344845419177708,21,4.34219769447798,1,-4.21713,2771,0.2,0,15,"both",0.441315540583741,-0.0344845419177708
"3093","session2",-9.55205469137885,9.01567089174171,3.23875173131288,7.49608306488239e-05,0.61747136913031,0.315284543774012,0.260250302530854,6,2,150,0.441315540583741,-0.0344845419177708,21,2.1542484289271,0,-22.0454,2771,0.2,0,15,"both",0.441315540583741,-0.0344845419177708
"3094","session2",-9.55205469137885,9.01567089174171,3.23875173131288,7.49608306488239e-05,0.61747136913031,0.315284543774012,0.260250302530854,6,2,150,0.441315540583741,-0.0344845419177708,21,1.64847465896256,0,-19.91938,2771,0.2,0,15,"both",0.441315540583741,-0.0344845419177708
"3095","session2",-9.55205469137885,9.01567089174171,3.23875173131288,7.49608306488239e-05,0.61747136913031,0.315284543774012,0.260250302530854,6,2,150,0.441315540583741,-0.0344845419177708,21,7.31167369621069,0,-8.29632,2771,0.2,0,15,"both",0.441315540583741,-0.0344845419177708
"3096","session2",-9.55205469137885,9.01567089174171,3.23875173131288,7.49608306488239e-05,0.61747136913031,0.315284543774012,0.260250302530854,6,2,150,0.441315540583741,-0.0344845419177708,21,2.7513669243889,0,-17.91384,2771,0.2,0,15,"both",0.441315540583741,-0.0344845419177708
"3097","session2",-9.55205469137885,9.01567089174171,3.23875173131288,7.49608306488239e-05,0.61747136913031,0.315284543774012,0.260250302530854,6,2,150,0.441315540583741,-0.0344845419177708,21,3.38017338743002,0,-16.7789,2771,0.2,0,15,"both",0.441315540583741,-0.0344845419177708
"3098","session2",-9.55205469137885,9.01567089174171,3.23875173131288,7.49608306488239e-05,0.61747136913031,0.315284543774012,0.260250302530854,6,2,150,0.441315540583741,-0.0344845419177708,21,3.3244663313455,0,-15.84599,2771,0.2,0,15,"both",0.441315540583741,-0.0344845419177708
"3099","session2",-9.55205469137885,9.01567089174171,3.23875173131288,7.49608306488239e-05,0.61747136913031,0.315284543774012,0.260250302530854,6,2,150,0.441315540583741,-0.0344845419177708,21,3.67152271393971,0,-16.86602,2771,0.2,0,15,"both",0.441315540583741,-0.0344845419177708
"3100","session2",-9.55205469137885,9.01567089174171,3.23875173131288,7.49608306488239e-05,0.61747136913031,0.315284543774012,0.260250302530854,6,2,150,0.441315540583741,-0.0344845419177708,21,2.87856616716576,0,-17.83405,2771,0.2,0,15,"both",0.441315540583741,-0.0344845419177708
"3101","session2",-9.55205469137885,9.01567089174171,3.23875173131288,7.49608306488239e-05,0.61747136913031,0.315284543774012,0.260250302530854,6,2,150,0.441315540583741,-0.0344845419177708,21,2.98765264531437,1,-16.85842,2771,0.2,0,15,"both",0.441315540583741,-0.0344845419177708
"3102","session2",-9.55205469137885,9.01567089174171,3.23875173131288,7.49608306488239e-05,0.61747136913031,0.315284543774012,0.260250302530854,6,2,150,0.441315540583741,-0.0344845419177708,21,2.17335682616812,0,-23.8868,2771,0.2,0,15,"both",0.441315540583741,-0.0344845419177708
"3103","session2",-9.55205469137885,9.01567089174171,3.23875173131288,7.49608306488239e-05,0.61747136913031,0.315284543774012,0.260250302530854,6,2,150,0.441315540583741,-0.0344845419177708,21,3.10494617556633,0,-17.85895,2771,0.2,0,15,"both",0.441315540583741,-0.0344845419177708
"3104","session2",-9.55205469137885,9.01567089174171,3.23875173131288,7.49608306488239e-05,0.61747136913031,0.315284543774012,0.260250302530854,6,2,150,0.441315540583741,-0.0344845419177708,21,6.09012958317858,0,-14.31291,2771,0.2,0,15,"both",0.441315540583741,-0.0344845419177708
"3105","session2",-9.55205469137885,9.01567089174171,3.23875173131288,7.49608306488239e-05,0.61747136913031,0.315284543774012,0.260250302530854,6,2,150,0.441315540583741,-0.0344845419177708,21,6.11606898916732,1,-2.70624,2771,0.2,0,15,"both",0.441315540583741,-0.0344845419177708
"3106","session2",-9.55205469137885,9.01567089174171,3.23875173131288,7.49608306488239e-05,0.61747136913031,0.315284543774012,0.260250302530854,6,2,150,0.441315540583741,-0.0344845419177708,21,3.45118195915879,1,-1.82138,2771,0.2,0,15,"both",0.441315540583741,-0.0344845419177708
"3107","session2",-9.55205469137885,9.01567089174171,3.23875173131288,7.49608306488239e-05,0.61747136913031,0.315284543774012,0.260250302530854,6,2,150,0.441315540583741,-0.0344845419177708,21,3.24076588799232,1,0.195399999999999,2771,0.2,0,15,"both",0.441315540583741,-0.0344845419177708
"3108","session2",-9.55205469137885,9.01567089174171,3.23875173131288,7.49608306488239e-05,0.61747136913031,0.315284543774012,0.260250302530854,6,2,150,0.441315540583741,-0.0344845419177708,21,4.79648979998335,0,-7.36446,2771,0.2,0,15,"both",0.441315540583741,-0.0344845419177708
"3109","session2",-9.55205469137885,9.01567089174171,3.23875173131288,7.49608306488239e-05,0.61747136913031,0.315284543774012,0.260250302530854,6,2,150,0.441315540583741,-0.0344845419177708,21,2.29570574025725,0,-20.45035,2771,0.2,0,15,"both",0.441315540583741,-0.0344845419177708
"3110","session2",-9.55205469137885,9.01567089174171,3.23875173131288,7.49608306488239e-05,0.61747136913031,0.315284543774012,0.260250302530854,6,2,150,0.441315540583741,-0.0344845419177708,21,4.17240272641382,1,-3.29333,2771,0.2,0,15,"both",0.441315540583741,-0.0344845419177708
"3111","session2",-9.55205469137885,9.01567089174171,3.23875173131288,7.49608306488239e-05,0.61747136913031,0.315284543774012,0.260250302530854,6,2,150,0.441315540583741,-0.0344845419177708,21,5.86251413352015,1,-1.26157,2771,0.2,0,15,"both",0.441315540583741,-0.0344845419177708
"3112","session2",-9.55205469137885,9.01567089174171,3.23875173131288,7.49608306488239e-05,0.61747136913031,0.315284543774012,0.260250302530854,6,2,150,0.441315540583741,-0.0344845419177708,21,2.35226363658659,0,-17.38062,2771,0.2,0,15,"both",0.441315540583741,-0.0344845419177708
"3113","session2",-9.55205469137885,9.01567089174171,3.23875173131288,7.49608306488239e-05,0.61747136913031,0.315284543774012,0.260250302530854,6,2,150,0.441315540583741,-0.0344845419177708,21,2.5122023283673,0,-19.36856,2771,0.2,0,15,"both",0.441315540583741,-0.0344845419177708
"3114","session2",-9.55205469137885,9.01567089174171,3.23875173131288,7.49608306488239e-05,0.61747136913031,0.315284543774012,0.260250302530854,6,2,150,0.441315540583741,-0.0344845419177708,21,6.68820721331849,0,-4.516,2771,0.2,0,15,"both",0.441315540583741,-0.0344845419177708
"3115","session2",-9.55205469137885,9.01567089174171,3.23875173131288,7.49608306488239e-05,0.61747136913031,0.315284543774012,0.260250302530854,6,2,150,0.441315540583741,-0.0344845419177708,21,5.28294530509678,1,-2.88856,2771,0.2,0,15,"both",0.441315540583741,-0.0344845419177708
"3116","session2",-9.55205469137885,9.01567089174171,3.23875173131288,7.49608306488239e-05,0.61747136913031,0.315284543774012,0.260250302530854,6,2,150,0.441315540583741,-0.0344845419177708,21,2.26368281238517,1,-19.27777,2771,0.2,0,15,"both",0.441315540583741,-0.0344845419177708
"3117","session2",-9.55205469137885,9.01567089174171,3.23875173131288,7.49608306488239e-05,0.61747136913031,0.315284543774012,0.260250302530854,6,2,150,0.441315540583741,-0.0344845419177708,21,3.42616740751093,1,-1.26884,2771,0.2,0,15,"both",0.441315540583741,-0.0344845419177708
"3118","session2",-9.55205469137885,9.01567089174171,3.23875173131288,7.49608306488239e-05,0.61747136913031,0.315284543774012,0.260250302530854,6,2,150,0.441315540583741,-0.0344845419177708,21,4.15989815534371,1,-17.96284,2771,0.2,0,15,"both",0.441315540583741,-0.0344845419177708
"3119","session2",-9.55205469137885,9.01567089174171,3.23875173131288,7.49608306488239e-05,0.61747136913031,0.315284543774012,0.260250302530854,6,2,150,0.441315540583741,-0.0344845419177708,21,3.19208718007814,1,-2.0166,2771,0.2,0,15,"both",0.441315540583741,-0.0344845419177708
"3120","session2",-9.55205469137885,9.01567089174171,3.23875173131288,7.49608306488239e-05,0.61747136913031,0.315284543774012,0.260250302530854,6,2,150,0.441315540583741,-0.0344845419177708,21,3.66470810857446,0,-20.68978,2771,0.2,0,15,"both",0.441315540583741,-0.0344845419177708
"3121","session2",-9.55205469137885,9.01567089174171,3.23875173131288,7.49608306488239e-05,0.61747136913031,0.315284543774012,0.260250302530854,6,2,150,0.441315540583741,-0.0344845419177708,21,3.17722174697946,1,-0.690050000000001,2771,0.2,0,15,"both",0.441315540583741,-0.0344845419177708
"3122","session2",-9.55205469137885,9.01567089174171,3.23875173131288,7.49608306488239e-05,0.61747136913031,0.315284543774012,0.260250302530854,6,2,150,0.441315540583741,-0.0344845419177708,21,3.4957752940288,1,-3.39819,2771,0.2,0,15,"both",0.441315540583741,-0.0344845419177708
"3123","session2",-9.55205469137885,9.01567089174171,3.23875173131288,7.49608306488239e-05,0.61747136913031,0.315284543774012,0.260250302530854,6,2,150,0.441315540583741,-0.0344845419177708,21,3.06001106247521,0,-19.20294,2771,0.2,0,15,"both",0.441315540583741,-0.0344845419177708
"3124","session2",-9.55205469137885,9.01567089174171,3.23875173131288,7.49608306488239e-05,0.61747136913031,0.315284543774012,0.260250302530854,6,2,150,0.441315540583741,-0.0344845419177708,21,5.96552966249324,1,-4.72722,2771,0.2,0,15,"both",0.441315540583741,-0.0344845419177708
"3125","session2",-9.55205469137885,9.01567089174171,3.23875173131288,7.49608306488239e-05,0.61747136913031,0.315284543774012,0.260250302530854,6,2,150,0.441315540583741,-0.0344845419177708,21,3.59791621024334,1,-1.18345,2771,0.2,0,15,"both",0.441315540583741,-0.0344845419177708
"3126","session2",-9.55205469137885,9.01567089174171,3.23875173131288,7.49608306488239e-05,0.61747136913031,0.315284543774012,0.260250302530854,6,2,150,0.441315540583741,-0.0344845419177708,21,4.10745508837485,0,-16.44058,2771,0.2,0,15,"both",0.441315540583741,-0.0344845419177708
"3127","session2",-9.55205469137885,9.01567089174171,3.23875173131288,7.49608306488239e-05,0.61747136913031,0.315284543774012,0.260250302530854,6,2,150,0.441315540583741,-0.0344845419177708,21,2.58956772932474,1,-0.0575299999999999,2771,0.2,0,15,"both",0.441315540583741,-0.0344845419177708
"3128","session2",-9.55205469137885,9.01567089174171,3.23875173131288,7.49608306488239e-05,0.61747136913031,0.315284543774012,0.260250302530854,6,2,150,0.441315540583741,-0.0344845419177708,21,3.66186728684502,0,-18.75115,2771,0.2,0,15,"both",0.441315540583741,-0.0344845419177708
"3129","session2",-9.55205469137885,9.01567089174171,3.23875173131288,7.49608306488239e-05,0.61747136913031,0.315284543774012,0.260250302530854,6,2,150,0.441315540583741,-0.0344845419177708,21,3.08518032747866,0,-19.12247,2771,0.2,0,15,"both",0.441315540583741,-0.0344845419177708
"3130","session2",-9.55205469137885,9.01567089174171,3.23875173131288,7.49608306488239e-05,0.61747136913031,0.315284543774012,0.260250302530854,6,2,150,0.441315540583741,-0.0344845419177708,21,4.83373431125778,0,-15.4078,2771,0.2,0,15,"both",0.441315540583741,-0.0344845419177708
"3131","session2",-9.55205469137885,9.01567089174171,3.23875173131288,7.49608306488239e-05,0.61747136913031,0.315284543774012,0.260250302530854,6,2,150,0.441315540583741,-0.0344845419177708,21,3.22787228472147,0,-17.93269,2771,0.2,0,15,"both",0.441315540583741,-0.0344845419177708
"3132","session2",-9.55205469137885,9.01567089174171,3.23875173131288,7.49608306488239e-05,0.61747136913031,0.315284543774012,0.260250302530854,6,2,150,0.441315540583741,-0.0344845419177708,21,4.11329879397374,0,-16.93612,2771,0.2,0,15,"both",0.441315540583741,-0.0344845419177708
"3133","session2",-9.55205469137885,9.01567089174171,3.23875173131288,7.49608306488239e-05,0.61747136913031,0.315284543774012,0.260250302530854,6,2,150,0.441315540583741,-0.0344845419177708,21,4.6361050565848,1,-1.9631,2771,0.2,0,15,"both",0.441315540583741,-0.0344845419177708
"3134","session2",-9.55205469137885,9.01567089174171,3.23875173131288,7.49608306488239e-05,0.61747136913031,0.315284543774012,0.260250302530854,6,2,150,0.441315540583741,-0.0344845419177708,21,7.91642386263432,0,-3.87781,2771,0.2,0,15,"both",0.441315540583741,-0.0344845419177708
"3135","session2",-9.55205469137885,9.01567089174171,3.23875173131288,7.49608306488239e-05,0.61747136913031,0.315284543774012,0.260250302530854,6,2,150,0.441315540583741,-0.0344845419177708,21,4.48465829767722,0,-14.6374,2771,0.2,0,15,"both",0.441315540583741,-0.0344845419177708
"3136","session2",-9.55205469137885,9.01567089174171,3.23875173131288,7.49608306488239e-05,0.61747136913031,0.315284543774012,0.260250302530854,6,2,150,0.441315540583741,-0.0344845419177708,21,4.56905263609829,0,-20.99001,2771,0.2,0,15,"both",0.441315540583741,-0.0344845419177708
"3137","session2",-9.55205469137885,9.01567089174171,3.23875173131288,7.49608306488239e-05,0.61747136913031,0.315284543774012,0.260250302530854,6,2,150,0.441315540583741,-0.0344845419177708,21,2.48249313441065,0,-0.93407,2771,0.2,0,15,"both",0.441315540583741,-0.0344845419177708
"3138","session2",-9.55205469137885,9.01567089174171,3.23875173131288,7.49608306488239e-05,0.61747136913031,0.315284543774012,0.260250302530854,6,2,150,0.441315540583741,-0.0344845419177708,21,3.35768017584017,1,0.16676,2771,0.2,0,15,"both",0.441315540583741,-0.0344845419177708
"3139","session2",-9.55205469137885,9.01567089174171,3.23875173131288,7.49608306488239e-05,0.61747136913031,0.315284543774012,0.260250302530854,6,2,150,0.441315540583741,-0.0344845419177708,21,2.39895548047514,1,0.9815,2771,0.2,0,15,"both",0.441315540583741,-0.0344845419177708
"3140","session2",-9.55205469137885,9.01567089174171,3.23875173131288,7.49608306488239e-05,0.61747136913031,0.315284543774012,0.260250302530854,6,2,150,0.441315540583741,-0.0344845419177708,21,3.08550070321109,0,-4.66567,2771,0.2,0,15,"both",0.441315540583741,-0.0344845419177708
"3141","session2",-9.55205469137885,9.01567089174171,3.23875173131288,7.49608306488239e-05,0.61747136913031,0.315284543774012,0.260250302530854,6,2,150,0.441315540583741,-0.0344845419177708,21,1.95551304683529,0,-21.0378,2771,0.2,0,15,"both",0.441315540583741,-0.0344845419177708
"3142","session2",-9.55205469137885,9.01567089174171,3.23875173131288,7.49608306488239e-05,0.61747136913031,0.315284543774012,0.260250302530854,6,2,150,0.441315540583741,-0.0344845419177708,21,5.39485749054688,0,-16.87767,2771,0.2,0,15,"both",0.441315540583741,-0.0344845419177708
"3143","session2",-9.55205469137885,9.01567089174171,3.23875173131288,7.49608306488239e-05,0.61747136913031,0.315284543774012,0.260250302530854,6,2,150,0.441315540583741,-0.0344845419177708,21,3.77018160528699,0,-14.6308,2771,0.2,0,15,"both",0.441315540583741,-0.0344845419177708
"3144","session2",-9.55205469137885,9.01567089174171,3.23875173131288,7.49608306488239e-05,0.61747136913031,0.315284543774012,0.260250302530854,6,2,150,0.441315540583741,-0.0344845419177708,21,3.13810600795797,0,-17.96133,2771,0.2,0,15,"both",0.441315540583741,-0.0344845419177708
"3145","session2",-9.55205469137885,9.01567089174171,3.23875173131288,7.49608306488239e-05,0.61747136913031,0.315284543774012,0.260250302530854,6,2,150,0.441315540583741,-0.0344845419177708,21,6.11059946788537,0,-3.08509,2771,0.2,0,15,"both",0.441315540583741,-0.0344845419177708
"3146","session2",-9.55205469137885,9.01567089174171,3.23875173131288,7.49608306488239e-05,0.61747136913031,0.315284543774012,0.260250302530854,6,2,150,0.441315540583741,-0.0344845419177708,21,3.95761477093926,0,-18.28708,2771,0.2,0,15,"both",0.441315540583741,-0.0344845419177708
"3147","session2",-9.55205469137885,9.01567089174171,3.23875173131288,7.49608306488239e-05,0.61747136913031,0.315284543774012,0.260250302530854,6,2,150,0.441315540583741,-0.0344845419177708,21,3.16415559904256,1,-3.72213,2771,0.2,0,15,"both",0.441315540583741,-0.0344845419177708
"3148","session2",-9.55205469137885,9.01567089174171,3.23875173131288,7.49608306488239e-05,0.61747136913031,0.315284543774012,0.260250302530854,6,2,150,0.441315540583741,-0.0344845419177708,21,3.04483635207785,1,-3.44974,2771,0.2,0,15,"both",0.441315540583741,-0.0344845419177708
"3149","session2",-9.55205469137885,9.01567089174171,3.23875173131288,7.49608306488239e-05,0.61747136913031,0.315284543774012,0.260250302530854,6,2,150,0.441315540583741,-0.0344845419177708,21,4.48549916245396,0,-18.60637,2771,0.2,0,15,"both",0.441315540583741,-0.0344845419177708
"3150","session2",-9.55205469137885,9.01567089174171,3.23875173131288,7.49608306488239e-05,0.61747136913031,0.315284543774012,0.260250302530854,6,2,150,0.441315540583741,-0.0344845419177708,21,3.15638001459117,1,-13.94441,2771,0.2,0,15,"both",0.441315540583741,-0.0344845419177708
"3151","session2",-5.33527715210049,34.1033110637776,3.27780315897459,0.000203823031383798,-0.359672088487014,0.584448087269142,0.808687505977868,7,2,150,0.441315540583741,-0.0344845419177708,22,1.43903277882845,0,-7.91105187876,2771,0.2,0,15,"both",0.441315540583741,-0.0344845419177708
"3152","session2",-5.33527715210049,34.1033110637776,3.27780315897459,0.000203823031383798,-0.359672088487014,0.584448087269142,0.808687505977868,7,2,150,0.441315540583741,-0.0344845419177708,22,1.8238523350263,1,8.04655013193,2771,0.2,0,15,"both",0.441315540583741,-0.0344845419177708
"3153","session2",-5.33527715210049,34.1033110637776,3.27780315897459,0.000203823031383798,-0.359672088487014,0.584448087269142,0.808687505977868,7,2,150,0.441315540583741,-0.0344845419177708,22,1.51115153240449,0,-0.80086584764,2771,0.2,0,15,"both",0.441315540583741,-0.0344845419177708
"3154","session2",-5.33527715210049,34.1033110637776,3.27780315897459,0.000203823031383798,-0.359672088487014,0.584448087269142,0.808687505977868,7,2,150,0.441315540583741,-0.0344845419177708,22,1.9033214083232,0,3.17115527545,2771,0.2,0,15,"both",0.441315540583741,-0.0344845419177708
"3155","session2",-5.33527715210049,34.1033110637776,3.27780315897459,0.000203823031383798,-0.359672088487014,0.584448087269142,0.808687505977868,7,2,150,0.441315540583741,-0.0344845419177708,22,4.13855779870732,0,4.44438,2771,0.2,0,15,"both",0.441315540583741,-0.0344845419177708
"3156","session2",-5.33527715210049,34.1033110637776,3.27780315897459,0.000203823031383798,-0.359672088487014,0.584448087269142,0.808687505977868,7,2,150,0.441315540583741,-0.0344845419177708,22,3.41656310291945,1,5.06745,2771,0.2,0,15,"both",0.441315540583741,-0.0344845419177708
"3157","session2",-5.33527715210049,34.1033110637776,3.27780315897459,0.000203823031383798,-0.359672088487014,0.584448087269142,0.808687505977868,7,2,150,0.441315540583741,-0.0344845419177708,22,2.40466236638243,1,-8.89436,2771,0.2,0,15,"both",0.441315540583741,-0.0344845419177708
"3158","session2",-5.33527715210049,34.1033110637776,3.27780315897459,0.000203823031383798,-0.359672088487014,0.584448087269142,0.808687505977868,7,2,150,0.441315540583741,-0.0344845419177708,22,2.01782132881695,0,3.08022,2771,0.2,0,15,"both",0.441315540583741,-0.0344845419177708
"3159","session2",-5.33527715210049,34.1033110637776,3.27780315897459,0.000203823031383798,-0.359672088487014,0.584448087269142,0.808687505977868,7,2,150,0.441315540583741,-0.0344845419177708,22,1.71289780494883,1,6.6596748038,2771,0.2,0,15,"both",0.441315540583741,-0.0344845419177708
"3160","session2",-5.33527715210049,34.1033110637776,3.27780315897459,0.000203823031383798,-0.359672088487014,0.584448087269142,0.808687505977868,7,2,150,0.441315540583741,-0.0344845419177708,22,3.39695985952718,0,2.7054846081,2771,0.2,0,15,"both",0.441315540583741,-0.0344845419177708
"3161","session2",-5.33527715210049,34.1033110637776,3.27780315897459,0.000203823031383798,-0.359672088487014,0.584448087269142,0.808687505977868,7,2,150,0.441315540583741,-0.0344845419177708,22,3.02580157510782,0,10.78127,2771,0.2,0,15,"both",0.441315540583741,-0.0344845419177708
"3162","session2",-5.33527715210049,34.1033110637776,3.27780315897459,0.000203823031383798,-0.359672088487014,0.584448087269142,0.808687505977868,7,2,150,0.441315540583741,-0.0344845419177708,22,1.80300209184911,1,10.86519223269,2771,0.2,0,15,"both",0.441315540583741,-0.0344845419177708
"3163","session2",-5.33527715210049,34.1033110637776,3.27780315897459,0.000203823031383798,-0.359672088487014,0.584448087269142,0.808687505977868,7,2,150,0.441315540583741,-0.0344845419177708,22,1.75039529956499,0,4.92431,2771,0.2,0,15,"both",0.441315540583741,-0.0344845419177708
"3164","session2",-5.33527715210049,34.1033110637776,3.27780315897459,0.000203823031383798,-0.359672088487014,0.584448087269142,0.808687505977868,7,2,150,0.441315540583741,-0.0344845419177708,22,2.35664100063793,1,9.37588,2771,0.2,0,15,"both",0.441315540583741,-0.0344845419177708
"3165","session2",-5.33527715210049,34.1033110637776,3.27780315897459,0.000203823031383798,-0.359672088487014,0.584448087269142,0.808687505977868,7,2,150,0.441315540583741,-0.0344845419177708,22,3.79297196188679,1,4.50283,2771,0.2,0,15,"both",0.441315540583741,-0.0344845419177708
"3166","session2",-5.33527715210049,34.1033110637776,3.27780315897459,0.000203823031383798,-0.359672088487014,0.584448087269142,0.808687505977868,7,2,150,0.441315540583741,-0.0344845419177708,22,2.78528833906891,0,-4.70117,2771,0.2,0,15,"both",0.441315540583741,-0.0344845419177708
"3167","session2",-5.33527715210049,34.1033110637776,3.27780315897459,0.000203823031383798,-0.359672088487014,0.584448087269142,0.808687505977868,7,2,150,0.441315540583741,-0.0344845419177708,22,1.64258826367496,1,2.5428,2771,0.2,0,15,"both",0.441315540583741,-0.0344845419177708
"3168","session2",-5.33527715210049,34.1033110637776,3.27780315897459,0.000203823031383798,-0.359672088487014,0.584448087269142,0.808687505977868,7,2,150,0.441315540583741,-0.0344845419177708,22,1.24019348803834,0,3.80185938403,2771,0.2,0,15,"both",0.441315540583741,-0.0344845419177708
"3169","session2",-5.33527715210049,34.1033110637776,3.27780315897459,0.000203823031383798,-0.359672088487014,0.584448087269142,0.808687505977868,7,2,150,0.441315540583741,-0.0344845419177708,22,2.23709616824481,0,5.05795298506,2771,0.2,0,15,"both",0.441315540583741,-0.0344845419177708
"3170","session2",-5.33527715210049,34.1033110637776,3.27780315897459,0.000203823031383798,-0.359672088487014,0.584448087269142,0.808687505977868,7,2,150,0.441315540583741,-0.0344845419177708,22,3.493895910833,1,-4.650797,2771,0.2,0,15,"both",0.441315540583741,-0.0344845419177708
"3171","session2",-5.33527715210049,34.1033110637776,3.27780315897459,0.000203823031383798,-0.359672088487014,0.584448087269142,0.808687505977868,7,2,150,0.441315540583741,-0.0344845419177708,22,3.69780620373003,1,21.63605,2771,0.2,0,15,"both",0.441315540583741,-0.0344845419177708
"3172","session2",-5.33527715210049,34.1033110637776,3.27780315897459,0.000203823031383798,-0.359672088487014,0.584448087269142,0.808687505977868,7,2,150,0.441315540583741,-0.0344845419177708,22,2.1087163281881,1,4.05781,2771,0.2,0,15,"both",0.441315540583741,-0.0344845419177708
"3173","session2",-5.33527715210049,34.1033110637776,3.27780315897459,0.000203823031383798,-0.359672088487014,0.584448087269142,0.808687505977868,7,2,150,0.441315540583741,-0.0344845419177708,22,2.277194881546,1,14.7786,2771,0.2,0,15,"both",0.441315540583741,-0.0344845419177708
"3174","session2",-5.33527715210049,34.1033110637776,3.27780315897459,0.000203823031383798,-0.359672088487014,0.584448087269142,0.808687505977868,7,2,150,0.441315540583741,-0.0344845419177708,22,1.58746810631665,1,42.0486,2771,0.2,0,15,"both",0.441315540583741,-0.0344845419177708
"3175","session2",-5.33527715210049,34.1033110637776,3.27780315897459,0.000203823031383798,-0.359672088487014,0.584448087269142,0.808687505977868,7,2,150,0.441315540583741,-0.0344845419177708,22,1.0505769234223,1,38.78884,2771,0.2,0,15,"both",0.441315540583741,-0.0344845419177708
"3176","session2",-5.33527715210049,34.1033110637776,3.27780315897459,0.000203823031383798,-0.359672088487014,0.584448087269142,0.808687505977868,7,2,150,0.441315540583741,-0.0344845419177708,22,2.30023270233444,0,-32.27083,2771,0.2,0,15,"both",0.441315540583741,-0.0344845419177708
"3177","session2",-5.33527715210049,34.1033110637776,3.27780315897459,0.000203823031383798,-0.359672088487014,0.584448087269142,0.808687505977868,7,2,150,0.441315540583741,-0.0344845419177708,22,2.18421843480961,1,9.391222,2771,0.2,0,15,"both",0.441315540583741,-0.0344845419177708
"3178","session2",-5.33527715210049,34.1033110637776,3.27780315897459,0.000203823031383798,-0.359672088487014,0.584448087269142,0.808687505977868,7,2,150,0.441315540583741,-0.0344845419177708,22,1.97324643764181,1,-15.86202,2771,0.2,0,15,"both",0.441315540583741,-0.0344845419177708
"3179","session2",-5.33527715210049,34.1033110637776,3.27780315897459,0.000203823031383798,-0.359672088487014,0.584448087269142,0.808687505977868,7,2,150,0.441315540583741,-0.0344845419177708,22,2.27362482106173,1,-0.46422150389,2771,0.2,0,15,"both",0.441315540583741,-0.0344845419177708
"3180","session2",-5.33527715210049,34.1033110637776,3.27780315897459,0.000203823031383798,-0.359672088487014,0.584448087269142,0.808687505977868,7,2,150,0.441315540583741,-0.0344845419177708,22,1.51664574850676,0,-20.79696,2771,0.2,0,15,"both",0.441315540583741,-0.0344845419177708
"3181","session2",-5.33527715210049,34.1033110637776,3.27780315897459,0.000203823031383798,-0.359672088487014,0.584448087269142,0.808687505977868,7,2,150,0.441315540583741,-0.0344845419177708,22,2.49443992621566,0,-4.29785,2771,0.2,0,15,"both",0.441315540583741,-0.0344845419177708
"3182","session2",-5.33527715210049,34.1033110637776,3.27780315897459,0.000203823031383798,-0.359672088487014,0.584448087269142,0.808687505977868,7,2,150,0.441315540583741,-0.0344845419177708,22,2.64334759216694,0,0.59655212816,2771,0.2,0,15,"both",0.441315540583741,-0.0344845419177708
"3183","session2",-5.33527715210049,34.1033110637776,3.27780315897459,0.000203823031383798,-0.359672088487014,0.584448087269142,0.808687505977868,7,2,150,0.441315540583741,-0.0344845419177708,22,3.048816262566,0,-32.097377,2771,0.2,0,15,"both",0.441315540583741,-0.0344845419177708
"3184","session2",-5.33527715210049,34.1033110637776,3.27780315897459,0.000203823031383798,-0.359672088487014,0.584448087269142,0.808687505977868,7,2,150,0.441315540583741,-0.0344845419177708,22,3.52915567411471,1,-8.45417,2771,0.2,0,15,"both",0.441315540583741,-0.0344845419177708
"3185","session2",-5.33527715210049,34.1033110637776,3.27780315897459,0.000203823031383798,-0.359672088487014,0.584448087269142,0.808687505977868,7,2,150,0.441315540583741,-0.0344845419177708,22,2.16676628141468,0,-4.05889,2771,0.2,0,15,"both",0.441315540583741,-0.0344845419177708
"3186","session2",-5.33527715210049,34.1033110637776,3.27780315897459,0.000203823031383798,-0.359672088487014,0.584448087269142,0.808687505977868,7,2,150,0.441315540583741,-0.0344845419177708,22,2.01276602539711,1,-26.30129,2771,0.2,0,15,"both",0.441315540583741,-0.0344845419177708
"3187","session2",-5.33527715210049,34.1033110637776,3.27780315897459,0.000203823031383798,-0.359672088487014,0.584448087269142,0.808687505977868,7,2,150,0.441315540583741,-0.0344845419177708,22,3.15861307705116,1,0.58078115547,2771,0.2,0,15,"both",0.441315540583741,-0.0344845419177708
"3188","session2",-5.33527715210049,34.1033110637776,3.27780315897459,0.000203823031383798,-0.359672088487014,0.584448087269142,0.808687505977868,7,2,150,0.441315540583741,-0.0344845419177708,22,2.19384633068367,1,-26.10483,2771,0.2,0,15,"both",0.441315540583741,-0.0344845419177708
"3189","session2",-5.33527715210049,34.1033110637776,3.27780315897459,0.000203823031383798,-0.359672088487014,0.584448087269142,0.808687505977868,7,2,150,0.441315540583741,-0.0344845419177708,22,1.62423495349317,1,40.44648,2771,0.2,0,15,"both",0.441315540583741,-0.0344845419177708
"3190","session2",-5.33527715210049,34.1033110637776,3.27780315897459,0.000203823031383798,-0.359672088487014,0.584448087269142,0.808687505977868,7,2,150,0.441315540583741,-0.0344845419177708,22,1.66736301260955,0,-5.615195790769,2771,0.2,0,15,"both",0.441315540583741,-0.0344845419177708
"3191","session2",-5.33527715210049,34.1033110637776,3.27780315897459,0.000203823031383798,-0.359672088487014,0.584448087269142,0.808687505977868,7,2,150,0.441315540583741,-0.0344845419177708,22,2.00868532841317,0,-3.4239096424,2771,0.2,0,15,"both",0.441315540583741,-0.0344845419177708
"3192","session2",-5.33527715210049,34.1033110637776,3.27780315897459,0.000203823031383798,-0.359672088487014,0.584448087269142,0.808687505977868,7,2,150,0.441315540583741,-0.0344845419177708,22,3.74507984928166,1,-6.51089,2771,0.2,0,15,"both",0.441315540583741,-0.0344845419177708
"3193","session2",-5.33527715210049,34.1033110637776,3.27780315897459,0.000203823031383798,-0.359672088487014,0.584448087269142,0.808687505977868,7,2,150,0.441315540583741,-0.0344845419177708,22,1.93862304429466,1,31.15307,2771,0.2,0,15,"both",0.441315540583741,-0.0344845419177708
"3194","session2",-5.33527715210049,34.1033110637776,3.27780315897459,0.000203823031383798,-0.359672088487014,0.584448087269142,0.808687505977868,7,2,150,0.441315540583741,-0.0344845419177708,22,1.84611891345424,1,-2.79477160917,2771,0.2,0,15,"both",0.441315540583741,-0.0344845419177708
"3195","session2",-5.33527715210049,34.1033110637776,3.27780315897459,0.000203823031383798,-0.359672088487014,0.584448087269142,0.808687505977868,7,2,150,0.441315540583741,-0.0344845419177708,22,2.37791681028897,1,9.44295,2771,0.2,0,15,"both",0.441315540583741,-0.0344845419177708
"3196","session2",-5.33527715210049,34.1033110637776,3.27780315897459,0.000203823031383798,-0.359672088487014,0.584448087269142,0.808687505977868,7,2,150,0.441315540583741,-0.0344845419177708,22,1.76735163697153,0,-6.33417203035,2771,0.2,0,15,"both",0.441315540583741,-0.0344845419177708
"3197","session2",-5.33527715210049,34.1033110637776,3.27780315897459,0.000203823031383798,-0.359672088487014,0.584448087269142,0.808687505977868,7,2,150,0.441315540583741,-0.0344845419177708,22,1.98238297650819,0,-4.44212,2771,0.2,0,15,"both",0.441315540583741,-0.0344845419177708
"3198","session2",-5.33527715210049,34.1033110637776,3.27780315897459,0.000203823031383798,-0.359672088487014,0.584448087269142,0.808687505977868,7,2,150,0.441315540583741,-0.0344845419177708,22,1.05513369494831,1,45.96665,2771,0.2,0,15,"both",0.441315540583741,-0.0344845419177708
"3199","session2",-5.33527715210049,34.1033110637776,3.27780315897459,0.000203823031383798,-0.359672088487014,0.584448087269142,0.808687505977868,7,2,150,0.441315540583741,-0.0344845419177708,22,1.4957539281052,1,-0.93484,2771,0.2,0,15,"both",0.441315540583741,-0.0344845419177708
"3200","session2",-5.33527715210049,34.1033110637776,3.27780315897459,0.000203823031383798,-0.359672088487014,0.584448087269142,0.808687505977868,7,2,150,0.441315540583741,-0.0344845419177708,22,1.60125326904468,0,-28.42428,2771,0.2,0,15,"both",0.441315540583741,-0.0344845419177708
"3201","session2",-5.33527715210049,34.1033110637776,3.27780315897459,0.000203823031383798,-0.359672088487014,0.584448087269142,0.808687505977868,7,2,150,0.441315540583741,-0.0344845419177708,22,1.1472609167958,0,-47.7881,2771,0.2,0,15,"both",0.441315540583741,-0.0344845419177708
"3202","session2",-5.33527715210049,34.1033110637776,3.27780315897459,0.000203823031383798,-0.359672088487014,0.584448087269142,0.808687505977868,7,2,150,0.441315540583741,-0.0344845419177708,22,1.39705772066934,0,-46.3071,2771,0.2,0,15,"both",0.441315540583741,-0.0344845419177708
"3203","session2",-5.33527715210049,34.1033110637776,3.27780315897459,0.000203823031383798,-0.359672088487014,0.584448087269142,0.808687505977868,7,2,150,0.441315540583741,-0.0344845419177708,22,3.59931130090925,1,-3.0923215017,2771,0.2,0,15,"both",0.441315540583741,-0.0344845419177708
"3204","session2",-5.33527715210049,34.1033110637776,3.27780315897459,0.000203823031383798,-0.359672088487014,0.584448087269142,0.808687505977868,7,2,150,0.441315540583741,-0.0344845419177708,22,2.00530571988132,0,-45.7164,2771,0.2,0,15,"both",0.441315540583741,-0.0344845419177708
"3205","session2",-5.33527715210049,34.1033110637776,3.27780315897459,0.000203823031383798,-0.359672088487014,0.584448087269142,0.808687505977868,7,2,150,0.441315540583741,-0.0344845419177708,22,1.4898876214387,1,11.79911,2771,0.2,0,15,"both",0.441315540583741,-0.0344845419177708
"3206","session2",-5.33527715210049,34.1033110637776,3.27780315897459,0.000203823031383798,-0.359672088487014,0.584448087269142,0.808687505977868,7,2,150,0.441315540583741,-0.0344845419177708,22,2.17637687698726,1,12.46309,2771,0.2,0,15,"both",0.441315540583741,-0.0344845419177708
"3207","session2",-5.33527715210049,34.1033110637776,3.27780315897459,0.000203823031383798,-0.359672088487014,0.584448087269142,0.808687505977868,7,2,150,0.441315540583741,-0.0344845419177708,22,3.84757893967175,0,-10.64331,2771,0.2,0,15,"both",0.441315540583741,-0.0344845419177708
"3208","session2",-5.33527715210049,34.1033110637776,3.27780315897459,0.000203823031383798,-0.359672088487014,0.584448087269142,0.808687505977868,7,2,150,0.441315540583741,-0.0344845419177708,22,1.75103876804046,0,-19.5199,2771,0.2,0,15,"both",0.441315540583741,-0.0344845419177708
"3209","session2",-5.33527715210049,34.1033110637776,3.27780315897459,0.000203823031383798,-0.359672088487014,0.584448087269142,0.808687505977868,7,2,150,0.441315540583741,-0.0344845419177708,22,1.64571223208291,1,20.8473222,2771,0.2,0,15,"both",0.441315540583741,-0.0344845419177708
"3210","session2",-5.33527715210049,34.1033110637776,3.27780315897459,0.000203823031383798,-0.359672088487014,0.584448087269142,0.808687505977868,7,2,150,0.441315540583741,-0.0344845419177708,22,1.37949889010132,1,14.75483,2771,0.2,0,15,"both",0.441315540583741,-0.0344845419177708
"3211","session2",-5.33527715210049,34.1033110637776,3.27780315897459,0.000203823031383798,-0.359672088487014,0.584448087269142,0.808687505977868,7,2,150,0.441315540583741,-0.0344845419177708,22,1.53417959702917,1,19.44581,2771,0.2,0,15,"both",0.441315540583741,-0.0344845419177708
"3212","session2",-5.33527715210049,34.1033110637776,3.27780315897459,0.000203823031383798,-0.359672088487014,0.584448087269142,0.808687505977868,7,2,150,0.441315540583741,-0.0344845419177708,22,1.68603592208242,1,4.7998,2771,0.2,0,15,"both",0.441315540583741,-0.0344845419177708
"3213","session2",-5.33527715210049,34.1033110637776,3.27780315897459,0.000203823031383798,-0.359672088487014,0.584448087269142,0.808687505977868,7,2,150,0.441315540583741,-0.0344845419177708,22,3.65504374753607,0,9.11183,2771,0.2,0,15,"both",0.441315540583741,-0.0344845419177708
"3214","session2",-5.33527715210049,34.1033110637776,3.27780315897459,0.000203823031383798,-0.359672088487014,0.584448087269142,0.808687505977868,7,2,150,0.441315540583741,-0.0344845419177708,22,2.75898182796117,1,20.87839,2771,0.2,0,15,"both",0.441315540583741,-0.0344845419177708
"3215","session2",-5.33527715210049,34.1033110637776,3.27780315897459,0.000203823031383798,-0.359672088487014,0.584448087269142,0.808687505977868,7,2,150,0.441315540583741,-0.0344845419177708,22,1.37836163028673,1,20.82007,2771,0.2,0,15,"both",0.441315540583741,-0.0344845419177708
"3216","session2",-5.33527715210049,34.1033110637776,3.27780315897459,0.000203823031383798,-0.359672088487014,0.584448087269142,0.808687505977868,7,2,150,0.441315540583741,-0.0344845419177708,22,2.44187031027262,0,-45.47794,2771,0.2,0,15,"both",0.441315540583741,-0.0344845419177708
"3217","session2",-5.33527715210049,34.1033110637776,3.27780315897459,0.000203823031383798,-0.359672088487014,0.584448087269142,0.808687505977868,7,2,150,0.441315540583741,-0.0344845419177708,22,2.85663756440312,0,-45.61834,2771,0.2,0,15,"both",0.441315540583741,-0.0344845419177708
"3218","session2",-5.33527715210049,34.1033110637776,3.27780315897459,0.000203823031383798,-0.359672088487014,0.584448087269142,0.808687505977868,7,2,150,0.441315540583741,-0.0344845419177708,22,3.46445274661207,0,-19.200118,2771,0.2,0,15,"both",0.441315540583741,-0.0344845419177708
"3219","session2",-5.33527715210049,34.1033110637776,3.27780315897459,0.000203823031383798,-0.359672088487014,0.584448087269142,0.808687505977868,7,2,150,0.441315540583741,-0.0344845419177708,22,1.30864462744955,0,11.82786,2771,0.2,0,15,"both",0.441315540583741,-0.0344845419177708
"3220","session2",-5.33527715210049,34.1033110637776,3.27780315897459,0.000203823031383798,-0.359672088487014,0.584448087269142,0.808687505977868,7,2,150,0.441315540583741,-0.0344845419177708,22,3.94014275640427,0,-11.62551,2771,0.2,0,15,"both",0.441315540583741,-0.0344845419177708
"3221","session2",-5.33527715210049,34.1033110637776,3.27780315897459,0.000203823031383798,-0.359672088487014,0.584448087269142,0.808687505977868,7,2,150,0.441315540583741,-0.0344845419177708,22,1.09221567501508,1,-28.69581,2771,0.2,0,15,"both",0.441315540583741,-0.0344845419177708
"3222","session2",-5.33527715210049,34.1033110637776,3.27780315897459,0.000203823031383798,-0.359672088487014,0.584448087269142,0.808687505977868,7,2,150,0.441315540583741,-0.0344845419177708,22,1.92601731566517,1,21.77812,2771,0.2,0,15,"both",0.441315540583741,-0.0344845419177708
"3223","session2",-5.33527715210049,34.1033110637776,3.27780315897459,0.000203823031383798,-0.359672088487014,0.584448087269142,0.808687505977868,7,2,150,0.441315540583741,-0.0344845419177708,22,2.61065024487581,0,25.35304,2771,0.2,0,15,"both",0.441315540583741,-0.0344845419177708
"3224","session2",-5.33527715210049,34.1033110637776,3.27780315897459,0.000203823031383798,-0.359672088487014,0.584448087269142,0.808687505977868,7,2,150,0.441315540583741,-0.0344845419177708,22,2.05152895056521,0,-13.35525,2771,0.2,0,15,"both",0.441315540583741,-0.0344845419177708
"3225","session2",-5.33527715210049,34.1033110637776,3.27780315897459,0.000203823031383798,-0.359672088487014,0.584448087269142,0.808687505977868,7,2,150,0.441315540583741,-0.0344845419177708,22,2.73978167933008,1,23.76354,2771,0.2,0,15,"both",0.441315540583741,-0.0344845419177708
"3226","session2",-5.33527715210049,34.1033110637776,3.27780315897459,0.000203823031383798,-0.359672088487014,0.584448087269142,0.808687505977868,7,2,150,0.441315540583741,-0.0344845419177708,22,1.77724580675015,1,34.92216,2771,0.2,0,15,"both",0.441315540583741,-0.0344845419177708
"3227","session2",-5.33527715210049,34.1033110637776,3.27780315897459,0.000203823031383798,-0.359672088487014,0.584448087269142,0.808687505977868,7,2,150,0.441315540583741,-0.0344845419177708,22,2.24335870804566,1,12.03395,2771,0.2,0,15,"both",0.441315540583741,-0.0344845419177708
"3228","session2",-5.33527715210049,34.1033110637776,3.27780315897459,0.000203823031383798,-0.359672088487014,0.584448087269142,0.808687505977868,7,2,150,0.441315540583741,-0.0344845419177708,22,1.9035844244665,0,-18.03808,2771,0.2,0,15,"both",0.441315540583741,-0.0344845419177708
"3229","session2",-5.33527715210049,34.1033110637776,3.27780315897459,0.000203823031383798,-0.359672088487014,0.584448087269142,0.808687505977868,7,2,150,0.441315540583741,-0.0344845419177708,22,1.79395453543194,0,32.12695,2771,0.2,0,15,"both",0.441315540583741,-0.0344845419177708
"3230","session2",-5.33527715210049,34.1033110637776,3.27780315897459,0.000203823031383798,-0.359672088487014,0.584448087269142,0.808687505977868,7,2,150,0.441315540583741,-0.0344845419177708,22,2.05631849855845,0,-32.50841,2771,0.2,0,15,"both",0.441315540583741,-0.0344845419177708
"3231","session2",-5.33527715210049,34.1033110637776,3.27780315897459,0.000203823031383798,-0.359672088487014,0.584448087269142,0.808687505977868,7,2,150,0.441315540583741,-0.0344845419177708,22,1.92076571745565,1,23.62384,2771,0.2,0,15,"both",0.441315540583741,-0.0344845419177708
"3232","session2",-5.33527715210049,34.1033110637776,3.27780315897459,0.000203823031383798,-0.359672088487014,0.584448087269142,0.808687505977868,7,2,150,0.441315540583741,-0.0344845419177708,22,1.57845365059995,1,-16.360821,2771,0.2,0,15,"both",0.441315540583741,-0.0344845419177708
"3233","session2",-5.33527715210049,34.1033110637776,3.27780315897459,0.000203823031383798,-0.359672088487014,0.584448087269142,0.808687505977868,7,2,150,0.441315540583741,-0.0344845419177708,22,3.93607084102288,1,46.04221,2771,0.2,0,15,"both",0.441315540583741,-0.0344845419177708
"3234","session2",-5.33527715210049,34.1033110637776,3.27780315897459,0.000203823031383798,-0.359672088487014,0.584448087269142,0.808687505977868,7,2,150,0.441315540583741,-0.0344845419177708,22,1.38364385861573,0,-28.9963,2771,0.2,0,15,"both",0.441315540583741,-0.0344845419177708
"3235","session2",-5.33527715210049,34.1033110637776,3.27780315897459,0.000203823031383798,-0.359672088487014,0.584448087269142,0.808687505977868,7,2,150,0.441315540583741,-0.0344845419177708,22,2.8455453708978,1,-22.5185,2771,0.2,0,15,"both",0.441315540583741,-0.0344845419177708
"3236","session2",-5.33527715210049,34.1033110637776,3.27780315897459,0.000203823031383798,-0.359672088487014,0.584448087269142,0.808687505977868,7,2,150,0.441315540583741,-0.0344845419177708,22,1.74363370793019,1,-20.65436,2771,0.2,0,15,"both",0.441315540583741,-0.0344845419177708
"3237","session2",-5.33527715210049,34.1033110637776,3.27780315897459,0.000203823031383798,-0.359672088487014,0.584448087269142,0.808687505977868,7,2,150,0.441315540583741,-0.0344845419177708,22,4.03608415010972,1,21.8591,2771,0.2,0,15,"both",0.441315540583741,-0.0344845419177708
"3238","session2",-5.33527715210049,34.1033110637776,3.27780315897459,0.000203823031383798,-0.359672088487014,0.584448087269142,0.808687505977868,7,2,150,0.441315540583741,-0.0344845419177708,22,4.89536165824901,0,-24.56544,2771,0.2,0,15,"both",0.441315540583741,-0.0344845419177708
"3239","session2",-5.33527715210049,34.1033110637776,3.27780315897459,0.000203823031383798,-0.359672088487014,0.584448087269142,0.808687505977868,7,2,150,0.441315540583741,-0.0344845419177708,22,3.73447774717255,1,28.46125,2771,0.2,0,15,"both",0.441315540583741,-0.0344845419177708
"3240","session2",-5.33527715210049,34.1033110637776,3.27780315897459,0.000203823031383798,-0.359672088487014,0.584448087269142,0.808687505977868,7,2,150,0.441315540583741,-0.0344845419177708,22,1.81252567666802,0,14.87677,2771,0.2,0,15,"both",0.441315540583741,-0.0344845419177708
"3241","session2",-5.33527715210049,34.1033110637776,3.27780315897459,0.000203823031383798,-0.359672088487014,0.584448087269142,0.808687505977868,7,2,150,0.441315540583741,-0.0344845419177708,22,3.1846235804252,0,-37.36118,2771,0.2,0,15,"both",0.441315540583741,-0.0344845419177708
"3242","session2",-5.33527715210049,34.1033110637776,3.27780315897459,0.000203823031383798,-0.359672088487014,0.584448087269142,0.808687505977868,7,2,150,0.441315540583741,-0.0344845419177708,22,2.07367340641768,0,-38.78715,2771,0.2,0,15,"both",0.441315540583741,-0.0344845419177708
"3243","session2",-5.33527715210049,34.1033110637776,3.27780315897459,0.000203823031383798,-0.359672088487014,0.584448087269142,0.808687505977868,7,2,150,0.441315540583741,-0.0344845419177708,22,2.71983218041124,0,-39.345985,2771,0.2,0,15,"both",0.441315540583741,-0.0344845419177708
"3244","session2",-5.33527715210049,34.1033110637776,3.27780315897459,0.000203823031383798,-0.359672088487014,0.584448087269142,0.808687505977868,7,2,150,0.441315540583741,-0.0344845419177708,22,1.57868184620011,0,-19.2532,2771,0.2,0,15,"both",0.441315540583741,-0.0344845419177708
"3245","session2",-5.33527715210049,34.1033110637776,3.27780315897459,0.000203823031383798,-0.359672088487014,0.584448087269142,0.808687505977868,7,2,150,0.441315540583741,-0.0344845419177708,22,5.60168522682137,1,-28.39205,2771,0.2,0,15,"both",0.441315540583741,-0.0344845419177708
"3246","session2",-5.33527715210049,34.1033110637776,3.27780315897459,0.000203823031383798,-0.359672088487014,0.584448087269142,0.808687505977868,7,2,150,0.441315540583741,-0.0344845419177708,22,1.92144224585456,1,26.11027,2771,0.2,0,15,"both",0.441315540583741,-0.0344845419177708
"3247","session2",-5.33527715210049,34.1033110637776,3.27780315897459,0.000203823031383798,-0.359672088487014,0.584448087269142,0.808687505977868,7,2,150,0.441315540583741,-0.0344845419177708,22,1.3235916507086,1,22.71176,2771,0.2,0,15,"both",0.441315540583741,-0.0344845419177708
"3248","session2",-5.33527715210049,34.1033110637776,3.27780315897459,0.000203823031383798,-0.359672088487014,0.584448087269142,0.808687505977868,7,2,150,0.441315540583741,-0.0344845419177708,22,1.44584302026091,1,20.22119,2771,0.2,0,15,"both",0.441315540583741,-0.0344845419177708
"3249","session2",-5.33527715210049,34.1033110637776,3.27780315897459,0.000203823031383798,-0.359672088487014,0.584448087269142,0.808687505977868,7,2,150,0.441315540583741,-0.0344845419177708,22,2.45681985195407,1,26.943829,2771,0.2,0,15,"both",0.441315540583741,-0.0344845419177708
"3250","session2",-5.33527715210049,34.1033110637776,3.27780315897459,0.000203823031383798,-0.359672088487014,0.584448087269142,0.808687505977868,7,2,150,0.441315540583741,-0.0344845419177708,22,1.42727173215976,0,-42.40879,2771,0.2,0,15,"both",0.441315540583741,-0.0344845419177708
"3251","session2",-5.33527715210049,34.1033110637776,3.27780315897459,0.000203823031383798,-0.359672088487014,0.584448087269142,0.808687505977868,7,2,150,0.441315540583741,-0.0344845419177708,22,1.65482994356979,1,10.55955,2771,0.2,0,15,"both",0.441315540583741,-0.0344845419177708
"3252","session2",-5.33527715210049,34.1033110637776,3.27780315897459,0.000203823031383798,-0.359672088487014,0.584448087269142,0.808687505977868,7,2,150,0.441315540583741,-0.0344845419177708,22,1.70032619913443,0,-29.33621,2771,0.2,0,15,"both",0.441315540583741,-0.0344845419177708
"3253","session2",-5.33527715210049,34.1033110637776,3.27780315897459,0.000203823031383798,-0.359672088487014,0.584448087269142,0.808687505977868,7,2,150,0.441315540583741,-0.0344845419177708,22,1.1868336130027,0,-41.55159,2771,0.2,0,15,"both",0.441315540583741,-0.0344845419177708
"3254","session2",-5.33527715210049,34.1033110637776,3.27780315897459,0.000203823031383798,-0.359672088487014,0.584448087269142,0.808687505977868,7,2,150,0.441315540583741,-0.0344845419177708,22,1.58531428515248,0,-38.0424,2771,0.2,0,15,"both",0.441315540583741,-0.0344845419177708
"3255","session2",-5.33527715210049,34.1033110637776,3.27780315897459,0.000203823031383798,-0.359672088487014,0.584448087269142,0.808687505977868,7,2,150,0.441315540583741,-0.0344845419177708,22,1.57819905914501,1,13.2202,2771,0.2,0,15,"both",0.441315540583741,-0.0344845419177708
"3256","session2",-5.33527715210049,34.1033110637776,3.27780315897459,0.000203823031383798,-0.359672088487014,0.584448087269142,0.808687505977868,7,2,150,0.441315540583741,-0.0344845419177708,22,3.10480845024623,1,15.74635,2771,0.2,0,15,"both",0.441315540583741,-0.0344845419177708
"3257","session2",-5.33527715210049,34.1033110637776,3.27780315897459,0.000203823031383798,-0.359672088487014,0.584448087269142,0.808687505977868,7,2,150,0.441315540583741,-0.0344845419177708,22,2.4406196440575,0,11.2314,2771,0.2,0,15,"both",0.441315540583741,-0.0344845419177708
"3258","session2",-5.33527715210049,34.1033110637776,3.27780315897459,0.000203823031383798,-0.359672088487014,0.584448087269142,0.808687505977868,7,2,150,0.441315540583741,-0.0344845419177708,22,1.45158830366337,0,-42.7653,2771,0.2,0,15,"both",0.441315540583741,-0.0344845419177708
"3259","session2",-5.33527715210049,34.1033110637776,3.27780315897459,0.000203823031383798,-0.359672088487014,0.584448087269142,0.808687505977868,7,2,150,0.441315540583741,-0.0344845419177708,22,2.99282479941306,1,24.63147,2771,0.2,0,15,"both",0.441315540583741,-0.0344845419177708
"3260","session2",-5.33527715210049,34.1033110637776,3.27780315897459,0.000203823031383798,-0.359672088487014,0.584448087269142,0.808687505977868,7,2,150,0.441315540583741,-0.0344845419177708,22,1.75912171136252,0,-37.47571,2771,0.2,0,15,"both",0.441315540583741,-0.0344845419177708
"3261","session2",-5.33527715210049,34.1033110637776,3.27780315897459,0.000203823031383798,-0.359672088487014,0.584448087269142,0.808687505977868,7,2,150,0.441315540583741,-0.0344845419177708,22,1.83387982915317,1,22.75722,2771,0.2,0,15,"both",0.441315540583741,-0.0344845419177708
"3262","session2",-5.33527715210049,34.1033110637776,3.27780315897459,0.000203823031383798,-0.359672088487014,0.584448087269142,0.808687505977868,7,2,150,0.441315540583741,-0.0344845419177708,22,1.49363886866272,0,-44.99918,2771,0.2,0,15,"both",0.441315540583741,-0.0344845419177708
"3263","session2",-5.33527715210049,34.1033110637776,3.27780315897459,0.000203823031383798,-0.359672088487014,0.584448087269142,0.808687505977868,7,2,150,0.441315540583741,-0.0344845419177708,22,2.20745863076924,1,-15.69529,2771,0.2,0,15,"both",0.441315540583741,-0.0344845419177708
"3264","session2",-5.33527715210049,34.1033110637776,3.27780315897459,0.000203823031383798,-0.359672088487014,0.584448087269142,0.808687505977868,7,2,150,0.441315540583741,-0.0344845419177708,22,2.49727889870379,0,-41.69597,2771,0.2,0,15,"both",0.441315540583741,-0.0344845419177708
"3265","session2",-5.33527715210049,34.1033110637776,3.27780315897459,0.000203823031383798,-0.359672088487014,0.584448087269142,0.808687505977868,7,2,150,0.441315540583741,-0.0344845419177708,22,3.80509725766224,1,18.99808,2771,0.2,0,15,"both",0.441315540583741,-0.0344845419177708
"3266","session2",-5.33527715210049,34.1033110637776,3.27780315897459,0.000203823031383798,-0.359672088487014,0.584448087269142,0.808687505977868,7,2,150,0.441315540583741,-0.0344845419177708,22,1.58815315472066,0,-21.577095,2771,0.2,0,15,"both",0.441315540583741,-0.0344845419177708
"3267","session2",-5.33527715210049,34.1033110637776,3.27780315897459,0.000203823031383798,-0.359672088487014,0.584448087269142,0.808687505977868,7,2,150,0.441315540583741,-0.0344845419177708,22,1.53857010549879,0,-22.93618,2771,0.2,0,15,"both",0.441315540583741,-0.0344845419177708
"3268","session2",-5.33527715210049,34.1033110637776,3.27780315897459,0.000203823031383798,-0.359672088487014,0.584448087269142,0.808687505977868,7,2,150,0.441315540583741,-0.0344845419177708,22,3.83248362917459,0,-30.00585,2771,0.2,0,15,"both",0.441315540583741,-0.0344845419177708
"3269","session2",-5.33527715210049,34.1033110637776,3.27780315897459,0.000203823031383798,-0.359672088487014,0.584448087269142,0.808687505977868,7,2,150,0.441315540583741,-0.0344845419177708,22,1.28794484373089,0,-37.2937,2771,0.2,0,15,"both",0.441315540583741,-0.0344845419177708
"3270","session2",-5.33527715210049,34.1033110637776,3.27780315897459,0.000203823031383798,-0.359672088487014,0.584448087269142,0.808687505977868,7,2,150,0.441315540583741,-0.0344845419177708,22,3.22292811894397,0,-23.0170328,2771,0.2,0,15,"both",0.441315540583741,-0.0344845419177708
"3271","session2",-5.33527715210049,34.1033110637776,3.27780315897459,0.000203823031383798,-0.359672088487014,0.584448087269142,0.808687505977868,7,2,150,0.441315540583741,-0.0344845419177708,22,4.3765096858731,1,-24.50141,2771,0.2,0,15,"both",0.441315540583741,-0.0344845419177708
"3272","session2",-5.33527715210049,34.1033110637776,3.27780315897459,0.000203823031383798,-0.359672088487014,0.584448087269142,0.808687505977868,7,2,150,0.441315540583741,-0.0344845419177708,22,1.96193831608187,0,-32.804598,2771,0.2,0,15,"both",0.441315540583741,-0.0344845419177708
"3273","session2",-5.33527715210049,34.1033110637776,3.27780315897459,0.000203823031383798,-0.359672088487014,0.584448087269142,0.808687505977868,7,2,150,0.441315540583741,-0.0344845419177708,22,2.65770102493483,1,16.96619,2771,0.2,0,15,"both",0.441315540583741,-0.0344845419177708
"3274","session2",-5.33527715210049,34.1033110637776,3.27780315897459,0.000203823031383798,-0.359672088487014,0.584448087269142,0.808687505977868,7,2,150,0.441315540583741,-0.0344845419177708,22,2.91894526357851,1,13.28288,2771,0.2,0,15,"both",0.441315540583741,-0.0344845419177708
"3275","session2",-5.33527715210049,34.1033110637776,3.27780315897459,0.000203823031383798,-0.359672088487014,0.584448087269142,0.808687505977868,7,2,150,0.441315540583741,-0.0344845419177708,22,1.66984010118104,0,-26.48491,2771,0.2,0,15,"both",0.441315540583741,-0.0344845419177708
"3276","session2",-5.33527715210049,34.1033110637776,3.27780315897459,0.000203823031383798,-0.359672088487014,0.584448087269142,0.808687505977868,7,2,150,0.441315540583741,-0.0344845419177708,22,1.28717137138307,0,-29.32202,2771,0.2,0,15,"both",0.441315540583741,-0.0344845419177708
"3277","session2",-5.33527715210049,34.1033110637776,3.27780315897459,0.000203823031383798,-0.359672088487014,0.584448087269142,0.808687505977868,7,2,150,0.441315540583741,-0.0344845419177708,22,3.05431546235003,1,17.11311,2771,0.2,0,15,"both",0.441315540583741,-0.0344845419177708
"3278","session2",-5.33527715210049,34.1033110637776,3.27780315897459,0.000203823031383798,-0.359672088487014,0.584448087269142,0.808687505977868,7,2,150,0.441315540583741,-0.0344845419177708,22,3.2944069391339,0,-27.74489,2771,0.2,0,15,"both",0.441315540583741,-0.0344845419177708
"3279","session2",-5.33527715210049,34.1033110637776,3.27780315897459,0.000203823031383798,-0.359672088487014,0.584448087269142,0.808687505977868,7,2,150,0.441315540583741,-0.0344845419177708,22,1.53726288322364,1,-14.6511,2771,0.2,0,15,"both",0.441315540583741,-0.0344845419177708
"3280","session2",-5.33527715210049,34.1033110637776,3.27780315897459,0.000203823031383798,-0.359672088487014,0.584448087269142,0.808687505977868,7,2,150,0.441315540583741,-0.0344845419177708,22,1.68066374448515,1,26.4102,2771,0.2,0,15,"both",0.441315540583741,-0.0344845419177708
"3281","session2",-5.33527715210049,34.1033110637776,3.27780315897459,0.000203823031383798,-0.359672088487014,0.584448087269142,0.808687505977868,7,2,150,0.441315540583741,-0.0344845419177708,22,2.0295987270637,1,19.91252,2771,0.2,0,15,"both",0.441315540583741,-0.0344845419177708
"3282","session2",-5.33527715210049,34.1033110637776,3.27780315897459,0.000203823031383798,-0.359672088487014,0.584448087269142,0.808687505977868,7,2,150,0.441315540583741,-0.0344845419177708,22,1.46064977094504,0,-34.54675,2771,0.2,0,15,"both",0.441315540583741,-0.0344845419177708
"3283","session2",-5.33527715210049,34.1033110637776,3.27780315897459,0.000203823031383798,-0.359672088487014,0.584448087269142,0.808687505977868,7,2,150,0.441315540583741,-0.0344845419177708,22,1.21848424196161,0,-39.8644,2771,0.2,0,15,"both",0.441315540583741,-0.0344845419177708
"3284","session2",-5.33527715210049,34.1033110637776,3.27780315897459,0.000203823031383798,-0.359672088487014,0.584448087269142,0.808687505977868,7,2,150,0.441315540583741,-0.0344845419177708,22,2.56713589966044,1,-34.60588,2771,0.2,0,15,"both",0.441315540583741,-0.0344845419177708
"3285","session2",-5.33527715210049,34.1033110637776,3.27780315897459,0.000203823031383798,-0.359672088487014,0.584448087269142,0.808687505977868,7,2,150,0.441315540583741,-0.0344845419177708,22,1.17199508588518,0,-27.96516,2771,0.2,0,15,"both",0.441315540583741,-0.0344845419177708
"3286","session2",-5.33527715210049,34.1033110637776,3.27780315897459,0.000203823031383798,-0.359672088487014,0.584448087269142,0.808687505977868,7,2,150,0.441315540583741,-0.0344845419177708,22,1.753110476727,1,31.10009,2771,0.2,0,15,"both",0.441315540583741,-0.0344845419177708
"3287","session2",-5.33527715210049,34.1033110637776,3.27780315897459,0.000203823031383798,-0.359672088487014,0.584448087269142,0.808687505977868,7,2,150,0.441315540583741,-0.0344845419177708,22,2.90083576706635,0,-36.21112,2771,0.2,0,15,"both",0.441315540583741,-0.0344845419177708
"3288","session2",-5.33527715210049,34.1033110637776,3.27780315897459,0.000203823031383798,-0.359672088487014,0.584448087269142,0.808687505977868,7,2,150,0.441315540583741,-0.0344845419177708,22,3.88192242275858,1,20.5742,2771,0.2,0,15,"both",0.441315540583741,-0.0344845419177708
"3289","session2",-5.33527715210049,34.1033110637776,3.27780315897459,0.000203823031383798,-0.359672088487014,0.584448087269142,0.808687505977868,7,2,150,0.441315540583741,-0.0344845419177708,22,2.71172159630228,1,14.24842,2771,0.2,0,15,"both",0.441315540583741,-0.0344845419177708
"3290","session2",-5.33527715210049,34.1033110637776,3.27780315897459,0.000203823031383798,-0.359672088487014,0.584448087269142,0.808687505977868,7,2,150,0.441315540583741,-0.0344845419177708,22,1.67858304315273,1,19.08929,2771,0.2,0,15,"both",0.441315540583741,-0.0344845419177708
"3291","session2",-5.33527715210049,34.1033110637776,3.27780315897459,0.000203823031383798,-0.359672088487014,0.584448087269142,0.808687505977868,7,2,150,0.441315540583741,-0.0344845419177708,22,2.87771576140408,0,-29.41812,2771,0.2,0,15,"both",0.441315540583741,-0.0344845419177708
"3292","session2",-5.33527715210049,34.1033110637776,3.27780315897459,0.000203823031383798,-0.359672088487014,0.584448087269142,0.808687505977868,7,2,150,0.441315540583741,-0.0344845419177708,22,1.80254289465185,1,18.06308,2771,0.2,0,15,"both",0.441315540583741,-0.0344845419177708
"3293","session2",-5.33527715210049,34.1033110637776,3.27780315897459,0.000203823031383798,-0.359672088487014,0.584448087269142,0.808687505977868,7,2,150,0.441315540583741,-0.0344845419177708,22,3.36060224216655,1,19.49576,2771,0.2,0,15,"both",0.441315540583741,-0.0344845419177708
"3294","session2",-5.33527715210049,34.1033110637776,3.27780315897459,0.000203823031383798,-0.359672088487014,0.584448087269142,0.808687505977868,7,2,150,0.441315540583741,-0.0344845419177708,22,2.7216961335382,0,-32.26734,2771,0.2,0,15,"both",0.441315540583741,-0.0344845419177708
"3295","session2",-5.33527715210049,34.1033110637776,3.27780315897459,0.000203823031383798,-0.359672088487014,0.584448087269142,0.808687505977868,7,2,150,0.441315540583741,-0.0344845419177708,22,1.48363196217615,0,-31.62762,2771,0.2,0,15,"both",0.441315540583741,-0.0344845419177708
"3296","session2",-5.33527715210049,34.1033110637776,3.27780315897459,0.000203823031383798,-0.359672088487014,0.584448087269142,0.808687505977868,7,2,150,0.441315540583741,-0.0344845419177708,22,1.17486463323828,1,20.17942,2771,0.2,0,15,"both",0.441315540583741,-0.0344845419177708
"3297","session2",-5.33527715210049,34.1033110637776,3.27780315897459,0.000203823031383798,-0.359672088487014,0.584448087269142,0.808687505977868,7,2,150,0.441315540583741,-0.0344845419177708,22,2.37122122236352,0,-20.32718,2771,0.2,0,15,"both",0.441315540583741,-0.0344845419177708
"3298","session2",-5.33527715210049,34.1033110637776,3.27780315897459,0.000203823031383798,-0.359672088487014,0.584448087269142,0.808687505977868,7,2,150,0.441315540583741,-0.0344845419177708,22,4.45070267805601,0,9.8975,2771,0.2,0,15,"both",0.441315540583741,-0.0344845419177708
"3299","session2",-5.33527715210049,34.1033110637776,3.27780315897459,0.000203823031383798,-0.359672088487014,0.584448087269142,0.808687505977868,7,2,150,0.441315540583741,-0.0344845419177708,22,2.99092914582163,0,-36.03979,2771,0.2,0,15,"both",0.441315540583741,-0.0344845419177708
"3300","session2",-5.33527715210049,34.1033110637776,3.27780315897459,0.000203823031383798,-0.359672088487014,0.584448087269142,0.808687505977868,7,2,150,0.441315540583741,-0.0344845419177708,22,3.19207010850138,0,16.50641,2771,0.2,0,15,"both",0.441315540583741,-0.0344845419177708
"3301","session2",8.97724272400088,15.6685714475891,2.51381738666002,0.000574843434196509,-0.204883335770862,0.457059661793236,0.596642470090773,8,2,150,0.441315540583741,-0.0344845419177708,23,2.063112244491,0,8.14616326,2771,0.2,0,15,"both",0.441315540583741,-0.0344845419177708
"3302","session2",8.97724272400088,15.6685714475891,2.51381738666002,0.000574843434196509,-0.204883335770862,0.457059661793236,0.596642470090773,8,2,150,0.441315540583741,-0.0344845419177708,23,2.08090972279888,1,11.5997019023,2771,0.2,0,15,"both",0.441315540583741,-0.0344845419177708
"3303","session2",8.97724272400088,15.6685714475891,2.51381738666002,0.000574843434196509,-0.204883335770862,0.457059661793236,0.596642470090773,8,2,150,0.441315540583741,-0.0344845419177708,23,2.50362675811587,0,2.4918082265,2771,0.2,0,15,"both",0.441315540583741,-0.0344845419177708
"3304","session2",8.97724272400088,15.6685714475891,2.51381738666002,0.000574843434196509,-0.204883335770862,0.457059661793236,0.596642470090773,8,2,150,0.441315540583741,-0.0344845419177708,23,4.57575426686529,0,8.4785897434,2771,0.2,0,15,"both",0.441315540583741,-0.0344845419177708
"3305","session2",8.97724272400088,15.6685714475891,2.51381738666002,0.000574843434196509,-0.204883335770862,0.457059661793236,0.596642470090773,8,2,150,0.441315540583741,-0.0344845419177708,23,1.5413464337936,0,13.463796011,2771,0.2,0,15,"both",0.441315540583741,-0.0344845419177708
"3306","session2",8.97724272400088,15.6685714475891,2.51381738666002,0.000574843434196509,-0.204883335770862,0.457059661793236,0.596642470090773,8,2,150,0.441315540583741,-0.0344845419177708,23,1.51690243262011,1,16.686923845,2771,0.2,0,15,"both",0.441315540583741,-0.0344845419177708
"3307","session2",8.97724272400088,15.6685714475891,2.51381738666002,0.000574843434196509,-0.204883335770862,0.457059661793236,0.596642470090773,8,2,150,0.441315540583741,-0.0344845419177708,23,4.21675420832891,0,16.05834238,2771,0.2,0,15,"both",0.441315540583741,-0.0344845419177708
"3308","session2",8.97724272400088,15.6685714475891,2.51381738666002,0.000574843434196509,-0.204883335770862,0.457059661793236,0.596642470090773,8,2,150,0.441315540583741,-0.0344845419177708,23,1.95850870789234,1,7.49721,2771,0.2,0,15,"both",0.441315540583741,-0.0344845419177708
"3309","session2",8.97724272400088,15.6685714475891,2.51381738666002,0.000574843434196509,-0.204883335770862,0.457059661793236,0.596642470090773,8,2,150,0.441315540583741,-0.0344845419177708,23,1.96492844164119,1,12.3159055438,2771,0.2,0,15,"both",0.441315540583741,-0.0344845419177708
"3310","session2",8.97724272400088,15.6685714475891,2.51381738666002,0.000574843434196509,-0.204883335770862,0.457059661793236,0.596642470090773,8,2,150,0.441315540583741,-0.0344845419177708,23,4.04658080401388,1,8.6972630876,2771,0.2,0,15,"both",0.441315540583741,-0.0344845419177708
"3311","session2",8.97724272400088,15.6685714475891,2.51381738666002,0.000574843434196509,-0.204883335770862,0.457059661793236,0.596642470090773,8,2,150,0.441315540583741,-0.0344845419177708,23,1.51181247735184,0,4.21396469,2771,0.2,0,15,"both",0.441315540583741,-0.0344845419177708
"3312","session2",8.97724272400088,15.6685714475891,2.51381738666002,0.000574843434196509,-0.204883335770862,0.457059661793236,0.596642470090773,8,2,150,0.441315540583741,-0.0344845419177708,23,2.29018094943348,1,8.53294,2771,0.2,0,15,"both",0.441315540583741,-0.0344845419177708
"3313","session2",8.97724272400088,15.6685714475891,2.51381738666002,0.000574843434196509,-0.204883335770862,0.457059661793236,0.596642470090773,8,2,150,0.441315540583741,-0.0344845419177708,23,2.62632703685659,0,4.1930214126,2771,0.2,0,15,"both",0.441315540583741,-0.0344845419177708
"3314","session2",8.97724272400088,15.6685714475891,2.51381738666002,0.000574843434196509,-0.204883335770862,0.457059661793236,0.596642470090773,8,2,150,0.441315540583741,-0.0344845419177708,23,2.84215615086382,0,8.4875,2771,0.2,0,15,"both",0.441315540583741,-0.0344845419177708
"3315","session2",8.97724272400088,15.6685714475891,2.51381738666002,0.000574843434196509,-0.204883335770862,0.457059661793236,0.596642470090773,8,2,150,0.441315540583741,-0.0344845419177708,23,2.13116574104085,0,9.0854796965,2771,0.2,0,15,"both",0.441315540583741,-0.0344845419177708
"3316","session2",8.97724272400088,15.6685714475891,2.51381738666002,0.000574843434196509,-0.204883335770862,0.457059661793236,0.596642470090773,8,2,150,0.441315540583741,-0.0344845419177708,23,1.42398165927559,1,5.89509,2771,0.2,0,15,"both",0.441315540583741,-0.0344845419177708
"3317","session2",8.97724272400088,15.6685714475891,2.51381738666002,0.000574843434196509,-0.204883335770862,0.457059661793236,0.596642470090773,8,2,150,0.441315540583741,-0.0344845419177708,23,1.2198187426153,1,36.0602,2771,0.2,0,15,"both",0.441315540583741,-0.0344845419177708
"3318","session2",8.97724272400088,15.6685714475891,2.51381738666002,0.000574843434196509,-0.204883335770862,0.457059661793236,0.596642470090773,8,2,150,0.441315540583741,-0.0344845419177708,23,2.52657693824095,0,2.321,2771,0.2,0,15,"both",0.441315540583741,-0.0344845419177708
"3319","session2",8.97724272400088,15.6685714475891,2.51381738666002,0.000574843434196509,-0.204883335770862,0.457059661793236,0.596642470090773,8,2,150,0.441315540583741,-0.0344845419177708,23,2.1608091552005,0,21.597,2771,0.2,0,15,"both",0.441315540583741,-0.0344845419177708
"3320","session2",8.97724272400088,15.6685714475891,2.51381738666002,0.000574843434196509,-0.204883335770862,0.457059661793236,0.596642470090773,8,2,150,0.441315540583741,-0.0344845419177708,23,2.5806633777094,1,15.83564,2771,0.2,0,15,"both",0.441315540583741,-0.0344845419177708
"3321","session2",8.97724272400088,15.6685714475891,2.51381738666002,0.000574843434196509,-0.204883335770862,0.457059661793236,0.596642470090773,8,2,150,0.441315540583741,-0.0344845419177708,23,1.70523013447829,1,24.9998,2771,0.2,0,15,"both",0.441315540583741,-0.0344845419177708
"3322","session2",8.97724272400088,15.6685714475891,2.51381738666002,0.000574843434196509,-0.204883335770862,0.457059661793236,0.596642470090773,8,2,150,0.441315540583741,-0.0344845419177708,23,1.74381905484644,0,11.696769837,2771,0.2,0,15,"both",0.441315540583741,-0.0344845419177708
"3323","session2",8.97724272400088,15.6685714475891,2.51381738666002,0.000574843434196509,-0.204883335770862,0.457059661793236,0.596642470090773,8,2,150,0.441315540583741,-0.0344845419177708,23,1.18795869206658,0,-10.3304,2771,0.2,0,15,"both",0.441315540583741,-0.0344845419177708
"3324","session2",8.97724272400088,15.6685714475891,2.51381738666002,0.000574843434196509,-0.204883335770862,0.457059661793236,0.596642470090773,8,2,150,0.441315540583741,-0.0344845419177708,23,1.59359221613028,0,-17.6782,2771,0.2,0,15,"both",0.441315540583741,-0.0344845419177708
"3325","session2",8.97724272400088,15.6685714475891,2.51381738666002,0.000574843434196509,-0.204883335770862,0.457059661793236,0.596642470090773,8,2,150,0.441315540583741,-0.0344845419177708,23,1.50123575178909,1,2.48306,2771,0.2,0,15,"both",0.441315540583741,-0.0344845419177708
"3326","session2",8.97724272400088,15.6685714475891,2.51381738666002,0.000574843434196509,-0.204883335770862,0.457059661793236,0.596642470090773,8,2,150,0.441315540583741,-0.0344845419177708,23,1.39013012843535,1,34.8893,2771,0.2,0,15,"both",0.441315540583741,-0.0344845419177708
"3327","session2",8.97724272400088,15.6685714475891,2.51381738666002,0.000574843434196509,-0.204883335770862,0.457059661793236,0.596642470090773,8,2,150,0.441315540583741,-0.0344845419177708,23,1.51522341674848,1,23.7341,2771,0.2,0,15,"both",0.441315540583741,-0.0344845419177708
"3328","session2",8.97724272400088,15.6685714475891,2.51381738666002,0.000574843434196509,-0.204883335770862,0.457059661793236,0.596642470090773,8,2,150,0.441315540583741,-0.0344845419177708,23,4.81903704722161,1,4.9253,2771,0.2,0,15,"both",0.441315540583741,-0.0344845419177708
"3329","session2",8.97724272400088,15.6685714475891,2.51381738666002,0.000574843434196509,-0.204883335770862,0.457059661793236,0.596642470090773,8,2,150,0.441315540583741,-0.0344845419177708,23,2.95459369174542,0,11.130674,2771,0.2,0,15,"both",0.441315540583741,-0.0344845419177708
"3330","session2",8.97724272400088,15.6685714475891,2.51381738666002,0.000574843434196509,-0.204883335770862,0.457059661793236,0.596642470090773,8,2,150,0.441315540583741,-0.0344845419177708,23,1.77524734774721,1,19.4767,2771,0.2,0,15,"both",0.441315540583741,-0.0344845419177708
"3331","session2",8.97724272400088,15.6685714475891,2.51381738666002,0.000574843434196509,-0.204883335770862,0.457059661793236,0.596642470090773,8,2,150,0.441315540583741,-0.0344845419177708,23,1.06681771418247,0,-37.46849,2771,0.2,0,15,"both",0.441315540583741,-0.0344845419177708
"3332","session2",8.97724272400088,15.6685714475891,2.51381738666002,0.000574843434196509,-0.204883335770862,0.457059661793236,0.596642470090773,8,2,150,0.441315540583741,-0.0344845419177708,23,1.17423746552368,0,-18.834,2771,0.2,0,15,"both",0.441315540583741,-0.0344845419177708
"3333","session2",8.97724272400088,15.6685714475891,2.51381738666002,0.000574843434196509,-0.204883335770862,0.457059661793236,0.596642470090773,8,2,150,0.441315540583741,-0.0344845419177708,23,2.58149714362891,0,4.7937,2771,0.2,0,15,"both",0.441315540583741,-0.0344845419177708
"3334","session2",8.97724272400088,15.6685714475891,2.51381738666002,0.000574843434196509,-0.204883335770862,0.457059661793236,0.596642470090773,8,2,150,0.441315540583741,-0.0344845419177708,23,1.36151498461081,1,33.2949,2771,0.2,0,15,"both",0.441315540583741,-0.0344845419177708
"3335","session2",8.97724272400088,15.6685714475891,2.51381738666002,0.000574843434196509,-0.204883335770862,0.457059661793236,0.596642470090773,8,2,150,0.441315540583741,-0.0344845419177708,23,4.20410162214686,1,12.55661,2771,0.2,0,15,"both",0.441315540583741,-0.0344845419177708
"3336","session2",8.97724272400088,15.6685714475891,2.51381738666002,0.000574843434196509,-0.204883335770862,0.457059661793236,0.596642470090773,8,2,150,0.441315540583741,-0.0344845419177708,23,2.29223281350806,1,27.071,2771,0.2,0,15,"both",0.441315540583741,-0.0344845419177708
"3337","session2",8.97724272400088,15.6685714475891,2.51381738666002,0.000574843434196509,-0.204883335770862,0.457059661793236,0.596642470090773,8,2,150,0.441315540583741,-0.0344845419177708,23,1.65936996695244,0,24.02326,2771,0.2,0,15,"both",0.441315540583741,-0.0344845419177708
"3338","session2",8.97724272400088,15.6685714475891,2.51381738666002,0.000574843434196509,-0.204883335770862,0.457059661793236,0.596642470090773,8,2,150,0.441315540583741,-0.0344845419177708,23,1.91971017474325,1,17.84109,2771,0.2,0,15,"both",0.441315540583741,-0.0344845419177708
"3339","session2",8.97724272400088,15.6685714475891,2.51381738666002,0.000574843434196509,-0.204883335770862,0.457059661793236,0.596642470090773,8,2,150,0.441315540583741,-0.0344845419177708,23,1.92904043928421,0,4.0746,2771,0.2,0,15,"both",0.441315540583741,-0.0344845419177708
"3340","session2",8.97724272400088,15.6685714475891,2.51381738666002,0.000574843434196509,-0.204883335770862,0.457059661793236,0.596642470090773,8,2,150,0.441315540583741,-0.0344845419177708,23,3.40313126606696,0,-14.32464,2771,0.2,0,15,"both",0.441315540583741,-0.0344845419177708
"3341","session2",8.97724272400088,15.6685714475891,2.51381738666002,0.000574843434196509,-0.204883335770862,0.457059661793236,0.596642470090773,8,2,150,0.441315540583741,-0.0344845419177708,23,1.61999875921302,0,16.58545,2771,0.2,0,15,"both",0.441315540583741,-0.0344845419177708
"3342","session2",8.97724272400088,15.6685714475891,2.51381738666002,0.000574843434196509,-0.204883335770862,0.457059661793236,0.596642470090773,8,2,150,0.441315540583741,-0.0344845419177708,23,1.85402041230146,1,28.56398,2771,0.2,0,15,"both",0.441315540583741,-0.0344845419177708
"3343","session2",8.97724272400088,15.6685714475891,2.51381738666002,0.000574843434196509,-0.204883335770862,0.457059661793236,0.596642470090773,8,2,150,0.441315540583741,-0.0344845419177708,23,1.32164742391666,1,14.87761,2771,0.2,0,15,"both",0.441315540583741,-0.0344845419177708
"3344","session2",8.97724272400088,15.6685714475891,2.51381738666002,0.000574843434196509,-0.204883335770862,0.457059661793236,0.596642470090773,8,2,150,0.441315540583741,-0.0344845419177708,23,2.5119377838142,1,6.24354,2771,0.2,0,15,"both",0.441315540583741,-0.0344845419177708
"3345","session2",8.97724272400088,15.6685714475891,2.51381738666002,0.000574843434196509,-0.204883335770862,0.457059661793236,0.596642470090773,8,2,150,0.441315540583741,-0.0344845419177708,23,2.50395687184299,0,25.1902,2771,0.2,0,15,"both",0.441315540583741,-0.0344845419177708
"3346","session2",8.97724272400088,15.6685714475891,2.51381738666002,0.000574843434196509,-0.204883335770862,0.457059661793236,0.596642470090773,8,2,150,0.441315540583741,-0.0344845419177708,23,2.1297147962102,0,2.04895,2771,0.2,0,15,"both",0.441315540583741,-0.0344845419177708
"3347","session2",8.97724272400088,15.6685714475891,2.51381738666002,0.000574843434196509,-0.204883335770862,0.457059661793236,0.596642470090773,8,2,150,0.441315540583741,-0.0344845419177708,23,1.79300609586978,1,3.07395,2771,0.2,0,15,"both",0.441315540583741,-0.0344845419177708
"3348","session2",8.97724272400088,15.6685714475891,2.51381738666002,0.000574843434196509,-0.204883335770862,0.457059661793236,0.596642470090773,8,2,150,0.441315540583741,-0.0344845419177708,23,1.96890352174378,0,-5.81186,2771,0.2,0,15,"both",0.441315540583741,-0.0344845419177708
"3349","session2",8.97724272400088,15.6685714475891,2.51381738666002,0.000574843434196509,-0.204883335770862,0.457059661793236,0.596642470090773,8,2,150,0.441315540583741,-0.0344845419177708,23,1.09260583029709,1,10.444132553,2771,0.2,0,15,"both",0.441315540583741,-0.0344845419177708
"3350","session2",8.97724272400088,15.6685714475891,2.51381738666002,0.000574843434196509,-0.204883335770862,0.457059661793236,0.596642470090773,8,2,150,0.441315540583741,-0.0344845419177708,23,2.38083659131996,0,-10.62079,2771,0.2,0,15,"both",0.441315540583741,-0.0344845419177708
"3351","session2",8.97724272400088,15.6685714475891,2.51381738666002,0.000574843434196509,-0.204883335770862,0.457059661793236,0.596642470090773,8,2,150,0.441315540583741,-0.0344845419177708,23,1.22236781711653,0,-22.6572,2771,0.2,0,15,"both",0.441315540583741,-0.0344845419177708
"3352","session2",8.97724272400088,15.6685714475891,2.51381738666002,0.000574843434196509,-0.204883335770862,0.457059661793236,0.596642470090773,8,2,150,0.441315540583741,-0.0344845419177708,23,2.91903087876496,0,0.0893600000000001,2771,0.2,0,15,"both",0.441315540583741,-0.0344845419177708
"3353","session2",8.97724272400088,15.6685714475891,2.51381738666002,0.000574843434196509,-0.204883335770862,0.457059661793236,0.596642470090773,8,2,150,0.441315540583741,-0.0344845419177708,23,2.46366397626426,0,-0.584,2771,0.2,0,15,"both",0.441315540583741,-0.0344845419177708
"3354","session2",8.97724272400088,15.6685714475891,2.51381738666002,0.000574843434196509,-0.204883335770862,0.457059661793236,0.596642470090773,8,2,150,0.441315540583741,-0.0344845419177708,23,3.44729605129403,0,11.20582133,2771,0.2,0,15,"both",0.441315540583741,-0.0344845419177708
"3355","session2",8.97724272400088,15.6685714475891,2.51381738666002,0.000574843434196509,-0.204883335770862,0.457059661793236,0.596642470090773,8,2,150,0.441315540583741,-0.0344845419177708,23,1.69220782773701,0,-5.19822,2771,0.2,0,15,"both",0.441315540583741,-0.0344845419177708
"3356","session2",8.97724272400088,15.6685714475891,2.51381738666002,0.000574843434196509,-0.204883335770862,0.457059661793236,0.596642470090773,8,2,150,0.441315540583741,-0.0344845419177708,23,1.20923793164344,0,-0.762599999999999,2771,0.2,0,15,"both",0.441315540583741,-0.0344845419177708
"3357","session2",8.97724272400088,15.6685714475891,2.51381738666002,0.000574843434196509,-0.204883335770862,0.457059661793236,0.596642470090773,8,2,150,0.441315540583741,-0.0344845419177708,23,1.95775691690908,1,10.99443,2771,0.2,0,15,"both",0.441315540583741,-0.0344845419177708
"3358","session2",8.97724272400088,15.6685714475891,2.51381738666002,0.000574843434196509,-0.204883335770862,0.457059661793236,0.596642470090773,8,2,150,0.441315540583741,-0.0344845419177708,23,1.46309312984346,0,1.7108,2771,0.2,0,15,"both",0.441315540583741,-0.0344845419177708
"3359","session2",8.97724272400088,15.6685714475891,2.51381738666002,0.000574843434196509,-0.204883335770862,0.457059661793236,0.596642470090773,8,2,150,0.441315540583741,-0.0344845419177708,23,1.32218709578341,0,-2.2543,2771,0.2,0,15,"both",0.441315540583741,-0.0344845419177708
"3360","session2",8.97724272400088,15.6685714475891,2.51381738666002,0.000574843434196509,-0.204883335770862,0.457059661793236,0.596642470090773,8,2,150,0.441315540583741,-0.0344845419177708,23,2.03135648445477,0,3.91424,2771,0.2,0,15,"both",0.441315540583741,-0.0344845419177708
"3361","session2",8.97724272400088,15.6685714475891,2.51381738666002,0.000574843434196509,-0.204883335770862,0.457059661793236,0.596642470090773,8,2,150,0.441315540583741,-0.0344845419177708,23,1.20646739652552,1,22.5704,2771,0.2,0,15,"both",0.441315540583741,-0.0344845419177708
"3362","session2",8.97724272400088,15.6685714475891,2.51381738666002,0.000574843434196509,-0.204883335770862,0.457059661793236,0.596642470090773,8,2,150,0.441315540583741,-0.0344845419177708,23,1.6807213309758,1,6.35534,2771,0.2,0,15,"both",0.441315540583741,-0.0344845419177708
"3363","session2",8.97724272400088,15.6685714475891,2.51381738666002,0.000574843434196509,-0.204883335770862,0.457059661793236,0.596642470090773,8,2,150,0.441315540583741,-0.0344845419177708,23,2.39722935217274,1,33.3346,2771,0.2,0,15,"both",0.441315540583741,-0.0344845419177708
"3364","session2",8.97724272400088,15.6685714475891,2.51381738666002,0.000574843434196509,-0.204883335770862,0.457059661793236,0.596642470090773,8,2,150,0.441315540583741,-0.0344845419177708,23,1.9246618579531,0,5.10693,2771,0.2,0,15,"both",0.441315540583741,-0.0344845419177708
"3365","session2",8.97724272400088,15.6685714475891,2.51381738666002,0.000574843434196509,-0.204883335770862,0.457059661793236,0.596642470090773,8,2,150,0.441315540583741,-0.0344845419177708,23,1.17881194874541,1,27.9787,2771,0.2,0,15,"both",0.441315540583741,-0.0344845419177708
"3366","session2",8.97724272400088,15.6685714475891,2.51381738666002,0.000574843434196509,-0.204883335770862,0.457059661793236,0.596642470090773,8,2,150,0.441315540583741,-0.0344845419177708,23,1.04601474320887,1,22.8479,2771,0.2,0,15,"both",0.441315540583741,-0.0344845419177708
"3367","session2",8.97724272400088,15.6685714475891,2.51381738666002,0.000574843434196509,-0.204883335770862,0.457059661793236,0.596642470090773,8,2,150,0.441315540583741,-0.0344845419177708,23,5.30827573380682,0,-8.8169,2771,0.2,0,15,"both",0.441315540583741,-0.0344845419177708
"3368","session2",8.97724272400088,15.6685714475891,2.51381738666002,0.000574843434196509,-0.204883335770862,0.457059661793236,0.596642470090773,8,2,150,0.441315540583741,-0.0344845419177708,23,2.36586713735655,1,1.4778,2771,0.2,0,15,"both",0.441315540583741,-0.0344845419177708
"3369","session2",8.97724272400088,15.6685714475891,2.51381738666002,0.000574843434196509,-0.204883335770862,0.457059661793236,0.596642470090773,8,2,150,0.441315540583741,-0.0344845419177708,23,1.2711009687777,1,-0.58802,2771,0.2,0,15,"both",0.441315540583741,-0.0344845419177708
"3370","session2",8.97724272400088,15.6685714475891,2.51381738666002,0.000574843434196509,-0.204883335770862,0.457059661793236,0.596642470090773,8,2,150,0.441315540583741,-0.0344845419177708,23,1.30499369749724,1,29.0865,2771,0.2,0,15,"both",0.441315540583741,-0.0344845419177708
"3371","session2",8.97724272400088,15.6685714475891,2.51381738666002,0.000574843434196509,-0.204883335770862,0.457059661793236,0.596642470090773,8,2,150,0.441315540583741,-0.0344845419177708,23,3.49922072347066,1,22.6283,2771,0.2,0,15,"both",0.441315540583741,-0.0344845419177708
"3372","session2",8.97724272400088,15.6685714475891,2.51381738666002,0.000574843434196509,-0.204883335770862,0.457059661793236,0.596642470090773,8,2,150,0.441315540583741,-0.0344845419177708,23,3.60922005221208,0,5.07996,2771,0.2,0,15,"both",0.441315540583741,-0.0344845419177708
"3373","session2",8.97724272400088,15.6685714475891,2.51381738666002,0.000574843434196509,-0.204883335770862,0.457059661793236,0.596642470090773,8,2,150,0.441315540583741,-0.0344845419177708,23,2.00337595334805,1,19.89167,2771,0.2,0,15,"both",0.441315540583741,-0.0344845419177708
"3374","session2",8.97724272400088,15.6685714475891,2.51381738666002,0.000574843434196509,-0.204883335770862,0.457059661793236,0.596642470090773,8,2,150,0.441315540583741,-0.0344845419177708,23,1.69377499463237,0,1.4395,2771,0.2,0,15,"both",0.441315540583741,-0.0344845419177708
"3375","session2",8.97724272400088,15.6685714475891,2.51381738666002,0.000574843434196509,-0.204883335770862,0.457059661793236,0.596642470090773,8,2,150,0.441315540583741,-0.0344845419177708,23,1.35548650090116,1,20.48052,2771,0.2,0,15,"both",0.441315540583741,-0.0344845419177708
"3376","session2",8.97724272400088,15.6685714475891,2.51381738666002,0.000574843434196509,-0.204883335770862,0.457059661793236,0.596642470090773,8,2,150,0.441315540583741,-0.0344845419177708,23,1.25306161775974,1,13.3914,2771,0.2,0,15,"both",0.441315540583741,-0.0344845419177708
"3377","session2",8.97724272400088,15.6685714475891,2.51381738666002,0.000574843434196509,-0.204883335770862,0.457059661793236,0.596642470090773,8,2,150,0.441315540583741,-0.0344845419177708,23,1.75554068574828,0,2.9104,2771,0.2,0,15,"both",0.441315540583741,-0.0344845419177708
"3378","session2",8.97724272400088,15.6685714475891,2.51381738666002,0.000574843434196509,-0.204883335770862,0.457059661793236,0.596642470090773,8,2,150,0.441315540583741,-0.0344845419177708,23,1.28829363409887,0,0.0129300000000008,2771,0.2,0,15,"both",0.441315540583741,-0.0344845419177708
"3379","session2",8.97724272400088,15.6685714475891,2.51381738666002,0.000574843434196509,-0.204883335770862,0.457059661793236,0.596642470090773,8,2,150,0.441315540583741,-0.0344845419177708,23,2.05296914330994,1,20.6412,2771,0.2,0,15,"both",0.441315540583741,-0.0344845419177708
"3380","session2",8.97724272400088,15.6685714475891,2.51381738666002,0.000574843434196509,-0.204883335770862,0.457059661793236,0.596642470090773,8,2,150,0.441315540583741,-0.0344845419177708,23,3.61025052741319,0,1.5598,2771,0.2,0,15,"both",0.441315540583741,-0.0344845419177708
"3381","session2",8.97724272400088,15.6685714475891,2.51381738666002,0.000574843434196509,-0.204883335770862,0.457059661793236,0.596642470090773,8,2,150,0.441315540583741,-0.0344845419177708,23,1.84892030765699,1,0.654,2771,0.2,0,15,"both",0.441315540583741,-0.0344845419177708
"3382","session2",8.97724272400088,15.6685714475891,2.51381738666002,0.000574843434196509,-0.204883335770862,0.457059661793236,0.596642470090773,8,2,150,0.441315540583741,-0.0344845419177708,23,2.4150219452928,1,21.2591,2771,0.2,0,15,"both",0.441315540583741,-0.0344845419177708
"3383","session2",8.97724272400088,15.6685714475891,2.51381738666002,0.000574843434196509,-0.204883335770862,0.457059661793236,0.596642470090773,8,2,150,0.441315540583741,-0.0344845419177708,23,2.48826911283289,0,26.365,2771,0.2,0,15,"both",0.441315540583741,-0.0344845419177708
"3384","session2",8.97724272400088,15.6685714475891,2.51381738666002,0.000574843434196509,-0.204883335770862,0.457059661793236,0.596642470090773,8,2,150,0.441315540583741,-0.0344845419177708,23,2.50267892727979,0,-6.03357,2771,0.2,0,15,"both",0.441315540583741,-0.0344845419177708
"3385","session2",8.97724272400088,15.6685714475891,2.51381738666002,0.000574843434196509,-0.204883335770862,0.457059661793236,0.596642470090773,8,2,150,0.441315540583741,-0.0344845419177708,23,1.82252240202267,1,19.6743,2771,0.2,0,15,"both",0.441315540583741,-0.0344845419177708
"3386","session2",8.97724272400088,15.6685714475891,2.51381738666002,0.000574843434196509,-0.204883335770862,0.457059661793236,0.596642470090773,8,2,150,0.441315540583741,-0.0344845419177708,23,1.50022378205371,1,28.2596,2771,0.2,0,15,"both",0.441315540583741,-0.0344845419177708
"3387","session2",8.97724272400088,15.6685714475891,2.51381738666002,0.000574843434196509,-0.204883335770862,0.457059661793236,0.596642470090773,8,2,150,0.441315540583741,-0.0344845419177708,23,2.50290879723665,1,15.06516,2771,0.2,0,15,"both",0.441315540583741,-0.0344845419177708
"3388","session2",8.97724272400088,15.6685714475891,2.51381738666002,0.000574843434196509,-0.204883335770862,0.457059661793236,0.596642470090773,8,2,150,0.441315540583741,-0.0344845419177708,23,1.75573933768102,1,23.1314,2771,0.2,0,15,"both",0.441315540583741,-0.0344845419177708
"3389","session2",8.97724272400088,15.6685714475891,2.51381738666002,0.000574843434196509,-0.204883335770862,0.457059661793236,0.596642470090773,8,2,150,0.441315540583741,-0.0344845419177708,23,1.62185310043285,1,22.29417,2771,0.2,0,15,"both",0.441315540583741,-0.0344845419177708
"3390","session2",8.97724272400088,15.6685714475891,2.51381738666002,0.000574843434196509,-0.204883335770862,0.457059661793236,0.596642470090773,8,2,150,0.441315540583741,-0.0344845419177708,23,1.93513815554761,1,21.18071,2771,0.2,0,15,"both",0.441315540583741,-0.0344845419177708
"3391","session2",8.97724272400088,15.6685714475891,2.51381738666002,0.000574843434196509,-0.204883335770862,0.457059661793236,0.596642470090773,8,2,150,0.441315540583741,-0.0344845419177708,23,2.76325501782641,1,19.52427,2771,0.2,0,15,"both",0.441315540583741,-0.0344845419177708
"3392","session2",8.97724272400088,15.6685714475891,2.51381738666002,0.000574843434196509,-0.204883335770862,0.457059661793236,0.596642470090773,8,2,150,0.441315540583741,-0.0344845419177708,23,1.88907902343731,1,21.83861,2771,0.2,0,15,"both",0.441315540583741,-0.0344845419177708
"3393","session2",8.97724272400088,15.6685714475891,2.51381738666002,0.000574843434196509,-0.204883335770862,0.457059661793236,0.596642470090773,8,2,150,0.441315540583741,-0.0344845419177708,23,1.22186834689935,1,16.53728,2771,0.2,0,15,"both",0.441315540583741,-0.0344845419177708
"3394","session2",8.97724272400088,15.6685714475891,2.51381738666002,0.000574843434196509,-0.204883335770862,0.457059661793236,0.596642470090773,8,2,150,0.441315540583741,-0.0344845419177708,23,1.8986248579178,1,19.54959,2771,0.2,0,15,"both",0.441315540583741,-0.0344845419177708
"3395","session2",8.97724272400088,15.6685714475891,2.51381738666002,0.000574843434196509,-0.204883335770862,0.457059661793236,0.596642470090773,8,2,150,0.441315540583741,-0.0344845419177708,23,1.19744292037764,1,22.40646,2771,0.2,0,15,"both",0.441315540583741,-0.0344845419177708
"3396","session2",8.97724272400088,15.6685714475891,2.51381738666002,0.000574843434196509,-0.204883335770862,0.457059661793236,0.596642470090773,8,2,150,0.441315540583741,-0.0344845419177708,23,1.69261909108349,1,21.837,2771,0.2,0,15,"both",0.441315540583741,-0.0344845419177708
"3397","session2",8.97724272400088,15.6685714475891,2.51381738666002,0.000574843434196509,-0.204883335770862,0.457059661793236,0.596642470090773,8,2,150,0.441315540583741,-0.0344845419177708,23,1.62670698662732,1,-1.8125,2771,0.2,0,15,"both",0.441315540583741,-0.0344845419177708
"3398","session2",8.97724272400088,15.6685714475891,2.51381738666002,0.000574843434196509,-0.204883335770862,0.457059661793236,0.596642470090773,8,2,150,0.441315540583741,-0.0344845419177708,23,2.08819697781485,1,17.23165,2771,0.2,0,15,"both",0.441315540583741,-0.0344845419177708
"3399","session2",8.97724272400088,15.6685714475891,2.51381738666002,0.000574843434196509,-0.204883335770862,0.457059661793236,0.596642470090773,8,2,150,0.441315540583741,-0.0344845419177708,23,1.46255755378771,1,22.15135,2771,0.2,0,15,"both",0.441315540583741,-0.0344845419177708
"3400","session2",8.97724272400088,15.6685714475891,2.51381738666002,0.000574843434196509,-0.204883335770862,0.457059661793236,0.596642470090773,8,2,150,0.441315540583741,-0.0344845419177708,23,2.72996229030745,1,15.87979,2771,0.2,0,15,"both",0.441315540583741,-0.0344845419177708
"3401","session2",8.97724272400088,15.6685714475891,2.51381738666002,0.000574843434196509,-0.204883335770862,0.457059661793236,0.596642470090773,8,2,150,0.441315540583741,-0.0344845419177708,23,1.24824976171033,1,22.38366,2771,0.2,0,15,"both",0.441315540583741,-0.0344845419177708
"3402","session2",8.97724272400088,15.6685714475891,2.51381738666002,0.000574843434196509,-0.204883335770862,0.457059661793236,0.596642470090773,8,2,150,0.441315540583741,-0.0344845419177708,23,3.07276831700029,1,19.99105,2771,0.2,0,15,"both",0.441315540583741,-0.0344845419177708
"3403","session2",8.97724272400088,15.6685714475891,2.51381738666002,0.000574843434196509,-0.204883335770862,0.457059661793236,0.596642470090773,8,2,150,0.441315540583741,-0.0344845419177708,23,1.51417243937978,0,-1.62691,2771,0.2,0,15,"both",0.441315540583741,-0.0344845419177708
"3404","session2",8.97724272400088,15.6685714475891,2.51381738666002,0.000574843434196509,-0.204883335770862,0.457059661793236,0.596642470090773,8,2,150,0.441315540583741,-0.0344845419177708,23,1.92042516689905,1,21.12719,2771,0.2,0,15,"both",0.441315540583741,-0.0344845419177708
"3405","session2",8.97724272400088,15.6685714475891,2.51381738666002,0.000574843434196509,-0.204883335770862,0.457059661793236,0.596642470090773,8,2,150,0.441315540583741,-0.0344845419177708,23,3.20946429941059,1,3.75475,2771,0.2,0,15,"both",0.441315540583741,-0.0344845419177708
"3406","session2",8.97724272400088,15.6685714475891,2.51381738666002,0.000574843434196509,-0.204883335770862,0.457059661793236,0.596642470090773,8,2,150,0.441315540583741,-0.0344845419177708,23,2.67239085433356,0,-2.75958,2771,0.2,0,15,"both",0.441315540583741,-0.0344845419177708
"3407","session2",8.97724272400088,15.6685714475891,2.51381738666002,0.000574843434196509,-0.204883335770862,0.457059661793236,0.596642470090773,8,2,150,0.441315540583741,-0.0344845419177708,23,2.68154242689326,0,-4.13781,2771,0.2,0,15,"both",0.441315540583741,-0.0344845419177708
"3408","session2",8.97724272400088,15.6685714475891,2.51381738666002,0.000574843434196509,-0.204883335770862,0.457059661793236,0.596642470090773,8,2,150,0.441315540583741,-0.0344845419177708,23,1.4619447247751,1,19.42726,2771,0.2,0,15,"both",0.441315540583741,-0.0344845419177708
"3409","session2",8.97724272400088,15.6685714475891,2.51381738666002,0.000574843434196509,-0.204883335770862,0.457059661793236,0.596642470090773,8,2,150,0.441315540583741,-0.0344845419177708,23,2.46810964161319,1,-0.85032,2771,0.2,0,15,"both",0.441315540583741,-0.0344845419177708
"3410","session2",8.97724272400088,15.6685714475891,2.51381738666002,0.000574843434196509,-0.204883335770862,0.457059661793236,0.596642470090773,8,2,150,0.441315540583741,-0.0344845419177708,23,2.24838937941365,1,13.29844,2771,0.2,0,15,"both",0.441315540583741,-0.0344845419177708
"3411","session2",8.97724272400088,15.6685714475891,2.51381738666002,0.000574843434196509,-0.204883335770862,0.457059661793236,0.596642470090773,8,2,150,0.441315540583741,-0.0344845419177708,23,1.15429982452999,0,-1.99082,2771,0.2,0,15,"both",0.441315540583741,-0.0344845419177708
"3412","session2",8.97724272400088,15.6685714475891,2.51381738666002,0.000574843434196509,-0.204883335770862,0.457059661793236,0.596642470090773,8,2,150,0.441315540583741,-0.0344845419177708,23,1.72722572491595,1,0.221300000000001,2771,0.2,0,15,"both",0.441315540583741,-0.0344845419177708
"3413","session2",8.97724272400088,15.6685714475891,2.51381738666002,0.000574843434196509,-0.204883335770862,0.457059661793236,0.596642470090773,8,2,150,0.441315540583741,-0.0344845419177708,23,2.10150176034341,0,12.01885,2771,0.2,0,15,"both",0.441315540583741,-0.0344845419177708
"3414","session2",8.97724272400088,15.6685714475891,2.51381738666002,0.000574843434196509,-0.204883335770862,0.457059661793236,0.596642470090773,8,2,150,0.441315540583741,-0.0344845419177708,23,2.41562783003817,1,16.94735,2771,0.2,0,15,"both",0.441315540583741,-0.0344845419177708
"3415","session2",8.97724272400088,15.6685714475891,2.51381738666002,0.000574843434196509,-0.204883335770862,0.457059661793236,0.596642470090773,8,2,150,0.441315540583741,-0.0344845419177708,23,2.35507482060282,1,12.49291,2771,0.2,0,15,"both",0.441315540583741,-0.0344845419177708
"3416","session2",8.97724272400088,15.6685714475891,2.51381738666002,0.000574843434196509,-0.204883335770862,0.457059661793236,0.596642470090773,8,2,150,0.441315540583741,-0.0344845419177708,23,3.41023590867368,0,8.22887,2771,0.2,0,15,"both",0.441315540583741,-0.0344845419177708
"3417","session2",8.97724272400088,15.6685714475891,2.51381738666002,0.000574843434196509,-0.204883335770862,0.457059661793236,0.596642470090773,8,2,150,0.441315540583741,-0.0344845419177708,23,2.26668860784802,1,20.68266,2771,0.2,0,15,"both",0.441315540583741,-0.0344845419177708
"3418","session2",8.97724272400088,15.6685714475891,2.51381738666002,0.000574843434196509,-0.204883335770862,0.457059661793236,0.596642470090773,8,2,150,0.441315540583741,-0.0344845419177708,23,2.70443081594911,1,18.59679,2771,0.2,0,15,"both",0.441315540583741,-0.0344845419177708
"3419","session2",8.97724272400088,15.6685714475891,2.51381738666002,0.000574843434196509,-0.204883335770862,0.457059661793236,0.596642470090773,8,2,150,0.441315540583741,-0.0344845419177708,23,1.22398251182424,1,11.9113,2771,0.2,0,15,"both",0.441315540583741,-0.0344845419177708
"3420","session2",8.97724272400088,15.6685714475891,2.51381738666002,0.000574843434196509,-0.204883335770862,0.457059661793236,0.596642470090773,8,2,150,0.441315540583741,-0.0344845419177708,23,1.72907468446589,0,17.09632,2771,0.2,0,15,"both",0.441315540583741,-0.0344845419177708
"3421","session2",8.97724272400088,15.6685714475891,2.51381738666002,0.000574843434196509,-0.204883335770862,0.457059661793236,0.596642470090773,8,2,150,0.441315540583741,-0.0344845419177708,23,2.70915776424238,0,-2.28949,2771,0.2,0,15,"both",0.441315540583741,-0.0344845419177708
"3422","session2",8.97724272400088,15.6685714475891,2.51381738666002,0.000574843434196509,-0.204883335770862,0.457059661793236,0.596642470090773,8,2,150,0.441315540583741,-0.0344845419177708,23,1.70769426313017,1,16.75756,2771,0.2,0,15,"both",0.441315540583741,-0.0344845419177708
"3423","session2",8.97724272400088,15.6685714475891,2.51381738666002,0.000574843434196509,-0.204883335770862,0.457059661793236,0.596642470090773,8,2,150,0.441315540583741,-0.0344845419177708,23,1.42488639897441,1,0.0170700000000004,2771,0.2,0,15,"both",0.441315540583741,-0.0344845419177708
"3424","session2",8.97724272400088,15.6685714475891,2.51381738666002,0.000574843434196509,-0.204883335770862,0.457059661793236,0.596642470090773,8,2,150,0.441315540583741,-0.0344845419177708,23,1.95209796580746,1,-7.71781,2771,0.2,0,15,"both",0.441315540583741,-0.0344845419177708
"3425","session2",8.97724272400088,15.6685714475891,2.51381738666002,0.000574843434196509,-0.204883335770862,0.457059661793236,0.596642470090773,8,2,150,0.441315540583741,-0.0344845419177708,23,1.48785435026099,0,18.71481,2771,0.2,0,15,"both",0.441315540583741,-0.0344845419177708
"3426","session2",8.97724272400088,15.6685714475891,2.51381738666002,0.000574843434196509,-0.204883335770862,0.457059661793236,0.596642470090773,8,2,150,0.441315540583741,-0.0344845419177708,23,2.05987332380836,1,21.60315,2771,0.2,0,15,"both",0.441315540583741,-0.0344845419177708
"3427","session2",8.97724272400088,15.6685714475891,2.51381738666002,0.000574843434196509,-0.204883335770862,0.457059661793236,0.596642470090773,8,2,150,0.441315540583741,-0.0344845419177708,23,1.9399815914743,1,21.54189,2771,0.2,0,15,"both",0.441315540583741,-0.0344845419177708
"3428","session2",8.97724272400088,15.6685714475891,2.51381738666002,0.000574843434196509,-0.204883335770862,0.457059661793236,0.596642470090773,8,2,150,0.441315540583741,-0.0344845419177708,23,2.31018247597888,0,15.67405,2771,0.2,0,15,"both",0.441315540583741,-0.0344845419177708
"3429","session2",8.97724272400088,15.6685714475891,2.51381738666002,0.000574843434196509,-0.204883335770862,0.457059661793236,0.596642470090773,8,2,150,0.441315540583741,-0.0344845419177708,23,1.8036872698294,0,-0.519210000000001,2771,0.2,0,15,"both",0.441315540583741,-0.0344845419177708
"3430","session2",8.97724272400088,15.6685714475891,2.51381738666002,0.000574843434196509,-0.204883335770862,0.457059661793236,0.596642470090773,8,2,150,0.441315540583741,-0.0344845419177708,23,1.43225240790344,0,-4.13091,2771,0.2,0,15,"both",0.441315540583741,-0.0344845419177708
"3431","session2",8.97724272400088,15.6685714475891,2.51381738666002,0.000574843434196509,-0.204883335770862,0.457059661793236,0.596642470090773,8,2,150,0.441315540583741,-0.0344845419177708,23,1.11518092956603,1,-8.19174,2771,0.2,0,15,"both",0.441315540583741,-0.0344845419177708
"3432","session2",8.97724272400088,15.6685714475891,2.51381738666002,0.000574843434196509,-0.204883335770862,0.457059661793236,0.596642470090773,8,2,150,0.441315540583741,-0.0344845419177708,23,1.59386402618296,1,21.24772,2771,0.2,0,15,"both",0.441315540583741,-0.0344845419177708
"3433","session2",8.97724272400088,15.6685714475891,2.51381738666002,0.000574843434196509,-0.204883335770862,0.457059661793236,0.596642470090773,8,2,150,0.441315540583741,-0.0344845419177708,23,1.85558769373865,0,-14.45159,2771,0.2,0,15,"both",0.441315540583741,-0.0344845419177708
"3434","session2",8.97724272400088,15.6685714475891,2.51381738666002,0.000574843434196509,-0.204883335770862,0.457059661793236,0.596642470090773,8,2,150,0.441315540583741,-0.0344845419177708,23,2.03047188937539,1,24.1271,2771,0.2,0,15,"both",0.441315540583741,-0.0344845419177708
"3435","session2",8.97724272400088,15.6685714475891,2.51381738666002,0.000574843434196509,-0.204883335770862,0.457059661793236,0.596642470090773,8,2,150,0.441315540583741,-0.0344845419177708,23,2.4242297286049,0,10.19207,2771,0.2,0,15,"both",0.441315540583741,-0.0344845419177708
"3436","session2",8.97724272400088,15.6685714475891,2.51381738666002,0.000574843434196509,-0.204883335770862,0.457059661793236,0.596642470090773,8,2,150,0.441315540583741,-0.0344845419177708,23,2.53171389366794,1,28.06375,2771,0.2,0,15,"both",0.441315540583741,-0.0344845419177708
"3437","session2",8.97724272400088,15.6685714475891,2.51381738666002,0.000574843434196509,-0.204883335770862,0.457059661793236,0.596642470090773,8,2,150,0.441315540583741,-0.0344845419177708,23,1.24033914667672,1,-8.28441,2771,0.2,0,15,"both",0.441315540583741,-0.0344845419177708
"3438","session2",8.97724272400088,15.6685714475891,2.51381738666002,0.000574843434196509,-0.204883335770862,0.457059661793236,0.596642470090773,8,2,150,0.441315540583741,-0.0344845419177708,23,2.2883884226702,1,18.80638,2771,0.2,0,15,"both",0.441315540583741,-0.0344845419177708
"3439","session2",8.97724272400088,15.6685714475891,2.51381738666002,0.000574843434196509,-0.204883335770862,0.457059661793236,0.596642470090773,8,2,150,0.441315540583741,-0.0344845419177708,23,1.80615312310717,1,21.07913,2771,0.2,0,15,"both",0.441315540583741,-0.0344845419177708
"3440","session2",8.97724272400088,15.6685714475891,2.51381738666002,0.000574843434196509,-0.204883335770862,0.457059661793236,0.596642470090773,8,2,150,0.441315540583741,-0.0344845419177708,23,1.61069370596958,0,-5.66482,2771,0.2,0,15,"both",0.441315540583741,-0.0344845419177708
"3441","session2",8.97724272400088,15.6685714475891,2.51381738666002,0.000574843434196509,-0.204883335770862,0.457059661793236,0.596642470090773,8,2,150,0.441315540583741,-0.0344845419177708,23,1.9245640489334,0,-3.59706,2771,0.2,0,15,"both",0.441315540583741,-0.0344845419177708
"3442","session2",8.97724272400088,15.6685714475891,2.51381738666002,0.000574843434196509,-0.204883335770862,0.457059661793236,0.596642470090773,8,2,150,0.441315540583741,-0.0344845419177708,23,1.6217969736491,0,-12.92485,2771,0.2,0,15,"both",0.441315540583741,-0.0344845419177708
"3443","session2",8.97724272400088,15.6685714475891,2.51381738666002,0.000574843434196509,-0.204883335770862,0.457059661793236,0.596642470090773,8,2,150,0.441315540583741,-0.0344845419177708,23,2.56802680650325,1,13.79326,2771,0.2,0,15,"both",0.441315540583741,-0.0344845419177708
"3444","session2",8.97724272400088,15.6685714475891,2.51381738666002,0.000574843434196509,-0.204883335770862,0.457059661793236,0.596642470090773,8,2,150,0.441315540583741,-0.0344845419177708,23,1.45344539675521,1,15.273,2771,0.2,0,15,"both",0.441315540583741,-0.0344845419177708
"3445","session2",8.97724272400088,15.6685714475891,2.51381738666002,0.000574843434196509,-0.204883335770862,0.457059661793236,0.596642470090773,8,2,150,0.441315540583741,-0.0344845419177708,23,1.99933232234266,0,-11.11729,2771,0.2,0,15,"both",0.441315540583741,-0.0344845419177708
"3446","session2",8.97724272400088,15.6685714475891,2.51381738666002,0.000574843434196509,-0.204883335770862,0.457059661793236,0.596642470090773,8,2,150,0.441315540583741,-0.0344845419177708,23,2.53971053371787,1,-7.38615,2771,0.2,0,15,"both",0.441315540583741,-0.0344845419177708
"3447","session2",8.97724272400088,15.6685714475891,2.51381738666002,0.000574843434196509,-0.204883335770862,0.457059661793236,0.596642470090773,8,2,150,0.441315540583741,-0.0344845419177708,23,2.80518311512244,0,-2.93531,2771,0.2,0,15,"both",0.441315540583741,-0.0344845419177708
"3448","session2",8.97724272400088,15.6685714475891,2.51381738666002,0.000574843434196509,-0.204883335770862,0.457059661793236,0.596642470090773,8,2,150,0.441315540583741,-0.0344845419177708,23,1.34040522530132,1,-13.07294,2771,0.2,0,15,"both",0.441315540583741,-0.0344845419177708
"3449","session2",8.97724272400088,15.6685714475891,2.51381738666002,0.000574843434196509,-0.204883335770862,0.457059661793236,0.596642470090773,8,2,150,0.441315540583741,-0.0344845419177708,23,3.12915779917029,1,23.53526,2771,0.2,0,15,"both",0.441315540583741,-0.0344845419177708
"3450","session2",8.97724272400088,15.6685714475891,2.51381738666002,0.000574843434196509,-0.204883335770862,0.457059661793236,0.596642470090773,8,2,150,0.441315540583741,-0.0344845419177708,23,1.87419986324399,0,-3.56913,2771,0.2,0,15,"both",0.441315540583741,-0.0344845419177708
"3451","session2",4.36997333704524,13.9965277129202,1.76971233570167,9.01128798723453e-05,-0.239877467678879,0.521976251027662,0.858504270898239,9,2,150,0.441315540583741,-0.0344845419177708,24,1.47850511403836,0,-7.9067325524,2771,0.2,0,15,"both",0.441315540583741,-0.0344845419177708
"3452","session2",4.36997333704524,13.9965277129202,1.76971233570167,9.01128798723453e-05,-0.239877467678879,0.521976251027662,0.858504270898239,9,2,150,0.441315540583741,-0.0344845419177708,24,2.043000851229,1,6.0664499885,2771,0.2,0,15,"both",0.441315540583741,-0.0344845419177708
"3453","session2",4.36997333704524,13.9965277129202,1.76971233570167,9.01128798723453e-05,-0.239877467678879,0.521976251027662,0.858504270898239,9,2,150,0.441315540583741,-0.0344845419177708,24,2.99372040400088,0,-0.29356209722,2771,0.2,0,15,"both",0.441315540583741,-0.0344845419177708
"3454","session2",4.36997333704524,13.9965277129202,1.76971233570167,9.01128798723453e-05,-0.239877467678879,0.521976251027662,0.858504270898239,9,2,150,0.441315540583741,-0.0344845419177708,24,2.3960947136049,1,2.86189011,2771,0.2,0,15,"both",0.441315540583741,-0.0344845419177708
"3455","session2",4.36997333704524,13.9965277129202,1.76971233570167,9.01128798723453e-05,-0.239877467678879,0.521976251027662,0.858504270898239,9,2,150,0.441315540583741,-0.0344845419177708,24,2.93907072666828,0,-3.1153,2771,0.2,0,15,"both",0.441315540583741,-0.0344845419177708
"3456","session2",4.36997333704524,13.9965277129202,1.76971233570167,9.01128798723453e-05,-0.239877467678879,0.521976251027662,0.858504270898239,9,2,150,0.441315540583741,-0.0344845419177708,24,1.75903816055449,1,0.86003508898,2771,0.2,0,15,"both",0.441315540583741,-0.0344845419177708
"3457","session2",4.36997333704524,13.9965277129202,1.76971233570167,9.01128798723453e-05,-0.239877467678879,0.521976251027662,0.858504270898239,9,2,150,0.441315540583741,-0.0344845419177708,24,1.55399219255897,0,-5.17773,2771,0.2,0,15,"both",0.441315540583741,-0.0344845419177708
"3458","session2",4.36997333704524,13.9965277129202,1.76971233570167,9.01128798723453e-05,-0.239877467678879,0.521976251027662,0.858504270898239,9,2,150,0.441315540583741,-0.0344845419177708,24,2.8473260895241,1,11.90815,2771,0.2,0,15,"both",0.441315540583741,-0.0344845419177708
"3459","session2",4.36997333704524,13.9965277129202,1.76971233570167,9.01128798723453e-05,-0.239877467678879,0.521976251027662,0.858504270898239,9,2,150,0.441315540583741,-0.0344845419177708,24,1.8508990615214,0,-0.81627,2771,0.2,0,15,"both",0.441315540583741,-0.0344845419177708
"3460","session2",4.36997333704524,13.9965277129202,1.76971233570167,9.01128798723453e-05,-0.239877467678879,0.521976251027662,0.858504270898239,9,2,150,0.441315540583741,-0.0344845419177708,24,2.00653323782182,0,-0.36841,2771,0.2,0,15,"both",0.441315540583741,-0.0344845419177708
"3461","session2",4.36997333704524,13.9965277129202,1.76971233570167,9.01128798723453e-05,-0.239877467678879,0.521976251027662,0.858504270898239,9,2,150,0.441315540583741,-0.0344845419177708,24,2.74244736113382,1,0.356553,2771,0.2,0,15,"both",0.441315540583741,-0.0344845419177708
"3462","session2",4.36997333704524,13.9965277129202,1.76971233570167,9.01128798723453e-05,-0.239877467678879,0.521976251027662,0.858504270898239,9,2,150,0.441315540583741,-0.0344845419177708,24,2.12597325151594,1,-0.10908,2771,0.2,0,15,"both",0.441315540583741,-0.0344845419177708
"3463","session2",4.36997333704524,13.9965277129202,1.76971233570167,9.01128798723453e-05,-0.239877467678879,0.521976251027662,0.858504270898239,9,2,150,0.441315540583741,-0.0344845419177708,24,2.514062512992,0,2.172604,2771,0.2,0,15,"both",0.441315540583741,-0.0344845419177708
"3464","session2",4.36997333704524,13.9965277129202,1.76971233570167,9.01128798723453e-05,-0.239877467678879,0.521976251027662,0.858504270898239,9,2,150,0.441315540583741,-0.0344845419177708,24,1.59209617896546,0,-0.808938,2771,0.2,0,15,"both",0.441315540583741,-0.0344845419177708
"3465","session2",4.36997333704524,13.9965277129202,1.76971233570167,9.01128798723453e-05,-0.239877467678879,0.521976251027662,0.858504270898239,9,2,150,0.441315540583741,-0.0344845419177708,24,2.49053344185825,1,-1.17047,2771,0.2,0,15,"both",0.441315540583741,-0.0344845419177708
"3466","session2",4.36997333704524,13.9965277129202,1.76971233570167,9.01128798723453e-05,-0.239877467678879,0.521976251027662,0.858504270898239,9,2,150,0.441315540583741,-0.0344845419177708,24,2.20324298951175,1,10.23787,2771,0.2,0,15,"both",0.441315540583741,-0.0344845419177708
"3467","session2",4.36997333704524,13.9965277129202,1.76971233570167,9.01128798723453e-05,-0.239877467678879,0.521976251027662,0.858504270898239,9,2,150,0.441315540583741,-0.0344845419177708,24,1.93177398983174,1,15.59493,2771,0.2,0,15,"both",0.441315540583741,-0.0344845419177708
"3468","session2",4.36997333704524,13.9965277129202,1.76971233570167,9.01128798723453e-05,-0.239877467678879,0.521976251027662,0.858504270898239,9,2,150,0.441315540583741,-0.0344845419177708,24,3.2550115305889,0,1.22376,2771,0.2,0,15,"both",0.441315540583741,-0.0344845419177708
"3469","session2",4.36997333704524,13.9965277129202,1.76971233570167,9.01128798723453e-05,-0.239877467678879,0.521976251027662,0.858504270898239,9,2,150,0.441315540583741,-0.0344845419177708,24,1.68355784884358,0,-6.3225,2771,0.2,0,15,"both",0.441315540583741,-0.0344845419177708
"3470","session2",4.36997333704524,13.9965277129202,1.76971233570167,9.01128798723453e-05,-0.239877467678879,0.521976251027662,0.858504270898239,9,2,150,0.441315540583741,-0.0344845419177708,24,3.84833601777016,1,3.934082,2771,0.2,0,15,"both",0.441315540583741,-0.0344845419177708
"3471","session2",4.36997333704524,13.9965277129202,1.76971233570167,9.01128798723453e-05,-0.239877467678879,0.521976251027662,0.858504270898239,9,2,150,0.441315540583741,-0.0344845419177708,24,1.37737268630109,1,8.34792,2771,0.2,0,15,"both",0.441315540583741,-0.0344845419177708
"3472","session2",4.36997333704524,13.9965277129202,1.76971233570167,9.01128798723453e-05,-0.239877467678879,0.521976251027662,0.858504270898239,9,2,150,0.441315540583741,-0.0344845419177708,24,1.79082825942742,1,3.7513445,2771,0.2,0,15,"both",0.441315540583741,-0.0344845419177708
"3473","session2",4.36997333704524,13.9965277129202,1.76971233570167,9.01128798723453e-05,-0.239877467678879,0.521976251027662,0.858504270898239,9,2,150,0.441315540583741,-0.0344845419177708,24,2.56569417200516,0,4.274683,2771,0.2,0,15,"both",0.441315540583741,-0.0344845419177708
"3474","session2",4.36997333704524,13.9965277129202,1.76971233570167,9.01128798723453e-05,-0.239877467678879,0.521976251027662,0.858504270898239,9,2,150,0.441315540583741,-0.0344845419177708,24,1.42759111239015,1,4.96577,2771,0.2,0,15,"both",0.441315540583741,-0.0344845419177708
"3475","session2",4.36997333704524,13.9965277129202,1.76971233570167,9.01128798723453e-05,-0.239877467678879,0.521976251027662,0.858504270898239,9,2,150,0.441315540583741,-0.0344845419177708,24,1.88617917334562,0,5.72905,2771,0.2,0,15,"both",0.441315540583741,-0.0344845419177708
"3476","session2",4.36997333704524,13.9965277129202,1.76971233570167,9.01128798723453e-05,-0.239877467678879,0.521976251027662,0.858504270898239,9,2,150,0.441315540583741,-0.0344845419177708,24,2.563887546181,0,6.54538,2771,0.2,0,15,"both",0.441315540583741,-0.0344845419177708
"3477","session2",4.36997333704524,13.9965277129202,1.76971233570167,9.01128798723453e-05,-0.239877467678879,0.521976251027662,0.858504270898239,9,2,150,0.441315540583741,-0.0344845419177708,24,1.12251467870608,0,-30.754801,2771,0.2,0,15,"both",0.441315540583741,-0.0344845419177708
"3478","session2",4.36997333704524,13.9965277129202,1.76971233570167,9.01128798723453e-05,-0.239877467678879,0.521976251027662,0.858504270898239,9,2,150,0.441315540583741,-0.0344845419177708,24,2.5099387405512,1,4.92601,2771,0.2,0,15,"both",0.441315540583741,-0.0344845419177708
"3479","session2",4.36997333704524,13.9965277129202,1.76971233570167,9.01128798723453e-05,-0.239877467678879,0.521976251027662,0.858504270898239,9,2,150,0.441315540583741,-0.0344845419177708,24,2.14601729039854,0,-0.97655,2771,0.2,0,15,"both",0.441315540583741,-0.0344845419177708
"3480","session2",4.36997333704524,13.9965277129202,1.76971233570167,9.01128798723453e-05,-0.239877467678879,0.521976251027662,0.858504270898239,9,2,150,0.441315540583741,-0.0344845419177708,24,2.57973962478068,0,1.64072,2771,0.2,0,15,"both",0.441315540583741,-0.0344845419177708
"3481","session2",4.36997333704524,13.9965277129202,1.76971233570167,9.01128798723453e-05,-0.239877467678879,0.521976251027662,0.858504270898239,9,2,150,0.441315540583741,-0.0344845419177708,24,1.80260246115695,0,-5.921083,2771,0.2,0,15,"both",0.441315540583741,-0.0344845419177708
"3482","session2",4.36997333704524,13.9965277129202,1.76971233570167,9.01128798723453e-05,-0.239877467678879,0.521976251027662,0.858504270898239,9,2,150,0.441315540583741,-0.0344845419177708,24,3.37429124071998,0,-3.96793,2771,0.2,0,15,"both",0.441315540583741,-0.0344845419177708
"3483","session2",4.36997333704524,13.9965277129202,1.76971233570167,9.01128798723453e-05,-0.239877467678879,0.521976251027662,0.858504270898239,9,2,150,0.441315540583741,-0.0344845419177708,24,1.68688190119505,0,3.58142,2771,0.2,0,15,"both",0.441315540583741,-0.0344845419177708
"3484","session2",4.36997333704524,13.9965277129202,1.76971233570167,9.01128798723453e-05,-0.239877467678879,0.521976251027662,0.858504270898239,9,2,150,0.441315540583741,-0.0344845419177708,24,3.43011291097462,1,5.4366,2771,0.2,0,15,"both",0.441315540583741,-0.0344845419177708
"3485","session2",4.36997333704524,13.9965277129202,1.76971233570167,9.01128798723453e-05,-0.239877467678879,0.521976251027662,0.858504270898239,9,2,150,0.441315540583741,-0.0344845419177708,24,1.84445116580655,1,7.76241,2771,0.2,0,15,"both",0.441315540583741,-0.0344845419177708
"3486","session2",4.36997333704524,13.9965277129202,1.76971233570167,9.01128798723453e-05,-0.239877467678879,0.521976251027662,0.858504270898239,9,2,150,0.441315540583741,-0.0344845419177708,24,1.69732437626926,1,-3.499533,2771,0.2,0,15,"both",0.441315540583741,-0.0344845419177708
"3487","session2",4.36997333704524,13.9965277129202,1.76971233570167,9.01128798723453e-05,-0.239877467678879,0.521976251027662,0.858504270898239,9,2,150,0.441315540583741,-0.0344845419177708,24,1.61233881990452,0,-5.503758,2771,0.2,0,15,"both",0.441315540583741,-0.0344845419177708
"3488","session2",4.36997333704524,13.9965277129202,1.76971233570167,9.01128798723453e-05,-0.239877467678879,0.521976251027662,0.858504270898239,9,2,150,0.441315540583741,-0.0344845419177708,24,2.26673604677548,1,2.938865,2771,0.2,0,15,"both",0.441315540583741,-0.0344845419177708
"3489","session2",4.36997333704524,13.9965277129202,1.76971233570167,9.01128798723453e-05,-0.239877467678879,0.521976251027662,0.858504270898239,9,2,150,0.441315540583741,-0.0344845419177708,24,1.47931698997511,1,1.988411,2771,0.2,0,15,"both",0.441315540583741,-0.0344845419177708
"3490","session2",4.36997333704524,13.9965277129202,1.76971233570167,9.01128798723453e-05,-0.239877467678879,0.521976251027662,0.858504270898239,9,2,150,0.441315540583741,-0.0344845419177708,24,1.74396639852497,0,10.36476,2771,0.2,0,15,"both",0.441315540583741,-0.0344845419177708
"3491","session2",4.36997333704524,13.9965277129202,1.76971233570167,9.01128798723453e-05,-0.239877467678879,0.521976251027662,0.858504270898239,9,2,150,0.441315540583741,-0.0344845419177708,24,2.74873865175631,1,8.75781,2771,0.2,0,15,"both",0.441315540583741,-0.0344845419177708
"3492","session2",4.36997333704524,13.9965277129202,1.76971233570167,9.01128798723453e-05,-0.239877467678879,0.521976251027662,0.858504270898239,9,2,150,0.441315540583741,-0.0344845419177708,24,1.32439982396829,1,-4.4606563,2771,0.2,0,15,"both",0.441315540583741,-0.0344845419177708
"3493","session2",4.36997333704524,13.9965277129202,1.76971233570167,9.01128798723453e-05,-0.239877467678879,0.521976251027662,0.858504270898239,9,2,150,0.441315540583741,-0.0344845419177708,24,2.04787181533813,0,6.535722,2771,0.2,0,15,"both",0.441315540583741,-0.0344845419177708
"3494","session2",4.36997333704524,13.9965277129202,1.76971233570167,9.01128798723453e-05,-0.239877467678879,0.521976251027662,0.858504270898239,9,2,150,0.441315540583741,-0.0344845419177708,24,2.56543087743015,0,15.72606,2771,0.2,0,15,"both",0.441315540583741,-0.0344845419177708
"3495","session2",4.36997333704524,13.9965277129202,1.76971233570167,9.01128798723453e-05,-0.239877467678879,0.521976251027662,0.858504270898239,9,2,150,0.441315540583741,-0.0344845419177708,24,1.80283156761175,0,14.66275,2771,0.2,0,15,"both",0.441315540583741,-0.0344845419177708
"3496","session2",4.36997333704524,13.9965277129202,1.76971233570167,9.01128798723453e-05,-0.239877467678879,0.521976251027662,0.858504270898239,9,2,150,0.441315540583741,-0.0344845419177708,24,1.57433160638022,0,-1.07772,2771,0.2,0,15,"both",0.441315540583741,-0.0344845419177708
"3497","session2",4.36997333704524,13.9965277129202,1.76971233570167,9.01128798723453e-05,-0.239877467678879,0.521976251027662,0.858504270898239,9,2,150,0.441315540583741,-0.0344845419177708,24,1.09713733928085,0,4.8877951271,2771,0.2,0,15,"both",0.441315540583741,-0.0344845419177708
"3498","session2",4.36997333704524,13.9965277129202,1.76971233570167,9.01128798723453e-05,-0.239877467678879,0.521976251027662,0.858504270898239,9,2,150,0.441315540583741,-0.0344845419177708,24,2.02140222553173,1,17.95317,2771,0.2,0,15,"both",0.441315540583741,-0.0344845419177708
"3499","session2",4.36997333704524,13.9965277129202,1.76971233570167,9.01128798723453e-05,-0.239877467678879,0.521976251027662,0.858504270898239,9,2,150,0.441315540583741,-0.0344845419177708,24,1.65393667352487,0,0.19217,2771,0.2,0,15,"both",0.441315540583741,-0.0344845419177708
"3500","session2",4.36997333704524,13.9965277129202,1.76971233570167,9.01128798723453e-05,-0.239877467678879,0.521976251027662,0.858504270898239,9,2,150,0.441315540583741,-0.0344845419177708,24,1.94922047165356,0,-0.54548,2771,0.2,0,15,"both",0.441315540583741,-0.0344845419177708
"3501","session2",4.36997333704524,13.9965277129202,1.76971233570167,9.01128798723453e-05,-0.239877467678879,0.521976251027662,0.858504270898239,9,2,150,0.441315540583741,-0.0344845419177708,24,1.72543347617798,1,16.33947,2771,0.2,0,15,"both",0.441315540583741,-0.0344845419177708
"3502","session2",4.36997333704524,13.9965277129202,1.76971233570167,9.01128798723453e-05,-0.239877467678879,0.521976251027662,0.858504270898239,9,2,150,0.441315540583741,-0.0344845419177708,24,1.59706097430499,0,5.36656,2771,0.2,0,15,"both",0.441315540583741,-0.0344845419177708
"3503","session2",4.36997333704524,13.9965277129202,1.76971233570167,9.01128798723453e-05,-0.239877467678879,0.521976251027662,0.858504270898239,9,2,150,0.441315540583741,-0.0344845419177708,24,1.58148550412112,1,5.79732030877,2771,0.2,0,15,"both",0.441315540583741,-0.0344845419177708
"3504","session2",4.36997333704524,13.9965277129202,1.76971233570167,9.01128798723453e-05,-0.239877467678879,0.521976251027662,0.858504270898239,9,2,150,0.441315540583741,-0.0344845419177708,24,1.74193857516412,0,4.9910712354,2771,0.2,0,15,"both",0.441315540583741,-0.0344845419177708
"3505","session2",4.36997333704524,13.9965277129202,1.76971233570167,9.01128798723453e-05,-0.239877467678879,0.521976251027662,0.858504270898239,9,2,150,0.441315540583741,-0.0344845419177708,24,1.80010003476988,1,28.42439,2771,0.2,0,15,"both",0.441315540583741,-0.0344845419177708
"3506","session2",4.36997333704524,13.9965277129202,1.76971233570167,9.01128798723453e-05,-0.239877467678879,0.521976251027662,0.858504270898239,9,2,150,0.441315540583741,-0.0344845419177708,24,1.2218056758565,0,-4.49988,2771,0.2,0,15,"both",0.441315540583741,-0.0344845419177708
"3507","session2",4.36997333704524,13.9965277129202,1.76971233570167,9.01128798723453e-05,-0.239877467678879,0.521976251027662,0.858504270898239,9,2,150,0.441315540583741,-0.0344845419177708,24,1.27241937417804,1,25.27373,2771,0.2,0,15,"both",0.441315540583741,-0.0344845419177708
"3508","session2",4.36997333704524,13.9965277129202,1.76971233570167,9.01128798723453e-05,-0.239877467678879,0.521976251027662,0.858504270898239,9,2,150,0.441315540583741,-0.0344845419177708,24,1.48468994295428,1,14.50989,2771,0.2,0,15,"both",0.441315540583741,-0.0344845419177708
"3509","session2",4.36997333704524,13.9965277129202,1.76971233570167,9.01128798723453e-05,-0.239877467678879,0.521976251027662,0.858504270898239,9,2,150,0.441315540583741,-0.0344845419177708,24,3.42458288347427,1,-3.70513,2771,0.2,0,15,"both",0.441315540583741,-0.0344845419177708
"3510","session2",4.36997333704524,13.9965277129202,1.76971233570167,9.01128798723453e-05,-0.239877467678879,0.521976251027662,0.858504270898239,9,2,150,0.441315540583741,-0.0344845419177708,24,2.06317058164684,1,-12.14008,2771,0.2,0,15,"both",0.441315540583741,-0.0344845419177708
"3511","session2",4.36997333704524,13.9965277129202,1.76971233570167,9.01128798723453e-05,-0.239877467678879,0.521976251027662,0.858504270898239,9,2,150,0.441315540583741,-0.0344845419177708,24,1.51018318234867,1,29.1826,2771,0.2,0,15,"both",0.441315540583741,-0.0344845419177708
"3512","session2",4.36997333704524,13.9965277129202,1.76971233570167,9.01128798723453e-05,-0.239877467678879,0.521976251027662,0.858504270898239,9,2,150,0.441315540583741,-0.0344845419177708,24,2.57115475280042,1,35.10123,2771,0.2,0,15,"both",0.441315540583741,-0.0344845419177708
"3513","session2",4.36997333704524,13.9965277129202,1.76971233570167,9.01128798723453e-05,-0.239877467678879,0.521976251027662,0.858504270898239,9,2,150,0.441315540583741,-0.0344845419177708,24,1.71702323738708,0,4.44741,2771,0.2,0,15,"both",0.441315540583741,-0.0344845419177708
"3514","session2",4.36997333704524,13.9965277129202,1.76971233570167,9.01128798723453e-05,-0.239877467678879,0.521976251027662,0.858504270898239,9,2,150,0.441315540583741,-0.0344845419177708,24,2.34372039601577,0,8.33688,2771,0.2,0,15,"both",0.441315540583741,-0.0344845419177708
"3515","session2",4.36997333704524,13.9965277129202,1.76971233570167,9.01128798723453e-05,-0.239877467678879,0.521976251027662,0.858504270898239,9,2,150,0.441315540583741,-0.0344845419177708,24,2.10826590820991,1,19.89739,2771,0.2,0,15,"both",0.441315540583741,-0.0344845419177708
"3516","session2",4.36997333704524,13.9965277129202,1.76971233570167,9.01128798723453e-05,-0.239877467678879,0.521976251027662,0.858504270898239,9,2,150,0.441315540583741,-0.0344845419177708,24,1.2968382562676,0,-9.65461,2771,0.2,0,15,"both",0.441315540583741,-0.0344845419177708
"3517","session2",4.36997333704524,13.9965277129202,1.76971233570167,9.01128798723453e-05,-0.239877467678879,0.521976251027662,0.858504270898239,9,2,150,0.441315540583741,-0.0344845419177708,24,1.90007814934664,0,-7.73093,2771,0.2,0,15,"both",0.441315540583741,-0.0344845419177708
"3518","session2",4.36997333704524,13.9965277129202,1.76971233570167,9.01128798723453e-05,-0.239877467678879,0.521976251027662,0.858504270898239,9,2,150,0.441315540583741,-0.0344845419177708,24,1.23410487268279,1,23.76414,2771,0.2,0,15,"both",0.441315540583741,-0.0344845419177708
"3519","session2",4.36997333704524,13.9965277129202,1.76971233570167,9.01128798723453e-05,-0.239877467678879,0.521976251027662,0.858504270898239,9,2,150,0.441315540583741,-0.0344845419177708,24,1.17357281273705,1,14.48889,2771,0.2,0,15,"both",0.441315540583741,-0.0344845419177708
"3520","session2",4.36997333704524,13.9965277129202,1.76971233570167,9.01128798723453e-05,-0.239877467678879,0.521976251027662,0.858504270898239,9,2,150,0.441315540583741,-0.0344845419177708,24,1.39827428903995,0,-23.02761,2771,0.2,0,15,"both",0.441315540583741,-0.0344845419177708
"3521","session2",4.36997333704524,13.9965277129202,1.76971233570167,9.01128798723453e-05,-0.239877467678879,0.521976251027662,0.858504270898239,9,2,150,0.441315540583741,-0.0344845419177708,24,1.34966331774195,1,-7.93248,2771,0.2,0,15,"both",0.441315540583741,-0.0344845419177708
"3522","session2",4.36997333704524,13.9965277129202,1.76971233570167,9.01128798723453e-05,-0.239877467678879,0.521976251027662,0.858504270898239,9,2,150,0.441315540583741,-0.0344845419177708,24,1.42266231081075,0,11.71874,2771,0.2,0,15,"both",0.441315540583741,-0.0344845419177708
"3523","session2",4.36997333704524,13.9965277129202,1.76971233570167,9.01128798723453e-05,-0.239877467678879,0.521976251027662,0.858504270898239,9,2,150,0.441315540583741,-0.0344845419177708,24,3.74093986863868,0,-24.83151,2771,0.2,0,15,"both",0.441315540583741,-0.0344845419177708
"3524","session2",4.36997333704524,13.9965277129202,1.76971233570167,9.01128798723453e-05,-0.239877467678879,0.521976251027662,0.858504270898239,9,2,150,0.441315540583741,-0.0344845419177708,24,1.71916631375819,1,11.18563,2771,0.2,0,15,"both",0.441315540583741,-0.0344845419177708
"3525","session2",4.36997333704524,13.9965277129202,1.76971233570167,9.01128798723453e-05,-0.239877467678879,0.521976251027662,0.858504270898239,9,2,150,0.441315540583741,-0.0344845419177708,24,2.45079887410415,0,-25.13299,2771,0.2,0,15,"both",0.441315540583741,-0.0344845419177708
"3526","session2",4.36997333704524,13.9965277129202,1.76971233570167,9.01128798723453e-05,-0.239877467678879,0.521976251027662,0.858504270898239,9,2,150,0.441315540583741,-0.0344845419177708,24,1.52196119291334,1,12.93078,2771,0.2,0,15,"both",0.441315540583741,-0.0344845419177708
"3527","session2",4.36997333704524,13.9965277129202,1.76971233570167,9.01128798723453e-05,-0.239877467678879,0.521976251027662,0.858504270898239,9,2,150,0.441315540583741,-0.0344845419177708,24,1.70907894441829,1,16.88996,2771,0.2,0,15,"both",0.441315540583741,-0.0344845419177708
"3528","session2",4.36997333704524,13.9965277129202,1.76971233570167,9.01128798723453e-05,-0.239877467678879,0.521976251027662,0.858504270898239,9,2,150,0.441315540583741,-0.0344845419177708,24,2.08297651216765,1,-5.7788,2771,0.2,0,15,"both",0.441315540583741,-0.0344845419177708
"3529","session2",4.36997333704524,13.9965277129202,1.76971233570167,9.01128798723453e-05,-0.239877467678879,0.521976251027662,0.858504270898239,9,2,150,0.441315540583741,-0.0344845419177708,24,1.69296003091683,1,24.25059,2771,0.2,0,15,"both",0.441315540583741,-0.0344845419177708
"3530","session2",4.36997333704524,13.9965277129202,1.76971233570167,9.01128798723453e-05,-0.239877467678879,0.521976251027662,0.858504270898239,9,2,150,0.441315540583741,-0.0344845419177708,24,1.40501727313342,1,23.91062,2771,0.2,0,15,"both",0.441315540583741,-0.0344845419177708
"3531","session2",4.36997333704524,13.9965277129202,1.76971233570167,9.01128798723453e-05,-0.239877467678879,0.521976251027662,0.858504270898239,9,2,150,0.441315540583741,-0.0344845419177708,24,1.35964991972242,1,18.57347,2771,0.2,0,15,"both",0.441315540583741,-0.0344845419177708
"3532","session2",4.36997333704524,13.9965277129202,1.76971233570167,9.01128798723453e-05,-0.239877467678879,0.521976251027662,0.858504270898239,9,2,150,0.441315540583741,-0.0344845419177708,24,3.34985957150314,1,16.20057,2771,0.2,0,15,"both",0.441315540583741,-0.0344845419177708
"3533","session2",4.36997333704524,13.9965277129202,1.76971233570167,9.01128798723453e-05,-0.239877467678879,0.521976251027662,0.858504270898239,9,2,150,0.441315540583741,-0.0344845419177708,24,1.71862681825293,1,8.91573,2771,0.2,0,15,"both",0.441315540583741,-0.0344845419177708
"3534","session2",4.36997333704524,13.9965277129202,1.76971233570167,9.01128798723453e-05,-0.239877467678879,0.521976251027662,0.858504270898239,9,2,150,0.441315540583741,-0.0344845419177708,24,2.32589379867191,0,12.99264,2771,0.2,0,15,"both",0.441315540583741,-0.0344845419177708
"3535","session2",4.36997333704524,13.9965277129202,1.76971233570167,9.01128798723453e-05,-0.239877467678879,0.521976251027662,0.858504270898239,9,2,150,0.441315540583741,-0.0344845419177708,24,1.55591070141199,0,-12.67211,2771,0.2,0,15,"both",0.441315540583741,-0.0344845419177708
"3536","session2",4.36997333704524,13.9965277129202,1.76971233570167,9.01128798723453e-05,-0.239877467678879,0.521976251027662,0.858504270898239,9,2,150,0.441315540583741,-0.0344845419177708,24,1.59435174447751,0,-9.855498,2771,0.2,0,15,"both",0.441315540583741,-0.0344845419177708
"3537","session2",4.36997333704524,13.9965277129202,1.76971233570167,9.01128798723453e-05,-0.239877467678879,0.521976251027662,0.858504270898239,9,2,150,0.441315540583741,-0.0344845419177708,24,1.5558529369863,1,23.15494,2771,0.2,0,15,"both",0.441315540583741,-0.0344845419177708
"3538","session2",4.36997333704524,13.9965277129202,1.76971233570167,9.01128798723453e-05,-0.239877467678879,0.521976251027662,0.858504270898239,9,2,150,0.441315540583741,-0.0344845419177708,24,2.11973113182234,1,14.10414,2771,0.2,0,15,"both",0.441315540583741,-0.0344845419177708
"3539","session2",4.36997333704524,13.9965277129202,1.76971233570167,9.01128798723453e-05,-0.239877467678879,0.521976251027662,0.858504270898239,9,2,150,0.441315540583741,-0.0344845419177708,24,1.72842832379217,1,11.14534,2771,0.2,0,15,"both",0.441315540583741,-0.0344845419177708
"3540","session2",4.36997333704524,13.9965277129202,1.76971233570167,9.01128798723453e-05,-0.239877467678879,0.521976251027662,0.858504270898239,9,2,150,0.441315540583741,-0.0344845419177708,24,1.2523077754988,1,-7.7135,2771,0.2,0,15,"both",0.441315540583741,-0.0344845419177708
"3541","session2",4.36997333704524,13.9965277129202,1.76971233570167,9.01128798723453e-05,-0.239877467678879,0.521976251027662,0.858504270898239,9,2,150,0.441315540583741,-0.0344845419177708,24,1.99766803009673,1,14.1472118,2771,0.2,0,15,"both",0.441315540583741,-0.0344845419177708
"3542","session2",4.36997333704524,13.9965277129202,1.76971233570167,9.01128798723453e-05,-0.239877467678879,0.521976251027662,0.858504270898239,9,2,150,0.441315540583741,-0.0344845419177708,24,2.82188789868835,1,24.24776,2771,0.2,0,15,"both",0.441315540583741,-0.0344845419177708
"3543","session2",4.36997333704524,13.9965277129202,1.76971233570167,9.01128798723453e-05,-0.239877467678879,0.521976251027662,0.858504270898239,9,2,150,0.441315540583741,-0.0344845419177708,24,1.93109146681722,1,24.97382,2771,0.2,0,15,"both",0.441315540583741,-0.0344845419177708
"3544","session2",4.36997333704524,13.9965277129202,1.76971233570167,9.01128798723453e-05,-0.239877467678879,0.521976251027662,0.858504270898239,9,2,150,0.441315540583741,-0.0344845419177708,24,1.09955352398838,1,20.50113,2771,0.2,0,15,"both",0.441315540583741,-0.0344845419177708
"3545","session2",4.36997333704524,13.9965277129202,1.76971233570167,9.01128798723453e-05,-0.239877467678879,0.521976251027662,0.858504270898239,9,2,150,0.441315540583741,-0.0344845419177708,24,2.70992709877692,0,9.12703,2771,0.2,0,15,"both",0.441315540583741,-0.0344845419177708
"3546","session2",4.36997333704524,13.9965277129202,1.76971233570167,9.01128798723453e-05,-0.239877467678879,0.521976251027662,0.858504270898239,9,2,150,0.441315540583741,-0.0344845419177708,24,1.57748494347244,0,-11.05565,2771,0.2,0,15,"both",0.441315540583741,-0.0344845419177708
"3547","session2",4.36997333704524,13.9965277129202,1.76971233570167,9.01128798723453e-05,-0.239877467678879,0.521976251027662,0.858504270898239,9,2,150,0.441315540583741,-0.0344845419177708,24,1.37425668311691,1,17.43406,2771,0.2,0,15,"both",0.441315540583741,-0.0344845419177708
"3548","session2",4.36997333704524,13.9965277129202,1.76971233570167,9.01128798723453e-05,-0.239877467678879,0.521976251027662,0.858504270898239,9,2,150,0.441315540583741,-0.0344845419177708,24,2.00040292899308,1,19.67839,2771,0.2,0,15,"both",0.441315540583741,-0.0344845419177708
"3549","session2",4.36997333704524,13.9965277129202,1.76971233570167,9.01128798723453e-05,-0.239877467678879,0.521976251027662,0.858504270898239,9,2,150,0.441315540583741,-0.0344845419177708,24,1.67558619683127,1,18.54419,2771,0.2,0,15,"both",0.441315540583741,-0.0344845419177708
"3550","session2",4.36997333704524,13.9965277129202,1.76971233570167,9.01128798723453e-05,-0.239877467678879,0.521976251027662,0.858504270898239,9,2,150,0.441315540583741,-0.0344845419177708,24,1.44830569878846,0,-4.09598,2771,0.2,0,15,"both",0.441315540583741,-0.0344845419177708
"3551","session2",4.36997333704524,13.9965277129202,1.76971233570167,9.01128798723453e-05,-0.239877467678879,0.521976251027662,0.858504270898239,9,2,150,0.441315540583741,-0.0344845419177708,24,2.33384173601476,0,-31.77446,2771,0.2,0,15,"both",0.441315540583741,-0.0344845419177708
"3552","session2",4.36997333704524,13.9965277129202,1.76971233570167,9.01128798723453e-05,-0.239877467678879,0.521976251027662,0.858504270898239,9,2,150,0.441315540583741,-0.0344845419177708,24,1.64452344862628,1,21.04452,2771,0.2,0,15,"both",0.441315540583741,-0.0344845419177708
"3553","session2",4.36997333704524,13.9965277129202,1.76971233570167,9.01128798723453e-05,-0.239877467678879,0.521976251027662,0.858504270898239,9,2,150,0.441315540583741,-0.0344845419177708,24,1.49275108578015,0,-10.15224,2771,0.2,0,15,"both",0.441315540583741,-0.0344845419177708
"3554","session2",4.36997333704524,13.9965277129202,1.76971233570167,9.01128798723453e-05,-0.239877467678879,0.521976251027662,0.858504270898239,9,2,150,0.441315540583741,-0.0344845419177708,24,1.66569414177562,0,-11.483946,2771,0.2,0,15,"both",0.441315540583741,-0.0344845419177708
"3555","session2",4.36997333704524,13.9965277129202,1.76971233570167,9.01128798723453e-05,-0.239877467678879,0.521976251027662,0.858504270898239,9,2,150,0.441315540583741,-0.0344845419177708,24,1.72761166271565,0,-9.34546,2771,0.2,0,15,"both",0.441315540583741,-0.0344845419177708
"3556","session2",4.36997333704524,13.9965277129202,1.76971233570167,9.01128798723453e-05,-0.239877467678879,0.521976251027662,0.858504270898239,9,2,150,0.441315540583741,-0.0344845419177708,24,2.02472521941051,0,-7.93548,2771,0.2,0,15,"both",0.441315540583741,-0.0344845419177708
"3557","session2",4.36997333704524,13.9965277129202,1.76971233570167,9.01128798723453e-05,-0.239877467678879,0.521976251027662,0.858504270898239,9,2,150,0.441315540583741,-0.0344845419177708,24,2.37555473321195,0,-0.398569999999999,2771,0.2,0,15,"both",0.441315540583741,-0.0344845419177708
"3558","session2",4.36997333704524,13.9965277129202,1.76971233570167,9.01128798723453e-05,-0.239877467678879,0.521976251027662,0.858504270898239,9,2,150,0.441315540583741,-0.0344845419177708,24,1.72072274197042,1,15.53331,2771,0.2,0,15,"both",0.441315540583741,-0.0344845419177708
"3559","session2",4.36997333704524,13.9965277129202,1.76971233570167,9.01128798723453e-05,-0.239877467678879,0.521976251027662,0.858504270898239,9,2,150,0.441315540583741,-0.0344845419177708,24,1.28224118361799,1,16.94761,2771,0.2,0,15,"both",0.441315540583741,-0.0344845419177708
"3560","session2",4.36997333704524,13.9965277129202,1.76971233570167,9.01128798723453e-05,-0.239877467678879,0.521976251027662,0.858504270898239,9,2,150,0.441315540583741,-0.0344845419177708,24,2.96348309742024,1,-6.62503,2771,0.2,0,15,"both",0.441315540583741,-0.0344845419177708
"3561","session2",4.36997333704524,13.9965277129202,1.76971233570167,9.01128798723453e-05,-0.239877467678879,0.521976251027662,0.858504270898239,9,2,150,0.441315540583741,-0.0344845419177708,24,1.81474983255531,0,-6.55802,2771,0.2,0,15,"both",0.441315540583741,-0.0344845419177708
"3562","session2",4.36997333704524,13.9965277129202,1.76971233570167,9.01128798723453e-05,-0.239877467678879,0.521976251027662,0.858504270898239,9,2,150,0.441315540583741,-0.0344845419177708,24,2.07345408605046,0,-17.31105,2771,0.2,0,15,"both",0.441315540583741,-0.0344845419177708
"3563","session2",4.36997333704524,13.9965277129202,1.76971233570167,9.01128798723453e-05,-0.239877467678879,0.521976251027662,0.858504270898239,9,2,150,0.441315540583741,-0.0344845419177708,24,1.74311944997646,0,-7.70597,2771,0.2,0,15,"both",0.441315540583741,-0.0344845419177708
"3564","session2",4.36997333704524,13.9965277129202,1.76971233570167,9.01128798723453e-05,-0.239877467678879,0.521976251027662,0.858504270898239,9,2,150,0.441315540583741,-0.0344845419177708,24,2.18936081121558,1,-6.90607,2771,0.2,0,15,"both",0.441315540583741,-0.0344845419177708
"3565","session2",4.36997333704524,13.9965277129202,1.76971233570167,9.01128798723453e-05,-0.239877467678879,0.521976251027662,0.858504270898239,9,2,150,0.441315540583741,-0.0344845419177708,24,1.96895546291861,0,-15.08244,2771,0.2,0,15,"both",0.441315540583741,-0.0344845419177708
"3566","session2",4.36997333704524,13.9965277129202,1.76971233570167,9.01128798723453e-05,-0.239877467678879,0.521976251027662,0.858504270898239,9,2,150,0.441315540583741,-0.0344845419177708,24,1.19020043828175,0,-11.39686,2771,0.2,0,15,"both",0.441315540583741,-0.0344845419177708
"3567","session2",4.36997333704524,13.9965277129202,1.76971233570167,9.01128798723453e-05,-0.239877467678879,0.521976251027662,0.858504270898239,9,2,150,0.441315540583741,-0.0344845419177708,24,2.74894711913511,1,13.43677,2771,0.2,0,15,"both",0.441315540583741,-0.0344845419177708
"3568","session2",4.36997333704524,13.9965277129202,1.76971233570167,9.01128798723453e-05,-0.239877467678879,0.521976251027662,0.858504270898239,9,2,150,0.441315540583741,-0.0344845419177708,24,1.53054778457313,1,15.37393,2771,0.2,0,15,"both",0.441315540583741,-0.0344845419177708
"3569","session2",4.36997333704524,13.9965277129202,1.76971233570167,9.01128798723453e-05,-0.239877467678879,0.521976251027662,0.858504270898239,9,2,150,0.441315540583741,-0.0344845419177708,24,1.38412560062042,1,13.88504,2771,0.2,0,15,"both",0.441315540583741,-0.0344845419177708
"3570","session2",4.36997333704524,13.9965277129202,1.76971233570167,9.01128798723453e-05,-0.239877467678879,0.521976251027662,0.858504270898239,9,2,150,0.441315540583741,-0.0344845419177708,24,2.24705349503015,1,15.18808,2771,0.2,0,15,"both",0.441315540583741,-0.0344845419177708
"3571","session2",4.36997333704524,13.9965277129202,1.76971233570167,9.01128798723453e-05,-0.239877467678879,0.521976251027662,0.858504270898239,9,2,150,0.441315540583741,-0.0344845419177708,24,1.79387724267501,1,17.384869,2771,0.2,0,15,"both",0.441315540583741,-0.0344845419177708
"3572","session2",4.36997333704524,13.9965277129202,1.76971233570167,9.01128798723453e-05,-0.239877467678879,0.521976251027662,0.858504270898239,9,2,150,0.441315540583741,-0.0344845419177708,24,1.90159590450345,0,5.56413,2771,0.2,0,15,"both",0.441315540583741,-0.0344845419177708
"3573","session2",4.36997333704524,13.9965277129202,1.76971233570167,9.01128798723453e-05,-0.239877467678879,0.521976251027662,0.858504270898239,9,2,150,0.441315540583741,-0.0344845419177708,24,1.40976356657603,0,-6.90257,2771,0.2,0,15,"both",0.441315540583741,-0.0344845419177708
"3574","session2",4.36997333704524,13.9965277129202,1.76971233570167,9.01128798723453e-05,-0.239877467678879,0.521976251027662,0.858504270898239,9,2,150,0.441315540583741,-0.0344845419177708,24,1.72262720576541,0,-10.437309,2771,0.2,0,15,"both",0.441315540583741,-0.0344845419177708
"3575","session2",4.36997333704524,13.9965277129202,1.76971233570167,9.01128798723453e-05,-0.239877467678879,0.521976251027662,0.858504270898239,9,2,150,0.441315540583741,-0.0344845419177708,24,1.99245402895026,0,11.17765,2771,0.2,0,15,"both",0.441315540583741,-0.0344845419177708
"3576","session2",4.36997333704524,13.9965277129202,1.76971233570167,9.01128798723453e-05,-0.239877467678879,0.521976251027662,0.858504270898239,9,2,150,0.441315540583741,-0.0344845419177708,24,3.14595378016259,1,16.74719,2771,0.2,0,15,"both",0.441315540583741,-0.0344845419177708
"3577","session2",4.36997333704524,13.9965277129202,1.76971233570167,9.01128798723453e-05,-0.239877467678879,0.521976251027662,0.858504270898239,9,2,150,0.441315540583741,-0.0344845419177708,24,1.80909858166326,0,-10.80129,2771,0.2,0,15,"both",0.441315540583741,-0.0344845419177708
"3578","session2",4.36997333704524,13.9965277129202,1.76971233570167,9.01128798723453e-05,-0.239877467678879,0.521976251027662,0.858504270898239,9,2,150,0.441315540583741,-0.0344845419177708,24,1.85669426112895,0,-6.631275,2771,0.2,0,15,"both",0.441315540583741,-0.0344845419177708
"3579","session2",4.36997333704524,13.9965277129202,1.76971233570167,9.01128798723453e-05,-0.239877467678879,0.521976251027662,0.858504270898239,9,2,150,0.441315540583741,-0.0344845419177708,24,1.52971748555226,0,-7.14579,2771,0.2,0,15,"both",0.441315540583741,-0.0344845419177708
"3580","session2",4.36997333704524,13.9965277129202,1.76971233570167,9.01128798723453e-05,-0.239877467678879,0.521976251027662,0.858504270898239,9,2,150,0.441315540583741,-0.0344845419177708,24,2.47470926443026,1,14.56233,2771,0.2,0,15,"both",0.441315540583741,-0.0344845419177708
"3581","session2",4.36997333704524,13.9965277129202,1.76971233570167,9.01128798723453e-05,-0.239877467678879,0.521976251027662,0.858504270898239,9,2,150,0.441315540583741,-0.0344845419177708,24,1.70370364237126,1,-8.366,2771,0.2,0,15,"both",0.441315540583741,-0.0344845419177708
"3582","session2",4.36997333704524,13.9965277129202,1.76971233570167,9.01128798723453e-05,-0.239877467678879,0.521976251027662,0.858504270898239,9,2,150,0.441315540583741,-0.0344845419177708,24,1.83868892234061,0,-9.74776,2771,0.2,0,15,"both",0.441315540583741,-0.0344845419177708
"3583","session2",4.36997333704524,13.9965277129202,1.76971233570167,9.01128798723453e-05,-0.239877467678879,0.521976251027662,0.858504270898239,9,2,150,0.441315540583741,-0.0344845419177708,24,1.81658211339338,1,16.18716,2771,0.2,0,15,"both",0.441315540583741,-0.0344845419177708
"3584","session2",4.36997333704524,13.9965277129202,1.76971233570167,9.01128798723453e-05,-0.239877467678879,0.521976251027662,0.858504270898239,9,2,150,0.441315540583741,-0.0344845419177708,24,4.39970286880347,1,-4.77314,2771,0.2,0,15,"both",0.441315540583741,-0.0344845419177708
"3585","session2",4.36997333704524,13.9965277129202,1.76971233570167,9.01128798723453e-05,-0.239877467678879,0.521976251027662,0.858504270898239,9,2,150,0.441315540583741,-0.0344845419177708,24,1.881349976281,1,13.91294,2771,0.2,0,15,"both",0.441315540583741,-0.0344845419177708
"3586","session2",4.36997333704524,13.9965277129202,1.76971233570167,9.01128798723453e-05,-0.239877467678879,0.521976251027662,0.858504270898239,9,2,150,0.441315540583741,-0.0344845419177708,24,1.85178588719973,0,-11.842384,2771,0.2,0,15,"both",0.441315540583741,-0.0344845419177708
"3587","session2",4.36997333704524,13.9965277129202,1.76971233570167,9.01128798723453e-05,-0.239877467678879,0.521976251027662,0.858504270898239,9,2,150,0.441315540583741,-0.0344845419177708,24,3.53316461132857,0,13.51129,2771,0.2,0,15,"both",0.441315540583741,-0.0344845419177708
"3588","session2",4.36997333704524,13.9965277129202,1.76971233570167,9.01128798723453e-05,-0.239877467678879,0.521976251027662,0.858504270898239,9,2,150,0.441315540583741,-0.0344845419177708,24,2.01994393477176,0,17.020869,2771,0.2,0,15,"both",0.441315540583741,-0.0344845419177708
"3589","session2",4.36997333704524,13.9965277129202,1.76971233570167,9.01128798723453e-05,-0.239877467678879,0.521976251027662,0.858504270898239,9,2,150,0.441315540583741,-0.0344845419177708,24,1.45550254491583,1,-10.71849,2771,0.2,0,15,"both",0.441315540583741,-0.0344845419177708
"3590","session2",4.36997333704524,13.9965277129202,1.76971233570167,9.01128798723453e-05,-0.239877467678879,0.521976251027662,0.858504270898239,9,2,150,0.441315540583741,-0.0344845419177708,24,2.04995775894497,0,-8.83906,2771,0.2,0,15,"both",0.441315540583741,-0.0344845419177708
"3591","session2",4.36997333704524,13.9965277129202,1.76971233570167,9.01128798723453e-05,-0.239877467678879,0.521976251027662,0.858504270898239,9,2,150,0.441315540583741,-0.0344845419177708,24,1.57628817194145,0,-12.90877,2771,0.2,0,15,"both",0.441315540583741,-0.0344845419177708
"3592","session2",4.36997333704524,13.9965277129202,1.76971233570167,9.01128798723453e-05,-0.239877467678879,0.521976251027662,0.858504270898239,9,2,150,0.441315540583741,-0.0344845419177708,24,1.97533459694429,1,13.035,2771,0.2,0,15,"both",0.441315540583741,-0.0344845419177708
"3593","session2",4.36997333704524,13.9965277129202,1.76971233570167,9.01128798723453e-05,-0.239877467678879,0.521976251027662,0.858504270898239,9,2,150,0.441315540583741,-0.0344845419177708,24,1.36801728047595,1,-13.463264,2771,0.2,0,15,"both",0.441315540583741,-0.0344845419177708
"3594","session2",4.36997333704524,13.9965277129202,1.76971233570167,9.01128798723453e-05,-0.239877467678879,0.521976251027662,0.858504270898239,9,2,150,0.441315540583741,-0.0344845419177708,24,1.65348841248696,0,13.30719,2771,0.2,0,15,"both",0.441315540583741,-0.0344845419177708
"3595","session2",4.36997333704524,13.9965277129202,1.76971233570167,9.01128798723453e-05,-0.239877467678879,0.521976251027662,0.858504270898239,9,2,150,0.441315540583741,-0.0344845419177708,24,1.58287293567415,0,-15.55326,2771,0.2,0,15,"both",0.441315540583741,-0.0344845419177708
"3596","session2",4.36997333704524,13.9965277129202,1.76971233570167,9.01128798723453e-05,-0.239877467678879,0.521976251027662,0.858504270898239,9,2,150,0.441315540583741,-0.0344845419177708,24,2.71959864888747,1,16.22121,2771,0.2,0,15,"both",0.441315540583741,-0.0344845419177708
"3597","session2",4.36997333704524,13.9965277129202,1.76971233570167,9.01128798723453e-05,-0.239877467678879,0.521976251027662,0.858504270898239,9,2,150,0.441315540583741,-0.0344845419177708,24,1.89047502722449,1,17.71473,2771,0.2,0,15,"both",0.441315540583741,-0.0344845419177708
"3598","session2",4.36997333704524,13.9965277129202,1.76971233570167,9.01128798723453e-05,-0.239877467678879,0.521976251027662,0.858504270898239,9,2,150,0.441315540583741,-0.0344845419177708,24,1.76332347647966,0,-5.57558,2771,0.2,0,15,"both",0.441315540583741,-0.0344845419177708
"3599","session2",4.36997333704524,13.9965277129202,1.76971233570167,9.01128798723453e-05,-0.239877467678879,0.521976251027662,0.858504270898239,9,2,150,0.441315540583741,-0.0344845419177708,24,1.65711811047686,0,-9.4169,2771,0.2,0,15,"both",0.441315540583741,-0.0344845419177708
"3600","session2",4.36997333704524,13.9965277129202,1.76971233570167,9.01128798723453e-05,-0.239877467678879,0.521976251027662,0.858504270898239,9,2,150,0.441315540583741,-0.0344845419177708,24,1.16875058431814,1,25.69178,2771,0.2,0,15,"both",0.441315540583741,-0.0344845419177708
"3601","session2",-2.90011617338055,4.1429832398143,3.04567592280186,0.000295923300299678,0.118445436346195,0.502254487379317,0.570695115111208,10,2,150,0.441315540583741,-0.0344845419177708,25,1.02200184787628,1,3.8189459474142,2771,0.2,0,15,"both",0.441315540583741,-0.0344845419177708
"3602","session2",-2.90011617338055,4.1429832398143,3.04567592280186,0.000295923300299678,0.118445436346195,0.502254487379317,0.570695115111208,10,2,150,0.441315540583741,-0.0344845419177708,25,2.47250525030502,0,-7.4927212154,2771,0.2,0,15,"both",0.441315540583741,-0.0344845419177708
"3603","session2",-2.90011617338055,4.1429832398143,3.04567592280186,0.000295923300299678,0.118445436346195,0.502254487379317,0.570695115111208,10,2,150,0.441315540583741,-0.0344845419177708,25,1.95690527992923,1,1.74087431664,2771,0.2,0,15,"both",0.441315540583741,-0.0344845419177708
"3604","session2",-2.90011617338055,4.1429832398143,3.04567592280186,0.000295923300299678,0.118445436346195,0.502254487379317,0.570695115111208,10,2,150,0.441315540583741,-0.0344845419177708,25,3.16534897398452,1,-4.3424939294,2771,0.2,0,15,"both",0.441315540583741,-0.0344845419177708
"3605","session2",-2.90011617338055,4.1429832398143,3.04567592280186,0.000295923300299678,0.118445436346195,0.502254487379317,0.570695115111208,10,2,150,0.441315540583741,-0.0344845419177708,25,1.80546855954389,1,5.62608,2771,0.2,0,15,"both",0.441315540583741,-0.0344845419177708
"3606","session2",-2.90011617338055,4.1429832398143,3.04567592280186,0.000295923300299678,0.118445436346195,0.502254487379317,0.570695115111208,10,2,150,0.441315540583741,-0.0344845419177708,25,3.52361398317653,0,-3.32689,2771,0.2,0,15,"both",0.441315540583741,-0.0344845419177708
"3607","session2",-2.90011617338055,4.1429832398143,3.04567592280186,0.000295923300299678,0.118445436346195,0.502254487379317,0.570695115111208,10,2,150,0.441315540583741,-0.0344845419177708,25,3.44573545303893,1,-1.24631,2771,0.2,0,15,"both",0.441315540583741,-0.0344845419177708
"3608","session2",-2.90011617338055,4.1429832398143,3.04567592280186,0.000295923300299678,0.118445436346195,0.502254487379317,0.570695115111208,10,2,150,0.441315540583741,-0.0344845419177708,25,2.71805536627043,1,-1.74752,2771,0.2,0,15,"both",0.441315540583741,-0.0344845419177708
"3609","session2",-2.90011617338055,4.1429832398143,3.04567592280186,0.000295923300299678,0.118445436346195,0.502254487379317,0.570695115111208,10,2,150,0.441315540583741,-0.0344845419177708,25,3.85020271954094,0,-4.88216,2771,0.2,0,15,"both",0.441315540583741,-0.0344845419177708
"3610","session2",-2.90011617338055,4.1429832398143,3.04567592280186,0.000295923300299678,0.118445436346195,0.502254487379317,0.570695115111208,10,2,150,0.441315540583741,-0.0344845419177708,25,2.60862124503736,0,-13.14364,2771,0.2,0,15,"both",0.441315540583741,-0.0344845419177708
"3611","session2",-2.90011617338055,4.1429832398143,3.04567592280186,0.000295923300299678,0.118445436346195,0.502254487379317,0.570695115111208,10,2,150,0.441315540583741,-0.0344845419177708,25,2.99068129482502,0,-4.765,2771,0.2,0,15,"both",0.441315540583741,-0.0344845419177708
"3612","session2",-2.90011617338055,4.1429832398143,3.04567592280186,0.000295923300299678,0.118445436346195,0.502254487379317,0.570695115111208,10,2,150,0.441315540583741,-0.0344845419177708,25,3.0621041988628,0,-6.85704,2771,0.2,0,15,"both",0.441315540583741,-0.0344845419177708
"3613","session2",-2.90011617338055,4.1429832398143,3.04567592280186,0.000295923300299678,0.118445436346195,0.502254487379317,0.570695115111208,10,2,150,0.441315540583741,-0.0344845419177708,25,2.68355038194941,1,-6.27932,2771,0.2,0,15,"both",0.441315540583741,-0.0344845419177708
"3614","session2",-2.90011617338055,4.1429832398143,3.04567592280186,0.000295923300299678,0.118445436346195,0.502254487379317,0.570695115111208,10,2,150,0.441315540583741,-0.0344845419177708,25,2.52965338919037,0,-18.68846,2771,0.2,0,15,"both",0.441315540583741,-0.0344845419177708
"3615","session2",-2.90011617338055,4.1429832398143,3.04567592280186,0.000295923300299678,0.118445436346195,0.502254487379317,0.570695115111208,10,2,150,0.441315540583741,-0.0344845419177708,25,4.21716865632028,1,-4.20544,2771,0.2,0,15,"both",0.441315540583741,-0.0344845419177708
"3616","session2",-2.90011617338055,4.1429832398143,3.04567592280186,0.000295923300299678,0.118445436346195,0.502254487379317,0.570695115111208,10,2,150,0.441315540583741,-0.0344845419177708,25,3.4516118869314,0,-7.23418,2771,0.2,0,15,"both",0.441315540583741,-0.0344845419177708
"3617","session2",-2.90011617338055,4.1429832398143,3.04567592280186,0.000295923300299678,0.118445436346195,0.502254487379317,0.570695115111208,10,2,150,0.441315540583741,-0.0344845419177708,25,3.31985392049792,0,-2.9922,2771,0.2,0,15,"both",0.441315540583741,-0.0344845419177708
"3618","session2",-2.90011617338055,4.1429832398143,3.04567592280186,0.000295923300299678,0.118445436346195,0.502254487379317,0.570695115111208,10,2,150,0.441315540583741,-0.0344845419177708,25,4.24735759866235,1,3.13196,2771,0.2,0,15,"both",0.441315540583741,-0.0344845419177708
"3619","session2",-2.90011617338055,4.1429832398143,3.04567592280186,0.000295923300299678,0.118445436346195,0.502254487379317,0.570695115111208,10,2,150,0.441315540583741,-0.0344845419177708,25,5.30104221904887,0,-8.96489,2771,0.2,0,15,"both",0.441315540583741,-0.0344845419177708
"3620","session2",-2.90011617338055,4.1429832398143,3.04567592280186,0.000295923300299678,0.118445436346195,0.502254487379317,0.570695115111208,10,2,150,0.441315540583741,-0.0344845419177708,25,2.19537709484561,0,-6.74488,2771,0.2,0,15,"both",0.441315540583741,-0.0344845419177708
"3621","session2",-2.90011617338055,4.1429832398143,3.04567592280186,0.000295923300299678,0.118445436346195,0.502254487379317,0.570695115111208,10,2,150,0.441315540583741,-0.0344845419177708,25,1.68694907918755,0,-4.99065,2771,0.2,0,15,"both",0.441315540583741,-0.0344845419177708
"3622","session2",-2.90011617338055,4.1429832398143,3.04567592280186,0.000295923300299678,0.118445436346195,0.502254487379317,0.570695115111208,10,2,150,0.441315540583741,-0.0344845419177708,25,2.1115249438056,0,-7.07359,2771,0.2,0,15,"both",0.441315540583741,-0.0344845419177708
"3623","session2",-2.90011617338055,4.1429832398143,3.04567592280186,0.000295923300299678,0.118445436346195,0.502254487379317,0.570695115111208,10,2,150,0.441315540583741,-0.0344845419177708,25,3.04358244799829,1,-3.15243,2771,0.2,0,15,"both",0.441315540583741,-0.0344845419177708
"3624","session2",-2.90011617338055,4.1429832398143,3.04567592280186,0.000295923300299678,0.118445436346195,0.502254487379317,0.570695115111208,10,2,150,0.441315540583741,-0.0344845419177708,25,2.30867596445737,1,-6.43451,2771,0.2,0,15,"both",0.441315540583741,-0.0344845419177708
"3625","session2",-2.90011617338055,4.1429832398143,3.04567592280186,0.000295923300299678,0.118445436346195,0.502254487379317,0.570695115111208,10,2,150,0.441315540583741,-0.0344845419177708,25,2.51390863505036,0,-8.07084,2771,0.2,0,15,"both",0.441315540583741,-0.0344845419177708
"3626","session2",-2.90011617338055,4.1429832398143,3.04567592280186,0.000295923300299678,0.118445436346195,0.502254487379317,0.570695115111208,10,2,150,0.441315540583741,-0.0344845419177708,25,2.13690520345739,1,-2.99988,2771,0.2,0,15,"both",0.441315540583741,-0.0344845419177708
"3627","session2",-2.90011617338055,4.1429832398143,3.04567592280186,0.000295923300299678,0.118445436346195,0.502254487379317,0.570695115111208,10,2,150,0.441315540583741,-0.0344845419177708,25,1.97254026934963,1,-6.72341,2771,0.2,0,15,"both",0.441315540583741,-0.0344845419177708
"3628","session2",-2.90011617338055,4.1429832398143,3.04567592280186,0.000295923300299678,0.118445436346195,0.502254487379317,0.570695115111208,10,2,150,0.441315540583741,-0.0344845419177708,25,1.26552014888261,0,-8.73468,2771,0.2,0,15,"both",0.441315540583741,-0.0344845419177708
"3629","session2",-2.90011617338055,4.1429832398143,3.04567592280186,0.000295923300299678,0.118445436346195,0.502254487379317,0.570695115111208,10,2,150,0.441315540583741,-0.0344845419177708,25,3.14378394180553,0,-7.9791,2771,0.2,0,15,"both",0.441315540583741,-0.0344845419177708
"3630","session2",-2.90011617338055,4.1429832398143,3.04567592280186,0.000295923300299678,0.118445436346195,0.502254487379317,0.570695115111208,10,2,150,0.441315540583741,-0.0344845419177708,25,2.41871658641216,0,-2.68731,2771,0.2,0,15,"both",0.441315540583741,-0.0344845419177708
"3631","session2",-2.90011617338055,4.1429832398143,3.04567592280186,0.000295923300299678,0.118445436346195,0.502254487379317,0.570695115111208,10,2,150,0.441315540583741,-0.0344845419177708,25,1.57545025916473,0,-7.70019,2771,0.2,0,15,"both",0.441315540583741,-0.0344845419177708
"3632","session2",-2.90011617338055,4.1429832398143,3.04567592280186,0.000295923300299678,0.118445436346195,0.502254487379317,0.570695115111208,10,2,150,0.441315540583741,-0.0344845419177708,25,1.93033773722027,1,1.67207,2771,0.2,0,15,"both",0.441315540583741,-0.0344845419177708
"3633","session2",-2.90011617338055,4.1429832398143,3.04567592280186,0.000295923300299678,0.118445436346195,0.502254487379317,0.570695115111208,10,2,150,0.441315540583741,-0.0344845419177708,25,3.02261526185544,1,-0.97122,2771,0.2,0,15,"both",0.441315540583741,-0.0344845419177708
"3634","session2",-2.90011617338055,4.1429832398143,3.04567592280186,0.000295923300299678,0.118445436346195,0.502254487379317,0.570695115111208,10,2,150,0.441315540583741,-0.0344845419177708,25,2.79661557941479,0,-11.46823,2771,0.2,0,15,"both",0.441315540583741,-0.0344845419177708
"3635","session2",-2.90011617338055,4.1429832398143,3.04567592280186,0.000295923300299678,0.118445436346195,0.502254487379317,0.570695115111208,10,2,150,0.441315540583741,-0.0344845419177708,25,2.12961145249563,0,-7.24582,2771,0.2,0,15,"both",0.441315540583741,-0.0344845419177708
"3636","session2",-2.90011617338055,4.1429832398143,3.04567592280186,0.000295923300299678,0.118445436346195,0.502254487379317,0.570695115111208,10,2,150,0.441315540583741,-0.0344845419177708,25,2.57193408362911,1,-0.93749,2771,0.2,0,15,"both",0.441315540583741,-0.0344845419177708
"3637","session2",-2.90011617338055,4.1429832398143,3.04567592280186,0.000295923300299678,0.118445436346195,0.502254487379317,0.570695115111208,10,2,150,0.441315540583741,-0.0344845419177708,25,2.12105201708346,1,0.99322,2771,0.2,0,15,"both",0.441315540583741,-0.0344845419177708
"3638","session2",-2.90011617338055,4.1429832398143,3.04567592280186,0.000295923300299678,0.118445436346195,0.502254487379317,0.570695115111208,10,2,150,0.441315540583741,-0.0344845419177708,25,1.52628629580926,0,-8.03266,2771,0.2,0,15,"both",0.441315540583741,-0.0344845419177708
"3639","session2",-2.90011617338055,4.1429832398143,3.04567592280186,0.000295923300299678,0.118445436346195,0.502254487379317,0.570695115111208,10,2,150,0.441315540583741,-0.0344845419177708,25,1.71411188974172,1,-5.29555,2771,0.2,0,15,"both",0.441315540583741,-0.0344845419177708
"3640","session2",-2.90011617338055,4.1429832398143,3.04567592280186,0.000295923300299678,0.118445436346195,0.502254487379317,0.570695115111208,10,2,150,0.441315540583741,-0.0344845419177708,25,4.67174596863853,1,-1.06492,2771,0.2,0,15,"both",0.441315540583741,-0.0344845419177708
"3641","session2",-2.90011617338055,4.1429832398143,3.04567592280186,0.000295923300299678,0.118445436346195,0.502254487379317,0.570695115111208,10,2,150,0.441315540583741,-0.0344845419177708,25,1.9685667876093,0,-2.94098,2771,0.2,0,15,"both",0.441315540583741,-0.0344845419177708
"3642","session2",-2.90011617338055,4.1429832398143,3.04567592280186,0.000295923300299678,0.118445436346195,0.502254487379317,0.570695115111208,10,2,150,0.441315540583741,-0.0344845419177708,25,2.46770917056087,1,-2.72059,2771,0.2,0,15,"both",0.441315540583741,-0.0344845419177708
"3643","session2",-2.90011617338055,4.1429832398143,3.04567592280186,0.000295923300299678,0.118445436346195,0.502254487379317,0.570695115111208,10,2,150,0.441315540583741,-0.0344845419177708,25,1.66387347376173,1,-2.84822,2771,0.2,0,15,"both",0.441315540583741,-0.0344845419177708
"3644","session2",-2.90011617338055,4.1429832398143,3.04567592280186,0.000295923300299678,0.118445436346195,0.502254487379317,0.570695115111208,10,2,150,0.441315540583741,-0.0344845419177708,25,3.51165188019076,1,-2.82839,2771,0.2,0,15,"both",0.441315540583741,-0.0344845419177708
"3645","session2",-2.90011617338055,4.1429832398143,3.04567592280186,0.000295923300299678,0.118445436346195,0.502254487379317,0.570695115111208,10,2,150,0.441315540583741,-0.0344845419177708,25,2.14800398443893,1,-1.36641,2771,0.2,0,15,"both",0.441315540583741,-0.0344845419177708
"3646","session2",-2.90011617338055,4.1429832398143,3.04567592280186,0.000295923300299678,0.118445436346195,0.502254487379317,0.570695115111208,10,2,150,0.441315540583741,-0.0344845419177708,25,2.07549821933559,0,-11.88303,2771,0.2,0,15,"both",0.441315540583741,-0.0344845419177708
"3647","session2",-2.90011617338055,4.1429832398143,3.04567592280186,0.000295923300299678,0.118445436346195,0.502254487379317,0.570695115111208,10,2,150,0.441315540583741,-0.0344845419177708,25,2.5995158154644,0,-1.58518,2771,0.2,0,15,"both",0.441315540583741,-0.0344845419177708
"3648","session2",-2.90011617338055,4.1429832398143,3.04567592280186,0.000295923300299678,0.118445436346195,0.502254487379317,0.570695115111208,10,2,150,0.441315540583741,-0.0344845419177708,25,2.54069435624156,0,-8.39669,2771,0.2,0,15,"both",0.441315540583741,-0.0344845419177708
"3649","session2",-2.90011617338055,4.1429832398143,3.04567592280186,0.000295923300299678,0.118445436346195,0.502254487379317,0.570695115111208,10,2,150,0.441315540583741,-0.0344845419177708,25,3.20343698250226,0,-1.133,2771,0.2,0,15,"both",0.441315540583741,-0.0344845419177708
"3650","session2",-2.90011617338055,4.1429832398143,3.04567592280186,0.000295923300299678,0.118445436346195,0.502254487379317,0.570695115111208,10,2,150,0.441315540583741,-0.0344845419177708,25,3.62794046568867,0,-7.13756,2771,0.2,0,15,"both",0.441315540583741,-0.0344845419177708
"3651","session2",-2.90011617338055,4.1429832398143,3.04567592280186,0.000295923300299678,0.118445436346195,0.502254487379317,0.570695115111208,10,2,150,0.441315540583741,-0.0344845419177708,25,3.02779317946454,0,-7.33862,2771,0.2,0,15,"both",0.441315540583741,-0.0344845419177708
"3652","session2",-2.90011617338055,4.1429832398143,3.04567592280186,0.000295923300299678,0.118445436346195,0.502254487379317,0.570695115111208,10,2,150,0.441315540583741,-0.0344845419177708,25,1.62294308339958,1,0.5189,2771,0.2,0,15,"both",0.441315540583741,-0.0344845419177708
"3653","session2",-2.90011617338055,4.1429832398143,3.04567592280186,0.000295923300299678,0.118445436346195,0.502254487379317,0.570695115111208,10,2,150,0.441315540583741,-0.0344845419177708,25,1.42525516761962,1,-7.34613,2771,0.2,0,15,"both",0.441315540583741,-0.0344845419177708
"3654","session2",-2.90011617338055,4.1429832398143,3.04567592280186,0.000295923300299678,0.118445436346195,0.502254487379317,0.570695115111208,10,2,150,0.441315540583741,-0.0344845419177708,25,2.01665858069774,1,-0.94224,2771,0.2,0,15,"both",0.441315540583741,-0.0344845419177708
"3655","session2",-2.90011617338055,4.1429832398143,3.04567592280186,0.000295923300299678,0.118445436346195,0.502254487379317,0.570695115111208,10,2,150,0.441315540583741,-0.0344845419177708,25,3.48819548687757,0,-7.12257,2771,0.2,0,15,"both",0.441315540583741,-0.0344845419177708
"3656","session2",-2.90011617338055,4.1429832398143,3.04567592280186,0.000295923300299678,0.118445436346195,0.502254487379317,0.570695115111208,10,2,150,0.441315540583741,-0.0344845419177708,25,4.5387170800384,0,-7.55933,2771,0.2,0,15,"both",0.441315540583741,-0.0344845419177708
"3657","session2",-2.90011617338055,4.1429832398143,3.04567592280186,0.000295923300299678,0.118445436346195,0.502254487379317,0.570695115111208,10,2,150,0.441315540583741,-0.0344845419177708,25,2.21755235161342,1,-6.93656,2771,0.2,0,15,"both",0.441315540583741,-0.0344845419177708
"3658","session2",-2.90011617338055,4.1429832398143,3.04567592280186,0.000295923300299678,0.118445436346195,0.502254487379317,0.570695115111208,10,2,150,0.441315540583741,-0.0344845419177708,25,2.49203167480536,1,-0.10891,2771,0.2,0,15,"both",0.441315540583741,-0.0344845419177708
"3659","session2",-2.90011617338055,4.1429832398143,3.04567592280186,0.000295923300299678,0.118445436346195,0.502254487379317,0.570695115111208,10,2,150,0.441315540583741,-0.0344845419177708,25,3.83327376637338,0,0.88978,2771,0.2,0,15,"both",0.441315540583741,-0.0344845419177708
"3660","session2",-2.90011617338055,4.1429832398143,3.04567592280186,0.000295923300299678,0.118445436346195,0.502254487379317,0.570695115111208,10,2,150,0.441315540583741,-0.0344845419177708,25,1.95588580525482,0,-7.14245,2771,0.2,0,15,"both",0.441315540583741,-0.0344845419177708
"3661","session2",-2.90011617338055,4.1429832398143,3.04567592280186,0.000295923300299678,0.118445436346195,0.502254487379317,0.570695115111208,10,2,150,0.441315540583741,-0.0344845419177708,25,3.23710474921259,1,-0.75642,2771,0.2,0,15,"both",0.441315540583741,-0.0344845419177708
"3662","session2",-2.90011617338055,4.1429832398143,3.04567592280186,0.000295923300299678,0.118445436346195,0.502254487379317,0.570695115111208,10,2,150,0.441315540583741,-0.0344845419177708,25,1.84543440669212,1,0.6174,2771,0.2,0,15,"both",0.441315540583741,-0.0344845419177708
"3663","session2",-2.90011617338055,4.1429832398143,3.04567592280186,0.000295923300299678,0.118445436346195,0.502254487379317,0.570695115111208,10,2,150,0.441315540583741,-0.0344845419177708,25,2.94787944162836,0,-7.37432,2771,0.2,0,15,"both",0.441315540583741,-0.0344845419177708
"3664","session2",-2.90011617338055,4.1429832398143,3.04567592280186,0.000295923300299678,0.118445436346195,0.502254487379317,0.570695115111208,10,2,150,0.441315540583741,-0.0344845419177708,25,1.83765170039405,0,-6.10765,2771,0.2,0,15,"both",0.441315540583741,-0.0344845419177708
"3665","session2",-2.90011617338055,4.1429832398143,3.04567592280186,0.000295923300299678,0.118445436346195,0.502254487379317,0.570695115111208,10,2,150,0.441315540583741,-0.0344845419177708,25,1.79273880855041,0,-6.77895,2771,0.2,0,15,"both",0.441315540583741,-0.0344845419177708
"3666","session2",-2.90011617338055,4.1429832398143,3.04567592280186,0.000295923300299678,0.118445436346195,0.502254487379317,0.570695115111208,10,2,150,0.441315540583741,-0.0344845419177708,25,1.96748287998101,1,0.57484,2771,0.2,0,15,"both",0.441315540583741,-0.0344845419177708
"3667","session2",-2.90011617338055,4.1429832398143,3.04567592280186,0.000295923300299678,0.118445436346195,0.502254487379317,0.570695115111208,10,2,150,0.441315540583741,-0.0344845419177708,25,1.80912287493676,0,-7.19546,2771,0.2,0,15,"both",0.441315540583741,-0.0344845419177708
"3668","session2",-2.90011617338055,4.1429832398143,3.04567592280186,0.000295923300299678,0.118445436346195,0.502254487379317,0.570695115111208,10,2,150,0.441315540583741,-0.0344845419177708,25,3.10661445129561,1,-2.58227,2771,0.2,0,15,"both",0.441315540583741,-0.0344845419177708
"3669","session2",-2.90011617338055,4.1429832398143,3.04567592280186,0.000295923300299678,0.118445436346195,0.502254487379317,0.570695115111208,10,2,150,0.441315540583741,-0.0344845419177708,25,3.32353493894219,0,-6.86742,2771,0.2,0,15,"both",0.441315540583741,-0.0344845419177708
"3670","session2",-2.90011617338055,4.1429832398143,3.04567592280186,0.000295923300299678,0.118445436346195,0.502254487379317,0.570695115111208,10,2,150,0.441315540583741,-0.0344845419177708,25,2.12223560425966,0,-8.02169,2771,0.2,0,15,"both",0.441315540583741,-0.0344845419177708
"3671","session2",-2.90011617338055,4.1429832398143,3.04567592280186,0.000295923300299678,0.118445436346195,0.502254487379317,0.570695115111208,10,2,150,0.441315540583741,-0.0344845419177708,25,1.78529855703131,0,-6.23929,2771,0.2,0,15,"both",0.441315540583741,-0.0344845419177708
"3672","session2",-2.90011617338055,4.1429832398143,3.04567592280186,0.000295923300299678,0.118445436346195,0.502254487379317,0.570695115111208,10,2,150,0.441315540583741,-0.0344845419177708,25,5.83020968047093,0,-2.50566,2771,0.2,0,15,"both",0.441315540583741,-0.0344845419177708
"3673","session2",-2.90011617338055,4.1429832398143,3.04567592280186,0.000295923300299678,0.118445436346195,0.502254487379317,0.570695115111208,10,2,150,0.441315540583741,-0.0344845419177708,25,3.39616628022992,1,-0.71445,2771,0.2,0,15,"both",0.441315540583741,-0.0344845419177708
"3674","session2",-2.90011617338055,4.1429832398143,3.04567592280186,0.000295923300299678,0.118445436346195,0.502254487379317,0.570695115111208,10,2,150,0.441315540583741,-0.0344845419177708,25,1.71623101214178,0,-5.31896,2771,0.2,0,15,"both",0.441315540583741,-0.0344845419177708
"3675","session2",-2.90011617338055,4.1429832398143,3.04567592280186,0.000295923300299678,0.118445436346195,0.502254487379317,0.570695115111208,10,2,150,0.441315540583741,-0.0344845419177708,25,1.31770135790397,0,-9.91902,2771,0.2,0,15,"both",0.441315540583741,-0.0344845419177708
"3676","session2",-2.90011617338055,4.1429832398143,3.04567592280186,0.000295923300299678,0.118445436346195,0.502254487379317,0.570695115111208,10,2,150,0.441315540583741,-0.0344845419177708,25,2.2305833361036,0,-9.63463,2771,0.2,0,15,"both",0.441315540583741,-0.0344845419177708
"3677","session2",-2.90011617338055,4.1429832398143,3.04567592280186,0.000295923300299678,0.118445436346195,0.502254487379317,0.570695115111208,10,2,150,0.441315540583741,-0.0344845419177708,25,3.41091733625395,1,-0.0627699999999995,2771,0.2,0,15,"both",0.441315540583741,-0.0344845419177708
"3678","session2",-2.90011617338055,4.1429832398143,3.04567592280186,0.000295923300299678,0.118445436346195,0.502254487379317,0.570695115111208,10,2,150,0.441315540583741,-0.0344845419177708,25,1.94378002237827,0,-5.09708,2771,0.2,0,15,"both",0.441315540583741,-0.0344845419177708
"3679","session2",-2.90011617338055,4.1429832398143,3.04567592280186,0.000295923300299678,0.118445436346195,0.502254487379317,0.570695115111208,10,2,150,0.441315540583741,-0.0344845419177708,25,2.11140862026882,0,-8.02299,2771,0.2,0,15,"both",0.441315540583741,-0.0344845419177708
"3680","session2",-2.90011617338055,4.1429832398143,3.04567592280186,0.000295923300299678,0.118445436346195,0.502254487379317,0.570695115111208,10,2,150,0.441315540583741,-0.0344845419177708,25,4.18907722378559,0,-0.76668,2771,0.2,0,15,"both",0.441315540583741,-0.0344845419177708
"3681","session2",-2.90011617338055,4.1429832398143,3.04567592280186,0.000295923300299678,0.118445436346195,0.502254487379317,0.570695115111208,10,2,150,0.441315540583741,-0.0344845419177708,25,1.12213740373525,0,0.95296,2771,0.2,0,15,"both",0.441315540583741,-0.0344845419177708
"3682","session2",-2.90011617338055,4.1429832398143,3.04567592280186,0.000295923300299678,0.118445436346195,0.502254487379317,0.570695115111208,10,2,150,0.441315540583741,-0.0344845419177708,25,3.91112256675784,0,-6.95322,2771,0.2,0,15,"both",0.441315540583741,-0.0344845419177708
"3683","session2",-2.90011617338055,4.1429832398143,3.04567592280186,0.000295923300299678,0.118445436346195,0.502254487379317,0.570695115111208,10,2,150,0.441315540583741,-0.0344845419177708,25,4.51102772191713,1,-0.26236,2771,0.2,0,15,"both",0.441315540583741,-0.0344845419177708
"3684","session2",-2.90011617338055,4.1429832398143,3.04567592280186,0.000295923300299678,0.118445436346195,0.502254487379317,0.570695115111208,10,2,150,0.441315540583741,-0.0344845419177708,25,3.80259360590227,1,0.06027,2771,0.2,0,15,"both",0.441315540583741,-0.0344845419177708
"3685","session2",-2.90011617338055,4.1429832398143,3.04567592280186,0.000295923300299678,0.118445436346195,0.502254487379317,0.570695115111208,10,2,150,0.441315540583741,-0.0344845419177708,25,2.67424195762068,1,-5.76854,2771,0.2,0,15,"both",0.441315540583741,-0.0344845419177708
"3686","session2",-2.90011617338055,4.1429832398143,3.04567592280186,0.000295923300299678,0.118445436346195,0.502254487379317,0.570695115111208,10,2,150,0.441315540583741,-0.0344845419177708,25,3.46004956746965,1,-0.38304,2771,0.2,0,15,"both",0.441315540583741,-0.0344845419177708
"3687","session2",-2.90011617338055,4.1429832398143,3.04567592280186,0.000295923300299678,0.118445436346195,0.502254487379317,0.570695115111208,10,2,150,0.441315540583741,-0.0344845419177708,25,1.35096152869431,0,-7.21857,2771,0.2,0,15,"both",0.441315540583741,-0.0344845419177708
"3688","session2",-2.90011617338055,4.1429832398143,3.04567592280186,0.000295923300299678,0.118445436346195,0.502254487379317,0.570695115111208,10,2,150,0.441315540583741,-0.0344845419177708,25,1.69416525242709,1,-0.59706,2771,0.2,0,15,"both",0.441315540583741,-0.0344845419177708
"3689","session2",-2.90011617338055,4.1429832398143,3.04567592280186,0.000295923300299678,0.118445436346195,0.502254487379317,0.570695115111208,10,2,150,0.441315540583741,-0.0344845419177708,25,2.98535740469468,0,-0.21183,2771,0.2,0,15,"both",0.441315540583741,-0.0344845419177708
"3690","session2",-2.90011617338055,4.1429832398143,3.04567592280186,0.000295923300299678,0.118445436346195,0.502254487379317,0.570695115111208,10,2,150,0.441315540583741,-0.0344845419177708,25,2.46741627084273,1,-0.40203,2771,0.2,0,15,"both",0.441315540583741,-0.0344845419177708
"3691","session2",-2.90011617338055,4.1429832398143,3.04567592280186,0.000295923300299678,0.118445436346195,0.502254487379317,0.570695115111208,10,2,150,0.441315540583741,-0.0344845419177708,25,2.0891644955601,1,-0.90986,2771,0.2,0,15,"both",0.441315540583741,-0.0344845419177708
"3692","session2",-2.90011617338055,4.1429832398143,3.04567592280186,0.000295923300299678,0.118445436346195,0.502254487379317,0.570695115111208,10,2,150,0.441315540583741,-0.0344845419177708,25,3.323897629974,1,0.78557,2771,0.2,0,15,"both",0.441315540583741,-0.0344845419177708
"3693","session2",-2.90011617338055,4.1429832398143,3.04567592280186,0.000295923300299678,0.118445436346195,0.502254487379317,0.570695115111208,10,2,150,0.441315540583741,-0.0344845419177708,25,2.01222257640212,0,-6.38153,2771,0.2,0,15,"both",0.441315540583741,-0.0344845419177708
"3694","session2",-2.90011617338055,4.1429832398143,3.04567592280186,0.000295923300299678,0.118445436346195,0.502254487379317,0.570695115111208,10,2,150,0.441315540583741,-0.0344845419177708,25,2.54595543334144,1,-0.23682,2771,0.2,0,15,"both",0.441315540583741,-0.0344845419177708
"3695","session2",-2.90011617338055,4.1429832398143,3.04567592280186,0.000295923300299678,0.118445436346195,0.502254487379317,0.570695115111208,10,2,150,0.441315540583741,-0.0344845419177708,25,1.49586315056466,0,-7.31954,2771,0.2,0,15,"both",0.441315540583741,-0.0344845419177708
"3696","session2",-2.90011617338055,4.1429832398143,3.04567592280186,0.000295923300299678,0.118445436346195,0.502254487379317,0.570695115111208,10,2,150,0.441315540583741,-0.0344845419177708,25,1.43305911440711,1,-5.2685,2771,0.2,0,15,"both",0.441315540583741,-0.0344845419177708
"3697","session2",-2.90011617338055,4.1429832398143,3.04567592280186,0.000295923300299678,0.118445436346195,0.502254487379317,0.570695115111208,10,2,150,0.441315540583741,-0.0344845419177708,25,3.63100780628668,0,-5.82941,2771,0.2,0,15,"both",0.441315540583741,-0.0344845419177708
"3698","session2",-2.90011617338055,4.1429832398143,3.04567592280186,0.000295923300299678,0.118445436346195,0.502254487379317,0.570695115111208,10,2,150,0.441315540583741,-0.0344845419177708,25,2.05023349247947,0,-7.42852,2771,0.2,0,15,"both",0.441315540583741,-0.0344845419177708
"3699","session2",-2.90011617338055,4.1429832398143,3.04567592280186,0.000295923300299678,0.118445436346195,0.502254487379317,0.570695115111208,10,2,150,0.441315540583741,-0.0344845419177708,25,1.98284293808202,0,-6.55513,2771,0.2,0,15,"both",0.441315540583741,-0.0344845419177708
"3700","session2",-2.90011617338055,4.1429832398143,3.04567592280186,0.000295923300299678,0.118445436346195,0.502254487379317,0.570695115111208,10,2,150,0.441315540583741,-0.0344845419177708,25,1.98926268841374,0,-6.79982,2771,0.2,0,15,"both",0.441315540583741,-0.0344845419177708
"3701","session2",-2.90011617338055,4.1429832398143,3.04567592280186,0.000295923300299678,0.118445436346195,0.502254487379317,0.570695115111208,10,2,150,0.441315540583741,-0.0344845419177708,25,3.20558185823722,1,-5.49512,2771,0.2,0,15,"both",0.441315540583741,-0.0344845419177708
"3702","session2",-2.90011617338055,4.1429832398143,3.04567592280186,0.000295923300299678,0.118445436346195,0.502254487379317,0.570695115111208,10,2,150,0.441315540583741,-0.0344845419177708,25,1.66059027265114,0,-7.76854,2771,0.2,0,15,"both",0.441315540583741,-0.0344845419177708
"3703","session2",-2.90011617338055,4.1429832398143,3.04567592280186,0.000295923300299678,0.118445436346195,0.502254487379317,0.570695115111208,10,2,150,0.441315540583741,-0.0344845419177708,25,2.19287068501987,1,-0.85191,2771,0.2,0,15,"both",0.441315540583741,-0.0344845419177708
"3704","session2",-2.90011617338055,4.1429832398143,3.04567592280186,0.000295923300299678,0.118445436346195,0.502254487379317,0.570695115111208,10,2,150,0.441315540583741,-0.0344845419177708,25,4.06904389421904,1,-1.21379,2771,0.2,0,15,"both",0.441315540583741,-0.0344845419177708
"3705","session2",-2.90011617338055,4.1429832398143,3.04567592280186,0.000295923300299678,0.118445436346195,0.502254487379317,0.570695115111208,10,2,150,0.441315540583741,-0.0344845419177708,25,4.29036518400964,0,-5.155,2771,0.2,0,15,"both",0.441315540583741,-0.0344845419177708
"3706","session2",-2.90011617338055,4.1429832398143,3.04567592280186,0.000295923300299678,0.118445436346195,0.502254487379317,0.570695115111208,10,2,150,0.441315540583741,-0.0344845419177708,25,1.9611082624458,0,-5.76637,2771,0.2,0,15,"both",0.441315540583741,-0.0344845419177708
"3707","session2",-2.90011617338055,4.1429832398143,3.04567592280186,0.000295923300299678,0.118445436346195,0.502254487379317,0.570695115111208,10,2,150,0.441315540583741,-0.0344845419177708,25,2.34695507257637,1,0.75902,2771,0.2,0,15,"both",0.441315540583741,-0.0344845419177708
"3708","session2",-2.90011617338055,4.1429832398143,3.04567592280186,0.000295923300299678,0.118445436346195,0.502254487379317,0.570695115111208,10,2,150,0.441315540583741,-0.0344845419177708,25,2.10405462195421,1,1.10125,2771,0.2,0,15,"both",0.441315540583741,-0.0344845419177708
"3709","session2",-2.90011617338055,4.1429832398143,3.04567592280186,0.000295923300299678,0.118445436346195,0.502254487379317,0.570695115111208,10,2,150,0.441315540583741,-0.0344845419177708,25,2.30045045456002,1,-0.73964,2771,0.2,0,15,"both",0.441315540583741,-0.0344845419177708
"3710","session2",-2.90011617338055,4.1429832398143,3.04567592280186,0.000295923300299678,0.118445436346195,0.502254487379317,0.570695115111208,10,2,150,0.441315540583741,-0.0344845419177708,25,1.48466476965145,0,-0.56422,2771,0.2,0,15,"both",0.441315540583741,-0.0344845419177708
"3711","session2",-2.90011617338055,4.1429832398143,3.04567592280186,0.000295923300299678,0.118445436346195,0.502254487379317,0.570695115111208,10,2,150,0.441315540583741,-0.0344845419177708,25,6.63707403341432,0,-5.05434,2771,0.2,0,15,"both",0.441315540583741,-0.0344845419177708
"3712","session2",-2.90011617338055,4.1429832398143,3.04567592280186,0.000295923300299678,0.118445436346195,0.502254487379317,0.570695115111208,10,2,150,0.441315540583741,-0.0344845419177708,25,3.44468464106025,0,-0.49124,2771,0.2,0,15,"both",0.441315540583741,-0.0344845419177708
"3713","session2",-2.90011617338055,4.1429832398143,3.04567592280186,0.000295923300299678,0.118445436346195,0.502254487379317,0.570695115111208,10,2,150,0.441315540583741,-0.0344845419177708,25,1.92458265608963,1,-0.31361,2771,0.2,0,15,"both",0.441315540583741,-0.0344845419177708
"3714","session2",-2.90011617338055,4.1429832398143,3.04567592280186,0.000295923300299678,0.118445436346195,0.502254487379317,0.570695115111208,10,2,150,0.441315540583741,-0.0344845419177708,25,1.71398439678398,1,0.94128,2771,0.2,0,15,"both",0.441315540583741,-0.0344845419177708
"3715","session2",-2.90011617338055,4.1429832398143,3.04567592280186,0.000295923300299678,0.118445436346195,0.502254487379317,0.570695115111208,10,2,150,0.441315540583741,-0.0344845419177708,25,1.7409361979375,0,-0.87046,2771,0.2,0,15,"both",0.441315540583741,-0.0344845419177708
"3716","session2",-2.90011617338055,4.1429832398143,3.04567592280186,0.000295923300299678,0.118445436346195,0.502254487379317,0.570695115111208,10,2,150,0.441315540583741,-0.0344845419177708,25,1.48061707918141,1,-0.64284,2771,0.2,0,15,"both",0.441315540583741,-0.0344845419177708
"3717","session2",-2.90011617338055,4.1429832398143,3.04567592280186,0.000295923300299678,0.118445436346195,0.502254487379317,0.570695115111208,10,2,150,0.441315540583741,-0.0344845419177708,25,2.96340917685146,0,-0.30759,2771,0.2,0,15,"both",0.441315540583741,-0.0344845419177708
"3718","session2",-2.90011617338055,4.1429832398143,3.04567592280186,0.000295923300299678,0.118445436346195,0.502254487379317,0.570695115111208,10,2,150,0.441315540583741,-0.0344845419177708,25,3.05451203530774,1,0.23654,2771,0.2,0,15,"both",0.441315540583741,-0.0344845419177708
"3719","session2",-2.90011617338055,4.1429832398143,3.04567592280186,0.000295923300299678,0.118445436346195,0.502254487379317,0.570695115111208,10,2,150,0.441315540583741,-0.0344845419177708,25,5.67206238728681,0,-8.06361,2771,0.2,0,15,"both",0.441315540583741,-0.0344845419177708
"3720","session2",-2.90011617338055,4.1429832398143,3.04567592280186,0.000295923300299678,0.118445436346195,0.502254487379317,0.570695115111208,10,2,150,0.441315540583741,-0.0344845419177708,25,3.21211523204239,1,-7.52786,2771,0.2,0,15,"both",0.441315540583741,-0.0344845419177708
"3721","session2",-2.90011617338055,4.1429832398143,3.04567592280186,0.000295923300299678,0.118445436346195,0.502254487379317,0.570695115111208,10,2,150,0.441315540583741,-0.0344845419177708,25,1.34745729619428,0,-7.25099,2771,0.2,0,15,"both",0.441315540583741,-0.0344845419177708
"3722","session2",-2.90011617338055,4.1429832398143,3.04567592280186,0.000295923300299678,0.118445436346195,0.502254487379317,0.570695115111208,10,2,150,0.441315540583741,-0.0344845419177708,25,6.95416950537083,1,-0.32321,2771,0.2,0,15,"both",0.441315540583741,-0.0344845419177708
"3723","session2",-2.90011617338055,4.1429832398143,3.04567592280186,0.000295923300299678,0.118445436346195,0.502254487379317,0.570695115111208,10,2,150,0.441315540583741,-0.0344845419177708,25,3.7068518590047,0,-6.55721,2771,0.2,0,15,"both",0.441315540583741,-0.0344845419177708
"3724","session2",-2.90011617338055,4.1429832398143,3.04567592280186,0.000295923300299678,0.118445436346195,0.502254487379317,0.570695115111208,10,2,150,0.441315540583741,-0.0344845419177708,25,2.32274850510772,0,-7.07825,2771,0.2,0,15,"both",0.441315540583741,-0.0344845419177708
"3725","session2",-2.90011617338055,4.1429832398143,3.04567592280186,0.000295923300299678,0.118445436346195,0.502254487379317,0.570695115111208,10,2,150,0.441315540583741,-0.0344845419177708,25,4.12079476010611,1,-0.67664,2771,0.2,0,15,"both",0.441315540583741,-0.0344845419177708
"3726","session2",-2.90011617338055,4.1429832398143,3.04567592280186,0.000295923300299678,0.118445436346195,0.502254487379317,0.570695115111208,10,2,150,0.441315540583741,-0.0344845419177708,25,1.8703879860421,0,-9.11981,2771,0.2,0,15,"both",0.441315540583741,-0.0344845419177708
"3727","session2",-2.90011617338055,4.1429832398143,3.04567592280186,0.000295923300299678,0.118445436346195,0.502254487379317,0.570695115111208,10,2,150,0.441315540583741,-0.0344845419177708,25,1.23751235686316,0,-6.52046,2771,0.2,0,15,"both",0.441315540583741,-0.0344845419177708
"3728","session2",-2.90011617338055,4.1429832398143,3.04567592280186,0.000295923300299678,0.118445436346195,0.502254487379317,0.570695115111208,10,2,150,0.441315540583741,-0.0344845419177708,25,1.77147928050063,1,-1.0846,2771,0.2,0,15,"both",0.441315540583741,-0.0344845419177708
"3729","session2",-2.90011617338055,4.1429832398143,3.04567592280186,0.000295923300299678,0.118445436346195,0.502254487379317,0.570695115111208,10,2,150,0.441315540583741,-0.0344845419177708,25,2.94362447809214,1,-0.41101,2771,0.2,0,15,"both",0.441315540583741,-0.0344845419177708
"3730","session2",-2.90011617338055,4.1429832398143,3.04567592280186,0.000295923300299678,0.118445436346195,0.502254487379317,0.570695115111208,10,2,150,0.441315540583741,-0.0344845419177708,25,4.09685479585406,1,-0.34515,2771,0.2,0,15,"both",0.441315540583741,-0.0344845419177708
"3731","session2",-2.90011617338055,4.1429832398143,3.04567592280186,0.000295923300299678,0.118445436346195,0.502254487379317,0.570695115111208,10,2,150,0.441315540583741,-0.0344845419177708,25,2.24030118296928,0,-5.54482,2771,0.2,0,15,"both",0.441315540583741,-0.0344845419177708
"3732","session2",-2.90011617338055,4.1429832398143,3.04567592280186,0.000295923300299678,0.118445436346195,0.502254487379317,0.570695115111208,10,2,150,0.441315540583741,-0.0344845419177708,25,4.30628012352908,1,-1.54668,2771,0.2,0,15,"both",0.441315540583741,-0.0344845419177708
"3733","session2",-2.90011617338055,4.1429832398143,3.04567592280186,0.000295923300299678,0.118445436346195,0.502254487379317,0.570695115111208,10,2,150,0.441315540583741,-0.0344845419177708,25,2.2025079201892,1,2.03023,2771,0.2,0,15,"both",0.441315540583741,-0.0344845419177708
"3734","session2",-2.90011617338055,4.1429832398143,3.04567592280186,0.000295923300299678,0.118445436346195,0.502254487379317,0.570695115111208,10,2,150,0.441315540583741,-0.0344845419177708,25,2.09365288136845,0,-6.58146,2771,0.2,0,15,"both",0.441315540583741,-0.0344845419177708
"3735","session2",-2.90011617338055,4.1429832398143,3.04567592280186,0.000295923300299678,0.118445436346195,0.502254487379317,0.570695115111208,10,2,150,0.441315540583741,-0.0344845419177708,25,2.08192863030839,1,1.85999,2771,0.2,0,15,"both",0.441315540583741,-0.0344845419177708
"3736","session2",-2.90011617338055,4.1429832398143,3.04567592280186,0.000295923300299678,0.118445436346195,0.502254487379317,0.570695115111208,10,2,150,0.441315540583741,-0.0344845419177708,25,2.26797847594398,1,-6.30377,2771,0.2,0,15,"both",0.441315540583741,-0.0344845419177708
"3737","session2",-2.90011617338055,4.1429832398143,3.04567592280186,0.000295923300299678,0.118445436346195,0.502254487379317,0.570695115111208,10,2,150,0.441315540583741,-0.0344845419177708,25,2.29355058295243,1,-5.63775,2771,0.2,0,15,"both",0.441315540583741,-0.0344845419177708
"3738","session2",-2.90011617338055,4.1429832398143,3.04567592280186,0.000295923300299678,0.118445436346195,0.502254487379317,0.570695115111208,10,2,150,0.441315540583741,-0.0344845419177708,25,2.28299973483038,1,-0.0820799999999999,2771,0.2,0,15,"both",0.441315540583741,-0.0344845419177708
"3739","session2",-2.90011617338055,4.1429832398143,3.04567592280186,0.000295923300299678,0.118445436346195,0.502254487379317,0.570695115111208,10,2,150,0.441315540583741,-0.0344845419177708,25,2.13194359640959,0,-1.89136,2771,0.2,0,15,"both",0.441315540583741,-0.0344845419177708
"3740","session2",-2.90011617338055,4.1429832398143,3.04567592280186,0.000295923300299678,0.118445436346195,0.502254487379317,0.570695115111208,10,2,150,0.441315540583741,-0.0344845419177708,25,1.70032715578435,1,0.29598,2771,0.2,0,15,"both",0.441315540583741,-0.0344845419177708
"3741","session2",-2.90011617338055,4.1429832398143,3.04567592280186,0.000295923300299678,0.118445436346195,0.502254487379317,0.570695115111208,10,2,150,0.441315540583741,-0.0344845419177708,25,2.39441799595754,0,-0.88673,2771,0.2,0,15,"both",0.441315540583741,-0.0344845419177708
"3742","session2",-2.90011617338055,4.1429832398143,3.04567592280186,0.000295923300299678,0.118445436346195,0.502254487379317,0.570695115111208,10,2,150,0.441315540583741,-0.0344845419177708,25,1.56345684267733,1,-0.14762,2771,0.2,0,15,"both",0.441315540583741,-0.0344845419177708
"3743","session2",-2.90011617338055,4.1429832398143,3.04567592280186,0.000295923300299678,0.118445436346195,0.502254487379317,0.570695115111208,10,2,150,0.441315540583741,-0.0344845419177708,25,1.2959466688741,0,0.29893,2771,0.2,0,15,"both",0.441315540583741,-0.0344845419177708
"3744","session2",-2.90011617338055,4.1429832398143,3.04567592280186,0.000295923300299678,0.118445436346195,0.502254487379317,0.570695115111208,10,2,150,0.441315540583741,-0.0344845419177708,25,2.43307182463714,1,0.93358,2771,0.2,0,15,"both",0.441315540583741,-0.0344845419177708
"3745","session2",-2.90011617338055,4.1429832398143,3.04567592280186,0.000295923300299678,0.118445436346195,0.502254487379317,0.570695115111208,10,2,150,0.441315540583741,-0.0344845419177708,25,1.75202927995865,0,-6.94934,2771,0.2,0,15,"both",0.441315540583741,-0.0344845419177708
"3746","session2",-2.90011617338055,4.1429832398143,3.04567592280186,0.000295923300299678,0.118445436346195,0.502254487379317,0.570695115111208,10,2,150,0.441315540583741,-0.0344845419177708,25,2.31161584990613,1,0.102600000000001,2771,0.2,0,15,"both",0.441315540583741,-0.0344845419177708
"3747","session2",-2.90011617338055,4.1429832398143,3.04567592280186,0.000295923300299678,0.118445436346195,0.502254487379317,0.570695115111208,10,2,150,0.441315540583741,-0.0344845419177708,25,1.22874693266783,1,-0.0973099999999998,2771,0.2,0,15,"both",0.441315540583741,-0.0344845419177708
"3748","session2",-2.90011617338055,4.1429832398143,3.04567592280186,0.000295923300299678,0.118445436346195,0.502254487379317,0.570695115111208,10,2,150,0.441315540583741,-0.0344845419177708,25,7.08599798709794,1,-0.41157,2771,0.2,0,15,"both",0.441315540583741,-0.0344845419177708
"3749","session2",-2.90011617338055,4.1429832398143,3.04567592280186,0.000295923300299678,0.118445436346195,0.502254487379317,0.570695115111208,10,2,150,0.441315540583741,-0.0344845419177708,25,1.88135286203562,1,-1.32879,2771,0.2,0,15,"both",0.441315540583741,-0.0344845419177708
"3750","session2",-2.90011617338055,4.1429832398143,3.04567592280186,0.000295923300299678,0.118445436346195,0.502254487379317,0.570695115111208,10,2,150,0.441315540583741,-0.0344845419177708,25,3.80665362240179,1,-0.51577,2771,0.2,0,15,"both",0.441315540583741,-0.0344845419177708
"3751","session2",11.0348822732713,6.70683618643773,1.33431746472223,8.40789352482219e-05,0.744674546749842,0.408199289164354,0.199637689139836,11,2,150,0.441315540583741,-0.0344845419177708,26,2.30395994933442,0,11.1243557137,2771,0.2,0,15,"both",0.441315540583741,-0.0344845419177708
"3752","session2",11.0348822732713,6.70683618643773,1.33431746472223,8.40789352482219e-05,0.744674546749842,0.408199289164354,0.199637689139836,11,2,150,0.441315540583741,-0.0344845419177708,26,1.61280058697595,1,13.538486596,2771,0.2,0,15,"both",0.441315540583741,-0.0344845419177708
"3753","session2",11.0348822732713,6.70683618643773,1.33431746472223,8.40789352482219e-05,0.744674546749842,0.408199289164354,0.199637689139836,11,2,150,0.441315540583741,-0.0344845419177708,26,4.2455971375199,0,4.32095301911,2771,0.2,0,15,"both",0.441315540583741,-0.0344845419177708
"3754","session2",11.0348822732713,6.70683618643773,1.33431746472223,8.40789352482219e-05,0.744674546749842,0.408199289164354,0.199637689139836,11,2,150,0.441315540583741,-0.0344845419177708,26,1.9617518167716,1,17.3396975488,2771,0.2,0,15,"both",0.441315540583741,-0.0344845419177708
"3755","session2",11.0348822732713,6.70683618643773,1.33431746472223,8.40789352482219e-05,0.744674546749842,0.408199289164354,0.199637689139836,11,2,150,0.441315540583741,-0.0344845419177708,26,1.40751896578566,0,-29.6773,2771,0.2,0,15,"both",0.441315540583741,-0.0344845419177708
"3756","session2",11.0348822732713,6.70683618643773,1.33431746472223,8.40789352482219e-05,0.744674546749842,0.408199289164354,0.199637689139836,11,2,150,0.441315540583741,-0.0344845419177708,26,2.62178146036666,0,24.61577,2771,0.2,0,15,"both",0.441315540583741,-0.0344845419177708
"3757","session2",11.0348822732713,6.70683618643773,1.33431746472223,8.40789352482219e-05,0.744674546749842,0.408199289164354,0.199637689139836,11,2,150,0.441315540583741,-0.0344845419177708,26,3.57155160715872,1,17.53633,2771,0.2,0,15,"both",0.441315540583741,-0.0344845419177708
"3758","session2",11.0348822732713,6.70683618643773,1.33431746472223,8.40789352482219e-05,0.744674546749842,0.408199289164354,0.199637689139836,11,2,150,0.441315540583741,-0.0344845419177708,26,2.60525100050533,0,5.93355897049,2771,0.2,0,15,"both",0.441315540583741,-0.0344845419177708
"3759","session2",11.0348822732713,6.70683618643773,1.33431746472223,8.40789352482219e-05,0.744674546749842,0.408199289164354,0.199637689139836,11,2,150,0.441315540583741,-0.0344845419177708,26,1.77290285750084,0,-1.0197,2771,0.2,0,15,"both",0.441315540583741,-0.0344845419177708
"3760","session2",11.0348822732713,6.70683618643773,1.33431746472223,8.40789352482219e-05,0.744674546749842,0.408199289164354,0.199637689139836,11,2,150,0.441315540583741,-0.0344845419177708,26,2.81119581093811,0,12.349411628,2771,0.2,0,15,"both",0.441315540583741,-0.0344845419177708
"3761","session2",11.0348822732713,6.70683618643773,1.33431746472223,8.40789352482219e-05,0.744674546749842,0.408199289164354,0.199637689139836,11,2,150,0.441315540583741,-0.0344845419177708,26,2.32097287583627,0,10.71013,2771,0.2,0,15,"both",0.441315540583741,-0.0344845419177708
"3762","session2",11.0348822732713,6.70683618643773,1.33431746472223,8.40789352482219e-05,0.744674546749842,0.408199289164354,0.199637689139836,11,2,150,0.441315540583741,-0.0344845419177708,26,2.22119467235743,1,16.50536,2771,0.2,0,15,"both",0.441315540583741,-0.0344845419177708
"3763","session2",11.0348822732713,6.70683618643773,1.33431746472223,8.40789352482219e-05,0.744674546749842,0.408199289164354,0.199637689139836,11,2,150,0.441315540583741,-0.0344845419177708,26,1.95222885524568,1,11.48903,2771,0.2,0,15,"both",0.441315540583741,-0.0344845419177708
"3764","session2",11.0348822732713,6.70683618643773,1.33431746472223,8.40789352482219e-05,0.744674546749842,0.408199289164354,0.199637689139836,11,2,150,0.441315540583741,-0.0344845419177708,26,3.71784050210796,1,21.8392,2771,0.2,0,15,"both",0.441315540583741,-0.0344845419177708
"3765","session2",11.0348822732713,6.70683618643773,1.33431746472223,8.40789352482219e-05,0.744674546749842,0.408199289164354,0.199637689139836,11,2,150,0.441315540583741,-0.0344845419177708,26,3.27097978893338,0,14.77629,2771,0.2,0,15,"both",0.441315540583741,-0.0344845419177708
"3766","session2",11.0348822732713,6.70683618643773,1.33431746472223,8.40789352482219e-05,0.744674546749842,0.408199289164354,0.199637689139836,11,2,150,0.441315540583741,-0.0344845419177708,26,2.90364214142584,1,43.3472,2771,0.2,0,15,"both",0.441315540583741,-0.0344845419177708
"3767","session2",11.0348822732713,6.70683618643773,1.33431746472223,8.40789352482219e-05,0.744674546749842,0.408199289164354,0.199637689139836,11,2,150,0.441315540583741,-0.0344845419177708,26,2.44263716756245,0,-37.3574,2771,0.2,0,15,"both",0.441315540583741,-0.0344845419177708
"3768","session2",11.0348822732713,6.70683618643773,1.33431746472223,8.40789352482219e-05,0.744674546749842,0.408199289164354,0.199637689139836,11,2,150,0.441315540583741,-0.0344845419177708,26,3.70950849505308,0,-16.8959,2771,0.2,0,15,"both",0.441315540583741,-0.0344845419177708
"3769","session2",11.0348822732713,6.70683618643773,1.33431746472223,8.40789352482219e-05,0.744674546749842,0.408199289164354,0.199637689139836,11,2,150,0.441315540583741,-0.0344845419177708,26,2.36290915496301,1,17.22541,2771,0.2,0,15,"both",0.441315540583741,-0.0344845419177708
"3770","session2",11.0348822732713,6.70683618643773,1.33431746472223,8.40789352482219e-05,0.744674546749842,0.408199289164354,0.199637689139836,11,2,150,0.441315540583741,-0.0344845419177708,26,1.4695837501663,1,24.9335,2771,0.2,0,15,"both",0.441315540583741,-0.0344845419177708
"3771","session2",11.0348822732713,6.70683618643773,1.33431746472223,8.40789352482219e-05,0.744674546749842,0.408199289164354,0.199637689139836,11,2,150,0.441315540583741,-0.0344845419177708,26,2.90232939775621,0,9.2701,2771,0.2,0,15,"both",0.441315540583741,-0.0344845419177708
"3772","session2",11.0348822732713,6.70683618643773,1.33431746472223,8.40789352482219e-05,0.744674546749842,0.408199289164354,0.199637689139836,11,2,150,0.441315540583741,-0.0344845419177708,26,5.61484225547824,1,10.06344,2771,0.2,0,15,"both",0.441315540583741,-0.0344845419177708
"3773","session2",11.0348822732713,6.70683618643773,1.33431746472223,8.40789352482219e-05,0.744674546749842,0.408199289164354,0.199637689139836,11,2,150,0.441315540583741,-0.0344845419177708,26,2.74276429722954,1,7.01125,2771,0.2,0,15,"both",0.441315540583741,-0.0344845419177708
"3774","session2",11.0348822732713,6.70683618643773,1.33431746472223,8.40789352482219e-05,0.744674546749842,0.408199289164354,0.199637689139836,11,2,150,0.441315540583741,-0.0344845419177708,26,1.92754572087097,1,9.58582,2771,0.2,0,15,"both",0.441315540583741,-0.0344845419177708
"3775","session2",11.0348822732713,6.70683618643773,1.33431746472223,8.40789352482219e-05,0.744674546749842,0.408199289164354,0.199637689139836,11,2,150,0.441315540583741,-0.0344845419177708,26,2.16954388267334,1,16.39618,2771,0.2,0,15,"both",0.441315540583741,-0.0344845419177708
"3776","session2",11.0348822732713,6.70683618643773,1.33431746472223,8.40789352482219e-05,0.744674546749842,0.408199289164354,0.199637689139836,11,2,150,0.441315540583741,-0.0344845419177708,26,2.27868620910486,1,34.2224,2771,0.2,0,15,"both",0.441315540583741,-0.0344845419177708
"3777","session2",11.0348822732713,6.70683618643773,1.33431746472223,8.40789352482219e-05,0.744674546749842,0.408199289164354,0.199637689139836,11,2,150,0.441315540583741,-0.0344845419177708,26,4.09908967916653,0,4.38204,2771,0.2,0,15,"both",0.441315540583741,-0.0344845419177708
"3778","session2",11.0348822732713,6.70683618643773,1.33431746472223,8.40789352482219e-05,0.744674546749842,0.408199289164354,0.199637689139836,11,2,150,0.441315540583741,-0.0344845419177708,26,3.23369538670742,1,43.25947,2771,0.2,0,15,"both",0.441315540583741,-0.0344845419177708
"3779","session2",11.0348822732713,6.70683618643773,1.33431746472223,8.40789352482219e-05,0.744674546749842,0.408199289164354,0.199637689139836,11,2,150,0.441315540583741,-0.0344845419177708,26,1.62118807146012,0,8.13079,2771,0.2,0,15,"both",0.441315540583741,-0.0344845419177708
"3780","session2",11.0348822732713,6.70683618643773,1.33431746472223,8.40789352482219e-05,0.744674546749842,0.408199289164354,0.199637689139836,11,2,150,0.441315540583741,-0.0344845419177708,26,1.63072029363906,0,-0.0956700000000001,2771,0.2,0,15,"both",0.441315540583741,-0.0344845419177708
"3781","session2",11.0348822732713,6.70683618643773,1.33431746472223,8.40789352482219e-05,0.744674546749842,0.408199289164354,0.199637689139836,11,2,150,0.441315540583741,-0.0344845419177708,26,7.36242534307223,0,8.74937,2771,0.2,0,15,"both",0.441315540583741,-0.0344845419177708
"3782","session2",11.0348822732713,6.70683618643773,1.33431746472223,8.40789352482219e-05,0.744674546749842,0.408199289164354,0.199637689139836,11,2,150,0.441315540583741,-0.0344845419177708,26,1.4421381734798,1,33.2797,2771,0.2,0,15,"both",0.441315540583741,-0.0344845419177708
"3783","session2",11.0348822732713,6.70683618643773,1.33431746472223,8.40789352482219e-05,0.744674546749842,0.408199289164354,0.199637689139836,11,2,150,0.441315540583741,-0.0344845419177708,26,2.40543013019102,0,6.7309,2771,0.2,0,15,"both",0.441315540583741,-0.0344845419177708
"3784","session2",11.0348822732713,6.70683618643773,1.33431746472223,8.40789352482219e-05,0.744674546749842,0.408199289164354,0.199637689139836,11,2,150,0.441315540583741,-0.0344845419177708,26,2.15292543931281,1,3.06916,2771,0.2,0,15,"both",0.441315540583741,-0.0344845419177708
"3785","session2",11.0348822732713,6.70683618643773,1.33431746472223,8.40789352482219e-05,0.744674546749842,0.408199289164354,0.199637689139836,11,2,150,0.441315540583741,-0.0344845419177708,26,3.03880970288094,0,-1.3894,2771,0.2,0,15,"both",0.441315540583741,-0.0344845419177708
"3786","session2",11.0348822732713,6.70683618643773,1.33431746472223,8.40789352482219e-05,0.744674546749842,0.408199289164354,0.199637689139836,11,2,150,0.441315540583741,-0.0344845419177708,26,2.26923714330534,1,26.2459,2771,0.2,0,15,"both",0.441315540583741,-0.0344845419177708
"3787","session2",11.0348822732713,6.70683618643773,1.33431746472223,8.40789352482219e-05,0.744674546749842,0.408199289164354,0.199637689139836,11,2,150,0.441315540583741,-0.0344845419177708,26,2.69742404578628,0,4.69637,2771,0.2,0,15,"both",0.441315540583741,-0.0344845419177708
"3788","session2",11.0348822732713,6.70683618643773,1.33431746472223,8.40789352482219e-05,0.744674546749842,0.408199289164354,0.199637689139836,11,2,150,0.441315540583741,-0.0344845419177708,26,2.28284033461626,1,31.8993,2771,0.2,0,15,"both",0.441315540583741,-0.0344845419177708
"3789","session2",11.0348822732713,6.70683618643773,1.33431746472223,8.40789352482219e-05,0.744674546749842,0.408199289164354,0.199637689139836,11,2,150,0.441315540583741,-0.0344845419177708,26,3.62608103955753,0,12.8352,2771,0.2,0,15,"both",0.441315540583741,-0.0344845419177708
"3790","session2",11.0348822732713,6.70683618643773,1.33431746472223,8.40789352482219e-05,0.744674546749842,0.408199289164354,0.199637689139836,11,2,150,0.441315540583741,-0.0344845419177708,26,3.69092638652051,1,19.4549,2771,0.2,0,15,"both",0.441315540583741,-0.0344845419177708
"3791","session2",11.0348822732713,6.70683618643773,1.33431746472223,8.40789352482219e-05,0.744674546749842,0.408199289164354,0.199637689139836,11,2,150,0.441315540583741,-0.0344845419177708,26,2.77229378437903,1,9.5718,2771,0.2,0,15,"both",0.441315540583741,-0.0344845419177708
"3792","session2",11.0348822732713,6.70683618643773,1.33431746472223,8.40789352482219e-05,0.744674546749842,0.408199289164354,0.199637689139836,11,2,150,0.441315540583741,-0.0344845419177708,26,2.18813948331034,1,4.1996,2771,0.2,0,15,"both",0.441315540583741,-0.0344845419177708
"3793","session2",11.0348822732713,6.70683618643773,1.33431746472223,8.40789352482219e-05,0.744674546749842,0.408199289164354,0.199637689139836,11,2,150,0.441315540583741,-0.0344845419177708,26,2.31217336330853,0,1.94172,2771,0.2,0,15,"both",0.441315540583741,-0.0344845419177708
"3794","session2",11.0348822732713,6.70683618643773,1.33431746472223,8.40789352482219e-05,0.744674546749842,0.408199289164354,0.199637689139836,11,2,150,0.441315540583741,-0.0344845419177708,26,2.9263061596406,1,16.57429,2771,0.2,0,15,"both",0.441315540583741,-0.0344845419177708
"3795","session2",11.0348822732713,6.70683618643773,1.33431746472223,8.40789352482219e-05,0.744674546749842,0.408199289164354,0.199637689139836,11,2,150,0.441315540583741,-0.0344845419177708,26,3.21617390887168,0,-1.0297,2771,0.2,0,15,"both",0.441315540583741,-0.0344845419177708
"3796","session2",11.0348822732713,6.70683618643773,1.33431746472223,8.40789352482219e-05,0.744674546749842,0.408199289164354,0.199637689139836,11,2,150,0.441315540583741,-0.0344845419177708,26,2.68848923167888,0,6.49414,2771,0.2,0,15,"both",0.441315540583741,-0.0344845419177708
"3797","session2",11.0348822732713,6.70683618643773,1.33431746472223,8.40789352482219e-05,0.744674546749842,0.408199289164354,0.199637689139836,11,2,150,0.441315540583741,-0.0344845419177708,26,2.78818501530414,0,5.24486,2771,0.2,0,15,"both",0.441315540583741,-0.0344845419177708
"3798","session2",11.0348822732713,6.70683618643773,1.33431746472223,8.40789352482219e-05,0.744674546749842,0.408199289164354,0.199637689139836,11,2,150,0.441315540583741,-0.0344845419177708,26,1.60045976130939,0,5.59293,2771,0.2,0,15,"both",0.441315540583741,-0.0344845419177708
"3799","session2",11.0348822732713,6.70683618643773,1.33431746472223,8.40789352482219e-05,0.744674546749842,0.408199289164354,0.199637689139836,11,2,150,0.441315540583741,-0.0344845419177708,26,5.16943781330424,1,22.19946,2771,0.2,0,15,"both",0.441315540583741,-0.0344845419177708
"3800","session2",11.0348822732713,6.70683618643773,1.33431746472223,8.40789352482219e-05,0.744674546749842,0.408199289164354,0.199637689139836,11,2,150,0.441315540583741,-0.0344845419177708,26,2.14504186393119,0,-8.35497,2771,0.2,0,15,"both",0.441315540583741,-0.0344845419177708
"3801","session2",11.0348822732713,6.70683618643773,1.33431746472223,8.40789352482219e-05,0.744674546749842,0.408199289164354,0.199637689139836,11,2,150,0.441315540583741,-0.0344845419177708,26,3.24212053245304,0,4.67885,2771,0.2,0,15,"both",0.441315540583741,-0.0344845419177708
"3802","session2",11.0348822732713,6.70683618643773,1.33431746472223,8.40789352482219e-05,0.744674546749842,0.408199289164354,0.199637689139836,11,2,150,0.441315540583741,-0.0344845419177708,26,4.89870950088767,1,16.6958,2771,0.2,0,15,"both",0.441315540583741,-0.0344845419177708
"3803","session2",11.0348822732713,6.70683618643773,1.33431746472223,8.40789352482219e-05,0.744674546749842,0.408199289164354,0.199637689139836,11,2,150,0.441315540583741,-0.0344845419177708,26,7.07507946586354,0,5.20312,2771,0.2,0,15,"both",0.441315540583741,-0.0344845419177708
"3804","session2",11.0348822732713,6.70683618643773,1.33431746472223,8.40789352482219e-05,0.744674546749842,0.408199289164354,0.199637689139836,11,2,150,0.441315540583741,-0.0344845419177708,26,4.10057378336266,0,4.08934,2771,0.2,0,15,"both",0.441315540583741,-0.0344845419177708
"3805","session2",11.0348822732713,6.70683618643773,1.33431746472223,8.40789352482219e-05,0.744674546749842,0.408199289164354,0.199637689139836,11,2,150,0.441315540583741,-0.0344845419177708,26,3.83249674084744,0,6.05685,2771,0.2,0,15,"both",0.441315540583741,-0.0344845419177708
"3806","session2",11.0348822732713,6.70683618643773,1.33431746472223,8.40789352482219e-05,0.744674546749842,0.408199289164354,0.199637689139836,11,2,150,0.441315540583741,-0.0344845419177708,26,2.62670896654367,0,4.9123,2771,0.2,0,15,"both",0.441315540583741,-0.0344845419177708
"3807","session2",11.0348822732713,6.70683618643773,1.33431746472223,8.40789352482219e-05,0.744674546749842,0.408199289164354,0.199637689139836,11,2,150,0.441315540583741,-0.0344845419177708,26,1.68766606087845,0,0.49966,2771,0.2,0,15,"both",0.441315540583741,-0.0344845419177708
"3808","session2",11.0348822732713,6.70683618643773,1.33431746472223,8.40789352482219e-05,0.744674546749842,0.408199289164354,0.199637689139836,11,2,150,0.441315540583741,-0.0344845419177708,26,3.61224747492144,0,4.45382,2771,0.2,0,15,"both",0.441315540583741,-0.0344845419177708
"3809","session2",11.0348822732713,6.70683618643773,1.33431746472223,8.40789352482219e-05,0.744674546749842,0.408199289164354,0.199637689139836,11,2,150,0.441315540583741,-0.0344845419177708,26,3.19097042852286,1,15.95429,2771,0.2,0,15,"both",0.441315540583741,-0.0344845419177708
"3810","session2",11.0348822732713,6.70683618643773,1.33431746472223,8.40789352482219e-05,0.744674546749842,0.408199289164354,0.199637689139836,11,2,150,0.441315540583741,-0.0344845419177708,26,2.31858021983147,0,-0.9663,2771,0.2,0,15,"both",0.441315540583741,-0.0344845419177708
"3811","session2",11.0348822732713,6.70683618643773,1.33431746472223,8.40789352482219e-05,0.744674546749842,0.408199289164354,0.199637689139836,11,2,150,0.441315540583741,-0.0344845419177708,26,2.25954328428157,1,20.42831,2771,0.2,0,15,"both",0.441315540583741,-0.0344845419177708
"3812","session2",11.0348822732713,6.70683618643773,1.33431746472223,8.40789352482219e-05,0.744674546749842,0.408199289164354,0.199637689139836,11,2,150,0.441315540583741,-0.0344845419177708,26,4.45285202845061,1,14.57653,2771,0.2,0,15,"both",0.441315540583741,-0.0344845419177708
"3813","session2",11.0348822732713,6.70683618643773,1.33431746472223,8.40789352482219e-05,0.744674546749842,0.408199289164354,0.199637689139836,11,2,150,0.441315540583741,-0.0344845419177708,26,2.08821581310909,0,0.1091,2771,0.2,0,15,"both",0.441315540583741,-0.0344845419177708
"3814","session2",11.0348822732713,6.70683618643773,1.33431746472223,8.40789352482219e-05,0.744674546749842,0.408199289164354,0.199637689139836,11,2,150,0.441315540583741,-0.0344845419177708,26,2.86975751295267,1,7.93622,2771,0.2,0,15,"both",0.441315540583741,-0.0344845419177708
"3815","session2",11.0348822732713,6.70683618643773,1.33431746472223,8.40789352482219e-05,0.744674546749842,0.408199289164354,0.199637689139836,11,2,150,0.441315540583741,-0.0344845419177708,26,3.17616551794718,1,18.26584,2771,0.2,0,15,"both",0.441315540583741,-0.0344845419177708
"3816","session2",11.0348822732713,6.70683618643773,1.33431746472223,8.40789352482219e-05,0.744674546749842,0.408199289164354,0.199637689139836,11,2,150,0.441315540583741,-0.0344845419177708,26,2.94956919395473,0,16.70373,2771,0.2,0,15,"both",0.441315540583741,-0.0344845419177708
"3817","session2",11.0348822732713,6.70683618643773,1.33431746472223,8.40789352482219e-05,0.744674546749842,0.408199289164354,0.199637689139836,11,2,150,0.441315540583741,-0.0344845419177708,26,2.97293497922582,1,4.15379,2771,0.2,0,15,"both",0.441315540583741,-0.0344845419177708
"3818","session2",11.0348822732713,6.70683618643773,1.33431746472223,8.40789352482219e-05,0.744674546749842,0.408199289164354,0.199637689139836,11,2,150,0.441315540583741,-0.0344845419177708,26,6.19166208081772,0,5.26346,2771,0.2,0,15,"both",0.441315540583741,-0.0344845419177708
"3819","session2",11.0348822732713,6.70683618643773,1.33431746472223,8.40789352482219e-05,0.744674546749842,0.408199289164354,0.199637689139836,11,2,150,0.441315540583741,-0.0344845419177708,26,1.64215998915974,0,-1.19627,2771,0.2,0,15,"both",0.441315540583741,-0.0344845419177708
"3820","session2",11.0348822732713,6.70683618643773,1.33431746472223,8.40789352482219e-05,0.744674546749842,0.408199289164354,0.199637689139836,11,2,150,0.441315540583741,-0.0344845419177708,26,3.39916343858858,1,4.94998,2771,0.2,0,15,"both",0.441315540583741,-0.0344845419177708
"3821","session2",11.0348822732713,6.70683618643773,1.33431746472223,8.40789352482219e-05,0.744674546749842,0.408199289164354,0.199637689139836,11,2,150,0.441315540583741,-0.0344845419177708,26,1.54389356749205,1,18.69616,2771,0.2,0,15,"both",0.441315540583741,-0.0344845419177708
"3822","session2",11.0348822732713,6.70683618643773,1.33431746472223,8.40789352482219e-05,0.744674546749842,0.408199289164354,0.199637689139836,11,2,150,0.441315540583741,-0.0344845419177708,26,2.68173448625374,1,2.3635,2771,0.2,0,15,"both",0.441315540583741,-0.0344845419177708
"3823","session2",11.0348822732713,6.70683618643773,1.33431746472223,8.40789352482219e-05,0.744674546749842,0.408199289164354,0.199637689139836,11,2,150,0.441315540583741,-0.0344845419177708,26,2.2553023642835,0,3.55156,2771,0.2,0,15,"both",0.441315540583741,-0.0344845419177708
"3824","session2",11.0348822732713,6.70683618643773,1.33431746472223,8.40789352482219e-05,0.744674546749842,0.408199289164354,0.199637689139836,11,2,150,0.441315540583741,-0.0344845419177708,26,1.90983825902153,0,14.60226,2771,0.2,0,15,"both",0.441315540583741,-0.0344845419177708
"3825","session2",11.0348822732713,6.70683618643773,1.33431746472223,8.40789352482219e-05,0.744674546749842,0.408199289164354,0.199637689139836,11,2,150,0.441315540583741,-0.0344845419177708,26,2.59940459732795,1,20.65242,2771,0.2,0,15,"both",0.441315540583741,-0.0344845419177708
"3826","session2",11.0348822732713,6.70683618643773,1.33431746472223,8.40789352482219e-05,0.744674546749842,0.408199289164354,0.199637689139836,11,2,150,0.441315540583741,-0.0344845419177708,26,1.38367875216831,1,30.6187,2771,0.2,0,15,"both",0.441315540583741,-0.0344845419177708
"3827","session2",11.0348822732713,6.70683618643773,1.33431746472223,8.40789352482219e-05,0.744674546749842,0.408199289164354,0.199637689139836,11,2,150,0.441315540583741,-0.0344845419177708,26,1.57894086314112,0,3.89552,2771,0.2,0,15,"both",0.441315540583741,-0.0344845419177708
"3828","session2",11.0348822732713,6.70683618643773,1.33431746472223,8.40789352482219e-05,0.744674546749842,0.408199289164354,0.199637689139836,11,2,150,0.441315540583741,-0.0344845419177708,26,3.35572507890348,0,24.1225,2771,0.2,0,15,"both",0.441315540583741,-0.0344845419177708
"3829","session2",11.0348822732713,6.70683618643773,1.33431746472223,8.40789352482219e-05,0.744674546749842,0.408199289164354,0.199637689139836,11,2,150,0.441315540583741,-0.0344845419177708,26,8,1,7.5492,2771,0.2,0,15,"both",0.441315540583741,-0.0344845419177708
"3830","session2",11.0348822732713,6.70683618643773,1.33431746472223,8.40789352482219e-05,0.744674546749842,0.408199289164354,0.199637689139836,11,2,150,0.441315540583741,-0.0344845419177708,26,2.30109475647744,0,-1.08582,2771,0.2,0,15,"both",0.441315540583741,-0.0344845419177708
"3831","session2",11.0348822732713,6.70683618643773,1.33431746472223,8.40789352482219e-05,0.744674546749842,0.408199289164354,0.199637689139836,11,2,150,0.441315540583741,-0.0344845419177708,26,3.4996087925593,1,26.0387,2771,0.2,0,15,"both",0.441315540583741,-0.0344845419177708
"3832","session2",11.0348822732713,6.70683618643773,1.33431746472223,8.40789352482219e-05,0.744674546749842,0.408199289164354,0.199637689139836,11,2,150,0.441315540583741,-0.0344845419177708,26,7.89781590957528,1,6.50814,2771,0.2,0,15,"both",0.441315540583741,-0.0344845419177708
"3833","session2",11.0348822732713,6.70683618643773,1.33431746472223,8.40789352482219e-05,0.744674546749842,0.408199289164354,0.199637689139836,11,2,150,0.441315540583741,-0.0344845419177708,26,3.01202711952499,1,18.17492,2771,0.2,0,15,"both",0.441315540583741,-0.0344845419177708
"3834","session2",11.0348822732713,6.70683618643773,1.33431746472223,8.40789352482219e-05,0.744674546749842,0.408199289164354,0.199637689139836,11,2,150,0.441315540583741,-0.0344845419177708,26,2.76596675797134,0,-1.0495,2771,0.2,0,15,"both",0.441315540583741,-0.0344845419177708
"3835","session2",11.0348822732713,6.70683618643773,1.33431746472223,8.40789352482219e-05,0.744674546749842,0.408199289164354,0.199637689139836,11,2,150,0.441315540583741,-0.0344845419177708,26,3.24039139938208,0,0.767800000000001,2771,0.2,0,15,"both",0.441315540583741,-0.0344845419177708
"3836","session2",11.0348822732713,6.70683618643773,1.33431746472223,8.40789352482219e-05,0.744674546749842,0.408199289164354,0.199637689139836,11,2,150,0.441315540583741,-0.0344845419177708,26,2.86697450520136,1,9.53181,2771,0.2,0,15,"both",0.441315540583741,-0.0344845419177708
"3837","session2",11.0348822732713,6.70683618643773,1.33431746472223,8.40789352482219e-05,0.744674546749842,0.408199289164354,0.199637689139836,11,2,150,0.441315540583741,-0.0344845419177708,26,1.86892348158623,0,15.56931,2771,0.2,0,15,"both",0.441315540583741,-0.0344845419177708
"3838","session2",11.0348822732713,6.70683618643773,1.33431746472223,8.40789352482219e-05,0.744674546749842,0.408199289164354,0.199637689139836,11,2,150,0.441315540583741,-0.0344845419177708,26,3.2346418462095,1,24.7666,2771,0.2,0,15,"both",0.441315540583741,-0.0344845419177708
"3839","session2",11.0348822732713,6.70683618643773,1.33431746472223,8.40789352482219e-05,0.744674546749842,0.408199289164354,0.199637689139836,11,2,150,0.441315540583741,-0.0344845419177708,26,1.95728531556017,1,21.99765,2771,0.2,0,15,"both",0.441315540583741,-0.0344845419177708
"3840","session2",11.0348822732713,6.70683618643773,1.33431746472223,8.40789352482219e-05,0.744674546749842,0.408199289164354,0.199637689139836,11,2,150,0.441315540583741,-0.0344845419177708,26,1.9675093604991,0,3.17312,2771,0.2,0,15,"both",0.441315540583741,-0.0344845419177708
"3841","session2",11.0348822732713,6.70683618643773,1.33431746472223,8.40789352482219e-05,0.744674546749842,0.408199289164354,0.199637689139836,11,2,150,0.441315540583741,-0.0344845419177708,26,2.32483796637992,1,4.25805,2771,0.2,0,15,"both",0.441315540583741,-0.0344845419177708
"3842","session2",11.0348822732713,6.70683618643773,1.33431746472223,8.40789352482219e-05,0.744674546749842,0.408199289164354,0.199637689139836,11,2,150,0.441315540583741,-0.0344845419177708,26,3.40284803655164,1,17.19603,2771,0.2,0,15,"both",0.441315540583741,-0.0344845419177708
"3843","session2",11.0348822732713,6.70683618643773,1.33431746472223,8.40789352482219e-05,0.744674546749842,0.408199289164354,0.199637689139836,11,2,150,0.441315540583741,-0.0344845419177708,26,2.20431473561306,0,-0.9863,2771,0.2,0,15,"both",0.441315540583741,-0.0344845419177708
"3844","session2",11.0348822732713,6.70683618643773,1.33431746472223,8.40789352482219e-05,0.744674546749842,0.408199289164354,0.199637689139836,11,2,150,0.441315540583741,-0.0344845419177708,26,2.610795366687,0,4.90507,2771,0.2,0,15,"both",0.441315540583741,-0.0344845419177708
"3845","session2",11.0348822732713,6.70683618643773,1.33431746472223,8.40789352482219e-05,0.744674546749842,0.408199289164354,0.199637689139836,11,2,150,0.441315540583741,-0.0344845419177708,26,2.5010910749602,0,3.98627,2771,0.2,0,15,"both",0.441315540583741,-0.0344845419177708
"3846","session2",11.0348822732713,6.70683618643773,1.33431746472223,8.40789352482219e-05,0.744674546749842,0.408199289164354,0.199637689139836,11,2,150,0.441315540583741,-0.0344845419177708,26,1.81085970901256,0,3.06225,2771,0.2,0,15,"both",0.441315540583741,-0.0344845419177708
"3847","session2",11.0348822732713,6.70683618643773,1.33431746472223,8.40789352482219e-05,0.744674546749842,0.408199289164354,0.199637689139836,11,2,150,0.441315540583741,-0.0344845419177708,26,1.57646315489155,1,22.19529,2771,0.2,0,15,"both",0.441315540583741,-0.0344845419177708
"3848","session2",11.0348822732713,6.70683618643773,1.33431746472223,8.40789352482219e-05,0.744674546749842,0.408199289164354,0.199637689139836,11,2,150,0.441315540583741,-0.0344845419177708,26,1.44968236356252,0,17.73751,2771,0.2,0,15,"both",0.441315540583741,-0.0344845419177708
"3849","session2",11.0348822732713,6.70683618643773,1.33431746472223,8.40789352482219e-05,0.744674546749842,0.408199289164354,0.199637689139836,11,2,150,0.441315540583741,-0.0344845419177708,26,3.74615292027321,1,18.32691,2771,0.2,0,15,"both",0.441315540583741,-0.0344845419177708
"3850","session2",11.0348822732713,6.70683618643773,1.33431746472223,8.40789352482219e-05,0.744674546749842,0.408199289164354,0.199637689139836,11,2,150,0.441315540583741,-0.0344845419177708,26,2.66307438528893,0,3.66268,2771,0.2,0,15,"both",0.441315540583741,-0.0344845419177708
"3851","session2",11.0348822732713,6.70683618643773,1.33431746472223,8.40789352482219e-05,0.744674546749842,0.408199289164354,0.199637689139836,11,2,150,0.441315540583741,-0.0344845419177708,26,3.98054912075927,0,3.25923,2771,0.2,0,15,"both",0.441315540583741,-0.0344845419177708
"3852","session2",11.0348822732713,6.70683618643773,1.33431746472223,8.40789352482219e-05,0.744674546749842,0.408199289164354,0.199637689139836,11,2,150,0.441315540583741,-0.0344845419177708,26,1.58921440813465,0,2.2381,2771,0.2,0,15,"both",0.441315540583741,-0.0344845419177708
"3853","session2",11.0348822732713,6.70683618643773,1.33431746472223,8.40789352482219e-05,0.744674546749842,0.408199289164354,0.199637689139836,11,2,150,0.441315540583741,-0.0344845419177708,26,4.0500016668807,0,19.6209,2771,0.2,0,15,"both",0.441315540583741,-0.0344845419177708
"3854","session2",11.0348822732713,6.70683618643773,1.33431746472223,8.40789352482219e-05,0.744674546749842,0.408199289164354,0.199637689139836,11,2,150,0.441315540583741,-0.0344845419177708,26,2.15154505575483,1,20.9301,2771,0.2,0,15,"both",0.441315540583741,-0.0344845419177708
"3855","session2",11.0348822732713,6.70683618643773,1.33431746472223,8.40789352482219e-05,0.744674546749842,0.408199289164354,0.199637689139836,11,2,150,0.441315540583741,-0.0344845419177708,26,2.32644720392494,1,31.703,2771,0.2,0,15,"both",0.441315540583741,-0.0344845419177708
"3856","session2",11.0348822732713,6.70683618643773,1.33431746472223,8.40789352482219e-05,0.744674546749842,0.408199289164354,0.199637689139836,11,2,150,0.441315540583741,-0.0344845419177708,26,1.13994173443051,0,-5.2099,2771,0.2,0,15,"both",0.441315540583741,-0.0344845419177708
"3857","session2",11.0348822732713,6.70683618643773,1.33431746472223,8.40789352482219e-05,0.744674546749842,0.408199289164354,0.199637689139836,11,2,150,0.441315540583741,-0.0344845419177708,26,2.58838230193027,1,23.3887,2771,0.2,0,15,"both",0.441315540583741,-0.0344845419177708
"3858","session2",11.0348822732713,6.70683618643773,1.33431746472223,8.40789352482219e-05,0.744674546749842,0.408199289164354,0.199637689139836,11,2,150,0.441315540583741,-0.0344845419177708,26,4.52151134438209,1,21.76992,2771,0.2,0,15,"both",0.441315540583741,-0.0344845419177708
"3859","session2",11.0348822732713,6.70683618643773,1.33431746472223,8.40789352482219e-05,0.744674546749842,0.408199289164354,0.199637689139836,11,2,150,0.441315540583741,-0.0344845419177708,26,2.73764609432343,1,22.17186,2771,0.2,0,15,"both",0.441315540583741,-0.0344845419177708
"3860","session2",11.0348822732713,6.70683618643773,1.33431746472223,8.40789352482219e-05,0.744674546749842,0.408199289164354,0.199637689139836,11,2,150,0.441315540583741,-0.0344845419177708,26,3.16703900858328,1,20.22722,2771,0.2,0,15,"both",0.441315540583741,-0.0344845419177708
"3861","session2",11.0348822732713,6.70683618643773,1.33431746472223,8.40789352482219e-05,0.744674546749842,0.408199289164354,0.199637689139836,11,2,150,0.441315540583741,-0.0344845419177708,26,4.3342276323168,1,17.99339,2771,0.2,0,15,"both",0.441315540583741,-0.0344845419177708
"3862","session2",11.0348822732713,6.70683618643773,1.33431746472223,8.40789352482219e-05,0.744674546749842,0.408199289164354,0.199637689139836,11,2,150,0.441315540583741,-0.0344845419177708,26,2.57566232312967,0,18.03952,2771,0.2,0,15,"both",0.441315540583741,-0.0344845419177708
"3863","session2",11.0348822732713,6.70683618643773,1.33431746472223,8.40789352482219e-05,0.744674546749842,0.408199289164354,0.199637689139836,11,2,150,0.441315540583741,-0.0344845419177708,26,3.45088589494273,1,19.75287,2771,0.2,0,15,"both",0.441315540583741,-0.0344845419177708
"3864","session2",11.0348822732713,6.70683618643773,1.33431746472223,8.40789352482219e-05,0.744674546749842,0.408199289164354,0.199637689139836,11,2,150,0.441315540583741,-0.0344845419177708,26,1.89664763404474,0,2.4179,2771,0.2,0,15,"both",0.441315540583741,-0.0344845419177708
"3865","session2",11.0348822732713,6.70683618643773,1.33431746472223,8.40789352482219e-05,0.744674546749842,0.408199289164354,0.199637689139836,11,2,150,0.441315540583741,-0.0344845419177708,26,1.76592059492265,0,1.63396,2771,0.2,0,15,"both",0.441315540583741,-0.0344845419177708
"3866","session2",11.0348822732713,6.70683618643773,1.33431746472223,8.40789352482219e-05,0.744674546749842,0.408199289164354,0.199637689139836,11,2,150,0.441315540583741,-0.0344845419177708,26,2.9323554429695,0,1.8313,2771,0.2,0,15,"both",0.441315540583741,-0.0344845419177708
"3867","session2",11.0348822732713,6.70683618643773,1.33431746472223,8.40789352482219e-05,0.744674546749842,0.408199289164354,0.199637689139836,11,2,150,0.441315540583741,-0.0344845419177708,26,4.39412711264186,1,3.54259,2771,0.2,0,15,"both",0.441315540583741,-0.0344845419177708
"3868","session2",11.0348822732713,6.70683618643773,1.33431746472223,8.40789352482219e-05,0.744674546749842,0.408199289164354,0.199637689139836,11,2,150,0.441315540583741,-0.0344845419177708,26,2.9938662360702,1,2.39053,2771,0.2,0,15,"both",0.441315540583741,-0.0344845419177708
"3869","session2",11.0348822732713,6.70683618643773,1.33431746472223,8.40789352482219e-05,0.744674546749842,0.408199289164354,0.199637689139836,11,2,150,0.441315540583741,-0.0344845419177708,26,2.47035610345291,0,-1.85615,2771,0.2,0,15,"both",0.441315540583741,-0.0344845419177708
"3870","session2",11.0348822732713,6.70683618643773,1.33431746472223,8.40789352482219e-05,0.744674546749842,0.408199289164354,0.199637689139836,11,2,150,0.441315540583741,-0.0344845419177708,26,2.12639587373835,0,-2.02815,2771,0.2,0,15,"both",0.441315540583741,-0.0344845419177708
"3871","session2",11.0348822732713,6.70683618643773,1.33431746472223,8.40789352482219e-05,0.744674546749842,0.408199289164354,0.199637689139836,11,2,150,0.441315540583741,-0.0344845419177708,26,1.87454815518149,0,6.94844,2771,0.2,0,15,"both",0.441315540583741,-0.0344845419177708
"3872","session2",11.0348822732713,6.70683618643773,1.33431746472223,8.40789352482219e-05,0.744674546749842,0.408199289164354,0.199637689139836,11,2,150,0.441315540583741,-0.0344845419177708,26,2.2137362415649,0,1.2927,2771,0.2,0,15,"both",0.441315540583741,-0.0344845419177708
"3873","session2",11.0348822732713,6.70683618643773,1.33431746472223,8.40789352482219e-05,0.744674546749842,0.408199289164354,0.199637689139836,11,2,150,0.441315540583741,-0.0344845419177708,26,2.24510833288476,1,7.50277,2771,0.2,0,15,"both",0.441315540583741,-0.0344845419177708
"3874","session2",11.0348822732713,6.70683618643773,1.33431746472223,8.40789352482219e-05,0.744674546749842,0.408199289164354,0.199637689139836,11,2,150,0.441315540583741,-0.0344845419177708,26,2.34604511619235,1,22.25815,2771,0.2,0,15,"both",0.441315540583741,-0.0344845419177708
"3875","session2",11.0348822732713,6.70683618643773,1.33431746472223,8.40789352482219e-05,0.744674546749842,0.408199289164354,0.199637689139836,11,2,150,0.441315540583741,-0.0344845419177708,26,3.4556768757883,0,2.28622,2771,0.2,0,15,"both",0.441315540583741,-0.0344845419177708
"3876","session2",11.0348822732713,6.70683618643773,1.33431746472223,8.40789352482219e-05,0.744674546749842,0.408199289164354,0.199637689139836,11,2,150,0.441315540583741,-0.0344845419177708,26,3.05806192076066,0,17.76817,2771,0.2,0,15,"both",0.441315540583741,-0.0344845419177708
"3877","session2",11.0348822732713,6.70683618643773,1.33431746472223,8.40789352482219e-05,0.744674546749842,0.408199289164354,0.199637689139836,11,2,150,0.441315540583741,-0.0344845419177708,26,2.29486709507157,1,16.82653,2771,0.2,0,15,"both",0.441315540583741,-0.0344845419177708
"3878","session2",11.0348822732713,6.70683618643773,1.33431746472223,8.40789352482219e-05,0.744674546749842,0.408199289164354,0.199637689139836,11,2,150,0.441315540583741,-0.0344845419177708,26,2.29856889130033,0,4.19042,2771,0.2,0,15,"both",0.441315540583741,-0.0344845419177708
"3879","session2",11.0348822732713,6.70683618643773,1.33431746472223,8.40789352482219e-05,0.744674546749842,0.408199289164354,0.199637689139836,11,2,150,0.441315540583741,-0.0344845419177708,26,1.30295932861913,1,25.5326,2771,0.2,0,15,"both",0.441315540583741,-0.0344845419177708
"3880","session2",11.0348822732713,6.70683618643773,1.33431746472223,8.40789352482219e-05,0.744674546749842,0.408199289164354,0.199637689139836,11,2,150,0.441315540583741,-0.0344845419177708,26,2.21879656680987,1,8.58803,2771,0.2,0,15,"both",0.441315540583741,-0.0344845419177708
"3881","session2",11.0348822732713,6.70683618643773,1.33431746472223,8.40789352482219e-05,0.744674546749842,0.408199289164354,0.199637689139836,11,2,150,0.441315540583741,-0.0344845419177708,26,2.80978395012885,1,21.71107,2771,0.2,0,15,"both",0.441315540583741,-0.0344845419177708
"3882","session2",11.0348822732713,6.70683618643773,1.33431746472223,8.40789352482219e-05,0.744674546749842,0.408199289164354,0.199637689139836,11,2,150,0.441315540583741,-0.0344845419177708,26,2.31957428423167,0,0.892200000000001,2771,0.2,0,15,"both",0.441315540583741,-0.0344845419177708
"3883","session2",11.0348822732713,6.70683618643773,1.33431746472223,8.40789352482219e-05,0.744674546749842,0.408199289164354,0.199637689139836,11,2,150,0.441315540583741,-0.0344845419177708,26,3.47897823303558,1,16.47812,2771,0.2,0,15,"both",0.441315540583741,-0.0344845419177708
"3884","session2",11.0348822732713,6.70683618643773,1.33431746472223,8.40789352482219e-05,0.744674546749842,0.408199289164354,0.199637689139836,11,2,150,0.441315540583741,-0.0344845419177708,26,3.70093738555282,0,-0.5436,2771,0.2,0,15,"both",0.441315540583741,-0.0344845419177708
"3885","session2",11.0348822732713,6.70683618643773,1.33431746472223,8.40789352482219e-05,0.744674546749842,0.408199289164354,0.199637689139836,11,2,150,0.441315540583741,-0.0344845419177708,26,2.56963268942241,1,17.94786,2771,0.2,0,15,"both",0.441315540583741,-0.0344845419177708
"3886","session2",11.0348822732713,6.70683618643773,1.33431746472223,8.40789352482219e-05,0.744674546749842,0.408199289164354,0.199637689139836,11,2,150,0.441315540583741,-0.0344845419177708,26,1.62914894867625,0,0.592500000000001,2771,0.2,0,15,"both",0.441315540583741,-0.0344845419177708
"3887","session2",11.0348822732713,6.70683618643773,1.33431746472223,8.40789352482219e-05,0.744674546749842,0.408199289164354,0.199637689139836,11,2,150,0.441315540583741,-0.0344845419177708,26,1.45292477606381,1,21.3359,2771,0.2,0,15,"both",0.441315540583741,-0.0344845419177708
"3888","session2",11.0348822732713,6.70683618643773,1.33431746472223,8.40789352482219e-05,0.744674546749842,0.408199289164354,0.199637689139836,11,2,150,0.441315540583741,-0.0344845419177708,26,1.46507815370392,0,-0.236360000000001,2771,0.2,0,15,"both",0.441315540583741,-0.0344845419177708
"3889","session2",11.0348822732713,6.70683618643773,1.33431746472223,8.40789352482219e-05,0.744674546749842,0.408199289164354,0.199637689139836,11,2,150,0.441315540583741,-0.0344845419177708,26,6.83367998571818,1,1.45843,2771,0.2,0,15,"both",0.441315540583741,-0.0344845419177708
"3890","session2",11.0348822732713,6.70683618643773,1.33431746472223,8.40789352482219e-05,0.744674546749842,0.408199289164354,0.199637689139836,11,2,150,0.441315540583741,-0.0344845419177708,26,3.30977641637237,0,19.92692,2771,0.2,0,15,"both",0.441315540583741,-0.0344845419177708
"3891","session2",11.0348822732713,6.70683618643773,1.33431746472223,8.40789352482219e-05,0.744674546749842,0.408199289164354,0.199637689139836,11,2,150,0.441315540583741,-0.0344845419177708,26,2.06871527507122,0,1.45698,2771,0.2,0,15,"both",0.441315540583741,-0.0344845419177708
"3892","session2",11.0348822732713,6.70683618643773,1.33431746472223,8.40789352482219e-05,0.744674546749842,0.408199289164354,0.199637689139836,11,2,150,0.441315540583741,-0.0344845419177708,26,1.76838873083079,1,21.93313,2771,0.2,0,15,"both",0.441315540583741,-0.0344845419177708
"3893","session2",11.0348822732713,6.70683618643773,1.33431746472223,8.40789352482219e-05,0.744674546749842,0.408199289164354,0.199637689139836,11,2,150,0.441315540583741,-0.0344845419177708,26,1.87383345153816,1,18.25269,2771,0.2,0,15,"both",0.441315540583741,-0.0344845419177708
"3894","session2",11.0348822732713,6.70683618643773,1.33431746472223,8.40789352482219e-05,0.744674546749842,0.408199289164354,0.199637689139836,11,2,150,0.441315540583741,-0.0344845419177708,26,2.93926592680658,0,5.41278,2771,0.2,0,15,"both",0.441315540583741,-0.0344845419177708
"3895","session2",11.0348822732713,6.70683618643773,1.33431746472223,8.40789352482219e-05,0.744674546749842,0.408199289164354,0.199637689139836,11,2,150,0.441315540583741,-0.0344845419177708,26,2.91836382417923,1,18.21477,2771,0.2,0,15,"both",0.441315540583741,-0.0344845419177708
"3896","session2",11.0348822732713,6.70683618643773,1.33431746472223,8.40789352482219e-05,0.744674546749842,0.408199289164354,0.199637689139836,11,2,150,0.441315540583741,-0.0344845419177708,26,4.08862124093695,0,1.72662,2771,0.2,0,15,"both",0.441315540583741,-0.0344845419177708
"3897","session2",11.0348822732713,6.70683618643773,1.33431746472223,8.40789352482219e-05,0.744674546749842,0.408199289164354,0.199637689139836,11,2,150,0.441315540583741,-0.0344845419177708,26,1.8500027968362,0,3.94972,2771,0.2,0,15,"both",0.441315540583741,-0.0344845419177708
"3898","session2",11.0348822732713,6.70683618643773,1.33431746472223,8.40789352482219e-05,0.744674546749842,0.408199289164354,0.199637689139836,11,2,150,0.441315540583741,-0.0344845419177708,26,2.4629789402304,0,16.51594,2771,0.2,0,15,"both",0.441315540583741,-0.0344845419177708
"3899","session2",11.0348822732713,6.70683618643773,1.33431746472223,8.40789352482219e-05,0.744674546749842,0.408199289164354,0.199637689139836,11,2,150,0.441315540583741,-0.0344845419177708,26,3.8392596074077,1,18.50688,2771,0.2,0,15,"both",0.441315540583741,-0.0344845419177708
"3900","session2",11.0348822732713,6.70683618643773,1.33431746472223,8.40789352482219e-05,0.744674546749842,0.408199289164354,0.199637689139836,11,2,150,0.441315540583741,-0.0344845419177708,26,0.999750935990515,1,20.15178,2771,0.2,0,15,"both",0.441315540583741,-0.0344845419177708
"3901","session2",-31.6821288812269,10.5782018697612,4.03173779158838,0.00012499556069491,0.430087212386945,0.244891907371189,0.314841760156927,12,2,150,0.441315540583741,-0.0344845419177708,27,2.05741599530286,1,-9.2046769239,2771,0.2,0,15,"both",0.441315540583741,-0.0344845419177708
"3902","session2",-31.6821288812269,10.5782018697612,4.03173779158838,0.00012499556069491,0.430087212386945,0.244891907371189,0.314841760156927,12,2,150,0.441315540583741,-0.0344845419177708,27,1.81615864580116,1,-11.8610620296,2771,0.2,0,15,"both",0.441315540583741,-0.0344845419177708
"3903","session2",-31.6821288812269,10.5782018697612,4.03173779158838,0.00012499556069491,0.430087212386945,0.244891907371189,0.314841760156927,12,2,150,0.441315540583741,-0.0344845419177708,27,3.42628103841547,1,-20.651953121,2771,0.2,0,15,"both",0.441315540583741,-0.0344845419177708
"3904","session2",-31.6821288812269,10.5782018697612,4.03173779158838,0.00012499556069491,0.430087212386945,0.244891907371189,0.314841760156927,12,2,150,0.441315540583741,-0.0344845419177708,27,4.19088234375401,1,-25.216042194,2771,0.2,0,15,"both",0.441315540583741,-0.0344845419177708
"3905","session2",-31.6821288812269,10.5782018697612,4.03173779158838,0.00012499556069491,0.430087212386945,0.244891907371189,0.314841760156927,12,2,150,0.441315540583741,-0.0344845419177708,27,4.93502416089213,1,-26.16758,2771,0.2,0,15,"both",0.441315540583741,-0.0344845419177708
"3906","session2",-31.6821288812269,10.5782018697612,4.03173779158838,0.00012499556069491,0.430087212386945,0.244891907371189,0.314841760156927,12,2,150,0.441315540583741,-0.0344845419177708,27,2.93900087296388,0,-39.5011,2771,0.2,0,15,"both",0.441315540583741,-0.0344845419177708
"3907","session2",-31.6821288812269,10.5782018697612,4.03173779158838,0.00012499556069491,0.430087212386945,0.244891907371189,0.314841760156927,12,2,150,0.441315540583741,-0.0344845419177708,27,1.76277428010951,1,-49.45889,2771,0.2,0,15,"both",0.441315540583741,-0.0344845419177708
"3908","session2",-31.6821288812269,10.5782018697612,4.03173779158838,0.00012499556069491,0.430087212386945,0.244891907371189,0.314841760156927,12,2,150,0.441315540583741,-0.0344845419177708,27,3.50624641052745,1,-24.76604,2771,0.2,0,15,"both",0.441315540583741,-0.0344845419177708
"3909","session2",-31.6821288812269,10.5782018697612,4.03173779158838,0.00012499556069491,0.430087212386945,0.244891907371189,0.314841760156927,12,2,150,0.441315540583741,-0.0344845419177708,27,1.44642872914489,1,-12.0056,2771,0.2,0,15,"both",0.441315540583741,-0.0344845419177708
"3910","session2",-31.6821288812269,10.5782018697612,4.03173779158838,0.00012499556069491,0.430087212386945,0.244891907371189,0.314841760156927,12,2,150,0.441315540583741,-0.0344845419177708,27,3.08410979530904,0,-36.20337975,2771,0.2,0,15,"both",0.441315540583741,-0.0344845419177708
"3911","session2",-31.6821288812269,10.5782018697612,4.03173779158838,0.00012499556069491,0.430087212386945,0.244891907371189,0.314841760156927,12,2,150,0.441315540583741,-0.0344845419177708,27,4.88241933857413,1,-31.3084,2771,0.2,0,15,"both",0.441315540583741,-0.0344845419177708
"3912","session2",-31.6821288812269,10.5782018697612,4.03173779158838,0.00012499556069491,0.430087212386945,0.244891907371189,0.314841760156927,12,2,150,0.441315540583741,-0.0344845419177708,27,4.93078639948551,1,-35.77354,2771,0.2,0,15,"both",0.441315540583741,-0.0344845419177708
"3913","session2",-31.6821288812269,10.5782018697612,4.03173779158838,0.00012499556069491,0.430087212386945,0.244891907371189,0.314841760156927,12,2,150,0.441315540583741,-0.0344845419177708,27,2.57437892575196,0,-43.71403,2771,0.2,0,15,"both",0.441315540583741,-0.0344845419177708
"3914","session2",-31.6821288812269,10.5782018697612,4.03173779158838,0.00012499556069491,0.430087212386945,0.244891907371189,0.314841760156927,12,2,150,0.441315540583741,-0.0344845419177708,27,7.05977171820324,1,-35.189414,2771,0.2,0,15,"both",0.441315540583741,-0.0344845419177708
"3915","session2",-31.6821288812269,10.5782018697612,4.03173779158838,0.00012499556069491,0.430087212386945,0.244891907371189,0.314841760156927,12,2,150,0.441315540583741,-0.0344845419177708,27,3.92398555613177,0,-31.39057,2771,0.2,0,15,"both",0.441315540583741,-0.0344845419177708
"3916","session2",-31.6821288812269,10.5782018697612,4.03173779158838,0.00012499556069491,0.430087212386945,0.244891907371189,0.314841760156927,12,2,150,0.441315540583741,-0.0344845419177708,27,3.35809324032135,1,-23.17663,2771,0.2,0,15,"both",0.441315540583741,-0.0344845419177708
"3917","session2",-31.6821288812269,10.5782018697612,4.03173779158838,0.00012499556069491,0.430087212386945,0.244891907371189,0.314841760156927,12,2,150,0.441315540583741,-0.0344845419177708,27,3.94832352043852,1,-26.6484,2771,0.2,0,15,"both",0.441315540583741,-0.0344845419177708
"3918","session2",-31.6821288812269,10.5782018697612,4.03173779158838,0.00012499556069491,0.430087212386945,0.244891907371189,0.314841760156927,12,2,150,0.441315540583741,-0.0344845419177708,27,3.62202376401671,0,-38.0422952,2771,0.2,0,15,"both",0.441315540583741,-0.0344845419177708
"3919","session2",-31.6821288812269,10.5782018697612,4.03173779158838,0.00012499556069491,0.430087212386945,0.244891907371189,0.314841760156927,12,2,150,0.441315540583741,-0.0344845419177708,27,2.10486038095547,0,-46.577,2771,0.2,0,15,"both",0.441315540583741,-0.0344845419177708
"3920","session2",-31.6821288812269,10.5782018697612,4.03173779158838,0.00012499556069491,0.430087212386945,0.244891907371189,0.314841760156927,12,2,150,0.441315540583741,-0.0344845419177708,27,2.41592981937943,0,-43.93658,2771,0.2,0,15,"both",0.441315540583741,-0.0344845419177708
"3921","session2",-31.6821288812269,10.5782018697612,4.03173779158838,0.00012499556069491,0.430087212386945,0.244891907371189,0.314841760156927,12,2,150,0.441315540583741,-0.0344845419177708,27,3.80869973713234,1,-26.40801,2771,0.2,0,15,"both",0.441315540583741,-0.0344845419177708
"3922","session2",-31.6821288812269,10.5782018697612,4.03173779158838,0.00012499556069491,0.430087212386945,0.244891907371189,0.314841760156927,12,2,150,0.441315540583741,-0.0344845419177708,27,4.08483802453584,0,-39.55242,2771,0.2,0,15,"both",0.441315540583741,-0.0344845419177708
"3923","session2",-31.6821288812269,10.5782018697612,4.03173779158838,0.00012499556069491,0.430087212386945,0.244891907371189,0.314841760156927,12,2,150,0.441315540583741,-0.0344845419177708,27,2.61366453295322,0,-41.53,2771,0.2,0,15,"both",0.441315540583741,-0.0344845419177708
"3924","session2",-31.6821288812269,10.5782018697612,4.03173779158838,0.00012499556069491,0.430087212386945,0.244891907371189,0.314841760156927,12,2,150,0.441315540583741,-0.0344845419177708,27,3.72055065775662,0,-34.8368,2771,0.2,0,15,"both",0.441315540583741,-0.0344845419177708
"3925","session2",-31.6821288812269,10.5782018697612,4.03173779158838,0.00012499556069491,0.430087212386945,0.244891907371189,0.314841760156927,12,2,150,0.441315540583741,-0.0344845419177708,27,3.83804126467045,0,-35.59844,2771,0.2,0,15,"both",0.441315540583741,-0.0344845419177708
"3926","session2",-31.6821288812269,10.5782018697612,4.03173779158838,0.00012499556069491,0.430087212386945,0.244891907371189,0.314841760156927,12,2,150,0.441315540583741,-0.0344845419177708,27,3.50635679492919,0,-38.36024,2771,0.2,0,15,"both",0.441315540583741,-0.0344845419177708
"3927","session2",-31.6821288812269,10.5782018697612,4.03173779158838,0.00012499556069491,0.430087212386945,0.244891907371189,0.314841760156927,12,2,150,0.441315540583741,-0.0344845419177708,27,3.62270688792035,0,-25.2981,2771,0.2,0,15,"both",0.441315540583741,-0.0344845419177708
"3928","session2",-31.6821288812269,10.5782018697612,4.03173779158838,0.00012499556069491,0.430087212386945,0.244891907371189,0.314841760156927,12,2,150,0.441315540583741,-0.0344845419177708,27,3.20019348218852,1,-22.9012,2771,0.2,0,15,"both",0.441315540583741,-0.0344845419177708
"3929","session2",-31.6821288812269,10.5782018697612,4.03173779158838,0.00012499556069491,0.430087212386945,0.244891907371189,0.314841760156927,12,2,150,0.441315540583741,-0.0344845419177708,27,6.09614151908553,1,-30.12672,2771,0.2,0,15,"both",0.441315540583741,-0.0344845419177708
"3930","session2",-31.6821288812269,10.5782018697612,4.03173779158838,0.00012499556069491,0.430087212386945,0.244891907371189,0.314841760156927,12,2,150,0.441315540583741,-0.0344845419177708,27,2.27410887853838,1,-16.901,2771,0.2,0,15,"both",0.441315540583741,-0.0344845419177708
"3931","session2",-31.6821288812269,10.5782018697612,4.03173779158838,0.00012499556069491,0.430087212386945,0.244891907371189,0.314841760156927,12,2,150,0.441315540583741,-0.0344845419177708,27,4.66078161854122,0,-25.53969,2771,0.2,0,15,"both",0.441315540583741,-0.0344845419177708
"3932","session2",-31.6821288812269,10.5782018697612,4.03173779158838,0.00012499556069491,0.430087212386945,0.244891907371189,0.314841760156927,12,2,150,0.441315540583741,-0.0344845419177708,27,1.95477410652794,1,-10.1883,2771,0.2,0,15,"both",0.441315540583741,-0.0344845419177708
"3933","session2",-31.6821288812269,10.5782018697612,4.03173779158838,0.00012499556069491,0.430087212386945,0.244891907371189,0.314841760156927,12,2,150,0.441315540583741,-0.0344845419177708,27,8,1,-30.56026,2771,0.2,0,15,"both",0.441315540583741,-0.0344845419177708
"3934","session2",-31.6821288812269,10.5782018697612,4.03173779158838,0.00012499556069491,0.430087212386945,0.244891907371189,0.314841760156927,12,2,150,0.441315540583741,-0.0344845419177708,27,2.42551771703018,1,-39.17891,2771,0.2,0,15,"both",0.441315540583741,-0.0344845419177708
"3935","session2",-31.6821288812269,10.5782018697612,4.03173779158838,0.00012499556069491,0.430087212386945,0.244891907371189,0.314841760156927,12,2,150,0.441315540583741,-0.0344845419177708,27,3.26779813424174,0,-35.18644,2771,0.2,0,15,"both",0.441315540583741,-0.0344845419177708
"3936","session2",-31.6821288812269,10.5782018697612,4.03173779158838,0.00012499556069491,0.430087212386945,0.244891907371189,0.314841760156927,12,2,150,0.441315540583741,-0.0344845419177708,27,3.79612487386485,1,-39.01735,2771,0.2,0,15,"both",0.441315540583741,-0.0344845419177708
"3937","session2",-31.6821288812269,10.5782018697612,4.03173779158838,0.00012499556069491,0.430087212386945,0.244891907371189,0.314841760156927,12,2,150,0.441315540583741,-0.0344845419177708,27,2.15890683577188,1,-42.58804,2771,0.2,0,15,"both",0.441315540583741,-0.0344845419177708
"3938","session2",-31.6821288812269,10.5782018697612,4.03173779158838,0.00012499556069491,0.430087212386945,0.244891907371189,0.314841760156927,12,2,150,0.441315540583741,-0.0344845419177708,27,4.81957143982669,0,-34.02496,2771,0.2,0,15,"both",0.441315540583741,-0.0344845419177708
"3939","session2",-31.6821288812269,10.5782018697612,4.03173779158838,0.00012499556069491,0.430087212386945,0.244891907371189,0.314841760156927,12,2,150,0.441315540583741,-0.0344845419177708,27,2.19505020658492,1,-20.0984,2771,0.2,0,15,"both",0.441315540583741,-0.0344845419177708
"3940","session2",-31.6821288812269,10.5782018697612,4.03173779158838,0.00012499556069491,0.430087212386945,0.244891907371189,0.314841760156927,12,2,150,0.441315540583741,-0.0344845419177708,27,3.16826290167957,1,-18.9994,2771,0.2,0,15,"both",0.441315540583741,-0.0344845419177708
"3941","session2",-31.6821288812269,10.5782018697612,4.03173779158838,0.00012499556069491,0.430087212386945,0.244891907371189,0.314841760156927,12,2,150,0.441315540583741,-0.0344845419177708,27,2.87411310815353,1,-19.4293,2771,0.2,0,15,"both",0.441315540583741,-0.0344845419177708
"3942","session2",-31.6821288812269,10.5782018697612,4.03173779158838,0.00012499556069491,0.430087212386945,0.244891907371189,0.314841760156927,12,2,150,0.441315540583741,-0.0344845419177708,27,2.83773857799161,0,-39.41678,2771,0.2,0,15,"both",0.441315540583741,-0.0344845419177708
"3943","session2",-31.6821288812269,10.5782018697612,4.03173779158838,0.00012499556069491,0.430087212386945,0.244891907371189,0.314841760156927,12,2,150,0.441315540583741,-0.0344845419177708,27,4.42507302981932,1,-32.83521,2771,0.2,0,15,"both",0.441315540583741,-0.0344845419177708
"3944","session2",-31.6821288812269,10.5782018697612,4.03173779158838,0.00012499556069491,0.430087212386945,0.244891907371189,0.314841760156927,12,2,150,0.441315540583741,-0.0344845419177708,27,2.70636233498423,1,-37.97318,2771,0.2,0,15,"both",0.441315540583741,-0.0344845419177708
"3945","session2",-31.6821288812269,10.5782018697612,4.03173779158838,0.00012499556069491,0.430087212386945,0.244891907371189,0.314841760156927,12,2,150,0.441315540583741,-0.0344845419177708,27,3.03959036219795,1,-43.3277,2771,0.2,0,15,"both",0.441315540583741,-0.0344845419177708
"3946","session2",-31.6821288812269,10.5782018697612,4.03173779158838,0.00012499556069491,0.430087212386945,0.244891907371189,0.314841760156927,12,2,150,0.441315540583741,-0.0344845419177708,27,4.42129936623605,1,-34.43837,2771,0.2,0,15,"both",0.441315540583741,-0.0344845419177708
"3947","session2",-31.6821288812269,10.5782018697612,4.03173779158838,0.00012499556069491,0.430087212386945,0.244891907371189,0.314841760156927,12,2,150,0.441315540583741,-0.0344845419177708,27,2.90813509718285,1,-22.7254,2771,0.2,0,15,"both",0.441315540583741,-0.0344845419177708
"3948","session2",-31.6821288812269,10.5782018697612,4.03173779158838,0.00012499556069491,0.430087212386945,0.244891907371189,0.314841760156927,12,2,150,0.441315540583741,-0.0344845419177708,27,4.30850499890055,1,-32.23673,2771,0.2,0,15,"both",0.441315540583741,-0.0344845419177708
"3949","session2",-31.6821288812269,10.5782018697612,4.03173779158838,0.00012499556069491,0.430087212386945,0.244891907371189,0.314841760156927,12,2,150,0.441315540583741,-0.0344845419177708,27,2.9221680165608,0,-48.76286,2771,0.2,0,15,"both",0.441315540583741,-0.0344845419177708
"3950","session2",-31.6821288812269,10.5782018697612,4.03173779158838,0.00012499556069491,0.430087212386945,0.244891907371189,0.314841760156927,12,2,150,0.441315540583741,-0.0344845419177708,27,4.96434275667741,0,-36.8230614,2771,0.2,0,15,"both",0.441315540583741,-0.0344845419177708
"3951","session2",-31.6821288812269,10.5782018697612,4.03173779158838,0.00012499556069491,0.430087212386945,0.244891907371189,0.314841760156927,12,2,150,0.441315540583741,-0.0344845419177708,27,4.1688262364903,0,-35.7616042,2771,0.2,0,15,"both",0.441315540583741,-0.0344845419177708
"3952","session2",-31.6821288812269,10.5782018697612,4.03173779158838,0.00012499556069491,0.430087212386945,0.244891907371189,0.314841760156927,12,2,150,0.441315540583741,-0.0344845419177708,27,4.30661230343628,1,-31.31099,2771,0.2,0,15,"both",0.441315540583741,-0.0344845419177708
"3953","session2",-31.6821288812269,10.5782018697612,4.03173779158838,0.00012499556069491,0.430087212386945,0.244891907371189,0.314841760156927,12,2,150,0.441315540583741,-0.0344845419177708,27,1.91434693923655,0,-49.45551,2771,0.2,0,15,"both",0.441315540583741,-0.0344845419177708
"3954","session2",-31.6821288812269,10.5782018697612,4.03173779158838,0.00012499556069491,0.430087212386945,0.244891907371189,0.314841760156927,12,2,150,0.441315540583741,-0.0344845419177708,27,3.38726441108341,1,-25.55536,2771,0.2,0,15,"both",0.441315540583741,-0.0344845419177708
"3955","session2",-31.6821288812269,10.5782018697612,4.03173779158838,0.00012499556069491,0.430087212386945,0.244891907371189,0.314841760156927,12,2,150,0.441315540583741,-0.0344845419177708,27,2.85146215501446,1,-24.6609,2771,0.2,0,15,"both",0.441315540583741,-0.0344845419177708
"3956","session2",-31.6821288812269,10.5782018697612,4.03173779158838,0.00012499556069491,0.430087212386945,0.244891907371189,0.314841760156927,12,2,150,0.441315540583741,-0.0344845419177708,27,2.62205551116646,0,-43.8819,2771,0.2,0,15,"both",0.441315540583741,-0.0344845419177708
"3957","session2",-31.6821288812269,10.5782018697612,4.03173779158838,0.00012499556069491,0.430087212386945,0.244891907371189,0.314841760156927,12,2,150,0.441315540583741,-0.0344845419177708,27,3.41014152354017,0,-44.98967,2771,0.2,0,15,"both",0.441315540583741,-0.0344845419177708
"3958","session2",-31.6821288812269,10.5782018697612,4.03173779158838,0.00012499556069491,0.430087212386945,0.244891907371189,0.314841760156927,12,2,150,0.441315540583741,-0.0344845419177708,27,2.03024119397526,1,-43.65363,2771,0.2,0,15,"both",0.441315540583741,-0.0344845419177708
"3959","session2",-31.6821288812269,10.5782018697612,4.03173779158838,0.00012499556069491,0.430087212386945,0.244891907371189,0.314841760156927,12,2,150,0.441315540583741,-0.0344845419177708,27,4.35985351928208,1,-29.4398,2771,0.2,0,15,"both",0.441315540583741,-0.0344845419177708
"3960","session2",-31.6821288812269,10.5782018697612,4.03173779158838,0.00012499556069491,0.430087212386945,0.244891907371189,0.314841760156927,12,2,150,0.441315540583741,-0.0344845419177708,27,2.62348782375168,1,-22.3777,2771,0.2,0,15,"both",0.441315540583741,-0.0344845419177708
"3961","session2",-31.6821288812269,10.5782018697612,4.03173779158838,0.00012499556069491,0.430087212386945,0.244891907371189,0.314841760156927,12,2,150,0.441315540583741,-0.0344845419177708,27,2.69680829586847,1,-16.3235,2771,0.2,0,15,"both",0.441315540583741,-0.0344845419177708
"3962","session2",-31.6821288812269,10.5782018697612,4.03173779158838,0.00012499556069491,0.430087212386945,0.244891907371189,0.314841760156927,12,2,150,0.441315540583741,-0.0344845419177708,27,2.71364884580346,1,-22.8053,2771,0.2,0,15,"both",0.441315540583741,-0.0344845419177708
"3963","session2",-31.6821288812269,10.5782018697612,4.03173779158838,0.00012499556069491,0.430087212386945,0.244891907371189,0.314841760156927,12,2,150,0.441315540583741,-0.0344845419177708,27,2.35786672500799,0,-47.6603,2771,0.2,0,15,"both",0.441315540583741,-0.0344845419177708
"3964","session2",-31.6821288812269,10.5782018697612,4.03173779158838,0.00012499556069491,0.430087212386945,0.244891907371189,0.314841760156927,12,2,150,0.441315540583741,-0.0344845419177708,27,5.17146508714738,0,-32.97851,2771,0.2,0,15,"both",0.441315540583741,-0.0344845419177708
"3965","session2",-31.6821288812269,10.5782018697612,4.03173779158838,0.00012499556069491,0.430087212386945,0.244891907371189,0.314841760156927,12,2,150,0.441315540583741,-0.0344845419177708,27,7.80820036782139,0,-36.0509984,2771,0.2,0,15,"both",0.441315540583741,-0.0344845419177708
"3966","session2",-31.6821288812269,10.5782018697612,4.03173779158838,0.00012499556069491,0.430087212386945,0.244891907371189,0.314841760156927,12,2,150,0.441315540583741,-0.0344845419177708,27,3.28800237387051,1,-32.03368,2771,0.2,0,15,"both",0.441315540583741,-0.0344845419177708
"3967","session2",-31.6821288812269,10.5782018697612,4.03173779158838,0.00012499556069491,0.430087212386945,0.244891907371189,0.314841760156927,12,2,150,0.441315540583741,-0.0344845419177708,27,4.58049378832122,1,-26.7537,2771,0.2,0,15,"both",0.441315540583741,-0.0344845419177708
"3968","session2",-31.6821288812269,10.5782018697612,4.03173779158838,0.00012499556069491,0.430087212386945,0.244891907371189,0.314841760156927,12,2,150,0.441315540583741,-0.0344845419177708,27,4.57682189891415,0,-35.7600048,2771,0.2,0,15,"both",0.441315540583741,-0.0344845419177708
"3969","session2",-31.6821288812269,10.5782018697612,4.03173779158838,0.00012499556069491,0.430087212386945,0.244891907371189,0.314841760156927,12,2,150,0.441315540583741,-0.0344845419177708,27,3.80862888157249,0,-42.90747,2771,0.2,0,15,"both",0.441315540583741,-0.0344845419177708
"3970","session2",-31.6821288812269,10.5782018697612,4.03173779158838,0.00012499556069491,0.430087212386945,0.244891907371189,0.314841760156927,12,2,150,0.441315540583741,-0.0344845419177708,27,3.64424595212375,1,-27.86125,2771,0.2,0,15,"both",0.441315540583741,-0.0344845419177708
"3971","session2",-31.6821288812269,10.5782018697612,4.03173779158838,0.00012499556069491,0.430087212386945,0.244891907371189,0.314841760156927,12,2,150,0.441315540583741,-0.0344845419177708,27,3.83730262584524,0,-38.50174,2771,0.2,0,15,"both",0.441315540583741,-0.0344845419177708
"3972","session2",-31.6821288812269,10.5782018697612,4.03173779158838,0.00012499556069491,0.430087212386945,0.244891907371189,0.314841760156927,12,2,150,0.441315540583741,-0.0344845419177708,27,5.23656118312454,0,-29.44619,2771,0.2,0,15,"both",0.441315540583741,-0.0344845419177708
"3973","session2",-31.6821288812269,10.5782018697612,4.03173779158838,0.00012499556069491,0.430087212386945,0.244891907371189,0.314841760156927,12,2,150,0.441315540583741,-0.0344845419177708,27,3.46678679932651,0,-37.04169,2771,0.2,0,15,"both",0.441315540583741,-0.0344845419177708
"3974","session2",-31.6821288812269,10.5782018697612,4.03173779158838,0.00012499556069491,0.430087212386945,0.244891907371189,0.314841760156927,12,2,150,0.441315540583741,-0.0344845419177708,27,4.03240519903578,0,-25.22895,2771,0.2,0,15,"both",0.441315540583741,-0.0344845419177708
"3975","session2",-31.6821288812269,10.5782018697612,4.03173779158838,0.00012499556069491,0.430087212386945,0.244891907371189,0.314841760156927,12,2,150,0.441315540583741,-0.0344845419177708,27,4.9858468150521,1,-27.46774,2771,0.2,0,15,"both",0.441315540583741,-0.0344845419177708
"3976","session2",-31.6821288812269,10.5782018697612,4.03173779158838,0.00012499556069491,0.430087212386945,0.244891907371189,0.314841760156927,12,2,150,0.441315540583741,-0.0344845419177708,27,2.07781783998078,1,-23.2231,2771,0.2,0,15,"both",0.441315540583741,-0.0344845419177708
"3977","session2",-31.6821288812269,10.5782018697612,4.03173779158838,0.00012499556069491,0.430087212386945,0.244891907371189,0.314841760156927,12,2,150,0.441315540583741,-0.0344845419177708,27,2.70495366194208,1,-23.98364,2771,0.2,0,15,"both",0.441315540583741,-0.0344845419177708
"3978","session2",-31.6821288812269,10.5782018697612,4.03173779158838,0.00012499556069491,0.430087212386945,0.244891907371189,0.314841760156927,12,2,150,0.441315540583741,-0.0344845419177708,27,2.13688344863486,1,-13.742,2771,0.2,0,15,"both",0.441315540583741,-0.0344845419177708
"3979","session2",-31.6821288812269,10.5782018697612,4.03173779158838,0.00012499556069491,0.430087212386945,0.244891907371189,0.314841760156927,12,2,150,0.441315540583741,-0.0344845419177708,27,2.43659284100938,0,-41.56012,2771,0.2,0,15,"both",0.441315540583741,-0.0344845419177708
"3980","session2",-31.6821288812269,10.5782018697612,4.03173779158838,0.00012499556069491,0.430087212386945,0.244891907371189,0.314841760156927,12,2,150,0.441315540583741,-0.0344845419177708,27,2.94551019087946,0,-41.951,2771,0.2,0,15,"both",0.441315540583741,-0.0344845419177708
"3981","session2",-31.6821288812269,10.5782018697612,4.03173779158838,0.00012499556069491,0.430087212386945,0.244891907371189,0.314841760156927,12,2,150,0.441315540583741,-0.0344845419177708,27,5.33011420099828,1,-29.55312,2771,0.2,0,15,"both",0.441315540583741,-0.0344845419177708
"3982","session2",-31.6821288812269,10.5782018697612,4.03173779158838,0.00012499556069491,0.430087212386945,0.244891907371189,0.314841760156927,12,2,150,0.441315540583741,-0.0344845419177708,27,4.30026151458116,1,-23.33022,2771,0.2,0,15,"both",0.441315540583741,-0.0344845419177708
"3983","session2",-31.6821288812269,10.5782018697612,4.03173779158838,0.00012499556069491,0.430087212386945,0.244891907371189,0.314841760156927,12,2,150,0.441315540583741,-0.0344845419177708,27,3.5594542537771,0,-39.48993,2771,0.2,0,15,"both",0.441315540583741,-0.0344845419177708
"3984","session2",-31.6821288812269,10.5782018697612,4.03173779158838,0.00012499556069491,0.430087212386945,0.244891907371189,0.314841760156927,12,2,150,0.441315540583741,-0.0344845419177708,27,3.84003746835152,1,-23.3623,2771,0.2,0,15,"both",0.441315540583741,-0.0344845419177708
"3985","session2",-31.6821288812269,10.5782018697612,4.03173779158838,0.00012499556069491,0.430087212386945,0.244891907371189,0.314841760156927,12,2,150,0.441315540583741,-0.0344845419177708,27,2.81904558745939,0,-41.576,2771,0.2,0,15,"both",0.441315540583741,-0.0344845419177708
"3986","session2",-31.6821288812269,10.5782018697612,4.03173779158838,0.00012499556069491,0.430087212386945,0.244891907371189,0.314841760156927,12,2,150,0.441315540583741,-0.0344845419177708,27,1.9365835592236,0,-43.99959,2771,0.2,0,15,"both",0.441315540583741,-0.0344845419177708
"3987","session2",-31.6821288812269,10.5782018697612,4.03173779158838,0.00012499556069491,0.430087212386945,0.244891907371189,0.314841760156927,12,2,150,0.441315540583741,-0.0344845419177708,27,5.71495728409934,1,-27.59696,2771,0.2,0,15,"both",0.441315540583741,-0.0344845419177708
"3988","session2",-31.6821288812269,10.5782018697612,4.03173779158838,0.00012499556069491,0.430087212386945,0.244891907371189,0.314841760156927,12,2,150,0.441315540583741,-0.0344845419177708,27,3.94014405512514,1,-29.75588,2771,0.2,0,15,"both",0.441315540583741,-0.0344845419177708
"3989","session2",-31.6821288812269,10.5782018697612,4.03173779158838,0.00012499556069491,0.430087212386945,0.244891907371189,0.314841760156927,12,2,150,0.441315540583741,-0.0344845419177708,27,3.88666804380276,0,-41.71557,2771,0.2,0,15,"both",0.441315540583741,-0.0344845419177708
"3990","session2",-31.6821288812269,10.5782018697612,4.03173779158838,0.00012499556069491,0.430087212386945,0.244891907371189,0.314841760156927,12,2,150,0.441315540583741,-0.0344845419177708,27,3.75422384047903,0,-25.75046,2771,0.2,0,15,"both",0.441315540583741,-0.0344845419177708
"3991","session2",-31.6821288812269,10.5782018697612,4.03173779158838,0.00012499556069491,0.430087212386945,0.244891907371189,0.314841760156927,12,2,150,0.441315540583741,-0.0344845419177708,27,2.53754914110749,1,-23.75589,2771,0.2,0,15,"both",0.441315540583741,-0.0344845419177708
"3992","session2",-31.6821288812269,10.5782018697612,4.03173779158838,0.00012499556069491,0.430087212386945,0.244891907371189,0.314841760156927,12,2,150,0.441315540583741,-0.0344845419177708,27,3.19560275776802,1,-21.1796,2771,0.2,0,15,"both",0.441315540583741,-0.0344845419177708
"3993","session2",-31.6821288812269,10.5782018697612,4.03173779158838,0.00012499556069491,0.430087212386945,0.244891907371189,0.314841760156927,12,2,150,0.441315540583741,-0.0344845419177708,27,2.62788479800906,1,-16.6319,2771,0.2,0,15,"both",0.441315540583741,-0.0344845419177708
"3994","session2",-31.6821288812269,10.5782018697612,4.03173779158838,0.00012499556069491,0.430087212386945,0.244891907371189,0.314841760156927,12,2,150,0.441315540583741,-0.0344845419177708,27,4.37266101753958,0,-44.14949,2771,0.2,0,15,"both",0.441315540583741,-0.0344845419177708
"3995","session2",-31.6821288812269,10.5782018697612,4.03173779158838,0.00012499556069491,0.430087212386945,0.244891907371189,0.314841760156927,12,2,150,0.441315540583741,-0.0344845419177708,27,2.48253455201249,0,-42.47851,2771,0.2,0,15,"both",0.441315540583741,-0.0344845419177708
"3996","session2",-31.6821288812269,10.5782018697612,4.03173779158838,0.00012499556069491,0.430087212386945,0.244891907371189,0.314841760156927,12,2,150,0.441315540583741,-0.0344845419177708,27,4.10003918409766,1,-27.946,2771,0.2,0,15,"both",0.441315540583741,-0.0344845419177708
"3997","session2",-31.6821288812269,10.5782018697612,4.03173779158838,0.00012499556069491,0.430087212386945,0.244891907371189,0.314841760156927,12,2,150,0.441315540583741,-0.0344845419177708,27,5.24982618440104,0,-26.57277,2771,0.2,0,15,"both",0.441315540583741,-0.0344845419177708
"3998","session2",-31.6821288812269,10.5782018697612,4.03173779158838,0.00012499556069491,0.430087212386945,0.244891907371189,0.314841760156927,12,2,150,0.441315540583741,-0.0344845419177708,27,7.02445826658352,1,-36.0978,2771,0.2,0,15,"both",0.441315540583741,-0.0344845419177708
"3999","session2",-31.6821288812269,10.5782018697612,4.03173779158838,0.00012499556069491,0.430087212386945,0.244891907371189,0.314841760156927,12,2,150,0.441315540583741,-0.0344845419177708,27,4.12416382464306,0,-35.91215,2771,0.2,0,15,"both",0.441315540583741,-0.0344845419177708
"4000","session2",-31.6821288812269,10.5782018697612,4.03173779158838,0.00012499556069491,0.430087212386945,0.244891907371189,0.314841760156927,12,2,150,0.441315540583741,-0.0344845419177708,27,3.62406349305524,0,-26.61047,2771,0.2,0,15,"both",0.441315540583741,-0.0344845419177708
"4001","session2",-31.6821288812269,10.5782018697612,4.03173779158838,0.00012499556069491,0.430087212386945,0.244891907371189,0.314841760156927,12,2,150,0.441315540583741,-0.0344845419177708,27,3.46433365945013,1,-29.30246,2771,0.2,0,15,"both",0.441315540583741,-0.0344845419177708
"4002","session2",-31.6821288812269,10.5782018697612,4.03173779158838,0.00012499556069491,0.430087212386945,0.244891907371189,0.314841760156927,12,2,150,0.441315540583741,-0.0344845419177708,27,3.71802803541608,1,-29.8344,2771,0.2,0,15,"both",0.441315540583741,-0.0344845419177708
"4003","session2",-31.6821288812269,10.5782018697612,4.03173779158838,0.00012499556069491,0.430087212386945,0.244891907371189,0.314841760156927,12,2,150,0.441315540583741,-0.0344845419177708,27,3.56029010846467,0,-38.51488,2771,0.2,0,15,"both",0.441315540583741,-0.0344845419177708
"4004","session2",-31.6821288812269,10.5782018697612,4.03173779158838,0.00012499556069491,0.430087212386945,0.244891907371189,0.314841760156927,12,2,150,0.441315540583741,-0.0344845419177708,27,4.0384179276106,1,-39.74519,2771,0.2,0,15,"both",0.441315540583741,-0.0344845419177708
"4005","session2",-31.6821288812269,10.5782018697612,4.03173779158838,0.00012499556069491,0.430087212386945,0.244891907371189,0.314841760156927,12,2,150,0.441315540583741,-0.0344845419177708,27,4.59148829123394,1,-24.44256,2771,0.2,0,15,"both",0.441315540583741,-0.0344845419177708
"4006","session2",-31.6821288812269,10.5782018697612,4.03173779158838,0.00012499556069491,0.430087212386945,0.244891907371189,0.314841760156927,12,2,150,0.441315540583741,-0.0344845419177708,27,2.68579881572482,0,-42.29648,2771,0.2,0,15,"both",0.441315540583741,-0.0344845419177708
"4007","session2",-31.6821288812269,10.5782018697612,4.03173779158838,0.00012499556069491,0.430087212386945,0.244891907371189,0.314841760156927,12,2,150,0.441315540583741,-0.0344845419177708,27,3.22382611049334,0,-28.28165,2771,0.2,0,15,"both",0.441315540583741,-0.0344845419177708
"4008","session2",-31.6821288812269,10.5782018697612,4.03173779158838,0.00012499556069491,0.430087212386945,0.244891907371189,0.314841760156927,12,2,150,0.441315540583741,-0.0344845419177708,27,2.81137154452226,1,-26.95981,2771,0.2,0,15,"both",0.441315540583741,-0.0344845419177708
"4009","session2",-31.6821288812269,10.5782018697612,4.03173779158838,0.00012499556069491,0.430087212386945,0.244891907371189,0.314841760156927,12,2,150,0.441315540583741,-0.0344845419177708,27,4.55583841549226,0,-25.02514,2771,0.2,0,15,"both",0.441315540583741,-0.0344845419177708
"4010","session2",-31.6821288812269,10.5782018697612,4.03173779158838,0.00012499556069491,0.430087212386945,0.244891907371189,0.314841760156927,12,2,150,0.441315540583741,-0.0344845419177708,27,4.01878223088209,1,-26.89937,2771,0.2,0,15,"both",0.441315540583741,-0.0344845419177708
"4011","session2",-31.6821288812269,10.5782018697612,4.03173779158838,0.00012499556069491,0.430087212386945,0.244891907371189,0.314841760156927,12,2,150,0.441315540583741,-0.0344845419177708,27,2.83968490564483,1,-23.463,2771,0.2,0,15,"both",0.441315540583741,-0.0344845419177708
"4012","session2",-31.6821288812269,10.5782018697612,4.03173779158838,0.00012499556069491,0.430087212386945,0.244891907371189,0.314841760156927,12,2,150,0.441315540583741,-0.0344845419177708,27,4.02756349387449,1,-27.03592,2771,0.2,0,15,"both",0.441315540583741,-0.0344845419177708
"4013","session2",-31.6821288812269,10.5782018697612,4.03173779158838,0.00012499556069491,0.430087212386945,0.244891907371189,0.314841760156927,12,2,150,0.441315540583741,-0.0344845419177708,27,5.3617918659588,0,-27.87834,2771,0.2,0,15,"both",0.441315540583741,-0.0344845419177708
"4014","session2",-31.6821288812269,10.5782018697612,4.03173779158838,0.00012499556069491,0.430087212386945,0.244891907371189,0.314841760156927,12,2,150,0.441315540583741,-0.0344845419177708,27,3.32751772885623,0,-37.29354,2771,0.2,0,15,"both",0.441315540583741,-0.0344845419177708
"4015","session2",-31.6821288812269,10.5782018697612,4.03173779158838,0.00012499556069491,0.430087212386945,0.244891907371189,0.314841760156927,12,2,150,0.441315540583741,-0.0344845419177708,27,2.67623581313308,1,-26.66883,2771,0.2,0,15,"both",0.441315540583741,-0.0344845419177708
"4016","session2",-31.6821288812269,10.5782018697612,4.03173779158838,0.00012499556069491,0.430087212386945,0.244891907371189,0.314841760156927,12,2,150,0.441315540583741,-0.0344845419177708,27,3.54628022109964,1,-37.17672,2771,0.2,0,15,"both",0.441315540583741,-0.0344845419177708
"4017","session2",-31.6821288812269,10.5782018697612,4.03173779158838,0.00012499556069491,0.430087212386945,0.244891907371189,0.314841760156927,12,2,150,0.441315540583741,-0.0344845419177708,27,3.88625014519852,1,-23.94003,2771,0.2,0,15,"both",0.441315540583741,-0.0344845419177708
"4018","session2",-31.6821288812269,10.5782018697612,4.03173779158838,0.00012499556069491,0.430087212386945,0.244891907371189,0.314841760156927,12,2,150,0.441315540583741,-0.0344845419177708,27,3.18914500305521,1,-40.18112,2771,0.2,0,15,"both",0.441315540583741,-0.0344845419177708
"4019","session2",-31.6821288812269,10.5782018697612,4.03173779158838,0.00012499556069491,0.430087212386945,0.244891907371189,0.314841760156927,12,2,150,0.441315540583741,-0.0344845419177708,27,5.35569649937934,0,-29.36792,2771,0.2,0,15,"both",0.441315540583741,-0.0344845419177708
"4020","session2",-31.6821288812269,10.5782018697612,4.03173779158838,0.00012499556069491,0.430087212386945,0.244891907371189,0.314841760156927,12,2,150,0.441315540583741,-0.0344845419177708,27,3.84460185575933,0,-39.84223,2771,0.2,0,15,"both",0.441315540583741,-0.0344845419177708
"4021","session2",-31.6821288812269,10.5782018697612,4.03173779158838,0.00012499556069491,0.430087212386945,0.244891907371189,0.314841760156927,12,2,150,0.441315540583741,-0.0344845419177708,27,4.7333712786793,1,-24.30601,2771,0.2,0,15,"both",0.441315540583741,-0.0344845419177708
"4022","session2",-31.6821288812269,10.5782018697612,4.03173779158838,0.00012499556069491,0.430087212386945,0.244891907371189,0.314841760156927,12,2,150,0.441315540583741,-0.0344845419177708,27,3.82690337216307,0,-22.217,2771,0.2,0,15,"both",0.441315540583741,-0.0344845419177708
"4023","session2",-31.6821288812269,10.5782018697612,4.03173779158838,0.00012499556069491,0.430087212386945,0.244891907371189,0.314841760156927,12,2,150,0.441315540583741,-0.0344845419177708,27,4.4146054334997,1,-27.40307,2771,0.2,0,15,"both",0.441315540583741,-0.0344845419177708
"4024","session2",-31.6821288812269,10.5782018697612,4.03173779158838,0.00012499556069491,0.430087212386945,0.244891907371189,0.314841760156927,12,2,150,0.441315540583741,-0.0344845419177708,27,4.27365829187654,1,-21.5365,2771,0.2,0,15,"both",0.441315540583741,-0.0344845419177708
"4025","session2",-31.6821288812269,10.5782018697612,4.03173779158838,0.00012499556069491,0.430087212386945,0.244891907371189,0.314841760156927,12,2,150,0.441315540583741,-0.0344845419177708,27,3.59707683352792,1,-25.1344,2771,0.2,0,15,"both",0.441315540583741,-0.0344845419177708
"4026","session2",-31.6821288812269,10.5782018697612,4.03173779158838,0.00012499556069491,0.430087212386945,0.244891907371189,0.314841760156927,12,2,150,0.441315540583741,-0.0344845419177708,27,5.3261576535687,1,-25.78431,2771,0.2,0,15,"both",0.441315540583741,-0.0344845419177708
"4027","session2",-31.6821288812269,10.5782018697612,4.03173779158838,0.00012499556069491,0.430087212386945,0.244891907371189,0.314841760156927,12,2,150,0.441315540583741,-0.0344845419177708,27,3.55146875608708,1,-27.02801,2771,0.2,0,15,"both",0.441315540583741,-0.0344845419177708
"4028","session2",-31.6821288812269,10.5782018697612,4.03173779158838,0.00012499556069491,0.430087212386945,0.244891907371189,0.314841760156927,12,2,150,0.441315540583741,-0.0344845419177708,27,5.12417693651301,1,-29.11299,2771,0.2,0,15,"both",0.441315540583741,-0.0344845419177708
"4029","session2",-31.6821288812269,10.5782018697612,4.03173779158838,0.00012499556069491,0.430087212386945,0.244891907371189,0.314841760156927,12,2,150,0.441315540583741,-0.0344845419177708,27,2.66035641119222,0,-43.9431,2771,0.2,0,15,"both",0.441315540583741,-0.0344845419177708
"4030","session2",-31.6821288812269,10.5782018697612,4.03173779158838,0.00012499556069491,0.430087212386945,0.244891907371189,0.314841760156927,12,2,150,0.441315540583741,-0.0344845419177708,27,2.94992429510502,0,-44.3647,2771,0.2,0,15,"both",0.441315540583741,-0.0344845419177708
"4031","session2",-31.6821288812269,10.5782018697612,4.03173779158838,0.00012499556069491,0.430087212386945,0.244891907371189,0.314841760156927,12,2,150,0.441315540583741,-0.0344845419177708,27,2.91860800151425,0,-44.14731,2771,0.2,0,15,"both",0.441315540583741,-0.0344845419177708
"4032","session2",-31.6821288812269,10.5782018697612,4.03173779158838,0.00012499556069491,0.430087212386945,0.244891907371189,0.314841760156927,12,2,150,0.441315540583741,-0.0344845419177708,27,4.98138740043523,0,-30.26286,2771,0.2,0,15,"both",0.441315540583741,-0.0344845419177708
"4033","session2",-31.6821288812269,10.5782018697612,4.03173779158838,0.00012499556069491,0.430087212386945,0.244891907371189,0.314841760156927,12,2,150,0.441315540583741,-0.0344845419177708,27,4.14725807519022,1,-31.01094,2771,0.2,0,15,"both",0.441315540583741,-0.0344845419177708
"4034","session2",-31.6821288812269,10.5782018697612,4.03173779158838,0.00012499556069491,0.430087212386945,0.244891907371189,0.314841760156927,12,2,150,0.441315540583741,-0.0344845419177708,27,3.14369546916915,0,-40.42033,2771,0.2,0,15,"both",0.441315540583741,-0.0344845419177708
"4035","session2",-31.6821288812269,10.5782018697612,4.03173779158838,0.00012499556069491,0.430087212386945,0.244891907371189,0.314841760156927,12,2,150,0.441315540583741,-0.0344845419177708,27,4.01715441353333,1,-25.81478,2771,0.2,0,15,"both",0.441315540583741,-0.0344845419177708
"4036","session2",-31.6821288812269,10.5782018697612,4.03173779158838,0.00012499556069491,0.430087212386945,0.244891907371189,0.314841760156927,12,2,150,0.441315540583741,-0.0344845419177708,27,2.69396042726638,0,-39.14434,2771,0.2,0,15,"both",0.441315540583741,-0.0344845419177708
"4037","session2",-31.6821288812269,10.5782018697612,4.03173779158838,0.00012499556069491,0.430087212386945,0.244891907371189,0.314841760156927,12,2,150,0.441315540583741,-0.0344845419177708,27,2.7633748618021,1,-24.48183,2771,0.2,0,15,"both",0.441315540583741,-0.0344845419177708
"4038","session2",-31.6821288812269,10.5782018697612,4.03173779158838,0.00012499556069491,0.430087212386945,0.244891907371189,0.314841760156927,12,2,150,0.441315540583741,-0.0344845419177708,27,5.97415591175787,0,-25.72463,2771,0.2,0,15,"both",0.441315540583741,-0.0344845419177708
"4039","session2",-31.6821288812269,10.5782018697612,4.03173779158838,0.00012499556069491,0.430087212386945,0.244891907371189,0.314841760156927,12,2,150,0.441315540583741,-0.0344845419177708,27,3.09868574201032,1,-44.35839,2771,0.2,0,15,"both",0.441315540583741,-0.0344845419177708
"4040","session2",-31.6821288812269,10.5782018697612,4.03173779158838,0.00012499556069491,0.430087212386945,0.244891907371189,0.314841760156927,12,2,150,0.441315540583741,-0.0344845419177708,27,3.50085214990408,1,-25.2789,2771,0.2,0,15,"both",0.441315540583741,-0.0344845419177708
"4041","session2",-31.6821288812269,10.5782018697612,4.03173779158838,0.00012499556069491,0.430087212386945,0.244891907371189,0.314841760156927,12,2,150,0.441315540583741,-0.0344845419177708,27,5.07867614129463,1,-33.8902544,2771,0.2,0,15,"both",0.441315540583741,-0.0344845419177708
"4042","session2",-31.6821288812269,10.5782018697612,4.03173779158838,0.00012499556069491,0.430087212386945,0.244891907371189,0.314841760156927,12,2,150,0.441315540583741,-0.0344845419177708,27,6.36916344883219,1,-24.88914,2771,0.2,0,15,"both",0.441315540583741,-0.0344845419177708
"4043","session2",-31.6821288812269,10.5782018697612,4.03173779158838,0.00012499556069491,0.430087212386945,0.244891907371189,0.314841760156927,12,2,150,0.441315540583741,-0.0344845419177708,27,2.74154506665557,1,-18.7212,2771,0.2,0,15,"both",0.441315540583741,-0.0344845419177708
"4044","session2",-31.6821288812269,10.5782018697612,4.03173779158838,0.00012499556069491,0.430087212386945,0.244891907371189,0.314841760156927,12,2,150,0.441315540583741,-0.0344845419177708,27,3.52725778493311,1,-29.39245,2771,0.2,0,15,"both",0.441315540583741,-0.0344845419177708
"4045","session2",-31.6821288812269,10.5782018697612,4.03173779158838,0.00012499556069491,0.430087212386945,0.244891907371189,0.314841760156927,12,2,150,0.441315540583741,-0.0344845419177708,27,2.77955198109903,0,-44.8814,2771,0.2,0,15,"both",0.441315540583741,-0.0344845419177708
"4046","session2",-31.6821288812269,10.5782018697612,4.03173779158838,0.00012499556069491,0.430087212386945,0.244891907371189,0.314841760156927,12,2,150,0.441315540583741,-0.0344845419177708,27,3.6551829311904,0,-23.00191,2771,0.2,0,15,"both",0.441315540583741,-0.0344845419177708
"4047","session2",-31.6821288812269,10.5782018697612,4.03173779158838,0.00012499556069491,0.430087212386945,0.244891907371189,0.314841760156927,12,2,150,0.441315540583741,-0.0344845419177708,27,2.99887412037523,0,-43.45319,2771,0.2,0,15,"both",0.441315540583741,-0.0344845419177708
"4048","session2",-31.6821288812269,10.5782018697612,4.03173779158838,0.00012499556069491,0.430087212386945,0.244891907371189,0.314841760156927,12,2,150,0.441315540583741,-0.0344845419177708,27,3.26285423117553,0,-27.77045,2771,0.2,0,15,"both",0.441315540583741,-0.0344845419177708
"4049","session2",-31.6821288812269,10.5782018697612,4.03173779158838,0.00012499556069491,0.430087212386945,0.244891907371189,0.314841760156927,12,2,150,0.441315540583741,-0.0344845419177708,27,4.47897784434974,1,-27.54902,2771,0.2,0,15,"both",0.441315540583741,-0.0344845419177708
"4050","session2",-31.6821288812269,10.5782018697612,4.03173779158838,0.00012499556069491,0.430087212386945,0.244891907371189,0.314841760156927,12,2,150,0.441315540583741,-0.0344845419177708,27,4.60495881386159,0,-27.84335,2771,0.2,0,15,"both",0.441315540583741,-0.0344845419177708
"4051","session2",-4.23503865888377,3.44395740454778,3.14721252426671,0.00252086205680724,0.143244146271815,0.415774671850313,0.48779699392245,13,2,150,0.441315540583741,-0.0344845419177708,28,1.99212799928277,0,-7.4145976473,2771,0.2,0,15,"both",0.441315540583741,-0.0344845419177708
"4052","session2",-4.23503865888377,3.44395740454778,3.14721252426671,0.00252086205680724,0.143244146271815,0.415774671850313,0.48779699392245,13,2,150,0.441315540583741,-0.0344845419177708,28,0.943959544254308,1,7.2608732879,2771,0.2,0,15,"both",0.441315540583741,-0.0344845419177708
"4053","session2",-4.23503865888377,3.44395740454778,3.14721252426671,0.00252086205680724,0.143244146271815,0.415774671850313,0.48779699392245,13,2,150,0.441315540583741,-0.0344845419177708,28,2.02953147059988,1,0.6317028415,2771,0.2,0,15,"both",0.441315540583741,-0.0344845419177708
"4054","session2",-4.23503865888377,3.44395740454778,3.14721252426671,0.00252086205680724,0.143244146271815,0.415774671850313,0.48779699392245,13,2,150,0.441315540583741,-0.0344845419177708,28,3.24576353993025,0,-3.3664194749,2771,0.2,0,15,"both",0.441315540583741,-0.0344845419177708
"4055","session2",-4.23503865888377,3.44395740454778,3.14721252426671,0.00252086205680724,0.143244146271815,0.415774671850313,0.48779699392245,13,2,150,0.441315540583741,-0.0344845419177708,28,2.01205526038855,0,-10.22398,2771,0.2,0,15,"both",0.441315540583741,-0.0344845419177708
"4056","session2",-4.23503865888377,3.44395740454778,3.14721252426671,0.00252086205680724,0.143244146271815,0.415774671850313,0.48779699392245,13,2,150,0.441315540583741,-0.0344845419177708,28,2.52542950208766,1,3.36588,2771,0.2,0,15,"both",0.441315540583741,-0.0344845419177708
"4057","session2",-4.23503865888377,3.44395740454778,3.14721252426671,0.00252086205680724,0.143244146271815,0.415774671850313,0.48779699392245,13,2,150,0.441315540583741,-0.0344845419177708,28,2.22563749194216,1,-1.512666,2771,0.2,0,15,"both",0.441315540583741,-0.0344845419177708
"4058","session2",-4.23503865888377,3.44395740454778,3.14721252426671,0.00252086205680724,0.143244146271815,0.415774671850313,0.48779699392245,13,2,150,0.441315540583741,-0.0344845419177708,28,2.10177466038173,0,-15.28938,2771,0.2,0,15,"both",0.441315540583741,-0.0344845419177708
"4059","session2",-4.23503865888377,3.44395740454778,3.14721252426671,0.00252086205680724,0.143244146271815,0.415774671850313,0.48779699392245,13,2,150,0.441315540583741,-0.0344845419177708,28,1.76212506161605,1,7.47664,2771,0.2,0,15,"both",0.441315540583741,-0.0344845419177708
"4060","session2",-4.23503865888377,3.44395740454778,3.14721252426671,0.00252086205680724,0.143244146271815,0.415774671850313,0.48779699392245,13,2,150,0.441315540583741,-0.0344845419177708,28,2.7045197587108,0,-3.78189,2771,0.2,0,15,"both",0.441315540583741,-0.0344845419177708
"4061","session2",-4.23503865888377,3.44395740454778,3.14721252426671,0.00252086205680724,0.143244146271815,0.415774671850313,0.48779699392245,13,2,150,0.441315540583741,-0.0344845419177708,28,1.85891536322645,0,-5.8529,2771,0.2,0,15,"both",0.441315540583741,-0.0344845419177708
"4062","session2",-4.23503865888377,3.44395740454778,3.14721252426671,0.00252086205680724,0.143244146271815,0.415774671850313,0.48779699392245,13,2,150,0.441315540583741,-0.0344845419177708,28,1.94177984097031,1,0.79945,2771,0.2,0,15,"both",0.441315540583741,-0.0344845419177708
"4063","session2",-4.23503865888377,3.44395740454778,3.14721252426671,0.00252086205680724,0.143244146271815,0.415774671850313,0.48779699392245,13,2,150,0.441315540583741,-0.0344845419177708,28,1.49759975782746,1,3.36369,2771,0.2,0,15,"both",0.441315540583741,-0.0344845419177708
"4064","session2",-4.23503865888377,3.44395740454778,3.14721252426671,0.00252086205680724,0.143244146271815,0.415774671850313,0.48779699392245,13,2,150,0.441315540583741,-0.0344845419177708,28,1.55531572087194,1,1.7138,2771,0.2,0,15,"both",0.441315540583741,-0.0344845419177708
"4065","session2",-4.23503865888377,3.44395740454778,3.14721252426671,0.00252086205680724,0.143244146271815,0.415774671850313,0.48779699392245,13,2,150,0.441315540583741,-0.0344845419177708,28,3.80957253309899,1,-3.02619,2771,0.2,0,15,"both",0.441315540583741,-0.0344845419177708
"4066","session2",-4.23503865888377,3.44395740454778,3.14721252426671,0.00252086205680724,0.143244146271815,0.415774671850313,0.48779699392245,13,2,150,0.441315540583741,-0.0344845419177708,28,2.6067241840545,1,-0.00482000000000005,2771,0.2,0,15,"both",0.441315540583741,-0.0344845419177708
"4067","session2",-4.23503865888377,3.44395740454778,3.14721252426671,0.00252086205680724,0.143244146271815,0.415774671850313,0.48779699392245,13,2,150,0.441315540583741,-0.0344845419177708,28,1.77388062587543,0,-8.43768,2771,0.2,0,15,"both",0.441315540583741,-0.0344845419177708
"4068","session2",-4.23503865888377,3.44395740454778,3.14721252426671,0.00252086205680724,0.143244146271815,0.415774671850313,0.48779699392245,13,2,150,0.441315540583741,-0.0344845419177708,28,7.43277200893412,0,-6.55427,2771,0.2,0,15,"both",0.441315540583741,-0.0344845419177708
"4069","session2",-4.23503865888377,3.44395740454778,3.14721252426671,0.00252086205680724,0.143244146271815,0.415774671850313,0.48779699392245,13,2,150,0.441315540583741,-0.0344845419177708,28,3.17741799267302,1,-0.80994,2771,0.2,0,15,"both",0.441315540583741,-0.0344845419177708
"4070","session2",-4.23503865888377,3.44395740454778,3.14721252426671,0.00252086205680724,0.143244146271815,0.415774671850313,0.48779699392245,13,2,150,0.441315540583741,-0.0344845419177708,28,1.78057240847058,1,-1.13255,2771,0.2,0,15,"both",0.441315540583741,-0.0344845419177708
"4071","session2",-4.23503865888377,3.44395740454778,3.14721252426671,0.00252086205680724,0.143244146271815,0.415774671850313,0.48779699392245,13,2,150,0.441315540583741,-0.0344845419177708,28,2.41484501055561,1,-0.8416,2771,0.2,0,15,"both",0.441315540583741,-0.0344845419177708
"4072","session2",-4.23503865888377,3.44395740454778,3.14721252426671,0.00252086205680724,0.143244146271815,0.415774671850313,0.48779699392245,13,2,150,0.441315540583741,-0.0344845419177708,28,2.30403635204196,1,-2.28758,2771,0.2,0,15,"both",0.441315540583741,-0.0344845419177708
"4073","session2",-4.23503865888377,3.44395740454778,3.14721252426671,0.00252086205680724,0.143244146271815,0.415774671850313,0.48779699392245,13,2,150,0.441315540583741,-0.0344845419177708,28,5.19908151247508,1,-5.92166,2771,0.2,0,15,"both",0.441315540583741,-0.0344845419177708
"4074","session2",-4.23503865888377,3.44395740454778,3.14721252426671,0.00252086205680724,0.143244146271815,0.415774671850313,0.48779699392245,13,2,150,0.441315540583741,-0.0344845419177708,28,2.75646699907118,1,-4.57013,2771,0.2,0,15,"both",0.441315540583741,-0.0344845419177708
"4075","session2",-4.23503865888377,3.44395740454778,3.14721252426671,0.00252086205680724,0.143244146271815,0.415774671850313,0.48779699392245,13,2,150,0.441315540583741,-0.0344845419177708,28,5.57744374951106,0,-5.69403,2771,0.2,0,15,"both",0.441315540583741,-0.0344845419177708
"4076","session2",-4.23503865888377,3.44395740454778,3.14721252426671,0.00252086205680724,0.143244146271815,0.415774671850313,0.48779699392245,13,2,150,0.441315540583741,-0.0344845419177708,28,3.0499901121118,1,-1.27435,2771,0.2,0,15,"both",0.441315540583741,-0.0344845419177708
"4077","session2",-4.23503865888377,3.44395740454778,3.14721252426671,0.00252086205680724,0.143244146271815,0.415774671850313,0.48779699392245,13,2,150,0.441315540583741,-0.0344845419177708,28,3.22795070828967,1,-0.8466,2771,0.2,0,15,"both",0.441315540583741,-0.0344845419177708
"4078","session2",-4.23503865888377,3.44395740454778,3.14721252426671,0.00252086205680724,0.143244146271815,0.415774671850313,0.48779699392245,13,2,150,0.441315540583741,-0.0344845419177708,28,3.51342418806962,0,-8.00813,2771,0.2,0,15,"both",0.441315540583741,-0.0344845419177708
"4079","session2",-4.23503865888377,3.44395740454778,3.14721252426671,0.00252086205680724,0.143244146271815,0.415774671850313,0.48779699392245,13,2,150,0.441315540583741,-0.0344845419177708,28,2.91007982322017,0,-3.00866,2771,0.2,0,15,"both",0.441315540583741,-0.0344845419177708
"4080","session2",-4.23503865888377,3.44395740454778,3.14721252426671,0.00252086205680724,0.143244146271815,0.415774671850313,0.48779699392245,13,2,150,0.441315540583741,-0.0344845419177708,28,4.01569376684268,1,-3.27917,2771,0.2,0,15,"both",0.441315540583741,-0.0344845419177708
"4081","session2",-4.23503865888377,3.44395740454778,3.14721252426671,0.00252086205680724,0.143244146271815,0.415774671850313,0.48779699392245,13,2,150,0.441315540583741,-0.0344845419177708,28,3.416502784361,0,-1.94279,2771,0.2,0,15,"both",0.441315540583741,-0.0344845419177708
"4082","session2",-4.23503865888377,3.44395740454778,3.14721252426671,0.00252086205680724,0.143244146271815,0.415774671850313,0.48779699392245,13,2,150,0.441315540583741,-0.0344845419177708,28,3.60077643824887,0,-8.13896,2771,0.2,0,15,"both",0.441315540583741,-0.0344845419177708
"4083","session2",-4.23503865888377,3.44395740454778,3.14721252426671,0.00252086205680724,0.143244146271815,0.415774671850313,0.48779699392245,13,2,150,0.441315540583741,-0.0344845419177708,28,4.36194789678141,0,-5.13054,2771,0.2,0,15,"both",0.441315540583741,-0.0344845419177708
"4084","session2",-4.23503865888377,3.44395740454778,3.14721252426671,0.00252086205680724,0.143244146271815,0.415774671850313,0.48779699392245,13,2,150,0.441315540583741,-0.0344845419177708,28,3.19251388560671,1,-4.62895,2771,0.2,0,15,"both",0.441315540583741,-0.0344845419177708
"4085","session2",-4.23503865888377,3.44395740454778,3.14721252426671,0.00252086205680724,0.143244146271815,0.415774671850313,0.48779699392245,13,2,150,0.441315540583741,-0.0344845419177708,28,3.38387340673282,1,-1.54209,2771,0.2,0,15,"both",0.441315540583741,-0.0344845419177708
"4086","session2",-4.23503865888377,3.44395740454778,3.14721252426671,0.00252086205680724,0.143244146271815,0.415774671850313,0.48779699392245,13,2,150,0.441315540583741,-0.0344845419177708,28,2.6811765070543,0,-7.37288,2771,0.2,0,15,"both",0.441315540583741,-0.0344845419177708
"4087","session2",-4.23503865888377,3.44395740454778,3.14721252426671,0.00252086205680724,0.143244146271815,0.415774671850313,0.48779699392245,13,2,150,0.441315540583741,-0.0344845419177708,28,5.0096476173559,1,-1.7027,2771,0.2,0,15,"both",0.441315540583741,-0.0344845419177708
"4088","session2",-4.23503865888377,3.44395740454778,3.14721252426671,0.00252086205680724,0.143244146271815,0.415774671850313,0.48779699392245,13,2,150,0.441315540583741,-0.0344845419177708,28,1.68273199424934,1,-1.30533,2771,0.2,0,15,"both",0.441315540583741,-0.0344845419177708
"4089","session2",-4.23503865888377,3.44395740454778,3.14721252426671,0.00252086205680724,0.143244146271815,0.415774671850313,0.48779699392245,13,2,150,0.441315540583741,-0.0344845419177708,28,1.90250481590172,1,-6.1412,2771,0.2,0,15,"both",0.441315540583741,-0.0344845419177708
"4090","session2",-4.23503865888377,3.44395740454778,3.14721252426671,0.00252086205680724,0.143244146271815,0.415774671850313,0.48779699392245,13,2,150,0.441315540583741,-0.0344845419177708,28,2.2612200675589,1,-0.54771,2771,0.2,0,15,"both",0.441315540583741,-0.0344845419177708
"4091","session2",-4.23503865888377,3.44395740454778,3.14721252426671,0.00252086205680724,0.143244146271815,0.415774671850313,0.48779699392245,13,2,150,0.441315540583741,-0.0344845419177708,28,1.4693511232531,0,-6.70868,2771,0.2,0,15,"both",0.441315540583741,-0.0344845419177708
"4092","session2",-4.23503865888377,3.44395740454778,3.14721252426671,0.00252086205680724,0.143244146271815,0.415774671850313,0.48779699392245,13,2,150,0.441315540583741,-0.0344845419177708,28,2.90101039198981,0,-1.39833,2771,0.2,0,15,"both",0.441315540583741,-0.0344845419177708
"4093","session2",-4.23503865888377,3.44395740454778,3.14721252426671,0.00252086205680724,0.143244146271815,0.415774671850313,0.48779699392245,13,2,150,0.441315540583741,-0.0344845419177708,28,2.40874577892539,1,-2.15665,2771,0.2,0,15,"both",0.441315540583741,-0.0344845419177708
"4094","session2",-4.23503865888377,3.44395740454778,3.14721252426671,0.00252086205680724,0.143244146271815,0.415774671850313,0.48779699392245,13,2,150,0.441315540583741,-0.0344845419177708,28,2.98708528148128,1,-1.50481,2771,0.2,0,15,"both",0.441315540583741,-0.0344845419177708
"4095","session2",-4.23503865888377,3.44395740454778,3.14721252426671,0.00252086205680724,0.143244146271815,0.415774671850313,0.48779699392245,13,2,150,0.441315540583741,-0.0344845419177708,28,2.77883037754494,1,-2.14146,2771,0.2,0,15,"both",0.441315540583741,-0.0344845419177708
"4096","session2",-4.23503865888377,3.44395740454778,3.14721252426671,0.00252086205680724,0.143244146271815,0.415774671850313,0.48779699392245,13,2,150,0.441315540583741,-0.0344845419177708,28,1.66744988840819,1,1.47226,2771,0.2,0,15,"both",0.441315540583741,-0.0344845419177708
"4097","session2",-4.23503865888377,3.44395740454778,3.14721252426671,0.00252086205680724,0.143244146271815,0.415774671850313,0.48779699392245,13,2,150,0.441315540583741,-0.0344845419177708,28,2.42293480644046,0,-7.24899,2771,0.2,0,15,"both",0.441315540583741,-0.0344845419177708
"4098","session2",-4.23503865888377,3.44395740454778,3.14721252426671,0.00252086205680724,0.143244146271815,0.415774671850313,0.48779699392245,13,2,150,0.441315540583741,-0.0344845419177708,28,2.55649402304141,1,-0.87346,2771,0.2,0,15,"both",0.441315540583741,-0.0344845419177708
"4099","session2",-4.23503865888377,3.44395740454778,3.14721252426671,0.00252086205680724,0.143244146271815,0.415774671850313,0.48779699392245,13,2,150,0.441315540583741,-0.0344845419177708,28,1.88028412473098,0,-8.18172,2771,0.2,0,15,"both",0.441315540583741,-0.0344845419177708
"4100","session2",-4.23503865888377,3.44395740454778,3.14721252426671,0.00252086205680724,0.143244146271815,0.415774671850313,0.48779699392245,13,2,150,0.441315540583741,-0.0344845419177708,28,2.61251061464979,1,-1.63539,2771,0.2,0,15,"both",0.441315540583741,-0.0344845419177708
"4101","session2",-4.23503865888377,3.44395740454778,3.14721252426671,0.00252086205680724,0.143244146271815,0.415774671850313,0.48779699392245,13,2,150,0.441315540583741,-0.0344845419177708,28,2.24144224800308,0,-8.10774,2771,0.2,0,15,"both",0.441315540583741,-0.0344845419177708
"4102","session2",-4.23503865888377,3.44395740454778,3.14721252426671,0.00252086205680724,0.143244146271815,0.415774671850313,0.48779699392245,13,2,150,0.441315540583741,-0.0344845419177708,28,1.97416474240757,0,-6.68859,2771,0.2,0,15,"both",0.441315540583741,-0.0344845419177708
"4103","session2",-4.23503865888377,3.44395740454778,3.14721252426671,0.00252086205680724,0.143244146271815,0.415774671850313,0.48779699392245,13,2,150,0.441315540583741,-0.0344845419177708,28,1.75719921902617,1,-7.43185,2771,0.2,0,15,"both",0.441315540583741,-0.0344845419177708
"4104","session2",-4.23503865888377,3.44395740454778,3.14721252426671,0.00252086205680724,0.143244146271815,0.415774671850313,0.48779699392245,13,2,150,0.441315540583741,-0.0344845419177708,28,2.7939763175564,1,-6.19035,2771,0.2,0,15,"both",0.441315540583741,-0.0344845419177708
"4105","session2",-4.23503865888377,3.44395740454778,3.14721252426671,0.00252086205680724,0.143244146271815,0.415774671850313,0.48779699392245,13,2,150,0.441315540583741,-0.0344845419177708,28,2.98149166479271,0,-3.01783,2771,0.2,0,15,"both",0.441315540583741,-0.0344845419177708
"4106","session2",-4.23503865888377,3.44395740454778,3.14721252426671,0.00252086205680724,0.143244146271815,0.415774671850313,0.48779699392245,13,2,150,0.441315540583741,-0.0344845419177708,28,4.25310763225311,1,-3.01181,2771,0.2,0,15,"both",0.441315540583741,-0.0344845419177708
"4107","session2",-4.23503865888377,3.44395740454778,3.14721252426671,0.00252086205680724,0.143244146271815,0.415774671850313,0.48779699392245,13,2,150,0.441315540583741,-0.0344845419177708,28,1.73901715201941,1,-2.15036,2771,0.2,0,15,"both",0.441315540583741,-0.0344845419177708
"4108","session2",-4.23503865888377,3.44395740454778,3.14721252426671,0.00252086205680724,0.143244146271815,0.415774671850313,0.48779699392245,13,2,150,0.441315540583741,-0.0344845419177708,28,3.48385105336757,1,-2.65872,2771,0.2,0,15,"both",0.441315540583741,-0.0344845419177708
"4109","session2",-4.23503865888377,3.44395740454778,3.14721252426671,0.00252086205680724,0.143244146271815,0.415774671850313,0.48779699392245,13,2,150,0.441315540583741,-0.0344845419177708,28,2.15808644596943,0,-8.24914,2771,0.2,0,15,"both",0.441315540583741,-0.0344845419177708
"4110","session2",-4.23503865888377,3.44395740454778,3.14721252426671,0.00252086205680724,0.143244146271815,0.415774671850313,0.48779699392245,13,2,150,0.441315540583741,-0.0344845419177708,28,1.96372853229406,1,-1.01676,2771,0.2,0,15,"both",0.441315540583741,-0.0344845419177708
"4111","session2",-4.23503865888377,3.44395740454778,3.14721252426671,0.00252086205680724,0.143244146271815,0.415774671850313,0.48779699392245,13,2,150,0.441315540583741,-0.0344845419177708,28,1.1491863006972,1,-1.77957,2771,0.2,0,15,"both",0.441315540583741,-0.0344845419177708
"4112","session2",-4.23503865888377,3.44395740454778,3.14721252426671,0.00252086205680724,0.143244146271815,0.415774671850313,0.48779699392245,13,2,150,0.441315540583741,-0.0344845419177708,28,2.52524858000666,1,-1.85642,2771,0.2,0,15,"both",0.441315540583741,-0.0344845419177708
"4113","session2",-4.23503865888377,3.44395740454778,3.14721252426671,0.00252086205680724,0.143244146271815,0.415774671850313,0.48779699392245,13,2,150,0.441315540583741,-0.0344845419177708,28,1.50907894907775,0,-7.98378,2771,0.2,0,15,"both",0.441315540583741,-0.0344845419177708
"4114","session2",-4.23503865888377,3.44395740454778,3.14721252426671,0.00252086205680724,0.143244146271815,0.415774671850313,0.48779699392245,13,2,150,0.441315540583741,-0.0344845419177708,28,4.09109259736914,1,-2.762,2771,0.2,0,15,"both",0.441315540583741,-0.0344845419177708
"4115","session2",-4.23503865888377,3.44395740454778,3.14721252426671,0.00252086205680724,0.143244146271815,0.415774671850313,0.48779699392245,13,2,150,0.441315540583741,-0.0344845419177708,28,2.77475841451887,1,-2.68986,2771,0.2,0,15,"both",0.441315540583741,-0.0344845419177708
"4116","session2",-4.23503865888377,3.44395740454778,3.14721252426671,0.00252086205680724,0.143244146271815,0.415774671850313,0.48779699392245,13,2,150,0.441315540583741,-0.0344845419177708,28,1.72423045006032,0,-8.6683,2771,0.2,0,15,"both",0.441315540583741,-0.0344845419177708
"4117","session2",-4.23503865888377,3.44395740454778,3.14721252426671,0.00252086205680724,0.143244146271815,0.415774671850313,0.48779699392245,13,2,150,0.441315540583741,-0.0344845419177708,28,2.17341504785689,1,-7.05141,2771,0.2,0,15,"both",0.441315540583741,-0.0344845419177708
"4118","session2",-4.23503865888377,3.44395740454778,3.14721252426671,0.00252086205680724,0.143244146271815,0.415774671850313,0.48779699392245,13,2,150,0.441315540583741,-0.0344845419177708,28,3.29425075098588,0,-2.98596,2771,0.2,0,15,"both",0.441315540583741,-0.0344845419177708
"4119","session2",-4.23503865888377,3.44395740454778,3.14721252426671,0.00252086205680724,0.143244146271815,0.415774671850313,0.48779699392245,13,2,150,0.441315540583741,-0.0344845419177708,28,3.55887122536825,0,-7.98572,2771,0.2,0,15,"both",0.441315540583741,-0.0344845419177708
"4120","session2",-4.23503865888377,3.44395740454778,3.14721252426671,0.00252086205680724,0.143244146271815,0.415774671850313,0.48779699392245,13,2,150,0.441315540583741,-0.0344845419177708,28,1.88236383049448,1,-8.77926,2771,0.2,0,15,"both",0.441315540583741,-0.0344845419177708
"4121","session2",-4.23503865888377,3.44395740454778,3.14721252426671,0.00252086205680724,0.143244146271815,0.415774671850313,0.48779699392245,13,2,150,0.441315540583741,-0.0344845419177708,28,1.87949578884738,1,-1.4631,2771,0.2,0,15,"both",0.441315540583741,-0.0344845419177708
"4122","session2",-4.23503865888377,3.44395740454778,3.14721252426671,0.00252086205680724,0.143244146271815,0.415774671850313,0.48779699392245,13,2,150,0.441315540583741,-0.0344845419177708,28,2.09795571868953,0,-7.56134,2771,0.2,0,15,"both",0.441315540583741,-0.0344845419177708
"4123","session2",-4.23503865888377,3.44395740454778,3.14721252426671,0.00252086205680724,0.143244146271815,0.415774671850313,0.48779699392245,13,2,150,0.441315540583741,-0.0344845419177708,28,2.5122759601222,1,-3.27807,2771,0.2,0,15,"both",0.441315540583741,-0.0344845419177708
"4124","session2",-4.23503865888377,3.44395740454778,3.14721252426671,0.00252086205680724,0.143244146271815,0.415774671850313,0.48779699392245,13,2,150,0.441315540583741,-0.0344845419177708,28,2.0107301166558,0,-7.9729,2771,0.2,0,15,"both",0.441315540583741,-0.0344845419177708
"4125","session2",-4.23503865888377,3.44395740454778,3.14721252426671,0.00252086205680724,0.143244146271815,0.415774671850313,0.48779699392245,13,2,150,0.441315540583741,-0.0344845419177708,28,1.86578107997204,0,-1.45776,2771,0.2,0,15,"both",0.441315540583741,-0.0344845419177708
"4126","session2",-4.23503865888377,3.44395740454778,3.14721252426671,0.00252086205680724,0.143244146271815,0.415774671850313,0.48779699392245,13,2,150,0.441315540583741,-0.0344845419177708,28,2.86273032981893,0,-2.11475,2771,0.2,0,15,"both",0.441315540583741,-0.0344845419177708
"4127","session2",-4.23503865888377,3.44395740454778,3.14721252426671,0.00252086205680724,0.143244146271815,0.415774671850313,0.48779699392245,13,2,150,0.441315540583741,-0.0344845419177708,28,1.72623170816246,1,0.83648,2771,0.2,0,15,"both",0.441315540583741,-0.0344845419177708
"4128","session2",-4.23503865888377,3.44395740454778,3.14721252426671,0.00252086205680724,0.143244146271815,0.415774671850313,0.48779699392245,13,2,150,0.441315540583741,-0.0344845419177708,28,4.22604903160336,0,-6.93007,2771,0.2,0,15,"both",0.441315540583741,-0.0344845419177708
"4129","session2",-4.23503865888377,3.44395740454778,3.14721252426671,0.00252086205680724,0.143244146271815,0.415774671850313,0.48779699392245,13,2,150,0.441315540583741,-0.0344845419177708,28,1.93108855020147,0,-9.09398,2771,0.2,0,15,"both",0.441315540583741,-0.0344845419177708
"4130","session2",-4.23503865888377,3.44395740454778,3.14721252426671,0.00252086205680724,0.143244146271815,0.415774671850313,0.48779699392245,13,2,150,0.441315540583741,-0.0344845419177708,28,1.7553951901972,0,-0.35877,2771,0.2,0,15,"both",0.441315540583741,-0.0344845419177708
"4131","session2",-4.23503865888377,3.44395740454778,3.14721252426671,0.00252086205680724,0.143244146271815,0.415774671850313,0.48779699392245,13,2,150,0.441315540583741,-0.0344845419177708,28,2.35441228167485,1,-0.62859,2771,0.2,0,15,"both",0.441315540583741,-0.0344845419177708
"4132","session2",-4.23503865888377,3.44395740454778,3.14721252426671,0.00252086205680724,0.143244146271815,0.415774671850313,0.48779699392245,13,2,150,0.441315540583741,-0.0344845419177708,28,1.42277877607358,1,-1.06026,2771,0.2,0,15,"both",0.441315540583741,-0.0344845419177708
"4133","session2",-4.23503865888377,3.44395740454778,3.14721252426671,0.00252086205680724,0.143244146271815,0.415774671850313,0.48779699392245,13,2,150,0.441315540583741,-0.0344845419177708,28,7.08405453986727,1,-3.19898,2771,0.2,0,15,"both",0.441315540583741,-0.0344845419177708
"4134","session2",-4.23503865888377,3.44395740454778,3.14721252426671,0.00252086205680724,0.143244146271815,0.415774671850313,0.48779699392245,13,2,150,0.441315540583741,-0.0344845419177708,28,2.18830886404111,0,-7.74028,2771,0.2,0,15,"both",0.441315540583741,-0.0344845419177708
"4135","session2",-4.23503865888377,3.44395740454778,3.14721252426671,0.00252086205680724,0.143244146271815,0.415774671850313,0.48779699392245,13,2,150,0.441315540583741,-0.0344845419177708,28,5.38424304625656,1,-3.25734,2771,0.2,0,15,"both",0.441315540583741,-0.0344845419177708
"4136","session2",-4.23503865888377,3.44395740454778,3.14721252426671,0.00252086205680724,0.143244146271815,0.415774671850313,0.48779699392245,13,2,150,0.441315540583741,-0.0344845419177708,28,2.86322550172006,1,-1.98291,2771,0.2,0,15,"both",0.441315540583741,-0.0344845419177708
"4137","session2",-4.23503865888377,3.44395740454778,3.14721252426671,0.00252086205680724,0.143244146271815,0.415774671850313,0.48779699392245,13,2,150,0.441315540583741,-0.0344845419177708,28,2.19078163523479,1,-0.7564,2771,0.2,0,15,"both",0.441315540583741,-0.0344845419177708
"4138","session2",-4.23503865888377,3.44395740454778,3.14721252426671,0.00252086205680724,0.143244146271815,0.415774671850313,0.48779699392245,13,2,150,0.441315540583741,-0.0344845419177708,28,1.68949136142182,0,-8.75199,2771,0.2,0,15,"both",0.441315540583741,-0.0344845419177708
"4139","session2",-4.23503865888377,3.44395740454778,3.14721252426671,0.00252086205680724,0.143244146271815,0.415774671850313,0.48779699392245,13,2,150,0.441315540583741,-0.0344845419177708,28,1.71624721286234,0,-6.67385,2771,0.2,0,15,"both",0.441315540583741,-0.0344845419177708
"4140","session2",-4.23503865888377,3.44395740454778,3.14721252426671,0.00252086205680724,0.143244146271815,0.415774671850313,0.48779699392245,13,2,150,0.441315540583741,-0.0344845419177708,28,1.81622722956762,0,-1.99226,2771,0.2,0,15,"both",0.441315540583741,-0.0344845419177708
"4141","session2",-4.23503865888377,3.44395740454778,3.14721252426671,0.00252086205680724,0.143244146271815,0.415774671850313,0.48779699392245,13,2,150,0.441315540583741,-0.0344845419177708,28,3.5892728235457,0,-0.82204,2771,0.2,0,15,"both",0.441315540583741,-0.0344845419177708
"4142","session2",-4.23503865888377,3.44395740454778,3.14721252426671,0.00252086205680724,0.143244146271815,0.415774671850313,0.48779699392245,13,2,150,0.441315540583741,-0.0344845419177708,28,1.96841174253675,0,-7.29974,2771,0.2,0,15,"both",0.441315540583741,-0.0344845419177708
"4143","session2",-4.23503865888377,3.44395740454778,3.14721252426671,0.00252086205680724,0.143244146271815,0.415774671850313,0.48779699392245,13,2,150,0.441315540583741,-0.0344845419177708,28,2.7975600616429,1,-3.06453,2771,0.2,0,15,"both",0.441315540583741,-0.0344845419177708
"4144","session2",-4.23503865888377,3.44395740454778,3.14721252426671,0.00252086205680724,0.143244146271815,0.415774671850313,0.48779699392245,13,2,150,0.441315540583741,-0.0344845419177708,28,1.34637262388181,1,-2.31626,2771,0.2,0,15,"both",0.441315540583741,-0.0344845419177708
"4145","session2",-4.23503865888377,3.44395740454778,3.14721252426671,0.00252086205680724,0.143244146271815,0.415774671850313,0.48779699392245,13,2,150,0.441315540583741,-0.0344845419177708,28,1.53048992780268,1,-1.75664,2771,0.2,0,15,"both",0.441315540583741,-0.0344845419177708
"4146","session2",-4.23503865888377,3.44395740454778,3.14721252426671,0.00252086205680724,0.143244146271815,0.415774671850313,0.48779699392245,13,2,150,0.441315540583741,-0.0344845419177708,28,1.92171378964376,0,-8.55584,2771,0.2,0,15,"both",0.441315540583741,-0.0344845419177708
"4147","session2",-4.23503865888377,3.44395740454778,3.14721252426671,0.00252086205680724,0.143244146271815,0.415774671850313,0.48779699392245,13,2,150,0.441315540583741,-0.0344845419177708,28,1.76882859181944,1,-0.75365,2771,0.2,0,15,"both",0.441315540583741,-0.0344845419177708
"4148","session2",-4.23503865888377,3.44395740454778,3.14721252426671,0.00252086205680724,0.143244146271815,0.415774671850313,0.48779699392245,13,2,150,0.441315540583741,-0.0344845419177708,28,3.23217458693085,1,-1.08928,2771,0.2,0,15,"both",0.441315540583741,-0.0344845419177708
"4149","session2",-4.23503865888377,3.44395740454778,3.14721252426671,0.00252086205680724,0.143244146271815,0.415774671850313,0.48779699392245,13,2,150,0.441315540583741,-0.0344845419177708,28,2.24137846636928,1,-9.06374,2771,0.2,0,15,"both",0.441315540583741,-0.0344845419177708
"4150","session2",-4.23503865888377,3.44395740454778,3.14721252426671,0.00252086205680724,0.143244146271815,0.415774671850313,0.48779699392245,13,2,150,0.441315540583741,-0.0344845419177708,28,2.43311062616017,1,0.90203,2771,0.2,0,15,"both",0.441315540583741,-0.0344845419177708
"4151","session2",-4.23503865888377,3.44395740454778,3.14721252426671,0.00252086205680724,0.143244146271815,0.415774671850313,0.48779699392245,13,2,150,0.441315540583741,-0.0344845419177708,28,2.58745337304912,0,-6.58794,2771,0.2,0,15,"both",0.441315540583741,-0.0344845419177708
"4152","session2",-4.23503865888377,3.44395740454778,3.14721252426671,0.00252086205680724,0.143244146271815,0.415774671850313,0.48779699392245,13,2,150,0.441315540583741,-0.0344845419177708,28,3.29471868689396,0,-0.69956,2771,0.2,0,15,"both",0.441315540583741,-0.0344845419177708
"4153","session2",-4.23503865888377,3.44395740454778,3.14721252426671,0.00252086205680724,0.143244146271815,0.415774671850313,0.48779699392245,13,2,150,0.441315540583741,-0.0344845419177708,28,2.79404994885719,1,1.37673,2771,0.2,0,15,"both",0.441315540583741,-0.0344845419177708
"4154","session2",-4.23503865888377,3.44395740454778,3.14721252426671,0.00252086205680724,0.143244146271815,0.415774671850313,0.48779699392245,13,2,150,0.441315540583741,-0.0344845419177708,28,5.16642896110044,0,-6.26082,2771,0.2,0,15,"both",0.441315540583741,-0.0344845419177708
"4155","session2",-4.23503865888377,3.44395740454778,3.14721252426671,0.00252086205680724,0.143244146271815,0.415774671850313,0.48779699392245,13,2,150,0.441315540583741,-0.0344845419177708,28,1.76075681878387,1,-0.48092,2771,0.2,0,15,"both",0.441315540583741,-0.0344845419177708
"4156","session2",-4.23503865888377,3.44395740454778,3.14721252426671,0.00252086205680724,0.143244146271815,0.415774671850313,0.48779699392245,13,2,150,0.441315540583741,-0.0344845419177708,28,2.75106895684004,1,-8.45253,2771,0.2,0,15,"both",0.441315540583741,-0.0344845419177708
"4157","session2",-4.23503865888377,3.44395740454778,3.14721252426671,0.00252086205680724,0.143244146271815,0.415774671850313,0.48779699392245,13,2,150,0.441315540583741,-0.0344845419177708,28,1.91935740051767,0,-2.76865,2771,0.2,0,15,"both",0.441315540583741,-0.0344845419177708
"4158","session2",-4.23503865888377,3.44395740454778,3.14721252426671,0.00252086205680724,0.143244146271815,0.415774671850313,0.48779699392245,13,2,150,0.441315540583741,-0.0344845419177708,28,0.943859161866307,0,-9.47528,2771,0.2,0,15,"both",0.441315540583741,-0.0344845419177708
"4159","session2",-4.23503865888377,3.44395740454778,3.14721252426671,0.00252086205680724,0.143244146271815,0.415774671850313,0.48779699392245,13,2,150,0.441315540583741,-0.0344845419177708,28,1.92353857874071,0,-7.39632,2771,0.2,0,15,"both",0.441315540583741,-0.0344845419177708
"4160","session2",-4.23503865888377,3.44395740454778,3.14721252426671,0.00252086205680724,0.143244146271815,0.415774671850313,0.48779699392245,13,2,150,0.441315540583741,-0.0344845419177708,28,4.35072304822829,0,-2.53744,2771,0.2,0,15,"both",0.441315540583741,-0.0344845419177708
"4161","session2",-4.23503865888377,3.44395740454778,3.14721252426671,0.00252086205680724,0.143244146271815,0.415774671850313,0.48779699392245,13,2,150,0.441315540583741,-0.0344845419177708,28,1.51095046010934,1,-1.95618,2771,0.2,0,15,"both",0.441315540583741,-0.0344845419177708
"4162","session2",-4.23503865888377,3.44395740454778,3.14721252426671,0.00252086205680724,0.143244146271815,0.415774671850313,0.48779699392245,13,2,150,0.441315540583741,-0.0344845419177708,28,3.14826945985858,1,-1.64027,2771,0.2,0,15,"both",0.441315540583741,-0.0344845419177708
"4163","session2",-4.23503865888377,3.44395740454778,3.14721252426671,0.00252086205680724,0.143244146271815,0.415774671850313,0.48779699392245,13,2,150,0.441315540583741,-0.0344845419177708,28,1.55678638205785,0,-9.48763,2771,0.2,0,15,"both",0.441315540583741,-0.0344845419177708
"4164","session2",-4.23503865888377,3.44395740454778,3.14721252426671,0.00252086205680724,0.143244146271815,0.415774671850313,0.48779699392245,13,2,150,0.441315540583741,-0.0344845419177708,28,5.1727678645775,0,-3.19889,2771,0.2,0,15,"both",0.441315540583741,-0.0344845419177708
"4165","session2",-4.23503865888377,3.44395740454778,3.14721252426671,0.00252086205680724,0.143244146271815,0.415774671850313,0.48779699392245,13,2,150,0.441315540583741,-0.0344845419177708,28,2.52755360820606,1,-2.57576,2771,0.2,0,15,"both",0.441315540583741,-0.0344845419177708
"4166","session2",-4.23503865888377,3.44395740454778,3.14721252426671,0.00252086205680724,0.143244146271815,0.415774671850313,0.48779699392245,13,2,150,0.441315540583741,-0.0344845419177708,28,2.41024382005217,0,-6.006,2771,0.2,0,15,"both",0.441315540583741,-0.0344845419177708
"4167","session2",-4.23503865888377,3.44395740454778,3.14721252426671,0.00252086205680724,0.143244146271815,0.415774671850313,0.48779699392245,13,2,150,0.441315540583741,-0.0344845419177708,28,2.91327566361956,1,-1.8222,2771,0.2,0,15,"both",0.441315540583741,-0.0344845419177708
"4168","session2",-4.23503865888377,3.44395740454778,3.14721252426671,0.00252086205680724,0.143244146271815,0.415774671850313,0.48779699392245,13,2,150,0.441315540583741,-0.0344845419177708,28,1.87451638386179,1,-1.4788,2771,0.2,0,15,"both",0.441315540583741,-0.0344845419177708
"4169","session2",-4.23503865888377,3.44395740454778,3.14721252426671,0.00252086205680724,0.143244146271815,0.415774671850313,0.48779699392245,13,2,150,0.441315540583741,-0.0344845419177708,28,2.43276017097619,0,-7.37853,2771,0.2,0,15,"both",0.441315540583741,-0.0344845419177708
"4170","session2",-4.23503865888377,3.44395740454778,3.14721252426671,0.00252086205680724,0.143244146271815,0.415774671850313,0.48779699392245,13,2,150,0.441315540583741,-0.0344845419177708,28,1.55797401254056,0,-7.7962,2771,0.2,0,15,"both",0.441315540583741,-0.0344845419177708
"4171","session2",-4.23503865888377,3.44395740454778,3.14721252426671,0.00252086205680724,0.143244146271815,0.415774671850313,0.48779699392245,13,2,150,0.441315540583741,-0.0344845419177708,28,2.28422110373172,1,-7.49039,2771,0.2,0,15,"both",0.441315540583741,-0.0344845419177708
"4172","session2",-4.23503865888377,3.44395740454778,3.14721252426671,0.00252086205680724,0.143244146271815,0.415774671850313,0.48779699392245,13,2,150,0.441315540583741,-0.0344845419177708,28,2.13168728810038,1,-0.48458,2771,0.2,0,15,"both",0.441315540583741,-0.0344845419177708
"4173","session2",-4.23503865888377,3.44395740454778,3.14721252426671,0.00252086205680724,0.143244146271815,0.415774671850313,0.48779699392245,13,2,150,0.441315540583741,-0.0344845419177708,28,1.36676328755107,0,-9.24324,2771,0.2,0,15,"both",0.441315540583741,-0.0344845419177708
"4174","session2",-4.23503865888377,3.44395740454778,3.14721252426671,0.00252086205680724,0.143244146271815,0.415774671850313,0.48779699392245,13,2,150,0.441315540583741,-0.0344845419177708,28,1.67579106119368,1,-1.17353,2771,0.2,0,15,"both",0.441315540583741,-0.0344845419177708
"4175","session2",-4.23503865888377,3.44395740454778,3.14721252426671,0.00252086205680724,0.143244146271815,0.415774671850313,0.48779699392245,13,2,150,0.441315540583741,-0.0344845419177708,28,1.44723215808239,0,-7.54248,2771,0.2,0,15,"both",0.441315540583741,-0.0344845419177708
"4176","session2",-4.23503865888377,3.44395740454778,3.14721252426671,0.00252086205680724,0.143244146271815,0.415774671850313,0.48779699392245,13,2,150,0.441315540583741,-0.0344845419177708,28,3.76156452850247,0,-6.62939,2771,0.2,0,15,"both",0.441315540583741,-0.0344845419177708
"4177","session2",-4.23503865888377,3.44395740454778,3.14721252426671,0.00252086205680724,0.143244146271815,0.415774671850313,0.48779699392245,13,2,150,0.441315540583741,-0.0344845419177708,28,2.37983880855486,0,-2.29432,2771,0.2,0,15,"both",0.441315540583741,-0.0344845419177708
"4178","session2",-4.23503865888377,3.44395740454778,3.14721252426671,0.00252086205680724,0.143244146271815,0.415774671850313,0.48779699392245,13,2,150,0.441315540583741,-0.0344845419177708,28,2.9246579035318,1,-1.82967,2771,0.2,0,15,"both",0.441315540583741,-0.0344845419177708
"4179","session2",-4.23503865888377,3.44395740454778,3.14721252426671,0.00252086205680724,0.143244146271815,0.415774671850313,0.48779699392245,13,2,150,0.441315540583741,-0.0344845419177708,28,2.96362131271756,0,-6.96936,2771,0.2,0,15,"both",0.441315540583741,-0.0344845419177708
"4180","session2",-4.23503865888377,3.44395740454778,3.14721252426671,0.00252086205680724,0.143244146271815,0.415774671850313,0.48779699392245,13,2,150,0.441315540583741,-0.0344845419177708,28,2.31843793877519,1,-6.48856,2771,0.2,0,15,"both",0.441315540583741,-0.0344845419177708
"4181","session2",-4.23503865888377,3.44395740454778,3.14721252426671,0.00252086205680724,0.143244146271815,0.415774671850313,0.48779699392245,13,2,150,0.441315540583741,-0.0344845419177708,28,2.32687471982205,0,-7.14112,2771,0.2,0,15,"both",0.441315540583741,-0.0344845419177708
"4182","session2",-4.23503865888377,3.44395740454778,3.14721252426671,0.00252086205680724,0.143244146271815,0.415774671850313,0.48779699392245,13,2,150,0.441315540583741,-0.0344845419177708,28,1.26059408675858,0,-7.56366,2771,0.2,0,15,"both",0.441315540583741,-0.0344845419177708
"4183","session2",-4.23503865888377,3.44395740454778,3.14721252426671,0.00252086205680724,0.143244146271815,0.415774671850313,0.48779699392245,13,2,150,0.441315540583741,-0.0344845419177708,28,2.2634202359806,0,-7.06601,2771,0.2,0,15,"both",0.441315540583741,-0.0344845419177708
"4184","session2",-4.23503865888377,3.44395740454778,3.14721252426671,0.00252086205680724,0.143244146271815,0.415774671850313,0.48779699392245,13,2,150,0.441315540583741,-0.0344845419177708,28,2.50728960790146,1,-6.14459,2771,0.2,0,15,"both",0.441315540583741,-0.0344845419177708
"4185","session2",-4.23503865888377,3.44395740454778,3.14721252426671,0.00252086205680724,0.143244146271815,0.415774671850313,0.48779699392245,13,2,150,0.441315540583741,-0.0344845419177708,28,3.1972382417912,1,-0.98824,2771,0.2,0,15,"both",0.441315540583741,-0.0344845419177708
"4186","session2",-4.23503865888377,3.44395740454778,3.14721252426671,0.00252086205680724,0.143244146271815,0.415774671850313,0.48779699392245,13,2,150,0.441315540583741,-0.0344845419177708,28,1.68654694162576,0,-1.10768,2771,0.2,0,15,"both",0.441315540583741,-0.0344845419177708
"4187","session2",-4.23503865888377,3.44395740454778,3.14721252426671,0.00252086205680724,0.143244146271815,0.415774671850313,0.48779699392245,13,2,150,0.441315540583741,-0.0344845419177708,28,2.04839007609518,1,0.44677,2771,0.2,0,15,"both",0.441315540583741,-0.0344845419177708
"4188","session2",-4.23503865888377,3.44395740454778,3.14721252426671,0.00252086205680724,0.143244146271815,0.415774671850313,0.48779699392245,13,2,150,0.441315540583741,-0.0344845419177708,28,1.90381929515353,1,-8.51317,2771,0.2,0,15,"both",0.441315540583741,-0.0344845419177708
"4189","session2",-4.23503865888377,3.44395740454778,3.14721252426671,0.00252086205680724,0.143244146271815,0.415774671850313,0.48779699392245,13,2,150,0.441315540583741,-0.0344845419177708,28,2.41811383160541,0,-5.94241,2771,0.2,0,15,"both",0.441315540583741,-0.0344845419177708
"4190","session2",-4.23503865888377,3.44395740454778,3.14721252426671,0.00252086205680724,0.143244146271815,0.415774671850313,0.48779699392245,13,2,150,0.441315540583741,-0.0344845419177708,28,2.88515947426964,1,-1.35523,2771,0.2,0,15,"both",0.441315540583741,-0.0344845419177708
"4191","session2",-4.23503865888377,3.44395740454778,3.14721252426671,0.00252086205680724,0.143244146271815,0.415774671850313,0.48779699392245,13,2,150,0.441315540583741,-0.0344845419177708,28,2.62761218317737,0,-7.98362,2771,0.2,0,15,"both",0.441315540583741,-0.0344845419177708
"4192","session2",-4.23503865888377,3.44395740454778,3.14721252426671,0.00252086205680724,0.143244146271815,0.415774671850313,0.48779699392245,13,2,150,0.441315540583741,-0.0344845419177708,28,3.39828301977915,1,-1.63593,2771,0.2,0,15,"both",0.441315540583741,-0.0344845419177708
"4193","session2",-4.23503865888377,3.44395740454778,3.14721252426671,0.00252086205680724,0.143244146271815,0.415774671850313,0.48779699392245,13,2,150,0.441315540583741,-0.0344845419177708,28,2.45035699307608,0,-7.48989,2771,0.2,0,15,"both",0.441315540583741,-0.0344845419177708
"4194","session2",-4.23503865888377,3.44395740454778,3.14721252426671,0.00252086205680724,0.143244146271815,0.415774671850313,0.48779699392245,13,2,150,0.441315540583741,-0.0344845419177708,28,2.10489544843985,0,-6.85755,2771,0.2,0,15,"both",0.441315540583741,-0.0344845419177708
"4195","session2",-4.23503865888377,3.44395740454778,3.14721252426671,0.00252086205680724,0.143244146271815,0.415774671850313,0.48779699392245,13,2,150,0.441315540583741,-0.0344845419177708,28,2.45535931796804,0,-9.09946,2771,0.2,0,15,"both",0.441315540583741,-0.0344845419177708
"4196","session2",-4.23503865888377,3.44395740454778,3.14721252426671,0.00252086205680724,0.143244146271815,0.415774671850313,0.48779699392245,13,2,150,0.441315540583741,-0.0344845419177708,28,1.60065444266864,1,-0.975300000000001,2771,0.2,0,15,"both",0.441315540583741,-0.0344845419177708
"4197","session2",-4.23503865888377,3.44395740454778,3.14721252426671,0.00252086205680724,0.143244146271815,0.415774671850313,0.48779699392245,13,2,150,0.441315540583741,-0.0344845419177708,28,1.99423403375952,1,-0.73181,2771,0.2,0,15,"both",0.441315540583741,-0.0344845419177708
"4198","session2",-4.23503865888377,3.44395740454778,3.14721252426671,0.00252086205680724,0.143244146271815,0.415774671850313,0.48779699392245,13,2,150,0.441315540583741,-0.0344845419177708,28,2.05756631647046,0,-7.2402,2771,0.2,0,15,"both",0.441315540583741,-0.0344845419177708
"4199","session2",-4.23503865888377,3.44395740454778,3.14721252426671,0.00252086205680724,0.143244146271815,0.415774671850313,0.48779699392245,13,2,150,0.441315540583741,-0.0344845419177708,28,2.55639609360985,0,-1.28561,2771,0.2,0,15,"both",0.441315540583741,-0.0344845419177708
"4200","session2",-4.23503865888377,3.44395740454778,3.14721252426671,0.00252086205680724,0.143244146271815,0.415774671850313,0.48779699392245,13,2,150,0.441315540583741,-0.0344845419177708,28,1.94074932108311,1,-0.74625,2771,0.2,0,15,"both",0.441315540583741,-0.0344845419177708
"4201","session2",-18.7392302149169,3.33936552966432,1.90962270927485,8.06078276736208e-05,0.414616407792864,0.434666478162473,0.373079448873952,14,2,150,0.441315540583741,-0.0344845419177708,29,3.39101886512221,1,-8.5980804097,2771,0.2,0,15,"both",0.441315540583741,-0.0344845419177708
"4202","session2",-18.7392302149169,3.33936552966432,1.90962270927485,8.06078276736208e-05,0.414616407792864,0.434666478162473,0.373079448873952,14,2,150,0.441315540583741,-0.0344845419177708,29,1.86398368007405,1,-10.3180606894,2771,0.2,0,15,"both",0.441315540583741,-0.0344845419177708
"4203","session2",-18.7392302149169,3.33936552966432,1.90962270927485,8.06078276736208e-05,0.414616407792864,0.434666478162473,0.373079448873952,14,2,150,0.441315540583741,-0.0344845419177708,29,2.10581761086334,0,-18.499591419,2771,0.2,0,15,"both",0.441315540583741,-0.0344845419177708
"4204","session2",-18.7392302149169,3.33936552966432,1.90962270927485,8.06078276736208e-05,0.414616407792864,0.434666478162473,0.373079448873952,14,2,150,0.441315540583741,-0.0344845419177708,29,1.96421964512932,1,-13.6371228706,2771,0.2,0,15,"both",0.441315540583741,-0.0344845419177708
"4205","session2",-18.7392302149169,3.33936552966432,1.90962270927485,8.06078276736208e-05,0.414616407792864,0.434666478162473,0.373079448873952,14,2,150,0.441315540583741,-0.0344845419177708,29,1.96436654688714,0,-38.5286,2771,0.2,0,15,"both",0.441315540583741,-0.0344845419177708
"4206","session2",-18.7392302149169,3.33936552966432,1.90962270927485,8.06078276736208e-05,0.414616407792864,0.434666478162473,0.373079448873952,14,2,150,0.441315540583741,-0.0344845419177708,29,4.39145952161897,1,-23.44596,2771,0.2,0,15,"both",0.441315540583741,-0.0344845419177708
"4207","session2",-18.7392302149169,3.33936552966432,1.90962270927485,8.06078276736208e-05,0.414616407792864,0.434666478162473,0.373079448873952,14,2,150,0.441315540583741,-0.0344845419177708,29,3.03324676634935,0,-18.8776,2771,0.2,0,15,"both",0.441315540583741,-0.0344845419177708
"4208","session2",-18.7392302149169,3.33936552966432,1.90962270927485,8.06078276736208e-05,0.414616407792864,0.434666478162473,0.373079448873952,14,2,150,0.441315540583741,-0.0344845419177708,29,1.10899056985444,1,33.2462,2771,0.2,0,15,"both",0.441315540583741,-0.0344845419177708
"4209","session2",-18.7392302149169,3.33936552966432,1.90962270927485,8.06078276736208e-05,0.414616407792864,0.434666478162473,0.373079448873952,14,2,150,0.441315540583741,-0.0344845419177708,29,3.95845509238638,0,-17.69746,2771,0.2,0,15,"both",0.441315540583741,-0.0344845419177708
"4210","session2",-18.7392302149169,3.33936552966432,1.90962270927485,8.06078276736208e-05,0.414616407792864,0.434666478162473,0.373079448873952,14,2,150,0.441315540583741,-0.0344845419177708,29,1.41924429696245,1,-3.8448,2771,0.2,0,15,"both",0.441315540583741,-0.0344845419177708
"4211","session2",-18.7392302149169,3.33936552966432,1.90962270927485,8.06078276736208e-05,0.414616407792864,0.434666478162473,0.373079448873952,14,2,150,0.441315540583741,-0.0344845419177708,29,2.1710107559026,0,-23.37719,2771,0.2,0,15,"both",0.441315540583741,-0.0344845419177708
"4212","session2",-18.7392302149169,3.33936552966432,1.90962270927485,8.06078276736208e-05,0.414616407792864,0.434666478162473,0.373079448873952,14,2,150,0.441315540583741,-0.0344845419177708,29,2.34763566733592,0,-41.6903,2771,0.2,0,15,"both",0.441315540583741,-0.0344845419177708
"4213","session2",-18.7392302149169,3.33936552966432,1.90962270927485,8.06078276736208e-05,0.414616407792864,0.434666478162473,0.373079448873952,14,2,150,0.441315540583741,-0.0344845419177708,29,1.85474359008467,1,-15.04576,2771,0.2,0,15,"both",0.441315540583741,-0.0344845419177708
"4214","session2",-18.7392302149169,3.33936552966432,1.90962270927485,8.06078276736208e-05,0.414616407792864,0.434666478162473,0.373079448873952,14,2,150,0.441315540583741,-0.0344845419177708,29,1.86291599539201,1,-17.89476894,2771,0.2,0,15,"both",0.441315540583741,-0.0344845419177708
"4215","session2",-18.7392302149169,3.33936552966432,1.90962270927485,8.06078276736208e-05,0.414616407792864,0.434666478162473,0.373079448873952,14,2,150,0.441315540583741,-0.0344845419177708,29,2.90753580088921,0,-30.0831,2771,0.2,0,15,"both",0.441315540583741,-0.0344845419177708
"4216","session2",-18.7392302149169,3.33936552966432,1.90962270927485,8.06078276736208e-05,0.414616407792864,0.434666478162473,0.373079448873952,14,2,150,0.441315540583741,-0.0344845419177708,29,3.37113034189148,0,-19.37819,2771,0.2,0,15,"both",0.441315540583741,-0.0344845419177708
"4217","session2",-18.7392302149169,3.33936552966432,1.90962270927485,8.06078276736208e-05,0.414616407792864,0.434666478162473,0.373079448873952,14,2,150,0.441315540583741,-0.0344845419177708,29,1.65974327539802,1,-12.08842,2771,0.2,0,15,"both",0.441315540583741,-0.0344845419177708
"4218","session2",-18.7392302149169,3.33936552966432,1.90962270927485,8.06078276736208e-05,0.414616407792864,0.434666478162473,0.373079448873952,14,2,150,0.441315540583741,-0.0344845419177708,29,4.1397382178796,1,-20.06003,2771,0.2,0,15,"both",0.441315540583741,-0.0344845419177708
"4219","session2",-18.7392302149169,3.33936552966432,1.90962270927485,8.06078276736208e-05,0.414616407792864,0.434666478162473,0.373079448873952,14,2,150,0.441315540583741,-0.0344845419177708,29,2.59826568505293,1,15.8121,2771,0.2,0,15,"both",0.441315540583741,-0.0344845419177708
"4220","session2",-18.7392302149169,3.33936552966432,1.90962270927485,8.06078276736208e-05,0.414616407792864,0.434666478162473,0.373079448873952,14,2,150,0.441315540583741,-0.0344845419177708,29,1.98339935985209,0,-44.7228,2771,0.2,0,15,"both",0.441315540583741,-0.0344845419177708
"4221","session2",-18.7392302149169,3.33936552966432,1.90962270927485,8.06078276736208e-05,0.414616407792864,0.434666478162473,0.373079448873952,14,2,150,0.441315540583741,-0.0344845419177708,29,3.47837494306478,1,-11.59145,2771,0.2,0,15,"both",0.441315540583741,-0.0344845419177708
"4222","session2",-18.7392302149169,3.33936552966432,1.90962270927485,8.06078276736208e-05,0.414616407792864,0.434666478162473,0.373079448873952,14,2,150,0.441315540583741,-0.0344845419177708,29,4.4713037041676,1,-19.4112821,2771,0.2,0,15,"both",0.441315540583741,-0.0344845419177708
"4223","session2",-18.7392302149169,3.33936552966432,1.90962270927485,8.06078276736208e-05,0.414616407792864,0.434666478162473,0.373079448873952,14,2,150,0.441315540583741,-0.0344845419177708,29,1.2032229259148,1,-12.80673,2771,0.2,0,15,"both",0.441315540583741,-0.0344845419177708
"4224","session2",-18.7392302149169,3.33936552966432,1.90962270927485,8.06078276736208e-05,0.414616407792864,0.434666478162473,0.373079448873952,14,2,150,0.441315540583741,-0.0344845419177708,29,5.85401505229834,0,-19.27984,2771,0.2,0,15,"both",0.441315540583741,-0.0344845419177708
"4225","session2",-18.7392302149169,3.33936552966432,1.90962270927485,8.06078276736208e-05,0.414616407792864,0.434666478162473,0.373079448873952,14,2,150,0.441315540583741,-0.0344845419177708,29,3.51906828066641,1,-16.48038,2771,0.2,0,15,"both",0.441315540583741,-0.0344845419177708
"4226","session2",-18.7392302149169,3.33936552966432,1.90962270927485,8.06078276736208e-05,0.414616407792864,0.434666478162473,0.373079448873952,14,2,150,0.441315540583741,-0.0344845419177708,29,3.1239932450038,1,-17.37764,2771,0.2,0,15,"both",0.441315540583741,-0.0344845419177708
"4227","session2",-18.7392302149169,3.33936552966432,1.90962270927485,8.06078276736208e-05,0.414616407792864,0.434666478162473,0.373079448873952,14,2,150,0.441315540583741,-0.0344845419177708,29,1.48582326931631,1,-14.86109,2771,0.2,0,15,"both",0.441315540583741,-0.0344845419177708
"4228","session2",-18.7392302149169,3.33936552966432,1.90962270927485,8.06078276736208e-05,0.414616407792864,0.434666478162473,0.373079448873952,14,2,150,0.441315540583741,-0.0344845419177708,29,1.81094872912037,0,-17.14533,2771,0.2,0,15,"both",0.441315540583741,-0.0344845419177708
"4229","session2",-18.7392302149169,3.33936552966432,1.90962270927485,8.06078276736208e-05,0.414616407792864,0.434666478162473,0.373079448873952,14,2,150,0.441315540583741,-0.0344845419177708,29,2.97394797704443,0,-25.96893,2771,0.2,0,15,"both",0.441315540583741,-0.0344845419177708
"4230","session2",-18.7392302149169,3.33936552966432,1.90962270927485,8.06078276736208e-05,0.414616407792864,0.434666478162473,0.373079448873952,14,2,150,0.441315540583741,-0.0344845419177708,29,3.06655440900893,1,-20.41923,2771,0.2,0,15,"both",0.441315540583741,-0.0344845419177708
"4231","session2",-18.7392302149169,3.33936552966432,1.90962270927485,8.06078276736208e-05,0.414616407792864,0.434666478162473,0.373079448873952,14,2,150,0.441315540583741,-0.0344845419177708,29,2.13214344031011,1,-17.11865,2771,0.2,0,15,"both",0.441315540583741,-0.0344845419177708
"4232","session2",-18.7392302149169,3.33936552966432,1.90962270927485,8.06078276736208e-05,0.414616407792864,0.434666478162473,0.373079448873952,14,2,150,0.441315540583741,-0.0344845419177708,29,1.82825228427048,0,-28.53712,2771,0.2,0,15,"both",0.441315540583741,-0.0344845419177708
"4233","session2",-18.7392302149169,3.33936552966432,1.90962270927485,8.06078276736208e-05,0.414616407792864,0.434666478162473,0.373079448873952,14,2,150,0.441315540583741,-0.0344845419177708,29,4.02474847384591,0,-26.46368,2771,0.2,0,15,"both",0.441315540583741,-0.0344845419177708
"4234","session2",-18.7392302149169,3.33936552966432,1.90962270927485,8.06078276736208e-05,0.414616407792864,0.434666478162473,0.373079448873952,14,2,150,0.441315540583741,-0.0344845419177708,29,1.87431977915796,0,-16.97059,2771,0.2,0,15,"both",0.441315540583741,-0.0344845419177708
"4235","session2",-18.7392302149169,3.33936552966432,1.90962270927485,8.06078276736208e-05,0.414616407792864,0.434666478162473,0.373079448873952,14,2,150,0.441315540583741,-0.0344845419177708,29,3.19843505166595,1,-12.95022,2771,0.2,0,15,"both",0.441315540583741,-0.0344845419177708
"4236","session2",-18.7392302149169,3.33936552966432,1.90962270927485,8.06078276736208e-05,0.414616407792864,0.434666478162473,0.373079448873952,14,2,150,0.441315540583741,-0.0344845419177708,29,2.15455660436015,1,-17.53712,2771,0.2,0,15,"both",0.441315540583741,-0.0344845419177708
"4237","session2",-18.7392302149169,3.33936552966432,1.90962270927485,8.06078276736208e-05,0.414616407792864,0.434666478162473,0.373079448873952,14,2,150,0.441315540583741,-0.0344845419177708,29,3.00277830905633,0,-20.67309,2771,0.2,0,15,"both",0.441315540583741,-0.0344845419177708
"4238","session2",-18.7392302149169,3.33936552966432,1.90962270927485,8.06078276736208e-05,0.414616407792864,0.434666478162473,0.373079448873952,14,2,150,0.441315540583741,-0.0344845419177708,29,1.29301591361607,0,-25.59356,2771,0.2,0,15,"both",0.441315540583741,-0.0344845419177708
"4239","session2",-18.7392302149169,3.33936552966432,1.90962270927485,8.06078276736208e-05,0.414616407792864,0.434666478162473,0.373079448873952,14,2,150,0.441315540583741,-0.0344845419177708,29,3.11156407451589,0,-21.37215,2771,0.2,0,15,"both",0.441315540583741,-0.0344845419177708
"4240","session2",-18.7392302149169,3.33936552966432,1.90962270927485,8.06078276736208e-05,0.414616407792864,0.434666478162473,0.373079448873952,14,2,150,0.441315540583741,-0.0344845419177708,29,1.87091847394683,1,-15.33314,2771,0.2,0,15,"both",0.441315540583741,-0.0344845419177708
"4241","session2",-18.7392302149169,3.33936552966432,1.90962270927485,8.06078276736208e-05,0.414616407792864,0.434666478162473,0.373079448873952,14,2,150,0.441315540583741,-0.0344845419177708,29,4.27153719533421,0,-24.21806,2771,0.2,0,15,"both",0.441315540583741,-0.0344845419177708
"4242","session2",-18.7392302149169,3.33936552966432,1.90962270927485,8.06078276736208e-05,0.414616407792864,0.434666478162473,0.373079448873952,14,2,150,0.441315540583741,-0.0344845419177708,29,2.36065483259474,0,-27.59431,2771,0.2,0,15,"both",0.441315540583741,-0.0344845419177708
"4243","session2",-18.7392302149169,3.33936552966432,1.90962270927485,8.06078276736208e-05,0.414616407792864,0.434666478162473,0.373079448873952,14,2,150,0.441315540583741,-0.0344845419177708,29,2.38060118413031,0,-26.76874,2771,0.2,0,15,"both",0.441315540583741,-0.0344845419177708
"4244","session2",-18.7392302149169,3.33936552966432,1.90962270927485,8.06078276736208e-05,0.414616407792864,0.434666478162473,0.373079448873952,14,2,150,0.441315540583741,-0.0344845419177708,29,2.4084207831586,0,-22.86022,2771,0.2,0,15,"both",0.441315540583741,-0.0344845419177708
"4245","session2",-18.7392302149169,3.33936552966432,1.90962270927485,8.06078276736208e-05,0.414616407792864,0.434666478162473,0.373079448873952,14,2,150,0.441315540583741,-0.0344845419177708,29,2.80088777180387,0,-16.21531,2771,0.2,0,15,"both",0.441315540583741,-0.0344845419177708
"4246","session2",-18.7392302149169,3.33936552966432,1.90962270927485,8.06078276736208e-05,0.414616407792864,0.434666478162473,0.373079448873952,14,2,150,0.441315540583741,-0.0344845419177708,29,3.69578820991613,1,-16.69597,2771,0.2,0,15,"both",0.441315540583741,-0.0344845419177708
"4247","session2",-18.7392302149169,3.33936552966432,1.90962270927485,8.06078276736208e-05,0.414616407792864,0.434666478162473,0.373079448873952,14,2,150,0.441315540583741,-0.0344845419177708,29,3.7038897489373,1,-13.16969,2771,0.2,0,15,"both",0.441315540583741,-0.0344845419177708
"4248","session2",-18.7392302149169,3.33936552966432,1.90962270927485,8.06078276736208e-05,0.414616407792864,0.434666478162473,0.373079448873952,14,2,150,0.441315540583741,-0.0344845419177708,29,2.65692153166496,1,-18.6104,2771,0.2,0,15,"both",0.441315540583741,-0.0344845419177708
"4249","session2",-18.7392302149169,3.33936552966432,1.90962270927485,8.06078276736208e-05,0.414616407792864,0.434666478162473,0.373079448873952,14,2,150,0.441315540583741,-0.0344845419177708,29,2.1948696422682,0,-21.847,2771,0.2,0,15,"both",0.441315540583741,-0.0344845419177708
"4250","session2",-18.7392302149169,3.33936552966432,1.90962270927485,8.06078276736208e-05,0.414616407792864,0.434666478162473,0.373079448873952,14,2,150,0.441315540583741,-0.0344845419177708,29,1.91811696142718,0,-22.31564,2771,0.2,0,15,"both",0.441315540583741,-0.0344845419177708
"4251","session2",-18.7392302149169,3.33936552966432,1.90962270927485,8.06078276736208e-05,0.414616407792864,0.434666478162473,0.373079448873952,14,2,150,0.441315540583741,-0.0344845419177708,29,3.64654804526665,1,-12.91825,2771,0.2,0,15,"both",0.441315540583741,-0.0344845419177708
"4252","session2",-18.7392302149169,3.33936552966432,1.90962270927485,8.06078276736208e-05,0.414616407792864,0.434666478162473,0.373079448873952,14,2,150,0.441315540583741,-0.0344845419177708,29,1.81022770479814,1,-15.4857,2771,0.2,0,15,"both",0.441315540583741,-0.0344845419177708
"4253","session2",-18.7392302149169,3.33936552966432,1.90962270927485,8.06078276736208e-05,0.414616407792864,0.434666478162473,0.373079448873952,14,2,150,0.441315540583741,-0.0344845419177708,29,2.91688735302593,1,-17.65844,2771,0.2,0,15,"both",0.441315540583741,-0.0344845419177708
"4254","session2",-18.7392302149169,3.33936552966432,1.90962270927485,8.06078276736208e-05,0.414616407792864,0.434666478162473,0.373079448873952,14,2,150,0.441315540583741,-0.0344845419177708,29,1.92342226121643,0,-21.26839,2771,0.2,0,15,"both",0.441315540583741,-0.0344845419177708
"4255","session2",-18.7392302149169,3.33936552966432,1.90962270927485,8.06078276736208e-05,0.414616407792864,0.434666478162473,0.373079448873952,14,2,150,0.441315540583741,-0.0344845419177708,29,3.38503593152027,1,-17.55837,2771,0.2,0,15,"both",0.441315540583741,-0.0344845419177708
"4256","session2",-18.7392302149169,3.33936552966432,1.90962270927485,8.06078276736208e-05,0.414616407792864,0.434666478162473,0.373079448873952,14,2,150,0.441315540583741,-0.0344845419177708,29,2.11162953641769,0,-22.10599,2771,0.2,0,15,"both",0.441315540583741,-0.0344845419177708
"4257","session2",-18.7392302149169,3.33936552966432,1.90962270927485,8.06078276736208e-05,0.414616407792864,0.434666478162473,0.373079448873952,14,2,150,0.441315540583741,-0.0344845419177708,29,5.95387832689994,1,-21.10843,2771,0.2,0,15,"both",0.441315540583741,-0.0344845419177708
"4258","session2",-18.7392302149169,3.33936552966432,1.90962270927485,8.06078276736208e-05,0.414616407792864,0.434666478162473,0.373079448873952,14,2,150,0.441315540583741,-0.0344845419177708,29,4.64231931022854,1,-15.85436,2771,0.2,0,15,"both",0.441315540583741,-0.0344845419177708
"4259","session2",-18.7392302149169,3.33936552966432,1.90962270927485,8.06078276736208e-05,0.414616407792864,0.434666478162473,0.373079448873952,14,2,150,0.441315540583741,-0.0344845419177708,29,1.77812747030551,0,-22.52237,2771,0.2,0,15,"both",0.441315540583741,-0.0344845419177708
"4260","session2",-18.7392302149169,3.33936552966432,1.90962270927485,8.06078276736208e-05,0.414616407792864,0.434666478162473,0.373079448873952,14,2,150,0.441315540583741,-0.0344845419177708,29,3.80495586570981,0,-22.84101,2771,0.2,0,15,"both",0.441315540583741,-0.0344845419177708
"4261","session2",-18.7392302149169,3.33936552966432,1.90962270927485,8.06078276736208e-05,0.414616407792864,0.434666478162473,0.373079448873952,14,2,150,0.441315540583741,-0.0344845419177708,29,0.984849075785034,0,-21.90476,2771,0.2,0,15,"both",0.441315540583741,-0.0344845419177708
"4262","session2",-18.7392302149169,3.33936552966432,1.90962270927485,8.06078276736208e-05,0.414616407792864,0.434666478162473,0.373079448873952,14,2,150,0.441315540583741,-0.0344845419177708,29,1.53596741720576,0,-23.81357,2771,0.2,0,15,"both",0.441315540583741,-0.0344845419177708
"4263","session2",-18.7392302149169,3.33936552966432,1.90962270927485,8.06078276736208e-05,0.414616407792864,0.434666478162473,0.373079448873952,14,2,150,0.441315540583741,-0.0344845419177708,29,5.1739421475423,0,-20.94443,2771,0.2,0,15,"both",0.441315540583741,-0.0344845419177708
"4264","session2",-18.7392302149169,3.33936552966432,1.90962270927485,8.06078276736208e-05,0.414616407792864,0.434666478162473,0.373079448873952,14,2,150,0.441315540583741,-0.0344845419177708,29,3.34909651265167,0,-21.17631,2771,0.2,0,15,"both",0.441315540583741,-0.0344845419177708
"4265","session2",-18.7392302149169,3.33936552966432,1.90962270927485,8.06078276736208e-05,0.414616407792864,0.434666478162473,0.373079448873952,14,2,150,0.441315540583741,-0.0344845419177708,29,2.23013083202225,0,-21.47799,2771,0.2,0,15,"both",0.441315540583741,-0.0344845419177708
"4266","session2",-18.7392302149169,3.33936552966432,1.90962270927485,8.06078276736208e-05,0.414616407792864,0.434666478162473,0.373079448873952,14,2,150,0.441315540583741,-0.0344845419177708,29,2.51733301998626,1,-13.70146,2771,0.2,0,15,"both",0.441315540583741,-0.0344845419177708
"4267","session2",-18.7392302149169,3.33936552966432,1.90962270927485,8.06078276736208e-05,0.414616407792864,0.434666478162473,0.373079448873952,14,2,150,0.441315540583741,-0.0344845419177708,29,2.23923947104086,1,-15.42511,2771,0.2,0,15,"both",0.441315540583741,-0.0344845419177708
"4268","session2",-18.7392302149169,3.33936552966432,1.90962270927485,8.06078276736208e-05,0.414616407792864,0.434666478162473,0.373079448873952,14,2,150,0.441315540583741,-0.0344845419177708,29,4.59250634508928,1,-17.5814,2771,0.2,0,15,"both",0.441315540583741,-0.0344845419177708
"4269","session2",-18.7392302149169,3.33936552966432,1.90962270927485,8.06078276736208e-05,0.414616407792864,0.434666478162473,0.373079448873952,14,2,150,0.441315540583741,-0.0344845419177708,29,2.95571549017374,1,-20.76774,2771,0.2,0,15,"both",0.441315540583741,-0.0344845419177708
"4270","session2",-18.7392302149169,3.33936552966432,1.90962270927485,8.06078276736208e-05,0.414616407792864,0.434666478162473,0.373079448873952,14,2,150,0.441315540583741,-0.0344845419177708,29,2.88867542887568,1,-15.92064,2771,0.2,0,15,"both",0.441315540583741,-0.0344845419177708
"4271","session2",-18.7392302149169,3.33936552966432,1.90962270927485,8.06078276736208e-05,0.414616407792864,0.434666478162473,0.373079448873952,14,2,150,0.441315540583741,-0.0344845419177708,29,2.83544626392568,0,-23.08411,2771,0.2,0,15,"both",0.441315540583741,-0.0344845419177708
"4272","session2",-18.7392302149169,3.33936552966432,1.90962270927485,8.06078276736208e-05,0.414616407792864,0.434666478162473,0.373079448873952,14,2,150,0.441315540583741,-0.0344845419177708,29,2.95618551605936,1,-14.41411,2771,0.2,0,15,"both",0.441315540583741,-0.0344845419177708
"4273","session2",-18.7392302149169,3.33936552966432,1.90962270927485,8.06078276736208e-05,0.414616407792864,0.434666478162473,0.373079448873952,14,2,150,0.441315540583741,-0.0344845419177708,29,2.85425807568702,0,-24.07305,2771,0.2,0,15,"both",0.441315540583741,-0.0344845419177708
"4274","session2",-18.7392302149169,3.33936552966432,1.90962270927485,8.06078276736208e-05,0.414616407792864,0.434666478162473,0.373079448873952,14,2,150,0.441315540583741,-0.0344845419177708,29,2.71755560261946,1,-16.05696,2771,0.2,0,15,"both",0.441315540583741,-0.0344845419177708
"4275","session2",-18.7392302149169,3.33936552966432,1.90962270927485,8.06078276736208e-05,0.414616407792864,0.434666478162473,0.373079448873952,14,2,150,0.441315540583741,-0.0344845419177708,29,2.55401022634029,0,-23.49938,2771,0.2,0,15,"both",0.441315540583741,-0.0344845419177708
"4276","session2",-18.7392302149169,3.33936552966432,1.90962270927485,8.06078276736208e-05,0.414616407792864,0.434666478162473,0.373079448873952,14,2,150,0.441315540583741,-0.0344845419177708,29,3.1299183665294,1,-16.76762,2771,0.2,0,15,"both",0.441315540583741,-0.0344845419177708
"4277","session2",-18.7392302149169,3.33936552966432,1.90962270927485,8.06078276736208e-05,0.414616407792864,0.434666478162473,0.373079448873952,14,2,150,0.441315540583741,-0.0344845419177708,29,1.43210529291984,0,-22.0773,2771,0.2,0,15,"both",0.441315540583741,-0.0344845419177708
"4278","session2",-18.7392302149169,3.33936552966432,1.90962270927485,8.06078276736208e-05,0.414616407792864,0.434666478162473,0.373079448873952,14,2,150,0.441315540583741,-0.0344845419177708,29,2.81385133811734,1,-16.2062,2771,0.2,0,15,"both",0.441315540583741,-0.0344845419177708
"4279","session2",-18.7392302149169,3.33936552966432,1.90962270927485,8.06078276736208e-05,0.414616407792864,0.434666478162473,0.373079448873952,14,2,150,0.441315540583741,-0.0344845419177708,29,1.86411027300132,0,-23.22881,2771,0.2,0,15,"both",0.441315540583741,-0.0344845419177708
"4280","session2",-18.7392302149169,3.33936552966432,1.90962270927485,8.06078276736208e-05,0.414616407792864,0.434666478162473,0.373079448873952,14,2,150,0.441315540583741,-0.0344845419177708,29,2.94462520892058,1,-17.38506,2771,0.2,0,15,"both",0.441315540583741,-0.0344845419177708
"4281","session2",-18.7392302149169,3.33936552966432,1.90962270927485,8.06078276736208e-05,0.414616407792864,0.434666478162473,0.373079448873952,14,2,150,0.441315540583741,-0.0344845419177708,29,2.29384639229397,0,-22.25119,2771,0.2,0,15,"both",0.441315540583741,-0.0344845419177708
"4282","session2",-18.7392302149169,3.33936552966432,1.90962270927485,8.06078276736208e-05,0.414616407792864,0.434666478162473,0.373079448873952,14,2,150,0.441315540583741,-0.0344845419177708,29,2.17666164061825,0,-21.87485,2771,0.2,0,15,"both",0.441315540583741,-0.0344845419177708
"4283","session2",-18.7392302149169,3.33936552966432,1.90962270927485,8.06078276736208e-05,0.414616407792864,0.434666478162473,0.373079448873952,14,2,150,0.441315540583741,-0.0344845419177708,29,2.90961877309866,1,-15.44028,2771,0.2,0,15,"both",0.441315540583741,-0.0344845419177708
"4284","session2",-18.7392302149169,3.33936552966432,1.90962270927485,8.06078276736208e-05,0.414616407792864,0.434666478162473,0.373079448873952,14,2,150,0.441315540583741,-0.0344845419177708,29,1.66394097502846,1,-14.5335,2771,0.2,0,15,"both",0.441315540583741,-0.0344845419177708
"4285","session2",-18.7392302149169,3.33936552966432,1.90962270927485,8.06078276736208e-05,0.414616407792864,0.434666478162473,0.373079448873952,14,2,150,0.441315540583741,-0.0344845419177708,29,1.8682456108936,0,-21.00463,2771,0.2,0,15,"both",0.441315540583741,-0.0344845419177708
"4286","session2",-18.7392302149169,3.33936552966432,1.90962270927485,8.06078276736208e-05,0.414616407792864,0.434666478162473,0.373079448873952,14,2,150,0.441315540583741,-0.0344845419177708,29,2.8260395215662,0,-20.70033,2771,0.2,0,15,"both",0.441315540583741,-0.0344845419177708
"4287","session2",-18.7392302149169,3.33936552966432,1.90962270927485,8.06078276736208e-05,0.414616407792864,0.434666478162473,0.373079448873952,14,2,150,0.441315540583741,-0.0344845419177708,29,1.29702777210586,0,-22.59194,2771,0.2,0,15,"both",0.441315540583741,-0.0344845419177708
"4288","session2",-18.7392302149169,3.33936552966432,1.90962270927485,8.06078276736208e-05,0.414616407792864,0.434666478162473,0.373079448873952,14,2,150,0.441315540583741,-0.0344845419177708,29,2.78993517568978,0,-21.37314,2771,0.2,0,15,"both",0.441315540583741,-0.0344845419177708
"4289","session2",-18.7392302149169,3.33936552966432,1.90962270927485,8.06078276736208e-05,0.414616407792864,0.434666478162473,0.373079448873952,14,2,150,0.441315540583741,-0.0344845419177708,29,2.40871343860871,0,-20.81657,2771,0.2,0,15,"both",0.441315540583741,-0.0344845419177708
"4290","session2",-18.7392302149169,3.33936552966432,1.90962270927485,8.06078276736208e-05,0.414616407792864,0.434666478162473,0.373079448873952,14,2,150,0.441315540583741,-0.0344845419177708,29,2.82859212901925,0,-21.56923,2771,0.2,0,15,"both",0.441315540583741,-0.0344845419177708
"4291","session2",-18.7392302149169,3.33936552966432,1.90962270927485,8.06078276736208e-05,0.414616407792864,0.434666478162473,0.373079448873952,14,2,150,0.441315540583741,-0.0344845419177708,29,3.05119582477897,1,-17.40897,2771,0.2,0,15,"both",0.441315540583741,-0.0344845419177708
"4292","session2",-18.7392302149169,3.33936552966432,1.90962270927485,8.06078276736208e-05,0.414616407792864,0.434666478162473,0.373079448873952,14,2,150,0.441315540583741,-0.0344845419177708,29,2.72146983689685,0,-21.43324,2771,0.2,0,15,"both",0.441315540583741,-0.0344845419177708
"4293","session2",-18.7392302149169,3.33936552966432,1.90962270927485,8.06078276736208e-05,0.414616407792864,0.434666478162473,0.373079448873952,14,2,150,0.441315540583741,-0.0344845419177708,29,4.79428065850533,1,-17.01461,2771,0.2,0,15,"both",0.441315540583741,-0.0344845419177708
"4294","session2",-18.7392302149169,3.33936552966432,1.90962270927485,8.06078276736208e-05,0.414616407792864,0.434666478162473,0.373079448873952,14,2,150,0.441315540583741,-0.0344845419177708,29,1.81224314103196,1,-17.1105,2771,0.2,0,15,"both",0.441315540583741,-0.0344845419177708
"4295","session2",-18.7392302149169,3.33936552966432,1.90962270927485,8.06078276736208e-05,0.414616407792864,0.434666478162473,0.373079448873952,14,2,150,0.441315540583741,-0.0344845419177708,29,1.91143334879048,0,-20.82217,2771,0.2,0,15,"both",0.441315540583741,-0.0344845419177708
"4296","session2",-18.7392302149169,3.33936552966432,1.90962270927485,8.06078276736208e-05,0.414616407792864,0.434666478162473,0.373079448873952,14,2,150,0.441315540583741,-0.0344845419177708,29,2.21828896408177,0,-20.35224,2771,0.2,0,15,"both",0.441315540583741,-0.0344845419177708
"4297","session2",-18.7392302149169,3.33936552966432,1.90962270927485,8.06078276736208e-05,0.414616407792864,0.434666478162473,0.373079448873952,14,2,150,0.441315540583741,-0.0344845419177708,29,1.9386413740248,0,-20.89235,2771,0.2,0,15,"both",0.441315540583741,-0.0344845419177708
"4298","session2",-18.7392302149169,3.33936552966432,1.90962270927485,8.06078276736208e-05,0.414616407792864,0.434666478162473,0.373079448873952,14,2,150,0.441315540583741,-0.0344845419177708,29,2.00738806306344,1,-17.36685,2771,0.2,0,15,"both",0.441315540583741,-0.0344845419177708
"4299","session2",-18.7392302149169,3.33936552966432,1.90962270927485,8.06078276736208e-05,0.414616407792864,0.434666478162473,0.373079448873952,14,2,150,0.441315540583741,-0.0344845419177708,29,2.36368861651058,1,-20.82975,2771,0.2,0,15,"both",0.441315540583741,-0.0344845419177708
"4300","session2",-18.7392302149169,3.33936552966432,1.90962270927485,8.06078276736208e-05,0.414616407792864,0.434666478162473,0.373079448873952,14,2,150,0.441315540583741,-0.0344845419177708,29,1.25497900759447,0,-16.60544,2771,0.2,0,15,"both",0.441315540583741,-0.0344845419177708
"4301","session2",-18.7392302149169,3.33936552966432,1.90962270927485,8.06078276736208e-05,0.414616407792864,0.434666478162473,0.373079448873952,14,2,150,0.441315540583741,-0.0344845419177708,29,2.4907943112969,0,-21.65753,2771,0.2,0,15,"both",0.441315540583741,-0.0344845419177708
"4302","session2",-18.7392302149169,3.33936552966432,1.90962270927485,8.06078276736208e-05,0.414616407792864,0.434666478162473,0.373079448873952,14,2,150,0.441315540583741,-0.0344845419177708,29,1.88175425164022,0,-20.73487,2771,0.2,0,15,"both",0.441315540583741,-0.0344845419177708
"4303","session2",-18.7392302149169,3.33936552966432,1.90962270927485,8.06078276736208e-05,0.414616407792864,0.434666478162473,0.373079448873952,14,2,150,0.441315540583741,-0.0344845419177708,29,1.72850540876228,1,-16.34635,2771,0.2,0,15,"both",0.441315540583741,-0.0344845419177708
"4304","session2",-18.7392302149169,3.33936552966432,1.90962270927485,8.06078276736208e-05,0.414616407792864,0.434666478162473,0.373079448873952,14,2,150,0.441315540583741,-0.0344845419177708,29,3.80917260412202,0,-20.94669,2771,0.2,0,15,"both",0.441315540583741,-0.0344845419177708
"4305","session2",-18.7392302149169,3.33936552966432,1.90962270927485,8.06078276736208e-05,0.414616407792864,0.434666478162473,0.373079448873952,14,2,150,0.441315540583741,-0.0344845419177708,29,3.18593558221767,1,-15.8365,2771,0.2,0,15,"both",0.441315540583741,-0.0344845419177708
"4306","session2",-18.7392302149169,3.33936552966432,1.90962270927485,8.06078276736208e-05,0.414616407792864,0.434666478162473,0.373079448873952,14,2,150,0.441315540583741,-0.0344845419177708,29,3.46047334952325,1,-16.67824,2771,0.2,0,15,"both",0.441315540583741,-0.0344845419177708
"4307","session2",-18.7392302149169,3.33936552966432,1.90962270927485,8.06078276736208e-05,0.414616407792864,0.434666478162473,0.373079448873952,14,2,150,0.441315540583741,-0.0344845419177708,29,2.67868018380033,0,-16.11676,2771,0.2,0,15,"both",0.441315540583741,-0.0344845419177708
"4308","session2",-18.7392302149169,3.33936552966432,1.90962270927485,8.06078276736208e-05,0.414616407792864,0.434666478162473,0.373079448873952,14,2,150,0.441315540583741,-0.0344845419177708,29,3.58119930330438,1,-16.85233,2771,0.2,0,15,"both",0.441315540583741,-0.0344845419177708
"4309","session2",-18.7392302149169,3.33936552966432,1.90962270927485,8.06078276736208e-05,0.414616407792864,0.434666478162473,0.373079448873952,14,2,150,0.441315540583741,-0.0344845419177708,29,6.17845525430372,0,-20.5002,2771,0.2,0,15,"both",0.441315540583741,-0.0344845419177708
"4310","session2",-18.7392302149169,3.33936552966432,1.90962270927485,8.06078276736208e-05,0.414616407792864,0.434666478162473,0.373079448873952,14,2,150,0.441315540583741,-0.0344845419177708,29,2.37731657959424,0,-19.94444,2771,0.2,0,15,"both",0.441315540583741,-0.0344845419177708
"4311","session2",-18.7392302149169,3.33936552966432,1.90962270927485,8.06078276736208e-05,0.414616407792864,0.434666478162473,0.373079448873952,14,2,150,0.441315540583741,-0.0344845419177708,29,2.41801653179871,0,-21.41946,2771,0.2,0,15,"both",0.441315540583741,-0.0344845419177708
"4312","session2",-18.7392302149169,3.33936552966432,1.90962270927485,8.06078276736208e-05,0.414616407792864,0.434666478162473,0.373079448873952,14,2,150,0.441315540583741,-0.0344845419177708,29,1.60365008853512,0,-21.01478,2771,0.2,0,15,"both",0.441315540583741,-0.0344845419177708
"4313","session2",-18.7392302149169,3.33936552966432,1.90962270927485,8.06078276736208e-05,0.414616407792864,0.434666478162473,0.373079448873952,14,2,150,0.441315540583741,-0.0344845419177708,29,2.28848603367476,1,-16.29988,2771,0.2,0,15,"both",0.441315540583741,-0.0344845419177708
"4314","session2",-18.7392302149169,3.33936552966432,1.90962270927485,8.06078276736208e-05,0.414616407792864,0.434666478162473,0.373079448873952,14,2,150,0.441315540583741,-0.0344845419177708,29,2.49749183683364,1,-17.72428,2771,0.2,0,15,"both",0.441315540583741,-0.0344845419177708
"4315","session2",-18.7392302149169,3.33936552966432,1.90962270927485,8.06078276736208e-05,0.414616407792864,0.434666478162473,0.373079448873952,14,2,150,0.441315540583741,-0.0344845419177708,29,3.56768972398925,0,-20.7972,2771,0.2,0,15,"both",0.441315540583741,-0.0344845419177708
"4316","session2",-18.7392302149169,3.33936552966432,1.90962270927485,8.06078276736208e-05,0.414616407792864,0.434666478162473,0.373079448873952,14,2,150,0.441315540583741,-0.0344845419177708,29,2.86445546868234,1,-21.11415,2771,0.2,0,15,"both",0.441315540583741,-0.0344845419177708
"4317","session2",-18.7392302149169,3.33936552966432,1.90962270927485,8.06078276736208e-05,0.414616407792864,0.434666478162473,0.373079448873952,14,2,150,0.441315540583741,-0.0344845419177708,29,2.12085707438416,1,-16.94289,2771,0.2,0,15,"both",0.441315540583741,-0.0344845419177708
"4318","session2",-18.7392302149169,3.33936552966432,1.90962270927485,8.06078276736208e-05,0.414616407792864,0.434666478162473,0.373079448873952,14,2,150,0.441315540583741,-0.0344845419177708,29,2.26654323990534,0,-20.13944,2771,0.2,0,15,"both",0.441315540583741,-0.0344845419177708
"4319","session2",-18.7392302149169,3.33936552966432,1.90962270927485,8.06078276736208e-05,0.414616407792864,0.434666478162473,0.373079448873952,14,2,150,0.441315540583741,-0.0344845419177708,29,2.3499148652576,1,-16.28468,2771,0.2,0,15,"both",0.441315540583741,-0.0344845419177708
"4320","session2",-18.7392302149169,3.33936552966432,1.90962270927485,8.06078276736208e-05,0.414616407792864,0.434666478162473,0.373079448873952,14,2,150,0.441315540583741,-0.0344845419177708,29,3.3482257320081,1,-16.09129,2771,0.2,0,15,"both",0.441315540583741,-0.0344845419177708
"4321","session2",-18.7392302149169,3.33936552966432,1.90962270927485,8.06078276736208e-05,0.414616407792864,0.434666478162473,0.373079448873952,14,2,150,0.441315540583741,-0.0344845419177708,29,2.2358887942388,1,-16.41813,2771,0.2,0,15,"both",0.441315540583741,-0.0344845419177708
"4322","session2",-18.7392302149169,3.33936552966432,1.90962270927485,8.06078276736208e-05,0.414616407792864,0.434666478162473,0.373079448873952,14,2,150,0.441315540583741,-0.0344845419177708,29,2.93137012450397,0,-21.25432,2771,0.2,0,15,"both",0.441315540583741,-0.0344845419177708
"4323","session2",-18.7392302149169,3.33936552966432,1.90962270927485,8.06078276736208e-05,0.414616407792864,0.434666478162473,0.373079448873952,14,2,150,0.441315540583741,-0.0344845419177708,29,2.05430019586902,0,-21.56445,2771,0.2,0,15,"both",0.441315540583741,-0.0344845419177708
"4324","session2",-18.7392302149169,3.33936552966432,1.90962270927485,8.06078276736208e-05,0.414616407792864,0.434666478162473,0.373079448873952,14,2,150,0.441315540583741,-0.0344845419177708,29,2.8447562942144,0,-20.66562,2771,0.2,0,15,"both",0.441315540583741,-0.0344845419177708
"4325","session2",-18.7392302149169,3.33936552966432,1.90962270927485,8.06078276736208e-05,0.414616407792864,0.434666478162473,0.373079448873952,14,2,150,0.441315540583741,-0.0344845419177708,29,1.57947414668209,0,-21.43816,2771,0.2,0,15,"both",0.441315540583741,-0.0344845419177708
"4326","session2",-18.7392302149169,3.33936552966432,1.90962270927485,8.06078276736208e-05,0.414616407792864,0.434666478162473,0.373079448873952,14,2,150,0.441315540583741,-0.0344845419177708,29,4.3018709059633,0,-20.1031,2771,0.2,0,15,"both",0.441315540583741,-0.0344845419177708
"4327","session2",-18.7392302149169,3.33936552966432,1.90962270927485,8.06078276736208e-05,0.414616407792864,0.434666478162473,0.373079448873952,14,2,150,0.441315540583741,-0.0344845419177708,29,1.86944238761229,0,-21.01603,2771,0.2,0,15,"both",0.441315540583741,-0.0344845419177708
"4328","session2",-18.7392302149169,3.33936552966432,1.90962270927485,8.06078276736208e-05,0.414616407792864,0.434666478162473,0.373079448873952,14,2,150,0.441315540583741,-0.0344845419177708,29,2.09645700545044,1,-16.69435,2771,0.2,0,15,"both",0.441315540583741,-0.0344845419177708
"4329","session2",-18.7392302149169,3.33936552966432,1.90962270927485,8.06078276736208e-05,0.414616407792864,0.434666478162473,0.373079448873952,14,2,150,0.441315540583741,-0.0344845419177708,29,1.16108645600419,0,-21.31299,2771,0.2,0,15,"both",0.441315540583741,-0.0344845419177708
"4330","session2",-18.7392302149169,3.33936552966432,1.90962270927485,8.06078276736208e-05,0.414616407792864,0.434666478162473,0.373079448873952,14,2,150,0.441315540583741,-0.0344845419177708,29,1.6928305032182,1,-20.89629,2771,0.2,0,15,"both",0.441315540583741,-0.0344845419177708
"4331","session2",-18.7392302149169,3.33936552966432,1.90962270927485,8.06078276736208e-05,0.414616407792864,0.434666478162473,0.373079448873952,14,2,150,0.441315540583741,-0.0344845419177708,29,1.9136061448461,0,-20.27821,2771,0.2,0,15,"both",0.441315540583741,-0.0344845419177708
"4332","session2",-18.7392302149169,3.33936552966432,1.90962270927485,8.06078276736208e-05,0.414616407792864,0.434666478162473,0.373079448873952,14,2,150,0.441315540583741,-0.0344845419177708,29,2.59934752174972,1,-15.59979,2771,0.2,0,15,"both",0.441315540583741,-0.0344845419177708
"4333","session2",-18.7392302149169,3.33936552966432,1.90962270927485,8.06078276736208e-05,0.414616407792864,0.434666478162473,0.373079448873952,14,2,150,0.441315540583741,-0.0344845419177708,29,2.9764066797635,1,-16.74873,2771,0.2,0,15,"both",0.441315540583741,-0.0344845419177708
"4334","session2",-18.7392302149169,3.33936552966432,1.90962270927485,8.06078276736208e-05,0.414616407792864,0.434666478162473,0.373079448873952,14,2,150,0.441315540583741,-0.0344845419177708,29,2.54735510674733,0,-17.9302,2771,0.2,0,15,"both",0.441315540583741,-0.0344845419177708
"4335","session2",-18.7392302149169,3.33936552966432,1.90962270927485,8.06078276736208e-05,0.414616407792864,0.434666478162473,0.373079448873952,14,2,150,0.441315540583741,-0.0344845419177708,29,2.48701038827499,0,-16.85884,2771,0.2,0,15,"both",0.441315540583741,-0.0344845419177708
"4336","session2",-18.7392302149169,3.33936552966432,1.90962270927485,8.06078276736208e-05,0.414616407792864,0.434666478162473,0.373079448873952,14,2,150,0.441315540583741,-0.0344845419177708,29,4.50065240335906,1,-20.16808,2771,0.2,0,15,"both",0.441315540583741,-0.0344845419177708
"4337","session2",-18.7392302149169,3.33936552966432,1.90962270927485,8.06078276736208e-05,0.414616407792864,0.434666478162473,0.373079448873952,14,2,150,0.441315540583741,-0.0344845419177708,29,2.42712779745297,1,-16.83526,2771,0.2,0,15,"both",0.441315540583741,-0.0344845419177708
"4338","session2",-18.7392302149169,3.33936552966432,1.90962270927485,8.06078276736208e-05,0.414616407792864,0.434666478162473,0.373079448873952,14,2,150,0.441315540583741,-0.0344845419177708,29,1.44217779013074,1,-15.69024,2771,0.2,0,15,"both",0.441315540583741,-0.0344845419177708
"4339","session2",-18.7392302149169,3.33936552966432,1.90962270927485,8.06078276736208e-05,0.414616407792864,0.434666478162473,0.373079448873952,14,2,150,0.441315540583741,-0.0344845419177708,29,5.64065922415445,0,-20.92134,2771,0.2,0,15,"both",0.441315540583741,-0.0344845419177708
"4340","session2",-18.7392302149169,3.33936552966432,1.90962270927485,8.06078276736208e-05,0.414616407792864,0.434666478162473,0.373079448873952,14,2,150,0.441315540583741,-0.0344845419177708,29,2.90930548025773,0,-21.23708,2771,0.2,0,15,"both",0.441315540583741,-0.0344845419177708
"4341","session2",-18.7392302149169,3.33936552966432,1.90962270927485,8.06078276736208e-05,0.414616407792864,0.434666478162473,0.373079448873952,14,2,150,0.441315540583741,-0.0344845419177708,29,1.92245876765648,1,-16.38476,2771,0.2,0,15,"both",0.441315540583741,-0.0344845419177708
"4342","session2",-18.7392302149169,3.33936552966432,1.90962270927485,8.06078276736208e-05,0.414616407792864,0.434666478162473,0.373079448873952,14,2,150,0.441315540583741,-0.0344845419177708,29,2.88450398364795,1,-16.68429,2771,0.2,0,15,"both",0.441315540583741,-0.0344845419177708
"4343","session2",-18.7392302149169,3.33936552966432,1.90962270927485,8.06078276736208e-05,0.414616407792864,0.434666478162473,0.373079448873952,14,2,150,0.441315540583741,-0.0344845419177708,29,1.28155013913101,0,-21.83447,2771,0.2,0,15,"both",0.441315540583741,-0.0344845419177708
"4344","session2",-18.7392302149169,3.33936552966432,1.90962270927485,8.06078276736208e-05,0.414616407792864,0.434666478162473,0.373079448873952,14,2,150,0.441315540583741,-0.0344845419177708,29,3.26658050475061,1,-20.07961,2771,0.2,0,15,"both",0.441315540583741,-0.0344845419177708
"4345","session2",-18.7392302149169,3.33936552966432,1.90962270927485,8.06078276736208e-05,0.414616407792864,0.434666478162473,0.373079448873952,14,2,150,0.441315540583741,-0.0344845419177708,29,3.31816371573814,1,-16.48693,2771,0.2,0,15,"both",0.441315540583741,-0.0344845419177708
"4346","session2",-18.7392302149169,3.33936552966432,1.90962270927485,8.06078276736208e-05,0.414616407792864,0.434666478162473,0.373079448873952,14,2,150,0.441315540583741,-0.0344845419177708,29,2.55494649572191,1,-16.95599,2771,0.2,0,15,"both",0.441315540583741,-0.0344845419177708
"4347","session2",-18.7392302149169,3.33936552966432,1.90962270927485,8.06078276736208e-05,0.414616407792864,0.434666478162473,0.373079448873952,14,2,150,0.441315540583741,-0.0344845419177708,29,2.54815255528334,1,-17.2274,2771,0.2,0,15,"both",0.441315540583741,-0.0344845419177708
"4348","session2",-18.7392302149169,3.33936552966432,1.90962270927485,8.06078276736208e-05,0.414616407792864,0.434666478162473,0.373079448873952,14,2,150,0.441315540583741,-0.0344845419177708,29,1.81001157183868,1,-17.24471,2771,0.2,0,15,"both",0.441315540583741,-0.0344845419177708
"4349","session2",-18.7392302149169,3.33936552966432,1.90962270927485,8.06078276736208e-05,0.414616407792864,0.434666478162473,0.373079448873952,14,2,150,0.441315540583741,-0.0344845419177708,29,2.27084651144543,0,-20.63012,2771,0.2,0,15,"both",0.441315540583741,-0.0344845419177708
"4350","session2",-18.7392302149169,3.33936552966432,1.90962270927485,8.06078276736208e-05,0.414616407792864,0.434666478162473,0.373079448873952,14,2,150,0.441315540583741,-0.0344845419177708,29,1.87107408846216,0,-21.75987,2771,0.2,0,15,"both",0.441315540583741,-0.0344845419177708
"4351","session2",-6.92666079099805,15.9559867313712,3.78073615289731,2.92698208360518e-05,0.081460569546248,0.347446607896254,0.465728527647437,15,2,150,0.441315540583741,-0.0344845419177708,30,2.27223308908451,1,7.5140780384,2771,0.2,0,15,"both",0.441315540583741,-0.0344845419177708
"4352","session2",-6.92666079099805,15.9559867313712,3.78073615289731,2.92698208360518e-05,0.081460569546248,0.347446607896254,0.465728527647437,15,2,150,0.441315540583741,-0.0344845419177708,30,4.61684981857984,1,-7.1889514879,2771,0.2,0,15,"both",0.441315540583741,-0.0344845419177708
"4353","session2",-6.92666079099805,15.9559867313712,3.78073615289731,2.92698208360518e-05,0.081460569546248,0.347446607896254,0.465728527647437,15,2,150,0.441315540583741,-0.0344845419177708,30,3.06937833110863,1,-14.5356998166,2771,0.2,0,15,"both",0.441315540583741,-0.0344845419177708
"4354","session2",-6.92666079099805,15.9559867313712,3.78073615289731,2.92698208360518e-05,0.081460569546248,0.347446607896254,0.465728527647437,15,2,150,0.441315540583741,-0.0344845419177708,30,1.50293872513482,0,-21.0784179955,2771,0.2,0,15,"both",0.441315540583741,-0.0344845419177708
"4355","session2",-6.92666079099805,15.9559867313712,3.78073615289731,2.92698208360518e-05,0.081460569546248,0.347446607896254,0.465728527647437,15,2,150,0.441315540583741,-0.0344845419177708,30,2.06781085884201,1,-7.44038,2771,0.2,0,15,"both",0.441315540583741,-0.0344845419177708
"4356","session2",-6.92666079099805,15.9559867313712,3.78073615289731,2.92698208360518e-05,0.081460569546248,0.347446607896254,0.465728527647437,15,2,150,0.441315540583741,-0.0344845419177708,30,3.22421858449611,0,-9.97903,2771,0.2,0,15,"both",0.441315540583741,-0.0344845419177708
"4357","session2",-6.92666079099805,15.9559867313712,3.78073615289731,2.92698208360518e-05,0.081460569546248,0.347446607896254,0.465728527647437,15,2,150,0.441315540583741,-0.0344845419177708,30,2.74807290628856,0,-13.81393,2771,0.2,0,15,"both",0.441315540583741,-0.0344845419177708
"4358","session2",-6.92666079099805,15.9559867313712,3.78073615289731,2.92698208360518e-05,0.081460569546248,0.347446607896254,0.465728527647437,15,2,150,0.441315540583741,-0.0344845419177708,30,3.38622683279684,0,-7.12257,2771,0.2,0,15,"both",0.441315540583741,-0.0344845419177708
"4359","session2",-6.92666079099805,15.9559867313712,3.78073615289731,2.92698208360518e-05,0.081460569546248,0.347446607896254,0.465728527647437,15,2,150,0.441315540583741,-0.0344845419177708,30,3.99252951018415,0,-5.2152411717,2771,0.2,0,15,"both",0.441315540583741,-0.0344845419177708
"4360","session2",-6.92666079099805,15.9559867313712,3.78073615289731,2.92698208360518e-05,0.081460569546248,0.347446607896254,0.465728527647437,15,2,150,0.441315540583741,-0.0344845419177708,30,3.37559667798879,0,-2.5232200595,2771,0.2,0,15,"both",0.441315540583741,-0.0344845419177708
"4361","session2",-6.92666079099805,15.9559867313712,3.78073615289731,2.92698208360518e-05,0.081460569546248,0.347446607896254,0.465728527647437,15,2,150,0.441315540583741,-0.0344845419177708,30,2.89552195537767,1,37.42776,2771,0.2,0,15,"both",0.441315540583741,-0.0344845419177708
"4362","session2",-6.92666079099805,15.9559867313712,3.78073615289731,2.92698208360518e-05,0.081460569546248,0.347446607896254,0.465728527647437,15,2,150,0.441315540583741,-0.0344845419177708,30,2.06313233103442,1,12.8846,2771,0.2,0,15,"both",0.441315540583741,-0.0344845419177708
"4363","session2",-6.92666079099805,15.9559867313712,3.78073615289731,2.92698208360518e-05,0.081460569546248,0.347446607896254,0.465728527647437,15,2,150,0.441315540583741,-0.0344845419177708,30,3.13881335773706,1,3.1455,2771,0.2,0,15,"both",0.441315540583741,-0.0344845419177708
"4364","session2",-6.92666079099805,15.9559867313712,3.78073615289731,2.92698208360518e-05,0.081460569546248,0.347446607896254,0.465728527647437,15,2,150,0.441315540583741,-0.0344845419177708,30,1.962619211038,0,-23.26248,2771,0.2,0,15,"both",0.441315540583741,-0.0344845419177708
"4365","session2",-6.92666079099805,15.9559867313712,3.78073615289731,2.92698208360518e-05,0.081460569546248,0.347446607896254,0.465728527647437,15,2,150,0.441315540583741,-0.0344845419177708,30,3.87149056527527,0,-4.06100565804,2771,0.2,0,15,"both",0.441315540583741,-0.0344845419177708
"4366","session2",-6.92666079099805,15.9559867313712,3.78073615289731,2.92698208360518e-05,0.081460569546248,0.347446607896254,0.465728527647437,15,2,150,0.441315540583741,-0.0344845419177708,30,2.30313448853142,1,-1.120789793,2771,0.2,0,15,"both",0.441315540583741,-0.0344845419177708
"4367","session2",-6.92666079099805,15.9559867313712,3.78073615289731,2.92698208360518e-05,0.081460569546248,0.347446607896254,0.465728527647437,15,2,150,0.441315540583741,-0.0344845419177708,30,4.21788600472103,0,-10.17723,2771,0.2,0,15,"both",0.441315540583741,-0.0344845419177708
"4368","session2",-6.92666079099805,15.9559867313712,3.78073615289731,2.92698208360518e-05,0.081460569546248,0.347446607896254,0.465728527647437,15,2,150,0.441315540583741,-0.0344845419177708,30,1.81527145798378,0,12.82307,2771,0.2,0,15,"both",0.441315540583741,-0.0344845419177708
"4369","session2",-6.92666079099805,15.9559867313712,3.78073615289731,2.92698208360518e-05,0.081460569546248,0.347446607896254,0.465728527647437,15,2,150,0.441315540583741,-0.0344845419177708,30,4.79681325463075,1,-3.80708,2771,0.2,0,15,"both",0.441315540583741,-0.0344845419177708
"4370","session2",-6.92666079099805,15.9559867313712,3.78073615289731,2.92698208360518e-05,0.081460569546248,0.347446607896254,0.465728527647437,15,2,150,0.441315540583741,-0.0344845419177708,30,1.56126943236647,1,35.33955,2771,0.2,0,15,"both",0.441315540583741,-0.0344845419177708
"4371","session2",-6.92666079099805,15.9559867313712,3.78073615289731,2.92698208360518e-05,0.081460569546248,0.347446607896254,0.465728527647437,15,2,150,0.441315540583741,-0.0344845419177708,30,2.95283886920515,1,-6.12955,2771,0.2,0,15,"both",0.441315540583741,-0.0344845419177708
"4372","session2",-6.92666079099805,15.9559867313712,3.78073615289731,2.92698208360518e-05,0.081460569546248,0.347446607896254,0.465728527647437,15,2,150,0.441315540583741,-0.0344845419177708,30,2.09240915832536,1,-4.51971308669,2771,0.2,0,15,"both",0.441315540583741,-0.0344845419177708
"4373","session2",-6.92666079099805,15.9559867313712,3.78073615289731,2.92698208360518e-05,0.081460569546248,0.347446607896254,0.465728527647437,15,2,150,0.441315540583741,-0.0344845419177708,30,1.86417401319291,1,21.95758,2771,0.2,0,15,"both",0.441315540583741,-0.0344845419177708
"4374","session2",-6.92666079099805,15.9559867313712,3.78073615289731,2.92698208360518e-05,0.081460569546248,0.347446607896254,0.465728527647437,15,2,150,0.441315540583741,-0.0344845419177708,30,2.79371276088175,0,-17.75889,2771,0.2,0,15,"both",0.441315540583741,-0.0344845419177708
"4375","session2",-6.92666079099805,15.9559867313712,3.78073615289731,2.92698208360518e-05,0.081460569546248,0.347446607896254,0.465728527647437,15,2,150,0.441315540583741,-0.0344845419177708,30,6.02025418150243,1,-1.0203,2771,0.2,0,15,"both",0.441315540583741,-0.0344845419177708
"4376","session2",-6.92666079099805,15.9559867313712,3.78073615289731,2.92698208360518e-05,0.081460569546248,0.347446607896254,0.465728527647437,15,2,150,0.441315540583741,-0.0344845419177708,30,2.77607891310696,1,-1.74992,2771,0.2,0,15,"both",0.441315540583741,-0.0344845419177708
"4377","session2",-6.92666079099805,15.9559867313712,3.78073615289731,2.92698208360518e-05,0.081460569546248,0.347446607896254,0.465728527647437,15,2,150,0.441315540583741,-0.0344845419177708,30,6.71054895394995,1,-12.05826,2771,0.2,0,15,"both",0.441315540583741,-0.0344845419177708
"4378","session2",-6.92666079099805,15.9559867313712,3.78073615289731,2.92698208360518e-05,0.081460569546248,0.347446607896254,0.465728527647437,15,2,150,0.441315540583741,-0.0344845419177708,30,1.41780126403421,1,18.81905,2771,0.2,0,15,"both",0.441315540583741,-0.0344845419177708
"4379","session2",-6.92666079099805,15.9559867313712,3.78073615289731,2.92698208360518e-05,0.081460569546248,0.347446607896254,0.465728527647437,15,2,150,0.441315540583741,-0.0344845419177708,30,2.19780758335047,0,-1.72731,2771,0.2,0,15,"both",0.441315540583741,-0.0344845419177708
"4380","session2",-6.92666079099805,15.9559867313712,3.78073615289731,2.92698208360518e-05,0.081460569546248,0.347446607896254,0.465728527647437,15,2,150,0.441315540583741,-0.0344845419177708,30,3.08606387345052,1,12.79519,2771,0.2,0,15,"both",0.441315540583741,-0.0344845419177708
"4381","session2",-6.92666079099805,15.9559867313712,3.78073615289731,2.92698208360518e-05,0.081460569546248,0.347446607896254,0.465728527647437,15,2,150,0.441315540583741,-0.0344845419177708,30,2.09414530118142,1,12.94764,2771,0.2,0,15,"both",0.441315540583741,-0.0344845419177708
"4382","session2",-6.92666079099805,15.9559867313712,3.78073615289731,2.92698208360518e-05,0.081460569546248,0.347446607896254,0.465728527647437,15,2,150,0.441315540583741,-0.0344845419177708,30,2.98819427050042,1,3.98639,2771,0.2,0,15,"both",0.441315540583741,-0.0344845419177708
"4383","session2",-6.92666079099805,15.9559867313712,3.78073615289731,2.92698208360518e-05,0.081460569546248,0.347446607896254,0.465728527647437,15,2,150,0.441315540583741,-0.0344845419177708,30,4.8522613322155,1,-0.658010000000001,2771,0.2,0,15,"both",0.441315540583741,-0.0344845419177708
"4384","session2",-6.92666079099805,15.9559867313712,3.78073615289731,2.92698208360518e-05,0.081460569546248,0.347446607896254,0.465728527647437,15,2,150,0.441315540583741,-0.0344845419177708,30,1.94049398046561,0,0.9552,2771,0.2,0,15,"both",0.441315540583741,-0.0344845419177708
"4385","session2",-6.92666079099805,15.9559867313712,3.78073615289731,2.92698208360518e-05,0.081460569546248,0.347446607896254,0.465728527647437,15,2,150,0.441315540583741,-0.0344845419177708,30,1.74245824471996,1,23.05222,2771,0.2,0,15,"both",0.441315540583741,-0.0344845419177708
"4386","session2",-6.92666079099805,15.9559867313712,3.78073615289731,2.92698208360518e-05,0.081460569546248,0.347446607896254,0.465728527647437,15,2,150,0.441315540583741,-0.0344845419177708,30,1.69808132273324,1,-20.803606,2771,0.2,0,15,"both",0.441315540583741,-0.0344845419177708
"4387","session2",-6.92666079099805,15.9559867313712,3.78073615289731,2.92698208360518e-05,0.081460569546248,0.347446607896254,0.465728527647437,15,2,150,0.441315540583741,-0.0344845419177708,30,2.68343953097672,0,-30.49947,2771,0.2,0,15,"both",0.441315540583741,-0.0344845419177708
"4388","session2",-6.92666079099805,15.9559867313712,3.78073615289731,2.92698208360518e-05,0.081460569546248,0.347446607896254,0.465728527647437,15,2,150,0.441315540583741,-0.0344845419177708,30,3.62645946807677,1,-4.30818,2771,0.2,0,15,"both",0.441315540583741,-0.0344845419177708
"4389","session2",-6.92666079099805,15.9559867313712,3.78073615289731,2.92698208360518e-05,0.081460569546248,0.347446607896254,0.465728527647437,15,2,150,0.441315540583741,-0.0344845419177708,30,2.55144393783348,0,-20.12195,2771,0.2,0,15,"both",0.441315540583741,-0.0344845419177708
"4390","session2",-6.92666079099805,15.9559867313712,3.78073615289731,2.92698208360518e-05,0.081460569546248,0.347446607896254,0.465728527647437,15,2,150,0.441315540583741,-0.0344845419177708,30,3.64987651860221,0,-12.38656,2771,0.2,0,15,"both",0.441315540583741,-0.0344845419177708
"4391","session2",-6.92666079099805,15.9559867313712,3.78073615289731,2.92698208360518e-05,0.081460569546248,0.347446607896254,0.465728527647437,15,2,150,0.441315540583741,-0.0344845419177708,30,2.72468575733656,0,-30.13785,2771,0.2,0,15,"both",0.441315540583741,-0.0344845419177708
"4392","session2",-6.92666079099805,15.9559867313712,3.78073615289731,2.92698208360518e-05,0.081460569546248,0.347446607896254,0.465728527647437,15,2,150,0.441315540583741,-0.0344845419177708,30,2.53232201025147,1,-7.7733,2771,0.2,0,15,"both",0.441315540583741,-0.0344845419177708
"4393","session2",-6.92666079099805,15.9559867313712,3.78073615289731,2.92698208360518e-05,0.081460569546248,0.347446607896254,0.465728527647437,15,2,150,0.441315540583741,-0.0344845419177708,30,1.87333735129281,0,12.4413,2771,0.2,0,15,"both",0.441315540583741,-0.0344845419177708
"4394","session2",-6.92666079099805,15.9559867313712,3.78073615289731,2.92698208360518e-05,0.081460569546248,0.347446607896254,0.465728527647437,15,2,150,0.441315540583741,-0.0344845419177708,30,1.56093965271543,1,15.2386,2771,0.2,0,15,"both",0.441315540583741,-0.0344845419177708
"4395","session2",-6.92666079099805,15.9559867313712,3.78073615289731,2.92698208360518e-05,0.081460569546248,0.347446607896254,0.465728527647437,15,2,150,0.441315540583741,-0.0344845419177708,30,3.12367179589036,0,-23.664861,2771,0.2,0,15,"both",0.441315540583741,-0.0344845419177708
"4396","session2",-6.92666079099805,15.9559867313712,3.78073615289731,2.92698208360518e-05,0.081460569546248,0.347446607896254,0.465728527647437,15,2,150,0.441315540583741,-0.0344845419177708,30,2.98247114327209,0,-23.73583,2771,0.2,0,15,"both",0.441315540583741,-0.0344845419177708
"4397","session2",-6.92666079099805,15.9559867313712,3.78073615289731,2.92698208360518e-05,0.081460569546248,0.347446607896254,0.465728527647437,15,2,150,0.441315540583741,-0.0344845419177708,30,3.03211384204653,1,3.37228,2771,0.2,0,15,"both",0.441315540583741,-0.0344845419177708
"4398","session2",-6.92666079099805,15.9559867313712,3.78073615289731,2.92698208360518e-05,0.081460569546248,0.347446607896254,0.465728527647437,15,2,150,0.441315540583741,-0.0344845419177708,30,4.68043100146862,1,1.5243,2771,0.2,0,15,"both",0.441315540583741,-0.0344845419177708
"4399","session2",-6.92666079099805,15.9559867313712,3.78073615289731,2.92698208360518e-05,0.081460569546248,0.347446607896254,0.465728527647437,15,2,150,0.441315540583741,-0.0344845419177708,30,2.95867216537395,1,-1.58835,2771,0.2,0,15,"both",0.441315540583741,-0.0344845419177708
"4400","session2",-6.92666079099805,15.9559867313712,3.78073615289731,2.92698208360518e-05,0.081460569546248,0.347446607896254,0.465728527647437,15,2,150,0.441315540583741,-0.0344845419177708,30,2.67823127641653,0,-2.1195,2771,0.2,0,15,"both",0.441315540583741,-0.0344845419177708
"4401","session2",-6.92666079099805,15.9559867313712,3.78073615289731,2.92698208360518e-05,0.081460569546248,0.347446607896254,0.465728527647437,15,2,150,0.441315540583741,-0.0344845419177708,30,1.50300611152608,1,25.88396,2771,0.2,0,15,"both",0.441315540583741,-0.0344845419177708
"4402","session2",-6.92666079099805,15.9559867313712,3.78073615289731,2.92698208360518e-05,0.081460569546248,0.347446607896254,0.465728527647437,15,2,150,0.441315540583741,-0.0344845419177708,30,1.74236517334811,1,12.482328,2771,0.2,0,15,"both",0.441315540583741,-0.0344845419177708
"4403","session2",-6.92666079099805,15.9559867313712,3.78073615289731,2.92698208360518e-05,0.081460569546248,0.347446607896254,0.465728527647437,15,2,150,0.441315540583741,-0.0344845419177708,30,2.8385828365874,1,5.1062,2771,0.2,0,15,"both",0.441315540583741,-0.0344845419177708
"4404","session2",-6.92666079099805,15.9559867313712,3.78073615289731,2.92698208360518e-05,0.081460569546248,0.347446607896254,0.465728527647437,15,2,150,0.441315540583741,-0.0344845419177708,30,4.37933385933835,1,6.46702,2771,0.2,0,15,"both",0.441315540583741,-0.0344845419177708
"4405","session2",-6.92666079099805,15.9559867313712,3.78073615289731,2.92698208360518e-05,0.081460569546248,0.347446607896254,0.465728527647437,15,2,150,0.441315540583741,-0.0344845419177708,30,1.83650320555509,1,-11.07627,2771,0.2,0,15,"both",0.441315540583741,-0.0344845419177708
"4406","session2",-6.92666079099805,15.9559867313712,3.78073615289731,2.92698208360518e-05,0.081460569546248,0.347446607896254,0.465728527647437,15,2,150,0.441315540583741,-0.0344845419177708,30,2.20156072866556,0,-12.82226,2771,0.2,0,15,"both",0.441315540583741,-0.0344845419177708
"4407","session2",-6.92666079099805,15.9559867313712,3.78073615289731,2.92698208360518e-05,0.081460569546248,0.347446607896254,0.465728527647437,15,2,150,0.441315540583741,-0.0344845419177708,30,1.93999130631378,0,-11.77356,2771,0.2,0,15,"both",0.441315540583741,-0.0344845419177708
"4408","session2",-6.92666079099805,15.9559867313712,3.78073615289731,2.92698208360518e-05,0.081460569546248,0.347446607896254,0.465728527647437,15,2,150,0.441315540583741,-0.0344845419177708,30,2.14483198920914,0,-35.2827,2771,0.2,0,15,"both",0.441315540583741,-0.0344845419177708
"4409","session2",-6.92666079099805,15.9559867313712,3.78073615289731,2.92698208360518e-05,0.081460569546248,0.347446607896254,0.465728527647437,15,2,150,0.441315540583741,-0.0344845419177708,30,2.47512041364276,0,-9.0802,2771,0.2,0,15,"both",0.441315540583741,-0.0344845419177708
"4410","session2",-6.92666079099805,15.9559867313712,3.78073615289731,2.92698208360518e-05,0.081460569546248,0.347446607896254,0.465728527647437,15,2,150,0.441315540583741,-0.0344845419177708,30,4.0372316026111,0,-17.24389,2771,0.2,0,15,"both",0.441315540583741,-0.0344845419177708
"4411","session2",-6.92666079099805,15.9559867313712,3.78073615289731,2.92698208360518e-05,0.081460569546248,0.347446607896254,0.465728527647437,15,2,150,0.441315540583741,-0.0344845419177708,30,2.25553474520892,1,5.88027,2771,0.2,0,15,"both",0.441315540583741,-0.0344845419177708
"4412","session2",-6.92666079099805,15.9559867313712,3.78073615289731,2.92698208360518e-05,0.081460569546248,0.347446607896254,0.465728527647437,15,2,150,0.441315540583741,-0.0344845419177708,30,2.74482359998652,0,-14.72014,2771,0.2,0,15,"both",0.441315540583741,-0.0344845419177708
"4413","session2",-6.92666079099805,15.9559867313712,3.78073615289731,2.92698208360518e-05,0.081460569546248,0.347446607896254,0.465728527647437,15,2,150,0.441315540583741,-0.0344845419177708,30,3.6727188691744,0,-20.64116,2771,0.2,0,15,"both",0.441315540583741,-0.0344845419177708
"4414","session2",-6.92666079099805,15.9559867313712,3.78073615289731,2.92698208360518e-05,0.081460569546248,0.347446607896254,0.465728527647437,15,2,150,0.441315540583741,-0.0344845419177708,30,1.90574800674079,0,-13.36332,2771,0.2,0,15,"both",0.441315540583741,-0.0344845419177708
"4415","session2",-6.92666079099805,15.9559867313712,3.78073615289731,2.92698208360518e-05,0.081460569546248,0.347446607896254,0.465728527647437,15,2,150,0.441315540583741,-0.0344845419177708,30,3.7175559184972,0,5.20588,2771,0.2,0,15,"both",0.441315540583741,-0.0344845419177708
"4416","session2",-6.92666079099805,15.9559867313712,3.78073615289731,2.92698208360518e-05,0.081460569546248,0.347446607896254,0.465728527647437,15,2,150,0.441315540583741,-0.0344845419177708,30,1.52010255517855,1,9.55505,2771,0.2,0,15,"both",0.441315540583741,-0.0344845419177708
"4417","session2",-6.92666079099805,15.9559867313712,3.78073615289731,2.92698208360518e-05,0.081460569546248,0.347446607896254,0.465728527647437,15,2,150,0.441315540583741,-0.0344845419177708,30,3.10174979461454,0,-19.26936,2771,0.2,0,15,"both",0.441315540583741,-0.0344845419177708
"4418","session2",-6.92666079099805,15.9559867313712,3.78073615289731,2.92698208360518e-05,0.081460569546248,0.347446607896254,0.465728527647437,15,2,150,0.441315540583741,-0.0344845419177708,30,3.54433531257573,0,-18.90368,2771,0.2,0,15,"both",0.441315540583741,-0.0344845419177708
"4419","session2",-6.92666079099805,15.9559867313712,3.78073615289731,2.92698208360518e-05,0.081460569546248,0.347446607896254,0.465728527647437,15,2,150,0.441315540583741,-0.0344845419177708,30,1.22093764602425,0,-18.87228,2771,0.2,0,15,"both",0.441315540583741,-0.0344845419177708
"4420","session2",-6.92666079099805,15.9559867313712,3.78073615289731,2.92698208360518e-05,0.081460569546248,0.347446607896254,0.465728527647437,15,2,150,0.441315540583741,-0.0344845419177708,30,3.08938094028861,0,-14.18573,2771,0.2,0,15,"both",0.441315540583741,-0.0344845419177708
"4421","session2",-6.92666079099805,15.9559867313712,3.78073615289731,2.92698208360518e-05,0.081460569546248,0.347446607896254,0.465728527647437,15,2,150,0.441315540583741,-0.0344845419177708,30,3.25881043777797,0,-18.00443,2771,0.2,0,15,"both",0.441315540583741,-0.0344845419177708
"4422","session2",-6.92666079099805,15.9559867313712,3.78073615289731,2.92698208360518e-05,0.081460569546248,0.347446607896254,0.465728527647437,15,2,150,0.441315540583741,-0.0344845419177708,30,2.82663178537045,1,-12.01563,2771,0.2,0,15,"both",0.441315540583741,-0.0344845419177708
"4423","session2",-6.92666079099805,15.9559867313712,3.78073615289731,2.92698208360518e-05,0.081460569546248,0.347446607896254,0.465728527647437,15,2,150,0.441315540583741,-0.0344845419177708,30,4.95877504368375,0,-8.32506,2771,0.2,0,15,"both",0.441315540583741,-0.0344845419177708
"4424","session2",-6.92666079099805,15.9559867313712,3.78073615289731,2.92698208360518e-05,0.081460569546248,0.347446607896254,0.465728527647437,15,2,150,0.441315540583741,-0.0344845419177708,30,2.91440214508003,1,5.36351,2771,0.2,0,15,"both",0.441315540583741,-0.0344845419177708
"4425","session2",-6.92666079099805,15.9559867313712,3.78073615289731,2.92698208360518e-05,0.081460569546248,0.347446607896254,0.465728527647437,15,2,150,0.441315540583741,-0.0344845419177708,30,1.74857888130219,1,-18.03188,2771,0.2,0,15,"both",0.441315540583741,-0.0344845419177708
"4426","session2",-6.92666079099805,15.9559867313712,3.78073615289731,2.92698208360518e-05,0.081460569546248,0.347446607896254,0.465728527647437,15,2,150,0.441315540583741,-0.0344845419177708,30,2.45886187388005,1,1.18073,2771,0.2,0,15,"both",0.441315540583741,-0.0344845419177708
"4427","session2",-6.92666079099805,15.9559867313712,3.78073615289731,2.92698208360518e-05,0.081460569546248,0.347446607896254,0.465728527647437,15,2,150,0.441315540583741,-0.0344845419177708,30,1.50028309211021,1,2.53853,2771,0.2,0,15,"both",0.441315540583741,-0.0344845419177708
"4428","session2",-6.92666079099805,15.9559867313712,3.78073615289731,2.92698208360518e-05,0.081460569546248,0.347446607896254,0.465728527647437,15,2,150,0.441315540583741,-0.0344845419177708,30,3.64929510638186,1,-4.60147,2771,0.2,0,15,"both",0.441315540583741,-0.0344845419177708
"4429","session2",-6.92666079099805,15.9559867313712,3.78073615289731,2.92698208360518e-05,0.081460569546248,0.347446607896254,0.465728527647437,15,2,150,0.441315540583741,-0.0344845419177708,30,4.09919678541839,1,-4.25418,2771,0.2,0,15,"both",0.441315540583741,-0.0344845419177708
"4430","session2",-6.92666079099805,15.9559867313712,3.78073615289731,2.92698208360518e-05,0.081460569546248,0.347446607896254,0.465728527647437,15,2,150,0.441315540583741,-0.0344845419177708,30,3.05910633962103,1,1.28887,2771,0.2,0,15,"both",0.441315540583741,-0.0344845419177708
"4431","session2",-6.92666079099805,15.9559867313712,3.78073615289731,2.92698208360518e-05,0.081460569546248,0.347446607896254,0.465728527647437,15,2,150,0.441315540583741,-0.0344845419177708,30,2.90479460642091,1,0.90479,2771,0.2,0,15,"both",0.441315540583741,-0.0344845419177708
"4432","session2",-6.92666079099805,15.9559867313712,3.78073615289731,2.92698208360518e-05,0.081460569546248,0.347446607896254,0.465728527647437,15,2,150,0.441315540583741,-0.0344845419177708,30,3.44376935373288,1,-1.66492,2771,0.2,0,15,"both",0.441315540583741,-0.0344845419177708
"4433","session2",-6.92666079099805,15.9559867313712,3.78073615289731,2.92698208360518e-05,0.081460569546248,0.347446607896254,0.465728527647437,15,2,150,0.441315540583741,-0.0344845419177708,30,1.23515239868618,0,2.30914,2771,0.2,0,15,"both",0.441315540583741,-0.0344845419177708
"4434","session2",-6.92666079099805,15.9559867313712,3.78073615289731,2.92698208360518e-05,0.081460569546248,0.347446607896254,0.465728527647437,15,2,150,0.441315540583741,-0.0344845419177708,30,2.38276968122998,1,-1.7106,2771,0.2,0,15,"both",0.441315540583741,-0.0344845419177708
"4435","session2",-6.92666079099805,15.9559867313712,3.78073615289731,2.92698208360518e-05,0.081460569546248,0.347446607896254,0.465728527647437,15,2,150,0.441315540583741,-0.0344845419177708,30,2.09313095144943,0,-15.24977,2771,0.2,0,15,"both",0.441315540583741,-0.0344845419177708
"4436","session2",-6.92666079099805,15.9559867313712,3.78073615289731,2.92698208360518e-05,0.081460569546248,0.347446607896254,0.465728527647437,15,2,150,0.441315540583741,-0.0344845419177708,30,3.66005457440453,0,-12.18688,2771,0.2,0,15,"both",0.441315540583741,-0.0344845419177708
"4437","session2",-6.92666079099805,15.9559867313712,3.78073615289731,2.92698208360518e-05,0.081460569546248,0.347446607896254,0.465728527647437,15,2,150,0.441315540583741,-0.0344845419177708,30,4.77186866014618,1,-2.065,2771,0.2,0,15,"both",0.441315540583741,-0.0344845419177708
"4438","session2",-6.92666079099805,15.9559867313712,3.78073615289731,2.92698208360518e-05,0.081460569546248,0.347446607896254,0.465728527647437,15,2,150,0.441315540583741,-0.0344845419177708,30,2.549102496888,0,-15.12653,2771,0.2,0,15,"both",0.441315540583741,-0.0344845419177708
"4439","session2",-6.92666079099805,15.9559867313712,3.78073615289731,2.92698208360518e-05,0.081460569546248,0.347446607896254,0.465728527647437,15,2,150,0.441315540583741,-0.0344845419177708,30,2.03125379203171,0,-12.43096,2771,0.2,0,15,"both",0.441315540583741,-0.0344845419177708
"4440","session2",-6.92666079099805,15.9559867313712,3.78073615289731,2.92698208360518e-05,0.081460569546248,0.347446607896254,0.465728527647437,15,2,150,0.441315540583741,-0.0344845419177708,30,2.64672978248587,1,1.9938,2771,0.2,0,15,"both",0.441315540583741,-0.0344845419177708
"4441","session2",-6.92666079099805,15.9559867313712,3.78073615289731,2.92698208360518e-05,0.081460569546248,0.347446607896254,0.465728527647437,15,2,150,0.441315540583741,-0.0344845419177708,30,2.03606657831271,1,-4.57396,2771,0.2,0,15,"both",0.441315540583741,-0.0344845419177708
"4442","session2",-6.92666079099805,15.9559867313712,3.78073615289731,2.92698208360518e-05,0.081460569546248,0.347446607896254,0.465728527647437,15,2,150,0.441315540583741,-0.0344845419177708,30,1.25010820996282,0,-24.19381,2771,0.2,0,15,"both",0.441315540583741,-0.0344845419177708
"4443","session2",-6.92666079099805,15.9559867313712,3.78073615289731,2.92698208360518e-05,0.081460569546248,0.347446607896254,0.465728527647437,15,2,150,0.441315540583741,-0.0344845419177708,30,4.06515342453276,0,-6.00689,2771,0.2,0,15,"both",0.441315540583741,-0.0344845419177708
"4444","session2",-6.92666079099805,15.9559867313712,3.78073615289731,2.92698208360518e-05,0.081460569546248,0.347446607896254,0.465728527647437,15,2,150,0.441315540583741,-0.0344845419177708,30,1.83047804403898,1,-14.16857,2771,0.2,0,15,"both",0.441315540583741,-0.0344845419177708
"4445","session2",-6.92666079099805,15.9559867313712,3.78073615289731,2.92698208360518e-05,0.081460569546248,0.347446607896254,0.465728527647437,15,2,150,0.441315540583741,-0.0344845419177708,30,3.1830070342706,1,3.3698,2771,0.2,0,15,"both",0.441315540583741,-0.0344845419177708
"4446","session2",-6.92666079099805,15.9559867313712,3.78073615289731,2.92698208360518e-05,0.081460569546248,0.347446607896254,0.465728527647437,15,2,150,0.441315540583741,-0.0344845419177708,30,3.2355553737907,1,1.47012,2771,0.2,0,15,"both",0.441315540583741,-0.0344845419177708
"4447","session2",-6.92666079099805,15.9559867313712,3.78073615289731,2.92698208360518e-05,0.081460569546248,0.347446607896254,0.465728527647437,15,2,150,0.441315540583741,-0.0344845419177708,30,5.91063237293645,1,-2.54286,2771,0.2,0,15,"both",0.441315540583741,-0.0344845419177708
"4448","session2",-6.92666079099805,15.9559867313712,3.78073615289731,2.92698208360518e-05,0.081460569546248,0.347446607896254,0.465728527647437,15,2,150,0.441315540583741,-0.0344845419177708,30,4.55330478747706,0,2.08985,2771,0.2,0,15,"both",0.441315540583741,-0.0344845419177708
"4449","session2",-6.92666079099805,15.9559867313712,3.78073615289731,2.92698208360518e-05,0.081460569546248,0.347446607896254,0.465728527647437,15,2,150,0.441315540583741,-0.0344845419177708,30,3.50725875200201,0,-13.10619,2771,0.2,0,15,"both",0.441315540583741,-0.0344845419177708
"4450","session2",-6.92666079099805,15.9559867313712,3.78073615289731,2.92698208360518e-05,0.081460569546248,0.347446607896254,0.465728527647437,15,2,150,0.441315540583741,-0.0344845419177708,30,2.8064011822856,0,-16.60558,2771,0.2,0,15,"both",0.441315540583741,-0.0344845419177708
"4451","session2",-6.92666079099805,15.9559867313712,3.78073615289731,2.92698208360518e-05,0.081460569546248,0.347446607896254,0.465728527647437,15,2,150,0.441315540583741,-0.0344845419177708,30,3.24743496299429,0,-18.11262,2771,0.2,0,15,"both",0.441315540583741,-0.0344845419177708
"4452","session2",-6.92666079099805,15.9559867313712,3.78073615289731,2.92698208360518e-05,0.081460569546248,0.347446607896254,0.465728527647437,15,2,150,0.441315540583741,-0.0344845419177708,30,3.79228472140822,1,-1.3144,2771,0.2,0,15,"both",0.441315540583741,-0.0344845419177708
"4453","session2",-6.92666079099805,15.9559867313712,3.78073615289731,2.92698208360518e-05,0.081460569546248,0.347446607896254,0.465728527647437,15,2,150,0.441315540583741,-0.0344845419177708,30,3.5001856109733,1,-2.01283,2771,0.2,0,15,"both",0.441315540583741,-0.0344845419177708
"4454","session2",-6.92666079099805,15.9559867313712,3.78073615289731,2.92698208360518e-05,0.081460569546248,0.347446607896254,0.465728527647437,15,2,150,0.441315540583741,-0.0344845419177708,30,2.32785406498355,0,-5.52915,2771,0.2,0,15,"both",0.441315540583741,-0.0344845419177708
"4455","session2",-6.92666079099805,15.9559867313712,3.78073615289731,2.92698208360518e-05,0.081460569546248,0.347446607896254,0.465728527647437,15,2,150,0.441315540583741,-0.0344845419177708,30,4.08863682343967,0,-11.85323,2771,0.2,0,15,"both",0.441315540583741,-0.0344845419177708
"4456","session2",-6.92666079099805,15.9559867313712,3.78073615289731,2.92698208360518e-05,0.081460569546248,0.347446607896254,0.465728527647437,15,2,150,0.441315540583741,-0.0344845419177708,30,2.68290267401729,0,-17.08913,2771,0.2,0,15,"both",0.441315540583741,-0.0344845419177708
"4457","session2",-6.92666079099805,15.9559867313712,3.78073615289731,2.92698208360518e-05,0.081460569546248,0.347446607896254,0.465728527647437,15,2,150,0.441315540583741,-0.0344845419177708,30,3.93812644407611,1,-0.667020000000001,2771,0.2,0,15,"both",0.441315540583741,-0.0344845419177708
"4458","session2",-6.92666079099805,15.9559867313712,3.78073615289731,2.92698208360518e-05,0.081460569546248,0.347446607896254,0.465728527647437,15,2,150,0.441315540583741,-0.0344845419177708,30,2.47377292023973,1,-11.44331,2771,0.2,0,15,"both",0.441315540583741,-0.0344845419177708
"4459","session2",-6.92666079099805,15.9559867313712,3.78073615289731,2.92698208360518e-05,0.081460569546248,0.347446607896254,0.465728527647437,15,2,150,0.441315540583741,-0.0344845419177708,30,2.8303689130502,0,-16.03975,2771,0.2,0,15,"both",0.441315540583741,-0.0344845419177708
"4460","session2",-6.92666079099805,15.9559867313712,3.78073615289731,2.92698208360518e-05,0.081460569546248,0.347446607896254,0.465728527647437,15,2,150,0.441315540583741,-0.0344845419177708,30,3.11769180607007,1,-14.76239,2771,0.2,0,15,"both",0.441315540583741,-0.0344845419177708
"4461","session2",-6.92666079099805,15.9559867313712,3.78073615289731,2.92698208360518e-05,0.081460569546248,0.347446607896254,0.465728527647437,15,2,150,0.441315540583741,-0.0344845419177708,30,5.05513329459052,1,-12.19769,2771,0.2,0,15,"both",0.441315540583741,-0.0344845419177708
"4462","session2",-6.92666079099805,15.9559867313712,3.78073615289731,2.92698208360518e-05,0.081460569546248,0.347446607896254,0.465728527647437,15,2,150,0.441315540583741,-0.0344845419177708,30,3.23408622932862,1,-1.36653,2771,0.2,0,15,"both",0.441315540583741,-0.0344845419177708
"4463","session2",-6.92666079099805,15.9559867313712,3.78073615289731,2.92698208360518e-05,0.081460569546248,0.347446607896254,0.465728527647437,15,2,150,0.441315540583741,-0.0344845419177708,30,2.10187182192958,0,-13.69796,2771,0.2,0,15,"both",0.441315540583741,-0.0344845419177708
"4464","session2",-6.92666079099805,15.9559867313712,3.78073615289731,2.92698208360518e-05,0.081460569546248,0.347446607896254,0.465728527647437,15,2,150,0.441315540583741,-0.0344845419177708,30,6.53363952689003,0,-4.3167,2771,0.2,0,15,"both",0.441315540583741,-0.0344845419177708
"4465","session2",-6.92666079099805,15.9559867313712,3.78073615289731,2.92698208360518e-05,0.081460569546248,0.347446607896254,0.465728527647437,15,2,150,0.441315540583741,-0.0344845419177708,30,4.2553522660574,1,-2.84062,2771,0.2,0,15,"both",0.441315540583741,-0.0344845419177708
"4466","session2",-6.92666079099805,15.9559867313712,3.78073615289731,2.92698208360518e-05,0.081460569546248,0.347446607896254,0.465728527647437,15,2,150,0.441315540583741,-0.0344845419177708,30,3.33908222992063,1,6.36273,2771,0.2,0,15,"both",0.441315540583741,-0.0344845419177708
"4467","session2",-6.92666079099805,15.9559867313712,3.78073615289731,2.92698208360518e-05,0.081460569546248,0.347446607896254,0.465728527647437,15,2,150,0.441315540583741,-0.0344845419177708,30,2.46105878977645,1,6.74166,2771,0.2,0,15,"both",0.441315540583741,-0.0344845419177708
"4468","session2",-6.92666079099805,15.9559867313712,3.78073615289731,2.92698208360518e-05,0.081460569546248,0.347446607896254,0.465728527647437,15,2,150,0.441315540583741,-0.0344845419177708,30,5.78459278440347,1,-12.89498,2771,0.2,0,15,"both",0.441315540583741,-0.0344845419177708
"4469","session2",-6.92666079099805,15.9559867313712,3.78073615289731,2.92698208360518e-05,0.081460569546248,0.347446607896254,0.465728527647437,15,2,150,0.441315540583741,-0.0344845419177708,30,3.10322339581287,1,3.50568,2771,0.2,0,15,"both",0.441315540583741,-0.0344845419177708
"4470","session2",-6.92666079099805,15.9559867313712,3.78073615289731,2.92698208360518e-05,0.081460569546248,0.347446607896254,0.465728527647437,15,2,150,0.441315540583741,-0.0344845419177708,30,2.46542125730709,0,-26.71708,2771,0.2,0,15,"both",0.441315540583741,-0.0344845419177708
"4471","session2",-6.92666079099805,15.9559867313712,3.78073615289731,2.92698208360518e-05,0.081460569546248,0.347446607896254,0.465728527647437,15,2,150,0.441315540583741,-0.0344845419177708,30,1.88962419238498,1,-2.70702,2771,0.2,0,15,"both",0.441315540583741,-0.0344845419177708
"4472","session2",-6.92666079099805,15.9559867313712,3.78073615289731,2.92698208360518e-05,0.081460569546248,0.347446607896254,0.465728527647437,15,2,150,0.441315540583741,-0.0344845419177708,30,2.66268845955114,0,-17.99532,2771,0.2,0,15,"both",0.441315540583741,-0.0344845419177708
"4473","session2",-6.92666079099805,15.9559867313712,3.78073615289731,2.92698208360518e-05,0.081460569546248,0.347446607896254,0.465728527647437,15,2,150,0.441315540583741,-0.0344845419177708,30,2.39792182763834,0,-5.7091,2771,0.2,0,15,"both",0.441315540583741,-0.0344845419177708
"4474","session2",-6.92666079099805,15.9559867313712,3.78073615289731,2.92698208360518e-05,0.081460569546248,0.347446607896254,0.465728527647437,15,2,150,0.441315540583741,-0.0344845419177708,30,2.40702419012322,0,-25.24936,2771,0.2,0,15,"both",0.441315540583741,-0.0344845419177708
"4475","session2",-6.92666079099805,15.9559867313712,3.78073615289731,2.92698208360518e-05,0.081460569546248,0.347446607896254,0.465728527647437,15,2,150,0.441315540583741,-0.0344845419177708,30,6.2870535749477,0,-9.25806,2771,0.2,0,15,"both",0.441315540583741,-0.0344845419177708
"4476","session2",-6.92666079099805,15.9559867313712,3.78073615289731,2.92698208360518e-05,0.081460569546248,0.347446607896254,0.465728527647437,15,2,150,0.441315540583741,-0.0344845419177708,30,3.27499322774807,1,-9.96953,2771,0.2,0,15,"both",0.441315540583741,-0.0344845419177708
"4477","session2",-6.92666079099805,15.9559867313712,3.78073615289731,2.92698208360518e-05,0.081460569546248,0.347446607896254,0.465728527647437,15,2,150,0.441315540583741,-0.0344845419177708,30,2.19296123004045,1,5.70548,2771,0.2,0,15,"both",0.441315540583741,-0.0344845419177708
"4478","session2",-6.92666079099805,15.9559867313712,3.78073615289731,2.92698208360518e-05,0.081460569546248,0.347446607896254,0.465728527647437,15,2,150,0.441315540583741,-0.0344845419177708,30,2.58827221507735,1,-12.73257,2771,0.2,0,15,"both",0.441315540583741,-0.0344845419177708
"4479","session2",-6.92666079099805,15.9559867313712,3.78073615289731,2.92698208360518e-05,0.081460569546248,0.347446607896254,0.465728527647437,15,2,150,0.441315540583741,-0.0344845419177708,30,6.15855646218245,0,-11.19578,2771,0.2,0,15,"both",0.441315540583741,-0.0344845419177708
"4480","session2",-6.92666079099805,15.9559867313712,3.78073615289731,2.92698208360518e-05,0.081460569546248,0.347446607896254,0.465728527647437,15,2,150,0.441315540583741,-0.0344845419177708,30,3.77241976941525,1,-1.12443,2771,0.2,0,15,"both",0.441315540583741,-0.0344845419177708
"4481","session2",-6.92666079099805,15.9559867313712,3.78073615289731,2.92698208360518e-05,0.081460569546248,0.347446607896254,0.465728527647437,15,2,150,0.441315540583741,-0.0344845419177708,30,3.91785569299276,0,-18.28251,2771,0.2,0,15,"both",0.441315540583741,-0.0344845419177708
"4482","session2",-6.92666079099805,15.9559867313712,3.78073615289731,2.92698208360518e-05,0.081460569546248,0.347446607896254,0.465728527647437,15,2,150,0.441315540583741,-0.0344845419177708,30,3.99308577790055,1,-0.0893899999999999,2771,0.2,0,15,"both",0.441315540583741,-0.0344845419177708
"4483","session2",-6.92666079099805,15.9559867313712,3.78073615289731,2.92698208360518e-05,0.081460569546248,0.347446607896254,0.465728527647437,15,2,150,0.441315540583741,-0.0344845419177708,30,2.40486339416089,0,-11.65659,2771,0.2,0,15,"both",0.441315540583741,-0.0344845419177708
"4484","session2",-6.92666079099805,15.9559867313712,3.78073615289731,2.92698208360518e-05,0.081460569546248,0.347446607896254,0.465728527647437,15,2,150,0.441315540583741,-0.0344845419177708,30,1.91688640352926,0,2.02707,2771,0.2,0,15,"both",0.441315540583741,-0.0344845419177708
"4485","session2",-6.92666079099805,15.9559867313712,3.78073615289731,2.92698208360518e-05,0.081460569546248,0.347446607896254,0.465728527647437,15,2,150,0.441315540583741,-0.0344845419177708,30,3.21665067249315,1,-0.78763,2771,0.2,0,15,"both",0.441315540583741,-0.0344845419177708
"4486","session2",-6.92666079099805,15.9559867313712,3.78073615289731,2.92698208360518e-05,0.081460569546248,0.347446607896254,0.465728527647437,15,2,150,0.441315540583741,-0.0344845419177708,30,4.41934355628644,0,0.83241,2771,0.2,0,15,"both",0.441315540583741,-0.0344845419177708
"4487","session2",-6.92666079099805,15.9559867313712,3.78073615289731,2.92698208360518e-05,0.081460569546248,0.347446607896254,0.465728527647437,15,2,150,0.441315540583741,-0.0344845419177708,30,1.37362967796346,1,-11.40575,2771,0.2,0,15,"both",0.441315540583741,-0.0344845419177708
"4488","session2",-6.92666079099805,15.9559867313712,3.78073615289731,2.92698208360518e-05,0.081460569546248,0.347446607896254,0.465728527647437,15,2,150,0.441315540583741,-0.0344845419177708,30,3.75077967505038,0,-3.30661,2771,0.2,0,15,"both",0.441315540583741,-0.0344845419177708
"4489","session2",-6.92666079099805,15.9559867313712,3.78073615289731,2.92698208360518e-05,0.081460569546248,0.347446607896254,0.465728527647437,15,2,150,0.441315540583741,-0.0344845419177708,30,3.76816592952111,1,-15.17011,2771,0.2,0,15,"both",0.441315540583741,-0.0344845419177708
"4490","session2",-6.92666079099805,15.9559867313712,3.78073615289731,2.92698208360518e-05,0.081460569546248,0.347446607896254,0.465728527647437,15,2,150,0.441315540583741,-0.0344845419177708,30,2.75022916800293,1,1.58433,2771,0.2,0,15,"both",0.441315540583741,-0.0344845419177708
"4491","session2",-6.92666079099805,15.9559867313712,3.78073615289731,2.92698208360518e-05,0.081460569546248,0.347446607896254,0.465728527647437,15,2,150,0.441315540583741,-0.0344845419177708,30,2.07185583010221,0,-15.70999,2771,0.2,0,15,"both",0.441315540583741,-0.0344845419177708
"4492","session2",-6.92666079099805,15.9559867313712,3.78073615289731,2.92698208360518e-05,0.081460569546248,0.347446607896254,0.465728527647437,15,2,150,0.441315540583741,-0.0344845419177708,30,3.10310859451139,0,-18.11615,2771,0.2,0,15,"both",0.441315540583741,-0.0344845419177708
"4493","session2",-6.92666079099805,15.9559867313712,3.78073615289731,2.92698208360518e-05,0.081460569546248,0.347446607896254,0.465728527647437,15,2,150,0.441315540583741,-0.0344845419177708,30,2.2131327189253,1,-21.7254,2771,0.2,0,15,"both",0.441315540583741,-0.0344845419177708
"4494","session2",-6.92666079099805,15.9559867313712,3.78073615289731,2.92698208360518e-05,0.081460569546248,0.347446607896254,0.465728527647437,15,2,150,0.441315540583741,-0.0344845419177708,30,2.16041377853058,1,-14.86545,2771,0.2,0,15,"both",0.441315540583741,-0.0344845419177708
"4495","session2",-6.92666079099805,15.9559867313712,3.78073615289731,2.92698208360518e-05,0.081460569546248,0.347446607896254,0.465728527647437,15,2,150,0.441315540583741,-0.0344845419177708,30,4.17117521830451,0,-15.16891,2771,0.2,0,15,"both",0.441315540583741,-0.0344845419177708
"4496","session2",-6.92666079099805,15.9559867313712,3.78073615289731,2.92698208360518e-05,0.081460569546248,0.347446607896254,0.465728527647437,15,2,150,0.441315540583741,-0.0344845419177708,30,2.89265518537703,1,4.83571,2771,0.2,0,15,"both",0.441315540583741,-0.0344845419177708
"4497","session2",-6.92666079099805,15.9559867313712,3.78073615289731,2.92698208360518e-05,0.081460569546248,0.347446607896254,0.465728527647437,15,2,150,0.441315540583741,-0.0344845419177708,30,2.4438497843178,1,-23.77606,2771,0.2,0,15,"both",0.441315540583741,-0.0344845419177708
"4498","session2",-6.92666079099805,15.9559867313712,3.78073615289731,2.92698208360518e-05,0.081460569546248,0.347446607896254,0.465728527647437,15,2,150,0.441315540583741,-0.0344845419177708,30,2.01503237812273,1,1.57066,2771,0.2,0,15,"both",0.441315540583741,-0.0344845419177708
"4499","session2",-6.92666079099805,15.9559867313712,3.78073615289731,2.92698208360518e-05,0.081460569546248,0.347446607896254,0.465728527647437,15,2,150,0.441315540583741,-0.0344845419177708,30,3.55634321053917,0,-19.04708,2771,0.2,0,15,"both",0.441315540583741,-0.0344845419177708
"4500","session2",-6.92666079099805,15.9559867313712,3.78073615289731,2.92698208360518e-05,0.081460569546248,0.347446607896254,0.465728527647437,15,2,150,0.441315540583741,-0.0344845419177708,30,2.70291078619585,1,-1.86761,2771,0.2,0,15,"both",0.441315540583741,-0.0344845419177708
