"","session","alpha","beta","betart","lapse","intercept","sigma","ndt","participant_id","sessions","trials","alpha_obs_power","beta_obs_power","n","rts","resp","X","iter","real_effectsize_alpha","real_effectsize_beta","subjects","parameter","observed_effectsize_alpha","observed_effectsize_beta"
"1","session1",-17.0207926158284,20.7302348097753,2.14948782363929,7.0367909065902e-08,0.567038806538484,0.389577393893127,0.306667487361638,1,1,30,-0.0336139943661468,-0.355183323137513,1,2.58063422419389,1,-9.01584737806,4423,0.8,0,8,"both",-0.0336139943661468,-0.355183323137513
"2","session1",-17.0207926158284,20.7302348097753,2.14948782363929,7.0367909065902e-08,0.567038806538484,0.389577393893127,0.306667487361638,1,1,30,-0.0336139943661468,-0.355183323137513,1,3.04341057297218,1,-11.08622307962,4423,0.8,0,8,"both",-0.0336139943661468,-0.355183323137513
"3","session1",-17.0207926158284,20.7302348097753,2.14948782363929,7.0367909065902e-08,0.567038806538484,0.389577393893127,0.306667487361638,1,1,30,-0.0336139943661468,-0.355183323137513,1,7.90636976282104,0,-19.44144644618,4423,0.8,0,8,"both",-0.0336139943661468,-0.355183323137513
"4","session1",-17.0207926158284,20.7302348097753,2.14948782363929,7.0367909065902e-08,0.567038806538484,0.389577393893127,0.306667487361638,1,1,30,-0.0336139943661468,-0.355183323137513,1,5.12311426704154,1,-14.574700929,4423,0.8,0,8,"both",-0.0336139943661468,-0.355183323137513
"5","session1",-17.0207926158284,20.7302348097753,2.14948782363929,7.0367909065902e-08,0.567038806538484,0.389577393893127,0.306667487361638,1,1,30,-0.0336139943661468,-0.355183323137513,1,4.27823069807981,0,-16.12553,4423,0.8,0,8,"both",-0.0336139943661468,-0.355183323137513
"6","session1",-17.0207926158284,20.7302348097753,2.14948782363929,7.0367909065902e-08,0.567038806538484,0.389577393893127,0.306667487361638,1,1,30,-0.0336139943661468,-0.355183323137513,1,3.79139341534718,0,-25.20035,4423,0.8,0,8,"both",-0.0336139943661468,-0.355183323137513
"7","session1",-17.0207926158284,20.7302348097753,2.14948782363929,7.0367909065902e-08,0.567038806538484,0.389577393893127,0.306667487361638,1,1,30,-0.0336139943661468,-0.355183323137513,1,4.61587537106851,1,-4.39661,4423,0.8,0,8,"both",-0.0336139943661468,-0.355183323137513
"8","session1",-17.0207926158284,20.7302348097753,2.14948782363929,7.0367909065902e-08,0.567038806538484,0.389577393893127,0.306667487361638,1,1,30,-0.0336139943661468,-0.355183323137513,1,2.66814632892262,1,-18.55273,4423,0.8,0,8,"both",-0.0336139943661468,-0.355183323137513
"9","session1",-17.0207926158284,20.7302348097753,2.14948782363929,7.0367909065902e-08,0.567038806538484,0.389577393893127,0.306667487361638,1,1,30,-0.0336139943661468,-0.355183323137513,1,4.58377572340232,0,-13.68548,4423,0.8,0,8,"both",-0.0336139943661468,-0.355183323137513
"10","session1",-17.0207926158284,20.7302348097753,2.14948782363929,7.0367909065902e-08,0.567038806538484,0.389577393893127,0.306667487361638,1,1,30,-0.0336139943661468,-0.355183323137513,1,7.07215930074237,1,-11.89572,4423,0.8,0,8,"both",-0.0336139943661468,-0.355183323137513
"11","session1",-17.0207926158284,20.7302348097753,2.14948782363929,7.0367909065902e-08,0.567038806538484,0.389577393893127,0.306667487361638,1,1,30,-0.0336139943661468,-0.355183323137513,1,3.1075512930716,0,-17.06526,4423,0.8,0,8,"both",-0.0336139943661468,-0.355183323137513
"12","session1",-17.0207926158284,20.7302348097753,2.14948782363929,7.0367909065902e-08,0.567038806538484,0.389577393893127,0.306667487361638,1,1,30,-0.0336139943661468,-0.355183323137513,1,3.35757674749109,0,-19.70089,4423,0.8,0,8,"both",-0.0336139943661468,-0.355183323137513
"13","session1",-17.0207926158284,20.7302348097753,2.14948782363929,7.0367909065902e-08,0.567038806538484,0.389577393893127,0.306667487361638,1,1,30,-0.0336139943661468,-0.355183323137513,1,3.16578508395332,1,-7.62435,4423,0.8,0,8,"both",-0.0336139943661468,-0.355183323137513
"14","session1",-17.0207926158284,20.7302348097753,2.14948782363929,7.0367909065902e-08,0.567038806538484,0.389577393893127,0.306667487361638,1,1,30,-0.0336139943661468,-0.355183323137513,1,3.93983387244292,1,-18.63263,4423,0.8,0,8,"both",-0.0336139943661468,-0.355183323137513
"15","session1",-17.0207926158284,20.7302348097753,2.14948782363929,7.0367909065902e-08,0.567038806538484,0.389577393893127,0.306667487361638,1,1,30,-0.0336139943661468,-0.355183323137513,1,6.41847127006401,0,-8.34467,4423,0.8,0,8,"both",-0.0336139943661468,-0.355183323137513
"16","session1",-17.0207926158284,20.7302348097753,2.14948782363929,7.0367909065902e-08,0.567038806538484,0.389577393893127,0.306667487361638,1,1,30,-0.0336139943661468,-0.355183323137513,1,4.99037649573598,1,-15.0493461678,4423,0.8,0,8,"both",-0.0336139943661468,-0.355183323137513
"17","session1",-17.0207926158284,20.7302348097753,2.14948782363929,7.0367909065902e-08,0.567038806538484,0.389577393893127,0.306667487361638,1,1,30,-0.0336139943661468,-0.355183323137513,1,2.89002611768862,0,-43.2572,4423,0.8,0,8,"both",-0.0336139943661468,-0.355183323137513
"18","session1",-17.0207926158284,20.7302348097753,2.14948782363929,7.0367909065902e-08,0.567038806538484,0.389577393893127,0.306667487361638,1,1,30,-0.0336139943661468,-0.355183323137513,1,2.18350327908205,1,-44.9322,4423,0.8,0,8,"both",-0.0336139943661468,-0.355183323137513
"19","session1",-17.0207926158284,20.7302348097753,2.14948782363929,7.0367909065902e-08,0.567038806538484,0.389577393893127,0.306667487361638,1,1,30,-0.0336139943661468,-0.355183323137513,1,3.72247627048456,0,-10.7222273807,4423,0.8,0,8,"both",-0.0336139943661468,-0.355183323137513
"20","session1",-17.0207926158284,20.7302348097753,2.14948782363929,7.0367909065902e-08,0.567038806538484,0.389577393893127,0.306667487361638,1,1,30,-0.0336139943661468,-0.355183323137513,1,3.32571974052165,1,-6.828120069,4423,0.8,0,8,"both",-0.0336139943661468,-0.355183323137513
"21","session1",-17.0207926158284,20.7302348097753,2.14948782363929,7.0367909065902e-08,0.567038806538484,0.389577393893127,0.306667487361638,1,1,30,-0.0336139943661468,-0.355183323137513,1,2.57264603447689,0,-33.20719,4423,0.8,0,8,"both",-0.0336139943661468,-0.355183323137513
"22","session1",-17.0207926158284,20.7302348097753,2.14948782363929,7.0367909065902e-08,0.567038806538484,0.389577393893127,0.306667487361638,1,1,30,-0.0336139943661468,-0.355183323137513,1,4.16307578952506,0,-23.71443,4423,0.8,0,8,"both",-0.0336139943661468,-0.355183323137513
"23","session1",-17.0207926158284,20.7302348097753,2.14948782363929,7.0367909065902e-08,0.567038806538484,0.389577393893127,0.306667487361638,1,1,30,-0.0336139943661468,-0.355183323137513,1,2.85046432547182,1,-11.7555783526,4423,0.8,0,8,"both",-0.0336139943661468,-0.355183323137513
"24","session1",-17.0207926158284,20.7302348097753,2.14948782363929,7.0367909065902e-08,0.567038806538484,0.389577393893127,0.306667487361638,1,1,30,-0.0336139943661468,-0.355183323137513,1,1.57800022424089,0,0.741,4423,0.8,0,8,"both",-0.0336139943661468,-0.355183323137513
"25","session1",-17.0207926158284,20.7302348097753,2.14948782363929,7.0367909065902e-08,0.567038806538484,0.389577393893127,0.306667487361638,1,1,30,-0.0336139943661468,-0.355183323137513,1,1.96803100900013,1,32.4793,4423,0.8,0,8,"both",-0.0336139943661468,-0.355183323137513
"26","session1",-17.0207926158284,20.7302348097753,2.14948782363929,7.0367909065902e-08,0.567038806538484,0.389577393893127,0.306667487361638,1,1,30,-0.0336139943661468,-0.355183323137513,1,4.68821464050314,1,-11.3122855,4423,0.8,0,8,"both",-0.0336139943661468,-0.355183323137513
"27","session1",-17.0207926158284,20.7302348097753,2.14948782363929,7.0367909065902e-08,0.567038806538484,0.389577393893127,0.306667487361638,1,1,30,-0.0336139943661468,-0.355183323137513,1,5.39181751643491,0,-18.82238,4423,0.8,0,8,"both",-0.0336139943661468,-0.355183323137513
"28","session1",-17.0207926158284,20.7302348097753,2.14948782363929,7.0367909065902e-08,0.567038806538484,0.389577393893127,0.306667487361638,1,1,30,-0.0336139943661468,-0.355183323137513,1,3.46561979902974,0,-11.62462,4423,0.8,0,8,"both",-0.0336139943661468,-0.355183323137513
"29","session1",-17.0207926158284,20.7302348097753,2.14948782363929,7.0367909065902e-08,0.567038806538484,0.389577393893127,0.306667487361638,1,1,30,-0.0336139943661468,-0.355183323137513,1,4.61701470805744,1,-3.1848,4423,0.8,0,8,"both",-0.0336139943661468,-0.355183323137513
"30","session1",-17.0207926158284,20.7302348097753,2.14948782363929,7.0367909065902e-08,0.567038806538484,0.389577393893127,0.306667487361638,1,1,30,-0.0336139943661468,-0.355183323137513,1,4.1881075117382,0,-15.51041,4423,0.8,0,8,"both",-0.0336139943661468,-0.355183323137513
"31","session1",5.19841985104093,6.54242084441919,1.43109939334855,0.0187070017400298,0.247010307934464,0.560786555325321,0.75360625897714,2,1,30,-0.0336139943661468,-0.355183323137513,2,1.81501252128457,0,-8.258980246,4423,0.8,0,8,"both",-0.0336139943661468,-0.355183323137513
"32","session1",5.19841985104093,6.54242084441919,1.43109939334855,0.0187070017400298,0.247010307934464,0.560786555325321,0.75360625897714,2,1,30,-0.0336139943661468,-0.355183323137513,2,7.65539589797484,1,9.42440551185,4423,0.8,0,8,"both",-0.0336139943661468,-0.355183323137513
"33","session1",5.19841985104093,6.54242084441919,1.43109939334855,0.0187070017400298,0.247010307934464,0.560786555325321,0.75360625897714,2,1,30,-0.0336139943661468,-0.355183323137513,2,3.0404708756574,0,-0.321100348461,4423,0.8,0,8,"both",-0.0336139943661468,-0.355183323137513
"34","session1",5.19841985104093,6.54242084441919,1.43109939334855,0.0187070017400298,0.247010307934464,0.560786555325321,0.75360625897714,2,1,30,-0.0336139943661468,-0.355183323137513,2,2.04711519296387,0,4.65931080663,4423,0.8,0,8,"both",-0.0336139943661468,-0.355183323137513
"35","session1",5.19841985104093,6.54242084441919,1.43109939334855,0.0187070017400298,0.247010307934464,0.560786555325321,0.75360625897714,2,1,30,-0.0336139943661468,-0.355183323137513,2,2.09143428318085,0,-7.96363,4423,0.8,0,8,"both",-0.0336139943661468,-0.355183323137513
"36","session1",5.19841985104093,6.54242084441919,1.43109939334855,0.0187070017400298,0.247010307934464,0.560786555325321,0.75360625897714,2,1,30,-0.0336139943661468,-0.355183323137513,2,2.80669261026454,1,6.79027,4423,0.8,0,8,"both",-0.0336139943661468,-0.355183323137513
"37","session1",5.19841985104093,6.54242084441919,1.43109939334855,0.0187070017400298,0.247010307934464,0.560786555325321,0.75360625897714,2,1,30,-0.0336139943661468,-0.355183323137513,2,2.48663400595441,1,-4.29293,4423,0.8,0,8,"both",-0.0336139943661468,-0.355183323137513
"38","session1",5.19841985104093,6.54242084441919,1.43109939334855,0.0187070017400298,0.247010307934464,0.560786555325321,0.75360625897714,2,1,30,-0.0336139943661468,-0.355183323137513,2,4.89101009442214,0,-25.3403,4423,0.8,0,8,"both",-0.0336139943661468,-0.355183323137513
"39","session1",5.19841985104093,6.54242084441919,1.43109939334855,0.0187070017400298,0.247010307934464,0.560786555325321,0.75360625897714,2,1,30,-0.0336139943661468,-0.355183323137513,2,2.34401646543241,1,41.9051,4423,0.8,0,8,"both",-0.0336139943661468,-0.355183323137513
"40","session1",5.19841985104093,6.54242084441919,1.43109939334855,0.0187070017400298,0.247010307934464,0.560786555325321,0.75360625897714,2,1,30,-0.0336139943661468,-0.355183323137513,2,1.46033563361379,1,5.24098,4423,0.8,0,8,"both",-0.0336139943661468,-0.355183323137513
"41","session1",5.19841985104093,6.54242084441919,1.43109939334855,0.0187070017400298,0.247010307934464,0.560786555325321,0.75360625897714,2,1,30,-0.0336139943661468,-0.355183323137513,2,2.13892486008291,0,-20.33341,4423,0.8,0,8,"both",-0.0336139943661468,-0.355183323137513
"42","session1",5.19841985104093,6.54242084441919,1.43109939334855,0.0187070017400298,0.247010307934464,0.560786555325321,0.75360625897714,2,1,30,-0.0336139943661468,-0.355183323137513,2,2.36295157012645,0,-16.23381,4423,0.8,0,8,"both",-0.0336139943661468,-0.355183323137513
"43","session1",5.19841985104093,6.54242084441919,1.43109939334855,0.0187070017400298,0.247010307934464,0.560786555325321,0.75360625897714,2,1,30,-0.0336139943661468,-0.355183323137513,2,4.01178695600576,1,9.55304,4423,0.8,0,8,"both",-0.0336139943661468,-0.355183323137513
"44","session1",5.19841985104093,6.54242084441919,1.43109939334855,0.0187070017400298,0.247010307934464,0.560786555325321,0.75360625897714,2,1,30,-0.0336139943661468,-0.355183323137513,2,1.98094410377211,1,0.8592886039,4423,0.8,0,8,"both",-0.0336139943661468,-0.355183323137513
"45","session1",5.19841985104093,6.54242084441919,1.43109939334855,0.0187070017400298,0.247010307934464,0.560786555325321,0.75360625897714,2,1,30,-0.0336139943661468,-0.355183323137513,2,2.96681595498116,0,-1.54182,4423,0.8,0,8,"both",-0.0336139943661468,-0.355183323137513
"46","session1",5.19841985104093,6.54242084441919,1.43109939334855,0.0187070017400298,0.247010307934464,0.560786555325321,0.75360625897714,2,1,30,-0.0336139943661468,-0.355183323137513,2,1.53277451747115,1,9.61885,4423,0.8,0,8,"both",-0.0336139943661468,-0.355183323137513
"47","session1",5.19841985104093,6.54242084441919,1.43109939334855,0.0187070017400298,0.247010307934464,0.560786555325321,0.75360625897714,2,1,30,-0.0336139943661468,-0.355183323137513,2,1.7748216412347,1,13.68156,4423,0.8,0,8,"both",-0.0336139943661468,-0.355183323137513
"48","session1",5.19841985104093,6.54242084441919,1.43109939334855,0.0187070017400298,0.247010307934464,0.560786555325321,0.75360625897714,2,1,30,-0.0336139943661468,-0.355183323137513,2,1.33166935503081,1,-5.19546,4423,0.8,0,8,"both",-0.0336139943661468,-0.355183323137513
"49","session1",5.19841985104093,6.54242084441919,1.43109939334855,0.0187070017400298,0.247010307934464,0.560786555325321,0.75360625897714,2,1,30,-0.0336139943661468,-0.355183323137513,2,2.12126544991557,0,-8.87151,4423,0.8,0,8,"both",-0.0336139943661468,-0.355183323137513
"50","session1",5.19841985104093,6.54242084441919,1.43109939334855,0.0187070017400298,0.247010307934464,0.560786555325321,0.75360625897714,2,1,30,-0.0336139943661468,-0.355183323137513,2,2.21737231824864,0,-4.64495,4423,0.8,0,8,"both",-0.0336139943661468,-0.355183323137513
"51","session1",5.19841985104093,6.54242084441919,1.43109939334855,0.0187070017400298,0.247010307934464,0.560786555325321,0.75360625897714,2,1,30,-0.0336139943661468,-0.355183323137513,2,2.40267013006817,0,-29.730415,4423,0.8,0,8,"both",-0.0336139943661468,-0.355183323137513
"52","session1",5.19841985104093,6.54242084441919,1.43109939334855,0.0187070017400298,0.247010307934464,0.560786555325321,0.75360625897714,2,1,30,-0.0336139943661468,-0.355183323137513,2,1.37322311176127,0,4.802742,4423,0.8,0,8,"both",-0.0336139943661468,-0.355183323137513
"53","session1",5.19841985104093,6.54242084441919,1.43109939334855,0.0187070017400298,0.247010307934464,0.560786555325321,0.75360625897714,2,1,30,-0.0336139943661468,-0.355183323137513,2,2.31546357093674,0,-30.13698,4423,0.8,0,8,"both",-0.0336139943661468,-0.355183323137513
"54","session1",5.19841985104093,6.54242084441919,1.43109939334855,0.0187070017400298,0.247010307934464,0.560786555325321,0.75360625897714,2,1,30,-0.0336139943661468,-0.355183323137513,2,2.3787324938381,0,-11.45933,4423,0.8,0,8,"both",-0.0336139943661468,-0.355183323137513
"55","session1",5.19841985104093,6.54242084441919,1.43109939334855,0.0187070017400298,0.247010307934464,0.560786555325321,0.75360625897714,2,1,30,-0.0336139943661468,-0.355183323137513,2,3.12996039415677,0,-4.79098,4423,0.8,0,8,"both",-0.0336139943661468,-0.355183323137513
"56","session1",5.19841985104093,6.54242084441919,1.43109939334855,0.0187070017400298,0.247010307934464,0.560786555325321,0.75360625897714,2,1,30,-0.0336139943661468,-0.355183323137513,2,2.15061957959179,0,-1.07636,4423,0.8,0,8,"both",-0.0336139943661468,-0.355183323137513
"57","session1",5.19841985104093,6.54242084441919,1.43109939334855,0.0187070017400298,0.247010307934464,0.560786555325321,0.75360625897714,2,1,30,-0.0336139943661468,-0.355183323137513,2,2.19551617053754,0,-13.68038,4423,0.8,0,8,"both",-0.0336139943661468,-0.355183323137513
"58","session1",5.19841985104093,6.54242084441919,1.43109939334855,0.0187070017400298,0.247010307934464,0.560786555325321,0.75360625897714,2,1,30,-0.0336139943661468,-0.355183323137513,2,4.19706411889756,1,5.4048992,4423,0.8,0,8,"both",-0.0336139943661468,-0.355183323137513
"59","session1",5.19841985104093,6.54242084441919,1.43109939334855,0.0187070017400298,0.247010307934464,0.560786555325321,0.75360625897714,2,1,30,-0.0336139943661468,-0.355183323137513,2,2.04336410187596,1,7.16791,4423,0.8,0,8,"both",-0.0336139943661468,-0.355183323137513
"60","session1",5.19841985104093,6.54242084441919,1.43109939334855,0.0187070017400298,0.247010307934464,0.560786555325321,0.75360625897714,2,1,30,-0.0336139943661468,-0.355183323137513,2,4.62955971209554,0,8.89892,4423,0.8,0,8,"both",-0.0336139943661468,-0.355183323137513
"61","session1",4.39950932647172,7.10267772267376,1.35327515050526,0.00300708636276766,1.07820151247646,0.304995928618549,0.166216968172945,3,1,30,-0.0336139943661468,-0.355183323137513,3,3.88563006682804,1,8.9967281692,4423,0.8,0,8,"both",-0.0336139943661468,-0.355183323137513
"62","session1",4.39950932647172,7.10267772267376,1.35327515050526,0.00300708636276766,1.07820151247646,0.304995928618549,0.166216968172945,3,1,30,-0.0336139943661468,-0.355183323137513,3,3.15073359933698,0,-5.1916034379,4423,0.8,0,8,"both",-0.0336139943661468,-0.355183323137513
"63","session1",4.39950932647172,7.10267772267376,1.35327515050526,0.00300708636276766,1.07820151247646,0.304995928618549,0.166216968172945,3,1,30,-0.0336139943661468,-0.355183323137513,3,2.58323596060252,1,2.7196980466,4423,0.8,0,8,"both",-0.0336139943661468,-0.355183323137513
"64","session1",4.39950932647172,7.10267772267376,1.35327515050526,0.00300708636276766,1.07820151247646,0.304995928618549,0.166216968172945,3,1,30,-0.0336139943661468,-0.355183323137513,3,5.48397581145765,0,-1.95688350577,4423,0.8,0,8,"both",-0.0336139943661468,-0.355183323137513
"65","session1",4.39950932647172,7.10267772267376,1.35327515050526,0.00300708636276766,1.07820151247646,0.304995928618549,0.166216968172945,3,1,30,-0.0336139943661468,-0.355183323137513,3,3.21507534630734,0,-4.23073,4423,0.8,0,8,"both",-0.0336139943661468,-0.355183323137513
"66","session1",4.39950932647172,7.10267772267376,1.35327515050526,0.00300708636276766,1.07820151247646,0.304995928618549,0.166216968172945,3,1,30,-0.0336139943661468,-0.355183323137513,3,6.81021997654685,0,-4.712896,4423,0.8,0,8,"both",-0.0336139943661468,-0.355183323137513
"67","session1",4.39950932647172,7.10267772267376,1.35327515050526,0.00300708636276766,1.07820151247646,0.304995928618549,0.166216968172945,3,1,30,-0.0336139943661468,-0.355183323137513,3,6.15563854776727,0,2.365747,4423,0.8,0,8,"both",-0.0336139943661468,-0.355183323137513
"68","session1",4.39950932647172,7.10267772267376,1.35327515050526,0.00300708636276766,1.07820151247646,0.304995928618549,0.166216968172945,3,1,30,-0.0336139943661468,-0.355183323137513,3,4.31871458805139,0,2.84245,4423,0.8,0,8,"both",-0.0336139943661468,-0.355183323137513
"69","session1",4.39950932647172,7.10267772267376,1.35327515050526,0.00300708636276766,1.07820151247646,0.304995928618549,0.166216968172945,3,1,30,-0.0336139943661468,-0.355183323137513,3,2.59505701539288,1,39.68191,4423,0.8,0,8,"both",-0.0336139943661468,-0.355183323137513
"70","session1",4.39950932647172,7.10267772267376,1.35327515050526,0.00300708636276766,1.07820151247646,0.304995928618549,0.166216968172945,3,1,30,-0.0336139943661468,-0.355183323137513,3,4.12714060556181,1,0.99601,4423,0.8,0,8,"both",-0.0336139943661468,-0.355183323137513
"71","session1",4.39950932647172,7.10267772267376,1.35327515050526,0.00300708636276766,1.07820151247646,0.304995928618549,0.166216968172945,3,1,30,-0.0336139943661468,-0.355183323137513,3,3.74210832687301,0,3.97984,4423,0.8,0,8,"both",-0.0336139943661468,-0.355183323137513
"72","session1",4.39950932647172,7.10267772267376,1.35327515050526,0.00300708636276766,1.07820151247646,0.304995928618549,0.166216968172945,3,1,30,-0.0336139943661468,-0.355183323137513,3,3.93971670956826,0,-2.1145,4423,0.8,0,8,"both",-0.0336139943661468,-0.355183323137513
"73","session1",4.39950932647172,7.10267772267376,1.35327515050526,0.00300708636276766,1.07820151247646,0.304995928618549,0.166216968172945,3,1,30,-0.0336139943661468,-0.355183323137513,3,3.23920072088432,0,0.60002,4423,0.8,0,8,"both",-0.0336139943661468,-0.355183323137513
"74","session1",4.39950932647172,7.10267772267376,1.35327515050526,0.00300708636276766,1.07820151247646,0.304995928618549,0.166216968172945,3,1,30,-0.0336139943661468,-0.355183323137513,3,3.27153999134867,1,-2.50999,4423,0.8,0,8,"both",-0.0336139943661468,-0.355183323137513
"75","session1",4.39950932647172,7.10267772267376,1.35327515050526,0.00300708636276766,1.07820151247646,0.304995928618549,0.166216968172945,3,1,30,-0.0336139943661468,-0.355183323137513,3,3.3482107359685,1,30.5387,4423,0.8,0,8,"both",-0.0336139943661468,-0.355183323137513
"76","session1",4.39950932647172,7.10267772267376,1.35327515050526,0.00300708636276766,1.07820151247646,0.304995928618549,0.166216968172945,3,1,30,-0.0336139943661468,-0.355183323137513,3,4.44854795852831,1,22.86289,4423,0.8,0,8,"both",-0.0336139943661468,-0.355183323137513
"77","session1",4.39950932647172,7.10267772267376,1.35327515050526,0.00300708636276766,1.07820151247646,0.304995928618549,0.166216968172945,3,1,30,-0.0336139943661468,-0.355183323137513,3,3.29118987841698,0,0.537450000000001,4423,0.8,0,8,"both",-0.0336139943661468,-0.355183323137513
"78","session1",4.39950932647172,7.10267772267376,1.35327515050526,0.00300708636276766,1.07820151247646,0.304995928618549,0.166216968172945,3,1,30,-0.0336139943661468,-0.355183323137513,3,3.03825549732295,0,-7.82729,4423,0.8,0,8,"both",-0.0336139943661468,-0.355183323137513
"79","session1",4.39950932647172,7.10267772267376,1.35327515050526,0.00300708636276766,1.07820151247646,0.304995928618549,0.166216968172945,3,1,30,-0.0336139943661468,-0.355183323137513,3,3.3279383179852,1,14.52576,4423,0.8,0,8,"both",-0.0336139943661468,-0.355183323137513
"80","session1",4.39950932647172,7.10267772267376,1.35327515050526,0.00300708636276766,1.07820151247646,0.304995928618549,0.166216968172945,3,1,30,-0.0336139943661468,-0.355183323137513,3,2.98192250580943,0,-0.65917,4423,0.8,0,8,"both",-0.0336139943661468,-0.355183323137513
"81","session1",4.39950932647172,7.10267772267376,1.35327515050526,0.00300708636276766,1.07820151247646,0.304995928618549,0.166216968172945,3,1,30,-0.0336139943661468,-0.355183323137513,3,3.75753696066897,1,5.971922,4423,0.8,0,8,"both",-0.0336139943661468,-0.355183323137513
"82","session1",4.39950932647172,7.10267772267376,1.35327515050526,0.00300708636276766,1.07820151247646,0.304995928618549,0.166216968172945,3,1,30,-0.0336139943661468,-0.355183323137513,3,5.00150412044005,0,-22.60283,4423,0.8,0,8,"both",-0.0336139943661468,-0.355183323137513
"83","session1",4.39950932647172,7.10267772267376,1.35327515050526,0.00300708636276766,1.07820151247646,0.304995928618549,0.166216968172945,3,1,30,-0.0336139943661468,-0.355183323137513,3,4.8530741726353,1,7.9414,4423,0.8,0,8,"both",-0.0336139943661468,-0.355183323137513
"84","session1",4.39950932647172,7.10267772267376,1.35327515050526,0.00300708636276766,1.07820151247646,0.304995928618549,0.166216968172945,3,1,30,-0.0336139943661468,-0.355183323137513,3,3.47910855373914,0,0.954429999999999,4423,0.8,0,8,"both",-0.0336139943661468,-0.355183323137513
"85","session1",4.39950932647172,7.10267772267376,1.35327515050526,0.00300708636276766,1.07820151247646,0.304995928618549,0.166216968172945,3,1,30,-0.0336139943661468,-0.355183323137513,3,5.55452889021586,0,6.10616,4423,0.8,0,8,"both",-0.0336139943661468,-0.355183323137513
"86","session1",4.39950932647172,7.10267772267376,1.35327515050526,0.00300708636276766,1.07820151247646,0.304995928618549,0.166216968172945,3,1,30,-0.0336139943661468,-0.355183323137513,3,3.29658304207547,1,8.06309,4423,0.8,0,8,"both",-0.0336139943661468,-0.355183323137513
"87","session1",4.39950932647172,7.10267772267376,1.35327515050526,0.00300708636276766,1.07820151247646,0.304995928618549,0.166216968172945,3,1,30,-0.0336139943661468,-0.355183323137513,3,3.29074859478753,1,10.92319,4423,0.8,0,8,"both",-0.0336139943661468,-0.355183323137513
"88","session1",4.39950932647172,7.10267772267376,1.35327515050526,0.00300708636276766,1.07820151247646,0.304995928618549,0.166216968172945,3,1,30,-0.0336139943661468,-0.355183323137513,3,6.26983742155612,0,7.9714,4423,0.8,0,8,"both",-0.0336139943661468,-0.355183323137513
"89","session1",4.39950932647172,7.10267772267376,1.35327515050526,0.00300708636276766,1.07820151247646,0.304995928618549,0.166216968172945,3,1,30,-0.0336139943661468,-0.355183323137513,3,3.6150511901199,1,8.6252,4423,0.8,0,8,"both",-0.0336139943661468,-0.355183323137513
"90","session1",4.39950932647172,7.10267772267376,1.35327515050526,0.00300708636276766,1.07820151247646,0.304995928618549,0.166216968172945,3,1,30,-0.0336139943661468,-0.355183323137513,3,7.65895796366726,0,0.0414000000000003,4423,0.8,0,8,"both",-0.0336139943661468,-0.355183323137513
"91","session1",-14.493732269495,16.2653668710706,2.62683826351133,6.78233551319962e-08,-0.370637781023765,0.605635871352881,0.839209597946933,4,1,30,-0.0336139943661468,-0.355183323137513,4,3.07188128562134,0,-9.51532942662,4423,0.8,0,8,"both",-0.0336139943661468,-0.355183323137513
"92","session1",-14.493732269495,16.2653668710706,2.62683826351133,6.78233551319962e-08,-0.370637781023765,0.605635871352881,0.839209597946933,4,1,30,-0.0336139943661468,-0.355183323137513,4,3.08587869663307,0,4.9049869574,4423,0.8,0,8,"both",-0.0336139943661468,-0.355183323137513
"93","session1",-14.493732269495,16.2653668710706,2.62683826351133,6.78233551319962e-08,-0.370637781023765,0.605635871352881,0.839209597946933,4,1,30,-0.0336139943661468,-0.355183323137513,4,1.4253894878901,1,11.930137192,4423,0.8,0,8,"both",-0.0336139943661468,-0.355183323137513
"94","session1",-14.493732269495,16.2653668710706,2.62683826351133,6.78233551319962e-08,-0.370637781023765,0.605635871352881,0.839209597946933,4,1,30,-0.0336139943661468,-0.355183323137513,4,1.46544192402974,1,5.56216212779,4423,0.8,0,8,"both",-0.0336139943661468,-0.355183323137513
"95","session1",-14.493732269495,16.2653668710706,2.62683826351133,6.78233551319962e-08,-0.370637781023765,0.605635871352881,0.839209597946933,4,1,30,-0.0336139943661468,-0.355183323137513,4,1.21641028264364,1,13.57738,4423,0.8,0,8,"both",-0.0336139943661468,-0.355183323137513
"96","session1",-14.493732269495,16.2653668710706,2.62683826351133,6.78233551319962e-08,-0.370637781023765,0.605635871352881,0.839209597946933,4,1,30,-0.0336139943661468,-0.355183323137513,4,1.16807084810203,1,9.88832,4423,0.8,0,8,"both",-0.0336139943661468,-0.355183323137513
"97","session1",-14.493732269495,16.2653668710706,2.62683826351133,6.78233551319962e-08,-0.370637781023765,0.605635871352881,0.839209597946933,4,1,30,-0.0336139943661468,-0.355183323137513,4,1.96154032270096,1,-5.4321,4423,0.8,0,8,"both",-0.0336139943661468,-0.355183323137513
"98","session1",-14.493732269495,16.2653668710706,2.62683826351133,6.78233551319962e-08,-0.370637781023765,0.605635871352881,0.839209597946933,4,1,30,-0.0336139943661468,-0.355183323137513,4,1.66889349510631,0,-23.65549,4423,0.8,0,8,"both",-0.0336139943661468,-0.355183323137513
"99","session1",-14.493732269495,16.2653668710706,2.62683826351133,6.78233551319962e-08,-0.370637781023765,0.605635871352881,0.839209597946933,4,1,30,-0.0336139943661468,-0.355183323137513,4,1.75287171605258,0,-24.79457,4423,0.8,0,8,"both",-0.0336139943661468,-0.355183323137513
"100","session1",-14.493732269495,16.2653668710706,2.62683826351133,6.78233551319962e-08,-0.370637781023765,0.605635871352881,0.839209597946933,4,1,30,-0.0336139943661468,-0.355183323137513,4,1.48571262626914,1,-8.60632,4423,0.8,0,8,"both",-0.0336139943661468,-0.355183323137513
"101","session1",-14.493732269495,16.2653668710706,2.62683826351133,6.78233551319962e-08,-0.370637781023765,0.605635871352881,0.839209597946933,4,1,30,-0.0336139943661468,-0.355183323137513,4,2.25979096101034,1,-1.9292,4423,0.8,0,8,"both",-0.0336139943661468,-0.355183323137513
"102","session1",-14.493732269495,16.2653668710706,2.62683826351133,6.78233551319962e-08,-0.370637781023765,0.605635871352881,0.839209597946933,4,1,30,-0.0336139943661468,-0.355183323137513,4,2.82095208131124,1,-9.41408,4423,0.8,0,8,"both",-0.0336139943661468,-0.355183323137513
"103","session1",-14.493732269495,16.2653668710706,2.62683826351133,6.78233551319962e-08,-0.370637781023765,0.605635871352881,0.839209597946933,4,1,30,-0.0336139943661468,-0.355183323137513,4,2.43989602448103,1,-13.4218,4423,0.8,0,8,"both",-0.0336139943661468,-0.355183323137513
"104","session1",-14.493732269495,16.2653668710706,2.62683826351133,6.78233551319962e-08,-0.370637781023765,0.605635871352881,0.839209597946933,4,1,30,-0.0336139943661468,-0.355183323137513,4,7.98028415575978,1,-10.60083,4423,0.8,0,8,"both",-0.0336139943661468,-0.355183323137513
"105","session1",-14.493732269495,16.2653668710706,2.62683826351133,6.78233551319962e-08,-0.370637781023765,0.605635871352881,0.839209597946933,4,1,30,-0.0336139943661468,-0.355183323137513,4,2.0637429652143,0,-23.33131,4423,0.8,0,8,"both",-0.0336139943661468,-0.355183323137513
"106","session1",-14.493732269495,16.2653668710706,2.62683826351133,6.78233551319962e-08,-0.370637781023765,0.605635871352881,0.839209597946933,4,1,30,-0.0336139943661468,-0.355183323137513,4,1.22686907037724,0,-23.18755,4423,0.8,0,8,"both",-0.0336139943661468,-0.355183323137513
"107","session1",-14.493732269495,16.2653668710706,2.62683826351133,6.78233551319962e-08,-0.370637781023765,0.605635871352881,0.839209597946933,4,1,30,-0.0336139943661468,-0.355183323137513,4,1.78938283374636,0,-15.99688,4423,0.8,0,8,"both",-0.0336139943661468,-0.355183323137513
"108","session1",-14.493732269495,16.2653668710706,2.62683826351133,6.78233551319962e-08,-0.370637781023765,0.605635871352881,0.839209597946933,4,1,30,-0.0336139943661468,-0.355183323137513,4,2.39149619051224,1,-14.80953,4423,0.8,0,8,"both",-0.0336139943661468,-0.355183323137513
"109","session1",-14.493732269495,16.2653668710706,2.62683826351133,6.78233551319962e-08,-0.370637781023765,0.605635871352881,0.839209597946933,4,1,30,-0.0336139943661468,-0.355183323137513,4,3.35979247672686,0,-12.0691,4423,0.8,0,8,"both",-0.0336139943661468,-0.355183323137513
"110","session1",-14.493732269495,16.2653668710706,2.62683826351133,6.78233551319962e-08,-0.370637781023765,0.605635871352881,0.839209597946933,4,1,30,-0.0336139943661468,-0.355183323137513,4,1.91867480907197,1,30.906,4423,0.8,0,8,"both",-0.0336139943661468,-0.355183323137513
"111","session1",-14.493732269495,16.2653668710706,2.62683826351133,6.78233551319962e-08,-0.370637781023765,0.605635871352881,0.839209597946933,4,1,30,-0.0336139943661468,-0.355183323137513,4,1.28059690758998,0,-8.988,4423,0.8,0,8,"both",-0.0336139943661468,-0.355183323137513
"112","session1",-14.493732269495,16.2653668710706,2.62683826351133,6.78233551319962e-08,-0.370637781023765,0.605635871352881,0.839209597946933,4,1,30,-0.0336139943661468,-0.355183323137513,4,2.1118888427195,1,-14.51305,4423,0.8,0,8,"both",-0.0336139943661468,-0.355183323137513
"113","session1",-14.493732269495,16.2653668710706,2.62683826351133,6.78233551319962e-08,-0.370637781023765,0.605635871352881,0.839209597946933,4,1,30,-0.0336139943661468,-0.355183323137513,4,1.37626208758008,1,16.0177,4423,0.8,0,8,"both",-0.0336139943661468,-0.355183323137513
"114","session1",-14.493732269495,16.2653668710706,2.62683826351133,6.78233551319962e-08,-0.370637781023765,0.605635871352881,0.839209597946933,4,1,30,-0.0336139943661468,-0.355183323137513,4,3.51920148867577,0,-16.52058,4423,0.8,0,8,"both",-0.0336139943661468,-0.355183323137513
"115","session1",-14.493732269495,16.2653668710706,2.62683826351133,6.78233551319962e-08,-0.370637781023765,0.605635871352881,0.839209597946933,4,1,30,-0.0336139943661468,-0.355183323137513,4,4.16707967441267,1,-23.31526,4423,0.8,0,8,"both",-0.0336139943661468,-0.355183323137513
"116","session1",-14.493732269495,16.2653668710706,2.62683826351133,6.78233551319962e-08,-0.370637781023765,0.605635871352881,0.839209597946933,4,1,30,-0.0336139943661468,-0.355183323137513,4,1.83973889878661,1,5.9399,4423,0.8,0,8,"both",-0.0336139943661468,-0.355183323137513
"117","session1",-14.493732269495,16.2653668710706,2.62683826351133,6.78233551319962e-08,-0.370637781023765,0.605635871352881,0.839209597946933,4,1,30,-0.0336139943661468,-0.355183323137513,4,2.21677318777697,0,-25.35728,4423,0.8,0,8,"both",-0.0336139943661468,-0.355183323137513
"118","session1",-14.493732269495,16.2653668710706,2.62683826351133,6.78233551319962e-08,-0.370637781023765,0.605635871352881,0.839209597946933,4,1,30,-0.0336139943661468,-0.355183323137513,4,2.22807086519244,0,-1.79759,4423,0.8,0,8,"both",-0.0336139943661468,-0.355183323137513
"119","session1",-14.493732269495,16.2653668710706,2.62683826351133,6.78233551319962e-08,-0.370637781023765,0.605635871352881,0.839209597946933,4,1,30,-0.0336139943661468,-0.355183323137513,4,2.72666372271754,0,-11.389218743,4423,0.8,0,8,"both",-0.0336139943661468,-0.355183323137513
"120","session1",-14.493732269495,16.2653668710706,2.62683826351133,6.78233551319962e-08,-0.370637781023765,0.605635871352881,0.839209597946933,4,1,30,-0.0336139943661468,-0.355183323137513,4,2.04744857600567,0,-10.69345623596,4423,0.8,0,8,"both",-0.0336139943661468,-0.355183323137513
"121","session1",-9.96258084320843,5.3106187903104,1.78787089649105,0.00693106434687731,0.0666190521172361,0.638172277179148,0.903092687173005,5,1,30,-0.0336139943661468,-0.355183323137513,5,4.06165557485063,0,-8.6262571422,4423,0.8,0,8,"both",-0.0336139943661468,-0.355183323137513
"122","session1",-9.96258084320843,5.3106187903104,1.78787089649105,0.00693106434687731,0.0666190521172361,0.638172277179148,0.903092687173005,5,1,30,-0.0336139943661468,-0.355183323137513,5,2.0834252837898,1,5.6483861516,4423,0.8,0,8,"both",-0.0336139943661468,-0.355183323137513
"123","session1",-9.96258084320843,5.3106187903104,1.78787089649105,0.00693106434687731,0.0666190521172361,0.638172277179148,0.903092687173005,5,1,30,-0.0336139943661468,-0.355183323137513,5,2.14323011140461,1,-1.29790883732,4423,0.8,0,8,"both",-0.0336139943661468,-0.355183323137513
"124","session1",-9.96258084320843,5.3106187903104,1.78787089649105,0.00693106434687731,0.0666190521172361,0.638172277179148,0.903092687173005,5,1,30,-0.0336139943661468,-0.355183323137513,5,1.23526306950646,1,-5.1185182498,4423,0.8,0,8,"both",-0.0336139943661468,-0.355183323137513
"125","session1",-9.96258084320843,5.3106187903104,1.78787089649105,0.00693106434687731,0.0666190521172361,0.638172277179148,0.903092687173005,5,1,30,-0.0336139943661468,-0.355183323137513,5,1.61348619818907,0,-12.87648,4423,0.8,0,8,"both",-0.0336139943661468,-0.355183323137513
"126","session1",-9.96258084320843,5.3106187903104,1.78787089649105,0.00693106434687731,0.0666190521172361,0.638172277179148,0.903092687173005,5,1,30,-0.0336139943661468,-0.355183323137513,5,5.83571527928864,0,-11.74539,4423,0.8,0,8,"both",-0.0336139943661468,-0.355183323137513
"127","session1",-9.96258084320843,5.3106187903104,1.78787089649105,0.00693106434687731,0.0666190521172361,0.638172277179148,0.903092687173005,5,1,30,-0.0336139943661468,-0.355183323137513,5,5.64956997322916,0,-9.28988,4423,0.8,0,8,"both",-0.0336139943661468,-0.355183323137513
"128","session1",-9.96258084320843,5.3106187903104,1.78787089649105,0.00693106434687731,0.0666190521172361,0.638172277179148,0.903092687173005,5,1,30,-0.0336139943661468,-0.355183323137513,5,4.51115789965093,0,-6.3941,4423,0.8,0,8,"both",-0.0336139943661468,-0.355183323137513
"129","session1",-9.96258084320843,5.3106187903104,1.78787089649105,0.00693106434687731,0.0666190521172361,0.638172277179148,0.903092687173005,5,1,30,-0.0336139943661468,-0.355183323137513,5,4.15782841776517,1,-8.22663,4423,0.8,0,8,"both",-0.0336139943661468,-0.355183323137513
"130","session1",-9.96258084320843,5.3106187903104,1.78787089649105,0.00693106434687731,0.0666190521172361,0.638172277179148,0.903092687173005,5,1,30,-0.0336139943661468,-0.355183323137513,5,3.06177268957494,0,-23.96044,4423,0.8,0,8,"both",-0.0336139943661468,-0.355183323137513
"131","session1",-9.96258084320843,5.3106187903104,1.78787089649105,0.00693106434687731,0.0666190521172361,0.638172277179148,0.903092687173005,5,1,30,-0.0336139943661468,-0.355183323137513,5,3.67719468465315,0,1.43569,4423,0.8,0,8,"both",-0.0336139943661468,-0.355183323137513
"132","session1",-9.96258084320843,5.3106187903104,1.78787089649105,0.00693106434687731,0.0666190521172361,0.638172277179148,0.903092687173005,5,1,30,-0.0336139943661468,-0.355183323137513,5,2.52560637937858,1,-7.392,4423,0.8,0,8,"both",-0.0336139943661468,-0.355183323137513
"133","session1",-9.96258084320843,5.3106187903104,1.78787089649105,0.00693106434687731,0.0666190521172361,0.638172277179148,0.903092687173005,5,1,30,-0.0336139943661468,-0.355183323137513,5,3.4996782543615,1,9.44271,4423,0.8,0,8,"both",-0.0336139943661468,-0.355183323137513
"134","session1",-9.96258084320843,5.3106187903104,1.78787089649105,0.00693106434687731,0.0666190521172361,0.638172277179148,0.903092687173005,5,1,30,-0.0336139943661468,-0.355183323137513,5,2.62451677352734,0,-11.58804,4423,0.8,0,8,"both",-0.0336139943661468,-0.355183323137513
"135","session1",-9.96258084320843,5.3106187903104,1.78787089649105,0.00693106434687731,0.0666190521172361,0.638172277179148,0.903092687173005,5,1,30,-0.0336139943661468,-0.355183323137513,5,2.05485320131553,0,-27.51365,4423,0.8,0,8,"both",-0.0336139943661468,-0.355183323137513
"136","session1",-9.96258084320843,5.3106187903104,1.78787089649105,0.00693106434687731,0.0666190521172361,0.638172277179148,0.903092687173005,5,1,30,-0.0336139943661468,-0.355183323137513,5,1.42166229708629,1,1.70803,4423,0.8,0,8,"both",-0.0336139943661468,-0.355183323137513
"137","session1",-9.96258084320843,5.3106187903104,1.78787089649105,0.00693106434687731,0.0666190521172361,0.638172277179148,0.903092687173005,5,1,30,-0.0336139943661468,-0.355183323137513,5,2.62696730472549,0,-17.46968,4423,0.8,0,8,"both",-0.0336139943661468,-0.355183323137513
"138","session1",-9.96258084320843,5.3106187903104,1.78787089649105,0.00693106434687731,0.0666190521172361,0.638172277179148,0.903092687173005,5,1,30,-0.0336139943661468,-0.355183323137513,5,3.41721688009876,0,-44.86116,4423,0.8,0,8,"both",-0.0336139943661468,-0.355183323137513
"139","session1",-9.96258084320843,5.3106187903104,1.78787089649105,0.00693106434687731,0.0666190521172361,0.638172277179148,0.903092687173005,5,1,30,-0.0336139943661468,-0.355183323137513,5,2.77918188365786,0,-12.49946,4423,0.8,0,8,"both",-0.0336139943661468,-0.355183323137513
"140","session1",-9.96258084320843,5.3106187903104,1.78787089649105,0.00693106434687731,0.0666190521172361,0.638172277179148,0.903092687173005,5,1,30,-0.0336139943661468,-0.355183323137513,5,1.90087078812379,1,-17.40067,4423,0.8,0,8,"both",-0.0336139943661468,-0.355183323137513
"141","session1",-9.96258084320843,5.3106187903104,1.78787089649105,0.00693106434687731,0.0666190521172361,0.638172277179148,0.903092687173005,5,1,30,-0.0336139943661468,-0.355183323137513,5,1.72807082659401,0,0.0402899999999997,4423,0.8,0,8,"both",-0.0336139943661468,-0.355183323137513
"142","session1",-9.96258084320843,5.3106187903104,1.78787089649105,0.00693106434687731,0.0666190521172361,0.638172277179148,0.903092687173005,5,1,30,-0.0336139943661468,-0.355183323137513,5,2.88086398482704,0,-20.39969,4423,0.8,0,8,"both",-0.0336139943661468,-0.355183323137513
"143","session1",-9.96258084320843,5.3106187903104,1.78787089649105,0.00693106434687731,0.0666190521172361,0.638172277179148,0.903092687173005,5,1,30,-0.0336139943661468,-0.355183323137513,5,1.06241841304912,0,-29.9154,4423,0.8,0,8,"both",-0.0336139943661468,-0.355183323137513
"144","session1",-9.96258084320843,5.3106187903104,1.78787089649105,0.00693106434687731,0.0666190521172361,0.638172277179148,0.903092687173005,5,1,30,-0.0336139943661468,-0.355183323137513,5,3.28104169024972,1,-1.90589,4423,0.8,0,8,"both",-0.0336139943661468,-0.355183323137513
"145","session1",-9.96258084320843,5.3106187903104,1.78787089649105,0.00693106434687731,0.0666190521172361,0.638172277179148,0.903092687173005,5,1,30,-0.0336139943661468,-0.355183323137513,5,1.69947034552453,1,8.50817,4423,0.8,0,8,"both",-0.0336139943661468,-0.355183323137513
"146","session1",-9.96258084320843,5.3106187903104,1.78787089649105,0.00693106434687731,0.0666190521172361,0.638172277179148,0.903092687173005,5,1,30,-0.0336139943661468,-0.355183323137513,5,2.49221997863959,0,-21.90539,4423,0.8,0,8,"both",-0.0336139943661468,-0.355183323137513
"147","session1",-9.96258084320843,5.3106187903104,1.78787089649105,0.00693106434687731,0.0666190521172361,0.638172277179148,0.903092687173005,5,1,30,-0.0336139943661468,-0.355183323137513,5,3.50022433851886,1,-2.44389,4423,0.8,0,8,"both",-0.0336139943661468,-0.355183323137513
"148","session1",-9.96258084320843,5.3106187903104,1.78787089649105,0.00693106434687731,0.0666190521172361,0.638172277179148,0.903092687173005,5,1,30,-0.0336139943661468,-0.355183323137513,5,3.21218588626617,1,-7.67184,4423,0.8,0,8,"both",-0.0336139943661468,-0.355183323137513
"149","session1",-9.96258084320843,5.3106187903104,1.78787089649105,0.00693106434687731,0.0666190521172361,0.638172277179148,0.903092687173005,5,1,30,-0.0336139943661468,-0.355183323137513,5,5.02466008029927,1,-10.8113,4423,0.8,0,8,"both",-0.0336139943661468,-0.355183323137513
"150","session1",-9.96258084320843,5.3106187903104,1.78787089649105,0.00693106434687731,0.0666190521172361,0.638172277179148,0.903092687173005,5,1,30,-0.0336139943661468,-0.355183323137513,5,2.65029573586133,0,-32.4078,4423,0.8,0,8,"both",-0.0336139943661468,-0.355183323137513
"151","session1",-12.1311727589217,13.1123503008482,3.71494037769993,0.00111819586810279,-0.105383424756481,0.581977082767338,0.760188972469081,6,1,30,-0.0336139943661468,-0.355183323137513,6,1.5536497278853,1,9.41626627794,4423,0.8,0,8,"both",-0.0336139943661468,-0.355183323137513
"152","session1",-12.1311727589217,13.1123503008482,3.71494037769993,0.00111819586810279,-0.105383424756481,0.581977082767338,0.760188972469081,6,1,30,-0.0336139943661468,-0.355183323137513,6,2.55641601390638,0,-5.9701297577,4423,0.8,0,8,"both",-0.0336139943661468,-0.355183323137513
"153","session1",-12.1311727589217,13.1123503008482,3.71494037769993,0.00111819586810279,-0.105383424756481,0.581977082767338,0.760188972469081,6,1,30,-0.0336139943661468,-0.355183323137513,6,3.97486856240198,0,2.92569662793,4423,0.8,0,8,"both",-0.0336139943661468,-0.355183323137513
"154","session1",-12.1311727589217,13.1123503008482,3.71494037769993,0.00111819586810279,-0.105383424756481,0.581977082767338,0.760188972469081,6,1,30,-0.0336139943661468,-0.355183323137513,6,1.65566030297289,1,4.98802537747,4423,0.8,0,8,"both",-0.0336139943661468,-0.355183323137513
"155","session1",-12.1311727589217,13.1123503008482,3.71494037769993,0.00111819586810279,-0.105383424756481,0.581977082767338,0.760188972469081,6,1,30,-0.0336139943661468,-0.355183323137513,6,2.50026840648652,1,0.44010347031,4423,0.8,0,8,"both",-0.0336139943661468,-0.355183323137513
"156","session1",-12.1311727589217,13.1123503008482,3.71494037769993,0.00111819586810279,-0.105383424756481,0.581977082767338,0.760188972469081,6,1,30,-0.0336139943661468,-0.355183323137513,6,1.09163518161326,1,-1.9556763089,4423,0.8,0,8,"both",-0.0336139943661468,-0.355183323137513
"157","session1",-12.1311727589217,13.1123503008482,3.71494037769993,0.00111819586810279,-0.105383424756481,0.581977082767338,0.760188972469081,6,1,30,-0.0336139943661468,-0.355183323137513,6,2.08060988626895,1,-5.1475011343,4423,0.8,0,8,"both",-0.0336139943661468,-0.355183323137513
"158","session1",-12.1311727589217,13.1123503008482,3.71494037769993,0.00111819586810279,-0.105383424756481,0.581977082767338,0.760188972469081,6,1,30,-0.0336139943661468,-0.355183323137513,6,5.3309635246076,0,-9.08175691022,4423,0.8,0,8,"both",-0.0336139943661468,-0.355183323137513
"159","session1",-12.1311727589217,13.1123503008482,3.71494037769993,0.00111819586810279,-0.105383424756481,0.581977082767338,0.760188972469081,6,1,30,-0.0336139943661468,-0.355183323137513,6,1.63556382648686,1,26.6507,4423,0.8,0,8,"both",-0.0336139943661468,-0.355183323137513
"160","session1",-12.1311727589217,13.1123503008482,3.71494037769993,0.00111819586810279,-0.105383424756481,0.581977082767338,0.760188972469081,6,1,30,-0.0336139943661468,-0.355183323137513,6,1.72318278695876,1,12.69091,4423,0.8,0,8,"both",-0.0336139943661468,-0.355183323137513
"161","session1",-12.1311727589217,13.1123503008482,3.71494037769993,0.00111819586810279,-0.105383424756481,0.581977082767338,0.760188972469081,6,1,30,-0.0336139943661468,-0.355183323137513,6,3.39287502845206,1,-4.923885,4423,0.8,0,8,"both",-0.0336139943661468,-0.355183323137513
"162","session1",-12.1311727589217,13.1123503008482,3.71494037769993,0.00111819586810279,-0.105383424756481,0.581977082767338,0.760188972469081,6,1,30,-0.0336139943661468,-0.355183323137513,6,2.03353051819061,1,-7.7249022296,4423,0.8,0,8,"both",-0.0336139943661468,-0.355183323137513
"163","session1",-12.1311727589217,13.1123503008482,3.71494037769993,0.00111819586810279,-0.105383424756481,0.581977082767338,0.760188972469081,6,1,30,-0.0336139943661468,-0.355183323137513,6,3.26173054700034,0,-22.94634,4423,0.8,0,8,"both",-0.0336139943661468,-0.355183323137513
"164","session1",-12.1311727589217,13.1123503008482,3.71494037769993,0.00111819586810279,-0.105383424756481,0.581977082767338,0.760188972469081,6,1,30,-0.0336139943661468,-0.355183323137513,6,3.22425253374283,1,-7.0569,4423,0.8,0,8,"both",-0.0336139943661468,-0.355183323137513
"165","session1",-12.1311727589217,13.1123503008482,3.71494037769993,0.00111819586810279,-0.105383424756481,0.581977082767338,0.760188972469081,6,1,30,-0.0336139943661468,-0.355183323137513,6,4.93348872639141,1,-0.0957299999999996,4423,0.8,0,8,"both",-0.0336139943661468,-0.355183323137513
"166","session1",-12.1311727589217,13.1123503008482,3.71494037769993,0.00111819586810279,-0.105383424756481,0.581977082767338,0.760188972469081,6,1,30,-0.0336139943661468,-0.355183323137513,6,3.60757337145692,1,-14.44592,4423,0.8,0,8,"both",-0.0336139943661468,-0.355183323137513
"167","session1",-12.1311727589217,13.1123503008482,3.71494037769993,0.00111819586810279,-0.105383424756481,0.581977082767338,0.760188972469081,6,1,30,-0.0336139943661468,-0.355183323137513,6,1.50241527839761,0,-31.7682,4423,0.8,0,8,"both",-0.0336139943661468,-0.355183323137513
"168","session1",-12.1311727589217,13.1123503008482,3.71494037769993,0.00111819586810279,-0.105383424756481,0.581977082767338,0.760188972469081,6,1,30,-0.0336139943661468,-0.355183323137513,6,3.60189342663502,0,-12.60987,4423,0.8,0,8,"both",-0.0336139943661468,-0.355183323137513
"169","session1",-12.1311727589217,13.1123503008482,3.71494037769993,0.00111819586810279,-0.105383424756481,0.581977082767338,0.760188972469081,6,1,30,-0.0336139943661468,-0.355183323137513,6,2.01431959608767,1,44.043,4423,0.8,0,8,"both",-0.0336139943661468,-0.355183323137513
"170","session1",-12.1311727589217,13.1123503008482,3.71494037769993,0.00111819586810279,-0.105383424756481,0.581977082767338,0.760188972469081,6,1,30,-0.0336139943661468,-0.355183323137513,6,2.45562247925525,1,-4.19083,4423,0.8,0,8,"both",-0.0336139943661468,-0.355183323137513
"171","session1",-12.1311727589217,13.1123503008482,3.71494037769993,0.00111819586810279,-0.105383424756481,0.581977082767338,0.760188972469081,6,1,30,-0.0336139943661468,-0.355183323137513,6,3.03075349048409,0,-18.78355,4423,0.8,0,8,"both",-0.0336139943661468,-0.355183323137513
"172","session1",-12.1311727589217,13.1123503008482,3.71494037769993,0.00111819586810279,-0.105383424756481,0.581977082767338,0.760188972469081,6,1,30,-0.0336139943661468,-0.355183323137513,6,3.86035992728592,1,0.2318,4423,0.8,0,8,"both",-0.0336139943661468,-0.355183323137513
"173","session1",-12.1311727589217,13.1123503008482,3.71494037769993,0.00111819586810279,-0.105383424756481,0.581977082767338,0.760188972469081,6,1,30,-0.0336139943661468,-0.355183323137513,6,6.60040442752318,1,-12.21211,4423,0.8,0,8,"both",-0.0336139943661468,-0.355183323137513
"174","session1",-12.1311727589217,13.1123503008482,3.71494037769993,0.00111819586810279,-0.105383424756481,0.581977082767338,0.760188972469081,6,1,30,-0.0336139943661468,-0.355183323137513,6,3.89907110524317,1,-8.96369,4423,0.8,0,8,"both",-0.0336139943661468,-0.355183323137513
"175","session1",-12.1311727589217,13.1123503008482,3.71494037769993,0.00111819586810279,-0.105383424756481,0.581977082767338,0.760188972469081,6,1,30,-0.0336139943661468,-0.355183323137513,6,2.4661925178187,1,-5.09195,4423,0.8,0,8,"both",-0.0336139943661468,-0.355183323137513
"176","session1",-12.1311727589217,13.1123503008482,3.71494037769993,0.00111819586810279,-0.105383424756481,0.581977082767338,0.760188972469081,6,1,30,-0.0336139943661468,-0.355183323137513,6,3.80469262438577,0,-19.08622,4423,0.8,0,8,"both",-0.0336139943661468,-0.355183323137513
"177","session1",-12.1311727589217,13.1123503008482,3.71494037769993,0.00111819586810279,-0.105383424756481,0.581977082767338,0.760188972469081,6,1,30,-0.0336139943661468,-0.355183323137513,6,2.16247786110928,0,-21.3541,4423,0.8,0,8,"both",-0.0336139943661468,-0.355183323137513
"178","session1",-12.1311727589217,13.1123503008482,3.71494037769993,0.00111819586810279,-0.105383424756481,0.581977082767338,0.760188972469081,6,1,30,-0.0336139943661468,-0.355183323137513,6,2.97880804667368,0,-13.32786,4423,0.8,0,8,"both",-0.0336139943661468,-0.355183323137513
"179","session1",-12.1311727589217,13.1123503008482,3.71494037769993,0.00111819586810279,-0.105383424756481,0.581977082767338,0.760188972469081,6,1,30,-0.0336139943661468,-0.355183323137513,6,4.18971304338135,1,-12.80421,4423,0.8,0,8,"both",-0.0336139943661468,-0.355183323137513
"180","session1",-12.1311727589217,13.1123503008482,3.71494037769993,0.00111819586810279,-0.105383424756481,0.581977082767338,0.760188972469081,6,1,30,-0.0336139943661468,-0.355183323137513,6,3.40225117270361,1,-23.17302,4423,0.8,0,8,"both",-0.0336139943661468,-0.355183323137513
"181","session1",-10.947063524071,7.56017896388979,2.0128796791602,0.000116163791311774,0.334847240726972,0.643519212777289,0.772644553939328,7,1,30,-0.0336139943661468,-0.355183323137513,7,4.45875364283678,0,-9.7840208983,4423,0.8,0,8,"both",-0.0336139943661468,-0.355183323137513
"182","session1",-10.947063524071,7.56017896388979,2.0128796791602,0.000116163791311774,0.334847240726972,0.643519212777289,0.772644553939328,7,1,30,-0.0336139943661468,-0.355183323137513,7,1.5841399191089,1,5.584025638513,4423,0.8,0,8,"both",-0.0336139943661468,-0.355183323137513
"183","session1",-10.947063524071,7.56017896388979,2.0128796791602,0.000116163791311774,0.334847240726972,0.643519212777289,0.772644553939328,7,1,30,-0.0336139943661468,-0.355183323137513,7,3.44335522260518,0,-3.5515519925,4423,0.8,0,8,"both",-0.0336139943661468,-0.355183323137513
"184","session1",-10.947063524071,7.56017896388979,2.0128796791602,0.000116163791311774,0.334847240726972,0.643519212777289,0.772644553939328,7,1,30,-0.0336139943661468,-0.355183323137513,7,2.4604569897477,1,3.00102137454,4423,0.8,0,8,"both",-0.0336139943661468,-0.355183323137513
"185","session1",-10.947063524071,7.56017896388979,2.0128796791602,0.000116163791311774,0.334847240726972,0.643519212777289,0.772644553939328,7,1,30,-0.0336139943661468,-0.355183323137513,7,5.56697471785243,1,-0.54933,4423,0.8,0,8,"both",-0.0336139943661468,-0.355183323137513
"186","session1",-10.947063524071,7.56017896388979,2.0128796791602,0.000116163791311774,0.334847240726972,0.643519212777289,0.772644553939328,7,1,30,-0.0336139943661468,-0.355183323137513,7,1.87274721797994,1,-1.93517,4423,0.8,0,8,"both",-0.0336139943661468,-0.355183323137513
"187","session1",-10.947063524071,7.56017896388979,2.0128796791602,0.000116163791311774,0.334847240726972,0.643519212777289,0.772644553939328,7,1,30,-0.0336139943661468,-0.355183323137513,7,1.56725029785464,0,-24.3094,4423,0.8,0,8,"both",-0.0336139943661468,-0.355183323137513
"188","session1",-10.947063524071,7.56017896388979,2.0128796791602,0.000116163791311774,0.334847240726972,0.643519212777289,0.772644553939328,7,1,30,-0.0336139943661468,-0.355183323137513,7,5.15800547963807,1,1.32241,4423,0.8,0,8,"both",-0.0336139943661468,-0.355183323137513
"189","session1",-10.947063524071,7.56017896388979,2.0128796791602,0.000116163791311774,0.334847240726972,0.643519212777289,0.772644553939328,7,1,30,-0.0336139943661468,-0.355183323137513,7,2.5935120811154,1,-6.60724,4423,0.8,0,8,"both",-0.0336139943661468,-0.355183323137513
"190","session1",-10.947063524071,7.56017896388979,2.0128796791602,0.000116163791311774,0.334847240726972,0.643519212777289,0.772644553939328,7,1,30,-0.0336139943661468,-0.355183323137513,7,2.33546596878625,1,-8.0862,4423,0.8,0,8,"both",-0.0336139943661468,-0.355183323137513
"191","session1",-10.947063524071,7.56017896388979,2.0128796791602,0.000116163791311774,0.334847240726972,0.643519212777289,0.772644553939328,7,1,30,-0.0336139943661468,-0.355183323137513,7,1.95174565494258,1,-1.95489,4423,0.8,0,8,"both",-0.0336139943661468,-0.355183323137513
"192","session1",-10.947063524071,7.56017896388979,2.0128796791602,0.000116163791311774,0.334847240726972,0.643519212777289,0.772644553939328,7,1,30,-0.0336139943661468,-0.355183323137513,7,1.99541066774895,1,20.7149,4423,0.8,0,8,"both",-0.0336139943661468,-0.355183323137513
"193","session1",-10.947063524071,7.56017896388979,2.0128796791602,0.000116163791311774,0.334847240726972,0.643519212777289,0.772644553939328,7,1,30,-0.0336139943661468,-0.355183323137513,7,4.0996273624589,0,-8.64878,4423,0.8,0,8,"both",-0.0336139943661468,-0.355183323137513
"194","session1",-10.947063524071,7.56017896388979,2.0128796791602,0.000116163791311774,0.334847240726972,0.643519212777289,0.772644553939328,7,1,30,-0.0336139943661468,-0.355183323137513,7,8,1,-1.14295,4423,0.8,0,8,"both",-0.0336139943661468,-0.355183323137513
"195","session1",-10.947063524071,7.56017896388979,2.0128796791602,0.000116163791311774,0.334847240726972,0.643519212777289,0.772644553939328,7,1,30,-0.0336139943661468,-0.355183323137513,7,2.96541233861523,0,-15.6598,4423,0.8,0,8,"both",-0.0336139943661468,-0.355183323137513
"196","session1",-10.947063524071,7.56017896388979,2.0128796791602,0.000116163791311774,0.334847240726972,0.643519212777289,0.772644553939328,7,1,30,-0.0336139943661468,-0.355183323137513,7,1.30075633290954,0,-10.36297,4423,0.8,0,8,"both",-0.0336139943661468,-0.355183323137513
"197","session1",-10.947063524071,7.56017896388979,2.0128796791602,0.000116163791311774,0.334847240726972,0.643519212777289,0.772644553939328,7,1,30,-0.0336139943661468,-0.355183323137513,7,2.2538290499601,0,-10.99038,4423,0.8,0,8,"both",-0.0336139943661468,-0.355183323137513
"198","session1",-10.947063524071,7.56017896388979,2.0128796791602,0.000116163791311774,0.334847240726972,0.643519212777289,0.772644553939328,7,1,30,-0.0336139943661468,-0.355183323137513,7,1.44145581724635,1,-13.37039,4423,0.8,0,8,"both",-0.0336139943661468,-0.355183323137513
"199","session1",-10.947063524071,7.56017896388979,2.0128796791602,0.000116163791311774,0.334847240726972,0.643519212777289,0.772644553939328,7,1,30,-0.0336139943661468,-0.355183323137513,7,2.61608374444105,1,23.36926,4423,0.8,0,8,"both",-0.0336139943661468,-0.355183323137513
"200","session1",-10.947063524071,7.56017896388979,2.0128796791602,0.000116163791311774,0.334847240726972,0.643519212777289,0.772644553939328,7,1,30,-0.0336139943661468,-0.355183323137513,7,1.89463976549952,0,-9.29103,4423,0.8,0,8,"both",-0.0336139943661468,-0.355183323137513
"201","session1",-10.947063524071,7.56017896388979,2.0128796791602,0.000116163791311774,0.334847240726972,0.643519212777289,0.772644553939328,7,1,30,-0.0336139943661468,-0.355183323137513,7,2.82928659391226,0,-21.02354,4423,0.8,0,8,"both",-0.0336139943661468,-0.355183323137513
"202","session1",-10.947063524071,7.56017896388979,2.0128796791602,0.000116163791311774,0.334847240726972,0.643519212777289,0.772644553939328,7,1,30,-0.0336139943661468,-0.355183323137513,7,1.75218663351693,1,-2.24341,4423,0.8,0,8,"both",-0.0336139943661468,-0.355183323137513
"203","session1",-10.947063524071,7.56017896388979,2.0128796791602,0.000116163791311774,0.334847240726972,0.643519212777289,0.772644553939328,7,1,30,-0.0336139943661468,-0.355183323137513,7,2.01353209243298,1,4.35543,4423,0.8,0,8,"both",-0.0336139943661468,-0.355183323137513
"204","session1",-10.947063524071,7.56017896388979,2.0128796791602,0.000116163791311774,0.334847240726972,0.643519212777289,0.772644553939328,7,1,30,-0.0336139943661468,-0.355183323137513,7,4.31892804289461,1,-10.651,4423,0.8,0,8,"both",-0.0336139943661468,-0.355183323137513
"205","session1",-10.947063524071,7.56017896388979,2.0128796791602,0.000116163791311774,0.334847240726972,0.643519212777289,0.772644553939328,7,1,30,-0.0336139943661468,-0.355183323137513,7,1.60195786276378,1,5.57337,4423,0.8,0,8,"both",-0.0336139943661468,-0.355183323137513
"206","session1",-10.947063524071,7.56017896388979,2.0128796791602,0.000116163791311774,0.334847240726972,0.643519212777289,0.772644553939328,7,1,30,-0.0336139943661468,-0.355183323137513,7,7.32929031603289,1,-7.19435,4423,0.8,0,8,"both",-0.0336139943661468,-0.355183323137513
"207","session1",-10.947063524071,7.56017896388979,2.0128796791602,0.000116163791311774,0.334847240726972,0.643519212777289,0.772644553939328,7,1,30,-0.0336139943661468,-0.355183323137513,7,3.73837060237475,0,-14.20098,4423,0.8,0,8,"both",-0.0336139943661468,-0.355183323137513
"208","session1",-10.947063524071,7.56017896388979,2.0128796791602,0.000116163791311774,0.334847240726972,0.643519212777289,0.772644553939328,7,1,30,-0.0336139943661468,-0.355183323137513,7,5.48241449252758,1,-7.64482,4423,0.8,0,8,"both",-0.0336139943661468,-0.355183323137513
"209","session1",-10.947063524071,7.56017896388979,2.0128796791602,0.000116163791311774,0.334847240726972,0.643519212777289,0.772644553939328,7,1,30,-0.0336139943661468,-0.355183323137513,7,5.74303228775441,1,-4.94146,4423,0.8,0,8,"both",-0.0336139943661468,-0.355183323137513
"210","session1",-10.947063524071,7.56017896388979,2.0128796791602,0.000116163791311774,0.334847240726972,0.643519212777289,0.772644553939328,7,1,30,-0.0336139943661468,-0.355183323137513,7,3.73172398863589,1,-1.95241,4423,0.8,0,8,"both",-0.0336139943661468,-0.355183323137513
"211","session1",-3.1579132234238,15.5886861360477,1.9275774364899,0.00197284813668686,0.580939759572224,0.486624283944352,0.353838567642083,8,1,30,-0.0336139943661468,-0.355183323137513,8,2.3076910115419,0,-9.75200048329,4423,0.8,0,8,"both",-0.0336139943661468,-0.355183323137513
"212","session1",-3.1579132234238,15.5886861360477,1.9275774364899,0.00197284813668686,0.580939759572224,0.486624283944352,0.353838567642083,8,1,30,-0.0336139943661468,-0.355183323137513,8,4.49393045022502,1,6.380173476,4423,0.8,0,8,"both",-0.0336139943661468,-0.355183323137513
"213","session1",-3.1579132234238,15.5886861360477,1.9275774364899,0.00197284813668686,0.580939759572224,0.486624283944352,0.353838567642083,8,1,30,-0.0336139943661468,-0.355183323137513,8,1.94995218802793,0,-2.4211173214,4423,0.8,0,8,"both",-0.0336139943661468,-0.355183323137513
"214","session1",-3.1579132234238,15.5886861360477,1.9275774364899,0.00197284813668686,0.580939759572224,0.486624283944352,0.353838567642083,8,1,30,-0.0336139943661468,-0.355183323137513,8,1.52777017035975,1,2.322979172607,4423,0.8,0,8,"both",-0.0336139943661468,-0.355183323137513
"215","session1",-3.1579132234238,15.5886861360477,1.9275774364899,0.00197284813668686,0.580939759572224,0.486624283944352,0.353838567642083,8,1,30,-0.0336139943661468,-0.355183323137513,8,1.78396121591262,1,-5.96941,4423,0.8,0,8,"both",-0.0336139943661468,-0.355183323137513
"216","session1",-3.1579132234238,15.5886861360477,1.9275774364899,0.00197284813668686,0.580939759572224,0.486624283944352,0.353838567642083,8,1,30,-0.0336139943661468,-0.355183323137513,8,4.57641661211432,1,20.15451,4423,0.8,0,8,"both",-0.0336139943661468,-0.355183323137513
"217","session1",-3.1579132234238,15.5886861360477,1.9275774364899,0.00197284813668686,0.580939759572224,0.486624283944352,0.353838567642083,8,1,30,-0.0336139943661468,-0.355183323137513,8,2.19976989274687,0,-7.26962,4423,0.8,0,8,"both",-0.0336139943661468,-0.355183323137513
"218","session1",-3.1579132234238,15.5886861360477,1.9275774364899,0.00197284813668686,0.580939759572224,0.486624283944352,0.353838567642083,8,1,30,-0.0336139943661468,-0.355183323137513,8,2.50263688568907,0,-4.07283,4423,0.8,0,8,"both",-0.0336139943661468,-0.355183323137513
"219","session1",-3.1579132234238,15.5886861360477,1.9275774364899,0.00197284813668686,0.580939759572224,0.486624283944352,0.353838567642083,8,1,30,-0.0336139943661468,-0.355183323137513,8,4.07161404580366,0,-13.69829,4423,0.8,0,8,"both",-0.0336139943661468,-0.355183323137513
"220","session1",-3.1579132234238,15.5886861360477,1.9275774364899,0.00197284813668686,0.580939759572224,0.486624283944352,0.353838567642083,8,1,30,-0.0336139943661468,-0.355183323137513,8,1.87208346543823,0,1.14489,4423,0.8,0,8,"both",-0.0336139943661468,-0.355183323137513
"221","session1",-3.1579132234238,15.5886861360477,1.9275774364899,0.00197284813668686,0.580939759572224,0.486624283944352,0.353838567642083,8,1,30,-0.0336139943661468,-0.355183323137513,8,3.53350045612152,0,-18.88767,4423,0.8,0,8,"both",-0.0336139943661468,-0.355183323137513
"222","session1",-3.1579132234238,15.5886861360477,1.9275774364899,0.00197284813668686,0.580939759572224,0.486624283944352,0.353838567642083,8,1,30,-0.0336139943661468,-0.355183323137513,8,2.48231075593866,1,2.3790345888,4423,0.8,0,8,"both",-0.0336139943661468,-0.355183323137513
"223","session1",-3.1579132234238,15.5886861360477,1.9275774364899,0.00197284813668686,0.580939759572224,0.486624283944352,0.353838567642083,8,1,30,-0.0336139943661468,-0.355183323137513,8,3.36753942878852,0,-2.00899,4423,0.8,0,8,"both",-0.0336139943661468,-0.355183323137513
"224","session1",-3.1579132234238,15.5886861360477,1.9275774364899,0.00197284813668686,0.580939759572224,0.486624283944352,0.353838567642083,8,1,30,-0.0336139943661468,-0.355183323137513,8,2.52793596046858,1,11.406147,4423,0.8,0,8,"both",-0.0336139943661468,-0.355183323137513
"225","session1",-3.1579132234238,15.5886861360477,1.9275774364899,0.00197284813668686,0.580939759572224,0.486624283944352,0.353838567642083,8,1,30,-0.0336139943661468,-0.355183323137513,8,2.28526561510756,1,21.055263,4423,0.8,0,8,"both",-0.0336139943661468,-0.355183323137513
"226","session1",-3.1579132234238,15.5886861360477,1.9275774364899,0.00197284813668686,0.580939759572224,0.486624283944352,0.353838567642083,8,1,30,-0.0336139943661468,-0.355183323137513,8,2.72380492561426,0,-23.82063,4423,0.8,0,8,"both",-0.0336139943661468,-0.355183323137513
"227","session1",-3.1579132234238,15.5886861360477,1.9275774364899,0.00197284813668686,0.580939759572224,0.486624283944352,0.353838567642083,8,1,30,-0.0336139943661468,-0.355183323137513,8,2.9649021512698,1,4.51703,4423,0.8,0,8,"both",-0.0336139943661468,-0.355183323137513
"228","session1",-3.1579132234238,15.5886861360477,1.9275774364899,0.00197284813668686,0.580939759572224,0.486624283944352,0.353838567642083,8,1,30,-0.0336139943661468,-0.355183323137513,8,1.5149149331281,1,3.06991,4423,0.8,0,8,"both",-0.0336139943661468,-0.355183323137513
"229","session1",-3.1579132234238,15.5886861360477,1.9275774364899,0.00197284813668686,0.580939759572224,0.486624283944352,0.353838567642083,8,1,30,-0.0336139943661468,-0.355183323137513,8,3.0190612717924,0,2.75741,4423,0.8,0,8,"both",-0.0336139943661468,-0.355183323137513
"230","session1",-3.1579132234238,15.5886861360477,1.9275774364899,0.00197284813668686,0.580939759572224,0.486624283944352,0.353838567642083,8,1,30,-0.0336139943661468,-0.355183323137513,8,3.77731865361115,1,-2.14504,4423,0.8,0,8,"both",-0.0336139943661468,-0.355183323137513
"231","session1",-3.1579132234238,15.5886861360477,1.9275774364899,0.00197284813668686,0.580939759572224,0.486624283944352,0.353838567642083,8,1,30,-0.0336139943661468,-0.355183323137513,8,2.57394852987459,1,-3.79978,4423,0.8,0,8,"both",-0.0336139943661468,-0.355183323137513
"232","session1",-3.1579132234238,15.5886861360477,1.9275774364899,0.00197284813668686,0.580939759572224,0.486624283944352,0.353838567642083,8,1,30,-0.0336139943661468,-0.355183323137513,8,4.92863756668666,1,-10.63026,4423,0.8,0,8,"both",-0.0336139943661468,-0.355183323137513
"233","session1",-3.1579132234238,15.5886861360477,1.9275774364899,0.00197284813668686,0.580939759572224,0.486624283944352,0.353838567642083,8,1,30,-0.0336139943661468,-0.355183323137513,8,1.55137483251088,0,8.72414,4423,0.8,0,8,"both",-0.0336139943661468,-0.355183323137513
"234","session1",-3.1579132234238,15.5886861360477,1.9275774364899,0.00197284813668686,0.580939759572224,0.486624283944352,0.353838567642083,8,1,30,-0.0336139943661468,-0.355183323137513,8,2.33401190163177,0,-11.26882,4423,0.8,0,8,"both",-0.0336139943661468,-0.355183323137513
"235","session1",-3.1579132234238,15.5886861360477,1.9275774364899,0.00197284813668686,0.580939759572224,0.486624283944352,0.353838567642083,8,1,30,-0.0336139943661468,-0.355183323137513,8,2.63491440451098,1,-13.06717,4423,0.8,0,8,"both",-0.0336139943661468,-0.355183323137513
"236","session1",-3.1579132234238,15.5886861360477,1.9275774364899,0.00197284813668686,0.580939759572224,0.486624283944352,0.353838567642083,8,1,30,-0.0336139943661468,-0.355183323137513,8,4.31025846030162,1,-3.01353413586,4423,0.8,0,8,"both",-0.0336139943661468,-0.355183323137513
"237","session1",-3.1579132234238,15.5886861360477,1.9275774364899,0.00197284813668686,0.580939759572224,0.486624283944352,0.353838567642083,8,1,30,-0.0336139943661468,-0.355183323137513,8,2.03370838891215,1,-1.64723846977,4423,0.8,0,8,"both",-0.0336139943661468,-0.355183323137513
"238","session1",-3.1579132234238,15.5886861360477,1.9275774364899,0.00197284813668686,0.580939759572224,0.486624283944352,0.353838567642083,8,1,30,-0.0336139943661468,-0.355183323137513,8,8,1,-5.92376615905,4423,0.8,0,8,"both",-0.0336139943661468,-0.355183323137513
"239","session1",-3.1579132234238,15.5886861360477,1.9275774364899,0.00197284813668686,0.580939759572224,0.486624283944352,0.353838567642083,8,1,30,-0.0336139943661468,-0.355183323137513,8,3.5449604632432,1,-6.2196106675,4423,0.8,0,8,"both",-0.0336139943661468,-0.355183323137513
"240","session1",-3.1579132234238,15.5886861360477,1.9275774364899,0.00197284813668686,0.580939759572224,0.486624283944352,0.353838567642083,8,1,30,-0.0336139943661468,-0.355183323137513,8,1.9402035558737,1,28.042787,4423,0.8,0,8,"both",-0.0336139943661468,-0.355183323137513
"241","session2",-42.6960008447311,11.2917736449839,1.72081084520173,0.000194692382843283,0.786837592604751,0.278633362738661,0.214342876310381,1,2,30,-0.0336139943661468,-0.355183323137513,9,4.35431099902105,1,-9.3231867745,4423,0.8,0,8,"both",-0.0336139943661468,-0.355183323137513
"242","session2",-42.6960008447311,11.2917736449839,1.72081084520173,0.000194692382843283,0.786837592604751,0.278633362738661,0.214342876310381,1,2,30,-0.0336139943661468,-0.355183323137513,9,3.14527336950939,1,-9.1035787102,4423,0.8,0,8,"both",-0.0336139943661468,-0.355183323137513
"243","session2",-42.6960008447311,11.2917736449839,1.72081084520173,0.000194692382843283,0.786837592604751,0.278633362738661,0.214342876310381,1,2,30,-0.0336139943661468,-0.355183323137513,9,1.38616211859944,1,-19.434211683492,4423,0.8,0,8,"both",-0.0336139943661468,-0.355183323137513
"244","session2",-42.6960008447311,11.2917736449839,1.72081084520173,0.000194692382843283,0.786837592604751,0.278633362738661,0.214342876310381,1,2,30,-0.0336139943661468,-0.355183323137513,9,3.13000876454276,1,-24.631826112,4423,0.8,0,8,"both",-0.0336139943661468,-0.355183323137513
"245","session2",-42.6960008447311,11.2917736449839,1.72081084520173,0.000194692382843283,0.786837592604751,0.278633362738661,0.214342876310381,1,2,30,-0.0336139943661468,-0.355183323137513,9,3.47990896270961,0,-48.28393,4423,0.8,0,8,"both",-0.0336139943661468,-0.355183323137513
"246","session2",-42.6960008447311,11.2917736449839,1.72081084520173,0.000194692382843283,0.786837592604751,0.278633362738661,0.214342876310381,1,2,30,-0.0336139943661468,-0.355183323137513,9,3.25034799231262,1,-36.1105,4423,0.8,0,8,"both",-0.0336139943661468,-0.355183323137513
"247","session2",-42.6960008447311,11.2917736449839,1.72081084520173,0.000194692382843283,0.786837592604751,0.278633362738661,0.214342876310381,1,2,30,-0.0336139943661468,-0.355183323137513,9,3.75933653880488,1,-35.802547,4423,0.8,0,8,"both",-0.0336139943661468,-0.355183323137513
"248","session2",-42.6960008447311,11.2917736449839,1.72081084520173,0.000194692382843283,0.786837592604751,0.278633362738661,0.214342876310381,1,2,30,-0.0336139943661468,-0.355183323137513,9,4.89631327274891,0,-39.16978,4423,0.8,0,8,"both",-0.0336139943661468,-0.355183323137513
"249","session2",-42.6960008447311,11.2917736449839,1.72081084520173,0.000194692382843283,0.786837592604751,0.278633362738661,0.214342876310381,1,2,30,-0.0336139943661468,-0.355183323137513,9,3.05676066224937,0,-36.915848,4423,0.8,0,8,"both",-0.0336139943661468,-0.355183323137513
"250","session2",-42.6960008447311,11.2917736449839,1.72081084520173,0.000194692382843283,0.786837592604751,0.278633362738661,0.214342876310381,1,2,30,-0.0336139943661468,-0.355183323137513,9,2.25173988377125,1,-27.46819,4423,0.8,0,8,"both",-0.0336139943661468,-0.355183323137513
"251","session2",-42.6960008447311,11.2917736449839,1.72081084520173,0.000194692382843283,0.786837592604751,0.278633362738661,0.214342876310381,1,2,30,-0.0336139943661468,-0.355183323137513,9,3.01365606744455,1,-38.95561,4423,0.8,0,8,"both",-0.0336139943661468,-0.355183323137513
"252","session2",-42.6960008447311,11.2917736449839,1.72081084520173,0.000194692382843283,0.786837592604751,0.278633362738661,0.214342876310381,1,2,30,-0.0336139943661468,-0.355183323137513,9,3.58496277501828,0,-37.3707005,4423,0.8,0,8,"both",-0.0336139943661468,-0.355183323137513
"253","session2",-42.6960008447311,11.2917736449839,1.72081084520173,0.000194692382843283,0.786837592604751,0.278633362738661,0.214342876310381,1,2,30,-0.0336139943661468,-0.355183323137513,9,2.20041804230875,1,-25.63295,4423,0.8,0,8,"both",-0.0336139943661468,-0.355183323137513
"254","session2",-42.6960008447311,11.2917736449839,1.72081084520173,0.000194692382843283,0.786837592604751,0.278633362738661,0.214342876310381,1,2,30,-0.0336139943661468,-0.355183323137513,9,3.74043145616164,1,-36.28236,4423,0.8,0,8,"both",-0.0336139943661468,-0.355183323137513
"255","session2",-42.6960008447311,11.2917736449839,1.72081084520173,0.000194692382843283,0.786837592604751,0.278633362738661,0.214342876310381,1,2,30,-0.0336139943661468,-0.355183323137513,9,3.85450845602143,0,-42.1891,4423,0.8,0,8,"both",-0.0336139943661468,-0.355183323137513
"256","session2",-42.6960008447311,11.2917736449839,1.72081084520173,0.000194692382843283,0.786837592604751,0.278633362738661,0.214342876310381,1,2,30,-0.0336139943661468,-0.355183323137513,9,4.75567460397294,0,-44.61348,4423,0.8,0,8,"both",-0.0336139943661468,-0.355183323137513
"257","session2",-42.6960008447311,11.2917736449839,1.72081084520173,0.000194692382843283,0.786837592604751,0.278633362738661,0.214342876310381,1,2,30,-0.0336139943661468,-0.355183323137513,9,3.80423532515602,1,-35.9296,4423,0.8,0,8,"both",-0.0336139943661468,-0.355183323137513
"258","session2",-42.6960008447311,11.2917736449839,1.72081084520173,0.000194692382843283,0.786837592604751,0.278633362738661,0.214342876310381,1,2,30,-0.0336139943661468,-0.355183323137513,9,4.7583845647134,1,-37.71772,4423,0.8,0,8,"both",-0.0336139943661468,-0.355183323137513
"259","session2",-42.6960008447311,11.2917736449839,1.72081084520173,0.000194692382843283,0.786837592604751,0.278633362738661,0.214342876310381,1,2,30,-0.0336139943661468,-0.355183323137513,9,1.7744850861316,1,-30.00146,4423,0.8,0,8,"both",-0.0336139943661468,-0.355183323137513
"260","session2",-42.6960008447311,11.2917736449839,1.72081084520173,0.000194692382843283,0.786837592604751,0.278633362738661,0.214342876310381,1,2,30,-0.0336139943661468,-0.355183323137513,9,2.75643688328754,1,-35.75859,4423,0.8,0,8,"both",-0.0336139943661468,-0.355183323137513
"261","session2",-42.6960008447311,11.2917736449839,1.72081084520173,0.000194692382843283,0.786837592604751,0.278633362738661,0.214342876310381,1,2,30,-0.0336139943661468,-0.355183323137513,9,2.06741855495973,0,-34.43746,4423,0.8,0,8,"both",-0.0336139943661468,-0.355183323137513
"262","session2",-42.6960008447311,11.2917736449839,1.72081084520173,0.000194692382843283,0.786837592604751,0.278633362738661,0.214342876310381,1,2,30,-0.0336139943661468,-0.355183323137513,9,4.64992975644579,0,-33.20272,4423,0.8,0,8,"both",-0.0336139943661468,-0.355183323137513
"263","session2",-42.6960008447311,11.2917736449839,1.72081084520173,0.000194692382843283,0.786837592604751,0.278633362738661,0.214342876310381,1,2,30,-0.0336139943661468,-0.355183323137513,9,2.57662650934302,1,-36.71617,4423,0.8,0,8,"both",-0.0336139943661468,-0.355183323137513
"264","session2",-42.6960008447311,11.2917736449839,1.72081084520173,0.000194692382843283,0.786837592604751,0.278633362738661,0.214342876310381,1,2,30,-0.0336139943661468,-0.355183323137513,9,2.97486920653085,1,-40.22136,4423,0.8,0,8,"both",-0.0336139943661468,-0.355183323137513
"265","session2",-42.6960008447311,11.2917736449839,1.72081084520173,0.000194692382843283,0.786837592604751,0.278633362738661,0.214342876310381,1,2,30,-0.0336139943661468,-0.355183323137513,9,2.63896355912138,1,-48.56777,4423,0.8,0,8,"both",-0.0336139943661468,-0.355183323137513
"266","session2",-42.6960008447311,11.2917736449839,1.72081084520173,0.000194692382843283,0.786837592604751,0.278633362738661,0.214342876310381,1,2,30,-0.0336139943661468,-0.355183323137513,9,2.29907608633292,1,-20.1154,4423,0.8,0,8,"both",-0.0336139943661468,-0.355183323137513
"267","session2",-42.6960008447311,11.2917736449839,1.72081084520173,0.000194692382843283,0.786837592604751,0.278633362738661,0.214342876310381,1,2,30,-0.0336139943661468,-0.355183323137513,9,2.69004168912469,1,-30.768,4423,0.8,0,8,"both",-0.0336139943661468,-0.355183323137513
"268","session2",-42.6960008447311,11.2917736449839,1.72081084520173,0.000194692382843283,0.786837592604751,0.278633362738661,0.214342876310381,1,2,30,-0.0336139943661468,-0.355183323137513,9,2.51808102597749,1,-18.335,4423,0.8,0,8,"both",-0.0336139943661468,-0.355183323137513
"269","session2",-42.6960008447311,11.2917736449839,1.72081084520173,0.000194692382843283,0.786837592604751,0.278633362738661,0.214342876310381,1,2,30,-0.0336139943661468,-0.355183323137513,9,2.86740805789796,1,-36.39189,4423,0.8,0,8,"both",-0.0336139943661468,-0.355183323137513
"270","session2",-42.6960008447311,11.2917736449839,1.72081084520173,0.000194692382843283,0.786837592604751,0.278633362738661,0.214342876310381,1,2,30,-0.0336139943661468,-0.355183323137513,9,2.61205581774029,1,-9.1518,4423,0.8,0,8,"both",-0.0336139943661468,-0.355183323137513
"271","session2",22.0337666764543,6.18619038048683,2.42287588640856,0.000273263235431224,-0.607859907250028,0.771477870186361,0.943675517460497,2,2,30,-0.0336139943661468,-0.355183323137513,10,1.47616161098985,0,10.9174783124,4423,0.8,0,8,"both",-0.0336139943661468,-0.355183323137513
"272","session2",22.0337666764543,6.18619038048683,2.42287588640856,0.000273263235431224,-0.607859907250028,0.771477870186361,0.943675517460497,2,2,30,-0.0336139943661468,-0.355183323137513,10,2.27620741789121,0,8.8399835022,4423,0.8,0,8,"both",-0.0336139943661468,-0.355183323137513
"273","session2",22.0337666764543,6.18619038048683,2.42287588640856,0.000273263235431224,-0.607859907250028,0.771477870186361,0.943675517460497,2,2,30,-0.0336139943661468,-0.355183323137513,10,1.21886985771843,0,16.608455595,4423,0.8,0,8,"both",-0.0336139943661468,-0.355183323137513
"274","session2",22.0337666764543,6.18619038048683,2.42287588640856,0.000273263235431224,-0.607859907250028,0.771477870186361,0.943675517460497,2,2,30,-0.0336139943661468,-0.355183323137513,10,2.45503074929478,1,24.6953181,4423,0.8,0,8,"both",-0.0336139943661468,-0.355183323137513
"275","session2",22.0337666764543,6.18619038048683,2.42287588640856,0.000273263235431224,-0.607859907250028,0.771477870186361,0.943675517460497,2,2,30,-0.0336139943661468,-0.355183323137513,10,1.47727159717064,0,15.07508,4423,0.8,0,8,"both",-0.0336139943661468,-0.355183323137513
"276","session2",22.0337666764543,6.18619038048683,2.42287588640856,0.000273263235431224,-0.607859907250028,0.771477870186361,0.943675517460497,2,2,30,-0.0336139943661468,-0.355183323137513,10,2.45684311555045,1,20.61764752,4423,0.8,0,8,"both",-0.0336139943661468,-0.355183323137513
"277","session2",22.0337666764543,6.18619038048683,2.42287588640856,0.000273263235431224,-0.607859907250028,0.771477870186361,0.943675517460497,2,2,30,-0.0336139943661468,-0.355183323137513,10,1.07066610968695,1,33.71836,4423,0.8,0,8,"both",-0.0336139943661468,-0.355183323137513
"278","session2",22.0337666764543,6.18619038048683,2.42287588640856,0.000273263235431224,-0.607859907250028,0.771477870186361,0.943675517460497,2,2,30,-0.0336139943661468,-0.355183323137513,10,1.79687196861328,0,19.40129,4423,0.8,0,8,"both",-0.0336139943661468,-0.355183323137513
"279","session2",22.0337666764543,6.18619038048683,2.42287588640856,0.000273263235431224,-0.607859907250028,0.771477870186361,0.943675517460497,2,2,30,-0.0336139943661468,-0.355183323137513,10,1.5257430665785,0,16.54613,4423,0.8,0,8,"both",-0.0336139943661468,-0.355183323137513
"280","session2",22.0337666764543,6.18619038048683,2.42287588640856,0.000273263235431224,-0.607859907250028,0.771477870186361,0.943675517460497,2,2,30,-0.0336139943661468,-0.355183323137513,10,1.61341574792186,0,22.31638,4423,0.8,0,8,"both",-0.0336139943661468,-0.355183323137513
"281","session2",22.0337666764543,6.18619038048683,2.42287588640856,0.000273263235431224,-0.607859907250028,0.771477870186361,0.943675517460497,2,2,30,-0.0336139943661468,-0.355183323137513,10,3.08672204772917,0,-27.9663,4423,0.8,0,8,"both",-0.0336139943661468,-0.355183323137513
"282","session2",22.0337666764543,6.18619038048683,2.42287588640856,0.000273263235431224,-0.607859907250028,0.771477870186361,0.943675517460497,2,2,30,-0.0336139943661468,-0.355183323137513,10,1.32097639245178,1,29.45922,4423,0.8,0,8,"both",-0.0336139943661468,-0.355183323137513
"283","session2",22.0337666764543,6.18619038048683,2.42287588640856,0.000273263235431224,-0.607859907250028,0.771477870186361,0.943675517460497,2,2,30,-0.0336139943661468,-0.355183323137513,10,1.63178883037819,1,34.1918,4423,0.8,0,8,"both",-0.0336139943661468,-0.355183323137513
"284","session2",22.0337666764543,6.18619038048683,2.42287588640856,0.000273263235431224,-0.607859907250028,0.771477870186361,0.943675517460497,2,2,30,-0.0336139943661468,-0.355183323137513,10,1.06306607011668,1,30.61867,4423,0.8,0,8,"both",-0.0336139943661468,-0.355183323137513
"285","session2",22.0337666764543,6.18619038048683,2.42287588640856,0.000273263235431224,-0.607859907250028,0.771477870186361,0.943675517460497,2,2,30,-0.0336139943661468,-0.355183323137513,10,1.23850513474574,1,48.3607,4423,0.8,0,8,"both",-0.0336139943661468,-0.355183323137513
"286","session2",22.0337666764543,6.18619038048683,2.42287588640856,0.000273263235431224,-0.607859907250028,0.771477870186361,0.943675517460497,2,2,30,-0.0336139943661468,-0.355183323137513,10,1.65782055874752,0,17.38504,4423,0.8,0,8,"both",-0.0336139943661468,-0.355183323137513
"287","session2",22.0337666764543,6.18619038048683,2.42287588640856,0.000273263235431224,-0.607859907250028,0.771477870186361,0.943675517460497,2,2,30,-0.0336139943661468,-0.355183323137513,10,1.15112527921483,0,12.34536,4423,0.8,0,8,"both",-0.0336139943661468,-0.355183323137513
"288","session2",22.0337666764543,6.18619038048683,2.42287588640856,0.000273263235431224,-0.607859907250028,0.771477870186361,0.943675517460497,2,2,30,-0.0336139943661468,-0.355183323137513,10,1.64630330041761,1,18.19917,4423,0.8,0,8,"both",-0.0336139943661468,-0.355183323137513
"289","session2",22.0337666764543,6.18619038048683,2.42287588640856,0.000273263235431224,-0.607859907250028,0.771477870186361,0.943675517460497,2,2,30,-0.0336139943661468,-0.355183323137513,10,1.81954815270192,0,20.76116,4423,0.8,0,8,"both",-0.0336139943661468,-0.355183323137513
"290","session2",22.0337666764543,6.18619038048683,2.42287588640856,0.000273263235431224,-0.607859907250028,0.771477870186361,0.943675517460497,2,2,30,-0.0336139943661468,-0.355183323137513,10,1.8262851278416,1,18.82583,4423,0.8,0,8,"both",-0.0336139943661468,-0.355183323137513
"291","session2",22.0337666764543,6.18619038048683,2.42287588640856,0.000273263235431224,-0.607859907250028,0.771477870186361,0.943675517460497,2,2,30,-0.0336139943661468,-0.355183323137513,10,2.75095532714018,1,21.78899,4423,0.8,0,8,"both",-0.0336139943661468,-0.355183323137513
"292","session2",22.0337666764543,6.18619038048683,2.42287588640856,0.000273263235431224,-0.607859907250028,0.771477870186361,0.943675517460497,2,2,30,-0.0336139943661468,-0.355183323137513,10,1.9196392395463,0,12.8759,4423,0.8,0,8,"both",-0.0336139943661468,-0.355183323137513
"293","session2",22.0337666764543,6.18619038048683,2.42287588640856,0.000273263235431224,-0.607859907250028,0.771477870186361,0.943675517460497,2,2,30,-0.0336139943661468,-0.355183323137513,10,1.21237592825595,0,5.6438,4423,0.8,0,8,"both",-0.0336139943661468,-0.355183323137513
"294","session2",22.0337666764543,6.18619038048683,2.42287588640856,0.000273263235431224,-0.607859907250028,0.771477870186361,0.943675517460497,2,2,30,-0.0336139943661468,-0.355183323137513,10,1.43412531327519,0,14.52727,4423,0.8,0,8,"both",-0.0336139943661468,-0.355183323137513
"295","session2",22.0337666764543,6.18619038048683,2.42287588640856,0.000273263235431224,-0.607859907250028,0.771477870186361,0.943675517460497,2,2,30,-0.0336139943661468,-0.355183323137513,10,2.01760974122895,0,22.05797,4423,0.8,0,8,"both",-0.0336139943661468,-0.355183323137513
"296","session2",22.0337666764543,6.18619038048683,2.42287588640856,0.000273263235431224,-0.607859907250028,0.771477870186361,0.943675517460497,2,2,30,-0.0336139943661468,-0.355183323137513,10,1.42664104797607,1,27.34134,4423,0.8,0,8,"both",-0.0336139943661468,-0.355183323137513
"297","session2",22.0337666764543,6.18619038048683,2.42287588640856,0.000273263235431224,-0.607859907250028,0.771477870186361,0.943675517460497,2,2,30,-0.0336139943661468,-0.355183323137513,10,2.00430929536659,1,30.74224,4423,0.8,0,8,"both",-0.0336139943661468,-0.355183323137513
"298","session2",22.0337666764543,6.18619038048683,2.42287588640856,0.000273263235431224,-0.607859907250028,0.771477870186361,0.943675517460497,2,2,30,-0.0336139943661468,-0.355183323137513,10,1.97551166371291,1,20.86997,4423,0.8,0,8,"both",-0.0336139943661468,-0.355183323137513
"299","session2",22.0337666764543,6.18619038048683,2.42287588640856,0.000273263235431224,-0.607859907250028,0.771477870186361,0.943675517460497,2,2,30,-0.0336139943661468,-0.355183323137513,10,1.35314938899161,0,27.37258,4423,0.8,0,8,"both",-0.0336139943661468,-0.355183323137513
"300","session2",22.0337666764543,6.18619038048683,2.42287588640856,0.000273263235431224,-0.607859907250028,0.771477870186361,0.943675517460497,2,2,30,-0.0336139943661468,-0.355183323137513,10,1.47130520530583,0,17.94355,4423,0.8,0,8,"both",-0.0336139943661468,-0.355183323137513
"301","session2",4.97045389657365,17.7957908709235,1.39832153804436,0.000108122593776357,0.37242743195321,0.35782217952186,0.462220399948572,3,2,30,-0.0336139943661468,-0.355183323137513,11,2.95108907563261,1,-7.4414140684,4423,0.8,0,8,"both",-0.0336139943661468,-0.355183323137513
"302","session2",4.97045389657365,17.7957908709235,1.39832153804436,0.000108122593776357,0.37242743195321,0.35782217952186,0.462220399948572,3,2,30,-0.0336139943661468,-0.355183323137513,11,1.77944725662011,0,-10.506681935,4423,0.8,0,8,"both",-0.0336139943661468,-0.355183323137513
"303","session2",4.97045389657365,17.7957908709235,1.39832153804436,0.000108122593776357,0.37242743195321,0.35782217952186,0.462220399948572,3,2,30,-0.0336139943661468,-0.355183323137513,11,2.09344918677596,0,-3.0386479877,4423,0.8,0,8,"both",-0.0336139943661468,-0.355183323137513
"304","session2",4.97045389657365,17.7957908709235,1.39832153804436,0.000108122593776357,0.37242743195321,0.35782217952186,0.462220399948572,3,2,30,-0.0336139943661468,-0.355183323137513,11,2.32939788679165,0,3.92773739286,4423,0.8,0,8,"both",-0.0336139943661468,-0.355183323137513
"305","session2",4.97045389657365,17.7957908709235,1.39832153804436,0.000108122593776357,0.37242743195321,0.35782217952186,0.462220399948572,3,2,30,-0.0336139943661468,-0.355183323137513,11,1.63314361970954,1,37.60332,4423,0.8,0,8,"both",-0.0336139943661468,-0.355183323137513
"306","session2",4.97045389657365,17.7957908709235,1.39832153804436,0.000108122593776357,0.37242743195321,0.35782217952186,0.462220399948572,3,2,30,-0.0336139943661468,-0.355183323137513,11,2.4194199258663,0,19.12247,4423,0.8,0,8,"both",-0.0336139943661468,-0.355183323137513
"307","session2",4.97045389657365,17.7957908709235,1.39832153804436,0.000108122593776357,0.37242743195321,0.35782217952186,0.462220399948572,3,2,30,-0.0336139943661468,-0.355183323137513,11,4.40541947993929,1,18.7435,4423,0.8,0,8,"both",-0.0336139943661468,-0.355183323137513
"308","session2",4.97045389657365,17.7957908709235,1.39832153804436,0.000108122593776357,0.37242743195321,0.35782217952186,0.462220399948572,3,2,30,-0.0336139943661468,-0.355183323137513,11,2.03833388639324,1,7.7979,4423,0.8,0,8,"both",-0.0336139943661468,-0.355183323137513
"309","session2",4.97045389657365,17.7957908709235,1.39832153804436,0.000108122593776357,0.37242743195321,0.35782217952186,0.462220399948572,3,2,30,-0.0336139943661468,-0.355183323137513,11,6.79635766725584,0,1.698526419,4423,0.8,0,8,"both",-0.0336139943661468,-0.355183323137513
"310","session2",4.97045389657365,17.7957908709235,1.39832153804436,0.000108122593776357,0.37242743195321,0.35782217952186,0.462220399948572,3,2,30,-0.0336139943661468,-0.355183323137513,11,1.52457932354959,0,8.26515,4423,0.8,0,8,"both",-0.0336139943661468,-0.355183323137513
"311","session2",4.97045389657365,17.7957908709235,1.39832153804436,0.000108122593776357,0.37242743195321,0.35782217952186,0.462220399948572,3,2,30,-0.0336139943661468,-0.355183323137513,11,2.08089716595985,1,21.01135,4423,0.8,0,8,"both",-0.0336139943661468,-0.355183323137513
"312","session2",4.97045389657365,17.7957908709235,1.39832153804436,0.000108122593776357,0.37242743195321,0.35782217952186,0.462220399948572,3,2,30,-0.0336139943661468,-0.355183323137513,11,2.37400684381108,0,7.80174,4423,0.8,0,8,"both",-0.0336139943661468,-0.355183323137513
"313","session2",4.97045389657365,17.7957908709235,1.39832153804436,0.000108122593776357,0.37242743195321,0.35782217952186,0.462220399948572,3,2,30,-0.0336139943661468,-0.355183323137513,11,2.53523040032857,0,8.0165,4423,0.8,0,8,"both",-0.0336139943661468,-0.355183323137513
"314","session2",4.97045389657365,17.7957908709235,1.39832153804436,0.000108122593776357,0.37242743195321,0.35782217952186,0.462220399948572,3,2,30,-0.0336139943661468,-0.355183323137513,11,0.983254820169022,1,15.162248864374,4423,0.8,0,8,"both",-0.0336139943661468,-0.355183323137513
"315","session2",4.97045389657365,17.7957908709235,1.39832153804436,0.000108122593776357,0.37242743195321,0.35782217952186,0.462220399948572,3,2,30,-0.0336139943661468,-0.355183323137513,11,3.60233771434331,1,11.624360385,4423,0.8,0,8,"both",-0.0336139943661468,-0.355183323137513
"316","session2",4.97045389657365,17.7957908709235,1.39832153804436,0.000108122593776357,0.37242743195321,0.35782217952186,0.462220399948572,3,2,30,-0.0336139943661468,-0.355183323137513,11,2.06288540930806,0,-24.6318,4423,0.8,0,8,"both",-0.0336139943661468,-0.355183323137513
"317","session2",4.97045389657365,17.7957908709235,1.39832153804436,0.000108122593776357,0.37242743195321,0.35782217952186,0.462220399948572,3,2,30,-0.0336139943661468,-0.355183323137513,11,2.64552927828535,1,1.49554,4423,0.8,0,8,"both",-0.0336139943661468,-0.355183323137513
"318","session2",4.97045389657365,17.7957908709235,1.39832153804436,0.000108122593776357,0.37242743195321,0.35782217952186,0.462220399948572,3,2,30,-0.0336139943661468,-0.355183323137513,11,2.15427225060333,1,8.13355376981,4423,0.8,0,8,"both",-0.0336139943661468,-0.355183323137513
"319","session2",4.97045389657365,17.7957908709235,1.39832153804436,0.000108122593776357,0.37242743195321,0.35782217952186,0.462220399948572,3,2,30,-0.0336139943661468,-0.355183323137513,11,2.38233813602618,1,19.86907,4423,0.8,0,8,"both",-0.0336139943661468,-0.355183323137513
"320","session2",4.97045389657365,17.7957908709235,1.39832153804436,0.000108122593776357,0.37242743195321,0.35782217952186,0.462220399948572,3,2,30,-0.0336139943661468,-0.355183323137513,11,1.93455651865177,0,-8.4571,4423,0.8,0,8,"both",-0.0336139943661468,-0.355183323137513
"321","session2",4.97045389657365,17.7957908709235,1.39832153804436,0.000108122593776357,0.37242743195321,0.35782217952186,0.462220399948572,3,2,30,-0.0336139943661468,-0.355183323137513,11,2.49088442173909,0,5.8558386181,4423,0.8,0,8,"both",-0.0336139943661468,-0.355183323137513
"322","session2",4.97045389657365,17.7957908709235,1.39832153804436,0.000108122593776357,0.37242743195321,0.35782217952186,0.462220399948572,3,2,30,-0.0336139943661468,-0.355183323137513,11,1.26335832278711,1,45.72353,4423,0.8,0,8,"both",-0.0336139943661468,-0.355183323137513
"323","session2",4.97045389657365,17.7957908709235,1.39832153804436,0.000108122593776357,0.37242743195321,0.35782217952186,0.462220399948572,3,2,30,-0.0336139943661468,-0.355183323137513,11,1.60999017763198,0,-10.13125,4423,0.8,0,8,"both",-0.0336139943661468,-0.355183323137513
"324","session2",4.97045389657365,17.7957908709235,1.39832153804436,0.000108122593776357,0.37242743195321,0.35782217952186,0.462220399948572,3,2,30,-0.0336139943661468,-0.355183323137513,11,3.16002596995501,0,-19.04984,4423,0.8,0,8,"both",-0.0336139943661468,-0.355183323137513
"325","session2",4.97045389657365,17.7957908709235,1.39832153804436,0.000108122593776357,0.37242743195321,0.35782217952186,0.462220399948572,3,2,30,-0.0336139943661468,-0.355183323137513,11,1.82976103081683,0,-28.68949,4423,0.8,0,8,"both",-0.0336139943661468,-0.355183323137513
"326","session2",4.97045389657365,17.7957908709235,1.39832153804436,0.000108122593776357,0.37242743195321,0.35782217952186,0.462220399948572,3,2,30,-0.0336139943661468,-0.355183323137513,11,2.04382516225549,1,26.03554,4423,0.8,0,8,"both",-0.0336139943661468,-0.355183323137513
"327","session2",4.97045389657365,17.7957908709235,1.39832153804436,0.000108122593776357,0.37242743195321,0.35782217952186,0.462220399948572,3,2,30,-0.0336139943661468,-0.355183323137513,11,1.43444907123355,0,6.21763,4423,0.8,0,8,"both",-0.0336139943661468,-0.355183323137513
"328","session2",4.97045389657365,17.7957908709235,1.39832153804436,0.000108122593776357,0.37242743195321,0.35782217952186,0.462220399948572,3,2,30,-0.0336139943661468,-0.355183323137513,11,2.98934734827945,1,15.36904,4423,0.8,0,8,"both",-0.0336139943661468,-0.355183323137513
"329","session2",4.97045389657365,17.7957908709235,1.39832153804436,0.000108122593776357,0.37242743195321,0.35782217952186,0.462220399948572,3,2,30,-0.0336139943661468,-0.355183323137513,11,0.988990299966644,0,8.7469045422,4423,0.8,0,8,"both",-0.0336139943661468,-0.355183323137513
"330","session2",4.97045389657365,17.7957908709235,1.39832153804436,0.000108122593776357,0.37242743195321,0.35782217952186,0.462220399948572,3,2,30,-0.0336139943661468,-0.355183323137513,11,1.8414413786978,0,1.05758,4423,0.8,0,8,"both",-0.0336139943661468,-0.355183323137513
"331","session2",-14.719327173795,21.1923420358747,1.97826893668265,3.01077539683682e-05,0.167067585196894,0.409431542510632,0.547699535078897,4,2,30,-0.0336139943661468,-0.355183323137513,12,4.1637330068603,1,-9.97160509226,4423,0.8,0,8,"both",-0.0336139943661468,-0.355183323137513
"332","session2",-14.719327173795,21.1923420358747,1.97826893668265,3.01077539683682e-05,0.167067585196894,0.409431542510632,0.547699535078897,4,2,30,-0.0336139943661468,-0.355183323137513,12,2.09618451268738,0,-7.66356134188,4423,0.8,0,8,"both",-0.0336139943661468,-0.355183323137513
"333","session2",-14.719327173795,21.1923420358747,1.97826893668265,3.01077539683682e-05,0.167067585196894,0.409431542510632,0.547699535078897,4,2,30,-0.0336139943661468,-0.355183323137513,12,3.4176747214227,1,0.02312425042,4423,0.8,0,8,"both",-0.0336139943661468,-0.355183323137513
"334","session2",-14.719327173795,21.1923420358747,1.97826893668265,3.01077539683682e-05,0.167067585196894,0.409431542510632,0.547699535078897,4,2,30,-0.0336139943661468,-0.355183323137513,12,3.80072211408063,1,-4.2759732943,4423,0.8,0,8,"both",-0.0336139943661468,-0.355183323137513
"335","session2",-14.719327173795,21.1923420358747,1.97826893668265,3.01077539683682e-05,0.167067585196894,0.409431542510632,0.547699535078897,4,2,30,-0.0336139943661468,-0.355183323137513,12,1.77798458097383,1,-9.88089,4423,0.8,0,8,"both",-0.0336139943661468,-0.355183323137513
"336","session2",-14.719327173795,21.1923420358747,1.97826893668265,3.01077539683682e-05,0.167067585196894,0.409431542510632,0.547699535078897,4,2,30,-0.0336139943661468,-0.355183323137513,12,3.07625328284847,1,-15.62865,4423,0.8,0,8,"both",-0.0336139943661468,-0.355183323137513
"337","session2",-14.719327173795,21.1923420358747,1.97826893668265,3.01077539683682e-05,0.167067585196894,0.409431542510632,0.547699535078897,4,2,30,-0.0336139943661468,-0.355183323137513,12,2.61900800373158,0,-12.69145,4423,0.8,0,8,"both",-0.0336139943661468,-0.355183323137513
"338","session2",-14.719327173795,21.1923420358747,1.97826893668265,3.01077539683682e-05,0.167067585196894,0.409431542510632,0.547699535078897,4,2,30,-0.0336139943661468,-0.355183323137513,12,2.30774687089856,0,-15.1223168237,4423,0.8,0,8,"both",-0.0336139943661468,-0.355183323137513
"339","session2",-14.719327173795,21.1923420358747,1.97826893668265,3.01077539683682e-05,0.167067585196894,0.409431542510632,0.547699535078897,4,2,30,-0.0336139943661468,-0.355183323137513,12,1.87877854287632,0,-8.478603566,4423,0.8,0,8,"both",-0.0336139943661468,-0.355183323137513
"340","session2",-14.719327173795,21.1923420358747,1.97826893668265,3.01077539683682e-05,0.167067585196894,0.409431542510632,0.547699535078897,4,2,30,-0.0336139943661468,-0.355183323137513,12,1.36300600906682,1,-18.17054,4423,0.8,0,8,"both",-0.0336139943661468,-0.355183323137513
"341","session2",-14.719327173795,21.1923420358747,1.97826893668265,3.01077539683682e-05,0.167067585196894,0.409431542510632,0.547699535078897,4,2,30,-0.0336139943661468,-0.355183323137513,12,2.43614440310282,1,-2.695128,4423,0.8,0,8,"both",-0.0336139943661468,-0.355183323137513
"342","session2",-14.719327173795,21.1923420358747,1.97826893668265,3.01077539683682e-05,0.167067585196894,0.409431542510632,0.547699535078897,4,2,30,-0.0336139943661468,-0.355183323137513,12,3.12780249585738,0,-30.93359,4423,0.8,0,8,"both",-0.0336139943661468,-0.355183323137513
"343","session2",-14.719327173795,21.1923420358747,1.97826893668265,3.01077539683682e-05,0.167067585196894,0.409431542510632,0.547699535078897,4,2,30,-0.0336139943661468,-0.355183323137513,12,2.50756235009518,1,-10.7649905903,4423,0.8,0,8,"both",-0.0336139943661468,-0.355183323137513
"344","session2",-14.719327173795,21.1923420358747,1.97826893668265,3.01077539683682e-05,0.167067585196894,0.409431542510632,0.547699535078897,4,2,30,-0.0336139943661468,-0.355183323137513,12,2.19516968341992,0,-45.70812,4423,0.8,0,8,"both",-0.0336139943661468,-0.355183323137513
"345","session2",-14.719327173795,21.1923420358747,1.97826893668265,3.01077539683682e-05,0.167067585196894,0.409431542510632,0.547699535078897,4,2,30,-0.0336139943661468,-0.355183323137513,12,3.11638222787904,0,-13.96806,4423,0.8,0,8,"both",-0.0336139943661468,-0.355183323137513
"346","session2",-14.719327173795,21.1923420358747,1.97826893668265,3.01077539683682e-05,0.167067585196894,0.409431542510632,0.547699535078897,4,2,30,-0.0336139943661468,-0.355183323137513,12,3.1559070678849,1,-20.15017,4423,0.8,0,8,"both",-0.0336139943661468,-0.355183323137513
"347","session2",-14.719327173795,21.1923420358747,1.97826893668265,3.01077539683682e-05,0.167067585196894,0.409431542510632,0.547699535078897,4,2,30,-0.0336139943661468,-0.355183323137513,12,2.2248508710887,0,-20.21878,4423,0.8,0,8,"both",-0.0336139943661468,-0.355183323137513
"348","session2",-14.719327173795,21.1923420358747,1.97826893668265,3.01077539683682e-05,0.167067585196894,0.409431542510632,0.547699535078897,4,2,30,-0.0336139943661468,-0.355183323137513,12,2.72399394250051,0,-23.5251,4423,0.8,0,8,"both",-0.0336139943661468,-0.355183323137513
"349","session2",-14.719327173795,21.1923420358747,1.97826893668265,3.01077539683682e-05,0.167067585196894,0.409431542510632,0.547699535078897,4,2,30,-0.0336139943661468,-0.355183323137513,12,1.69877007441064,1,49.9335,4423,0.8,0,8,"both",-0.0336139943661468,-0.355183323137513
"350","session2",-14.719327173795,21.1923420358747,1.97826893668265,3.01077539683682e-05,0.167067585196894,0.409431542510632,0.547699535078897,4,2,30,-0.0336139943661468,-0.355183323137513,12,1.89763812530439,1,-0.329400000000001,4423,0.8,0,8,"both",-0.0336139943661468,-0.355183323137513
"351","session2",-14.719327173795,21.1923420358747,1.97826893668265,3.01077539683682e-05,0.167067585196894,0.409431542510632,0.547699535078897,4,2,30,-0.0336139943661468,-0.355183323137513,12,3.87088696520621,0,-32.9991,4423,0.8,0,8,"both",-0.0336139943661468,-0.355183323137513
"352","session2",-14.719327173795,21.1923420358747,1.97826893668265,3.01077539683682e-05,0.167067585196894,0.409431542510632,0.547699535078897,4,2,30,-0.0336139943661468,-0.355183323137513,12,3.59474691478582,0,-10.84026,4423,0.8,0,8,"both",-0.0336139943661468,-0.355183323137513
"353","session2",-14.719327173795,21.1923420358747,1.97826893668265,3.01077539683682e-05,0.167067585196894,0.409431542510632,0.547699535078897,4,2,30,-0.0336139943661468,-0.355183323137513,12,2.14984778460013,0,-7.238,4423,0.8,0,8,"both",-0.0336139943661468,-0.355183323137513
"354","session2",-14.719327173795,21.1923420358747,1.97826893668265,3.01077539683682e-05,0.167067585196894,0.409431542510632,0.547699535078897,4,2,30,-0.0336139943661468,-0.355183323137513,12,2.55939695348098,0,-23.81124,4423,0.8,0,8,"both",-0.0336139943661468,-0.355183323137513
"355","session2",-14.719327173795,21.1923420358747,1.97826893668265,3.01077539683682e-05,0.167067585196894,0.409431542510632,0.547699535078897,4,2,30,-0.0336139943661468,-0.355183323137513,12,1.27170155826037,1,-12.04477,4423,0.8,0,8,"both",-0.0336139943661468,-0.355183323137513
"356","session2",-14.719327173795,21.1923420358747,1.97826893668265,3.01077539683682e-05,0.167067585196894,0.409431542510632,0.547699535078897,4,2,30,-0.0336139943661468,-0.355183323137513,12,1.74262707203289,1,4.03893,4423,0.8,0,8,"both",-0.0336139943661468,-0.355183323137513
"357","session2",-14.719327173795,21.1923420358747,1.97826893668265,3.01077539683682e-05,0.167067585196894,0.409431542510632,0.547699535078897,4,2,30,-0.0336139943661468,-0.355183323137513,12,1.46961360125437,0,-18.24543,4423,0.8,0,8,"both",-0.0336139943661468,-0.355183323137513
"358","session2",-14.719327173795,21.1923420358747,1.97826893668265,3.01077539683682e-05,0.167067585196894,0.409431542510632,0.547699535078897,4,2,30,-0.0336139943661468,-0.355183323137513,12,2.02376684979808,1,14.9339,4423,0.8,0,8,"both",-0.0336139943661468,-0.355183323137513
"359","session2",-14.719327173795,21.1923420358747,1.97826893668265,3.01077539683682e-05,0.167067585196894,0.409431542510632,0.547699535078897,4,2,30,-0.0336139943661468,-0.355183323137513,12,1.6700205861143,0,-1.40576,4423,0.8,0,8,"both",-0.0336139943661468,-0.355183323137513
"360","session2",-14.719327173795,21.1923420358747,1.97826893668265,3.01077539683682e-05,0.167067585196894,0.409431542510632,0.547699535078897,4,2,30,-0.0336139943661468,-0.355183323137513,12,2.42592702539525,1,-18.32311,4423,0.8,0,8,"both",-0.0336139943661468,-0.355183323137513
"361","session2",-15.2020906904953,6.67497828217404,1.76995206816747,1.13029078882238e-05,0.221643663596168,0.432489967108435,0.680699466298713,5,2,30,-0.0336139943661468,-0.355183323137513,13,5.99474207070334,1,-12.25882642631,4423,0.8,0,8,"both",-0.0336139943661468,-0.355183323137513
"362","session2",-15.2020906904953,6.67497828217404,1.76995206816747,1.13029078882238e-05,0.221643663596168,0.432489967108435,0.680699466298713,5,2,30,-0.0336139943661468,-0.355183323137513,13,2.54768533594709,1,-11.5734180439,4423,0.8,0,8,"both",-0.0336139943661468,-0.355183323137513
"363","session2",-15.2020906904953,6.67497828217404,1.76995206816747,1.13029078882238e-05,0.221643663596168,0.432489967108435,0.680699466298713,5,2,30,-0.0336139943661468,-0.355183323137513,13,2.47394252453199,0,-18.7443200736,4423,0.8,0,8,"both",-0.0336139943661468,-0.355183323137513
"364","session2",-15.2020906904953,6.67497828217404,1.76995206816747,1.13029078882238e-05,0.221643663596168,0.432489967108435,0.680699466298713,5,2,30,-0.0336139943661468,-0.355183323137513,13,2.49227902443292,1,-11.7072840764,4423,0.8,0,8,"both",-0.0336139943661468,-0.355183323137513
"365","session2",-15.2020906904953,6.67497828217404,1.76995206816747,1.13029078882238e-05,0.221643663596168,0.432489967108435,0.680699466298713,5,2,30,-0.0336139943661468,-0.355183323137513,13,1.88845746360111,0,-15.777627248,4423,0.8,0,8,"both",-0.0336139943661468,-0.355183323137513
"366","session2",-15.2020906904953,6.67497828217404,1.76995206816747,1.13029078882238e-05,0.221643663596168,0.432489967108435,0.680699466298713,5,2,30,-0.0336139943661468,-0.355183323137513,13,1.79480193130294,0,-14.311800007,4423,0.8,0,8,"both",-0.0336139943661468,-0.355183323137513
"367","session2",-15.2020906904953,6.67497828217404,1.76995206816747,1.13029078882238e-05,0.221643663596168,0.432489967108435,0.680699466298713,5,2,30,-0.0336139943661468,-0.355183323137513,13,2.55445486222308,1,-1.695,4423,0.8,0,8,"both",-0.0336139943661468,-0.355183323137513
"368","session2",-15.2020906904953,6.67497828217404,1.76995206816747,1.13029078882238e-05,0.221643663596168,0.432489967108435,0.680699466298713,5,2,30,-0.0336139943661468,-0.355183323137513,13,2.16167869636153,1,-7.99183,4423,0.8,0,8,"both",-0.0336139943661468,-0.355183323137513
"369","session2",-15.2020906904953,6.67497828217404,1.76995206816747,1.13029078882238e-05,0.221643663596168,0.432489967108435,0.680699466298713,5,2,30,-0.0336139943661468,-0.355183323137513,13,3.51353701526291,0,-14.66148,4423,0.8,0,8,"both",-0.0336139943661468,-0.355183323137513
"370","session2",-15.2020906904953,6.67497828217404,1.76995206816747,1.13029078882238e-05,0.221643663596168,0.432489967108435,0.680699466298713,5,2,30,-0.0336139943661468,-0.355183323137513,13,1.70408622139602,1,-3.6828,4423,0.8,0,8,"both",-0.0336139943661468,-0.355183323137513
"371","session2",-15.2020906904953,6.67497828217404,1.76995206816747,1.13029078882238e-05,0.221643663596168,0.432489967108435,0.680699466298713,5,2,30,-0.0336139943661468,-0.355183323137513,13,2.89531798463106,1,-12.00866,4423,0.8,0,8,"both",-0.0336139943661468,-0.355183323137513
"372","session2",-15.2020906904953,6.67497828217404,1.76995206816747,1.13029078882238e-05,0.221643663596168,0.432489967108435,0.680699466298713,5,2,30,-0.0336139943661468,-0.355183323137513,13,2.36161546259972,1,-11.3453,4423,0.8,0,8,"both",-0.0336139943661468,-0.355183323137513
"373","session2",-15.2020906904953,6.67497828217404,1.76995206816747,1.13029078882238e-05,0.221643663596168,0.432489967108435,0.680699466298713,5,2,30,-0.0336139943661468,-0.355183323137513,13,2.5688784927617,0,-11.57894,4423,0.8,0,8,"both",-0.0336139943661468,-0.355183323137513
"374","session2",-15.2020906904953,6.67497828217404,1.76995206816747,1.13029078882238e-05,0.221643663596168,0.432489967108435,0.680699466298713,5,2,30,-0.0336139943661468,-0.355183323137513,13,3.02939959256458,0,-13.28836,4423,0.8,0,8,"both",-0.0336139943661468,-0.355183323137513
"375","session2",-15.2020906904953,6.67497828217404,1.76995206816747,1.13029078882238e-05,0.221643663596168,0.432489967108435,0.680699466298713,5,2,30,-0.0336139943661468,-0.355183323137513,13,5.69988347699953,0,-11.67932,4423,0.8,0,8,"both",-0.0336139943661468,-0.355183323137513
"376","session2",-15.2020906904953,6.67497828217404,1.76995206816747,1.13029078882238e-05,0.221643663596168,0.432489967108435,0.680699466298713,5,2,30,-0.0336139943661468,-0.355183323137513,13,3.06533377689703,0,-16.06004,4423,0.8,0,8,"both",-0.0336139943661468,-0.355183323137513
"377","session2",-15.2020906904953,6.67497828217404,1.76995206816747,1.13029078882238e-05,0.221643663596168,0.432489967108435,0.680699466298713,5,2,30,-0.0336139943661468,-0.355183323137513,13,1.81050183539592,0,-16.37317,4423,0.8,0,8,"both",-0.0336139943661468,-0.355183323137513
"378","session2",-15.2020906904953,6.67497828217404,1.76995206816747,1.13029078882238e-05,0.221643663596168,0.432489967108435,0.680699466298713,5,2,30,-0.0336139943661468,-0.355183323137513,13,1.62762041112869,1,-12.42593,4423,0.8,0,8,"both",-0.0336139943661468,-0.355183323137513
"379","session2",-15.2020906904953,6.67497828217404,1.76995206816747,1.13029078882238e-05,0.221643663596168,0.432489967108435,0.680699466298713,5,2,30,-0.0336139943661468,-0.355183323137513,13,3.4139298508284,1,-16.99733,4423,0.8,0,8,"both",-0.0336139943661468,-0.355183323137513
"380","session2",-15.2020906904953,6.67497828217404,1.76995206816747,1.13029078882238e-05,0.221643663596168,0.432489967108435,0.680699466298713,5,2,30,-0.0336139943661468,-0.355183323137513,13,1.81933908364677,0,-13.55215,4423,0.8,0,8,"both",-0.0336139943661468,-0.355183323137513
"381","session2",-15.2020906904953,6.67497828217404,1.76995206816747,1.13029078882238e-05,0.221643663596168,0.432489967108435,0.680699466298713,5,2,30,-0.0336139943661468,-0.355183323137513,13,2.40858724094008,0,-23.08405,4423,0.8,0,8,"both",-0.0336139943661468,-0.355183323137513
"382","session2",-15.2020906904953,6.67497828217404,1.76995206816747,1.13029078882238e-05,0.221643663596168,0.432489967108435,0.680699466298713,5,2,30,-0.0336139943661468,-0.355183323137513,13,5.34937852260258,0,-12.87675,4423,0.8,0,8,"both",-0.0336139943661468,-0.355183323137513
"383","session2",-15.2020906904953,6.67497828217404,1.76995206816747,1.13029078882238e-05,0.221643663596168,0.432489967108435,0.680699466298713,5,2,30,-0.0336139943661468,-0.355183323137513,13,1.92659512501123,1,-8.90778,4423,0.8,0,8,"both",-0.0336139943661468,-0.355183323137513
"384","session2",-15.2020906904953,6.67497828217404,1.76995206816747,1.13029078882238e-05,0.221643663596168,0.432489967108435,0.680699466298713,5,2,30,-0.0336139943661468,-0.355183323137513,13,1.92014217638465,1,-8.91869,4423,0.8,0,8,"both",-0.0336139943661468,-0.355183323137513
"385","session2",-15.2020906904953,6.67497828217404,1.76995206816747,1.13029078882238e-05,0.221643663596168,0.432489967108435,0.680699466298713,5,2,30,-0.0336139943661468,-0.355183323137513,13,2.35694493110164,0,-15.41367,4423,0.8,0,8,"both",-0.0336139943661468,-0.355183323137513
"386","session2",-15.2020906904953,6.67497828217404,1.76995206816747,1.13029078882238e-05,0.221643663596168,0.432489967108435,0.680699466298713,5,2,30,-0.0336139943661468,-0.355183323137513,13,2.33686770449383,0,-21.48485,4423,0.8,0,8,"both",-0.0336139943661468,-0.355183323137513
"387","session2",-15.2020906904953,6.67497828217404,1.76995206816747,1.13029078882238e-05,0.221643663596168,0.432489967108435,0.680699466298713,5,2,30,-0.0336139943661468,-0.355183323137513,13,3.73449884839438,0,-11.17145,4423,0.8,0,8,"both",-0.0336139943661468,-0.355183323137513
"388","session2",-15.2020906904953,6.67497828217404,1.76995206816747,1.13029078882238e-05,0.221643663596168,0.432489967108435,0.680699466298713,5,2,30,-0.0336139943661468,-0.355183323137513,13,1.7417694303705,1,-8.7214,4423,0.8,0,8,"both",-0.0336139943661468,-0.355183323137513
"389","session2",-15.2020906904953,6.67497828217404,1.76995206816747,1.13029078882238e-05,0.221643663596168,0.432489967108435,0.680699466298713,5,2,30,-0.0336139943661468,-0.355183323137513,13,2.27704592831806,0,-15.05158,4423,0.8,0,8,"both",-0.0336139943661468,-0.355183323137513
"390","session2",-15.2020906904953,6.67497828217404,1.76995206816747,1.13029078882238e-05,0.221643663596168,0.432489967108435,0.680699466298713,5,2,30,-0.0336139943661468,-0.355183323137513,13,2.19497792358265,1,-18.07235,4423,0.8,0,8,"both",-0.0336139943661468,-0.355183323137513
"391","session2",0.779739937743607,11.6199575960648,2.94610061525332,0.000346578039673222,-0.256958210991012,0.604390590279367,0.761589857480004,6,2,30,-0.0336139943661468,-0.355183323137513,14,1.70673726666112,1,8.9857903476,4423,0.8,0,8,"both",-0.0336139943661468,-0.355183323137513
"392","session2",0.779739937743607,11.6199575960648,2.94610061525332,0.000346578039673222,-0.256958210991012,0.604390590279367,0.761589857480004,6,2,30,-0.0336139943661468,-0.355183323137513,14,1.70615582133595,0,-7.924030218269,4423,0.8,0,8,"both",-0.0336139943661468,-0.355183323137513
"393","session2",0.779739937743607,11.6199575960648,2.94610061525332,0.000346578039673222,-0.256958210991012,0.604390590279367,0.761589857480004,6,2,30,-0.0336139943661468,-0.355183323137513,14,2.38690740807482,1,0.8276610655,4423,0.8,0,8,"both",-0.0336139943661468,-0.355183323137513
"394","session2",0.779739937743607,11.6199575960648,2.94610061525332,0.000346578039673222,-0.256958210991012,0.604390590279367,0.761589857480004,6,2,30,-0.0336139943661468,-0.355183323137513,14,1.87684590792361,0,-3.64242022965,4423,0.8,0,8,"both",-0.0336139943661468,-0.355183323137513
"395","session2",0.779739937743607,11.6199575960648,2.94610061525332,0.000346578039673222,-0.256958210991012,0.604390590279367,0.761589857480004,6,2,30,-0.0336139943661468,-0.355183323137513,14,1.82518148756477,1,7.67848,4423,0.8,0,8,"both",-0.0336139943661468,-0.355183323137513
"396","session2",0.779739937743607,11.6199575960648,2.94610061525332,0.000346578039673222,-0.256958210991012,0.604390590279367,0.761589857480004,6,2,30,-0.0336139943661468,-0.355183323137513,14,8,0,-5.61041,4423,0.8,0,8,"both",-0.0336139943661468,-0.355183323137513
"397","session2",0.779739937743607,11.6199575960648,2.94610061525332,0.000346578039673222,-0.256958210991012,0.604390590279367,0.761589857480004,6,2,30,-0.0336139943661468,-0.355183323137513,14,4.68093515430813,0,-0.73534,4423,0.8,0,8,"both",-0.0336139943661468,-0.355183323137513
"398","session2",0.779739937743607,11.6199575960648,2.94610061525332,0.000346578039673222,-0.256958210991012,0.604390590279367,0.761589857480004,6,2,30,-0.0336139943661468,-0.355183323137513,14,1.80711435013828,1,-6.577,4423,0.8,0,8,"both",-0.0336139943661468,-0.355183323137513
"399","session2",0.779739937743607,11.6199575960648,2.94610061525332,0.000346578039673222,-0.256958210991012,0.604390590279367,0.761589857480004,6,2,30,-0.0336139943661468,-0.355183323137513,14,2.02866056713755,1,-3.60634,4423,0.8,0,8,"both",-0.0336139943661468,-0.355183323137513
"400","session2",0.779739937743607,11.6199575960648,2.94610061525332,0.000346578039673222,-0.256958210991012,0.604390590279367,0.761589857480004,6,2,30,-0.0336139943661468,-0.355183323137513,14,2.65035022374009,0,-2.583808,4423,0.8,0,8,"both",-0.0336139943661468,-0.355183323137513
"401","session2",0.779739937743607,11.6199575960648,2.94610061525332,0.000346578039673222,-0.256958210991012,0.604390590279367,0.761589857480004,6,2,30,-0.0336139943661468,-0.355183323137513,14,1.40421741681157,1,30.02326,4423,0.8,0,8,"both",-0.0336139943661468,-0.355183323137513
"402","session2",0.779739937743607,11.6199575960648,2.94610061525332,0.000346578039673222,-0.256958210991012,0.604390590279367,0.761589857480004,6,2,30,-0.0336139943661468,-0.355183323137513,14,1.91372979418,1,-7.18849,4423,0.8,0,8,"both",-0.0336139943661468,-0.355183323137513
"403","session2",0.779739937743607,11.6199575960648,2.94610061525332,0.000346578039673222,-0.256958210991012,0.604390590279367,0.761589857480004,6,2,30,-0.0336139943661468,-0.355183323137513,14,1.38709032567824,1,18.4105,4423,0.8,0,8,"both",-0.0336139943661468,-0.355183323137513
"404","session2",0.779739937743607,11.6199575960648,2.94610061525332,0.000346578039673222,-0.256958210991012,0.604390590279367,0.761589857480004,6,2,30,-0.0336139943661468,-0.355183323137513,14,1.03006772813165,0,-36.67439,4423,0.8,0,8,"both",-0.0336139943661468,-0.355183323137513
"405","session2",0.779739937743607,11.6199575960648,2.94610061525332,0.000346578039673222,-0.256958210991012,0.604390590279367,0.761589857480004,6,2,30,-0.0336139943661468,-0.355183323137513,14,1.83128044125328,0,-4.02331448266,4423,0.8,0,8,"both",-0.0336139943661468,-0.355183323137513
"406","session2",0.779739937743607,11.6199575960648,2.94610061525332,0.000346578039673222,-0.256958210991012,0.604390590279367,0.761589857480004,6,2,30,-0.0336139943661468,-0.355183323137513,14,2.28241153059383,1,3.18368,4423,0.8,0,8,"both",-0.0336139943661468,-0.355183323137513
"407","session2",0.779739937743607,11.6199575960648,2.94610061525332,0.000346578039673222,-0.256958210991012,0.604390590279367,0.761589857480004,6,2,30,-0.0336139943661468,-0.355183323137513,14,1.39858705414979,0,-11.62141,4423,0.8,0,8,"both",-0.0336139943661468,-0.355183323137513
"408","session2",0.779739937743607,11.6199575960648,2.94610061525332,0.000346578039673222,-0.256958210991012,0.604390590279367,0.761589857480004,6,2,30,-0.0336139943661468,-0.355183323137513,14,1.95668405468373,1,-7.207757,4423,0.8,0,8,"both",-0.0336139943661468,-0.355183323137513
"409","session2",0.779739937743607,11.6199575960648,2.94610061525332,0.000346578039673222,-0.256958210991012,0.604390590279367,0.761589857480004,6,2,30,-0.0336139943661468,-0.355183323137513,14,1.30891369014167,1,19.14077,4423,0.8,0,8,"both",-0.0336139943661468,-0.355183323137513
"410","session2",0.779739937743607,11.6199575960648,2.94610061525332,0.000346578039673222,-0.256958210991012,0.604390590279367,0.761589857480004,6,2,30,-0.0336139943661468,-0.355183323137513,14,5.24576952112014,0,-7.34124,4423,0.8,0,8,"both",-0.0336139943661468,-0.355183323137513
"411","session2",0.779739937743607,11.6199575960648,2.94610061525332,0.000346578039673222,-0.256958210991012,0.604390590279367,0.761589857480004,6,2,30,-0.0336139943661468,-0.355183323137513,14,1.2713093936068,0,-17.81843,4423,0.8,0,8,"both",-0.0336139943661468,-0.355183323137513
"412","session2",0.779739937743607,11.6199575960648,2.94610061525332,0.000346578039673222,-0.256958210991012,0.604390590279367,0.761589857480004,6,2,30,-0.0336139943661468,-0.355183323137513,14,1.74304519050039,1,12.46599,4423,0.8,0,8,"both",-0.0336139943661468,-0.355183323137513
"413","session2",0.779739937743607,11.6199575960648,2.94610061525332,0.000346578039673222,-0.256958210991012,0.604390590279367,0.761589857480004,6,2,30,-0.0336139943661468,-0.355183323137513,14,5.52710121860893,1,0.999609999999999,4423,0.8,0,8,"both",-0.0336139943661468,-0.355183323137513
"414","session2",0.779739937743607,11.6199575960648,2.94610061525332,0.000346578039673222,-0.256958210991012,0.604390590279367,0.761589857480004,6,2,30,-0.0336139943661468,-0.355183323137513,14,1.63890027843833,1,8.22916,4423,0.8,0,8,"both",-0.0336139943661468,-0.355183323137513
"415","session2",0.779739937743607,11.6199575960648,2.94610061525332,0.000346578039673222,-0.256958210991012,0.604390590279367,0.761589857480004,6,2,30,-0.0336139943661468,-0.355183323137513,14,1.88325072042162,0,-12.4863,4423,0.8,0,8,"both",-0.0336139943661468,-0.355183323137513
"416","session2",0.779739937743607,11.6199575960648,2.94610061525332,0.000346578039673222,-0.256958210991012,0.604390590279367,0.761589857480004,6,2,30,-0.0336139943661468,-0.355183323137513,14,3.10948562390433,0,-9.23817,4423,0.8,0,8,"both",-0.0336139943661468,-0.355183323137513
"417","session2",0.779739937743607,11.6199575960648,2.94610061525332,0.000346578039673222,-0.256958210991012,0.604390590279367,0.761589857480004,6,2,30,-0.0336139943661468,-0.355183323137513,14,1.71842163065224,0,-15.76041,4423,0.8,0,8,"both",-0.0336139943661468,-0.355183323137513
"418","session2",0.779739937743607,11.6199575960648,2.94610061525332,0.000346578039673222,-0.256958210991012,0.604390590279367,0.761589857480004,6,2,30,-0.0336139943661468,-0.355183323137513,14,1.22671577186622,0,-8.62445,4423,0.8,0,8,"both",-0.0336139943661468,-0.355183323137513
"419","session2",0.779739937743607,11.6199575960648,2.94610061525332,0.000346578039673222,-0.256958210991012,0.604390590279367,0.761589857480004,6,2,30,-0.0336139943661468,-0.355183323137513,14,5.41748180657314,0,-5.489456,4423,0.8,0,8,"both",-0.0336139943661468,-0.355183323137513
"420","session2",0.779739937743607,11.6199575960648,2.94610061525332,0.000346578039673222,-0.256958210991012,0.604390590279367,0.761589857480004,6,2,30,-0.0336139943661468,-0.355183323137513,14,1.54991202918879,0,3.876469,4423,0.8,0,8,"both",-0.0336139943661468,-0.355183323137513
"421","session2",4.13772248550929,10.0517373044932,1.862396892955,0.00183381081976699,0.525706315826703,0.389208747542556,0.488028570731619,7,2,30,-0.0336139943661468,-0.355183323137513,15,4.18242017456746,1,11.3690652212,4423,0.8,0,8,"both",-0.0336139943661468,-0.355183323137513
"422","session2",4.13772248550929,10.0517373044932,1.862396892955,0.00183381081976699,0.525706315826703,0.389208747542556,0.488028570731619,7,2,30,-0.0336139943661468,-0.355183323137513,15,2.24790654689469,0,-6.1959945965,4423,0.8,0,8,"both",-0.0336139943661468,-0.355183323137513
"423","session2",4.13772248550929,10.0517373044932,1.862396892955,0.00183381081976699,0.525706315826703,0.389208747542556,0.488028570731619,7,2,30,-0.0336139943661468,-0.355183323137513,15,2.91922590014862,0,1.756386779372,4423,0.8,0,8,"both",-0.0336139943661468,-0.355183323137513
"424","session2",4.13772248550929,10.0517373044932,1.862396892955,0.00183381081976699,0.525706315826703,0.389208747542556,0.488028570731619,7,2,30,-0.0336139943661468,-0.355183323137513,15,2.18331401809739,0,6.32693853517,4423,0.8,0,8,"both",-0.0336139943661468,-0.355183323137513
"425","session2",4.13772248550929,10.0517373044932,1.862396892955,0.00183381081976699,0.525706315826703,0.389208747542556,0.488028570731619,7,2,30,-0.0336139943661468,-0.355183323137513,15,3.42164983250131,1,26.95513,4423,0.8,0,8,"both",-0.0336139943661468,-0.355183323137513
"426","session2",4.13772248550929,10.0517373044932,1.862396892955,0.00183381081976699,0.525706315826703,0.389208747542556,0.488028570731619,7,2,30,-0.0336139943661468,-0.355183323137513,15,2.56819033176948,1,8.71301,4423,0.8,0,8,"both",-0.0336139943661468,-0.355183323137513
"427","session2",4.13772248550929,10.0517373044932,1.862396892955,0.00183381081976699,0.525706315826703,0.389208747542556,0.488028570731619,7,2,30,-0.0336139943661468,-0.355183323137513,15,2.16212554341533,1,14.4134,4423,0.8,0,8,"both",-0.0336139943661468,-0.355183323137513
"428","session2",4.13772248550929,10.0517373044932,1.862396892955,0.00183381081976699,0.525706315826703,0.389208747542556,0.488028570731619,7,2,30,-0.0336139943661468,-0.355183323137513,15,2.55462636799894,0,5.933616,4423,0.8,0,8,"both",-0.0336139943661468,-0.355183323137513
"429","session2",4.13772248550929,10.0517373044932,1.862396892955,0.00183381081976699,0.525706315826703,0.389208747542556,0.488028570731619,7,2,30,-0.0336139943661468,-0.355183323137513,15,4.39511402207893,1,4.51877,4423,0.8,0,8,"both",-0.0336139943661468,-0.355183323137513
"430","session2",4.13772248550929,10.0517373044932,1.862396892955,0.00183381081976699,0.525706315826703,0.389208747542556,0.488028570731619,7,2,30,-0.0336139943661468,-0.355183323137513,15,2.14983858978819,1,2.965,4423,0.8,0,8,"both",-0.0336139943661468,-0.355183323137513
"431","session2",4.13772248550929,10.0517373044932,1.862396892955,0.00183381081976699,0.525706315826703,0.389208747542556,0.488028570731619,7,2,30,-0.0336139943661468,-0.355183323137513,15,3.2851328151187,0,-9.29017,4423,0.8,0,8,"both",-0.0336139943661468,-0.355183323137513
"432","session2",4.13772248550929,10.0517373044932,1.862396892955,0.00183381081976699,0.525706315826703,0.389208747542556,0.488028570731619,7,2,30,-0.0336139943661468,-0.355183323137513,15,2.75979713736352,0,14.99873,4423,0.8,0,8,"both",-0.0336139943661468,-0.355183323137513
"433","session2",4.13772248550929,10.0517373044932,1.862396892955,0.00183381081976699,0.525706315826703,0.389208747542556,0.488028570731619,7,2,30,-0.0336139943661468,-0.355183323137513,15,3.01031952285058,0,5.2741722622,4423,0.8,0,8,"both",-0.0336139943661468,-0.355183323137513
"434","session2",4.13772248550929,10.0517373044932,1.862396892955,0.00183381081976699,0.525706315826703,0.389208747542556,0.488028570731619,7,2,30,-0.0336139943661468,-0.355183323137513,15,2.3790037527609,1,15.6985,4423,0.8,0,8,"both",-0.0336139943661468,-0.355183323137513
"435","session2",4.13772248550929,10.0517373044932,1.862396892955,0.00183381081976699,0.525706315826703,0.389208747542556,0.488028570731619,7,2,30,-0.0336139943661468,-0.355183323137513,15,2.6042628431061,0,10.12266,4423,0.8,0,8,"both",-0.0336139943661468,-0.355183323137513
"436","session2",4.13772248550929,10.0517373044932,1.862396892955,0.00183381081976699,0.525706315826703,0.389208747542556,0.488028570731619,7,2,30,-0.0336139943661468,-0.355183323137513,15,1.82705204720229,1,9.65528,4423,0.8,0,8,"both",-0.0336139943661468,-0.355183323137513
"437","session2",4.13772248550929,10.0517373044932,1.862396892955,0.00183381081976699,0.525706315826703,0.389208747542556,0.488028570731619,7,2,30,-0.0336139943661468,-0.355183323137513,15,2.12948232902844,0,-13.53107,4423,0.8,0,8,"both",-0.0336139943661468,-0.355183323137513
"438","session2",4.13772248550929,10.0517373044932,1.862396892955,0.00183381081976699,0.525706315826703,0.389208747542556,0.488028570731619,7,2,30,-0.0336139943661468,-0.355183323137513,15,1.84232384954017,0,20.13012,4423,0.8,0,8,"both",-0.0336139943661468,-0.355183323137513
"439","session2",4.13772248550929,10.0517373044932,1.862396892955,0.00183381081976699,0.525706315826703,0.389208747542556,0.488028570731619,7,2,30,-0.0336139943661468,-0.355183323137513,15,3.78471083634709,0,-11.11465,4423,0.8,0,8,"both",-0.0336139943661468,-0.355183323137513
"440","session2",4.13772248550929,10.0517373044932,1.862396892955,0.00183381081976699,0.525706315826703,0.389208747542556,0.488028570731619,7,2,30,-0.0336139943661468,-0.355183323137513,15,2.76876837868816,1,9.2150907098,4423,0.8,0,8,"both",-0.0336139943661468,-0.355183323137513
"441","session2",4.13772248550929,10.0517373044932,1.862396892955,0.00183381081976699,0.525706315826703,0.389208747542556,0.488028570731619,7,2,30,-0.0336139943661468,-0.355183323137513,15,4.49837066900406,1,11.99015,4423,0.8,0,8,"both",-0.0336139943661468,-0.355183323137513
"442","session2",4.13772248550929,10.0517373044932,1.862396892955,0.00183381081976699,0.525706315826703,0.389208747542556,0.488028570731619,7,2,30,-0.0336139943661468,-0.355183323137513,15,1.99647989042462,0,-14.76058,4423,0.8,0,8,"both",-0.0336139943661468,-0.355183323137513
"443","session2",4.13772248550929,10.0517373044932,1.862396892955,0.00183381081976699,0.525706315826703,0.389208747542556,0.488028570731619,7,2,30,-0.0336139943661468,-0.355183323137513,15,2.51002161887014,1,5.62799,4423,0.8,0,8,"both",-0.0336139943661468,-0.355183323137513
"444","session2",4.13772248550929,10.0517373044932,1.862396892955,0.00183381081976699,0.525706315826703,0.389208747542556,0.488028570731619,7,2,30,-0.0336139943661468,-0.355183323137513,15,2.58288556301249,1,-2.3992,4423,0.8,0,8,"both",-0.0336139943661468,-0.355183323137513
"445","session2",4.13772248550929,10.0517373044932,1.862396892955,0.00183381081976699,0.525706315826703,0.389208747542556,0.488028570731619,7,2,30,-0.0336139943661468,-0.355183323137513,15,2.05989596691797,1,15.43791,4423,0.8,0,8,"both",-0.0336139943661468,-0.355183323137513
"446","session2",4.13772248550929,10.0517373044932,1.862396892955,0.00183381081976699,0.525706315826703,0.389208747542556,0.488028570731619,7,2,30,-0.0336139943661468,-0.355183323137513,15,3.19010596026109,0,-10.30426,4423,0.8,0,8,"both",-0.0336139943661468,-0.355183323137513
"447","session2",4.13772248550929,10.0517373044932,1.862396892955,0.00183381081976699,0.525706315826703,0.389208747542556,0.488028570731619,7,2,30,-0.0336139943661468,-0.355183323137513,15,3.08695756758287,1,-7.834767,4423,0.8,0,8,"both",-0.0336139943661468,-0.355183323137513
"448","session2",4.13772248550929,10.0517373044932,1.862396892955,0.00183381081976699,0.525706315826703,0.389208747542556,0.488028570731619,7,2,30,-0.0336139943661468,-0.355183323137513,15,1.88118886277484,0,0.96707262828,4423,0.8,0,8,"both",-0.0336139943661468,-0.355183323137513
"449","session2",4.13772248550929,10.0517373044932,1.862396892955,0.00183381081976699,0.525706315826703,0.389208747542556,0.488028570731619,7,2,30,-0.0336139943661468,-0.355183323137513,15,1.89192728748747,0,6.40013,4423,0.8,0,8,"both",-0.0336139943661468,-0.355183323137513
"450","session2",4.13772248550929,10.0517373044932,1.862396892955,0.00183381081976699,0.525706315826703,0.389208747542556,0.488028570731619,7,2,30,-0.0336139943661468,-0.355183323137513,15,4.94309274717368,0,4.27728352803,4423,0.8,0,8,"both",-0.0336139943661468,-0.355183323137513
"451","session2",-21.5347261286853,25.4544880652398,2.69007416631589,5.16127207123458e-05,0.297958327999181,0.345404164292818,0.393844394127476,8,2,30,-0.0336139943661468,-0.355183323137513,16,3.57663801452836,1,-9.4898556413,4423,0.8,0,8,"both",-0.0336139943661468,-0.355183323137513
"452","session2",-21.5347261286853,25.4544880652398,2.69007416631589,5.16127207123458e-05,0.297958327999181,0.345404164292818,0.393844394127476,8,2,30,-0.0336139943661468,-0.355183323137513,16,2.11557844025796,1,-8.8677664194,4423,0.8,0,8,"both",-0.0336139943661468,-0.355183323137513
"453","session2",-21.5347261286853,25.4544880652398,2.69007416631589,5.16127207123458e-05,0.297958327999181,0.345404164292818,0.393844394127476,8,2,30,-0.0336139943661468,-0.355183323137513,16,4.28200333457176,0,-21.0974801277,4423,0.8,0,8,"both",-0.0336139943661468,-0.355183323137513
"454","session2",-21.5347261286853,25.4544880652398,2.69007416631589,5.16127207123458e-05,0.297958327999181,0.345404164292818,0.393844394127476,8,2,30,-0.0336139943661468,-0.355183323137513,16,2.6656115839876,1,-13.37330251,4423,0.8,0,8,"both",-0.0336139943661468,-0.355183323137513
"455","session2",-21.5347261286853,25.4544880652398,2.69007416631589,5.16127207123458e-05,0.297958327999181,0.345404164292818,0.393844394127476,8,2,30,-0.0336139943661468,-0.355183323137513,16,2.76198858341043,0,-2.107,4423,0.8,0,8,"both",-0.0336139943661468,-0.355183323137513
"456","session2",-21.5347261286853,25.4544880652398,2.69007416631589,5.16127207123458e-05,0.297958327999181,0.345404164292818,0.393844394127476,8,2,30,-0.0336139943661468,-0.355183323137513,16,3.47544738915841,0,-38.5788,4423,0.8,0,8,"both",-0.0336139943661468,-0.355183323137513
"457","session2",-21.5347261286853,25.4544880652398,2.69007416631589,5.16127207123458e-05,0.297958327999181,0.345404164292818,0.393844394127476,8,2,30,-0.0336139943661468,-0.355183323137513,16,1.97428974384074,1,-18.88133,4423,0.8,0,8,"both",-0.0336139943661468,-0.355183323137513
"458","session2",-21.5347261286853,25.4544880652398,2.69007416631589,5.16127207123458e-05,0.297958327999181,0.345404164292818,0.393844394127476,8,2,30,-0.0336139943661468,-0.355183323137513,16,2.68454540481663,1,-0.433599999999998,4423,0.8,0,8,"both",-0.0336139943661468,-0.355183323137513
"459","session2",-21.5347261286853,25.4544880652398,2.69007416631589,5.16127207123458e-05,0.297958327999181,0.345404164292818,0.393844394127476,8,2,30,-0.0336139943661468,-0.355183323137513,16,4.14914780279176,0,-33.63306,4423,0.8,0,8,"both",-0.0336139943661468,-0.355183323137513
"460","session2",-21.5347261286853,25.4544880652398,2.69007416631589,5.16127207123458e-05,0.297958327999181,0.345404164292818,0.393844394127476,8,2,30,-0.0336139943661468,-0.355183323137513,16,2.028684499229,0,-17.22291,4423,0.8,0,8,"both",-0.0336139943661468,-0.355183323137513
"461","session2",-21.5347261286853,25.4544880652398,2.69007416631589,5.16127207123458e-05,0.297958327999181,0.345404164292818,0.393844394127476,8,2,30,-0.0336139943661468,-0.355183323137513,16,3.05628289211504,1,-16.0341,4423,0.8,0,8,"both",-0.0336139943661468,-0.355183323137513
"462","session2",-21.5347261286853,25.4544880652398,2.69007416631589,5.16127207123458e-05,0.297958327999181,0.345404164292818,0.393844394127476,8,2,30,-0.0336139943661468,-0.355183323137513,16,2.7964995864866,0,-20.40842,4423,0.8,0,8,"both",-0.0336139943661468,-0.355183323137513
"463","session2",-21.5347261286853,25.4544880652398,2.69007416631589,5.16127207123458e-05,0.297958327999181,0.345404164292818,0.393844394127476,8,2,30,-0.0336139943661468,-0.355183323137513,16,2.26486089840469,1,-3.65,4423,0.8,0,8,"both",-0.0336139943661468,-0.355183323137513
"464","session2",-21.5347261286853,25.4544880652398,2.69007416631589,5.16127207123458e-05,0.297958327999181,0.345404164292818,0.393844394127476,8,2,30,-0.0336139943661468,-0.355183323137513,16,2.17160503717279,1,-18.15152,4423,0.8,0,8,"both",-0.0336139943661468,-0.355183323137513
"465","session2",-21.5347261286853,25.4544880652398,2.69007416631589,5.16127207123458e-05,0.297958327999181,0.345404164292818,0.393844394127476,8,2,30,-0.0336139943661468,-0.355183323137513,16,2.53963696941146,1,-16.44643,4423,0.8,0,8,"both",-0.0336139943661468,-0.355183323137513
"466","session2",-21.5347261286853,25.4544880652398,2.69007416631589,5.16127207123458e-05,0.297958327999181,0.345404164292818,0.393844394127476,8,2,30,-0.0336139943661468,-0.355183323137513,16,3.28383873473184,0,-19.68044,4423,0.8,0,8,"both",-0.0336139943661468,-0.355183323137513
"467","session2",-21.5347261286853,25.4544880652398,2.69007416631589,5.16127207123458e-05,0.297958327999181,0.345404164292818,0.393844394127476,8,2,30,-0.0336139943661468,-0.355183323137513,16,1.23852584787497,0,-22.58116,4423,0.8,0,8,"both",-0.0336139943661468,-0.355183323137513
"468","session2",-21.5347261286853,25.4544880652398,2.69007416631589,5.16127207123458e-05,0.297958327999181,0.345404164292818,0.393844394127476,8,2,30,-0.0336139943661468,-0.355183323137513,16,2.80208864384846,0,-22.4819,4423,0.8,0,8,"both",-0.0336139943661468,-0.355183323137513
"469","session2",-21.5347261286853,25.4544880652398,2.69007416631589,5.16127207123458e-05,0.297958327999181,0.345404164292818,0.393844394127476,8,2,30,-0.0336139943661468,-0.355183323137513,16,4.05713677731447,1,-12.93195,4423,0.8,0,8,"both",-0.0336139943661468,-0.355183323137513
"470","session2",-21.5347261286853,25.4544880652398,2.69007416631589,5.16127207123458e-05,0.297958327999181,0.345404164292818,0.393844394127476,8,2,30,-0.0336139943661468,-0.355183323137513,16,2.7193319158598,0,-11.87878,4423,0.8,0,8,"both",-0.0336139943661468,-0.355183323137513
"471","session2",-21.5347261286853,25.4544880652398,2.69007416631589,5.16127207123458e-05,0.297958327999181,0.345404164292818,0.393844394127476,8,2,30,-0.0336139943661468,-0.355183323137513,16,1.79418787869309,1,-19.8209,4423,0.8,0,8,"both",-0.0336139943661468,-0.355183323137513
"472","session2",-21.5347261286853,25.4544880652398,2.69007416631589,5.16127207123458e-05,0.297958327999181,0.345404164292818,0.393844394127476,8,2,30,-0.0336139943661468,-0.355183323137513,16,2.61712390633022,0,-14.06588,4423,0.8,0,8,"both",-0.0336139943661468,-0.355183323137513
"473","session2",-21.5347261286853,25.4544880652398,2.69007416631589,5.16127207123458e-05,0.297958327999181,0.345404164292818,0.393844394127476,8,2,30,-0.0336139943661468,-0.355183323137513,16,2.79252515866347,1,-10.9371,4423,0.8,0,8,"both",-0.0336139943661468,-0.355183323137513
"474","session2",-21.5347261286853,25.4544880652398,2.69007416631589,5.16127207123458e-05,0.297958327999181,0.345404164292818,0.393844394127476,8,2,30,-0.0336139943661468,-0.355183323137513,16,2.65560470716841,1,-9.39198,4423,0.8,0,8,"both",-0.0336139943661468,-0.355183323137513
"475","session2",-21.5347261286853,25.4544880652398,2.69007416631589,5.16127207123458e-05,0.297958327999181,0.345404164292818,0.393844394127476,8,2,30,-0.0336139943661468,-0.355183323137513,16,2.83204787312584,1,-17.29478,4423,0.8,0,8,"both",-0.0336139943661468,-0.355183323137513
"476","session2",-21.5347261286853,25.4544880652398,2.69007416631589,5.16127207123458e-05,0.297958327999181,0.345404164292818,0.393844394127476,8,2,30,-0.0336139943661468,-0.355183323137513,16,3.28921142816623,1,-20.02191,4423,0.8,0,8,"both",-0.0336139943661468,-0.355183323137513
"477","session2",-21.5347261286853,25.4544880652398,2.69007416631589,5.16127207123458e-05,0.297958327999181,0.345404164292818,0.393844394127476,8,2,30,-0.0336139943661468,-0.355183323137513,16,2.84060996528101,0,-17.4843,4423,0.8,0,8,"both",-0.0336139943661468,-0.355183323137513
"478","session2",-21.5347261286853,25.4544880652398,2.69007416631589,5.16127207123458e-05,0.297958327999181,0.345404164292818,0.393844394127476,8,2,30,-0.0336139943661468,-0.355183323137513,16,1.90747906279349,0,-21.13037,4423,0.8,0,8,"both",-0.0336139943661468,-0.355183323137513
"479","session2",-21.5347261286853,25.4544880652398,2.69007416631589,5.16127207123458e-05,0.297958327999181,0.345404164292818,0.393844394127476,8,2,30,-0.0336139943661468,-0.355183323137513,16,3.23570251494701,0,-11.91951,4423,0.8,0,8,"both",-0.0336139943661468,-0.355183323137513
"480","session2",-21.5347261286853,25.4544880652398,2.69007416631589,5.16127207123458e-05,0.297958327999181,0.345404164292818,0.393844394127476,8,2,30,-0.0336139943661468,-0.355183323137513,16,3.07607357813256,1,-15.535821344,4423,0.8,0,8,"both",-0.0336139943661468,-0.355183323137513
