"","participant_id","sessions","lapse","alpha","beta","id","trials","alpha_obs_power","beta_obs_power","n","resp","X","iter","real_effectsize_alpha","real_effectsize_beta","subjects","parameter","observed_effectsize_alpha","observed_effectsize_beta"
"1",1,1,0.0109273369465408,2.90512470854349,8.15471813956732,1,100,0.217976478975032,-0.591845344274662,1,1,6.57516678125,50,0.4,0.6,40,"both",0.217976478975032,-0.591845344274662
"2",1,1,0.0109273369465408,2.90512470854349,8.15471813956732,1,100,0.217976478975032,-0.591845344274662,1,0,-6.0415064089,50,0.4,0.6,40,"both",0.217976478975032,-0.591845344274662
"3",1,1,0.0109273369465408,2.90512470854349,8.15471813956732,1,100,0.217976478975032,-0.591845344274662,1,1,-0.37247604461,50,0.4,0.6,40,"both",0.217976478975032,-0.591845344274662
"4",1,1,0.0109273369465408,2.90512470854349,8.15471813956732,1,100,0.217976478975032,-0.591845344274662,1,0,-2.244502229,50,0.4,0.6,40,"both",0.217976478975032,-0.591845344274662
"5",1,1,0.0109273369465408,2.90512470854349,8.15471813956732,1,100,0.217976478975032,-0.591845344274662,1,0,-0.44149844866,50,0.4,0.6,40,"both",0.217976478975032,-0.591845344274662
"6",1,1,0.0109273369465408,2.90512470854349,8.15471813956732,1,100,0.217976478975032,-0.591845344274662,1,1,10.95496,50,0.4,0.6,40,"both",0.217976478975032,-0.591845344274662
"7",1,1,0.0109273369465408,2.90512470854349,8.15471813956732,1,100,0.217976478975032,-0.591845344274662,1,0,-12.21267,50,0.4,0.6,40,"both",0.217976478975032,-0.591845344274662
"8",1,1,0.0109273369465408,2.90512470854349,8.15471813956732,1,100,0.217976478975032,-0.591845344274662,1,0,3.77774,50,0.4,0.6,40,"both",0.217976478975032,-0.591845344274662
"9",1,1,0.0109273369465408,2.90512470854349,8.15471813956732,1,100,0.217976478975032,-0.591845344274662,1,1,-1.66984,50,0.4,0.6,40,"both",0.217976478975032,-0.591845344274662
"10",1,1,0.0109273369465408,2.90512470854349,8.15471813956732,1,100,0.217976478975032,-0.591845344274662,1,1,5.85008,50,0.4,0.6,40,"both",0.217976478975032,-0.591845344274662
"11",1,1,0.0109273369465408,2.90512470854349,8.15471813956732,1,100,0.217976478975032,-0.591845344274662,1,1,11.49045,50,0.4,0.6,40,"both",0.217976478975032,-0.591845344274662
"12",1,1,0.0109273369465408,2.90512470854349,8.15471813956732,1,100,0.217976478975032,-0.591845344274662,1,1,15.520888,50,0.4,0.6,40,"both",0.217976478975032,-0.591845344274662
"13",1,1,0.0109273369465408,2.90512470854349,8.15471813956732,1,100,0.217976478975032,-0.591845344274662,1,1,9.03856,50,0.4,0.6,40,"both",0.217976478975032,-0.591845344274662
"14",1,1,0.0109273369465408,2.90512470854349,8.15471813956732,1,100,0.217976478975032,-0.591845344274662,1,0,-10.5829,50,0.4,0.6,40,"both",0.217976478975032,-0.591845344274662
"15",1,1,0.0109273369465408,2.90512470854349,8.15471813956732,1,100,0.217976478975032,-0.591845344274662,1,0,7.28795,50,0.4,0.6,40,"both",0.217976478975032,-0.591845344274662
"16",1,1,0.0109273369465408,2.90512470854349,8.15471813956732,1,100,0.217976478975032,-0.591845344274662,1,0,3.3349,50,0.4,0.6,40,"both",0.217976478975032,-0.591845344274662
"17",1,1,0.0109273369465408,2.90512470854349,8.15471813956732,1,100,0.217976478975032,-0.591845344274662,1,0,-3.23944,50,0.4,0.6,40,"both",0.217976478975032,-0.591845344274662
"18",1,1,0.0109273369465408,2.90512470854349,8.15471813956732,1,100,0.217976478975032,-0.591845344274662,1,1,9.52479,50,0.4,0.6,40,"both",0.217976478975032,-0.591845344274662
"19",1,1,0.0109273369465408,2.90512470854349,8.15471813956732,1,100,0.217976478975032,-0.591845344274662,1,1,-10.278862,50,0.4,0.6,40,"both",0.217976478975032,-0.591845344274662
"20",1,1,0.0109273369465408,2.90512470854349,8.15471813956732,1,100,0.217976478975032,-0.591845344274662,1,0,0.0135500000000004,50,0.4,0.6,40,"both",0.217976478975032,-0.591845344274662
"21",1,1,0.0109273369465408,2.90512470854349,8.15471813956732,1,100,0.217976478975032,-0.591845344274662,1,1,20.93286,50,0.4,0.6,40,"both",0.217976478975032,-0.591845344274662
"22",1,1,0.0109273369465408,2.90512470854349,8.15471813956732,1,100,0.217976478975032,-0.591845344274662,1,0,-19.74138,50,0.4,0.6,40,"both",0.217976478975032,-0.591845344274662
"23",1,1,0.0109273369465408,2.90512470854349,8.15471813956732,1,100,0.217976478975032,-0.591845344274662,1,0,-8.98133,50,0.4,0.6,40,"both",0.217976478975032,-0.591845344274662
"24",1,1,0.0109273369465408,2.90512470854349,8.15471813956732,1,100,0.217976478975032,-0.591845344274662,1,0,-7.9342,50,0.4,0.6,40,"both",0.217976478975032,-0.591845344274662
"25",1,1,0.0109273369465408,2.90512470854349,8.15471813956732,1,100,0.217976478975032,-0.591845344274662,1,1,27.93392,50,0.4,0.6,40,"both",0.217976478975032,-0.591845344274662
"26",1,1,0.0109273369465408,2.90512470854349,8.15471813956732,1,100,0.217976478975032,-0.591845344274662,1,0,2.01184,50,0.4,0.6,40,"both",0.217976478975032,-0.591845344274662
"27",1,1,0.0109273369465408,2.90512470854349,8.15471813956732,1,100,0.217976478975032,-0.591845344274662,1,0,-49.20871,50,0.4,0.6,40,"both",0.217976478975032,-0.591845344274662
"28",1,1,0.0109273369465408,2.90512470854349,8.15471813956732,1,100,0.217976478975032,-0.591845344274662,1,1,0.49445,50,0.4,0.6,40,"both",0.217976478975032,-0.591845344274662
"29",1,1,0.0109273369465408,2.90512470854349,8.15471813956732,1,100,0.217976478975032,-0.591845344274662,1,0,-8.770414,50,0.4,0.6,40,"both",0.217976478975032,-0.591845344274662
"30",1,1,0.0109273369465408,2.90512470854349,8.15471813956732,1,100,0.217976478975032,-0.591845344274662,1,1,42.2954,50,0.4,0.6,40,"both",0.217976478975032,-0.591845344274662
"31",1,1,0.0109273369465408,2.90512470854349,8.15471813956732,1,100,0.217976478975032,-0.591845344274662,1,0,-4.69581,50,0.4,0.6,40,"both",0.217976478975032,-0.591845344274662
"32",1,1,0.0109273369465408,2.90512470854349,8.15471813956732,1,100,0.217976478975032,-0.591845344274662,1,0,-3.67196,50,0.4,0.6,40,"both",0.217976478975032,-0.591845344274662
"33",1,1,0.0109273369465408,2.90512470854349,8.15471813956732,1,100,0.217976478975032,-0.591845344274662,1,0,-6.83365,50,0.4,0.6,40,"both",0.217976478975032,-0.591845344274662
"34",1,1,0.0109273369465408,2.90512470854349,8.15471813956732,1,100,0.217976478975032,-0.591845344274662,1,1,1.00072,50,0.4,0.6,40,"both",0.217976478975032,-0.591845344274662
"35",1,1,0.0109273369465408,2.90512470854349,8.15471813956732,1,100,0.217976478975032,-0.591845344274662,1,0,4.80825,50,0.4,0.6,40,"both",0.217976478975032,-0.591845344274662
"36",1,1,0.0109273369465408,2.90512470854349,8.15471813956732,1,100,0.217976478975032,-0.591845344274662,1,0,4.591226,50,0.4,0.6,40,"both",0.217976478975032,-0.591845344274662
"37",1,1,0.0109273369465408,2.90512470854349,8.15471813956732,1,100,0.217976478975032,-0.591845344274662,1,1,1.7481,50,0.4,0.6,40,"both",0.217976478975032,-0.591845344274662
"38",1,1,0.0109273369465408,2.90512470854349,8.15471813956732,1,100,0.217976478975032,-0.591845344274662,1,0,-6.12153,50,0.4,0.6,40,"both",0.217976478975032,-0.591845344274662
"39",1,1,0.0109273369465408,2.90512470854349,8.15471813956732,1,100,0.217976478975032,-0.591845344274662,1,1,6.05101,50,0.4,0.6,40,"both",0.217976478975032,-0.591845344274662
"40",1,1,0.0109273369465408,2.90512470854349,8.15471813956732,1,100,0.217976478975032,-0.591845344274662,1,0,-3.78606,50,0.4,0.6,40,"both",0.217976478975032,-0.591845344274662
"41",1,1,0.0109273369465408,2.90512470854349,8.15471813956732,1,100,0.217976478975032,-0.591845344274662,1,0,-4.19745,50,0.4,0.6,40,"both",0.217976478975032,-0.591845344274662
"42",1,1,0.0109273369465408,2.90512470854349,8.15471813956732,1,100,0.217976478975032,-0.591845344274662,1,1,8.15768,50,0.4,0.6,40,"both",0.217976478975032,-0.591845344274662
"43",1,1,0.0109273369465408,2.90512470854349,8.15471813956732,1,100,0.217976478975032,-0.591845344274662,1,1,3.43261,50,0.4,0.6,40,"both",0.217976478975032,-0.591845344274662
"44",1,1,0.0109273369465408,2.90512470854349,8.15471813956732,1,100,0.217976478975032,-0.591845344274662,1,0,-6.87152,50,0.4,0.6,40,"both",0.217976478975032,-0.591845344274662
"45",1,1,0.0109273369465408,2.90512470854349,8.15471813956732,1,100,0.217976478975032,-0.591845344274662,1,1,7.13723,50,0.4,0.6,40,"both",0.217976478975032,-0.591845344274662
"46",1,1,0.0109273369465408,2.90512470854349,8.15471813956732,1,100,0.217976478975032,-0.591845344274662,1,0,-5.22859,50,0.4,0.6,40,"both",0.217976478975032,-0.591845344274662
"47",1,1,0.0109273369465408,2.90512470854349,8.15471813956732,1,100,0.217976478975032,-0.591845344274662,1,1,11.79088,50,0.4,0.6,40,"both",0.217976478975032,-0.591845344274662
"48",1,1,0.0109273369465408,2.90512470854349,8.15471813956732,1,100,0.217976478975032,-0.591845344274662,1,1,4.996465,50,0.4,0.6,40,"both",0.217976478975032,-0.591845344274662
"49",1,1,0.0109273369465408,2.90512470854349,8.15471813956732,1,100,0.217976478975032,-0.591845344274662,1,0,-4.54098,50,0.4,0.6,40,"both",0.217976478975032,-0.591845344274662
"50",1,1,0.0109273369465408,2.90512470854349,8.15471813956732,1,100,0.217976478975032,-0.591845344274662,1,0,1.48212,50,0.4,0.6,40,"both",0.217976478975032,-0.591845344274662
"51",1,1,0.0109273369465408,2.90512470854349,8.15471813956732,1,100,0.217976478975032,-0.591845344274662,1,1,11.43196,50,0.4,0.6,40,"both",0.217976478975032,-0.591845344274662
"52",1,1,0.0109273369465408,2.90512470854349,8.15471813956732,1,100,0.217976478975032,-0.591845344274662,1,1,-1.24037,50,0.4,0.6,40,"both",0.217976478975032,-0.591845344274662
"53",1,1,0.0109273369465408,2.90512470854349,8.15471813956732,1,100,0.217976478975032,-0.591845344274662,1,0,-0.96887,50,0.4,0.6,40,"both",0.217976478975032,-0.591845344274662
"54",1,1,0.0109273369465408,2.90512470854349,8.15471813956732,1,100,0.217976478975032,-0.591845344274662,1,0,-0.116759999999999,50,0.4,0.6,40,"both",0.217976478975032,-0.591845344274662
"55",1,1,0.0109273369465408,2.90512470854349,8.15471813956732,1,100,0.217976478975032,-0.591845344274662,1,0,-5.42236,50,0.4,0.6,40,"both",0.217976478975032,-0.591845344274662
"56",1,1,0.0109273369465408,2.90512470854349,8.15471813956732,1,100,0.217976478975032,-0.591845344274662,1,0,-3.67227,50,0.4,0.6,40,"both",0.217976478975032,-0.591845344274662
"57",1,1,0.0109273369465408,2.90512470854349,8.15471813956732,1,100,0.217976478975032,-0.591845344274662,1,1,8.93949,50,0.4,0.6,40,"both",0.217976478975032,-0.591845344274662
"58",1,1,0.0109273369465408,2.90512470854349,8.15471813956732,1,100,0.217976478975032,-0.591845344274662,1,0,-0.29094,50,0.4,0.6,40,"both",0.217976478975032,-0.591845344274662
"59",1,1,0.0109273369465408,2.90512470854349,8.15471813956732,1,100,0.217976478975032,-0.591845344274662,1,1,10.2133,50,0.4,0.6,40,"both",0.217976478975032,-0.591845344274662
"60",1,1,0.0109273369465408,2.90512470854349,8.15471813956732,1,100,0.217976478975032,-0.591845344274662,1,1,6.57931,50,0.4,0.6,40,"both",0.217976478975032,-0.591845344274662
"61",1,1,0.0109273369465408,2.90512470854349,8.15471813956732,1,100,0.217976478975032,-0.591845344274662,1,1,9.78899,50,0.4,0.6,40,"both",0.217976478975032,-0.591845344274662
"62",1,1,0.0109273369465408,2.90512470854349,8.15471813956732,1,100,0.217976478975032,-0.591845344274662,1,1,4.55692,50,0.4,0.6,40,"both",0.217976478975032,-0.591845344274662
"63",1,1,0.0109273369465408,2.90512470854349,8.15471813956732,1,100,0.217976478975032,-0.591845344274662,1,1,7.27405,50,0.4,0.6,40,"both",0.217976478975032,-0.591845344274662
"64",1,1,0.0109273369465408,2.90512470854349,8.15471813956732,1,100,0.217976478975032,-0.591845344274662,1,1,6.56458,50,0.4,0.6,40,"both",0.217976478975032,-0.591845344274662
"65",1,1,0.0109273369465408,2.90512470854349,8.15471813956732,1,100,0.217976478975032,-0.591845344274662,1,1,7.10954,50,0.4,0.6,40,"both",0.217976478975032,-0.591845344274662
"66",1,1,0.0109273369465408,2.90512470854349,8.15471813956732,1,100,0.217976478975032,-0.591845344274662,1,1,7.83514,50,0.4,0.6,40,"both",0.217976478975032,-0.591845344274662
"67",1,1,0.0109273369465408,2.90512470854349,8.15471813956732,1,100,0.217976478975032,-0.591845344274662,1,1,6.72776,50,0.4,0.6,40,"both",0.217976478975032,-0.591845344274662
"68",1,1,0.0109273369465408,2.90512470854349,8.15471813956732,1,100,0.217976478975032,-0.591845344274662,1,0,-3.22068,50,0.4,0.6,40,"both",0.217976478975032,-0.591845344274662
"69",1,1,0.0109273369465408,2.90512470854349,8.15471813956732,1,100,0.217976478975032,-0.591845344274662,1,0,-2.79233,50,0.4,0.6,40,"both",0.217976478975032,-0.591845344274662
"70",1,1,0.0109273369465408,2.90512470854349,8.15471813956732,1,100,0.217976478975032,-0.591845344274662,1,0,5.79014,50,0.4,0.6,40,"both",0.217976478975032,-0.591845344274662
"71",1,1,0.0109273369465408,2.90512470854349,8.15471813956732,1,100,0.217976478975032,-0.591845344274662,1,0,-3.33339,50,0.4,0.6,40,"both",0.217976478975032,-0.591845344274662
"72",1,1,0.0109273369465408,2.90512470854349,8.15471813956732,1,100,0.217976478975032,-0.591845344274662,1,1,-1.2694,50,0.4,0.6,40,"both",0.217976478975032,-0.591845344274662
"73",1,1,0.0109273369465408,2.90512470854349,8.15471813956732,1,100,0.217976478975032,-0.591845344274662,1,1,9.63587,50,0.4,0.6,40,"both",0.217976478975032,-0.591845344274662
"74",1,1,0.0109273369465408,2.90512470854349,8.15471813956732,1,100,0.217976478975032,-0.591845344274662,1,1,-2.02208,50,0.4,0.6,40,"both",0.217976478975032,-0.591845344274662
"75",1,1,0.0109273369465408,2.90512470854349,8.15471813956732,1,100,0.217976478975032,-0.591845344274662,1,1,7.06237,50,0.4,0.6,40,"both",0.217976478975032,-0.591845344274662
"76",1,1,0.0109273369465408,2.90512470854349,8.15471813956732,1,100,0.217976478975032,-0.591845344274662,1,1,6.52315,50,0.4,0.6,40,"both",0.217976478975032,-0.591845344274662
"77",1,1,0.0109273369465408,2.90512470854349,8.15471813956732,1,100,0.217976478975032,-0.591845344274662,1,1,-1.5799,50,0.4,0.6,40,"both",0.217976478975032,-0.591845344274662
"78",1,1,0.0109273369465408,2.90512470854349,8.15471813956732,1,100,0.217976478975032,-0.591845344274662,1,1,-2.21001,50,0.4,0.6,40,"both",0.217976478975032,-0.591845344274662
"79",1,1,0.0109273369465408,2.90512470854349,8.15471813956732,1,100,0.217976478975032,-0.591845344274662,1,1,-4.265888,50,0.4,0.6,40,"both",0.217976478975032,-0.591845344274662
"80",1,1,0.0109273369465408,2.90512470854349,8.15471813956732,1,100,0.217976478975032,-0.591845344274662,1,1,7.14031,50,0.4,0.6,40,"both",0.217976478975032,-0.591845344274662
"81",1,1,0.0109273369465408,2.90512470854349,8.15471813956732,1,100,0.217976478975032,-0.591845344274662,1,1,5.395585,50,0.4,0.6,40,"both",0.217976478975032,-0.591845344274662
"82",1,1,0.0109273369465408,2.90512470854349,8.15471813956732,1,100,0.217976478975032,-0.591845344274662,1,1,-0.85367,50,0.4,0.6,40,"both",0.217976478975032,-0.591845344274662
"83",1,1,0.0109273369465408,2.90512470854349,8.15471813956732,1,100,0.217976478975032,-0.591845344274662,1,0,8.97132,50,0.4,0.6,40,"both",0.217976478975032,-0.591845344274662
"84",1,1,0.0109273369465408,2.90512470854349,8.15471813956732,1,100,0.217976478975032,-0.591845344274662,1,1,6.69219,50,0.4,0.6,40,"both",0.217976478975032,-0.591845344274662
"85",1,1,0.0109273369465408,2.90512470854349,8.15471813956732,1,100,0.217976478975032,-0.591845344274662,1,1,6.77753,50,0.4,0.6,40,"both",0.217976478975032,-0.591845344274662
"86",1,1,0.0109273369465408,2.90512470854349,8.15471813956732,1,100,0.217976478975032,-0.591845344274662,1,1,5.55896,50,0.4,0.6,40,"both",0.217976478975032,-0.591845344274662
"87",1,1,0.0109273369465408,2.90512470854349,8.15471813956732,1,100,0.217976478975032,-0.591845344274662,1,0,-6.508472,50,0.4,0.6,40,"both",0.217976478975032,-0.591845344274662
"88",1,1,0.0109273369465408,2.90512470854349,8.15471813956732,1,100,0.217976478975032,-0.591845344274662,1,0,5.534087,50,0.4,0.6,40,"both",0.217976478975032,-0.591845344274662
"89",1,1,0.0109273369465408,2.90512470854349,8.15471813956732,1,100,0.217976478975032,-0.591845344274662,1,0,-8.66019,50,0.4,0.6,40,"both",0.217976478975032,-0.591845344274662
"90",1,1,0.0109273369465408,2.90512470854349,8.15471813956732,1,100,0.217976478975032,-0.591845344274662,1,0,-3.77368,50,0.4,0.6,40,"both",0.217976478975032,-0.591845344274662
"91",1,1,0.0109273369465408,2.90512470854349,8.15471813956732,1,100,0.217976478975032,-0.591845344274662,1,0,-6.00711,50,0.4,0.6,40,"both",0.217976478975032,-0.591845344274662
"92",1,1,0.0109273369465408,2.90512470854349,8.15471813956732,1,100,0.217976478975032,-0.591845344274662,1,0,-5.12205,50,0.4,0.6,40,"both",0.217976478975032,-0.591845344274662
"93",1,1,0.0109273369465408,2.90512470854349,8.15471813956732,1,100,0.217976478975032,-0.591845344274662,1,1,9.9953,50,0.4,0.6,40,"both",0.217976478975032,-0.591845344274662
"94",1,1,0.0109273369465408,2.90512470854349,8.15471813956732,1,100,0.217976478975032,-0.591845344274662,1,1,4.4503986,50,0.4,0.6,40,"both",0.217976478975032,-0.591845344274662
"95",1,1,0.0109273369465408,2.90512470854349,8.15471813956732,1,100,0.217976478975032,-0.591845344274662,1,0,-5.182786,50,0.4,0.6,40,"both",0.217976478975032,-0.591845344274662
"96",1,1,0.0109273369465408,2.90512470854349,8.15471813956732,1,100,0.217976478975032,-0.591845344274662,1,0,-3.578927,50,0.4,0.6,40,"both",0.217976478975032,-0.591845344274662
"97",1,1,0.0109273369465408,2.90512470854349,8.15471813956732,1,100,0.217976478975032,-0.591845344274662,1,0,-1.60611,50,0.4,0.6,40,"both",0.217976478975032,-0.591845344274662
"98",1,1,0.0109273369465408,2.90512470854349,8.15471813956732,1,100,0.217976478975032,-0.591845344274662,1,0,-3.002625,50,0.4,0.6,40,"both",0.217976478975032,-0.591845344274662
"99",1,1,0.0109273369465408,2.90512470854349,8.15471813956732,1,100,0.217976478975032,-0.591845344274662,1,1,5.01845,50,0.4,0.6,40,"both",0.217976478975032,-0.591845344274662
"100",1,1,0.0109273369465408,2.90512470854349,8.15471813956732,1,100,0.217976478975032,-0.591845344274662,1,1,4.011091,50,0.4,0.6,40,"both",0.217976478975032,-0.591845344274662
"101",2,1,0.00337413795608049,-6.22884128285749,8.44764721623929,3,100,0.217976478975032,-0.591845344274662,2,1,-6.14268732295,50,0.4,0.6,40,"both",0.217976478975032,-0.591845344274662
"102",2,1,0.00337413795608049,-6.22884128285749,8.44764721623929,3,100,0.217976478975032,-0.591845344274662,2,0,-10.725245126,50,0.4,0.6,40,"both",0.217976478975032,-0.591845344274662
"103",2,1,0.00337413795608049,-6.22884128285749,8.44764721623929,3,100,0.217976478975032,-0.591845344274662,2,1,-1.63296647577,50,0.4,0.6,40,"both",0.217976478975032,-0.591845344274662
"104",2,1,0.00337413795608049,-6.22884128285749,8.44764721623929,3,100,0.217976478975032,-0.591845344274662,2,0,-9.4127158421,50,0.4,0.6,40,"both",0.217976478975032,-0.591845344274662
"105",2,1,0.00337413795608049,-6.22884128285749,8.44764721623929,3,100,0.217976478975032,-0.591845344274662,2,0,-13.36671,50,0.4,0.6,40,"both",0.217976478975032,-0.591845344274662
"106",2,1,0.00337413795608049,-6.22884128285749,8.44764721623929,3,100,0.217976478975032,-0.591845344274662,2,1,-9.14919,50,0.4,0.6,40,"both",0.217976478975032,-0.591845344274662
"107",2,1,0.00337413795608049,-6.22884128285749,8.44764721623929,3,100,0.217976478975032,-0.591845344274662,2,0,-13.51396,50,0.4,0.6,40,"both",0.217976478975032,-0.591845344274662
"108",2,1,0.00337413795608049,-6.22884128285749,8.44764721623929,3,100,0.217976478975032,-0.591845344274662,2,0,-14.38621,50,0.4,0.6,40,"both",0.217976478975032,-0.591845344274662
"109",2,1,0.00337413795608049,-6.22884128285749,8.44764721623929,3,100,0.217976478975032,-0.591845344274662,2,0,-10.78173,50,0.4,0.6,40,"both",0.217976478975032,-0.591845344274662
"110",2,1,0.00337413795608049,-6.22884128285749,8.44764721623929,3,100,0.217976478975032,-0.591845344274662,2,1,-1.05389,50,0.4,0.6,40,"both",0.217976478975032,-0.591845344274662
"111",2,1,0.00337413795608049,-6.22884128285749,8.44764721623929,3,100,0.217976478975032,-0.591845344274662,2,0,-40.5661,50,0.4,0.6,40,"both",0.217976478975032,-0.591845344274662
"112",2,1,0.00337413795608049,-6.22884128285749,8.44764721623929,3,100,0.217976478975032,-0.591845344274662,2,1,-7.15069,50,0.4,0.6,40,"both",0.217976478975032,-0.591845344274662
"113",2,1,0.00337413795608049,-6.22884128285749,8.44764721623929,3,100,0.217976478975032,-0.591845344274662,2,0,-10.6101,50,0.4,0.6,40,"both",0.217976478975032,-0.591845344274662
"114",2,1,0.00337413795608049,-6.22884128285749,8.44764721623929,3,100,0.217976478975032,-0.591845344274662,2,1,-2.94362,50,0.4,0.6,40,"both",0.217976478975032,-0.591845344274662
"115",2,1,0.00337413795608049,-6.22884128285749,8.44764721623929,3,100,0.217976478975032,-0.591845344274662,2,0,-6.95826,50,0.4,0.6,40,"both",0.217976478975032,-0.591845344274662
"116",2,1,0.00337413795608049,-6.22884128285749,8.44764721623929,3,100,0.217976478975032,-0.591845344274662,2,0,-3.08038,50,0.4,0.6,40,"both",0.217976478975032,-0.591845344274662
"117",2,1,0.00337413795608049,-6.22884128285749,8.44764721623929,3,100,0.217976478975032,-0.591845344274662,2,1,-6.20205,50,0.4,0.6,40,"both",0.217976478975032,-0.591845344274662
"118",2,1,0.00337413795608049,-6.22884128285749,8.44764721623929,3,100,0.217976478975032,-0.591845344274662,2,1,-10.8927,50,0.4,0.6,40,"both",0.217976478975032,-0.591845344274662
"119",2,1,0.00337413795608049,-6.22884128285749,8.44764721623929,3,100,0.217976478975032,-0.591845344274662,2,0,-7.395513132,50,0.4,0.6,40,"both",0.217976478975032,-0.591845344274662
"120",2,1,0.00337413795608049,-6.22884128285749,8.44764721623929,3,100,0.217976478975032,-0.591845344274662,2,0,-6.64686,50,0.4,0.6,40,"both",0.217976478975032,-0.591845344274662
"121",2,1,0.00337413795608049,-6.22884128285749,8.44764721623929,3,100,0.217976478975032,-0.591845344274662,2,1,-9.0032,50,0.4,0.6,40,"both",0.217976478975032,-0.591845344274662
"122",2,1,0.00337413795608049,-6.22884128285749,8.44764721623929,3,100,0.217976478975032,-0.591845344274662,2,1,12.78712,50,0.4,0.6,40,"both",0.217976478975032,-0.591845344274662
"123",2,1,0.00337413795608049,-6.22884128285749,8.44764721623929,3,100,0.217976478975032,-0.591845344274662,2,0,-6.7834,50,0.4,0.6,40,"both",0.217976478975032,-0.591845344274662
"124",2,1,0.00337413795608049,-6.22884128285749,8.44764721623929,3,100,0.217976478975032,-0.591845344274662,2,1,-9.92256,50,0.4,0.6,40,"both",0.217976478975032,-0.591845344274662
"125",2,1,0.00337413795608049,-6.22884128285749,8.44764721623929,3,100,0.217976478975032,-0.591845344274662,2,1,-8.01498,50,0.4,0.6,40,"both",0.217976478975032,-0.591845344274662
"126",2,1,0.00337413795608049,-6.22884128285749,8.44764721623929,3,100,0.217976478975032,-0.591845344274662,2,0,-16.37321,50,0.4,0.6,40,"both",0.217976478975032,-0.591845344274662
"127",2,1,0.00337413795608049,-6.22884128285749,8.44764721623929,3,100,0.217976478975032,-0.591845344274662,2,0,-3.83961,50,0.4,0.6,40,"both",0.217976478975032,-0.591845344274662
"128",2,1,0.00337413795608049,-6.22884128285749,8.44764721623929,3,100,0.217976478975032,-0.591845344274662,2,0,-1.31124,50,0.4,0.6,40,"both",0.217976478975032,-0.591845344274662
"129",2,1,0.00337413795608049,-6.22884128285749,8.44764721623929,3,100,0.217976478975032,-0.591845344274662,2,0,-20.29326,50,0.4,0.6,40,"both",0.217976478975032,-0.591845344274662
"130",2,1,0.00337413795608049,-6.22884128285749,8.44764721623929,3,100,0.217976478975032,-0.591845344274662,2,1,11.26602,50,0.4,0.6,40,"both",0.217976478975032,-0.591845344274662
"131",2,1,0.00337413795608049,-6.22884128285749,8.44764721623929,3,100,0.217976478975032,-0.591845344274662,2,1,-4.71167641939,50,0.4,0.6,40,"both",0.217976478975032,-0.591845344274662
"132",2,1,0.00337413795608049,-6.22884128285749,8.44764721623929,3,100,0.217976478975032,-0.591845344274662,2,1,-0.72803,50,0.4,0.6,40,"both",0.217976478975032,-0.591845344274662
"133",2,1,0.00337413795608049,-6.22884128285749,8.44764721623929,3,100,0.217976478975032,-0.591845344274662,2,1,0.99887,50,0.4,0.6,40,"both",0.217976478975032,-0.591845344274662
"134",2,1,0.00337413795608049,-6.22884128285749,8.44764721623929,3,100,0.217976478975032,-0.591845344274662,2,1,0.17934,50,0.4,0.6,40,"both",0.217976478975032,-0.591845344274662
"135",2,1,0.00337413795608049,-6.22884128285749,8.44764721623929,3,100,0.217976478975032,-0.591845344274662,2,1,-0.8415,50,0.4,0.6,40,"both",0.217976478975032,-0.591845344274662
"136",2,1,0.00337413795608049,-6.22884128285749,8.44764721623929,3,100,0.217976478975032,-0.591845344274662,2,0,-10.46929,50,0.4,0.6,40,"both",0.217976478975032,-0.591845344274662
"137",2,1,0.00337413795608049,-6.22884128285749,8.44764721623929,3,100,0.217976478975032,-0.591845344274662,2,0,-2.18973,50,0.4,0.6,40,"both",0.217976478975032,-0.591845344274662
"138",2,1,0.00337413795608049,-6.22884128285749,8.44764721623929,3,100,0.217976478975032,-0.591845344274662,2,0,-0.79575,50,0.4,0.6,40,"both",0.217976478975032,-0.591845344274662
"139",2,1,0.00337413795608049,-6.22884128285749,8.44764721623929,3,100,0.217976478975032,-0.591845344274662,2,0,-7.7373,50,0.4,0.6,40,"both",0.217976478975032,-0.591845344274662
"140",2,1,0.00337413795608049,-6.22884128285749,8.44764721623929,3,100,0.217976478975032,-0.591845344274662,2,0,-12.33971,50,0.4,0.6,40,"both",0.217976478975032,-0.591845344274662
"141",2,1,0.00337413795608049,-6.22884128285749,8.44764721623929,3,100,0.217976478975032,-0.591845344274662,2,0,-13.43823,50,0.4,0.6,40,"both",0.217976478975032,-0.591845344274662
"142",2,1,0.00337413795608049,-6.22884128285749,8.44764721623929,3,100,0.217976478975032,-0.591845344274662,2,0,-8.06158,50,0.4,0.6,40,"both",0.217976478975032,-0.591845344274662
"143",2,1,0.00337413795608049,-6.22884128285749,8.44764721623929,3,100,0.217976478975032,-0.591845344274662,2,1,-11.27035,50,0.4,0.6,40,"both",0.217976478975032,-0.591845344274662
"144",2,1,0.00337413795608049,-6.22884128285749,8.44764721623929,3,100,0.217976478975032,-0.591845344274662,2,1,-2.50838,50,0.4,0.6,40,"both",0.217976478975032,-0.591845344274662
"145",2,1,0.00337413795608049,-6.22884128285749,8.44764721623929,3,100,0.217976478975032,-0.591845344274662,2,0,-15.14784,50,0.4,0.6,40,"both",0.217976478975032,-0.591845344274662
"146",2,1,0.00337413795608049,-6.22884128285749,8.44764721623929,3,100,0.217976478975032,-0.591845344274662,2,1,0.67784,50,0.4,0.6,40,"both",0.217976478975032,-0.591845344274662
"147",2,1,0.00337413795608049,-6.22884128285749,8.44764721623929,3,100,0.217976478975032,-0.591845344274662,2,1,2.19671,50,0.4,0.6,40,"both",0.217976478975032,-0.591845344274662
"148",2,1,0.00337413795608049,-6.22884128285749,8.44764721623929,3,100,0.217976478975032,-0.591845344274662,2,0,-13.58027,50,0.4,0.6,40,"both",0.217976478975032,-0.591845344274662
"149",2,1,0.00337413795608049,-6.22884128285749,8.44764721623929,3,100,0.217976478975032,-0.591845344274662,2,1,-2.57426,50,0.4,0.6,40,"both",0.217976478975032,-0.591845344274662
"150",2,1,0.00337413795608049,-6.22884128285749,8.44764721623929,3,100,0.217976478975032,-0.591845344274662,2,0,-16.72498,50,0.4,0.6,40,"both",0.217976478975032,-0.591845344274662
"151",2,1,0.00337413795608049,-6.22884128285749,8.44764721623929,3,100,0.217976478975032,-0.591845344274662,2,0,-0.76688,50,0.4,0.6,40,"both",0.217976478975032,-0.591845344274662
"152",2,1,0.00337413795608049,-6.22884128285749,8.44764721623929,3,100,0.217976478975032,-0.591845344274662,2,1,6.92522,50,0.4,0.6,40,"both",0.217976478975032,-0.591845344274662
"153",2,1,0.00337413795608049,-6.22884128285749,8.44764721623929,3,100,0.217976478975032,-0.591845344274662,2,0,-13.03995,50,0.4,0.6,40,"both",0.217976478975032,-0.591845344274662
"154",2,1,0.00337413795608049,-6.22884128285749,8.44764721623929,3,100,0.217976478975032,-0.591845344274662,2,0,-14.78878,50,0.4,0.6,40,"both",0.217976478975032,-0.591845344274662
"155",2,1,0.00337413795608049,-6.22884128285749,8.44764721623929,3,100,0.217976478975032,-0.591845344274662,2,0,-9.64911,50,0.4,0.6,40,"both",0.217976478975032,-0.591845344274662
"156",2,1,0.00337413795608049,-6.22884128285749,8.44764721623929,3,100,0.217976478975032,-0.591845344274662,2,0,-14.57338,50,0.4,0.6,40,"both",0.217976478975032,-0.591845344274662
"157",2,1,0.00337413795608049,-6.22884128285749,8.44764721623929,3,100,0.217976478975032,-0.591845344274662,2,1,0.2793,50,0.4,0.6,40,"both",0.217976478975032,-0.591845344274662
"158",2,1,0.00337413795608049,-6.22884128285749,8.44764721623929,3,100,0.217976478975032,-0.591845344274662,2,1,-0.29169,50,0.4,0.6,40,"both",0.217976478975032,-0.591845344274662
"159",2,1,0.00337413795608049,-6.22884128285749,8.44764721623929,3,100,0.217976478975032,-0.591845344274662,2,0,1.74201,50,0.4,0.6,40,"both",0.217976478975032,-0.591845344274662
"160",2,1,0.00337413795608049,-6.22884128285749,8.44764721623929,3,100,0.217976478975032,-0.591845344274662,2,0,-12.99727,50,0.4,0.6,40,"both",0.217976478975032,-0.591845344274662
"161",2,1,0.00337413795608049,-6.22884128285749,8.44764721623929,3,100,0.217976478975032,-0.591845344274662,2,0,-16.67645,50,0.4,0.6,40,"both",0.217976478975032,-0.591845344274662
"162",2,1,0.00337413795608049,-6.22884128285749,8.44764721623929,3,100,0.217976478975032,-0.591845344274662,2,1,0.52925,50,0.4,0.6,40,"both",0.217976478975032,-0.591845344274662
"163",2,1,0.00337413795608049,-6.22884128285749,8.44764721623929,3,100,0.217976478975032,-0.591845344274662,2,0,-20.09355,50,0.4,0.6,40,"both",0.217976478975032,-0.591845344274662
"164",2,1,0.00337413795608049,-6.22884128285749,8.44764721623929,3,100,0.217976478975032,-0.591845344274662,2,1,0.14346,50,0.4,0.6,40,"both",0.217976478975032,-0.591845344274662
"165",2,1,0.00337413795608049,-6.22884128285749,8.44764721623929,3,100,0.217976478975032,-0.591845344274662,2,0,-11.61327,50,0.4,0.6,40,"both",0.217976478975032,-0.591845344274662
"166",2,1,0.00337413795608049,-6.22884128285749,8.44764721623929,3,100,0.217976478975032,-0.591845344274662,2,0,5.97257,50,0.4,0.6,40,"both",0.217976478975032,-0.591845344274662
"167",2,1,0.00337413795608049,-6.22884128285749,8.44764721623929,3,100,0.217976478975032,-0.591845344274662,2,1,1.75229,50,0.4,0.6,40,"both",0.217976478975032,-0.591845344274662
"168",2,1,0.00337413795608049,-6.22884128285749,8.44764721623929,3,100,0.217976478975032,-0.591845344274662,2,1,6.28526,50,0.4,0.6,40,"both",0.217976478975032,-0.591845344274662
"169",2,1,0.00337413795608049,-6.22884128285749,8.44764721623929,3,100,0.217976478975032,-0.591845344274662,2,0,-2.0188,50,0.4,0.6,40,"both",0.217976478975032,-0.591845344274662
"170",2,1,0.00337413795608049,-6.22884128285749,8.44764721623929,3,100,0.217976478975032,-0.591845344274662,2,0,-12.26519,50,0.4,0.6,40,"both",0.217976478975032,-0.591845344274662
"171",2,1,0.00337413795608049,-6.22884128285749,8.44764721623929,3,100,0.217976478975032,-0.591845344274662,2,1,2.06378,50,0.4,0.6,40,"both",0.217976478975032,-0.591845344274662
"172",2,1,0.00337413795608049,-6.22884128285749,8.44764721623929,3,100,0.217976478975032,-0.591845344274662,2,1,0.87869,50,0.4,0.6,40,"both",0.217976478975032,-0.591845344274662
"173",2,1,0.00337413795608049,-6.22884128285749,8.44764721623929,3,100,0.217976478975032,-0.591845344274662,2,1,0.34333,50,0.4,0.6,40,"both",0.217976478975032,-0.591845344274662
"174",2,1,0.00337413795608049,-6.22884128285749,8.44764721623929,3,100,0.217976478975032,-0.591845344274662,2,0,-13.02851,50,0.4,0.6,40,"both",0.217976478975032,-0.591845344274662
"175",2,1,0.00337413795608049,-6.22884128285749,8.44764721623929,3,100,0.217976478975032,-0.591845344274662,2,0,-10.38301,50,0.4,0.6,40,"both",0.217976478975032,-0.591845344274662
"176",2,1,0.00337413795608049,-6.22884128285749,8.44764721623929,3,100,0.217976478975032,-0.591845344274662,2,0,-11.34531,50,0.4,0.6,40,"both",0.217976478975032,-0.591845344274662
"177",2,1,0.00337413795608049,-6.22884128285749,8.44764721623929,3,100,0.217976478975032,-0.591845344274662,2,1,-1.4097,50,0.4,0.6,40,"both",0.217976478975032,-0.591845344274662
"178",2,1,0.00337413795608049,-6.22884128285749,8.44764721623929,3,100,0.217976478975032,-0.591845344274662,2,1,4.92053,50,0.4,0.6,40,"both",0.217976478975032,-0.591845344274662
"179",2,1,0.00337413795608049,-6.22884128285749,8.44764721623929,3,100,0.217976478975032,-0.591845344274662,2,1,-11.52916,50,0.4,0.6,40,"both",0.217976478975032,-0.591845344274662
"180",2,1,0.00337413795608049,-6.22884128285749,8.44764721623929,3,100,0.217976478975032,-0.591845344274662,2,0,-11.05571,50,0.4,0.6,40,"both",0.217976478975032,-0.591845344274662
"181",2,1,0.00337413795608049,-6.22884128285749,8.44764721623929,3,100,0.217976478975032,-0.591845344274662,2,1,2.23838,50,0.4,0.6,40,"both",0.217976478975032,-0.591845344274662
"182",2,1,0.00337413795608049,-6.22884128285749,8.44764721623929,3,100,0.217976478975032,-0.591845344274662,2,0,-13.58426,50,0.4,0.6,40,"both",0.217976478975032,-0.591845344274662
"183",2,1,0.00337413795608049,-6.22884128285749,8.44764721623929,3,100,0.217976478975032,-0.591845344274662,2,0,-15.56079,50,0.4,0.6,40,"both",0.217976478975032,-0.591845344274662
"184",2,1,0.00337413795608049,-6.22884128285749,8.44764721623929,3,100,0.217976478975032,-0.591845344274662,2,0,-8.18169,50,0.4,0.6,40,"both",0.217976478975032,-0.591845344274662
"185",2,1,0.00337413795608049,-6.22884128285749,8.44764721623929,3,100,0.217976478975032,-0.591845344274662,2,1,-0.90023,50,0.4,0.6,40,"both",0.217976478975032,-0.591845344274662
"186",2,1,0.00337413795608049,-6.22884128285749,8.44764721623929,3,100,0.217976478975032,-0.591845344274662,2,0,0.643529999999999,50,0.4,0.6,40,"both",0.217976478975032,-0.591845344274662
"187",2,1,0.00337413795608049,-6.22884128285749,8.44764721623929,3,100,0.217976478975032,-0.591845344274662,2,0,1.24815,50,0.4,0.6,40,"both",0.217976478975032,-0.591845344274662
"188",2,1,0.00337413795608049,-6.22884128285749,8.44764721623929,3,100,0.217976478975032,-0.591845344274662,2,1,2.75226,50,0.4,0.6,40,"both",0.217976478975032,-0.591845344274662
"189",2,1,0.00337413795608049,-6.22884128285749,8.44764721623929,3,100,0.217976478975032,-0.591845344274662,2,0,-18.45399,50,0.4,0.6,40,"both",0.217976478975032,-0.591845344274662
"190",2,1,0.00337413795608049,-6.22884128285749,8.44764721623929,3,100,0.217976478975032,-0.591845344274662,2,1,-13.28482,50,0.4,0.6,40,"both",0.217976478975032,-0.591845344274662
"191",2,1,0.00337413795608049,-6.22884128285749,8.44764721623929,3,100,0.217976478975032,-0.591845344274662,2,1,-12.42435,50,0.4,0.6,40,"both",0.217976478975032,-0.591845344274662
"192",2,1,0.00337413795608049,-6.22884128285749,8.44764721623929,3,100,0.217976478975032,-0.591845344274662,2,0,-10.84678,50,0.4,0.6,40,"both",0.217976478975032,-0.591845344274662
"193",2,1,0.00337413795608049,-6.22884128285749,8.44764721623929,3,100,0.217976478975032,-0.591845344274662,2,0,-10.65951,50,0.4,0.6,40,"both",0.217976478975032,-0.591845344274662
"194",2,1,0.00337413795608049,-6.22884128285749,8.44764721623929,3,100,0.217976478975032,-0.591845344274662,2,1,1.17114,50,0.4,0.6,40,"both",0.217976478975032,-0.591845344274662
"195",2,1,0.00337413795608049,-6.22884128285749,8.44764721623929,3,100,0.217976478975032,-0.591845344274662,2,0,4.59669,50,0.4,0.6,40,"both",0.217976478975032,-0.591845344274662
"196",2,1,0.00337413795608049,-6.22884128285749,8.44764721623929,3,100,0.217976478975032,-0.591845344274662,2,0,-17.3907,50,0.4,0.6,40,"both",0.217976478975032,-0.591845344274662
"197",2,1,0.00337413795608049,-6.22884128285749,8.44764721623929,3,100,0.217976478975032,-0.591845344274662,2,1,-9.22611,50,0.4,0.6,40,"both",0.217976478975032,-0.591845344274662
"198",2,1,0.00337413795608049,-6.22884128285749,8.44764721623929,3,100,0.217976478975032,-0.591845344274662,2,1,5.99676,50,0.4,0.6,40,"both",0.217976478975032,-0.591845344274662
"199",2,1,0.00337413795608049,-6.22884128285749,8.44764721623929,3,100,0.217976478975032,-0.591845344274662,2,1,0.72921,50,0.4,0.6,40,"both",0.217976478975032,-0.591845344274662
"200",2,1,0.00337413795608049,-6.22884128285749,8.44764721623929,3,100,0.217976478975032,-0.591845344274662,2,1,1.54547,50,0.4,0.6,40,"both",0.217976478975032,-0.591845344274662
"201",3,1,0.000411284858101906,-13.5501980710973,7.22260688637155,5,100,0.217976478975032,-0.591845344274662,3,1,-7.6474727271,50,0.4,0.6,40,"both",0.217976478975032,-0.591845344274662
"202",3,1,0.000411284858101906,-13.5501980710973,7.22260688637155,5,100,0.217976478975032,-0.591845344274662,3,0,-10.11210774649,50,0.4,0.6,40,"both",0.217976478975032,-0.591845344274662
"203",3,1,0.000411284858101906,-13.5501980710973,7.22260688637155,5,100,0.217976478975032,-0.591845344274662,3,1,-2.0011422587,50,0.4,0.6,40,"both",0.217976478975032,-0.591845344274662
"204",3,1,0.000411284858101906,-13.5501980710973,7.22260688637155,5,100,0.217976478975032,-0.591845344274662,3,1,-9.0186130303,50,0.4,0.6,40,"both",0.217976478975032,-0.591845344274662
"205",3,1,0.000411284858101906,-13.5501980710973,7.22260688637155,5,100,0.217976478975032,-0.591845344274662,3,0,-27.67754,50,0.4,0.6,40,"both",0.217976478975032,-0.591845344274662
"206",3,1,0.000411284858101906,-13.5501980710973,7.22260688637155,5,100,0.217976478975032,-0.591845344274662,3,0,-45.33,50,0.4,0.6,40,"both",0.217976478975032,-0.591845344274662
"207",3,1,0.000411284858101906,-13.5501980710973,7.22260688637155,5,100,0.217976478975032,-0.591845344274662,3,0,-9.8463686576,50,0.4,0.6,40,"both",0.217976478975032,-0.591845344274662
"208",3,1,0.000411284858101906,-13.5501980710973,7.22260688637155,5,100,0.217976478975032,-0.591845344274662,3,1,-22.49538,50,0.4,0.6,40,"both",0.217976478975032,-0.591845344274662
"209",3,1,0.000411284858101906,-13.5501980710973,7.22260688637155,5,100,0.217976478975032,-0.591845344274662,3,1,-8.3511852497,50,0.4,0.6,40,"both",0.217976478975032,-0.591845344274662
"210",3,1,0.000411284858101906,-13.5501980710973,7.22260688637155,5,100,0.217976478975032,-0.591845344274662,3,0,-12.75569,50,0.4,0.6,40,"both",0.217976478975032,-0.591845344274662
"211",3,1,0.000411284858101906,-13.5501980710973,7.22260688637155,5,100,0.217976478975032,-0.591845344274662,3,1,-10.4765623904,50,0.4,0.6,40,"both",0.217976478975032,-0.591845344274662
"212",3,1,0.000411284858101906,-13.5501980710973,7.22260688637155,5,100,0.217976478975032,-0.591845344274662,3,0,-45.2378,50,0.4,0.6,40,"both",0.217976478975032,-0.591845344274662
"213",3,1,0.000411284858101906,-13.5501980710973,7.22260688637155,5,100,0.217976478975032,-0.591845344274662,3,0,-46.6186,50,0.4,0.6,40,"both",0.217976478975032,-0.591845344274662
"214",3,1,0.000411284858101906,-13.5501980710973,7.22260688637155,5,100,0.217976478975032,-0.591845344274662,3,1,-2.785,50,0.4,0.6,40,"both",0.217976478975032,-0.591845344274662
"215",3,1,0.000411284858101906,-13.5501980710973,7.22260688637155,5,100,0.217976478975032,-0.591845344274662,3,1,25.38454,50,0.4,0.6,40,"both",0.217976478975032,-0.591845344274662
"216",3,1,0.000411284858101906,-13.5501980710973,7.22260688637155,5,100,0.217976478975032,-0.591845344274662,3,0,-18.11189,50,0.4,0.6,40,"both",0.217976478975032,-0.591845344274662
"217",3,1,0.000411284858101906,-13.5501980710973,7.22260688637155,5,100,0.217976478975032,-0.591845344274662,3,0,-29.1632,50,0.4,0.6,40,"both",0.217976478975032,-0.591845344274662
"218",3,1,0.000411284858101906,-13.5501980710973,7.22260688637155,5,100,0.217976478975032,-0.591845344274662,3,0,-26.2269,50,0.4,0.6,40,"both",0.217976478975032,-0.591845344274662
"219",3,1,0.000411284858101906,-13.5501980710973,7.22260688637155,5,100,0.217976478975032,-0.591845344274662,3,1,-9.9673,50,0.4,0.6,40,"both",0.217976478975032,-0.591845344274662
"220",3,1,0.000411284858101906,-13.5501980710973,7.22260688637155,5,100,0.217976478975032,-0.591845344274662,3,0,-33.4894,50,0.4,0.6,40,"both",0.217976478975032,-0.591845344274662
"221",3,1,0.000411284858101906,-13.5501980710973,7.22260688637155,5,100,0.217976478975032,-0.591845344274662,3,0,-19.94396,50,0.4,0.6,40,"both",0.217976478975032,-0.591845344274662
"222",3,1,0.000411284858101906,-13.5501980710973,7.22260688637155,5,100,0.217976478975032,-0.591845344274662,3,0,-12.54568535,50,0.4,0.6,40,"both",0.217976478975032,-0.591845344274662
"223",3,1,0.000411284858101906,-13.5501980710973,7.22260688637155,5,100,0.217976478975032,-0.591845344274662,3,1,-4.11791,50,0.4,0.6,40,"both",0.217976478975032,-0.591845344274662
"224",3,1,0.000411284858101906,-13.5501980710973,7.22260688637155,5,100,0.217976478975032,-0.591845344274662,3,1,-15.70379,50,0.4,0.6,40,"both",0.217976478975032,-0.591845344274662
"225",3,1,0.000411284858101906,-13.5501980710973,7.22260688637155,5,100,0.217976478975032,-0.591845344274662,3,0,-18.51586,50,0.4,0.6,40,"both",0.217976478975032,-0.591845344274662
"226",3,1,0.000411284858101906,-13.5501980710973,7.22260688637155,5,100,0.217976478975032,-0.591845344274662,3,0,-26.1424,50,0.4,0.6,40,"both",0.217976478975032,-0.591845344274662
"227",3,1,0.000411284858101906,-13.5501980710973,7.22260688637155,5,100,0.217976478975032,-0.591845344274662,3,1,-20.49783,50,0.4,0.6,40,"both",0.217976478975032,-0.591845344274662
"228",3,1,0.000411284858101906,-13.5501980710973,7.22260688637155,5,100,0.217976478975032,-0.591845344274662,3,0,-29.5207,50,0.4,0.6,40,"both",0.217976478975032,-0.591845344274662
"229",3,1,0.000411284858101906,-13.5501980710973,7.22260688637155,5,100,0.217976478975032,-0.591845344274662,3,1,-8.05319,50,0.4,0.6,40,"both",0.217976478975032,-0.591845344274662
"230",3,1,0.000411284858101906,-13.5501980710973,7.22260688637155,5,100,0.217976478975032,-0.591845344274662,3,0,-31.601,50,0.4,0.6,40,"both",0.217976478975032,-0.591845344274662
"231",3,1,0.000411284858101906,-13.5501980710973,7.22260688637155,5,100,0.217976478975032,-0.591845344274662,3,1,-2.09929,50,0.4,0.6,40,"both",0.217976478975032,-0.591845344274662
"232",3,1,0.000411284858101906,-13.5501980710973,7.22260688637155,5,100,0.217976478975032,-0.591845344274662,3,0,-19.60936,50,0.4,0.6,40,"both",0.217976478975032,-0.591845344274662
"233",3,1,0.000411284858101906,-13.5501980710973,7.22260688637155,5,100,0.217976478975032,-0.591845344274662,3,1,-5.77188,50,0.4,0.6,40,"both",0.217976478975032,-0.591845344274662
"234",3,1,0.000411284858101906,-13.5501980710973,7.22260688637155,5,100,0.217976478975032,-0.591845344274662,3,0,-21.36442,50,0.4,0.6,40,"both",0.217976478975032,-0.591845344274662
"235",3,1,0.000411284858101906,-13.5501980710973,7.22260688637155,5,100,0.217976478975032,-0.591845344274662,3,1,-3.6728,50,0.4,0.6,40,"both",0.217976478975032,-0.591845344274662
"236",3,1,0.000411284858101906,-13.5501980710973,7.22260688637155,5,100,0.217976478975032,-0.591845344274662,3,0,-22.32751,50,0.4,0.6,40,"both",0.217976478975032,-0.591845344274662
"237",3,1,0.000411284858101906,-13.5501980710973,7.22260688637155,5,100,0.217976478975032,-0.591845344274662,3,0,-19.29031,50,0.4,0.6,40,"both",0.217976478975032,-0.591845344274662
"238",3,1,0.000411284858101906,-13.5501980710973,7.22260688637155,5,100,0.217976478975032,-0.591845344274662,3,0,-19.3702,50,0.4,0.6,40,"both",0.217976478975032,-0.591845344274662
"239",3,1,0.000411284858101906,-13.5501980710973,7.22260688637155,5,100,0.217976478975032,-0.591845344274662,3,0,-20.85103,50,0.4,0.6,40,"both",0.217976478975032,-0.591845344274662
"240",3,1,0.000411284858101906,-13.5501980710973,7.22260688637155,5,100,0.217976478975032,-0.591845344274662,3,1,-9.68991,50,0.4,0.6,40,"both",0.217976478975032,-0.591845344274662
"241",3,1,0.000411284858101906,-13.5501980710973,7.22260688637155,5,100,0.217976478975032,-0.591845344274662,3,1,-2.35558,50,0.4,0.6,40,"both",0.217976478975032,-0.591845344274662
"242",3,1,0.000411284858101906,-13.5501980710973,7.22260688637155,5,100,0.217976478975032,-0.591845344274662,3,1,-18.85322,50,0.4,0.6,40,"both",0.217976478975032,-0.591845344274662
"243",3,1,0.000411284858101906,-13.5501980710973,7.22260688637155,5,100,0.217976478975032,-0.591845344274662,3,1,-4.54546,50,0.4,0.6,40,"both",0.217976478975032,-0.591845344274662
"244",3,1,0.000411284858101906,-13.5501980710973,7.22260688637155,5,100,0.217976478975032,-0.591845344274662,3,0,-19.3491,50,0.4,0.6,40,"both",0.217976478975032,-0.591845344274662
"245",3,1,0.000411284858101906,-13.5501980710973,7.22260688637155,5,100,0.217976478975032,-0.591845344274662,3,0,-23.45967,50,0.4,0.6,40,"both",0.217976478975032,-0.591845344274662
"246",3,1,0.000411284858101906,-13.5501980710973,7.22260688637155,5,100,0.217976478975032,-0.591845344274662,3,0,-19.57967,50,0.4,0.6,40,"both",0.217976478975032,-0.591845344274662
"247",3,1,0.000411284858101906,-13.5501980710973,7.22260688637155,5,100,0.217976478975032,-0.591845344274662,3,0,-20.29122,50,0.4,0.6,40,"both",0.217976478975032,-0.591845344274662
"248",3,1,0.000411284858101906,-13.5501980710973,7.22260688637155,5,100,0.217976478975032,-0.591845344274662,3,1,-19.15968,50,0.4,0.6,40,"both",0.217976478975032,-0.591845344274662
"249",3,1,0.000411284858101906,-13.5501980710973,7.22260688637155,5,100,0.217976478975032,-0.591845344274662,3,0,-16.96811,50,0.4,0.6,40,"both",0.217976478975032,-0.591845344274662
"250",3,1,0.000411284858101906,-13.5501980710973,7.22260688637155,5,100,0.217976478975032,-0.591845344274662,3,0,-26.7428,50,0.4,0.6,40,"both",0.217976478975032,-0.591845344274662
"251",3,1,0.000411284858101906,-13.5501980710973,7.22260688637155,5,100,0.217976478975032,-0.591845344274662,3,0,-18.5706,50,0.4,0.6,40,"both",0.217976478975032,-0.591845344274662
"252",3,1,0.000411284858101906,-13.5501980710973,7.22260688637155,5,100,0.217976478975032,-0.591845344274662,3,0,-19.58529,50,0.4,0.6,40,"both",0.217976478975032,-0.591845344274662
"253",3,1,0.000411284858101906,-13.5501980710973,7.22260688637155,5,100,0.217976478975032,-0.591845344274662,3,1,-18.48774,50,0.4,0.6,40,"both",0.217976478975032,-0.591845344274662
"254",3,1,0.000411284858101906,-13.5501980710973,7.22260688637155,5,100,0.217976478975032,-0.591845344274662,3,1,-5.94446,50,0.4,0.6,40,"both",0.217976478975032,-0.591845344274662
"255",3,1,0.000411284858101906,-13.5501980710973,7.22260688637155,5,100,0.217976478975032,-0.591845344274662,3,1,-7.53671,50,0.4,0.6,40,"both",0.217976478975032,-0.591845344274662
"256",3,1,0.000411284858101906,-13.5501980710973,7.22260688637155,5,100,0.217976478975032,-0.591845344274662,3,0,-22.91549,50,0.4,0.6,40,"both",0.217976478975032,-0.591845344274662
"257",3,1,0.000411284858101906,-13.5501980710973,7.22260688637155,5,100,0.217976478975032,-0.591845344274662,3,1,-8.65684,50,0.4,0.6,40,"both",0.217976478975032,-0.591845344274662
"258",3,1,0.000411284858101906,-13.5501980710973,7.22260688637155,5,100,0.217976478975032,-0.591845344274662,3,0,-8.33692,50,0.4,0.6,40,"both",0.217976478975032,-0.591845344274662
"259",3,1,0.000411284858101906,-13.5501980710973,7.22260688637155,5,100,0.217976478975032,-0.591845344274662,3,0,-19.62115,50,0.4,0.6,40,"both",0.217976478975032,-0.591845344274662
"260",3,1,0.000411284858101906,-13.5501980710973,7.22260688637155,5,100,0.217976478975032,-0.591845344274662,3,1,-2.2365,50,0.4,0.6,40,"both",0.217976478975032,-0.591845344274662
"261",3,1,0.000411284858101906,-13.5501980710973,7.22260688637155,5,100,0.217976478975032,-0.591845344274662,3,0,-21.21895,50,0.4,0.6,40,"both",0.217976478975032,-0.591845344274662
"262",3,1,0.000411284858101906,-13.5501980710973,7.22260688637155,5,100,0.217976478975032,-0.591845344274662,3,1,-16.19172,50,0.4,0.6,40,"both",0.217976478975032,-0.591845344274662
"263",3,1,0.000411284858101906,-13.5501980710973,7.22260688637155,5,100,0.217976478975032,-0.591845344274662,3,0,-9.43022,50,0.4,0.6,40,"both",0.217976478975032,-0.591845344274662
"264",3,1,0.000411284858101906,-13.5501980710973,7.22260688637155,5,100,0.217976478975032,-0.591845344274662,3,1,-7.04691,50,0.4,0.6,40,"both",0.217976478975032,-0.591845344274662
"265",3,1,0.000411284858101906,-13.5501980710973,7.22260688637155,5,100,0.217976478975032,-0.591845344274662,3,1,-0.6868,50,0.4,0.6,40,"both",0.217976478975032,-0.591845344274662
"266",3,1,0.000411284858101906,-13.5501980710973,7.22260688637155,5,100,0.217976478975032,-0.591845344274662,3,0,-20.67931,50,0.4,0.6,40,"both",0.217976478975032,-0.591845344274662
"267",3,1,0.000411284858101906,-13.5501980710973,7.22260688637155,5,100,0.217976478975032,-0.591845344274662,3,1,-5.65415,50,0.4,0.6,40,"both",0.217976478975032,-0.591845344274662
"268",3,1,0.000411284858101906,-13.5501980710973,7.22260688637155,5,100,0.217976478975032,-0.591845344274662,3,0,-24.6756,50,0.4,0.6,40,"both",0.217976478975032,-0.591845344274662
"269",3,1,0.000411284858101906,-13.5501980710973,7.22260688637155,5,100,0.217976478975032,-0.591845344274662,3,0,-19.04445,50,0.4,0.6,40,"both",0.217976478975032,-0.591845344274662
"270",3,1,0.000411284858101906,-13.5501980710973,7.22260688637155,5,100,0.217976478975032,-0.591845344274662,3,1,-5.87468,50,0.4,0.6,40,"both",0.217976478975032,-0.591845344274662
"271",3,1,0.000411284858101906,-13.5501980710973,7.22260688637155,5,100,0.217976478975032,-0.591845344274662,3,1,-18.03257,50,0.4,0.6,40,"both",0.217976478975032,-0.591845344274662
"272",3,1,0.000411284858101906,-13.5501980710973,7.22260688637155,5,100,0.217976478975032,-0.591845344274662,3,1,-9.3863,50,0.4,0.6,40,"both",0.217976478975032,-0.591845344274662
"273",3,1,0.000411284858101906,-13.5501980710973,7.22260688637155,5,100,0.217976478975032,-0.591845344274662,3,1,-9.09274,50,0.4,0.6,40,"both",0.217976478975032,-0.591845344274662
"274",3,1,0.000411284858101906,-13.5501980710973,7.22260688637155,5,100,0.217976478975032,-0.591845344274662,3,0,-21.25253,50,0.4,0.6,40,"both",0.217976478975032,-0.591845344274662
"275",3,1,0.000411284858101906,-13.5501980710973,7.22260688637155,5,100,0.217976478975032,-0.591845344274662,3,0,-20.29854,50,0.4,0.6,40,"both",0.217976478975032,-0.591845344274662
"276",3,1,0.000411284858101906,-13.5501980710973,7.22260688637155,5,100,0.217976478975032,-0.591845344274662,3,0,-19.2052,50,0.4,0.6,40,"both",0.217976478975032,-0.591845344274662
"277",3,1,0.000411284858101906,-13.5501980710973,7.22260688637155,5,100,0.217976478975032,-0.591845344274662,3,0,-20.76559,50,0.4,0.6,40,"both",0.217976478975032,-0.591845344274662
"278",3,1,0.000411284858101906,-13.5501980710973,7.22260688637155,5,100,0.217976478975032,-0.591845344274662,3,1,-9.6539,50,0.4,0.6,40,"both",0.217976478975032,-0.591845344274662
"279",3,1,0.000411284858101906,-13.5501980710973,7.22260688637155,5,100,0.217976478975032,-0.591845344274662,3,1,-6.57793,50,0.4,0.6,40,"both",0.217976478975032,-0.591845344274662
"280",3,1,0.000411284858101906,-13.5501980710973,7.22260688637155,5,100,0.217976478975032,-0.591845344274662,3,0,-18.22031,50,0.4,0.6,40,"both",0.217976478975032,-0.591845344274662
"281",3,1,0.000411284858101906,-13.5501980710973,7.22260688637155,5,100,0.217976478975032,-0.591845344274662,3,1,-6.22091,50,0.4,0.6,40,"both",0.217976478975032,-0.591845344274662
"282",3,1,0.000411284858101906,-13.5501980710973,7.22260688637155,5,100,0.217976478975032,-0.591845344274662,3,1,-17.62865,50,0.4,0.6,40,"both",0.217976478975032,-0.591845344274662
"283",3,1,0.000411284858101906,-13.5501980710973,7.22260688637155,5,100,0.217976478975032,-0.591845344274662,3,0,-7.54982,50,0.4,0.6,40,"both",0.217976478975032,-0.591845344274662
"284",3,1,0.000411284858101906,-13.5501980710973,7.22260688637155,5,100,0.217976478975032,-0.591845344274662,3,1,-7.80232,50,0.4,0.6,40,"both",0.217976478975032,-0.591845344274662
"285",3,1,0.000411284858101906,-13.5501980710973,7.22260688637155,5,100,0.217976478975032,-0.591845344274662,3,1,-9.49366,50,0.4,0.6,40,"both",0.217976478975032,-0.591845344274662
"286",3,1,0.000411284858101906,-13.5501980710973,7.22260688637155,5,100,0.217976478975032,-0.591845344274662,3,0,-19.74833,50,0.4,0.6,40,"both",0.217976478975032,-0.591845344274662
"287",3,1,0.000411284858101906,-13.5501980710973,7.22260688637155,5,100,0.217976478975032,-0.591845344274662,3,1,-16.99985,50,0.4,0.6,40,"both",0.217976478975032,-0.591845344274662
"288",3,1,0.000411284858101906,-13.5501980710973,7.22260688637155,5,100,0.217976478975032,-0.591845344274662,3,0,-22.31253,50,0.4,0.6,40,"both",0.217976478975032,-0.591845344274662
"289",3,1,0.000411284858101906,-13.5501980710973,7.22260688637155,5,100,0.217976478975032,-0.591845344274662,3,1,-6.55737,50,0.4,0.6,40,"both",0.217976478975032,-0.591845344274662
"290",3,1,0.000411284858101906,-13.5501980710973,7.22260688637155,5,100,0.217976478975032,-0.591845344274662,3,1,-7.4932,50,0.4,0.6,40,"both",0.217976478975032,-0.591845344274662
"291",3,1,0.000411284858101906,-13.5501980710973,7.22260688637155,5,100,0.217976478975032,-0.591845344274662,3,0,-20.51023,50,0.4,0.6,40,"both",0.217976478975032,-0.591845344274662
"292",3,1,0.000411284858101906,-13.5501980710973,7.22260688637155,5,100,0.217976478975032,-0.591845344274662,3,1,-9.29513,50,0.4,0.6,40,"both",0.217976478975032,-0.591845344274662
"293",3,1,0.000411284858101906,-13.5501980710973,7.22260688637155,5,100,0.217976478975032,-0.591845344274662,3,0,-23.72186,50,0.4,0.6,40,"both",0.217976478975032,-0.591845344274662
"294",3,1,0.000411284858101906,-13.5501980710973,7.22260688637155,5,100,0.217976478975032,-0.591845344274662,3,0,-22.01315,50,0.4,0.6,40,"both",0.217976478975032,-0.591845344274662
"295",3,1,0.000411284858101906,-13.5501980710973,7.22260688637155,5,100,0.217976478975032,-0.591845344274662,3,0,-21.74327,50,0.4,0.6,40,"both",0.217976478975032,-0.591845344274662
"296",3,1,0.000411284858101906,-13.5501980710973,7.22260688637155,5,100,0.217976478975032,-0.591845344274662,3,0,-11.90052,50,0.4,0.6,40,"both",0.217976478975032,-0.591845344274662
"297",3,1,0.000411284858101906,-13.5501980710973,7.22260688637155,5,100,0.217976478975032,-0.591845344274662,3,0,-20.63286,50,0.4,0.6,40,"both",0.217976478975032,-0.591845344274662
"298",3,1,0.000411284858101906,-13.5501980710973,7.22260688637155,5,100,0.217976478975032,-0.591845344274662,3,1,-8.5714,50,0.4,0.6,40,"both",0.217976478975032,-0.591845344274662
"299",3,1,0.000411284858101906,-13.5501980710973,7.22260688637155,5,100,0.217976478975032,-0.591845344274662,3,0,-10.62322,50,0.4,0.6,40,"both",0.217976478975032,-0.591845344274662
"300",3,1,0.000411284858101906,-13.5501980710973,7.22260688637155,5,100,0.217976478975032,-0.591845344274662,3,0,-20.01418,50,0.4,0.6,40,"both",0.217976478975032,-0.591845344274662
"301",4,1,0.00677577325969402,-16.7863602841985,14.8215274889955,7,100,0.217976478975032,-0.591845344274662,4,1,-8.5474958195,50,0.4,0.6,40,"both",0.217976478975032,-0.591845344274662
"302",4,1,0.00677577325969402,-16.7863602841985,14.8215274889955,7,100,0.217976478975032,-0.591845344274662,4,1,-10.1736383995,50,0.4,0.6,40,"both",0.217976478975032,-0.591845344274662
"303",4,1,0.00677577325969402,-16.7863602841985,14.8215274889955,7,100,0.217976478975032,-0.591845344274662,4,1,-16.319239926,50,0.4,0.6,40,"both",0.217976478975032,-0.591845344274662
"304",4,1,0.00677577325969402,-16.7863602841985,14.8215274889955,7,100,0.217976478975032,-0.591845344274662,4,0,-19.9560726634,50,0.4,0.6,40,"both",0.217976478975032,-0.591845344274662
"305",4,1,0.00677577325969402,-16.7863602841985,14.8215274889955,7,100,0.217976478975032,-0.591845344274662,4,0,-28.9994,50,0.4,0.6,40,"both",0.217976478975032,-0.591845344274662
"306",4,1,0.00677577325969402,-16.7863602841985,14.8215274889955,7,100,0.217976478975032,-0.591845344274662,4,0,-28.5017,50,0.4,0.6,40,"both",0.217976478975032,-0.591845344274662
"307",4,1,0.00677577325969402,-16.7863602841985,14.8215274889955,7,100,0.217976478975032,-0.591845344274662,4,0,-20.10771,50,0.4,0.6,40,"both",0.217976478975032,-0.591845344274662
"308",4,1,0.00677577325969402,-16.7863602841985,14.8215274889955,7,100,0.217976478975032,-0.591845344274662,4,1,-18.03687,50,0.4,0.6,40,"both",0.217976478975032,-0.591845344274662
"309",4,1,0.00677577325969402,-16.7863602841985,14.8215274889955,7,100,0.217976478975032,-0.591845344274662,4,1,-14.84408,50,0.4,0.6,40,"both",0.217976478975032,-0.591845344274662
"310",4,1,0.00677577325969402,-16.7863602841985,14.8215274889955,7,100,0.217976478975032,-0.591845344274662,4,0,-13.49506,50,0.4,0.6,40,"both",0.217976478975032,-0.591845344274662
"311",4,1,0.00677577325969402,-16.7863602841985,14.8215274889955,7,100,0.217976478975032,-0.591845344274662,4,0,-14.19287665,50,0.4,0.6,40,"both",0.217976478975032,-0.591845344274662
"312",4,1,0.00677577325969402,-16.7863602841985,14.8215274889955,7,100,0.217976478975032,-0.591845344274662,4,0,-19.39863,50,0.4,0.6,40,"both",0.217976478975032,-0.591845344274662
"313",4,1,0.00677577325969402,-16.7863602841985,14.8215274889955,7,100,0.217976478975032,-0.591845344274662,4,1,-10.19435,50,0.4,0.6,40,"both",0.217976478975032,-0.591845344274662
"314",4,1,0.00677577325969402,-16.7863602841985,14.8215274889955,7,100,0.217976478975032,-0.591845344274662,4,0,-18.57269,50,0.4,0.6,40,"both",0.217976478975032,-0.591845344274662
"315",4,1,0.00677577325969402,-16.7863602841985,14.8215274889955,7,100,0.217976478975032,-0.591845344274662,4,0,-21.12448,50,0.4,0.6,40,"both",0.217976478975032,-0.591845344274662
"316",4,1,0.00677577325969402,-16.7863602841985,14.8215274889955,7,100,0.217976478975032,-0.591845344274662,4,0,-11.94052,50,0.4,0.6,40,"both",0.217976478975032,-0.591845344274662
"317",4,1,0.00677577325969402,-16.7863602841985,14.8215274889955,7,100,0.217976478975032,-0.591845344274662,4,0,-15.64585,50,0.4,0.6,40,"both",0.217976478975032,-0.591845344274662
"318",4,1,0.00677577325969402,-16.7863602841985,14.8215274889955,7,100,0.217976478975032,-0.591845344274662,4,1,-13.30634,50,0.4,0.6,40,"both",0.217976478975032,-0.591845344274662
"319",4,1,0.00677577325969402,-16.7863602841985,14.8215274889955,7,100,0.217976478975032,-0.591845344274662,4,0,-16.42451,50,0.4,0.6,40,"both",0.217976478975032,-0.591845344274662
"320",4,1,0.00677577325969402,-16.7863602841985,14.8215274889955,7,100,0.217976478975032,-0.591845344274662,4,1,-9.02372,50,0.4,0.6,40,"both",0.217976478975032,-0.591845344274662
"321",4,1,0.00677577325969402,-16.7863602841985,14.8215274889955,7,100,0.217976478975032,-0.591845344274662,4,1,2.96214,50,0.4,0.6,40,"both",0.217976478975032,-0.591845344274662
"322",4,1,0.00677577325969402,-16.7863602841985,14.8215274889955,7,100,0.217976478975032,-0.591845344274662,4,1,-1.95546,50,0.4,0.6,40,"both",0.217976478975032,-0.591845344274662
"323",4,1,0.00677577325969402,-16.7863602841985,14.8215274889955,7,100,0.217976478975032,-0.591845344274662,4,0,-17.27053,50,0.4,0.6,40,"both",0.217976478975032,-0.591845344274662
"324",4,1,0.00677577325969402,-16.7863602841985,14.8215274889955,7,100,0.217976478975032,-0.591845344274662,4,0,-13.94889,50,0.4,0.6,40,"both",0.217976478975032,-0.591845344274662
"325",4,1,0.00677577325969402,-16.7863602841985,14.8215274889955,7,100,0.217976478975032,-0.591845344274662,4,1,-15.86768,50,0.4,0.6,40,"both",0.217976478975032,-0.591845344274662
"326",4,1,0.00677577325969402,-16.7863602841985,14.8215274889955,7,100,0.217976478975032,-0.591845344274662,4,1,1.3654,50,0.4,0.6,40,"both",0.217976478975032,-0.591845344274662
"327",4,1,0.00677577325969402,-16.7863602841985,14.8215274889955,7,100,0.217976478975032,-0.591845344274662,4,0,-11.35714,50,0.4,0.6,40,"both",0.217976478975032,-0.591845344274662
"328",4,1,0.00677577325969402,-16.7863602841985,14.8215274889955,7,100,0.217976478975032,-0.591845344274662,4,1,-26.5353,50,0.4,0.6,40,"both",0.217976478975032,-0.591845344274662
"329",4,1,0.00677577325969402,-16.7863602841985,14.8215274889955,7,100,0.217976478975032,-0.591845344274662,4,1,-19.09617,50,0.4,0.6,40,"both",0.217976478975032,-0.591845344274662
"330",4,1,0.00677577325969402,-16.7863602841985,14.8215274889955,7,100,0.217976478975032,-0.591845344274662,4,1,8.7525,50,0.4,0.6,40,"both",0.217976478975032,-0.591845344274662
"331",4,1,0.00677577325969402,-16.7863602841985,14.8215274889955,7,100,0.217976478975032,-0.591845344274662,4,1,0.21781,50,0.4,0.6,40,"both",0.217976478975032,-0.591845344274662
"332",4,1,0.00677577325969402,-16.7863602841985,14.8215274889955,7,100,0.217976478975032,-0.591845344274662,4,1,-2.7598,50,0.4,0.6,40,"both",0.217976478975032,-0.591845344274662
"333",4,1,0.00677577325969402,-16.7863602841985,14.8215274889955,7,100,0.217976478975032,-0.591845344274662,4,1,8.01631,50,0.4,0.6,40,"both",0.217976478975032,-0.591845344274662
"334",4,1,0.00677577325969402,-16.7863602841985,14.8215274889955,7,100,0.217976478975032,-0.591845344274662,4,1,-5.93421,50,0.4,0.6,40,"both",0.217976478975032,-0.591845344274662
"335",4,1,0.00677577325969402,-16.7863602841985,14.8215274889955,7,100,0.217976478975032,-0.591845344274662,4,0,-22.05715,50,0.4,0.6,40,"both",0.217976478975032,-0.591845344274662
"336",4,1,0.00677577325969402,-16.7863602841985,14.8215274889955,7,100,0.217976478975032,-0.591845344274662,4,1,-19.07079,50,0.4,0.6,40,"both",0.217976478975032,-0.591845344274662
"337",4,1,0.00677577325969402,-16.7863602841985,14.8215274889955,7,100,0.217976478975032,-0.591845344274662,4,0,-30.1478,50,0.4,0.6,40,"both",0.217976478975032,-0.591845344274662
"338",4,1,0.00677577325969402,-16.7863602841985,14.8215274889955,7,100,0.217976478975032,-0.591845344274662,4,1,-5.29052,50,0.4,0.6,40,"both",0.217976478975032,-0.591845344274662
"339",4,1,0.00677577325969402,-16.7863602841985,14.8215274889955,7,100,0.217976478975032,-0.591845344274662,4,1,-4.72904,50,0.4,0.6,40,"both",0.217976478975032,-0.591845344274662
"340",4,1,0.00677577325969402,-16.7863602841985,14.8215274889955,7,100,0.217976478975032,-0.591845344274662,4,1,-2.0799,50,0.4,0.6,40,"both",0.217976478975032,-0.591845344274662
"341",4,1,0.00677577325969402,-16.7863602841985,14.8215274889955,7,100,0.217976478975032,-0.591845344274662,4,1,13.4218,50,0.4,0.6,40,"both",0.217976478975032,-0.591845344274662
"342",4,1,0.00677577325969402,-16.7863602841985,14.8215274889955,7,100,0.217976478975032,-0.591845344274662,4,0,-25.35872,50,0.4,0.6,40,"both",0.217976478975032,-0.591845344274662
"343",4,1,0.00677577325969402,-16.7863602841985,14.8215274889955,7,100,0.217976478975032,-0.591845344274662,4,1,0.448539999999999,50,0.4,0.6,40,"both",0.217976478975032,-0.591845344274662
"344",4,1,0.00677577325969402,-16.7863602841985,14.8215274889955,7,100,0.217976478975032,-0.591845344274662,4,0,-21.14775,50,0.4,0.6,40,"both",0.217976478975032,-0.591845344274662
"345",4,1,0.00677577325969402,-16.7863602841985,14.8215274889955,7,100,0.217976478975032,-0.591845344274662,4,0,-33.5226,50,0.4,0.6,40,"both",0.217976478975032,-0.591845344274662
"346",4,1,0.00677577325969402,-16.7863602841985,14.8215274889955,7,100,0.217976478975032,-0.591845344274662,4,0,-22.74476,50,0.4,0.6,40,"both",0.217976478975032,-0.591845344274662
"347",4,1,0.00677577325969402,-16.7863602841985,14.8215274889955,7,100,0.217976478975032,-0.591845344274662,4,0,-19.69394,50,0.4,0.6,40,"both",0.217976478975032,-0.591845344274662
"348",4,1,0.00677577325969402,-16.7863602841985,14.8215274889955,7,100,0.217976478975032,-0.591845344274662,4,0,-23.64012,50,0.4,0.6,40,"both",0.217976478975032,-0.591845344274662
"349",4,1,0.00677577325969402,-16.7863602841985,14.8215274889955,7,100,0.217976478975032,-0.591845344274662,4,1,-3.03429,50,0.4,0.6,40,"both",0.217976478975032,-0.591845344274662
"350",4,1,0.00677577325969402,-16.7863602841985,14.8215274889955,7,100,0.217976478975032,-0.591845344274662,4,1,-20.25578,50,0.4,0.6,40,"both",0.217976478975032,-0.591845344274662
"351",4,1,0.00677577325969402,-16.7863602841985,14.8215274889955,7,100,0.217976478975032,-0.591845344274662,4,0,-5.43269,50,0.4,0.6,40,"both",0.217976478975032,-0.591845344274662
"352",4,1,0.00677577325969402,-16.7863602841985,14.8215274889955,7,100,0.217976478975032,-0.591845344274662,4,0,-23.34485,50,0.4,0.6,40,"both",0.217976478975032,-0.591845344274662
"353",4,1,0.00677577325969402,-16.7863602841985,14.8215274889955,7,100,0.217976478975032,-0.591845344274662,4,1,-7.63449,50,0.4,0.6,40,"both",0.217976478975032,-0.591845344274662
"354",4,1,0.00677577325969402,-16.7863602841985,14.8215274889955,7,100,0.217976478975032,-0.591845344274662,4,0,-25.6952,50,0.4,0.6,40,"both",0.217976478975032,-0.591845344274662
"355",4,1,0.00677577325969402,-16.7863602841985,14.8215274889955,7,100,0.217976478975032,-0.591845344274662,4,1,-19.67051,50,0.4,0.6,40,"both",0.217976478975032,-0.591845344274662
"356",4,1,0.00677577325969402,-16.7863602841985,14.8215274889955,7,100,0.217976478975032,-0.591845344274662,4,0,-25.00536,50,0.4,0.6,40,"both",0.217976478975032,-0.591845344274662
"357",4,1,0.00677577325969402,-16.7863602841985,14.8215274889955,7,100,0.217976478975032,-0.591845344274662,4,0,-21.42338,50,0.4,0.6,40,"both",0.217976478975032,-0.591845344274662
"358",4,1,0.00677577325969402,-16.7863602841985,14.8215274889955,7,100,0.217976478975032,-0.591845344274662,4,1,-2.8068,50,0.4,0.6,40,"both",0.217976478975032,-0.591845344274662
"359",4,1,0.00677577325969402,-16.7863602841985,14.8215274889955,7,100,0.217976478975032,-0.591845344274662,4,1,-4.28843,50,0.4,0.6,40,"both",0.217976478975032,-0.591845344274662
"360",4,1,0.00677577325969402,-16.7863602841985,14.8215274889955,7,100,0.217976478975032,-0.591845344274662,4,0,-30.0524,50,0.4,0.6,40,"both",0.217976478975032,-0.591845344274662
"361",4,1,0.00677577325969402,-16.7863602841985,14.8215274889955,7,100,0.217976478975032,-0.591845344274662,4,0,-19.8608,50,0.4,0.6,40,"both",0.217976478975032,-0.591845344274662
"362",4,1,0.00677577325969402,-16.7863602841985,14.8215274889955,7,100,0.217976478975032,-0.591845344274662,4,0,-20.07012,50,0.4,0.6,40,"both",0.217976478975032,-0.591845344274662
"363",4,1,0.00677577325969402,-16.7863602841985,14.8215274889955,7,100,0.217976478975032,-0.591845344274662,4,1,-6.60908,50,0.4,0.6,40,"both",0.217976478975032,-0.591845344274662
"364",4,1,0.00677577325969402,-16.7863602841985,14.8215274889955,7,100,0.217976478975032,-0.591845344274662,4,0,-23.4327,50,0.4,0.6,40,"both",0.217976478975032,-0.591845344274662
"365",4,1,0.00677577325969402,-16.7863602841985,14.8215274889955,7,100,0.217976478975032,-0.591845344274662,4,1,-3.11345,50,0.4,0.6,40,"both",0.217976478975032,-0.591845344274662
"366",4,1,0.00677577325969402,-16.7863602841985,14.8215274889955,7,100,0.217976478975032,-0.591845344274662,4,1,-6.3109,50,0.4,0.6,40,"both",0.217976478975032,-0.591845344274662
"367",4,1,0.00677577325969402,-16.7863602841985,14.8215274889955,7,100,0.217976478975032,-0.591845344274662,4,1,-8.176,50,0.4,0.6,40,"both",0.217976478975032,-0.591845344274662
"368",4,1,0.00677577325969402,-16.7863602841985,14.8215274889955,7,100,0.217976478975032,-0.591845344274662,4,1,-22.49128,50,0.4,0.6,40,"both",0.217976478975032,-0.591845344274662
"369",4,1,0.00677577325969402,-16.7863602841985,14.8215274889955,7,100,0.217976478975032,-0.591845344274662,4,0,-25.72516,50,0.4,0.6,40,"both",0.217976478975032,-0.591845344274662
"370",4,1,0.00677577325969402,-16.7863602841985,14.8215274889955,7,100,0.217976478975032,-0.591845344274662,4,1,-11.37614,50,0.4,0.6,40,"both",0.217976478975032,-0.591845344274662
"371",4,1,0.00677577325969402,-16.7863602841985,14.8215274889955,7,100,0.217976478975032,-0.591845344274662,4,0,-10.6731,50,0.4,0.6,40,"both",0.217976478975032,-0.591845344274662
"372",4,1,0.00677577325969402,-16.7863602841985,14.8215274889955,7,100,0.217976478975032,-0.591845344274662,4,1,-24.69664,50,0.4,0.6,40,"both",0.217976478975032,-0.591845344274662
"373",4,1,0.00677577325969402,-16.7863602841985,14.8215274889955,7,100,0.217976478975032,-0.591845344274662,4,0,-8.3363,50,0.4,0.6,40,"both",0.217976478975032,-0.591845344274662
"374",4,1,0.00677577325969402,-16.7863602841985,14.8215274889955,7,100,0.217976478975032,-0.591845344274662,4,1,-22.55957,50,0.4,0.6,40,"both",0.217976478975032,-0.591845344274662
"375",4,1,0.00677577325969402,-16.7863602841985,14.8215274889955,7,100,0.217976478975032,-0.591845344274662,4,0,-21.312,50,0.4,0.6,40,"both",0.217976478975032,-0.591845344274662
"376",4,1,0.00677577325969402,-16.7863602841985,14.8215274889955,7,100,0.217976478975032,-0.591845344274662,4,1,-4.20756,50,0.4,0.6,40,"both",0.217976478975032,-0.591845344274662
"377",4,1,0.00677577325969402,-16.7863602841985,14.8215274889955,7,100,0.217976478975032,-0.591845344274662,4,1,-5.5436,50,0.4,0.6,40,"both",0.217976478975032,-0.591845344274662
"378",4,1,0.00677577325969402,-16.7863602841985,14.8215274889955,7,100,0.217976478975032,-0.591845344274662,4,1,-6.13842,50,0.4,0.6,40,"both",0.217976478975032,-0.591845344274662
"379",4,1,0.00677577325969402,-16.7863602841985,14.8215274889955,7,100,0.217976478975032,-0.591845344274662,4,0,-9.1304,50,0.4,0.6,40,"both",0.217976478975032,-0.591845344274662
"380",4,1,0.00677577325969402,-16.7863602841985,14.8215274889955,7,100,0.217976478975032,-0.591845344274662,4,0,-23.4209,50,0.4,0.6,40,"both",0.217976478975032,-0.591845344274662
"381",4,1,0.00677577325969402,-16.7863602841985,14.8215274889955,7,100,0.217976478975032,-0.591845344274662,4,1,-0.00640000000000107,50,0.4,0.6,40,"both",0.217976478975032,-0.591845344274662
"382",4,1,0.00677577325969402,-16.7863602841985,14.8215274889955,7,100,0.217976478975032,-0.591845344274662,4,1,-5.58697,50,0.4,0.6,40,"both",0.217976478975032,-0.591845344274662
"383",4,1,0.00677577325969402,-16.7863602841985,14.8215274889955,7,100,0.217976478975032,-0.591845344274662,4,1,-6.5783,50,0.4,0.6,40,"both",0.217976478975032,-0.591845344274662
"384",4,1,0.00677577325969402,-16.7863602841985,14.8215274889955,7,100,0.217976478975032,-0.591845344274662,4,0,-19.49126,50,0.4,0.6,40,"both",0.217976478975032,-0.591845344274662
"385",4,1,0.00677577325969402,-16.7863602841985,14.8215274889955,7,100,0.217976478975032,-0.591845344274662,4,0,-22.84667,50,0.4,0.6,40,"both",0.217976478975032,-0.591845344274662
"386",4,1,0.00677577325969402,-16.7863602841985,14.8215274889955,7,100,0.217976478975032,-0.591845344274662,4,0,-18.79598,50,0.4,0.6,40,"both",0.217976478975032,-0.591845344274662
"387",4,1,0.00677577325969402,-16.7863602841985,14.8215274889955,7,100,0.217976478975032,-0.591845344274662,4,0,-19.53107,50,0.4,0.6,40,"both",0.217976478975032,-0.591845344274662
"388",4,1,0.00677577325969402,-16.7863602841985,14.8215274889955,7,100,0.217976478975032,-0.591845344274662,4,0,-23.18177,50,0.4,0.6,40,"both",0.217976478975032,-0.591845344274662
"389",4,1,0.00677577325969402,-16.7863602841985,14.8215274889955,7,100,0.217976478975032,-0.591845344274662,4,1,-22.3117,50,0.4,0.6,40,"both",0.217976478975032,-0.591845344274662
"390",4,1,0.00677577325969402,-16.7863602841985,14.8215274889955,7,100,0.217976478975032,-0.591845344274662,4,1,-3.50437,50,0.4,0.6,40,"both",0.217976478975032,-0.591845344274662
"391",4,1,0.00677577325969402,-16.7863602841985,14.8215274889955,7,100,0.217976478975032,-0.591845344274662,4,1,-6.26361,50,0.4,0.6,40,"both",0.217976478975032,-0.591845344274662
"392",4,1,0.00677577325969402,-16.7863602841985,14.8215274889955,7,100,0.217976478975032,-0.591845344274662,4,0,-22.02034,50,0.4,0.6,40,"both",0.217976478975032,-0.591845344274662
"393",4,1,0.00677577325969402,-16.7863602841985,14.8215274889955,7,100,0.217976478975032,-0.591845344274662,4,1,-5.04725,50,0.4,0.6,40,"both",0.217976478975032,-0.591845344274662
"394",4,1,0.00677577325969402,-16.7863602841985,14.8215274889955,7,100,0.217976478975032,-0.591845344274662,4,0,-22.30246,50,0.4,0.6,40,"both",0.217976478975032,-0.591845344274662
"395",4,1,0.00677577325969402,-16.7863602841985,14.8215274889955,7,100,0.217976478975032,-0.591845344274662,4,1,-5.14981,50,0.4,0.6,40,"both",0.217976478975032,-0.591845344274662
"396",4,1,0.00677577325969402,-16.7863602841985,14.8215274889955,7,100,0.217976478975032,-0.591845344274662,4,0,-21.30856,50,0.4,0.6,40,"both",0.217976478975032,-0.591845344274662
"397",4,1,0.00677577325969402,-16.7863602841985,14.8215274889955,7,100,0.217976478975032,-0.591845344274662,4,1,-6.74407,50,0.4,0.6,40,"both",0.217976478975032,-0.591845344274662
"398",4,1,0.00677577325969402,-16.7863602841985,14.8215274889955,7,100,0.217976478975032,-0.591845344274662,4,1,-4.713,50,0.4,0.6,40,"both",0.217976478975032,-0.591845344274662
"399",4,1,0.00677577325969402,-16.7863602841985,14.8215274889955,7,100,0.217976478975032,-0.591845344274662,4,0,-23.80421,50,0.4,0.6,40,"both",0.217976478975032,-0.591845344274662
"400",4,1,0.00677577325969402,-16.7863602841985,14.8215274889955,7,100,0.217976478975032,-0.591845344274662,4,0,-6.69302,50,0.4,0.6,40,"both",0.217976478975032,-0.591845344274662
"401",5,1,0.00269852355841706,-5.98759091321767,11.9187971141306,9,100,0.217976478975032,-0.591845344274662,5,1,-8.78040002773,50,0.4,0.6,40,"both",0.217976478975032,-0.591845344274662
"402",5,1,0.00269852355841706,-5.98759091321767,11.9187971141306,9,100,0.217976478975032,-0.591845344274662,5,0,-10.7983350921,50,0.4,0.6,40,"both",0.217976478975032,-0.591845344274662
"403",5,1,0.00269852355841706,-5.98759091321767,11.9187971141306,9,100,0.217976478975032,-0.591845344274662,5,1,-1.2459301104,50,0.4,0.6,40,"both",0.217976478975032,-0.591845344274662
"404",5,1,0.00269852355841706,-5.98759091321767,11.9187971141306,9,100,0.217976478975032,-0.591845344274662,5,0,-8.7545834918,50,0.4,0.6,40,"both",0.217976478975032,-0.591845344274662
"405",5,1,0.00269852355841706,-5.98759091321767,11.9187971141306,9,100,0.217976478975032,-0.591845344274662,5,1,-4.21884815787,50,0.4,0.6,40,"both",0.217976478975032,-0.591845344274662
"406",5,1,0.00269852355841706,-5.98759091321767,11.9187971141306,9,100,0.217976478975032,-0.591845344274662,5,1,-8.026562976,50,0.4,0.6,40,"both",0.217976478975032,-0.591845344274662
"407",5,1,0.00269852355841706,-5.98759091321767,11.9187971141306,9,100,0.217976478975032,-0.591845344274662,5,0,-5.7179,50,0.4,0.6,40,"both",0.217976478975032,-0.591845344274662
"408",5,1,0.00269852355841706,-5.98759091321767,11.9187971141306,9,100,0.217976478975032,-0.591845344274662,5,0,-38.6885,50,0.4,0.6,40,"both",0.217976478975032,-0.591845344274662
"409",5,1,0.00269852355841706,-5.98759091321767,11.9187971141306,9,100,0.217976478975032,-0.591845344274662,5,0,-31.2921,50,0.4,0.6,40,"both",0.217976478975032,-0.591845344274662
"410",5,1,0.00269852355841706,-5.98759091321767,11.9187971141306,9,100,0.217976478975032,-0.591845344274662,5,0,-24.807,50,0.4,0.6,40,"both",0.217976478975032,-0.591845344274662
"411",5,1,0.00269852355841706,-5.98759091321767,11.9187971141306,9,100,0.217976478975032,-0.591845344274662,5,0,-8.318461774,50,0.4,0.6,40,"both",0.217976478975032,-0.591845344274662
"412",5,1,0.00269852355841706,-5.98759091321767,11.9187971141306,9,100,0.217976478975032,-0.591845344274662,5,0,-10.47069,50,0.4,0.6,40,"both",0.217976478975032,-0.591845344274662
"413",5,1,0.00269852355841706,-5.98759091321767,11.9187971141306,9,100,0.217976478975032,-0.591845344274662,5,1,-10.62673,50,0.4,0.6,40,"both",0.217976478975032,-0.591845344274662
"414",5,1,0.00269852355841706,-5.98759091321767,11.9187971141306,9,100,0.217976478975032,-0.591845344274662,5,0,-37.9561,50,0.4,0.6,40,"both",0.217976478975032,-0.591845344274662
"415",5,1,0.00269852355841706,-5.98759091321767,11.9187971141306,9,100,0.217976478975032,-0.591845344274662,5,0,-19.74607,50,0.4,0.6,40,"both",0.217976478975032,-0.591845344274662
"416",5,1,0.00269852355841706,-5.98759091321767,11.9187971141306,9,100,0.217976478975032,-0.591845344274662,5,1,-6.0907700493,50,0.4,0.6,40,"both",0.217976478975032,-0.591845344274662
"417",5,1,0.00269852355841706,-5.98759091321767,11.9187971141306,9,100,0.217976478975032,-0.591845344274662,5,1,-16.19721,50,0.4,0.6,40,"both",0.217976478975032,-0.591845344274662
"418",5,1,0.00269852355841706,-5.98759091321767,11.9187971141306,9,100,0.217976478975032,-0.591845344274662,5,0,-5.575,50,0.4,0.6,40,"both",0.217976478975032,-0.591845344274662
"419",5,1,0.00269852355841706,-5.98759091321767,11.9187971141306,9,100,0.217976478975032,-0.591845344274662,5,1,14.27195,50,0.4,0.6,40,"both",0.217976478975032,-0.591845344274662
"420",5,1,0.00269852355841706,-5.98759091321767,11.9187971141306,9,100,0.217976478975032,-0.591845344274662,5,1,-11.91958,50,0.4,0.6,40,"both",0.217976478975032,-0.591845344274662
"421",5,1,0.00269852355841706,-5.98759091321767,11.9187971141306,9,100,0.217976478975032,-0.591845344274662,5,1,-7.1910597183,50,0.4,0.6,40,"both",0.217976478975032,-0.591845344274662
"422",5,1,0.00269852355841706,-5.98759091321767,11.9187971141306,9,100,0.217976478975032,-0.591845344274662,5,0,-42.7118,50,0.4,0.6,40,"both",0.217976478975032,-0.591845344274662
"423",5,1,0.00269852355841706,-5.98759091321767,11.9187971141306,9,100,0.217976478975032,-0.591845344274662,5,0,-6.23636,50,0.4,0.6,40,"both",0.217976478975032,-0.591845344274662
"424",5,1,0.00269852355841706,-5.98759091321767,11.9187971141306,9,100,0.217976478975032,-0.591845344274662,5,0,-21.7942,50,0.4,0.6,40,"both",0.217976478975032,-0.591845344274662
"425",5,1,0.00269852355841706,-5.98759091321767,11.9187971141306,9,100,0.217976478975032,-0.591845344274662,5,1,9.48907,50,0.4,0.6,40,"both",0.217976478975032,-0.591845344274662
"426",5,1,0.00269852355841706,-5.98759091321767,11.9187971141306,9,100,0.217976478975032,-0.591845344274662,5,0,-12.0984,50,0.4,0.6,40,"both",0.217976478975032,-0.591845344274662
"427",5,1,0.00269852355841706,-5.98759091321767,11.9187971141306,9,100,0.217976478975032,-0.591845344274662,5,0,-11.66669,50,0.4,0.6,40,"both",0.217976478975032,-0.591845344274662
"428",5,1,0.00269852355841706,-5.98759091321767,11.9187971141306,9,100,0.217976478975032,-0.591845344274662,5,0,-6.4358124206,50,0.4,0.6,40,"both",0.217976478975032,-0.591845344274662
"429",5,1,0.00269852355841706,-5.98759091321767,11.9187971141306,9,100,0.217976478975032,-0.591845344274662,5,0,-22.32144,50,0.4,0.6,40,"both",0.217976478975032,-0.591845344274662
"430",5,1,0.00269852355841706,-5.98759091321767,11.9187971141306,9,100,0.217976478975032,-0.591845344274662,5,0,-7.20613,50,0.4,0.6,40,"both",0.217976478975032,-0.591845344274662
"431",5,1,0.00269852355841706,-5.98759091321767,11.9187971141306,9,100,0.217976478975032,-0.591845344274662,5,1,11.35313,50,0.4,0.6,40,"both",0.217976478975032,-0.591845344274662
"432",5,1,0.00269852355841706,-5.98759091321767,11.9187971141306,9,100,0.217976478975032,-0.591845344274662,5,0,-21.8204,50,0.4,0.6,40,"both",0.217976478975032,-0.591845344274662
"433",5,1,0.00269852355841706,-5.98759091321767,11.9187971141306,9,100,0.217976478975032,-0.591845344274662,5,0,-18.9199,50,0.4,0.6,40,"both",0.217976478975032,-0.591845344274662
"434",5,1,0.00269852355841706,-5.98759091321767,11.9187971141306,9,100,0.217976478975032,-0.591845344274662,5,1,6.7296,50,0.4,0.6,40,"both",0.217976478975032,-0.591845344274662
"435",5,1,0.00269852355841706,-5.98759091321767,11.9187971141306,9,100,0.217976478975032,-0.591845344274662,5,0,-16.66352,50,0.4,0.6,40,"both",0.217976478975032,-0.591845344274662
"436",5,1,0.00269852355841706,-5.98759091321767,11.9187971141306,9,100,0.217976478975032,-0.591845344274662,5,1,4.22368,50,0.4,0.6,40,"both",0.217976478975032,-0.591845344274662
"437",5,1,0.00269852355841706,-5.98759091321767,11.9187971141306,9,100,0.217976478975032,-0.591845344274662,5,0,-14.79,50,0.4,0.6,40,"both",0.217976478975032,-0.591845344274662
"438",5,1,0.00269852355841706,-5.98759091321767,11.9187971141306,9,100,0.217976478975032,-0.591845344274662,5,0,-12.81626,50,0.4,0.6,40,"both",0.217976478975032,-0.591845344274662
"439",5,1,0.00269852355841706,-5.98759091321767,11.9187971141306,9,100,0.217976478975032,-0.591845344274662,5,1,4.84915,50,0.4,0.6,40,"both",0.217976478975032,-0.591845344274662
"440",5,1,0.00269852355841706,-5.98759091321767,11.9187971141306,9,100,0.217976478975032,-0.591845344274662,5,0,-2.85071,50,0.4,0.6,40,"both",0.217976478975032,-0.591845344274662
"441",5,1,0.00269852355841706,-5.98759091321767,11.9187971141306,9,100,0.217976478975032,-0.591845344274662,5,0,-18.35606,50,0.4,0.6,40,"both",0.217976478975032,-0.591845344274662
"442",5,1,0.00269852355841706,-5.98759091321767,11.9187971141306,9,100,0.217976478975032,-0.591845344274662,5,0,-22.02663,50,0.4,0.6,40,"both",0.217976478975032,-0.591845344274662
"443",5,1,0.00269852355841706,-5.98759091321767,11.9187971141306,9,100,0.217976478975032,-0.591845344274662,5,1,3.1121,50,0.4,0.6,40,"both",0.217976478975032,-0.591845344274662
"444",5,1,0.00269852355841706,-5.98759091321767,11.9187971141306,9,100,0.217976478975032,-0.591845344274662,5,0,-13.53398,50,0.4,0.6,40,"both",0.217976478975032,-0.591845344274662
"445",5,1,0.00269852355841706,-5.98759091321767,11.9187971141306,9,100,0.217976478975032,-0.591845344274662,5,1,-15.64142,50,0.4,0.6,40,"both",0.217976478975032,-0.591845344274662
"446",5,1,0.00269852355841706,-5.98759091321767,11.9187971141306,9,100,0.217976478975032,-0.591845344274662,5,1,-13.62924,50,0.4,0.6,40,"both",0.217976478975032,-0.591845344274662
"447",5,1,0.00269852355841706,-5.98759091321767,11.9187971141306,9,100,0.217976478975032,-0.591845344274662,5,0,-9.10532,50,0.4,0.6,40,"both",0.217976478975032,-0.591845344274662
"448",5,1,0.00269852355841706,-5.98759091321767,11.9187971141306,9,100,0.217976478975032,-0.591845344274662,5,1,11.12805,50,0.4,0.6,40,"both",0.217976478975032,-0.591845344274662
"449",5,1,0.00269852355841706,-5.98759091321767,11.9187971141306,9,100,0.217976478975032,-0.591845344274662,5,1,-2.78071,50,0.4,0.6,40,"both",0.217976478975032,-0.591845344274662
"450",5,1,0.00269852355841706,-5.98759091321767,11.9187971141306,9,100,0.217976478975032,-0.591845344274662,5,0,-14.78116,50,0.4,0.6,40,"both",0.217976478975032,-0.591845344274662
"451",5,1,0.00269852355841706,-5.98759091321767,11.9187971141306,9,100,0.217976478975032,-0.591845344274662,5,0,-18.91708,50,0.4,0.6,40,"both",0.217976478975032,-0.591845344274662
"452",5,1,0.00269852355841706,-5.98759091321767,11.9187971141306,9,100,0.217976478975032,-0.591845344274662,5,1,4.600494,50,0.4,0.6,40,"both",0.217976478975032,-0.591845344274662
"453",5,1,0.00269852355841706,-5.98759091321767,11.9187971141306,9,100,0.217976478975032,-0.591845344274662,5,0,-11.47248,50,0.4,0.6,40,"both",0.217976478975032,-0.591845344274662
"454",5,1,0.00269852355841706,-5.98759091321767,11.9187971141306,9,100,0.217976478975032,-0.591845344274662,5,1,4.32004,50,0.4,0.6,40,"both",0.217976478975032,-0.591845344274662
"455",5,1,0.00269852355841706,-5.98759091321767,11.9187971141306,9,100,0.217976478975032,-0.591845344274662,5,0,-1.45177,50,0.4,0.6,40,"both",0.217976478975032,-0.591845344274662
"456",5,1,0.00269852355841706,-5.98759091321767,11.9187971141306,9,100,0.217976478975032,-0.591845344274662,5,0,-16.89909,50,0.4,0.6,40,"both",0.217976478975032,-0.591845344274662
"457",5,1,0.00269852355841706,-5.98759091321767,11.9187971141306,9,100,0.217976478975032,-0.591845344274662,5,0,-7.170807,50,0.4,0.6,40,"both",0.217976478975032,-0.591845344274662
"458",5,1,0.00269852355841706,-5.98759091321767,11.9187971141306,9,100,0.217976478975032,-0.591845344274662,5,0,2.29276,50,0.4,0.6,40,"both",0.217976478975032,-0.591845344274662
"459",5,1,0.00269852355841706,-5.98759091321767,11.9187971141306,9,100,0.217976478975032,-0.591845344274662,5,1,11.93783,50,0.4,0.6,40,"both",0.217976478975032,-0.591845344274662
"460",5,1,0.00269852355841706,-5.98759091321767,11.9187971141306,9,100,0.217976478975032,-0.591845344274662,5,0,1.52536,50,0.4,0.6,40,"both",0.217976478975032,-0.591845344274662
"461",5,1,0.00269852355841706,-5.98759091321767,11.9187971141306,9,100,0.217976478975032,-0.591845344274662,5,0,-21.67658,50,0.4,0.6,40,"both",0.217976478975032,-0.591845344274662
"462",5,1,0.00269852355841706,-5.98759091321767,11.9187971141306,9,100,0.217976478975032,-0.591845344274662,5,1,6.11066,50,0.4,0.6,40,"both",0.217976478975032,-0.591845344274662
"463",5,1,0.00269852355841706,-5.98759091321767,11.9187971141306,9,100,0.217976478975032,-0.591845344274662,5,1,4.26314,50,0.4,0.6,40,"both",0.217976478975032,-0.591845344274662
"464",5,1,0.00269852355841706,-5.98759091321767,11.9187971141306,9,100,0.217976478975032,-0.591845344274662,5,0,-16.36322,50,0.4,0.6,40,"both",0.217976478975032,-0.591845344274662
"465",5,1,0.00269852355841706,-5.98759091321767,11.9187971141306,9,100,0.217976478975032,-0.591845344274662,5,0,-9.39433,50,0.4,0.6,40,"both",0.217976478975032,-0.591845344274662
"466",5,1,0.00269852355841706,-5.98759091321767,11.9187971141306,9,100,0.217976478975032,-0.591845344274662,5,1,-9.35658,50,0.4,0.6,40,"both",0.217976478975032,-0.591845344274662
"467",5,1,0.00269852355841706,-5.98759091321767,11.9187971141306,9,100,0.217976478975032,-0.591845344274662,5,1,-11.29675,50,0.4,0.6,40,"both",0.217976478975032,-0.591845344274662
"468",5,1,0.00269852355841706,-5.98759091321767,11.9187971141306,9,100,0.217976478975032,-0.591845344274662,5,0,-0.19109,50,0.4,0.6,40,"both",0.217976478975032,-0.591845344274662
"469",5,1,0.00269852355841706,-5.98759091321767,11.9187971141306,9,100,0.217976478975032,-0.591845344274662,5,1,7.82683,50,0.4,0.6,40,"both",0.217976478975032,-0.591845344274662
"470",5,1,0.00269852355841706,-5.98759091321767,11.9187971141306,9,100,0.217976478975032,-0.591845344274662,5,1,8.47584,50,0.4,0.6,40,"both",0.217976478975032,-0.591845344274662
"471",5,1,0.00269852355841706,-5.98759091321767,11.9187971141306,9,100,0.217976478975032,-0.591845344274662,5,1,1.57282,50,0.4,0.6,40,"both",0.217976478975032,-0.591845344274662
"472",5,1,0.00269852355841706,-5.98759091321767,11.9187971141306,9,100,0.217976478975032,-0.591845344274662,5,1,2.10316,50,0.4,0.6,40,"both",0.217976478975032,-0.591845344274662
"473",5,1,0.00269852355841706,-5.98759091321767,11.9187971141306,9,100,0.217976478975032,-0.591845344274662,5,1,8.45346,50,0.4,0.6,40,"both",0.217976478975032,-0.591845344274662
"474",5,1,0.00269852355841706,-5.98759091321767,11.9187971141306,9,100,0.217976478975032,-0.591845344274662,5,0,-18.21273,50,0.4,0.6,40,"both",0.217976478975032,-0.591845344274662
"475",5,1,0.00269852355841706,-5.98759091321767,11.9187971141306,9,100,0.217976478975032,-0.591845344274662,5,1,7.27063,50,0.4,0.6,40,"both",0.217976478975032,-0.591845344274662
"476",5,1,0.00269852355841706,-5.98759091321767,11.9187971141306,9,100,0.217976478975032,-0.591845344274662,5,0,-11.75035,50,0.4,0.6,40,"both",0.217976478975032,-0.591845344274662
"477",5,1,0.00269852355841706,-5.98759091321767,11.9187971141306,9,100,0.217976478975032,-0.591845344274662,5,1,9.32834,50,0.4,0.6,40,"both",0.217976478975032,-0.591845344274662
"478",5,1,0.00269852355841706,-5.98759091321767,11.9187971141306,9,100,0.217976478975032,-0.591845344274662,5,1,3.82551,50,0.4,0.6,40,"both",0.217976478975032,-0.591845344274662
"479",5,1,0.00269852355841706,-5.98759091321767,11.9187971141306,9,100,0.217976478975032,-0.591845344274662,5,0,-23.96502,50,0.4,0.6,40,"both",0.217976478975032,-0.591845344274662
"480",5,1,0.00269852355841706,-5.98759091321767,11.9187971141306,9,100,0.217976478975032,-0.591845344274662,5,1,3.69028,50,0.4,0.6,40,"both",0.217976478975032,-0.591845344274662
"481",5,1,0.00269852355841706,-5.98759091321767,11.9187971141306,9,100,0.217976478975032,-0.591845344274662,5,0,-13.09415,50,0.4,0.6,40,"both",0.217976478975032,-0.591845344274662
"482",5,1,0.00269852355841706,-5.98759091321767,11.9187971141306,9,100,0.217976478975032,-0.591845344274662,5,0,-0.53112,50,0.4,0.6,40,"both",0.217976478975032,-0.591845344274662
"483",5,1,0.00269852355841706,-5.98759091321767,11.9187971141306,9,100,0.217976478975032,-0.591845344274662,5,0,-9.77225,50,0.4,0.6,40,"both",0.217976478975032,-0.591845344274662
"484",5,1,0.00269852355841706,-5.98759091321767,11.9187971141306,9,100,0.217976478975032,-0.591845344274662,5,1,-9.38293,50,0.4,0.6,40,"both",0.217976478975032,-0.591845344274662
"485",5,1,0.00269852355841706,-5.98759091321767,11.9187971141306,9,100,0.217976478975032,-0.591845344274662,5,0,-14.84406,50,0.4,0.6,40,"both",0.217976478975032,-0.591845344274662
"486",5,1,0.00269852355841706,-5.98759091321767,11.9187971141306,9,100,0.217976478975032,-0.591845344274662,5,0,-16.50398,50,0.4,0.6,40,"both",0.217976478975032,-0.591845344274662
"487",5,1,0.00269852355841706,-5.98759091321767,11.9187971141306,9,100,0.217976478975032,-0.591845344274662,5,0,5.17205,50,0.4,0.6,40,"both",0.217976478975032,-0.591845344274662
"488",5,1,0.00269852355841706,-5.98759091321767,11.9187971141306,9,100,0.217976478975032,-0.591845344274662,5,1,9.44138,50,0.4,0.6,40,"both",0.217976478975032,-0.591845344274662
"489",5,1,0.00269852355841706,-5.98759091321767,11.9187971141306,9,100,0.217976478975032,-0.591845344274662,5,0,-12.17794,50,0.4,0.6,40,"both",0.217976478975032,-0.591845344274662
"490",5,1,0.00269852355841706,-5.98759091321767,11.9187971141306,9,100,0.217976478975032,-0.591845344274662,5,0,5.6056,50,0.4,0.6,40,"both",0.217976478975032,-0.591845344274662
"491",5,1,0.00269852355841706,-5.98759091321767,11.9187971141306,9,100,0.217976478975032,-0.591845344274662,5,0,6.05234,50,0.4,0.6,40,"both",0.217976478975032,-0.591845344274662
"492",5,1,0.00269852355841706,-5.98759091321767,11.9187971141306,9,100,0.217976478975032,-0.591845344274662,5,0,-15.06484,50,0.4,0.6,40,"both",0.217976478975032,-0.591845344274662
"493",5,1,0.00269852355841706,-5.98759091321767,11.9187971141306,9,100,0.217976478975032,-0.591845344274662,5,1,4.15707,50,0.4,0.6,40,"both",0.217976478975032,-0.591845344274662
"494",5,1,0.00269852355841706,-5.98759091321767,11.9187971141306,9,100,0.217976478975032,-0.591845344274662,5,0,-15.72555,50,0.4,0.6,40,"both",0.217976478975032,-0.591845344274662
"495",5,1,0.00269852355841706,-5.98759091321767,11.9187971141306,9,100,0.217976478975032,-0.591845344274662,5,1,4.75923,50,0.4,0.6,40,"both",0.217976478975032,-0.591845344274662
"496",5,1,0.00269852355841706,-5.98759091321767,11.9187971141306,9,100,0.217976478975032,-0.591845344274662,5,0,-13.89563,50,0.4,0.6,40,"both",0.217976478975032,-0.591845344274662
"497",5,1,0.00269852355841706,-5.98759091321767,11.9187971141306,9,100,0.217976478975032,-0.591845344274662,5,1,8.62479,50,0.4,0.6,40,"both",0.217976478975032,-0.591845344274662
"498",5,1,0.00269852355841706,-5.98759091321767,11.9187971141306,9,100,0.217976478975032,-0.591845344274662,5,1,5.17924,50,0.4,0.6,40,"both",0.217976478975032,-0.591845344274662
"499",5,1,0.00269852355841706,-5.98759091321767,11.9187971141306,9,100,0.217976478975032,-0.591845344274662,5,1,5.85844,50,0.4,0.6,40,"both",0.217976478975032,-0.591845344274662
"500",5,1,0.00269852355841706,-5.98759091321767,11.9187971141306,9,100,0.217976478975032,-0.591845344274662,5,1,-14.5221,50,0.4,0.6,40,"both",0.217976478975032,-0.591845344274662
"501",6,1,0.00215049382216388,5.21203072077224,14.9099169796701,11,100,0.217976478975032,-0.591845344274662,6,1,7.71974162612,50,0.4,0.6,40,"both",0.217976478975032,-0.591845344274662
"502",6,1,0.00215049382216388,5.21203072077224,14.9099169796701,11,100,0.217976478975032,-0.591845344274662,6,0,-7.7096436007,50,0.4,0.6,40,"both",0.217976478975032,-0.591845344274662
"503",6,1,0.00215049382216388,5.21203072077224,14.9099169796701,11,100,0.217976478975032,-0.591845344274662,6,1,0.06877334468,50,0.4,0.6,40,"both",0.217976478975032,-0.591845344274662
"504",6,1,0.00215049382216388,5.21203072077224,14.9099169796701,11,100,0.217976478975032,-0.591845344274662,6,0,-4.4702405767,50,0.4,0.6,40,"both",0.217976478975032,-0.591845344274662
"505",6,1,0.00215049382216388,5.21203072077224,14.9099169796701,11,100,0.217976478975032,-0.591845344274662,6,1,21.815721,50,0.4,0.6,40,"both",0.217976478975032,-0.591845344274662
"506",6,1,0.00215049382216388,5.21203072077224,14.9099169796701,11,100,0.217976478975032,-0.591845344274662,6,1,-6.66416,50,0.4,0.6,40,"both",0.217976478975032,-0.591845344274662
"507",6,1,0.00215049382216388,5.21203072077224,14.9099169796701,11,100,0.217976478975032,-0.591845344274662,6,0,1.71607864,50,0.4,0.6,40,"both",0.217976478975032,-0.591845344274662
"508",6,1,0.00215049382216388,5.21203072077224,14.9099169796701,11,100,0.217976478975032,-0.591845344274662,6,1,4.745942,50,0.4,0.6,40,"both",0.217976478975032,-0.591845344274662
"509",6,1,0.00215049382216388,5.21203072077224,14.9099169796701,11,100,0.217976478975032,-0.591845344274662,6,1,5.2381,50,0.4,0.6,40,"both",0.217976478975032,-0.591845344274662
"510",6,1,0.00215049382216388,5.21203072077224,14.9099169796701,11,100,0.217976478975032,-0.591845344274662,6,0,-3.220079,50,0.4,0.6,40,"both",0.217976478975032,-0.591845344274662
"511",6,1,0.00215049382216388,5.21203072077224,14.9099169796701,11,100,0.217976478975032,-0.591845344274662,6,0,-1.31523919676,50,0.4,0.6,40,"both",0.217976478975032,-0.591845344274662
"512",6,1,0.00215049382216388,5.21203072077224,14.9099169796701,11,100,0.217976478975032,-0.591845344274662,6,0,-4.8283,50,0.4,0.6,40,"both",0.217976478975032,-0.591845344274662
"513",6,1,0.00215049382216388,5.21203072077224,14.9099169796701,11,100,0.217976478975032,-0.591845344274662,6,0,7.44093,50,0.4,0.6,40,"both",0.217976478975032,-0.591845344274662
"514",6,1,0.00215049382216388,5.21203072077224,14.9099169796701,11,100,0.217976478975032,-0.591845344274662,6,1,13.42035,50,0.4,0.6,40,"both",0.217976478975032,-0.591845344274662
"515",6,1,0.00215049382216388,5.21203072077224,14.9099169796701,11,100,0.217976478975032,-0.591845344274662,6,0,-8.28607,50,0.4,0.6,40,"both",0.217976478975032,-0.591845344274662
"516",6,1,0.00215049382216388,5.21203072077224,14.9099169796701,11,100,0.217976478975032,-0.591845344274662,6,0,-4.729905,50,0.4,0.6,40,"both",0.217976478975032,-0.591845344274662
"517",6,1,0.00215049382216388,5.21203072077224,14.9099169796701,11,100,0.217976478975032,-0.591845344274662,6,0,6.904921,50,0.4,0.6,40,"both",0.217976478975032,-0.591845344274662
"518",6,1,0.00215049382216388,5.21203072077224,14.9099169796701,11,100,0.217976478975032,-0.591845344274662,6,1,-9.0436,50,0.4,0.6,40,"both",0.217976478975032,-0.591845344274662
"519",6,1,0.00215049382216388,5.21203072077224,14.9099169796701,11,100,0.217976478975032,-0.591845344274662,6,0,4.35330046885,50,0.4,0.6,40,"both",0.217976478975032,-0.591845344274662
"520",6,1,0.00215049382216388,5.21203072077224,14.9099169796701,11,100,0.217976478975032,-0.591845344274662,6,0,0.81292,50,0.4,0.6,40,"both",0.217976478975032,-0.591845344274662
"521",6,1,0.00215049382216388,5.21203072077224,14.9099169796701,11,100,0.217976478975032,-0.591845344274662,6,1,36.5111,50,0.4,0.6,40,"both",0.217976478975032,-0.591845344274662
"522",6,1,0.00215049382216388,5.21203072077224,14.9099169796701,11,100,0.217976478975032,-0.591845344274662,6,0,5.75447,50,0.4,0.6,40,"both",0.217976478975032,-0.591845344274662
"523",6,1,0.00215049382216388,5.21203072077224,14.9099169796701,11,100,0.217976478975032,-0.591845344274662,6,1,11.01434,50,0.4,0.6,40,"both",0.217976478975032,-0.591845344274662
"524",6,1,0.00215049382216388,5.21203072077224,14.9099169796701,11,100,0.217976478975032,-0.591845344274662,6,0,0.654030000000001,50,0.4,0.6,40,"both",0.217976478975032,-0.591845344274662
"525",6,1,0.00215049382216388,5.21203072077224,14.9099169796701,11,100,0.217976478975032,-0.591845344274662,6,0,13.36405,50,0.4,0.6,40,"both",0.217976478975032,-0.591845344274662
"526",6,1,0.00215049382216388,5.21203072077224,14.9099169796701,11,100,0.217976478975032,-0.591845344274662,6,1,9.7345661581,50,0.4,0.6,40,"both",0.217976478975032,-0.591845344274662
"527",6,1,0.00215049382216388,5.21203072077224,14.9099169796701,11,100,0.217976478975032,-0.591845344274662,6,1,11.81787,50,0.4,0.6,40,"both",0.217976478975032,-0.591845344274662
"528",6,1,0.00215049382216388,5.21203072077224,14.9099169796701,11,100,0.217976478975032,-0.591845344274662,6,1,14.49154,50,0.4,0.6,40,"both",0.217976478975032,-0.591845344274662
"529",6,1,0.00215049382216388,5.21203072077224,14.9099169796701,11,100,0.217976478975032,-0.591845344274662,6,0,6.59812,50,0.4,0.6,40,"both",0.217976478975032,-0.591845344274662
"530",6,1,0.00215049382216388,5.21203072077224,14.9099169796701,11,100,0.217976478975032,-0.591845344274662,6,0,11.6496,50,0.4,0.6,40,"both",0.217976478975032,-0.591845344274662
"531",6,1,0.00215049382216388,5.21203072077224,14.9099169796701,11,100,0.217976478975032,-0.591845344274662,6,0,8.5736532362,50,0.4,0.6,40,"both",0.217976478975032,-0.591845344274662
"532",6,1,0.00215049382216388,5.21203072077224,14.9099169796701,11,100,0.217976478975032,-0.591845344274662,6,1,16.00646,50,0.4,0.6,40,"both",0.217976478975032,-0.591845344274662
"533",6,1,0.00215049382216388,5.21203072077224,14.9099169796701,11,100,0.217976478975032,-0.591845344274662,6,0,-41.61883,50,0.4,0.6,40,"both",0.217976478975032,-0.591845344274662
"534",6,1,0.00215049382216388,5.21203072077224,14.9099169796701,11,100,0.217976478975032,-0.591845344274662,6,0,13.18495,50,0.4,0.6,40,"both",0.217976478975032,-0.591845344274662
"535",6,1,0.00215049382216388,5.21203072077224,14.9099169796701,11,100,0.217976478975032,-0.591845344274662,6,1,16.90479,50,0.4,0.6,40,"both",0.217976478975032,-0.591845344274662
"536",6,1,0.00215049382216388,5.21203072077224,14.9099169796701,11,100,0.217976478975032,-0.591845344274662,6,1,13.49343,50,0.4,0.6,40,"both",0.217976478975032,-0.591845344274662
"537",6,1,0.00215049382216388,5.21203072077224,14.9099169796701,11,100,0.217976478975032,-0.591845344274662,6,1,20.01115,50,0.4,0.6,40,"both",0.217976478975032,-0.591845344274662
"538",6,1,0.00215049382216388,5.21203072077224,14.9099169796701,11,100,0.217976478975032,-0.591845344274662,6,1,6.44046,50,0.4,0.6,40,"both",0.217976478975032,-0.591845344274662
"539",6,1,0.00215049382216388,5.21203072077224,14.9099169796701,11,100,0.217976478975032,-0.591845344274662,6,1,19.19754,50,0.4,0.6,40,"both",0.217976478975032,-0.591845344274662
"540",6,1,0.00215049382216388,5.21203072077224,14.9099169796701,11,100,0.217976478975032,-0.591845344274662,6,1,2.77839,50,0.4,0.6,40,"both",0.217976478975032,-0.591845344274662
"541",6,1,0.00215049382216388,5.21203072077224,14.9099169796701,11,100,0.217976478975032,-0.591845344274662,6,0,-4.75201,50,0.4,0.6,40,"both",0.217976478975032,-0.591845344274662
"542",6,1,0.00215049382216388,5.21203072077224,14.9099169796701,11,100,0.217976478975032,-0.591845344274662,6,0,-12.38676,50,0.4,0.6,40,"both",0.217976478975032,-0.591845344274662
"543",6,1,0.00215049382216388,5.21203072077224,14.9099169796701,11,100,0.217976478975032,-0.591845344274662,6,1,2.79377,50,0.4,0.6,40,"both",0.217976478975032,-0.591845344274662
"544",6,1,0.00215049382216388,5.21203072077224,14.9099169796701,11,100,0.217976478975032,-0.591845344274662,6,1,3.36233,50,0.4,0.6,40,"both",0.217976478975032,-0.591845344274662
"545",6,1,0.00215049382216388,5.21203072077224,14.9099169796701,11,100,0.217976478975032,-0.591845344274662,6,1,5.73578,50,0.4,0.6,40,"both",0.217976478975032,-0.591845344274662
"546",6,1,0.00215049382216388,5.21203072077224,14.9099169796701,11,100,0.217976478975032,-0.591845344274662,6,0,-15.118349,50,0.4,0.6,40,"both",0.217976478975032,-0.591845344274662
"547",6,1,0.00215049382216388,5.21203072077224,14.9099169796701,11,100,0.217976478975032,-0.591845344274662,6,1,10.89737,50,0.4,0.6,40,"both",0.217976478975032,-0.591845344274662
"548",6,1,0.00215049382216388,5.21203072077224,14.9099169796701,11,100,0.217976478975032,-0.591845344274662,6,1,34.22646,50,0.4,0.6,40,"both",0.217976478975032,-0.591845344274662
"549",6,1,0.00215049382216388,5.21203072077224,14.9099169796701,11,100,0.217976478975032,-0.591845344274662,6,0,-3.97193,50,0.4,0.6,40,"both",0.217976478975032,-0.591845344274662
"550",6,1,0.00215049382216388,5.21203072077224,14.9099169796701,11,100,0.217976478975032,-0.591845344274662,6,0,11.21735,50,0.4,0.6,40,"both",0.217976478975032,-0.591845344274662
"551",6,1,0.00215049382216388,5.21203072077224,14.9099169796701,11,100,0.217976478975032,-0.591845344274662,6,1,14.47372,50,0.4,0.6,40,"both",0.217976478975032,-0.591845344274662
"552",6,1,0.00215049382216388,5.21203072077224,14.9099169796701,11,100,0.217976478975032,-0.591845344274662,6,1,11.48463,50,0.4,0.6,40,"both",0.217976478975032,-0.591845344274662
"553",6,1,0.00215049382216388,5.21203072077224,14.9099169796701,11,100,0.217976478975032,-0.591845344274662,6,1,18.44256,50,0.4,0.6,40,"both",0.217976478975032,-0.591845344274662
"554",6,1,0.00215049382216388,5.21203072077224,14.9099169796701,11,100,0.217976478975032,-0.591845344274662,6,1,12.82849,50,0.4,0.6,40,"both",0.217976478975032,-0.591845344274662
"555",6,1,0.00215049382216388,5.21203072077224,14.9099169796701,11,100,0.217976478975032,-0.591845344274662,6,0,19.57701,50,0.4,0.6,40,"both",0.217976478975032,-0.591845344274662
"556",6,1,0.00215049382216388,5.21203072077224,14.9099169796701,11,100,0.217976478975032,-0.591845344274662,6,1,35.16499,50,0.4,0.6,40,"both",0.217976478975032,-0.591845344274662
"557",6,1,0.00215049382216388,5.21203072077224,14.9099169796701,11,100,0.217976478975032,-0.591845344274662,6,1,16.58903,50,0.4,0.6,40,"both",0.217976478975032,-0.591845344274662
"558",6,1,0.00215049382216388,5.21203072077224,14.9099169796701,11,100,0.217976478975032,-0.591845344274662,6,1,-4.00733,50,0.4,0.6,40,"both",0.217976478975032,-0.591845344274662
"559",6,1,0.00215049382216388,5.21203072077224,14.9099169796701,11,100,0.217976478975032,-0.591845344274662,6,0,15.7858,50,0.4,0.6,40,"both",0.217976478975032,-0.591845344274662
"560",6,1,0.00215049382216388,5.21203072077224,14.9099169796701,11,100,0.217976478975032,-0.591845344274662,6,1,-6.85192,50,0.4,0.6,40,"both",0.217976478975032,-0.591845344274662
"561",6,1,0.00215049382216388,5.21203072077224,14.9099169796701,11,100,0.217976478975032,-0.591845344274662,6,1,-4.63537,50,0.4,0.6,40,"both",0.217976478975032,-0.591845344274662
"562",6,1,0.00215049382216388,5.21203072077224,14.9099169796701,11,100,0.217976478975032,-0.591845344274662,6,0,-0.54206,50,0.4,0.6,40,"both",0.217976478975032,-0.591845344274662
"563",6,1,0.00215049382216388,5.21203072077224,14.9099169796701,11,100,0.217976478975032,-0.591845344274662,6,1,4.04532,50,0.4,0.6,40,"both",0.217976478975032,-0.591845344274662
"564",6,1,0.00215049382216388,5.21203072077224,14.9099169796701,11,100,0.217976478975032,-0.591845344274662,6,1,34.95645,50,0.4,0.6,40,"both",0.217976478975032,-0.591845344274662
"565",6,1,0.00215049382216388,5.21203072077224,14.9099169796701,11,100,0.217976478975032,-0.591845344274662,6,0,20.60694,50,0.4,0.6,40,"both",0.217976478975032,-0.591845344274662
"566",6,1,0.00215049382216388,5.21203072077224,14.9099169796701,11,100,0.217976478975032,-0.591845344274662,6,0,-1.64996,50,0.4,0.6,40,"both",0.217976478975032,-0.591845344274662
"567",6,1,0.00215049382216388,5.21203072077224,14.9099169796701,11,100,0.217976478975032,-0.591845344274662,6,0,-35.8024,50,0.4,0.6,40,"both",0.217976478975032,-0.591845344274662
"568",6,1,0.00215049382216388,5.21203072077224,14.9099169796701,11,100,0.217976478975032,-0.591845344274662,6,1,10.89974,50,0.4,0.6,40,"both",0.217976478975032,-0.591845344274662
"569",6,1,0.00215049382216388,5.21203072077224,14.9099169796701,11,100,0.217976478975032,-0.591845344274662,6,1,10.52818,50,0.4,0.6,40,"both",0.217976478975032,-0.591845344274662
"570",6,1,0.00215049382216388,5.21203072077224,14.9099169796701,11,100,0.217976478975032,-0.591845344274662,6,1,16.43294,50,0.4,0.6,40,"both",0.217976478975032,-0.591845344274662
"571",6,1,0.00215049382216388,5.21203072077224,14.9099169796701,11,100,0.217976478975032,-0.591845344274662,6,0,-5.12961,50,0.4,0.6,40,"both",0.217976478975032,-0.591845344274662
"572",6,1,0.00215049382216388,5.21203072077224,14.9099169796701,11,100,0.217976478975032,-0.591845344274662,6,1,21.79766,50,0.4,0.6,40,"both",0.217976478975032,-0.591845344274662
"573",6,1,0.00215049382216388,5.21203072077224,14.9099169796701,11,100,0.217976478975032,-0.591845344274662,6,1,17.98449,50,0.4,0.6,40,"both",0.217976478975032,-0.591845344274662
"574",6,1,0.00215049382216388,5.21203072077224,14.9099169796701,11,100,0.217976478975032,-0.591845344274662,6,1,27.446402,50,0.4,0.6,40,"both",0.217976478975032,-0.591845344274662
"575",6,1,0.00215049382216388,5.21203072077224,14.9099169796701,11,100,0.217976478975032,-0.591845344274662,6,1,-13.70723,50,0.4,0.6,40,"both",0.217976478975032,-0.591845344274662
"576",6,1,0.00215049382216388,5.21203072077224,14.9099169796701,11,100,0.217976478975032,-0.591845344274662,6,0,-2.69363,50,0.4,0.6,40,"both",0.217976478975032,-0.591845344274662
"577",6,1,0.00215049382216388,5.21203072077224,14.9099169796701,11,100,0.217976478975032,-0.591845344274662,6,1,26.82018,50,0.4,0.6,40,"both",0.217976478975032,-0.591845344274662
"578",6,1,0.00215049382216388,5.21203072077224,14.9099169796701,11,100,0.217976478975032,-0.591845344274662,6,0,2.3120665293,50,0.4,0.6,40,"both",0.217976478975032,-0.591845344274662
"579",6,1,0.00215049382216388,5.21203072077224,14.9099169796701,11,100,0.217976478975032,-0.591845344274662,6,0,-24.06642,50,0.4,0.6,40,"both",0.217976478975032,-0.591845344274662
"580",6,1,0.00215049382216388,5.21203072077224,14.9099169796701,11,100,0.217976478975032,-0.591845344274662,6,0,12.15582,50,0.4,0.6,40,"both",0.217976478975032,-0.591845344274662
"581",6,1,0.00215049382216388,5.21203072077224,14.9099169796701,11,100,0.217976478975032,-0.591845344274662,6,0,-18.22027,50,0.4,0.6,40,"both",0.217976478975032,-0.591845344274662
"582",6,1,0.00215049382216388,5.21203072077224,14.9099169796701,11,100,0.217976478975032,-0.591845344274662,6,1,25.92858,50,0.4,0.6,40,"both",0.217976478975032,-0.591845344274662
"583",6,1,0.00215049382216388,5.21203072077224,14.9099169796701,11,100,0.217976478975032,-0.591845344274662,6,0,-12.62564,50,0.4,0.6,40,"both",0.217976478975032,-0.591845344274662
"584",6,1,0.00215049382216388,5.21203072077224,14.9099169796701,11,100,0.217976478975032,-0.591845344274662,6,1,28.78323,50,0.4,0.6,40,"both",0.217976478975032,-0.591845344274662
"585",6,1,0.00215049382216388,5.21203072077224,14.9099169796701,11,100,0.217976478975032,-0.591845344274662,6,0,-6.26061,50,0.4,0.6,40,"both",0.217976478975032,-0.591845344274662
"586",6,1,0.00215049382216388,5.21203072077224,14.9099169796701,11,100,0.217976478975032,-0.591845344274662,6,0,17.97317,50,0.4,0.6,40,"both",0.217976478975032,-0.591845344274662
"587",6,1,0.00215049382216388,5.21203072077224,14.9099169796701,11,100,0.217976478975032,-0.591845344274662,6,1,18.96092,50,0.4,0.6,40,"both",0.217976478975032,-0.591845344274662
"588",6,1,0.00215049382216388,5.21203072077224,14.9099169796701,11,100,0.217976478975032,-0.591845344274662,6,1,-0.843190000000001,50,0.4,0.6,40,"both",0.217976478975032,-0.591845344274662
"589",6,1,0.00215049382216388,5.21203072077224,14.9099169796701,11,100,0.217976478975032,-0.591845344274662,6,0,-6.98393,50,0.4,0.6,40,"both",0.217976478975032,-0.591845344274662
"590",6,1,0.00215049382216388,5.21203072077224,14.9099169796701,11,100,0.217976478975032,-0.591845344274662,6,1,23.94057,50,0.4,0.6,40,"both",0.217976478975032,-0.591845344274662
"591",6,1,0.00215049382216388,5.21203072077224,14.9099169796701,11,100,0.217976478975032,-0.591845344274662,6,1,8.775285,50,0.4,0.6,40,"both",0.217976478975032,-0.591845344274662
"592",6,1,0.00215049382216388,5.21203072077224,14.9099169796701,11,100,0.217976478975032,-0.591845344274662,6,0,-10.92833,50,0.4,0.6,40,"both",0.217976478975032,-0.591845344274662
"593",6,1,0.00215049382216388,5.21203072077224,14.9099169796701,11,100,0.217976478975032,-0.591845344274662,6,1,25.49862,50,0.4,0.6,40,"both",0.217976478975032,-0.591845344274662
"594",6,1,0.00215049382216388,5.21203072077224,14.9099169796701,11,100,0.217976478975032,-0.591845344274662,6,1,22.32193,50,0.4,0.6,40,"both",0.217976478975032,-0.591845344274662
"595",6,1,0.00215049382216388,5.21203072077224,14.9099169796701,11,100,0.217976478975032,-0.591845344274662,6,0,-15.40395,50,0.4,0.6,40,"both",0.217976478975032,-0.591845344274662
"596",6,1,0.00215049382216388,5.21203072077224,14.9099169796701,11,100,0.217976478975032,-0.591845344274662,6,1,-3.13415,50,0.4,0.6,40,"both",0.217976478975032,-0.591845344274662
"597",6,1,0.00215049382216388,5.21203072077224,14.9099169796701,11,100,0.217976478975032,-0.591845344274662,6,1,13.998055,50,0.4,0.6,40,"both",0.217976478975032,-0.591845344274662
"598",6,1,0.00215049382216388,5.21203072077224,14.9099169796701,11,100,0.217976478975032,-0.591845344274662,6,0,-14.81148,50,0.4,0.6,40,"both",0.217976478975032,-0.591845344274662
"599",6,1,0.00215049382216388,5.21203072077224,14.9099169796701,11,100,0.217976478975032,-0.591845344274662,6,1,17.83426,50,0.4,0.6,40,"both",0.217976478975032,-0.591845344274662
"600",6,1,0.00215049382216388,5.21203072077224,14.9099169796701,11,100,0.217976478975032,-0.591845344274662,6,0,-13.18418,50,0.4,0.6,40,"both",0.217976478975032,-0.591845344274662
"601",7,1,0.00524478176464634,-22.8400436187649,8.62662440524607,13,100,0.217976478975032,-0.591845344274662,7,1,-8.9526385216,50,0.4,0.6,40,"both",0.217976478975032,-0.591845344274662
"602",7,1,0.00524478176464634,-22.8400436187649,8.62662440524607,13,100,0.217976478975032,-0.591845344274662,7,1,-10.6835347436,50,0.4,0.6,40,"both",0.217976478975032,-0.591845344274662
"603",7,1,0.00524478176464634,-22.8400436187649,8.62662440524607,13,100,0.217976478975032,-0.591845344274662,7,0,-19.785454937,50,0.4,0.6,40,"both",0.217976478975032,-0.591845344274662
"604",7,1,0.00524478176464634,-22.8400436187649,8.62662440524607,13,100,0.217976478975032,-0.591845344274662,7,1,-13.933365424,50,0.4,0.6,40,"both",0.217976478975032,-0.591845344274662
"605",7,1,0.00524478176464634,-22.8400436187649,8.62662440524607,13,100,0.217976478975032,-0.591845344274662,7,0,-22.22614,50,0.4,0.6,40,"both",0.217976478975032,-0.591845344274662
"606",7,1,0.00524478176464634,-22.8400436187649,8.62662440524607,13,100,0.217976478975032,-0.591845344274662,7,1,-12.41395,50,0.4,0.6,40,"both",0.217976478975032,-0.591845344274662
"607",7,1,0.00524478176464634,-22.8400436187649,8.62662440524607,13,100,0.217976478975032,-0.591845344274662,7,1,-10.54392,50,0.4,0.6,40,"both",0.217976478975032,-0.591845344274662
"608",7,1,0.00524478176464634,-22.8400436187649,8.62662440524607,13,100,0.217976478975032,-0.591845344274662,7,0,-24.00223,50,0.4,0.6,40,"both",0.217976478975032,-0.591845344274662
"609",7,1,0.00524478176464634,-22.8400436187649,8.62662440524607,13,100,0.217976478975032,-0.591845344274662,7,1,-14.33931,50,0.4,0.6,40,"both",0.217976478975032,-0.591845344274662
"610",7,1,0.00524478176464634,-22.8400436187649,8.62662440524607,13,100,0.217976478975032,-0.591845344274662,7,1,-20.95551,50,0.4,0.6,40,"both",0.217976478975032,-0.591845344274662
"611",7,1,0.00524478176464634,-22.8400436187649,8.62662440524607,13,100,0.217976478975032,-0.591845344274662,7,1,-30.62282,50,0.4,0.6,40,"both",0.217976478975032,-0.591845344274662
"612",7,1,0.00524478176464634,-22.8400436187649,8.62662440524607,13,100,0.217976478975032,-0.591845344274662,7,0,-34.73008,50,0.4,0.6,40,"both",0.217976478975032,-0.591845344274662
"613",7,1,0.00524478176464634,-22.8400436187649,8.62662440524607,13,100,0.217976478975032,-0.591845344274662,7,0,-31.14991,50,0.4,0.6,40,"both",0.217976478975032,-0.591845344274662
"614",7,1,0.00524478176464634,-22.8400436187649,8.62662440524607,13,100,0.217976478975032,-0.591845344274662,7,1,-16.96535,50,0.4,0.6,40,"both",0.217976478975032,-0.591845344274662
"615",7,1,0.00524478176464634,-22.8400436187649,8.62662440524607,13,100,0.217976478975032,-0.591845344274662,7,1,-15.31094,50,0.4,0.6,40,"both",0.217976478975032,-0.591845344274662
"616",7,1,0.00524478176464634,-22.8400436187649,8.62662440524607,13,100,0.217976478975032,-0.591845344274662,7,1,-20.4311754,50,0.4,0.6,40,"both",0.217976478975032,-0.591845344274662
"617",7,1,0.00524478176464634,-22.8400436187649,8.62662440524607,13,100,0.217976478975032,-0.591845344274662,7,0,-30.60794,50,0.4,0.6,40,"both",0.217976478975032,-0.591845344274662
"618",7,1,0.00524478176464634,-22.8400436187649,8.62662440524607,13,100,0.217976478975032,-0.591845344274662,7,0,-40.2466,50,0.4,0.6,40,"both",0.217976478975032,-0.591845344274662
"619",7,1,0.00524478176464634,-22.8400436187649,8.62662440524607,13,100,0.217976478975032,-0.591845344274662,7,1,-19.66186,50,0.4,0.6,40,"both",0.217976478975032,-0.591845344274662
"620",7,1,0.00524478176464634,-22.8400436187649,8.62662440524607,13,100,0.217976478975032,-0.591845344274662,7,1,-25.47999,50,0.4,0.6,40,"both",0.217976478975032,-0.591845344274662
"621",7,1,0.00524478176464634,-22.8400436187649,8.62662440524607,13,100,0.217976478975032,-0.591845344274662,7,0,-28.66689,50,0.4,0.6,40,"both",0.217976478975032,-0.591845344274662
"622",7,1,0.00524478176464634,-22.8400436187649,8.62662440524607,13,100,0.217976478975032,-0.591845344274662,7,0,-34.0264,50,0.4,0.6,40,"both",0.217976478975032,-0.591845344274662
"623",7,1,0.00524478176464634,-22.8400436187649,8.62662440524607,13,100,0.217976478975032,-0.591845344274662,7,1,-14.76611,50,0.4,0.6,40,"both",0.217976478975032,-0.591845344274662
"624",7,1,0.00524478176464634,-22.8400436187649,8.62662440524607,13,100,0.217976478975032,-0.591845344274662,7,0,-34.62637,50,0.4,0.6,40,"both",0.217976478975032,-0.591845344274662
"625",7,1,0.00524478176464634,-22.8400436187649,8.62662440524607,13,100,0.217976478975032,-0.591845344274662,7,0,-24.30847,50,0.4,0.6,40,"both",0.217976478975032,-0.591845344274662
"626",7,1,0.00524478176464634,-22.8400436187649,8.62662440524607,13,100,0.217976478975032,-0.591845344274662,7,0,-32.15809,50,0.4,0.6,40,"both",0.217976478975032,-0.591845344274662
"627",7,1,0.00524478176464634,-22.8400436187649,8.62662440524607,13,100,0.217976478975032,-0.591845344274662,7,1,-18.5669,50,0.4,0.6,40,"both",0.217976478975032,-0.591845344274662
"628",7,1,0.00524478176464634,-22.8400436187649,8.62662440524607,13,100,0.217976478975032,-0.591845344274662,7,0,-26.38099,50,0.4,0.6,40,"both",0.217976478975032,-0.591845344274662
"629",7,1,0.00524478176464634,-22.8400436187649,8.62662440524607,13,100,0.217976478975032,-0.591845344274662,7,0,-27.01001,50,0.4,0.6,40,"both",0.217976478975032,-0.591845344274662
"630",7,1,0.00524478176464634,-22.8400436187649,8.62662440524607,13,100,0.217976478975032,-0.591845344274662,7,0,-15.29399,50,0.4,0.6,40,"both",0.217976478975032,-0.591845344274662
"631",7,1,0.00524478176464634,-22.8400436187649,8.62662440524607,13,100,0.217976478975032,-0.591845344274662,7,0,-20.30661,50,0.4,0.6,40,"both",0.217976478975032,-0.591845344274662
"632",7,1,0.00524478176464634,-22.8400436187649,8.62662440524607,13,100,0.217976478975032,-0.591845344274662,7,1,-15.32811,50,0.4,0.6,40,"both",0.217976478975032,-0.591845344274662
"633",7,1,0.00524478176464634,-22.8400436187649,8.62662440524607,13,100,0.217976478975032,-0.591845344274662,7,1,-15.7883,50,0.4,0.6,40,"both",0.217976478975032,-0.591845344274662
"634",7,1,0.00524478176464634,-22.8400436187649,8.62662440524607,13,100,0.217976478975032,-0.591845344274662,7,1,-23.12473,50,0.4,0.6,40,"both",0.217976478975032,-0.591845344274662
"635",7,1,0.00524478176464634,-22.8400436187649,8.62662440524607,13,100,0.217976478975032,-0.591845344274662,7,1,-23.77929,50,0.4,0.6,40,"both",0.217976478975032,-0.591845344274662
"636",7,1,0.00524478176464634,-22.8400436187649,8.62662440524607,13,100,0.217976478975032,-0.591845344274662,7,1,-16.46518,50,0.4,0.6,40,"both",0.217976478975032,-0.591845344274662
"637",7,1,0.00524478176464634,-22.8400436187649,8.62662440524607,13,100,0.217976478975032,-0.591845344274662,7,0,-41.7187,50,0.4,0.6,40,"both",0.217976478975032,-0.591845344274662
"638",7,1,0.00524478176464634,-22.8400436187649,8.62662440524607,13,100,0.217976478975032,-0.591845344274662,7,0,-31.20256,50,0.4,0.6,40,"both",0.217976478975032,-0.591845344274662
"639",7,1,0.00524478176464634,-22.8400436187649,8.62662440524607,13,100,0.217976478975032,-0.591845344274662,7,1,-17.02512,50,0.4,0.6,40,"both",0.217976478975032,-0.591845344274662
"640",7,1,0.00524478176464634,-22.8400436187649,8.62662440524607,13,100,0.217976478975032,-0.591845344274662,7,1,-20.27281,50,0.4,0.6,40,"both",0.217976478975032,-0.591845344274662
"641",7,1,0.00524478176464634,-22.8400436187649,8.62662440524607,13,100,0.217976478975032,-0.591845344274662,7,0,-30.45805,50,0.4,0.6,40,"both",0.217976478975032,-0.591845344274662
"642",7,1,0.00524478176464634,-22.8400436187649,8.62662440524607,13,100,0.217976478975032,-0.591845344274662,7,1,-8.8711,50,0.4,0.6,40,"both",0.217976478975032,-0.591845344274662
"643",7,1,0.00524478176464634,-22.8400436187649,8.62662440524607,13,100,0.217976478975032,-0.591845344274662,7,0,-25.33335,50,0.4,0.6,40,"both",0.217976478975032,-0.591845344274662
"644",7,1,0.00524478176464634,-22.8400436187649,8.62662440524607,13,100,0.217976478975032,-0.591845344274662,7,1,-23.36368,50,0.4,0.6,40,"both",0.217976478975032,-0.591845344274662
"645",7,1,0.00524478176464634,-22.8400436187649,8.62662440524607,13,100,0.217976478975032,-0.591845344274662,7,0,-28.19319,50,0.4,0.6,40,"both",0.217976478975032,-0.591845344274662
"646",7,1,0.00524478176464634,-22.8400436187649,8.62662440524607,13,100,0.217976478975032,-0.591845344274662,7,1,-26.45243,50,0.4,0.6,40,"both",0.217976478975032,-0.591845344274662
"647",7,1,0.00524478176464634,-22.8400436187649,8.62662440524607,13,100,0.217976478975032,-0.591845344274662,7,1,-27.70839,50,0.4,0.6,40,"both",0.217976478975032,-0.591845344274662
"648",7,1,0.00524478176464634,-22.8400436187649,8.62662440524607,13,100,0.217976478975032,-0.591845344274662,7,0,-33.40452,50,0.4,0.6,40,"both",0.217976478975032,-0.591845344274662
"649",7,1,0.00524478176464634,-22.8400436187649,8.62662440524607,13,100,0.217976478975032,-0.591845344274662,7,1,-22.14491,50,0.4,0.6,40,"both",0.217976478975032,-0.591845344274662
"650",7,1,0.00524478176464634,-22.8400436187649,8.62662440524607,13,100,0.217976478975032,-0.591845344274662,7,0,-16.38594,50,0.4,0.6,40,"both",0.217976478975032,-0.591845344274662
"651",7,1,0.00524478176464634,-22.8400436187649,8.62662440524607,13,100,0.217976478975032,-0.591845344274662,7,0,-19.34596,50,0.4,0.6,40,"both",0.217976478975032,-0.591845344274662
"652",7,1,0.00524478176464634,-22.8400436187649,8.62662440524607,13,100,0.217976478975032,-0.591845344274662,7,0,-41.2637,50,0.4,0.6,40,"both",0.217976478975032,-0.591845344274662
"653",7,1,0.00524478176464634,-22.8400436187649,8.62662440524607,13,100,0.217976478975032,-0.591845344274662,7,0,-34.3525,50,0.4,0.6,40,"both",0.217976478975032,-0.591845344274662
"654",7,1,0.00524478176464634,-22.8400436187649,8.62662440524607,13,100,0.217976478975032,-0.591845344274662,7,0,-32.2164,50,0.4,0.6,40,"both",0.217976478975032,-0.591845344274662
"655",7,1,0.00524478176464634,-22.8400436187649,8.62662440524607,13,100,0.217976478975032,-0.591845344274662,7,0,-26.46981,50,0.4,0.6,40,"both",0.217976478975032,-0.591845344274662
"656",7,1,0.00524478176464634,-22.8400436187649,8.62662440524607,13,100,0.217976478975032,-0.591845344274662,7,1,-16.19854,50,0.4,0.6,40,"both",0.217976478975032,-0.591845344274662
"657",7,1,0.00524478176464634,-22.8400436187649,8.62662440524607,13,100,0.217976478975032,-0.591845344274662,7,0,-27.99115,50,0.4,0.6,40,"both",0.217976478975032,-0.591845344274662
"658",7,1,0.00524478176464634,-22.8400436187649,8.62662440524607,13,100,0.217976478975032,-0.591845344274662,7,1,-6.33,50,0.4,0.6,40,"both",0.217976478975032,-0.591845344274662
"659",7,1,0.00524478176464634,-22.8400436187649,8.62662440524607,13,100,0.217976478975032,-0.591845344274662,7,1,-12.838,50,0.4,0.6,40,"both",0.217976478975032,-0.591845344274662
"660",7,1,0.00524478176464634,-22.8400436187649,8.62662440524607,13,100,0.217976478975032,-0.591845344274662,7,1,-31.44379,50,0.4,0.6,40,"both",0.217976478975032,-0.591845344274662
"661",7,1,0.00524478176464634,-22.8400436187649,8.62662440524607,13,100,0.217976478975032,-0.591845344274662,7,1,-17.36165,50,0.4,0.6,40,"both",0.217976478975032,-0.591845344274662
"662",7,1,0.00524478176464634,-22.8400436187649,8.62662440524607,13,100,0.217976478975032,-0.591845344274662,7,0,-32.28045,50,0.4,0.6,40,"both",0.217976478975032,-0.591845344274662
"663",7,1,0.00524478176464634,-22.8400436187649,8.62662440524607,13,100,0.217976478975032,-0.591845344274662,7,1,-19.67537,50,0.4,0.6,40,"both",0.217976478975032,-0.591845344274662
"664",7,1,0.00524478176464634,-22.8400436187649,8.62662440524607,13,100,0.217976478975032,-0.591845344274662,7,1,-20.41496,50,0.4,0.6,40,"both",0.217976478975032,-0.591845344274662
"665",7,1,0.00524478176464634,-22.8400436187649,8.62662440524607,13,100,0.217976478975032,-0.591845344274662,7,0,-33.88684,50,0.4,0.6,40,"both",0.217976478975032,-0.591845344274662
"666",7,1,0.00524478176464634,-22.8400436187649,8.62662440524607,13,100,0.217976478975032,-0.591845344274662,7,0,-31.15945,50,0.4,0.6,40,"both",0.217976478975032,-0.591845344274662
"667",7,1,0.00524478176464634,-22.8400436187649,8.62662440524607,13,100,0.217976478975032,-0.591845344274662,7,1,-28.31712,50,0.4,0.6,40,"both",0.217976478975032,-0.591845344274662
"668",7,1,0.00524478176464634,-22.8400436187649,8.62662440524607,13,100,0.217976478975032,-0.591845344274662,7,1,-14.92008,50,0.4,0.6,40,"both",0.217976478975032,-0.591845344274662
"669",7,1,0.00524478176464634,-22.8400436187649,8.62662440524607,13,100,0.217976478975032,-0.591845344274662,7,0,-29.07571,50,0.4,0.6,40,"both",0.217976478975032,-0.591845344274662
"670",7,1,0.00524478176464634,-22.8400436187649,8.62662440524607,13,100,0.217976478975032,-0.591845344274662,7,0,-28.12155,50,0.4,0.6,40,"both",0.217976478975032,-0.591845344274662
"671",7,1,0.00524478176464634,-22.8400436187649,8.62662440524607,13,100,0.217976478975032,-0.591845344274662,7,0,-35.5547,50,0.4,0.6,40,"both",0.217976478975032,-0.591845344274662
"672",7,1,0.00524478176464634,-22.8400436187649,8.62662440524607,13,100,0.217976478975032,-0.591845344274662,7,0,-17.46251,50,0.4,0.6,40,"both",0.217976478975032,-0.591845344274662
"673",7,1,0.00524478176464634,-22.8400436187649,8.62662440524607,13,100,0.217976478975032,-0.591845344274662,7,1,-18.04136,50,0.4,0.6,40,"both",0.217976478975032,-0.591845344274662
"674",7,1,0.00524478176464634,-22.8400436187649,8.62662440524607,13,100,0.217976478975032,-0.591845344274662,7,1,-18.06637,50,0.4,0.6,40,"both",0.217976478975032,-0.591845344274662
"675",7,1,0.00524478176464634,-22.8400436187649,8.62662440524607,13,100,0.217976478975032,-0.591845344274662,7,0,-33.01149,50,0.4,0.6,40,"both",0.217976478975032,-0.591845344274662
"676",7,1,0.00524478176464634,-22.8400436187649,8.62662440524607,13,100,0.217976478975032,-0.591845344274662,7,1,-17.8952,50,0.4,0.6,40,"both",0.217976478975032,-0.591845344274662
"677",7,1,0.00524478176464634,-22.8400436187649,8.62662440524607,13,100,0.217976478975032,-0.591845344274662,7,0,-30.38848,50,0.4,0.6,40,"both",0.217976478975032,-0.591845344274662
"678",7,1,0.00524478176464634,-22.8400436187649,8.62662440524607,13,100,0.217976478975032,-0.591845344274662,7,1,-16.59069,50,0.4,0.6,40,"both",0.217976478975032,-0.591845344274662
"679",7,1,0.00524478176464634,-22.8400436187649,8.62662440524607,13,100,0.217976478975032,-0.591845344274662,7,1,-18.50191,50,0.4,0.6,40,"both",0.217976478975032,-0.591845344274662
"680",7,1,0.00524478176464634,-22.8400436187649,8.62662440524607,13,100,0.217976478975032,-0.591845344274662,7,0,-30.63032,50,0.4,0.6,40,"both",0.217976478975032,-0.591845344274662
"681",7,1,0.00524478176464634,-22.8400436187649,8.62662440524607,13,100,0.217976478975032,-0.591845344274662,7,1,-31.74933,50,0.4,0.6,40,"both",0.217976478975032,-0.591845344274662
"682",7,1,0.00524478176464634,-22.8400436187649,8.62662440524607,13,100,0.217976478975032,-0.591845344274662,7,1,-17.59271,50,0.4,0.6,40,"both",0.217976478975032,-0.591845344274662
"683",7,1,0.00524478176464634,-22.8400436187649,8.62662440524607,13,100,0.217976478975032,-0.591845344274662,7,1,-24.07497,50,0.4,0.6,40,"both",0.217976478975032,-0.591845344274662
"684",7,1,0.00524478176464634,-22.8400436187649,8.62662440524607,13,100,0.217976478975032,-0.591845344274662,7,1,-17.25298,50,0.4,0.6,40,"both",0.217976478975032,-0.591845344274662
"685",7,1,0.00524478176464634,-22.8400436187649,8.62662440524607,13,100,0.217976478975032,-0.591845344274662,7,1,-20.29299,50,0.4,0.6,40,"both",0.217976478975032,-0.591845344274662
"686",7,1,0.00524478176464634,-22.8400436187649,8.62662440524607,13,100,0.217976478975032,-0.591845344274662,7,0,-31.73375,50,0.4,0.6,40,"both",0.217976478975032,-0.591845344274662
"687",7,1,0.00524478176464634,-22.8400436187649,8.62662440524607,13,100,0.217976478975032,-0.591845344274662,7,0,-14.2983,50,0.4,0.6,40,"both",0.217976478975032,-0.591845344274662
"688",7,1,0.00524478176464634,-22.8400436187649,8.62662440524607,13,100,0.217976478975032,-0.591845344274662,7,1,-15.31652,50,0.4,0.6,40,"both",0.217976478975032,-0.591845344274662
"689",7,1,0.00524478176464634,-22.8400436187649,8.62662440524607,13,100,0.217976478975032,-0.591845344274662,7,0,-28.02985,50,0.4,0.6,40,"both",0.217976478975032,-0.591845344274662
"690",7,1,0.00524478176464634,-22.8400436187649,8.62662440524607,13,100,0.217976478975032,-0.591845344274662,7,1,-31.6948,50,0.4,0.6,40,"both",0.217976478975032,-0.591845344274662
"691",7,1,0.00524478176464634,-22.8400436187649,8.62662440524607,13,100,0.217976478975032,-0.591845344274662,7,1,-15.82902,50,0.4,0.6,40,"both",0.217976478975032,-0.591845344274662
"692",7,1,0.00524478176464634,-22.8400436187649,8.62662440524607,13,100,0.217976478975032,-0.591845344274662,7,1,-17.02245,50,0.4,0.6,40,"both",0.217976478975032,-0.591845344274662
"693",7,1,0.00524478176464634,-22.8400436187649,8.62662440524607,13,100,0.217976478975032,-0.591845344274662,7,0,-31.58873,50,0.4,0.6,40,"both",0.217976478975032,-0.591845344274662
"694",7,1,0.00524478176464634,-22.8400436187649,8.62662440524607,13,100,0.217976478975032,-0.591845344274662,7,1,-19.32701,50,0.4,0.6,40,"both",0.217976478975032,-0.591845344274662
"695",7,1,0.00524478176464634,-22.8400436187649,8.62662440524607,13,100,0.217976478975032,-0.591845344274662,7,0,-16.33327,50,0.4,0.6,40,"both",0.217976478975032,-0.591845344274662
"696",7,1,0.00524478176464634,-22.8400436187649,8.62662440524607,13,100,0.217976478975032,-0.591845344274662,7,0,-33.93619,50,0.4,0.6,40,"both",0.217976478975032,-0.591845344274662
"697",7,1,0.00524478176464634,-22.8400436187649,8.62662440524607,13,100,0.217976478975032,-0.591845344274662,7,1,-17.31579,50,0.4,0.6,40,"both",0.217976478975032,-0.591845344274662
"698",7,1,0.00524478176464634,-22.8400436187649,8.62662440524607,13,100,0.217976478975032,-0.591845344274662,7,1,-35.82747,50,0.4,0.6,40,"both",0.217976478975032,-0.591845344274662
"699",7,1,0.00524478176464634,-22.8400436187649,8.62662440524607,13,100,0.217976478975032,-0.591845344274662,7,1,-17.98604,50,0.4,0.6,40,"both",0.217976478975032,-0.591845344274662
"700",7,1,0.00524478176464634,-22.8400436187649,8.62662440524607,13,100,0.217976478975032,-0.591845344274662,7,0,-20.48492,50,0.4,0.6,40,"both",0.217976478975032,-0.591845344274662
"701",8,1,0.00118566917267455,1.46494508397267,6.08056787169052,15,100,0.217976478975032,-0.591845344274662,8,0,-7.9070019605,50,0.4,0.6,40,"both",0.217976478975032,-0.591845344274662
"702",8,1,0.00118566917267455,1.46494508397267,6.08056787169052,15,100,0.217976478975032,-0.591845344274662,8,1,7.144062633,50,0.4,0.6,40,"both",0.217976478975032,-0.591845344274662
"703",8,1,0.00118566917267455,1.46494508397267,6.08056787169052,15,100,0.217976478975032,-0.591845344274662,8,0,-1.11396883377,50,0.4,0.6,40,"both",0.217976478975032,-0.591845344274662
"704",8,1,0.00118566917267455,1.46494508397267,6.08056787169052,15,100,0.217976478975032,-0.591845344274662,8,0,1.8234697201,50,0.4,0.6,40,"both",0.217976478975032,-0.591845344274662
"705",8,1,0.00118566917267455,1.46494508397267,6.08056787169052,15,100,0.217976478975032,-0.591845344274662,8,1,1.18201,50,0.4,0.6,40,"both",0.217976478975032,-0.591845344274662
"706",8,1,0.00118566917267455,1.46494508397267,6.08056787169052,15,100,0.217976478975032,-0.591845344274662,8,1,16.49839,50,0.4,0.6,40,"both",0.217976478975032,-0.591845344274662
"707",8,1,0.00118566917267455,1.46494508397267,6.08056787169052,15,100,0.217976478975032,-0.591845344274662,8,1,0.34651,50,0.4,0.6,40,"both",0.217976478975032,-0.591845344274662
"708",8,1,0.00118566917267455,1.46494508397267,6.08056787169052,15,100,0.217976478975032,-0.591845344274662,8,0,-0.4661262377,50,0.4,0.6,40,"both",0.217976478975032,-0.591845344274662
"709",8,1,0.00118566917267455,1.46494508397267,6.08056787169052,15,100,0.217976478975032,-0.591845344274662,8,0,0.84517,50,0.4,0.6,40,"both",0.217976478975032,-0.591845344274662
"710",8,1,0.00118566917267455,1.46494508397267,6.08056787169052,15,100,0.217976478975032,-0.591845344274662,8,0,2.611976,50,0.4,0.6,40,"both",0.217976478975032,-0.591845344274662
"711",8,1,0.00118566917267455,1.46494508397267,6.08056787169052,15,100,0.217976478975032,-0.591845344274662,8,1,10.38224,50,0.4,0.6,40,"both",0.217976478975032,-0.591845344274662
"712",8,1,0.00118566917267455,1.46494508397267,6.08056787169052,15,100,0.217976478975032,-0.591845344274662,8,1,-0.99888,50,0.4,0.6,40,"both",0.217976478975032,-0.591845344274662
"713",8,1,0.00118566917267455,1.46494508397267,6.08056787169052,15,100,0.217976478975032,-0.591845344274662,8,0,1.32324,50,0.4,0.6,40,"both",0.217976478975032,-0.591845344274662
"714",8,1,0.00118566917267455,1.46494508397267,6.08056787169052,15,100,0.217976478975032,-0.591845344274662,8,1,11.18622,50,0.4,0.6,40,"both",0.217976478975032,-0.591845344274662
"715",8,1,0.00118566917267455,1.46494508397267,6.08056787169052,15,100,0.217976478975032,-0.591845344274662,8,1,-2.6616,50,0.4,0.6,40,"both",0.217976478975032,-0.591845344274662
"716",8,1,0.00118566917267455,1.46494508397267,6.08056787169052,15,100,0.217976478975032,-0.591845344274662,8,0,-12.28076,50,0.4,0.6,40,"both",0.217976478975032,-0.591845344274662
"717",8,1,0.00118566917267455,1.46494508397267,6.08056787169052,15,100,0.217976478975032,-0.591845344274662,8,0,-21.9038,50,0.4,0.6,40,"both",0.217976478975032,-0.591845344274662
"718",8,1,0.00118566917267455,1.46494508397267,6.08056787169052,15,100,0.217976478975032,-0.591845344274662,8,0,6.51788,50,0.4,0.6,40,"both",0.217976478975032,-0.591845344274662
"719",8,1,0.00118566917267455,1.46494508397267,6.08056787169052,15,100,0.217976478975032,-0.591845344274662,8,0,2.71897041037,50,0.4,0.6,40,"both",0.217976478975032,-0.591845344274662
"720",8,1,0.00118566917267455,1.46494508397267,6.08056787169052,15,100,0.217976478975032,-0.591845344274662,8,0,1.05486,50,0.4,0.6,40,"both",0.217976478975032,-0.591845344274662
"721",8,1,0.00118566917267455,1.46494508397267,6.08056787169052,15,100,0.217976478975032,-0.591845344274662,8,1,12.44947,50,0.4,0.6,40,"both",0.217976478975032,-0.591845344274662
"722",8,1,0.00118566917267455,1.46494508397267,6.08056787169052,15,100,0.217976478975032,-0.591845344274662,8,1,17.61659,50,0.4,0.6,40,"both",0.217976478975032,-0.591845344274662
"723",8,1,0.00118566917267455,1.46494508397267,6.08056787169052,15,100,0.217976478975032,-0.591845344274662,8,0,-15.24398,50,0.4,0.6,40,"both",0.217976478975032,-0.591845344274662
"724",8,1,0.00118566917267455,1.46494508397267,6.08056787169052,15,100,0.217976478975032,-0.591845344274662,8,1,13.19009,50,0.4,0.6,40,"both",0.217976478975032,-0.591845344274662
"725",8,1,0.00118566917267455,1.46494508397267,6.08056787169052,15,100,0.217976478975032,-0.591845344274662,8,1,12.95349,50,0.4,0.6,40,"both",0.217976478975032,-0.591845344274662
"726",8,1,0.00118566917267455,1.46494508397267,6.08056787169052,15,100,0.217976478975032,-0.591845344274662,8,0,-2.9013,50,0.4,0.6,40,"both",0.217976478975032,-0.591845344274662
"727",8,1,0.00118566917267455,1.46494508397267,6.08056787169052,15,100,0.217976478975032,-0.591845344274662,8,1,7.14713,50,0.4,0.6,40,"both",0.217976478975032,-0.591845344274662
"728",8,1,0.00118566917267455,1.46494508397267,6.08056787169052,15,100,0.217976478975032,-0.591845344274662,8,0,-2.37727,50,0.4,0.6,40,"both",0.217976478975032,-0.591845344274662
"729",8,1,0.00118566917267455,1.46494508397267,6.08056787169052,15,100,0.217976478975032,-0.591845344274662,8,1,10.74163,50,0.4,0.6,40,"both",0.217976478975032,-0.591845344274662
"730",8,1,0.00118566917267455,1.46494508397267,6.08056787169052,15,100,0.217976478975032,-0.591845344274662,8,1,7.009194,50,0.4,0.6,40,"both",0.217976478975032,-0.591845344274662
"731",8,1,0.00118566917267455,1.46494508397267,6.08056787169052,15,100,0.217976478975032,-0.591845344274662,8,1,17.92068,50,0.4,0.6,40,"both",0.217976478975032,-0.591845344274662
"732",8,1,0.00118566917267455,1.46494508397267,6.08056787169052,15,100,0.217976478975032,-0.591845344274662,8,1,10.50177,50,0.4,0.6,40,"both",0.217976478975032,-0.591845344274662
"733",8,1,0.00118566917267455,1.46494508397267,6.08056787169052,15,100,0.217976478975032,-0.591845344274662,8,0,-6.74659,50,0.4,0.6,40,"both",0.217976478975032,-0.591845344274662
"734",8,1,0.00118566917267455,1.46494508397267,6.08056787169052,15,100,0.217976478975032,-0.591845344274662,8,1,15.56164,50,0.4,0.6,40,"both",0.217976478975032,-0.591845344274662
"735",8,1,0.00118566917267455,1.46494508397267,6.08056787169052,15,100,0.217976478975032,-0.591845344274662,8,0,-1.93153,50,0.4,0.6,40,"both",0.217976478975032,-0.591845344274662
"736",8,1,0.00118566917267455,1.46494508397267,6.08056787169052,15,100,0.217976478975032,-0.591845344274662,8,1,10.95704,50,0.4,0.6,40,"both",0.217976478975032,-0.591845344274662
"737",8,1,0.00118566917267455,1.46494508397267,6.08056787169052,15,100,0.217976478975032,-0.591845344274662,8,0,-1.46405,50,0.4,0.6,40,"both",0.217976478975032,-0.591845344274662
"738",8,1,0.00118566917267455,1.46494508397267,6.08056787169052,15,100,0.217976478975032,-0.591845344274662,8,1,7.99466,50,0.4,0.6,40,"both",0.217976478975032,-0.591845344274662
"739",8,1,0.00118566917267455,1.46494508397267,6.08056787169052,15,100,0.217976478975032,-0.591845344274662,8,0,-3.72334,50,0.4,0.6,40,"both",0.217976478975032,-0.591845344274662
"740",8,1,0.00118566917267455,1.46494508397267,6.08056787169052,15,100,0.217976478975032,-0.591845344274662,8,1,3.89352,50,0.4,0.6,40,"both",0.217976478975032,-0.591845344274662
"741",8,1,0.00118566917267455,1.46494508397267,6.08056787169052,15,100,0.217976478975032,-0.591845344274662,8,1,-3.22086,50,0.4,0.6,40,"both",0.217976478975032,-0.591845344274662
"742",8,1,0.00118566917267455,1.46494508397267,6.08056787169052,15,100,0.217976478975032,-0.591845344274662,8,1,10.22066,50,0.4,0.6,40,"both",0.217976478975032,-0.591845344274662
"743",8,1,0.00118566917267455,1.46494508397267,6.08056787169052,15,100,0.217976478975032,-0.591845344274662,8,1,8.28312,50,0.4,0.6,40,"both",0.217976478975032,-0.591845344274662
"744",8,1,0.00118566917267455,1.46494508397267,6.08056787169052,15,100,0.217976478975032,-0.591845344274662,8,1,0.10588,50,0.4,0.6,40,"both",0.217976478975032,-0.591845344274662
"745",8,1,0.00118566917267455,1.46494508397267,6.08056787169052,15,100,0.217976478975032,-0.591845344274662,8,0,-3.33518,50,0.4,0.6,40,"both",0.217976478975032,-0.591845344274662
"746",8,1,0.00118566917267455,1.46494508397267,6.08056787169052,15,100,0.217976478975032,-0.591845344274662,8,0,-2.95249,50,0.4,0.6,40,"both",0.217976478975032,-0.591845344274662
"747",8,1,0.00118566917267455,1.46494508397267,6.08056787169052,15,100,0.217976478975032,-0.591845344274662,8,1,4.147823,50,0.4,0.6,40,"both",0.217976478975032,-0.591845344274662
"748",8,1,0.00118566917267455,1.46494508397267,6.08056787169052,15,100,0.217976478975032,-0.591845344274662,8,0,-2.35111,50,0.4,0.6,40,"both",0.217976478975032,-0.591845344274662
"749",8,1,0.00118566917267455,1.46494508397267,6.08056787169052,15,100,0.217976478975032,-0.591845344274662,8,0,-2.320612,50,0.4,0.6,40,"both",0.217976478975032,-0.591845344274662
"750",8,1,0.00118566917267455,1.46494508397267,6.08056787169052,15,100,0.217976478975032,-0.591845344274662,8,0,-0.39011,50,0.4,0.6,40,"both",0.217976478975032,-0.591845344274662
"751",8,1,0.00118566917267455,1.46494508397267,6.08056787169052,15,100,0.217976478975032,-0.591845344274662,8,1,5.21704,50,0.4,0.6,40,"both",0.217976478975032,-0.591845344274662
"752",8,1,0.00118566917267455,1.46494508397267,6.08056787169052,15,100,0.217976478975032,-0.591845344274662,8,0,-1.46236,50,0.4,0.6,40,"both",0.217976478975032,-0.591845344274662
"753",8,1,0.00118566917267455,1.46494508397267,6.08056787169052,15,100,0.217976478975032,-0.591845344274662,8,0,-2.1166,50,0.4,0.6,40,"both",0.217976478975032,-0.591845344274662
"754",8,1,0.00118566917267455,1.46494508397267,6.08056787169052,15,100,0.217976478975032,-0.591845344274662,8,1,-0.0913900000000005,50,0.4,0.6,40,"both",0.217976478975032,-0.591845344274662
"755",8,1,0.00118566917267455,1.46494508397267,6.08056787169052,15,100,0.217976478975032,-0.591845344274662,8,0,-2.50621,50,0.4,0.6,40,"both",0.217976478975032,-0.591845344274662
"756",8,1,0.00118566917267455,1.46494508397267,6.08056787169052,15,100,0.217976478975032,-0.591845344274662,8,0,0.82272,50,0.4,0.6,40,"both",0.217976478975032,-0.591845344274662
"757",8,1,0.00118566917267455,1.46494508397267,6.08056787169052,15,100,0.217976478975032,-0.591845344274662,8,1,5.12215,50,0.4,0.6,40,"both",0.217976478975032,-0.591845344274662
"758",8,1,0.00118566917267455,1.46494508397267,6.08056787169052,15,100,0.217976478975032,-0.591845344274662,8,1,12.01525,50,0.4,0.6,40,"both",0.217976478975032,-0.591845344274662
"759",8,1,0.00118566917267455,1.46494508397267,6.08056787169052,15,100,0.217976478975032,-0.591845344274662,8,0,4.66716,50,0.4,0.6,40,"both",0.217976478975032,-0.591845344274662
"760",8,1,0.00118566917267455,1.46494508397267,6.08056787169052,15,100,0.217976478975032,-0.591845344274662,8,1,7.91112,50,0.4,0.6,40,"both",0.217976478975032,-0.591845344274662
"761",8,1,0.00118566917267455,1.46494508397267,6.08056787169052,15,100,0.217976478975032,-0.591845344274662,8,0,0.0790599999999997,50,0.4,0.6,40,"both",0.217976478975032,-0.591845344274662
"762",8,1,0.00118566917267455,1.46494508397267,6.08056787169052,15,100,0.217976478975032,-0.591845344274662,8,1,6.6079,50,0.4,0.6,40,"both",0.217976478975032,-0.591845344274662
"763",8,1,0.00118566917267455,1.46494508397267,6.08056787169052,15,100,0.217976478975032,-0.591845344274662,8,0,-0.64473,50,0.4,0.6,40,"both",0.217976478975032,-0.591845344274662
"764",8,1,0.00118566917267455,1.46494508397267,6.08056787169052,15,100,0.217976478975032,-0.591845344274662,8,1,5.41679,50,0.4,0.6,40,"both",0.217976478975032,-0.591845344274662
"765",8,1,0.00118566917267455,1.46494508397267,6.08056787169052,15,100,0.217976478975032,-0.591845344274662,8,1,5.77018,50,0.4,0.6,40,"both",0.217976478975032,-0.591845344274662
"766",8,1,0.00118566917267455,1.46494508397267,6.08056787169052,15,100,0.217976478975032,-0.591845344274662,8,1,0.0751400000000002,50,0.4,0.6,40,"both",0.217976478975032,-0.591845344274662
"767",8,1,0.00118566917267455,1.46494508397267,6.08056787169052,15,100,0.217976478975032,-0.591845344274662,8,1,7.96986,50,0.4,0.6,40,"both",0.217976478975032,-0.591845344274662
"768",8,1,0.00118566917267455,1.46494508397267,6.08056787169052,15,100,0.217976478975032,-0.591845344274662,8,0,-4.58235,50,0.4,0.6,40,"both",0.217976478975032,-0.591845344274662
"769",8,1,0.00118566917267455,1.46494508397267,6.08056787169052,15,100,0.217976478975032,-0.591845344274662,8,1,4.453983,50,0.4,0.6,40,"both",0.217976478975032,-0.591845344274662
"770",8,1,0.00118566917267455,1.46494508397267,6.08056787169052,15,100,0.217976478975032,-0.591845344274662,8,1,-0.37696,50,0.4,0.6,40,"both",0.217976478975032,-0.591845344274662
"771",8,1,0.00118566917267455,1.46494508397267,6.08056787169052,15,100,0.217976478975032,-0.591845344274662,8,1,4.65847,50,0.4,0.6,40,"both",0.217976478975032,-0.591845344274662
"772",8,1,0.00118566917267455,1.46494508397267,6.08056787169052,15,100,0.217976478975032,-0.591845344274662,8,1,8.76062,50,0.4,0.6,40,"both",0.217976478975032,-0.591845344274662
"773",8,1,0.00118566917267455,1.46494508397267,6.08056787169052,15,100,0.217976478975032,-0.591845344274662,8,0,-3.00205,50,0.4,0.6,40,"both",0.217976478975032,-0.591845344274662
"774",8,1,0.00118566917267455,1.46494508397267,6.08056787169052,15,100,0.217976478975032,-0.591845344274662,8,0,-3.014121,50,0.4,0.6,40,"both",0.217976478975032,-0.591845344274662
"775",8,1,0.00118566917267455,1.46494508397267,6.08056787169052,15,100,0.217976478975032,-0.591845344274662,8,1,6.33825,50,0.4,0.6,40,"both",0.217976478975032,-0.591845344274662
"776",8,1,0.00118566917267455,1.46494508397267,6.08056787169052,15,100,0.217976478975032,-0.591845344274662,8,0,-1.58353,50,0.4,0.6,40,"both",0.217976478975032,-0.591845344274662
"777",8,1,0.00118566917267455,1.46494508397267,6.08056787169052,15,100,0.217976478975032,-0.591845344274662,8,1,-2.36355,50,0.4,0.6,40,"both",0.217976478975032,-0.591845344274662
"778",8,1,0.00118566917267455,1.46494508397267,6.08056787169052,15,100,0.217976478975032,-0.591845344274662,8,1,-4.015068,50,0.4,0.6,40,"both",0.217976478975032,-0.591845344274662
"779",8,1,0.00118566917267455,1.46494508397267,6.08056787169052,15,100,0.217976478975032,-0.591845344274662,8,0,0.41649,50,0.4,0.6,40,"both",0.217976478975032,-0.591845344274662
"780",8,1,0.00118566917267455,1.46494508397267,6.08056787169052,15,100,0.217976478975032,-0.591845344274662,8,0,-6.305274,50,0.4,0.6,40,"both",0.217976478975032,-0.591845344274662
"781",8,1,0.00118566917267455,1.46494508397267,6.08056787169052,15,100,0.217976478975032,-0.591845344274662,8,0,-3.02082,50,0.4,0.6,40,"both",0.217976478975032,-0.591845344274662
"782",8,1,0.00118566917267455,1.46494508397267,6.08056787169052,15,100,0.217976478975032,-0.591845344274662,8,0,-1.82092,50,0.4,0.6,40,"both",0.217976478975032,-0.591845344274662
"783",8,1,0.00118566917267455,1.46494508397267,6.08056787169052,15,100,0.217976478975032,-0.591845344274662,8,0,6.09654,50,0.4,0.6,40,"both",0.217976478975032,-0.591845344274662
"784",8,1,0.00118566917267455,1.46494508397267,6.08056787169052,15,100,0.217976478975032,-0.591845344274662,8,1,-1.33671,50,0.4,0.6,40,"both",0.217976478975032,-0.591845344274662
"785",8,1,0.00118566917267455,1.46494508397267,6.08056787169052,15,100,0.217976478975032,-0.591845344274662,8,0,-4.757642,50,0.4,0.6,40,"both",0.217976478975032,-0.591845344274662
"786",8,1,0.00118566917267455,1.46494508397267,6.08056787169052,15,100,0.217976478975032,-0.591845344274662,8,0,6.38782,50,0.4,0.6,40,"both",0.217976478975032,-0.591845344274662
"787",8,1,0.00118566917267455,1.46494508397267,6.08056787169052,15,100,0.217976478975032,-0.591845344274662,8,0,9.08122,50,0.4,0.6,40,"both",0.217976478975032,-0.591845344274662
"788",8,1,0.00118566917267455,1.46494508397267,6.08056787169052,15,100,0.217976478975032,-0.591845344274662,8,1,5.39347,50,0.4,0.6,40,"both",0.217976478975032,-0.591845344274662
"789",8,1,0.00118566917267455,1.46494508397267,6.08056787169052,15,100,0.217976478975032,-0.591845344274662,8,1,6.93438,50,0.4,0.6,40,"both",0.217976478975032,-0.591845344274662
"790",8,1,0.00118566917267455,1.46494508397267,6.08056787169052,15,100,0.217976478975032,-0.591845344274662,8,0,-3.59429,50,0.4,0.6,40,"both",0.217976478975032,-0.591845344274662
"791",8,1,0.00118566917267455,1.46494508397267,6.08056787169052,15,100,0.217976478975032,-0.591845344274662,8,1,6.96862,50,0.4,0.6,40,"both",0.217976478975032,-0.591845344274662
"792",8,1,0.00118566917267455,1.46494508397267,6.08056787169052,15,100,0.217976478975032,-0.591845344274662,8,0,6.44252,50,0.4,0.6,40,"both",0.217976478975032,-0.591845344274662
"793",8,1,0.00118566917267455,1.46494508397267,6.08056787169052,15,100,0.217976478975032,-0.591845344274662,8,1,5.62758,50,0.4,0.6,40,"both",0.217976478975032,-0.591845344274662
"794",8,1,0.00118566917267455,1.46494508397267,6.08056787169052,15,100,0.217976478975032,-0.591845344274662,8,0,-5.931127,50,0.4,0.6,40,"both",0.217976478975032,-0.591845344274662
"795",8,1,0.00118566917267455,1.46494508397267,6.08056787169052,15,100,0.217976478975032,-0.591845344274662,8,0,-8.43024,50,0.4,0.6,40,"both",0.217976478975032,-0.591845344274662
"796",8,1,0.00118566917267455,1.46494508397267,6.08056787169052,15,100,0.217976478975032,-0.591845344274662,8,0,6.29467,50,0.4,0.6,40,"both",0.217976478975032,-0.591845344274662
"797",8,1,0.00118566917267455,1.46494508397267,6.08056787169052,15,100,0.217976478975032,-0.591845344274662,8,1,-2.82774,50,0.4,0.6,40,"both",0.217976478975032,-0.591845344274662
"798",8,1,0.00118566917267455,1.46494508397267,6.08056787169052,15,100,0.217976478975032,-0.591845344274662,8,0,-3.47612,50,0.4,0.6,40,"both",0.217976478975032,-0.591845344274662
"799",8,1,0.00118566917267455,1.46494508397267,6.08056787169052,15,100,0.217976478975032,-0.591845344274662,8,1,7.57884,50,0.4,0.6,40,"both",0.217976478975032,-0.591845344274662
"800",8,1,0.00118566917267455,1.46494508397267,6.08056787169052,15,100,0.217976478975032,-0.591845344274662,8,0,-3.64031,50,0.4,0.6,40,"both",0.217976478975032,-0.591845344274662
"801",9,1,0.0105266237769911,9.99564791987158,4.56453550093703,17,100,0.217976478975032,-0.591845344274662,9,0,8.960528924,50,0.4,0.6,40,"both",0.217976478975032,-0.591845344274662
"802",9,1,0.0105266237769911,9.99564791987158,4.56453550093703,17,100,0.217976478975032,-0.591845344274662,9,1,8.2968147537,50,0.4,0.6,40,"both",0.217976478975032,-0.591845344274662
"803",9,1,0.0105266237769911,9.99564791987158,4.56453550093703,17,100,0.217976478975032,-0.591845344274662,9,1,1.6594067761,50,0.4,0.6,40,"both",0.217976478975032,-0.591845344274662
"804",9,1,0.0105266237769911,9.99564791987158,4.56453550093703,17,100,0.217976478975032,-0.591845344274662,9,0,-3.6071291171,50,0.4,0.6,40,"both",0.217976478975032,-0.591845344274662
"805",9,1,0.0105266237769911,9.99564791987158,4.56453550093703,17,100,0.217976478975032,-0.591845344274662,9,0,-7.24422,50,0.4,0.6,40,"both",0.217976478975032,-0.591845344274662
"806",9,1,0.0105266237769911,9.99564791987158,4.56453550093703,17,100,0.217976478975032,-0.591845344274662,9,0,2.75981126862,50,0.4,0.6,40,"both",0.217976478975032,-0.591845344274662
"807",9,1,0.0105266237769911,9.99564791987158,4.56453550093703,17,100,0.217976478975032,-0.591845344274662,9,0,-35.9892,50,0.4,0.6,40,"both",0.217976478975032,-0.591845344274662
"808",9,1,0.0105266237769911,9.99564791987158,4.56453550093703,17,100,0.217976478975032,-0.591845344274662,9,1,37.5212,50,0.4,0.6,40,"both",0.217976478975032,-0.591845344274662
"809",9,1,0.0105266237769911,9.99564791987158,4.56453550093703,17,100,0.217976478975032,-0.591845344274662,9,0,-10.1462,50,0.4,0.6,40,"both",0.217976478975032,-0.591845344274662
"810",9,1,0.0105266237769911,9.99564791987158,4.56453550093703,17,100,0.217976478975032,-0.591845344274662,9,0,-44.045,50,0.4,0.6,40,"both",0.217976478975032,-0.591845344274662
"811",9,1,0.0105266237769911,9.99564791987158,4.56453550093703,17,100,0.217976478975032,-0.591845344274662,9,1,16.44344,50,0.4,0.6,40,"both",0.217976478975032,-0.591845344274662
"812",9,1,0.0105266237769911,9.99564791987158,4.56453550093703,17,100,0.217976478975032,-0.591845344274662,9,1,16.78167,50,0.4,0.6,40,"both",0.217976478975032,-0.591845344274662
"813",9,1,0.0105266237769911,9.99564791987158,4.56453550093703,17,100,0.217976478975032,-0.591845344274662,9,1,15.52909,50,0.4,0.6,40,"both",0.217976478975032,-0.591845344274662
"814",9,1,0.0105266237769911,9.99564791987158,4.56453550093703,17,100,0.217976478975032,-0.591845344274662,9,1,41.83943,50,0.4,0.6,40,"both",0.217976478975032,-0.591845344274662
"815",9,1,0.0105266237769911,9.99564791987158,4.56453550093703,17,100,0.217976478975032,-0.591845344274662,9,0,4.46895111907,50,0.4,0.6,40,"both",0.217976478975032,-0.591845344274662
"816",9,1,0.0105266237769911,9.99564791987158,4.56453550093703,17,100,0.217976478975032,-0.591845344274662,9,0,1.78646,50,0.4,0.6,40,"both",0.217976478975032,-0.591845344274662
"817",9,1,0.0105266237769911,9.99564791987158,4.56453550093703,17,100,0.217976478975032,-0.591845344274662,9,1,23.69587,50,0.4,0.6,40,"both",0.217976478975032,-0.591845344274662
"818",9,1,0.0105266237769911,9.99564791987158,4.56453550093703,17,100,0.217976478975032,-0.591845344274662,9,1,17.54017,50,0.4,0.6,40,"both",0.217976478975032,-0.591845344274662
"819",9,1,0.0105266237769911,9.99564791987158,4.56453550093703,17,100,0.217976478975032,-0.591845344274662,9,0,-4.67808,50,0.4,0.6,40,"both",0.217976478975032,-0.591845344274662
"820",9,1,0.0105266237769911,9.99564791987158,4.56453550093703,17,100,0.217976478975032,-0.591845344274662,9,0,8.26391,50,0.4,0.6,40,"both",0.217976478975032,-0.591845344274662
"821",9,1,0.0105266237769911,9.99564791987158,4.56453550093703,17,100,0.217976478975032,-0.591845344274662,9,1,15.95148,50,0.4,0.6,40,"both",0.217976478975032,-0.591845344274662
"822",9,1,0.0105266237769911,9.99564791987158,4.56453550093703,17,100,0.217976478975032,-0.591845344274662,9,1,7.85968,50,0.4,0.6,40,"both",0.217976478975032,-0.591845344274662
"823",9,1,0.0105266237769911,9.99564791987158,4.56453550093703,17,100,0.217976478975032,-0.591845344274662,9,0,-1.79196,50,0.4,0.6,40,"both",0.217976478975032,-0.591845344274662
"824",9,1,0.0105266237769911,9.99564791987158,4.56453550093703,17,100,0.217976478975032,-0.591845344274662,9,1,16.56805,50,0.4,0.6,40,"both",0.217976478975032,-0.591845344274662
"825",9,1,0.0105266237769911,9.99564791987158,4.56453550093703,17,100,0.217976478975032,-0.591845344274662,9,0,1.72727,50,0.4,0.6,40,"both",0.217976478975032,-0.591845344274662
"826",9,1,0.0105266237769911,9.99564791987158,4.56453550093703,17,100,0.217976478975032,-0.591845344274662,9,1,12.55544,50,0.4,0.6,40,"both",0.217976478975032,-0.591845344274662
"827",9,1,0.0105266237769911,9.99564791987158,4.56453550093703,17,100,0.217976478975032,-0.591845344274662,9,0,-0.10954,50,0.4,0.6,40,"both",0.217976478975032,-0.591845344274662
"828",9,1,0.0105266237769911,9.99564791987158,4.56453550093703,17,100,0.217976478975032,-0.591845344274662,9,0,5.84935,50,0.4,0.6,40,"both",0.217976478975032,-0.591845344274662
"829",9,1,0.0105266237769911,9.99564791987158,4.56453550093703,17,100,0.217976478975032,-0.591845344274662,9,0,2.76902,50,0.4,0.6,40,"both",0.217976478975032,-0.591845344274662
"830",9,1,0.0105266237769911,9.99564791987158,4.56453550093703,17,100,0.217976478975032,-0.591845344274662,9,0,3.23282,50,0.4,0.6,40,"both",0.217976478975032,-0.591845344274662
"831",9,1,0.0105266237769911,9.99564791987158,4.56453550093703,17,100,0.217976478975032,-0.591845344274662,9,0,4.66285,50,0.4,0.6,40,"both",0.217976478975032,-0.591845344274662
"832",9,1,0.0105266237769911,9.99564791987158,4.56453550093703,17,100,0.217976478975032,-0.591845344274662,9,0,5.5664,50,0.4,0.6,40,"both",0.217976478975032,-0.591845344274662
"833",9,1,0.0105266237769911,9.99564791987158,4.56453550093703,17,100,0.217976478975032,-0.591845344274662,9,1,10.32783,50,0.4,0.6,40,"both",0.217976478975032,-0.591845344274662
"834",9,1,0.0105266237769911,9.99564791987158,4.56453550093703,17,100,0.217976478975032,-0.591845344274662,9,0,6.13467,50,0.4,0.6,40,"both",0.217976478975032,-0.591845344274662
"835",9,1,0.0105266237769911,9.99564791987158,4.56453550093703,17,100,0.217976478975032,-0.591845344274662,9,1,9.60693,50,0.4,0.6,40,"both",0.217976478975032,-0.591845344274662
"836",9,1,0.0105266237769911,9.99564791987158,4.56453550093703,17,100,0.217976478975032,-0.591845344274662,9,1,10.29742,50,0.4,0.6,40,"both",0.217976478975032,-0.591845344274662
"837",9,1,0.0105266237769911,9.99564791987158,4.56453550093703,17,100,0.217976478975032,-0.591845344274662,9,0,2.41702,50,0.4,0.6,40,"both",0.217976478975032,-0.591845344274662
"838",9,1,0.0105266237769911,9.99564791987158,4.56453550093703,17,100,0.217976478975032,-0.591845344274662,9,0,4.886,50,0.4,0.6,40,"both",0.217976478975032,-0.591845344274662
"839",9,1,0.0105266237769911,9.99564791987158,4.56453550093703,17,100,0.217976478975032,-0.591845344274662,9,0,6.46998,50,0.4,0.6,40,"both",0.217976478975032,-0.591845344274662
"840",9,1,0.0105266237769911,9.99564791987158,4.56453550093703,17,100,0.217976478975032,-0.591845344274662,9,0,6.66068,50,0.4,0.6,40,"both",0.217976478975032,-0.591845344274662
"841",9,1,0.0105266237769911,9.99564791987158,4.56453550093703,17,100,0.217976478975032,-0.591845344274662,9,1,11.10706,50,0.4,0.6,40,"both",0.217976478975032,-0.591845344274662
"842",9,1,0.0105266237769911,9.99564791987158,4.56453550093703,17,100,0.217976478975032,-0.591845344274662,9,0,6.25381,50,0.4,0.6,40,"both",0.217976478975032,-0.591845344274662
"843",9,1,0.0105266237769911,9.99564791987158,4.56453550093703,17,100,0.217976478975032,-0.591845344274662,9,0,7.15199,50,0.4,0.6,40,"both",0.217976478975032,-0.591845344274662
"844",9,1,0.0105266237769911,9.99564791987158,4.56453550093703,17,100,0.217976478975032,-0.591845344274662,9,0,7.81729,50,0.4,0.6,40,"both",0.217976478975032,-0.591845344274662
"845",9,1,0.0105266237769911,9.99564791987158,4.56453550093703,17,100,0.217976478975032,-0.591845344274662,9,0,10.7461,50,0.4,0.6,40,"both",0.217976478975032,-0.591845344274662
"846",9,1,0.0105266237769911,9.99564791987158,4.56453550093703,17,100,0.217976478975032,-0.591845344274662,9,0,9.88656,50,0.4,0.6,40,"both",0.217976478975032,-0.591845344274662
"847",9,1,0.0105266237769911,9.99564791987158,4.56453550093703,17,100,0.217976478975032,-0.591845344274662,9,0,7.35326,50,0.4,0.6,40,"both",0.217976478975032,-0.591845344274662
"848",9,1,0.0105266237769911,9.99564791987158,4.56453550093703,17,100,0.217976478975032,-0.591845344274662,9,1,14.04902,50,0.4,0.6,40,"both",0.217976478975032,-0.591845344274662
"849",9,1,0.0105266237769911,9.99564791987158,4.56453550093703,17,100,0.217976478975032,-0.591845344274662,9,1,10.75836,50,0.4,0.6,40,"both",0.217976478975032,-0.591845344274662
"850",9,1,0.0105266237769911,9.99564791987158,4.56453550093703,17,100,0.217976478975032,-0.591845344274662,9,0,6.37525,50,0.4,0.6,40,"both",0.217976478975032,-0.591845344274662
"851",9,1,0.0105266237769911,9.99564791987158,4.56453550093703,17,100,0.217976478975032,-0.591845344274662,9,0,5.13529,50,0.4,0.6,40,"both",0.217976478975032,-0.591845344274662
"852",9,1,0.0105266237769911,9.99564791987158,4.56453550093703,17,100,0.217976478975032,-0.591845344274662,9,1,5.33781,50,0.4,0.6,40,"both",0.217976478975032,-0.591845344274662
"853",9,1,0.0105266237769911,9.99564791987158,4.56453550093703,17,100,0.217976478975032,-0.591845344274662,9,0,4.35425,50,0.4,0.6,40,"both",0.217976478975032,-0.591845344274662
"854",9,1,0.0105266237769911,9.99564791987158,4.56453550093703,17,100,0.217976478975032,-0.591845344274662,9,0,11.89501,50,0.4,0.6,40,"both",0.217976478975032,-0.591845344274662
"855",9,1,0.0105266237769911,9.99564791987158,4.56453550093703,17,100,0.217976478975032,-0.591845344274662,9,1,15.7247,50,0.4,0.6,40,"both",0.217976478975032,-0.591845344274662
"856",9,1,0.0105266237769911,9.99564791987158,4.56453550093703,17,100,0.217976478975032,-0.591845344274662,9,0,3.74952,50,0.4,0.6,40,"both",0.217976478975032,-0.591845344274662
"857",9,1,0.0105266237769911,9.99564791987158,4.56453550093703,17,100,0.217976478975032,-0.591845344274662,9,1,14.10569,50,0.4,0.6,40,"both",0.217976478975032,-0.591845344274662
"858",9,1,0.0105266237769911,9.99564791987158,4.56453550093703,17,100,0.217976478975032,-0.591845344274662,9,0,5.66073,50,0.4,0.6,40,"both",0.217976478975032,-0.591845344274662
"859",9,1,0.0105266237769911,9.99564791987158,4.56453550093703,17,100,0.217976478975032,-0.591845344274662,9,1,10.8109,50,0.4,0.6,40,"both",0.217976478975032,-0.591845344274662
"860",9,1,0.0105266237769911,9.99564791987158,4.56453550093703,17,100,0.217976478975032,-0.591845344274662,9,0,6.86497,50,0.4,0.6,40,"both",0.217976478975032,-0.591845344274662
"861",9,1,0.0105266237769911,9.99564791987158,4.56453550093703,17,100,0.217976478975032,-0.591845344274662,9,1,11.07603,50,0.4,0.6,40,"both",0.217976478975032,-0.591845344274662
"862",9,1,0.0105266237769911,9.99564791987158,4.56453550093703,17,100,0.217976478975032,-0.591845344274662,9,0,11.30601,50,0.4,0.6,40,"both",0.217976478975032,-0.591845344274662
"863",9,1,0.0105266237769911,9.99564791987158,4.56453550093703,17,100,0.217976478975032,-0.591845344274662,9,1,13.03347,50,0.4,0.6,40,"both",0.217976478975032,-0.591845344274662
"864",9,1,0.0105266237769911,9.99564791987158,4.56453550093703,17,100,0.217976478975032,-0.591845344274662,9,0,6.92413,50,0.4,0.6,40,"both",0.217976478975032,-0.591845344274662
"865",9,1,0.0105266237769911,9.99564791987158,4.56453550093703,17,100,0.217976478975032,-0.591845344274662,9,0,12.19386,50,0.4,0.6,40,"both",0.217976478975032,-0.591845344274662
"866",9,1,0.0105266237769911,9.99564791987158,4.56453550093703,17,100,0.217976478975032,-0.591845344274662,9,0,6.13779,50,0.4,0.6,40,"both",0.217976478975032,-0.591845344274662
"867",9,1,0.0105266237769911,9.99564791987158,4.56453550093703,17,100,0.217976478975032,-0.591845344274662,9,0,8.30617,50,0.4,0.6,40,"both",0.217976478975032,-0.591845344274662
"868",9,1,0.0105266237769911,9.99564791987158,4.56453550093703,17,100,0.217976478975032,-0.591845344274662,9,1,13.02156,50,0.4,0.6,40,"both",0.217976478975032,-0.591845344274662
"869",9,1,0.0105266237769911,9.99564791987158,4.56453550093703,17,100,0.217976478975032,-0.591845344274662,9,0,8.23845,50,0.4,0.6,40,"both",0.217976478975032,-0.591845344274662
"870",9,1,0.0105266237769911,9.99564791987158,4.56453550093703,17,100,0.217976478975032,-0.591845344274662,9,1,14.08414,50,0.4,0.6,40,"both",0.217976478975032,-0.591845344274662
"871",9,1,0.0105266237769911,9.99564791987158,4.56453550093703,17,100,0.217976478975032,-0.591845344274662,9,0,7.18151,50,0.4,0.6,40,"both",0.217976478975032,-0.591845344274662
"872",9,1,0.0105266237769911,9.99564791987158,4.56453550093703,17,100,0.217976478975032,-0.591845344274662,9,0,6.63071,50,0.4,0.6,40,"both",0.217976478975032,-0.591845344274662
"873",9,1,0.0105266237769911,9.99564791987158,4.56453550093703,17,100,0.217976478975032,-0.591845344274662,9,1,12.78471,50,0.4,0.6,40,"both",0.217976478975032,-0.591845344274662
"874",9,1,0.0105266237769911,9.99564791987158,4.56453550093703,17,100,0.217976478975032,-0.591845344274662,9,1,12.47314,50,0.4,0.6,40,"both",0.217976478975032,-0.591845344274662
"875",9,1,0.0105266237769911,9.99564791987158,4.56453550093703,17,100,0.217976478975032,-0.591845344274662,9,1,8.56311,50,0.4,0.6,40,"both",0.217976478975032,-0.591845344274662
"876",9,1,0.0105266237769911,9.99564791987158,4.56453550093703,17,100,0.217976478975032,-0.591845344274662,9,1,13.85399,50,0.4,0.6,40,"both",0.217976478975032,-0.591845344274662
"877",9,1,0.0105266237769911,9.99564791987158,4.56453550093703,17,100,0.217976478975032,-0.591845344274662,9,0,11.08179,50,0.4,0.6,40,"both",0.217976478975032,-0.591845344274662
"878",9,1,0.0105266237769911,9.99564791987158,4.56453550093703,17,100,0.217976478975032,-0.591845344274662,9,1,8.28999,50,0.4,0.6,40,"both",0.217976478975032,-0.591845344274662
"879",9,1,0.0105266237769911,9.99564791987158,4.56453550093703,17,100,0.217976478975032,-0.591845344274662,9,0,8.02866,50,0.4,0.6,40,"both",0.217976478975032,-0.591845344274662
"880",9,1,0.0105266237769911,9.99564791987158,4.56453550093703,17,100,0.217976478975032,-0.591845344274662,9,1,7.33691,50,0.4,0.6,40,"both",0.217976478975032,-0.591845344274662
"881",9,1,0.0105266237769911,9.99564791987158,4.56453550093703,17,100,0.217976478975032,-0.591845344274662,9,0,5.80521,50,0.4,0.6,40,"both",0.217976478975032,-0.591845344274662
"882",9,1,0.0105266237769911,9.99564791987158,4.56453550093703,17,100,0.217976478975032,-0.591845344274662,9,1,13.90655,50,0.4,0.6,40,"both",0.217976478975032,-0.591845344274662
"883",9,1,0.0105266237769911,9.99564791987158,4.56453550093703,17,100,0.217976478975032,-0.591845344274662,9,0,11.99607,50,0.4,0.6,40,"both",0.217976478975032,-0.591845344274662
"884",9,1,0.0105266237769911,9.99564791987158,4.56453550093703,17,100,0.217976478975032,-0.591845344274662,9,0,11.75195,50,0.4,0.6,40,"both",0.217976478975032,-0.591845344274662
"885",9,1,0.0105266237769911,9.99564791987158,4.56453550093703,17,100,0.217976478975032,-0.591845344274662,9,0,7.53147,50,0.4,0.6,40,"both",0.217976478975032,-0.591845344274662
"886",9,1,0.0105266237769911,9.99564791987158,4.56453550093703,17,100,0.217976478975032,-0.591845344274662,9,1,7.06287,50,0.4,0.6,40,"both",0.217976478975032,-0.591845344274662
"887",9,1,0.0105266237769911,9.99564791987158,4.56453550093703,17,100,0.217976478975032,-0.591845344274662,9,0,6.97581,50,0.4,0.6,40,"both",0.217976478975032,-0.591845344274662
"888",9,1,0.0105266237769911,9.99564791987158,4.56453550093703,17,100,0.217976478975032,-0.591845344274662,9,0,7.9708,50,0.4,0.6,40,"both",0.217976478975032,-0.591845344274662
"889",9,1,0.0105266237769911,9.99564791987158,4.56453550093703,17,100,0.217976478975032,-0.591845344274662,9,0,7.65535,50,0.4,0.6,40,"both",0.217976478975032,-0.591845344274662
"890",9,1,0.0105266237769911,9.99564791987158,4.56453550093703,17,100,0.217976478975032,-0.591845344274662,9,1,14.38605,50,0.4,0.6,40,"both",0.217976478975032,-0.591845344274662
"891",9,1,0.0105266237769911,9.99564791987158,4.56453550093703,17,100,0.217976478975032,-0.591845344274662,9,0,8.6629,50,0.4,0.6,40,"both",0.217976478975032,-0.591845344274662
"892",9,1,0.0105266237769911,9.99564791987158,4.56453550093703,17,100,0.217976478975032,-0.591845344274662,9,1,13.39925,50,0.4,0.6,40,"both",0.217976478975032,-0.591845344274662
"893",9,1,0.0105266237769911,9.99564791987158,4.56453550093703,17,100,0.217976478975032,-0.591845344274662,9,0,6.12107,50,0.4,0.6,40,"both",0.217976478975032,-0.591845344274662
"894",9,1,0.0105266237769911,9.99564791987158,4.56453550093703,17,100,0.217976478975032,-0.591845344274662,9,0,11.9868,50,0.4,0.6,40,"both",0.217976478975032,-0.591845344274662
"895",9,1,0.0105266237769911,9.99564791987158,4.56453550093703,17,100,0.217976478975032,-0.591845344274662,9,0,12.87648,50,0.4,0.6,40,"both",0.217976478975032,-0.591845344274662
"896",9,1,0.0105266237769911,9.99564791987158,4.56453550093703,17,100,0.217976478975032,-0.591845344274662,9,1,15.75281,50,0.4,0.6,40,"both",0.217976478975032,-0.591845344274662
"897",9,1,0.0105266237769911,9.99564791987158,4.56453550093703,17,100,0.217976478975032,-0.591845344274662,9,0,12.59644,50,0.4,0.6,40,"both",0.217976478975032,-0.591845344274662
"898",9,1,0.0105266237769911,9.99564791987158,4.56453550093703,17,100,0.217976478975032,-0.591845344274662,9,1,6.82895,50,0.4,0.6,40,"both",0.217976478975032,-0.591845344274662
"899",9,1,0.0105266237769911,9.99564791987158,4.56453550093703,17,100,0.217976478975032,-0.591845344274662,9,0,13.89686,50,0.4,0.6,40,"both",0.217976478975032,-0.591845344274662
"900",9,1,0.0105266237769911,9.99564791987158,4.56453550093703,17,100,0.217976478975032,-0.591845344274662,9,0,6.49663,50,0.4,0.6,40,"both",0.217976478975032,-0.591845344274662
"901",10,1,0.00229883329225417,4.008677585239,6.19172594497713,19,100,0.217976478975032,-0.591845344274662,10,1,9.42949576565,50,0.4,0.6,40,"both",0.217976478975032,-0.591845344274662
"902",10,1,0.00229883329225417,4.008677585239,6.19172594497713,19,100,0.217976478975032,-0.591845344274662,10,0,-6.1805183254,50,0.4,0.6,40,"both",0.217976478975032,-0.591845344274662
"903",10,1,0.00229883329225417,4.008677585239,6.19172594497713,19,100,0.217976478975032,-0.591845344274662,10,0,-0.4061867365,50,0.4,0.6,40,"both",0.217976478975032,-0.591845344274662
"904",10,1,0.00229883329225417,4.008677585239,6.19172594497713,19,100,0.217976478975032,-0.591845344274662,10,0,5.12607223283,50,0.4,0.6,40,"both",0.217976478975032,-0.591845344274662
"905",10,1,0.00229883329225417,4.008677585239,6.19172594497713,19,100,0.217976478975032,-0.591845344274662,10,0,-8.8121,50,0.4,0.6,40,"both",0.217976478975032,-0.591845344274662
"906",10,1,0.00229883329225417,4.008677585239,6.19172594497713,19,100,0.217976478975032,-0.591845344274662,10,1,22.10083,50,0.4,0.6,40,"both",0.217976478975032,-0.591845344274662
"907",10,1,0.00229883329225417,4.008677585239,6.19172594497713,19,100,0.217976478975032,-0.591845344274662,10,1,4.1492,50,0.4,0.6,40,"both",0.217976478975032,-0.591845344274662
"908",10,1,0.00229883329225417,4.008677585239,6.19172594497713,19,100,0.217976478975032,-0.591845344274662,10,0,-37.2475,50,0.4,0.6,40,"both",0.217976478975032,-0.591845344274662
"909",10,1,0.00229883329225417,4.008677585239,6.19172594497713,19,100,0.217976478975032,-0.591845344274662,10,1,12.7858,50,0.4,0.6,40,"both",0.217976478975032,-0.591845344274662
"910",10,1,0.00229883329225417,4.008677585239,6.19172594497713,19,100,0.217976478975032,-0.591845344274662,10,0,6.90205,50,0.4,0.6,40,"both",0.217976478975032,-0.591845344274662
"911",10,1,0.00229883329225417,4.008677585239,6.19172594497713,19,100,0.217976478975032,-0.591845344274662,10,0,0.88215,50,0.4,0.6,40,"both",0.217976478975032,-0.591845344274662
"912",10,1,0.00229883329225417,4.008677585239,6.19172594497713,19,100,0.217976478975032,-0.591845344274662,10,1,9.84508,50,0.4,0.6,40,"both",0.217976478975032,-0.591845344274662
"913",10,1,0.00229883329225417,4.008677585239,6.19172594497713,19,100,0.217976478975032,-0.591845344274662,10,0,0.78339,50,0.4,0.6,40,"both",0.217976478975032,-0.591845344274662
"914",10,1,0.00229883329225417,4.008677585239,6.19172594497713,19,100,0.217976478975032,-0.591845344274662,10,1,3.67616,50,0.4,0.6,40,"both",0.217976478975032,-0.591845344274662
"915",10,1,0.00229883329225417,4.008677585239,6.19172594497713,19,100,0.217976478975032,-0.591845344274662,10,1,-1.35874,50,0.4,0.6,40,"both",0.217976478975032,-0.591845344274662
"916",10,1,0.00229883329225417,4.008677585239,6.19172594497713,19,100,0.217976478975032,-0.591845344274662,10,1,16.54616,50,0.4,0.6,40,"both",0.217976478975032,-0.591845344274662
"917",10,1,0.00229883329225417,4.008677585239,6.19172594497713,19,100,0.217976478975032,-0.591845344274662,10,1,4.18991008154,50,0.4,0.6,40,"both",0.217976478975032,-0.591845344274662
"918",10,1,0.00229883329225417,4.008677585239,6.19172594497713,19,100,0.217976478975032,-0.591845344274662,10,0,4.54692,50,0.4,0.6,40,"both",0.217976478975032,-0.591845344274662
"919",10,1,0.00229883329225417,4.008677585239,6.19172594497713,19,100,0.217976478975032,-0.591845344274662,10,1,9.25833,50,0.4,0.6,40,"both",0.217976478975032,-0.591845344274662
"920",10,1,0.00229883329225417,4.008677585239,6.19172594497713,19,100,0.217976478975032,-0.591845344274662,10,0,1.23719,50,0.4,0.6,40,"both",0.217976478975032,-0.591845344274662
"921",10,1,0.00229883329225417,4.008677585239,6.19172594497713,19,100,0.217976478975032,-0.591845344274662,10,0,-2.254275,50,0.4,0.6,40,"both",0.217976478975032,-0.591845344274662
"922",10,1,0.00229883329225417,4.008677585239,6.19172594497713,19,100,0.217976478975032,-0.591845344274662,10,1,12.93305,50,0.4,0.6,40,"both",0.217976478975032,-0.591845344274662
"923",10,1,0.00229883329225417,4.008677585239,6.19172594497713,19,100,0.217976478975032,-0.591845344274662,10,1,27.57322,50,0.4,0.6,40,"both",0.217976478975032,-0.591845344274662
"924",10,1,0.00229883329225417,4.008677585239,6.19172594497713,19,100,0.217976478975032,-0.591845344274662,10,0,-13.09927,50,0.4,0.6,40,"both",0.217976478975032,-0.591845344274662
"925",10,1,0.00229883329225417,4.008677585239,6.19172594497713,19,100,0.217976478975032,-0.591845344274662,10,1,5.97295,50,0.4,0.6,40,"both",0.217976478975032,-0.591845344274662
"926",10,1,0.00229883329225417,4.008677585239,6.19172594497713,19,100,0.217976478975032,-0.591845344274662,10,0,-5.24469,50,0.4,0.6,40,"both",0.217976478975032,-0.591845344274662
"927",10,1,0.00229883329225417,4.008677585239,6.19172594497713,19,100,0.217976478975032,-0.591845344274662,10,0,0.17001,50,0.4,0.6,40,"both",0.217976478975032,-0.591845344274662
"928",10,1,0.00229883329225417,4.008677585239,6.19172594497713,19,100,0.217976478975032,-0.591845344274662,10,1,8.65511,50,0.4,0.6,40,"both",0.217976478975032,-0.591845344274662
"929",10,1,0.00229883329225417,4.008677585239,6.19172594497713,19,100,0.217976478975032,-0.591845344274662,10,1,9.55393,50,0.4,0.6,40,"both",0.217976478975032,-0.591845344274662
"930",10,1,0.00229883329225417,4.008677585239,6.19172594497713,19,100,0.217976478975032,-0.591845344274662,10,1,5.15623,50,0.4,0.6,40,"both",0.217976478975032,-0.591845344274662
"931",10,1,0.00229883329225417,4.008677585239,6.19172594497713,19,100,0.217976478975032,-0.591845344274662,10,0,5.28202,50,0.4,0.6,40,"both",0.217976478975032,-0.591845344274662
"932",10,1,0.00229883329225417,4.008677585239,6.19172594497713,19,100,0.217976478975032,-0.591845344274662,10,1,1.57395,50,0.4,0.6,40,"both",0.217976478975032,-0.591845344274662
"933",10,1,0.00229883329225417,4.008677585239,6.19172594497713,19,100,0.217976478975032,-0.591845344274662,10,1,-4.20338,50,0.4,0.6,40,"both",0.217976478975032,-0.591845344274662
"934",10,1,0.00229883329225417,4.008677585239,6.19172594497713,19,100,0.217976478975032,-0.591845344274662,10,0,4.90418,50,0.4,0.6,40,"both",0.217976478975032,-0.591845344274662
"935",10,1,0.00229883329225417,4.008677585239,6.19172594497713,19,100,0.217976478975032,-0.591845344274662,10,1,6.23419,50,0.4,0.6,40,"both",0.217976478975032,-0.591845344274662
"936",10,1,0.00229883329225417,4.008677585239,6.19172594497713,19,100,0.217976478975032,-0.591845344274662,10,1,11.97377,50,0.4,0.6,40,"both",0.217976478975032,-0.591845344274662
"937",10,1,0.00229883329225417,4.008677585239,6.19172594497713,19,100,0.217976478975032,-0.591845344274662,10,1,7.65437,50,0.4,0.6,40,"both",0.217976478975032,-0.591845344274662
"938",10,1,0.00229883329225417,4.008677585239,6.19172594497713,19,100,0.217976478975032,-0.591845344274662,10,1,-0.27383,50,0.4,0.6,40,"both",0.217976478975032,-0.591845344274662
"939",10,1,0.00229883329225417,4.008677585239,6.19172594497713,19,100,0.217976478975032,-0.591845344274662,10,0,-1.71538,50,0.4,0.6,40,"both",0.217976478975032,-0.591845344274662
"940",10,1,0.00229883329225417,4.008677585239,6.19172594497713,19,100,0.217976478975032,-0.591845344274662,10,0,-4.02554,50,0.4,0.6,40,"both",0.217976478975032,-0.591845344274662
"941",10,1,0.00229883329225417,4.008677585239,6.19172594497713,19,100,0.217976478975032,-0.591845344274662,10,0,-1.46239,50,0.4,0.6,40,"both",0.217976478975032,-0.591845344274662
"942",10,1,0.00229883329225417,4.008677585239,6.19172594497713,19,100,0.217976478975032,-0.591845344274662,10,1,12.89844,50,0.4,0.6,40,"both",0.217976478975032,-0.591845344274662
"943",10,1,0.00229883329225417,4.008677585239,6.19172594497713,19,100,0.217976478975032,-0.591845344274662,10,0,3.588006,50,0.4,0.6,40,"both",0.217976478975032,-0.591845344274662
"944",10,1,0.00229883329225417,4.008677585239,6.19172594497713,19,100,0.217976478975032,-0.591845344274662,10,0,-5.65696,50,0.4,0.6,40,"both",0.217976478975032,-0.591845344274662
"945",10,1,0.00229883329225417,4.008677585239,6.19172594497713,19,100,0.217976478975032,-0.591845344274662,10,1,12.79291,50,0.4,0.6,40,"both",0.217976478975032,-0.591845344274662
"946",10,1,0.00229883329225417,4.008677585239,6.19172594497713,19,100,0.217976478975032,-0.591845344274662,10,1,3.953123,50,0.4,0.6,40,"both",0.217976478975032,-0.591845344274662
"947",10,1,0.00229883329225417,4.008677585239,6.19172594497713,19,100,0.217976478975032,-0.591845344274662,10,1,6.34754,50,0.4,0.6,40,"both",0.217976478975032,-0.591845344274662
"948",10,1,0.00229883329225417,4.008677585239,6.19172594497713,19,100,0.217976478975032,-0.591845344274662,10,0,-0.72921,50,0.4,0.6,40,"both",0.217976478975032,-0.591845344274662
"949",10,1,0.00229883329225417,4.008677585239,6.19172594497713,19,100,0.217976478975032,-0.591845344274662,10,1,7.08802,50,0.4,0.6,40,"both",0.217976478975032,-0.591845344274662
"950",10,1,0.00229883329225417,4.008677585239,6.19172594497713,19,100,0.217976478975032,-0.591845344274662,10,0,-0.16736,50,0.4,0.6,40,"both",0.217976478975032,-0.591845344274662
"951",10,1,0.00229883329225417,4.008677585239,6.19172594497713,19,100,0.217976478975032,-0.591845344274662,10,0,-0.12955,50,0.4,0.6,40,"both",0.217976478975032,-0.591845344274662
"952",10,1,0.00229883329225417,4.008677585239,6.19172594497713,19,100,0.217976478975032,-0.591845344274662,10,1,5.41941,50,0.4,0.6,40,"both",0.217976478975032,-0.591845344274662
"953",10,1,0.00229883329225417,4.008677585239,6.19172594497713,19,100,0.217976478975032,-0.591845344274662,10,0,-12.50059,50,0.4,0.6,40,"both",0.217976478975032,-0.591845344274662
"954",10,1,0.00229883329225417,4.008677585239,6.19172594497713,19,100,0.217976478975032,-0.591845344274662,10,0,-2.31366,50,0.4,0.6,40,"both",0.217976478975032,-0.591845344274662
"955",10,1,0.00229883329225417,4.008677585239,6.19172594497713,19,100,0.217976478975032,-0.591845344274662,10,1,6.25753,50,0.4,0.6,40,"both",0.217976478975032,-0.591845344274662
"956",10,1,0.00229883329225417,4.008677585239,6.19172594497713,19,100,0.217976478975032,-0.591845344274662,10,1,7.77091,50,0.4,0.6,40,"both",0.217976478975032,-0.591845344274662
"957",10,1,0.00229883329225417,4.008677585239,6.19172594497713,19,100,0.217976478975032,-0.591845344274662,10,0,-1.5509,50,0.4,0.6,40,"both",0.217976478975032,-0.591845344274662
"958",10,1,0.00229883329225417,4.008677585239,6.19172594497713,19,100,0.217976478975032,-0.591845344274662,10,1,-2.32956,50,0.4,0.6,40,"both",0.217976478975032,-0.591845344274662
"959",10,1,0.00229883329225417,4.008677585239,6.19172594497713,19,100,0.217976478975032,-0.591845344274662,10,1,7.21741,50,0.4,0.6,40,"both",0.217976478975032,-0.591845344274662
"960",10,1,0.00229883329225417,4.008677585239,6.19172594497713,19,100,0.217976478975032,-0.591845344274662,10,1,-4.92675,50,0.4,0.6,40,"both",0.217976478975032,-0.591845344274662
"961",10,1,0.00229883329225417,4.008677585239,6.19172594497713,19,100,0.217976478975032,-0.591845344274662,10,1,11.42252,50,0.4,0.6,40,"both",0.217976478975032,-0.591845344274662
"962",10,1,0.00229883329225417,4.008677585239,6.19172594497713,19,100,0.217976478975032,-0.591845344274662,10,0,-4.812897,50,0.4,0.6,40,"both",0.217976478975032,-0.591845344274662
"963",10,1,0.00229883329225417,4.008677585239,6.19172594497713,19,100,0.217976478975032,-0.591845344274662,10,1,7.76475,50,0.4,0.6,40,"both",0.217976478975032,-0.591845344274662
"964",10,1,0.00229883329225417,4.008677585239,6.19172594497713,19,100,0.217976478975032,-0.591845344274662,10,0,6.01755,50,0.4,0.6,40,"both",0.217976478975032,-0.591845344274662
"965",10,1,0.00229883329225417,4.008677585239,6.19172594497713,19,100,0.217976478975032,-0.591845344274662,10,1,9.23265,50,0.4,0.6,40,"both",0.217976478975032,-0.591845344274662
"966",10,1,0.00229883329225417,4.008677585239,6.19172594497713,19,100,0.217976478975032,-0.591845344274662,10,0,10.80067,50,0.4,0.6,40,"both",0.217976478975032,-0.591845344274662
"967",10,1,0.00229883329225417,4.008677585239,6.19172594497713,19,100,0.217976478975032,-0.591845344274662,10,0,-3.82701,50,0.4,0.6,40,"both",0.217976478975032,-0.591845344274662
"968",10,1,0.00229883329225417,4.008677585239,6.19172594497713,19,100,0.217976478975032,-0.591845344274662,10,1,8.26527,50,0.4,0.6,40,"both",0.217976478975032,-0.591845344274662
"969",10,1,0.00229883329225417,4.008677585239,6.19172594497713,19,100,0.217976478975032,-0.591845344274662,10,1,10.98831,50,0.4,0.6,40,"both",0.217976478975032,-0.591845344274662
"970",10,1,0.00229883329225417,4.008677585239,6.19172594497713,19,100,0.217976478975032,-0.591845344274662,10,0,-5.30631,50,0.4,0.6,40,"both",0.217976478975032,-0.591845344274662
"971",10,1,0.00229883329225417,4.008677585239,6.19172594497713,19,100,0.217976478975032,-0.591845344274662,10,1,6.43621,50,0.4,0.6,40,"both",0.217976478975032,-0.591845344274662
"972",10,1,0.00229883329225417,4.008677585239,6.19172594497713,19,100,0.217976478975032,-0.591845344274662,10,0,-7.909347,50,0.4,0.6,40,"both",0.217976478975032,-0.591845344274662
"973",10,1,0.00229883329225417,4.008677585239,6.19172594497713,19,100,0.217976478975032,-0.591845344274662,10,0,-2.03754,50,0.4,0.6,40,"both",0.217976478975032,-0.591845344274662
"974",10,1,0.00229883329225417,4.008677585239,6.19172594497713,19,100,0.217976478975032,-0.591845344274662,10,0,4.47264,50,0.4,0.6,40,"both",0.217976478975032,-0.591845344274662
"975",10,1,0.00229883329225417,4.008677585239,6.19172594497713,19,100,0.217976478975032,-0.591845344274662,10,0,8.28284,50,0.4,0.6,40,"both",0.217976478975032,-0.591845344274662
"976",10,1,0.00229883329225417,4.008677585239,6.19172594497713,19,100,0.217976478975032,-0.591845344274662,10,0,-3.88094,50,0.4,0.6,40,"both",0.217976478975032,-0.591845344274662
"977",10,1,0.00229883329225417,4.008677585239,6.19172594497713,19,100,0.217976478975032,-0.591845344274662,10,1,6.31239,50,0.4,0.6,40,"both",0.217976478975032,-0.591845344274662
"978",10,1,0.00229883329225417,4.008677585239,6.19172594497713,19,100,0.217976478975032,-0.591845344274662,10,0,-4.10002,50,0.4,0.6,40,"both",0.217976478975032,-0.591845344274662
"979",10,1,0.00229883329225417,4.008677585239,6.19172594497713,19,100,0.217976478975032,-0.591845344274662,10,0,7.89912,50,0.4,0.6,40,"both",0.217976478975032,-0.591845344274662
"980",10,1,0.00229883329225417,4.008677585239,6.19172594497713,19,100,0.217976478975032,-0.591845344274662,10,1,9.91524,50,0.4,0.6,40,"both",0.217976478975032,-0.591845344274662
"981",10,1,0.00229883329225417,4.008677585239,6.19172594497713,19,100,0.217976478975032,-0.591845344274662,10,1,9.56511,50,0.4,0.6,40,"both",0.217976478975032,-0.591845344274662
"982",10,1,0.00229883329225417,4.008677585239,6.19172594497713,19,100,0.217976478975032,-0.591845344274662,10,0,-0.99079,50,0.4,0.6,40,"both",0.217976478975032,-0.591845344274662
"983",10,1,0.00229883329225417,4.008677585239,6.19172594497713,19,100,0.217976478975032,-0.591845344274662,10,0,-1.29464,50,0.4,0.6,40,"both",0.217976478975032,-0.591845344274662
"984",10,1,0.00229883329225417,4.008677585239,6.19172594497713,19,100,0.217976478975032,-0.591845344274662,10,0,-2.68625,50,0.4,0.6,40,"both",0.217976478975032,-0.591845344274662
"985",10,1,0.00229883329225417,4.008677585239,6.19172594497713,19,100,0.217976478975032,-0.591845344274662,10,0,-3.81727,50,0.4,0.6,40,"both",0.217976478975032,-0.591845344274662
"986",10,1,0.00229883329225417,4.008677585239,6.19172594497713,19,100,0.217976478975032,-0.591845344274662,10,0,1.14211,50,0.4,0.6,40,"both",0.217976478975032,-0.591845344274662
"987",10,1,0.00229883329225417,4.008677585239,6.19172594497713,19,100,0.217976478975032,-0.591845344274662,10,0,-0.81016,50,0.4,0.6,40,"both",0.217976478975032,-0.591845344274662
"988",10,1,0.00229883329225417,4.008677585239,6.19172594497713,19,100,0.217976478975032,-0.591845344274662,10,1,9.7807,50,0.4,0.6,40,"both",0.217976478975032,-0.591845344274662
"989",10,1,0.00229883329225417,4.008677585239,6.19172594497713,19,100,0.217976478975032,-0.591845344274662,10,1,0.485100000000001,50,0.4,0.6,40,"both",0.217976478975032,-0.591845344274662
"990",10,1,0.00229883329225417,4.008677585239,6.19172594497713,19,100,0.217976478975032,-0.591845344274662,10,0,-2.08076,50,0.4,0.6,40,"both",0.217976478975032,-0.591845344274662
"991",10,1,0.00229883329225417,4.008677585239,6.19172594497713,19,100,0.217976478975032,-0.591845344274662,10,0,0.91374,50,0.4,0.6,40,"both",0.217976478975032,-0.591845344274662
"992",10,1,0.00229883329225417,4.008677585239,6.19172594497713,19,100,0.217976478975032,-0.591845344274662,10,1,9.66048,50,0.4,0.6,40,"both",0.217976478975032,-0.591845344274662
"993",10,1,0.00229883329225417,4.008677585239,6.19172594497713,19,100,0.217976478975032,-0.591845344274662,10,1,8.63453,50,0.4,0.6,40,"both",0.217976478975032,-0.591845344274662
"994",10,1,0.00229883329225417,4.008677585239,6.19172594497713,19,100,0.217976478975032,-0.591845344274662,10,1,6.45657,50,0.4,0.6,40,"both",0.217976478975032,-0.591845344274662
"995",10,1,0.00229883329225417,4.008677585239,6.19172594497713,19,100,0.217976478975032,-0.591845344274662,10,0,-1.64703,50,0.4,0.6,40,"both",0.217976478975032,-0.591845344274662
"996",10,1,0.00229883329225417,4.008677585239,6.19172594497713,19,100,0.217976478975032,-0.591845344274662,10,1,11.48676,50,0.4,0.6,40,"both",0.217976478975032,-0.591845344274662
"997",10,1,0.00229883329225417,4.008677585239,6.19172594497713,19,100,0.217976478975032,-0.591845344274662,10,0,-4.68527,50,0.4,0.6,40,"both",0.217976478975032,-0.591845344274662
"998",10,1,0.00229883329225417,4.008677585239,6.19172594497713,19,100,0.217976478975032,-0.591845344274662,10,1,7.22844,50,0.4,0.6,40,"both",0.217976478975032,-0.591845344274662
"999",10,1,0.00229883329225417,4.008677585239,6.19172594497713,19,100,0.217976478975032,-0.591845344274662,10,1,9.00542,50,0.4,0.6,40,"both",0.217976478975032,-0.591845344274662
"1000",10,1,0.00229883329225417,4.008677585239,6.19172594497713,19,100,0.217976478975032,-0.591845344274662,10,1,4.65618,50,0.4,0.6,40,"both",0.217976478975032,-0.591845344274662
"1001",11,1,0.00943684557057492,-28.6089876186258,12.7382980938179,21,100,0.217976478975032,-0.591845344274662,11,1,-8.888670062,50,0.4,0.6,40,"both",0.217976478975032,-0.591845344274662
"1002",11,1,0.00943684557057492,-28.6089876186258,12.7382980938179,21,100,0.217976478975032,-0.591845344274662,11,1,-7.8517018894886,50,0.4,0.6,40,"both",0.217976478975032,-0.591845344274662
"1003",11,1,0.00943684557057492,-28.6089876186258,12.7382980938179,21,100,0.217976478975032,-0.591845344274662,11,0,-17.88546361162,50,0.4,0.6,40,"both",0.217976478975032,-0.591845344274662
"1004",11,1,0.00943684557057492,-28.6089876186258,12.7382980938179,21,100,0.217976478975032,-0.591845344274662,11,1,-11.4051481071,50,0.4,0.6,40,"both",0.217976478975032,-0.591845344274662
"1005",11,1,0.00943684557057492,-28.6089876186258,12.7382980938179,21,100,0.217976478975032,-0.591845344274662,11,1,-13.93879,50,0.4,0.6,40,"both",0.217976478975032,-0.591845344274662
"1006",11,1,0.00943684557057492,-28.6089876186258,12.7382980938179,21,100,0.217976478975032,-0.591845344274662,11,1,-16.84958578,50,0.4,0.6,40,"both",0.217976478975032,-0.591845344274662
"1007",11,1,0.00943684557057492,-28.6089876186258,12.7382980938179,21,100,0.217976478975032,-0.591845344274662,11,0,-47.48303,50,0.4,0.6,40,"both",0.217976478975032,-0.591845344274662
"1008",11,1,0.00943684557057492,-28.6089876186258,12.7382980938179,21,100,0.217976478975032,-0.591845344274662,11,1,-20.296247,50,0.4,0.6,40,"both",0.217976478975032,-0.591845344274662
"1009",11,1,0.00943684557057492,-28.6089876186258,12.7382980938179,21,100,0.217976478975032,-0.591845344274662,11,1,-18.19149,50,0.4,0.6,40,"both",0.217976478975032,-0.591845344274662
"1010",11,1,0.00943684557057492,-28.6089876186258,12.7382980938179,21,100,0.217976478975032,-0.591845344274662,11,1,-26.17172,50,0.4,0.6,40,"both",0.217976478975032,-0.591845344274662
"1011",11,1,0.00943684557057492,-28.6089876186258,12.7382980938179,21,100,0.217976478975032,-0.591845344274662,11,1,-35.75431,50,0.4,0.6,40,"both",0.217976478975032,-0.591845344274662
"1012",11,1,0.00943684557057492,-28.6089876186258,12.7382980938179,21,100,0.217976478975032,-0.591845344274662,11,0,-26.1686,50,0.4,0.6,40,"both",0.217976478975032,-0.591845344274662
"1013",11,1,0.00943684557057492,-28.6089876186258,12.7382980938179,21,100,0.217976478975032,-0.591845344274662,11,0,-46.378,50,0.4,0.6,40,"both",0.217976478975032,-0.591845344274662
"1014",11,1,0.00943684557057492,-28.6089876186258,12.7382980938179,21,100,0.217976478975032,-0.591845344274662,11,0,-42.0005,50,0.4,0.6,40,"both",0.217976478975032,-0.591845344274662
"1015",11,1,0.00943684557057492,-28.6089876186258,12.7382980938179,21,100,0.217976478975032,-0.591845344274662,11,1,-19.7064,50,0.4,0.6,40,"both",0.217976478975032,-0.591845344274662
"1016",11,1,0.00943684557057492,-28.6089876186258,12.7382980938179,21,100,0.217976478975032,-0.591845344274662,11,0,-28.53043903,50,0.4,0.6,40,"both",0.217976478975032,-0.591845344274662
"1017",11,1,0.00943684557057492,-28.6089876186258,12.7382980938179,21,100,0.217976478975032,-0.591845344274662,11,0,-28.19404,50,0.4,0.6,40,"both",0.217976478975032,-0.591845344274662
"1018",11,1,0.00943684557057492,-28.6089876186258,12.7382980938179,21,100,0.217976478975032,-0.591845344274662,11,1,-32.23601,50,0.4,0.6,40,"both",0.217976478975032,-0.591845344274662
"1019",11,1,0.00943684557057492,-28.6089876186258,12.7382980938179,21,100,0.217976478975032,-0.591845344274662,11,0,-27.2834979,50,0.4,0.6,40,"both",0.217976478975032,-0.591845344274662
"1020",11,1,0.00943684557057492,-28.6089876186258,12.7382980938179,21,100,0.217976478975032,-0.591845344274662,11,1,-8.6461,50,0.4,0.6,40,"both",0.217976478975032,-0.591845344274662
"1021",11,1,0.00943684557057492,-28.6089876186258,12.7382980938179,21,100,0.217976478975032,-0.591845344274662,11,0,-26.10559,50,0.4,0.6,40,"both",0.217976478975032,-0.591845344274662
"1022",11,1,0.00943684557057492,-28.6089876186258,12.7382980938179,21,100,0.217976478975032,-0.591845344274662,11,1,-32.68233,50,0.4,0.6,40,"both",0.217976478975032,-0.591845344274662
"1023",11,1,0.00943684557057492,-28.6089876186258,12.7382980938179,21,100,0.217976478975032,-0.591845344274662,11,1,-21.30364,50,0.4,0.6,40,"both",0.217976478975032,-0.591845344274662
"1024",11,1,0.00943684557057492,-28.6089876186258,12.7382980938179,21,100,0.217976478975032,-0.591845344274662,11,0,-38.4159,50,0.4,0.6,40,"both",0.217976478975032,-0.591845344274662
"1025",11,1,0.00943684557057492,-28.6089876186258,12.7382980938179,21,100,0.217976478975032,-0.591845344274662,11,0,-34.08068,50,0.4,0.6,40,"both",0.217976478975032,-0.591845344274662
"1026",11,1,0.00943684557057492,-28.6089876186258,12.7382980938179,21,100,0.217976478975032,-0.591845344274662,11,0,-44.7006,50,0.4,0.6,40,"both",0.217976478975032,-0.591845344274662
"1027",11,1,0.00943684557057492,-28.6089876186258,12.7382980938179,21,100,0.217976478975032,-0.591845344274662,11,1,-5.6021,50,0.4,0.6,40,"both",0.217976478975032,-0.591845344274662
"1028",11,1,0.00943684557057492,-28.6089876186258,12.7382980938179,21,100,0.217976478975032,-0.591845344274662,11,1,-4.157,50,0.4,0.6,40,"both",0.217976478975032,-0.591845344274662
"1029",11,1,0.00943684557057492,-28.6089876186258,12.7382980938179,21,100,0.217976478975032,-0.591845344274662,11,0,-29.67094,50,0.4,0.6,40,"both",0.217976478975032,-0.591845344274662
"1030",11,1,0.00943684557057492,-28.6089876186258,12.7382980938179,21,100,0.217976478975032,-0.591845344274662,11,1,-3.3411,50,0.4,0.6,40,"both",0.217976478975032,-0.591845344274662
"1031",11,1,0.00943684557057492,-28.6089876186258,12.7382980938179,21,100,0.217976478975032,-0.591845344274662,11,1,-8.2071,50,0.4,0.6,40,"both",0.217976478975032,-0.591845344274662
"1032",11,1,0.00943684557057492,-28.6089876186258,12.7382980938179,21,100,0.217976478975032,-0.591845344274662,11,0,-35.3267,50,0.4,0.6,40,"both",0.217976478975032,-0.591845344274662
"1033",11,1,0.00943684557057492,-28.6089876186258,12.7382980938179,21,100,0.217976478975032,-0.591845344274662,11,1,-33.0081,50,0.4,0.6,40,"both",0.217976478975032,-0.591845344274662
"1034",11,1,0.00943684557057492,-28.6089876186258,12.7382980938179,21,100,0.217976478975032,-0.591845344274662,11,0,-36.31092,50,0.4,0.6,40,"both",0.217976478975032,-0.591845344274662
"1035",11,1,0.00943684557057492,-28.6089876186258,12.7382980938179,21,100,0.217976478975032,-0.591845344274662,11,1,-43.52151,50,0.4,0.6,40,"both",0.217976478975032,-0.591845344274662
"1036",11,1,0.00943684557057492,-28.6089876186258,12.7382980938179,21,100,0.217976478975032,-0.591845344274662,11,1,-2.4561,50,0.4,0.6,40,"both",0.217976478975032,-0.591845344274662
"1037",11,1,0.00943684557057492,-28.6089876186258,12.7382980938179,21,100,0.217976478975032,-0.591845344274662,11,1,-15.4674,50,0.4,0.6,40,"both",0.217976478975032,-0.591845344274662
"1038",11,1,0.00943684557057492,-28.6089876186258,12.7382980938179,21,100,0.217976478975032,-0.591845344274662,11,0,-20.27911,50,0.4,0.6,40,"both",0.217976478975032,-0.591845344274662
"1039",11,1,0.00943684557057492,-28.6089876186258,12.7382980938179,21,100,0.217976478975032,-0.591845344274662,11,1,-19.2918,50,0.4,0.6,40,"both",0.217976478975032,-0.591845344274662
"1040",11,1,0.00943684557057492,-28.6089876186258,12.7382980938179,21,100,0.217976478975032,-0.591845344274662,11,0,-35.91637,50,0.4,0.6,40,"both",0.217976478975032,-0.591845344274662
"1041",11,1,0.00943684557057492,-28.6089876186258,12.7382980938179,21,100,0.217976478975032,-0.591845344274662,11,1,-8.738,50,0.4,0.6,40,"both",0.217976478975032,-0.591845344274662
"1042",11,1,0.00943684557057492,-28.6089876186258,12.7382980938179,21,100,0.217976478975032,-0.591845344274662,11,0,-37.18601,50,0.4,0.6,40,"both",0.217976478975032,-0.591845344274662
"1043",11,1,0.00943684557057492,-28.6089876186258,12.7382980938179,21,100,0.217976478975032,-0.591845344274662,11,0,-31.73471,50,0.4,0.6,40,"both",0.217976478975032,-0.591845344274662
"1044",11,1,0.00943684557057492,-28.6089876186258,12.7382980938179,21,100,0.217976478975032,-0.591845344274662,11,0,-22.27651,50,0.4,0.6,40,"both",0.217976478975032,-0.591845344274662
"1045",11,1,0.00943684557057492,-28.6089876186258,12.7382980938179,21,100,0.217976478975032,-0.591845344274662,11,0,-32.13102,50,0.4,0.6,40,"both",0.217976478975032,-0.591845344274662
"1046",11,1,0.00943684557057492,-28.6089876186258,12.7382980938179,21,100,0.217976478975032,-0.591845344274662,11,0,-31.6441,50,0.4,0.6,40,"both",0.217976478975032,-0.591845344274662
"1047",11,1,0.00943684557057492,-28.6089876186258,12.7382980938179,21,100,0.217976478975032,-0.591845344274662,11,1,-15.73761,50,0.4,0.6,40,"both",0.217976478975032,-0.591845344274662
"1048",11,1,0.00943684557057492,-28.6089876186258,12.7382980938179,21,100,0.217976478975032,-0.591845344274662,11,0,-10.0621,50,0.4,0.6,40,"both",0.217976478975032,-0.591845344274662
"1049",11,1,0.00943684557057492,-28.6089876186258,12.7382980938179,21,100,0.217976478975032,-0.591845344274662,11,0,-36.31752,50,0.4,0.6,40,"both",0.217976478975032,-0.591845344274662
"1050",11,1,0.00943684557057492,-28.6089876186258,12.7382980938179,21,100,0.217976478975032,-0.591845344274662,11,1,-13.43567,50,0.4,0.6,40,"both",0.217976478975032,-0.591845344274662
"1051",11,1,0.00943684557057492,-28.6089876186258,12.7382980938179,21,100,0.217976478975032,-0.591845344274662,11,1,-13.50587,50,0.4,0.6,40,"both",0.217976478975032,-0.591845344274662
"1052",11,1,0.00943684557057492,-28.6089876186258,12.7382980938179,21,100,0.217976478975032,-0.591845344274662,11,0,-24.25574,50,0.4,0.6,40,"both",0.217976478975032,-0.591845344274662
"1053",11,1,0.00943684557057492,-28.6089876186258,12.7382980938179,21,100,0.217976478975032,-0.591845344274662,11,1,-16.66668,50,0.4,0.6,40,"both",0.217976478975032,-0.591845344274662
"1054",11,1,0.00943684557057492,-28.6089876186258,12.7382980938179,21,100,0.217976478975032,-0.591845344274662,11,0,-25.16468,50,0.4,0.6,40,"both",0.217976478975032,-0.591845344274662
"1055",11,1,0.00943684557057492,-28.6089876186258,12.7382980938179,21,100,0.217976478975032,-0.591845344274662,11,1,-18.70234,50,0.4,0.6,40,"both",0.217976478975032,-0.591845344274662
"1056",11,1,0.00943684557057492,-28.6089876186258,12.7382980938179,21,100,0.217976478975032,-0.591845344274662,11,1,-22.29527,50,0.4,0.6,40,"both",0.217976478975032,-0.591845344274662
"1057",11,1,0.00943684557057492,-28.6089876186258,12.7382980938179,21,100,0.217976478975032,-0.591845344274662,11,0,-24.93141,50,0.4,0.6,40,"both",0.217976478975032,-0.591845344274662
"1058",11,1,0.00943684557057492,-28.6089876186258,12.7382980938179,21,100,0.217976478975032,-0.591845344274662,11,1,-18.24348,50,0.4,0.6,40,"both",0.217976478975032,-0.591845344274662
"1059",11,1,0.00943684557057492,-28.6089876186258,12.7382980938179,21,100,0.217976478975032,-0.591845344274662,11,1,-18.43692,50,0.4,0.6,40,"both",0.217976478975032,-0.591845344274662
"1060",11,1,0.00943684557057492,-28.6089876186258,12.7382980938179,21,100,0.217976478975032,-0.591845344274662,11,0,-26.64259,50,0.4,0.6,40,"both",0.217976478975032,-0.591845344274662
"1061",11,1,0.00943684557057492,-28.6089876186258,12.7382980938179,21,100,0.217976478975032,-0.591845344274662,11,1,-25.37971,50,0.4,0.6,40,"both",0.217976478975032,-0.591845344274662
"1062",11,1,0.00943684557057492,-28.6089876186258,12.7382980938179,21,100,0.217976478975032,-0.591845344274662,11,1,-22.63759,50,0.4,0.6,40,"both",0.217976478975032,-0.591845344274662
"1063",11,1,0.00943684557057492,-28.6089876186258,12.7382980938179,21,100,0.217976478975032,-0.591845344274662,11,1,-19.53758,50,0.4,0.6,40,"both",0.217976478975032,-0.591845344274662
"1064",11,1,0.00943684557057492,-28.6089876186258,12.7382980938179,21,100,0.217976478975032,-0.591845344274662,11,0,-24.18472,50,0.4,0.6,40,"both",0.217976478975032,-0.591845344274662
"1065",11,1,0.00943684557057492,-28.6089876186258,12.7382980938179,21,100,0.217976478975032,-0.591845344274662,11,1,-24.50555,50,0.4,0.6,40,"both",0.217976478975032,-0.591845344274662
"1066",11,1,0.00943684557057492,-28.6089876186258,12.7382980938179,21,100,0.217976478975032,-0.591845344274662,11,1,-16.4279,50,0.4,0.6,40,"both",0.217976478975032,-0.591845344274662
"1067",11,1,0.00943684557057492,-28.6089876186258,12.7382980938179,21,100,0.217976478975032,-0.591845344274662,11,1,-13.98296,50,0.4,0.6,40,"both",0.217976478975032,-0.591845344274662
"1068",11,1,0.00943684557057492,-28.6089876186258,12.7382980938179,21,100,0.217976478975032,-0.591845344274662,11,1,-22.01785,50,0.4,0.6,40,"both",0.217976478975032,-0.591845344274662
"1069",11,1,0.00943684557057492,-28.6089876186258,12.7382980938179,21,100,0.217976478975032,-0.591845344274662,11,1,-24.47249,50,0.4,0.6,40,"both",0.217976478975032,-0.591845344274662
"1070",11,1,0.00943684557057492,-28.6089876186258,12.7382980938179,21,100,0.217976478975032,-0.591845344274662,11,0,-23.48934,50,0.4,0.6,40,"both",0.217976478975032,-0.591845344274662
"1071",11,1,0.00943684557057492,-28.6089876186258,12.7382980938179,21,100,0.217976478975032,-0.591845344274662,11,0,-25.6097,50,0.4,0.6,40,"both",0.217976478975032,-0.591845344274662
"1072",11,1,0.00943684557057492,-28.6089876186258,12.7382980938179,21,100,0.217976478975032,-0.591845344274662,11,0,-23.24662,50,0.4,0.6,40,"both",0.217976478975032,-0.591845344274662
"1073",11,1,0.00943684557057492,-28.6089876186258,12.7382980938179,21,100,0.217976478975032,-0.591845344274662,11,0,-17.81689,50,0.4,0.6,40,"both",0.217976478975032,-0.591845344274662
"1074",11,1,0.00943684557057492,-28.6089876186258,12.7382980938179,21,100,0.217976478975032,-0.591845344274662,11,1,-27.09667,50,0.4,0.6,40,"both",0.217976478975032,-0.591845344274662
"1075",11,1,0.00943684557057492,-28.6089876186258,12.7382980938179,21,100,0.217976478975032,-0.591845344274662,11,1,-22.80281,50,0.4,0.6,40,"both",0.217976478975032,-0.591845344274662
"1076",11,1,0.00943684557057492,-28.6089876186258,12.7382980938179,21,100,0.217976478975032,-0.591845344274662,11,1,-16.16046,50,0.4,0.6,40,"both",0.217976478975032,-0.591845344274662
"1077",11,1,0.00943684557057492,-28.6089876186258,12.7382980938179,21,100,0.217976478975032,-0.591845344274662,11,1,-23.91856,50,0.4,0.6,40,"both",0.217976478975032,-0.591845344274662
"1078",11,1,0.00943684557057492,-28.6089876186258,12.7382980938179,21,100,0.217976478975032,-0.591845344274662,11,0,-30.60343,50,0.4,0.6,40,"both",0.217976478975032,-0.591845344274662
"1079",11,1,0.00943684557057492,-28.6089876186258,12.7382980938179,21,100,0.217976478975032,-0.591845344274662,11,1,-17.95278,50,0.4,0.6,40,"both",0.217976478975032,-0.591845344274662
"1080",11,1,0.00943684557057492,-28.6089876186258,12.7382980938179,21,100,0.217976478975032,-0.591845344274662,11,0,-27.02535,50,0.4,0.6,40,"both",0.217976478975032,-0.591845344274662
"1081",11,1,0.00943684557057492,-28.6089876186258,12.7382980938179,21,100,0.217976478975032,-0.591845344274662,11,1,-25.57784,50,0.4,0.6,40,"both",0.217976478975032,-0.591845344274662
"1082",11,1,0.00943684557057492,-28.6089876186258,12.7382980938179,21,100,0.217976478975032,-0.591845344274662,11,0,-34.46083,50,0.4,0.6,40,"both",0.217976478975032,-0.591845344274662
"1083",11,1,0.00943684557057492,-28.6089876186258,12.7382980938179,21,100,0.217976478975032,-0.591845344274662,11,1,-15.74898,50,0.4,0.6,40,"both",0.217976478975032,-0.591845344274662
"1084",11,1,0.00943684557057492,-28.6089876186258,12.7382980938179,21,100,0.217976478975032,-0.591845344274662,11,1,-18.79954,50,0.4,0.6,40,"both",0.217976478975032,-0.591845344274662
"1085",11,1,0.00943684557057492,-28.6089876186258,12.7382980938179,21,100,0.217976478975032,-0.591845344274662,11,0,-31.34534,50,0.4,0.6,40,"both",0.217976478975032,-0.591845344274662
"1086",11,1,0.00943684557057492,-28.6089876186258,12.7382980938179,21,100,0.217976478975032,-0.591845344274662,11,1,-21.51917,50,0.4,0.6,40,"both",0.217976478975032,-0.591845344274662
"1087",11,1,0.00943684557057492,-28.6089876186258,12.7382980938179,21,100,0.217976478975032,-0.591845344274662,11,1,-29.28764,50,0.4,0.6,40,"both",0.217976478975032,-0.591845344274662
"1088",11,1,0.00943684557057492,-28.6089876186258,12.7382980938179,21,100,0.217976478975032,-0.591845344274662,11,1,-15.28856,50,0.4,0.6,40,"both",0.217976478975032,-0.591845344274662
"1089",11,1,0.00943684557057492,-28.6089876186258,12.7382980938179,21,100,0.217976478975032,-0.591845344274662,11,0,-19.95006,50,0.4,0.6,40,"both",0.217976478975032,-0.591845344274662
"1090",11,1,0.00943684557057492,-28.6089876186258,12.7382980938179,21,100,0.217976478975032,-0.591845344274662,11,1,-30.82054,50,0.4,0.6,40,"both",0.217976478975032,-0.591845344274662
"1091",11,1,0.00943684557057492,-28.6089876186258,12.7382980938179,21,100,0.217976478975032,-0.591845344274662,11,1,-12.83062,50,0.4,0.6,40,"both",0.217976478975032,-0.591845344274662
"1092",11,1,0.00943684557057492,-28.6089876186258,12.7382980938179,21,100,0.217976478975032,-0.591845344274662,11,1,-35.9906,50,0.4,0.6,40,"both",0.217976478975032,-0.591845344274662
"1093",11,1,0.00943684557057492,-28.6089876186258,12.7382980938179,21,100,0.217976478975032,-0.591845344274662,11,0,-37.33996,50,0.4,0.6,40,"both",0.217976478975032,-0.591845344274662
"1094",11,1,0.00943684557057492,-28.6089876186258,12.7382980938179,21,100,0.217976478975032,-0.591845344274662,11,1,-18.35422,50,0.4,0.6,40,"both",0.217976478975032,-0.591845344274662
"1095",11,1,0.00943684557057492,-28.6089876186258,12.7382980938179,21,100,0.217976478975032,-0.591845344274662,11,0,-31.95647,50,0.4,0.6,40,"both",0.217976478975032,-0.591845344274662
"1096",11,1,0.00943684557057492,-28.6089876186258,12.7382980938179,21,100,0.217976478975032,-0.591845344274662,11,1,-18.12501,50,0.4,0.6,40,"both",0.217976478975032,-0.591845344274662
"1097",11,1,0.00943684557057492,-28.6089876186258,12.7382980938179,21,100,0.217976478975032,-0.591845344274662,11,1,-15.53511,50,0.4,0.6,40,"both",0.217976478975032,-0.591845344274662
"1098",11,1,0.00943684557057492,-28.6089876186258,12.7382980938179,21,100,0.217976478975032,-0.591845344274662,11,0,-38.3288,50,0.4,0.6,40,"both",0.217976478975032,-0.591845344274662
"1099",11,1,0.00943684557057492,-28.6089876186258,12.7382980938179,21,100,0.217976478975032,-0.591845344274662,11,1,-21.30604,50,0.4,0.6,40,"both",0.217976478975032,-0.591845344274662
"1100",11,1,0.00943684557057492,-28.6089876186258,12.7382980938179,21,100,0.217976478975032,-0.591845344274662,11,1,-15.6799,50,0.4,0.6,40,"both",0.217976478975032,-0.591845344274662
"1101",12,1,0.00156998871196454,-3.33309613216395,10.4883540120121,23,100,0.217976478975032,-0.591845344274662,12,0,-7.53824189765,50,0.4,0.6,40,"both",0.217976478975032,-0.591845344274662
"1102",12,1,0.00156998871196454,-3.33309613216395,10.4883540120121,23,100,0.217976478975032,-0.591845344274662,12,1,7.908040323,50,0.4,0.6,40,"both",0.217976478975032,-0.591845344274662
"1103",12,1,0.00156998871196454,-3.33309613216395,10.4883540120121,23,100,0.217976478975032,-0.591845344274662,12,1,0.7260250632,50,0.4,0.6,40,"both",0.217976478975032,-0.591845344274662
"1104",12,1,0.00156998871196454,-3.33309613216395,10.4883540120121,23,100,0.217976478975032,-0.591845344274662,12,0,-4.962528052,50,0.4,0.6,40,"both",0.217976478975032,-0.591845344274662
"1105",12,1,0.00156998871196454,-3.33309613216395,10.4883540120121,23,100,0.217976478975032,-0.591845344274662,12,1,11.219982,50,0.4,0.6,40,"both",0.217976478975032,-0.591845344274662
"1106",12,1,0.00156998871196454,-3.33309613216395,10.4883540120121,23,100,0.217976478975032,-0.591845344274662,12,1,8.74523,50,0.4,0.6,40,"both",0.217976478975032,-0.591845344274662
"1107",12,1,0.00156998871196454,-3.33309613216395,10.4883540120121,23,100,0.217976478975032,-0.591845344274662,12,1,-1.8596745516,50,0.4,0.6,40,"both",0.217976478975032,-0.591845344274662
"1108",12,1,0.00156998871196454,-3.33309613216395,10.4883540120121,23,100,0.217976478975032,-0.591845344274662,12,0,-7.64187,50,0.4,0.6,40,"both",0.217976478975032,-0.591845344274662
"1109",12,1,0.00156998871196454,-3.33309613216395,10.4883540120121,23,100,0.217976478975032,-0.591845344274662,12,0,-3.7303,50,0.4,0.6,40,"both",0.217976478975032,-0.591845344274662
"1110",12,1,0.00156998871196454,-3.33309613216395,10.4883540120121,23,100,0.217976478975032,-0.591845344274662,12,0,-6.96456,50,0.4,0.6,40,"both",0.217976478975032,-0.591845344274662
"1111",12,1,0.00156998871196454,-3.33309613216395,10.4883540120121,23,100,0.217976478975032,-0.591845344274662,12,0,-5.90921,50,0.4,0.6,40,"both",0.217976478975032,-0.591845344274662
"1112",12,1,0.00156998871196454,-3.33309613216395,10.4883540120121,23,100,0.217976478975032,-0.591845344274662,12,1,-6.30408,50,0.4,0.6,40,"both",0.217976478975032,-0.591845344274662
"1113",12,1,0.00156998871196454,-3.33309613216395,10.4883540120121,23,100,0.217976478975032,-0.591845344274662,12,0,-3.30707,50,0.4,0.6,40,"both",0.217976478975032,-0.591845344274662
"1114",12,1,0.00156998871196454,-3.33309613216395,10.4883540120121,23,100,0.217976478975032,-0.591845344274662,12,1,-1.9830599,50,0.4,0.6,40,"both",0.217976478975032,-0.591845344274662
"1115",12,1,0.00156998871196454,-3.33309613216395,10.4883540120121,23,100,0.217976478975032,-0.591845344274662,12,0,-5.96613,50,0.4,0.6,40,"both",0.217976478975032,-0.591845344274662
"1116",12,1,0.00156998871196454,-3.33309613216395,10.4883540120121,23,100,0.217976478975032,-0.591845344274662,12,0,-0.58979,50,0.4,0.6,40,"both",0.217976478975032,-0.591845344274662
"1117",12,1,0.00156998871196454,-3.33309613216395,10.4883540120121,23,100,0.217976478975032,-0.591845344274662,12,0,-6.31157,50,0.4,0.6,40,"both",0.217976478975032,-0.591845344274662
"1118",12,1,0.00156998871196454,-3.33309613216395,10.4883540120121,23,100,0.217976478975032,-0.591845344274662,12,1,0.14452,50,0.4,0.6,40,"both",0.217976478975032,-0.591845344274662
"1119",12,1,0.00156998871196454,-3.33309613216395,10.4883540120121,23,100,0.217976478975032,-0.591845344274662,12,0,-5.73494,50,0.4,0.6,40,"both",0.217976478975032,-0.591845344274662
"1120",12,1,0.00156998871196454,-3.33309613216395,10.4883540120121,23,100,0.217976478975032,-0.591845344274662,12,1,-1.5542523278,50,0.4,0.6,40,"both",0.217976478975032,-0.591845344274662
"1121",12,1,0.00156998871196454,-3.33309613216395,10.4883540120121,23,100,0.217976478975032,-0.591845344274662,12,1,5.25114,50,0.4,0.6,40,"both",0.217976478975032,-0.591845344274662
"1122",12,1,0.00156998871196454,-3.33309613216395,10.4883540120121,23,100,0.217976478975032,-0.591845344274662,12,1,-1.71257,50,0.4,0.6,40,"both",0.217976478975032,-0.591845344274662
"1123",12,1,0.00156998871196454,-3.33309613216395,10.4883540120121,23,100,0.217976478975032,-0.591845344274662,12,1,2.32168,50,0.4,0.6,40,"both",0.217976478975032,-0.591845344274662
"1124",12,1,0.00156998871196454,-3.33309613216395,10.4883540120121,23,100,0.217976478975032,-0.591845344274662,12,1,-1.36905,50,0.4,0.6,40,"both",0.217976478975032,-0.591845344274662
"1125",12,1,0.00156998871196454,-3.33309613216395,10.4883540120121,23,100,0.217976478975032,-0.591845344274662,12,1,1.741846,50,0.4,0.6,40,"both",0.217976478975032,-0.591845344274662
"1126",12,1,0.00156998871196454,-3.33309613216395,10.4883540120121,23,100,0.217976478975032,-0.591845344274662,12,1,-0.17131,50,0.4,0.6,40,"both",0.217976478975032,-0.591845344274662
"1127",12,1,0.00156998871196454,-3.33309613216395,10.4883540120121,23,100,0.217976478975032,-0.591845344274662,12,0,-1.48866,50,0.4,0.6,40,"both",0.217976478975032,-0.591845344274662
"1128",12,1,0.00156998871196454,-3.33309613216395,10.4883540120121,23,100,0.217976478975032,-0.591845344274662,12,1,6.63168,50,0.4,0.6,40,"both",0.217976478975032,-0.591845344274662
"1129",12,1,0.00156998871196454,-3.33309613216395,10.4883540120121,23,100,0.217976478975032,-0.591845344274662,12,1,-0.83575,50,0.4,0.6,40,"both",0.217976478975032,-0.591845344274662
"1130",12,1,0.00156998871196454,-3.33309613216395,10.4883540120121,23,100,0.217976478975032,-0.591845344274662,12,0,0.84307,50,0.4,0.6,40,"both",0.217976478975032,-0.591845344274662
"1131",12,1,0.00156998871196454,-3.33309613216395,10.4883540120121,23,100,0.217976478975032,-0.591845344274662,12,0,-5.78506,50,0.4,0.6,40,"both",0.217976478975032,-0.591845344274662
"1132",12,1,0.00156998871196454,-3.33309613216395,10.4883540120121,23,100,0.217976478975032,-0.591845344274662,12,0,-5.82741,50,0.4,0.6,40,"both",0.217976478975032,-0.591845344274662
"1133",12,1,0.00156998871196454,-3.33309613216395,10.4883540120121,23,100,0.217976478975032,-0.591845344274662,12,0,-6.00792,50,0.4,0.6,40,"both",0.217976478975032,-0.591845344274662
"1134",12,1,0.00156998871196454,-3.33309613216395,10.4883540120121,23,100,0.217976478975032,-0.591845344274662,12,1,-5.71926,50,0.4,0.6,40,"both",0.217976478975032,-0.591845344274662
"1135",12,1,0.00156998871196454,-3.33309613216395,10.4883540120121,23,100,0.217976478975032,-0.591845344274662,12,0,0.24614,50,0.4,0.6,40,"both",0.217976478975032,-0.591845344274662
"1136",12,1,0.00156998871196454,-3.33309613216395,10.4883540120121,23,100,0.217976478975032,-0.591845344274662,12,1,4.695201,50,0.4,0.6,40,"both",0.217976478975032,-0.591845344274662
"1137",12,1,0.00156998871196454,-3.33309613216395,10.4883540120121,23,100,0.217976478975032,-0.591845344274662,12,1,6.98338,50,0.4,0.6,40,"both",0.217976478975032,-0.591845344274662
"1138",12,1,0.00156998871196454,-3.33309613216395,10.4883540120121,23,100,0.217976478975032,-0.591845344274662,12,1,-5.83742,50,0.4,0.6,40,"both",0.217976478975032,-0.591845344274662
"1139",12,1,0.00156998871196454,-3.33309613216395,10.4883540120121,23,100,0.217976478975032,-0.591845344274662,12,0,-10.89442,50,0.4,0.6,40,"both",0.217976478975032,-0.591845344274662
"1140",12,1,0.00156998871196454,-3.33309613216395,10.4883540120121,23,100,0.217976478975032,-0.591845344274662,12,1,-6.56168,50,0.4,0.6,40,"both",0.217976478975032,-0.591845344274662
"1141",12,1,0.00156998871196454,-3.33309613216395,10.4883540120121,23,100,0.217976478975032,-0.591845344274662,12,0,-9.61621,50,0.4,0.6,40,"both",0.217976478975032,-0.591845344274662
"1142",12,1,0.00156998871196454,-3.33309613216395,10.4883540120121,23,100,0.217976478975032,-0.591845344274662,12,1,-0.21538,50,0.4,0.6,40,"both",0.217976478975032,-0.591845344274662
"1143",12,1,0.00156998871196454,-3.33309613216395,10.4883540120121,23,100,0.217976478975032,-0.591845344274662,12,1,-0.55961,50,0.4,0.6,40,"both",0.217976478975032,-0.591845344274662
"1144",12,1,0.00156998871196454,-3.33309613216395,10.4883540120121,23,100,0.217976478975032,-0.591845344274662,12,1,-8.45915,50,0.4,0.6,40,"both",0.217976478975032,-0.591845344274662
"1145",12,1,0.00156998871196454,-3.33309613216395,10.4883540120121,23,100,0.217976478975032,-0.591845344274662,12,1,8.23641,50,0.4,0.6,40,"both",0.217976478975032,-0.591845344274662
"1146",12,1,0.00156998871196454,-3.33309613216395,10.4883540120121,23,100,0.217976478975032,-0.591845344274662,12,1,0.4951,50,0.4,0.6,40,"both",0.217976478975032,-0.591845344274662
"1147",12,1,0.00156998871196454,-3.33309613216395,10.4883540120121,23,100,0.217976478975032,-0.591845344274662,12,1,-9.23401,50,0.4,0.6,40,"both",0.217976478975032,-0.591845344274662
"1148",12,1,0.00156998871196454,-3.33309613216395,10.4883540120121,23,100,0.217976478975032,-0.591845344274662,12,0,-8.78968,50,0.4,0.6,40,"both",0.217976478975032,-0.591845344274662
"1149",12,1,0.00156998871196454,-3.33309613216395,10.4883540120121,23,100,0.217976478975032,-0.591845344274662,12,0,-2.04658,50,0.4,0.6,40,"both",0.217976478975032,-0.591845344274662
"1150",12,1,0.00156998871196454,-3.33309613216395,10.4883540120121,23,100,0.217976478975032,-0.591845344274662,12,0,0.0722700000000001,50,0.4,0.6,40,"both",0.217976478975032,-0.591845344274662
"1151",12,1,0.00156998871196454,-3.33309613216395,10.4883540120121,23,100,0.217976478975032,-0.591845344274662,12,1,6.23957,50,0.4,0.6,40,"both",0.217976478975032,-0.591845344274662
"1152",12,1,0.00156998871196454,-3.33309613216395,10.4883540120121,23,100,0.217976478975032,-0.591845344274662,12,0,-14.332,50,0.4,0.6,40,"both",0.217976478975032,-0.591845344274662
"1153",12,1,0.00156998871196454,-3.33309613216395,10.4883540120121,23,100,0.217976478975032,-0.591845344274662,12,0,-8.02198,50,0.4,0.6,40,"both",0.217976478975032,-0.591845344274662
"1154",12,1,0.00156998871196454,-3.33309613216395,10.4883540120121,23,100,0.217976478975032,-0.591845344274662,12,1,6.35939,50,0.4,0.6,40,"both",0.217976478975032,-0.591845344274662
"1155",12,1,0.00156998871196454,-3.33309613216395,10.4883540120121,23,100,0.217976478975032,-0.591845344274662,12,1,-11.52902,50,0.4,0.6,40,"both",0.217976478975032,-0.591845344274662
"1156",12,1,0.00156998871196454,-3.33309613216395,10.4883540120121,23,100,0.217976478975032,-0.591845344274662,12,1,1.01466,50,0.4,0.6,40,"both",0.217976478975032,-0.591845344274662
"1157",12,1,0.00156998871196454,-3.33309613216395,10.4883540120121,23,100,0.217976478975032,-0.591845344274662,12,0,-10.77823,50,0.4,0.6,40,"both",0.217976478975032,-0.591845344274662
"1158",12,1,0.00156998871196454,-3.33309613216395,10.4883540120121,23,100,0.217976478975032,-0.591845344274662,12,1,1.71022,50,0.4,0.6,40,"both",0.217976478975032,-0.591845344274662
"1159",12,1,0.00156998871196454,-3.33309613216395,10.4883540120121,23,100,0.217976478975032,-0.591845344274662,12,1,3.9599,50,0.4,0.6,40,"both",0.217976478975032,-0.591845344274662
"1160",12,1,0.00156998871196454,-3.33309613216395,10.4883540120121,23,100,0.217976478975032,-0.591845344274662,12,1,1.29949,50,0.4,0.6,40,"both",0.217976478975032,-0.591845344274662
"1161",12,1,0.00156998871196454,-3.33309613216395,10.4883540120121,23,100,0.217976478975032,-0.591845344274662,12,0,-1.57359,50,0.4,0.6,40,"both",0.217976478975032,-0.591845344274662
"1162",12,1,0.00156998871196454,-3.33309613216395,10.4883540120121,23,100,0.217976478975032,-0.591845344274662,12,1,-4.288651,50,0.4,0.6,40,"both",0.217976478975032,-0.591845344274662
"1163",12,1,0.00156998871196454,-3.33309613216395,10.4883540120121,23,100,0.217976478975032,-0.591845344274662,12,1,5.49958,50,0.4,0.6,40,"both",0.217976478975032,-0.591845344274662
"1164",12,1,0.00156998871196454,-3.33309613216395,10.4883540120121,23,100,0.217976478975032,-0.591845344274662,12,0,-11.5086,50,0.4,0.6,40,"both",0.217976478975032,-0.591845344274662
"1165",12,1,0.00156998871196454,-3.33309613216395,10.4883540120121,23,100,0.217976478975032,-0.591845344274662,12,1,-0.419379999999999,50,0.4,0.6,40,"both",0.217976478975032,-0.591845344274662
"1166",12,1,0.00156998871196454,-3.33309613216395,10.4883540120121,23,100,0.217976478975032,-0.591845344274662,12,0,-11.638,50,0.4,0.6,40,"both",0.217976478975032,-0.591845344274662
"1167",12,1,0.00156998871196454,-3.33309613216395,10.4883540120121,23,100,0.217976478975032,-0.591845344274662,12,0,1.04823,50,0.4,0.6,40,"both",0.217976478975032,-0.591845344274662
"1168",12,1,0.00156998871196454,-3.33309613216395,10.4883540120121,23,100,0.217976478975032,-0.591845344274662,12,0,-7.37305,50,0.4,0.6,40,"both",0.217976478975032,-0.591845344274662
"1169",12,1,0.00156998871196454,-3.33309613216395,10.4883540120121,23,100,0.217976478975032,-0.591845344274662,12,1,6.6854,50,0.4,0.6,40,"both",0.217976478975032,-0.591845344274662
"1170",12,1,0.00156998871196454,-3.33309613216395,10.4883540120121,23,100,0.217976478975032,-0.591845344274662,12,1,-1.75867,50,0.4,0.6,40,"both",0.217976478975032,-0.591845344274662
"1171",12,1,0.00156998871196454,-3.33309613216395,10.4883540120121,23,100,0.217976478975032,-0.591845344274662,12,0,-5.23324,50,0.4,0.6,40,"both",0.217976478975032,-0.591845344274662
"1172",12,1,0.00156998871196454,-3.33309613216395,10.4883540120121,23,100,0.217976478975032,-0.591845344274662,12,1,-9.0235,50,0.4,0.6,40,"both",0.217976478975032,-0.591845344274662
"1173",12,1,0.00156998871196454,-3.33309613216395,10.4883540120121,23,100,0.217976478975032,-0.591845344274662,12,0,1.54235,50,0.4,0.6,40,"both",0.217976478975032,-0.591845344274662
"1174",12,1,0.00156998871196454,-3.33309613216395,10.4883540120121,23,100,0.217976478975032,-0.591845344274662,12,1,4.75383,50,0.4,0.6,40,"both",0.217976478975032,-0.591845344274662
"1175",12,1,0.00156998871196454,-3.33309613216395,10.4883540120121,23,100,0.217976478975032,-0.591845344274662,12,0,5.18571,50,0.4,0.6,40,"both",0.217976478975032,-0.591845344274662
"1176",12,1,0.00156998871196454,-3.33309613216395,10.4883540120121,23,100,0.217976478975032,-0.591845344274662,12,0,0.8758,50,0.4,0.6,40,"both",0.217976478975032,-0.591845344274662
"1177",12,1,0.00156998871196454,-3.33309613216395,10.4883540120121,23,100,0.217976478975032,-0.591845344274662,12,1,-9.73388,50,0.4,0.6,40,"both",0.217976478975032,-0.591845344274662
"1178",12,1,0.00156998871196454,-3.33309613216395,10.4883540120121,23,100,0.217976478975032,-0.591845344274662,12,0,-14.07162,50,0.4,0.6,40,"both",0.217976478975032,-0.591845344274662
"1179",12,1,0.00156998871196454,-3.33309613216395,10.4883540120121,23,100,0.217976478975032,-0.591845344274662,12,0,-19.50838,50,0.4,0.6,40,"both",0.217976478975032,-0.591845344274662
"1180",12,1,0.00156998871196454,-3.33309613216395,10.4883540120121,23,100,0.217976478975032,-0.591845344274662,12,0,-10.56773,50,0.4,0.6,40,"both",0.217976478975032,-0.591845344274662
"1181",12,1,0.00156998871196454,-3.33309613216395,10.4883540120121,23,100,0.217976478975032,-0.591845344274662,12,0,-15.73064,50,0.4,0.6,40,"both",0.217976478975032,-0.591845344274662
"1182",12,1,0.00156998871196454,-3.33309613216395,10.4883540120121,23,100,0.217976478975032,-0.591845344274662,12,0,-10.53935,50,0.4,0.6,40,"both",0.217976478975032,-0.591845344274662
"1183",12,1,0.00156998871196454,-3.33309613216395,10.4883540120121,23,100,0.217976478975032,-0.591845344274662,12,0,4.28564,50,0.4,0.6,40,"both",0.217976478975032,-0.591845344274662
"1184",12,1,0.00156998871196454,-3.33309613216395,10.4883540120121,23,100,0.217976478975032,-0.591845344274662,12,0,2.45112,50,0.4,0.6,40,"both",0.217976478975032,-0.591845344274662
"1185",12,1,0.00156998871196454,-3.33309613216395,10.4883540120121,23,100,0.217976478975032,-0.591845344274662,12,1,-12.59188,50,0.4,0.6,40,"both",0.217976478975032,-0.591845344274662
"1186",12,1,0.00156998871196454,-3.33309613216395,10.4883540120121,23,100,0.217976478975032,-0.591845344274662,12,1,0.72068,50,0.4,0.6,40,"both",0.217976478975032,-0.591845344274662
"1187",12,1,0.00156998871196454,-3.33309613216395,10.4883540120121,23,100,0.217976478975032,-0.591845344274662,12,1,-13.94524,50,0.4,0.6,40,"both",0.217976478975032,-0.591845344274662
"1188",12,1,0.00156998871196454,-3.33309613216395,10.4883540120121,23,100,0.217976478975032,-0.591845344274662,12,1,5.41587,50,0.4,0.6,40,"both",0.217976478975032,-0.591845344274662
"1189",12,1,0.00156998871196454,-3.33309613216395,10.4883540120121,23,100,0.217976478975032,-0.591845344274662,12,1,4.99414,50,0.4,0.6,40,"both",0.217976478975032,-0.591845344274662
"1190",12,1,0.00156998871196454,-3.33309613216395,10.4883540120121,23,100,0.217976478975032,-0.591845344274662,12,1,-12.01588,50,0.4,0.6,40,"both",0.217976478975032,-0.591845344274662
"1191",12,1,0.00156998871196454,-3.33309613216395,10.4883540120121,23,100,0.217976478975032,-0.591845344274662,12,1,45.079245,50,0.4,0.6,40,"both",0.217976478975032,-0.591845344274662
"1192",12,1,0.00156998871196454,-3.33309613216395,10.4883540120121,23,100,0.217976478975032,-0.591845344274662,12,1,11.077412,50,0.4,0.6,40,"both",0.217976478975032,-0.591845344274662
"1193",12,1,0.00156998871196454,-3.33309613216395,10.4883540120121,23,100,0.217976478975032,-0.591845344274662,12,1,8.75246,50,0.4,0.6,40,"both",0.217976478975032,-0.591845344274662
"1194",12,1,0.00156998871196454,-3.33309613216395,10.4883540120121,23,100,0.217976478975032,-0.591845344274662,12,1,3.86068,50,0.4,0.6,40,"both",0.217976478975032,-0.591845344274662
"1195",12,1,0.00156998871196454,-3.33309613216395,10.4883540120121,23,100,0.217976478975032,-0.591845344274662,12,0,2.6494,50,0.4,0.6,40,"both",0.217976478975032,-0.591845344274662
"1196",12,1,0.00156998871196454,-3.33309613216395,10.4883540120121,23,100,0.217976478975032,-0.591845344274662,12,0,-12.99514,50,0.4,0.6,40,"both",0.217976478975032,-0.591845344274662
"1197",12,1,0.00156998871196454,-3.33309613216395,10.4883540120121,23,100,0.217976478975032,-0.591845344274662,12,0,-20.39279,50,0.4,0.6,40,"both",0.217976478975032,-0.591845344274662
"1198",12,1,0.00156998871196454,-3.33309613216395,10.4883540120121,23,100,0.217976478975032,-0.591845344274662,12,1,6.10333,50,0.4,0.6,40,"both",0.217976478975032,-0.591845344274662
"1199",12,1,0.00156998871196454,-3.33309613216395,10.4883540120121,23,100,0.217976478975032,-0.591845344274662,12,1,11.89291,50,0.4,0.6,40,"both",0.217976478975032,-0.591845344274662
"1200",12,1,0.00156998871196454,-3.33309613216395,10.4883540120121,23,100,0.217976478975032,-0.591845344274662,12,1,-11.83619,50,0.4,0.6,40,"both",0.217976478975032,-0.591845344274662
"1201",13,1,0.00204829384221487,-18.6183186458959,9.27725091060704,25,100,0.217976478975032,-0.591845344274662,13,1,-7.3807933596,50,0.4,0.6,40,"both",0.217976478975032,-0.591845344274662
"1202",13,1,0.00204829384221487,-18.6183186458959,9.27725091060704,25,100,0.217976478975032,-0.591845344274662,13,1,-12.1148371391,50,0.4,0.6,40,"both",0.217976478975032,-0.591845344274662
"1203",13,1,0.00204829384221487,-18.6183186458959,9.27725091060704,25,100,0.217976478975032,-0.591845344274662,13,0,-17.8796266973,50,0.4,0.6,40,"both",0.217976478975032,-0.591845344274662
"1204",13,1,0.00204829384221487,-18.6183186458959,9.27725091060704,25,100,0.217976478975032,-0.591845344274662,13,1,-11.4291012183,50,0.4,0.6,40,"both",0.217976478975032,-0.591845344274662
"1205",13,1,0.00204829384221487,-18.6183186458959,9.27725091060704,25,100,0.217976478975032,-0.591845344274662,13,0,-12.82436,50,0.4,0.6,40,"both",0.217976478975032,-0.591845344274662
"1206",13,1,0.00204829384221487,-18.6183186458959,9.27725091060704,25,100,0.217976478975032,-0.591845344274662,13,0,-16.80408,50,0.4,0.6,40,"both",0.217976478975032,-0.591845344274662
"1207",13,1,0.00204829384221487,-18.6183186458959,9.27725091060704,25,100,0.217976478975032,-0.591845344274662,13,1,8.62792,50,0.4,0.6,40,"both",0.217976478975032,-0.591845344274662
"1208",13,1,0.00204829384221487,-18.6183186458959,9.27725091060704,25,100,0.217976478975032,-0.591845344274662,13,0,-16.96715,50,0.4,0.6,40,"both",0.217976478975032,-0.591845344274662
"1209",13,1,0.00204829384221487,-18.6183186458959,9.27725091060704,25,100,0.217976478975032,-0.591845344274662,13,1,-6.43716,50,0.4,0.6,40,"both",0.217976478975032,-0.591845344274662
"1210",13,1,0.00204829384221487,-18.6183186458959,9.27725091060704,25,100,0.217976478975032,-0.591845344274662,13,1,-8.30474,50,0.4,0.6,40,"both",0.217976478975032,-0.591845344274662
"1211",13,1,0.00204829384221487,-18.6183186458959,9.27725091060704,25,100,0.217976478975032,-0.591845344274662,13,1,-10.55245,50,0.4,0.6,40,"both",0.217976478975032,-0.591845344274662
"1212",13,1,0.00204829384221487,-18.6183186458959,9.27725091060704,25,100,0.217976478975032,-0.591845344274662,13,1,-10.04258,50,0.4,0.6,40,"both",0.217976478975032,-0.591845344274662
"1213",13,1,0.00204829384221487,-18.6183186458959,9.27725091060704,25,100,0.217976478975032,-0.591845344274662,13,0,-10.19955,50,0.4,0.6,40,"both",0.217976478975032,-0.591845344274662
"1214",13,1,0.00204829384221487,-18.6183186458959,9.27725091060704,25,100,0.217976478975032,-0.591845344274662,13,1,-10.34884,50,0.4,0.6,40,"both",0.217976478975032,-0.591845344274662
"1215",13,1,0.00204829384221487,-18.6183186458959,9.27725091060704,25,100,0.217976478975032,-0.591845344274662,13,1,-14.28104,50,0.4,0.6,40,"both",0.217976478975032,-0.591845344274662
"1216",13,1,0.00204829384221487,-18.6183186458959,9.27725091060704,25,100,0.217976478975032,-0.591845344274662,13,1,5.2848,50,0.4,0.6,40,"both",0.217976478975032,-0.591845344274662
"1217",13,1,0.00204829384221487,-18.6183186458959,9.27725091060704,25,100,0.217976478975032,-0.591845344274662,13,0,-30.0364,50,0.4,0.6,40,"both",0.217976478975032,-0.591845344274662
"1218",13,1,0.00204829384221487,-18.6183186458959,9.27725091060704,25,100,0.217976478975032,-0.591845344274662,13,0,-22.25018,50,0.4,0.6,40,"both",0.217976478975032,-0.591845344274662
"1219",13,1,0.00204829384221487,-18.6183186458959,9.27725091060704,25,100,0.217976478975032,-0.591845344274662,13,1,-15.00094,50,0.4,0.6,40,"both",0.217976478975032,-0.591845344274662
"1220",13,1,0.00204829384221487,-18.6183186458959,9.27725091060704,25,100,0.217976478975032,-0.591845344274662,13,1,-9.74788,50,0.4,0.6,40,"both",0.217976478975032,-0.591845344274662
"1221",13,1,0.00204829384221487,-18.6183186458959,9.27725091060704,25,100,0.217976478975032,-0.591845344274662,13,1,-16.39164,50,0.4,0.6,40,"both",0.217976478975032,-0.591845344274662
"1222",13,1,0.00204829384221487,-18.6183186458959,9.27725091060704,25,100,0.217976478975032,-0.591845344274662,13,1,0.499000000000001,50,0.4,0.6,40,"both",0.217976478975032,-0.591845344274662
"1223",13,1,0.00204829384221487,-18.6183186458959,9.27725091060704,25,100,0.217976478975032,-0.591845344274662,13,0,-9.3769,50,0.4,0.6,40,"both",0.217976478975032,-0.591845344274662
"1224",13,1,0.00204829384221487,-18.6183186458959,9.27725091060704,25,100,0.217976478975032,-0.591845344274662,13,1,-33.8245,50,0.4,0.6,40,"both",0.217976478975032,-0.591845344274662
"1225",13,1,0.00204829384221487,-18.6183186458959,9.27725091060704,25,100,0.217976478975032,-0.591845344274662,13,1,-20.86069,50,0.4,0.6,40,"both",0.217976478975032,-0.591845344274662
"1226",13,1,0.00204829384221487,-18.6183186458959,9.27725091060704,25,100,0.217976478975032,-0.591845344274662,13,0,-28.41183,50,0.4,0.6,40,"both",0.217976478975032,-0.591845344274662
"1227",13,1,0.00204829384221487,-18.6183186458959,9.27725091060704,25,100,0.217976478975032,-0.591845344274662,13,1,-27.7797,50,0.4,0.6,40,"both",0.217976478975032,-0.591845344274662
"1228",13,1,0.00204829384221487,-18.6183186458959,9.27725091060704,25,100,0.217976478975032,-0.591845344274662,13,0,-21.00957593,50,0.4,0.6,40,"both",0.217976478975032,-0.591845344274662
"1229",13,1,0.00204829384221487,-18.6183186458959,9.27725091060704,25,100,0.217976478975032,-0.591845344274662,13,0,-19.81839,50,0.4,0.6,40,"both",0.217976478975032,-0.591845344274662
"1230",13,1,0.00204829384221487,-18.6183186458959,9.27725091060704,25,100,0.217976478975032,-0.591845344274662,13,1,-18.87573,50,0.4,0.6,40,"both",0.217976478975032,-0.591845344274662
"1231",13,1,0.00204829384221487,-18.6183186458959,9.27725091060704,25,100,0.217976478975032,-0.591845344274662,13,1,11.398,50,0.4,0.6,40,"both",0.217976478975032,-0.591845344274662
"1232",13,1,0.00204829384221487,-18.6183186458959,9.27725091060704,25,100,0.217976478975032,-0.591845344274662,13,0,-17.4295,50,0.4,0.6,40,"both",0.217976478975032,-0.591845344274662
"1233",13,1,0.00204829384221487,-18.6183186458959,9.27725091060704,25,100,0.217976478975032,-0.591845344274662,13,0,-34.40021,50,0.4,0.6,40,"both",0.217976478975032,-0.591845344274662
"1234",13,1,0.00204829384221487,-18.6183186458959,9.27725091060704,25,100,0.217976478975032,-0.591845344274662,13,0,-18.86383,50,0.4,0.6,40,"both",0.217976478975032,-0.591845344274662
"1235",13,1,0.00204829384221487,-18.6183186458959,9.27725091060704,25,100,0.217976478975032,-0.591845344274662,13,1,-19.07064,50,0.4,0.6,40,"both",0.217976478975032,-0.591845344274662
"1236",13,1,0.00204829384221487,-18.6183186458959,9.27725091060704,25,100,0.217976478975032,-0.591845344274662,13,1,-7.87419,50,0.4,0.6,40,"both",0.217976478975032,-0.591845344274662
"1237",13,1,0.00204829384221487,-18.6183186458959,9.27725091060704,25,100,0.217976478975032,-0.591845344274662,13,1,-0.618099999999998,50,0.4,0.6,40,"both",0.217976478975032,-0.591845344274662
"1238",13,1,0.00204829384221487,-18.6183186458959,9.27725091060704,25,100,0.217976478975032,-0.591845344274662,13,1,-16.4452,50,0.4,0.6,40,"both",0.217976478975032,-0.591845344274662
"1239",13,1,0.00204829384221487,-18.6183186458959,9.27725091060704,25,100,0.217976478975032,-0.591845344274662,13,0,-42.2058,50,0.4,0.6,40,"both",0.217976478975032,-0.591845344274662
"1240",13,1,0.00204829384221487,-18.6183186458959,9.27725091060704,25,100,0.217976478975032,-0.591845344274662,13,0,-37.8365,50,0.4,0.6,40,"both",0.217976478975032,-0.591845344274662
"1241",13,1,0.00204829384221487,-18.6183186458959,9.27725091060704,25,100,0.217976478975032,-0.591845344274662,13,0,-39.16997,50,0.4,0.6,40,"both",0.217976478975032,-0.591845344274662
"1242",13,1,0.00204829384221487,-18.6183186458959,9.27725091060704,25,100,0.217976478975032,-0.591845344274662,13,1,-2.6762,50,0.4,0.6,40,"both",0.217976478975032,-0.591845344274662
"1243",13,1,0.00204829384221487,-18.6183186458959,9.27725091060704,25,100,0.217976478975032,-0.591845344274662,13,1,-9.3076,50,0.4,0.6,40,"both",0.217976478975032,-0.591845344274662
"1244",13,1,0.00204829384221487,-18.6183186458959,9.27725091060704,25,100,0.217976478975032,-0.591845344274662,13,1,-18.15805,50,0.4,0.6,40,"both",0.217976478975032,-0.591845344274662
"1245",13,1,0.00204829384221487,-18.6183186458959,9.27725091060704,25,100,0.217976478975032,-0.591845344274662,13,0,-40.4242,50,0.4,0.6,40,"both",0.217976478975032,-0.591845344274662
"1246",13,1,0.00204829384221487,-18.6183186458959,9.27725091060704,25,100,0.217976478975032,-0.591845344274662,13,0,-26.3434,50,0.4,0.6,40,"both",0.217976478975032,-0.591845344274662
"1247",13,1,0.00204829384221487,-18.6183186458959,9.27725091060704,25,100,0.217976478975032,-0.591845344274662,13,0,-13.01468,50,0.4,0.6,40,"both",0.217976478975032,-0.591845344274662
"1248",13,1,0.00204829384221487,-18.6183186458959,9.27725091060704,25,100,0.217976478975032,-0.591845344274662,13,1,-9.65358,50,0.4,0.6,40,"both",0.217976478975032,-0.591845344274662
"1249",13,1,0.00204829384221487,-18.6183186458959,9.27725091060704,25,100,0.217976478975032,-0.591845344274662,13,1,-16.14302,50,0.4,0.6,40,"both",0.217976478975032,-0.591845344274662
"1250",13,1,0.00204829384221487,-18.6183186458959,9.27725091060704,25,100,0.217976478975032,-0.591845344274662,13,0,-32.52731,50,0.4,0.6,40,"both",0.217976478975032,-0.591845344274662
"1251",13,1,0.00204829384221487,-18.6183186458959,9.27725091060704,25,100,0.217976478975032,-0.591845344274662,13,1,-1.6962,50,0.4,0.6,40,"both",0.217976478975032,-0.591845344274662
"1252",13,1,0.00204829384221487,-18.6183186458959,9.27725091060704,25,100,0.217976478975032,-0.591845344274662,13,0,-34.0271,50,0.4,0.6,40,"both",0.217976478975032,-0.591845344274662
"1253",13,1,0.00204829384221487,-18.6183186458959,9.27725091060704,25,100,0.217976478975032,-0.591845344274662,13,1,-10.03441,50,0.4,0.6,40,"both",0.217976478975032,-0.591845344274662
"1254",13,1,0.00204829384221487,-18.6183186458959,9.27725091060704,25,100,0.217976478975032,-0.591845344274662,13,1,-18.6276,50,0.4,0.6,40,"both",0.217976478975032,-0.591845344274662
"1255",13,1,0.00204829384221487,-18.6183186458959,9.27725091060704,25,100,0.217976478975032,-0.591845344274662,13,0,-27.20971,50,0.4,0.6,40,"both",0.217976478975032,-0.591845344274662
"1256",13,1,0.00204829384221487,-18.6183186458959,9.27725091060704,25,100,0.217976478975032,-0.591845344274662,13,0,-35.3979,50,0.4,0.6,40,"both",0.217976478975032,-0.591845344274662
"1257",13,1,0.00204829384221487,-18.6183186458959,9.27725091060704,25,100,0.217976478975032,-0.591845344274662,13,0,-26.5551,50,0.4,0.6,40,"both",0.217976478975032,-0.591845344274662
"1258",13,1,0.00204829384221487,-18.6183186458959,9.27725091060704,25,100,0.217976478975032,-0.591845344274662,13,1,-12.38002,50,0.4,0.6,40,"both",0.217976478975032,-0.591845344274662
"1259",13,1,0.00204829384221487,-18.6183186458959,9.27725091060704,25,100,0.217976478975032,-0.591845344274662,13,1,-3.9129,50,0.4,0.6,40,"both",0.217976478975032,-0.591845344274662
"1260",13,1,0.00204829384221487,-18.6183186458959,9.27725091060704,25,100,0.217976478975032,-0.591845344274662,13,0,-28.9997,50,0.4,0.6,40,"both",0.217976478975032,-0.591845344274662
"1261",13,1,0.00204829384221487,-18.6183186458959,9.27725091060704,25,100,0.217976478975032,-0.591845344274662,13,0,-27.08238,50,0.4,0.6,40,"both",0.217976478975032,-0.591845344274662
"1262",13,1,0.00204829384221487,-18.6183186458959,9.27725091060704,25,100,0.217976478975032,-0.591845344274662,13,1,-10.90792,50,0.4,0.6,40,"both",0.217976478975032,-0.591845344274662
"1263",13,1,0.00204829384221487,-18.6183186458959,9.27725091060704,25,100,0.217976478975032,-0.591845344274662,13,1,-16.4437,50,0.4,0.6,40,"both",0.217976478975032,-0.591845344274662
"1264",13,1,0.00204829384221487,-18.6183186458959,9.27725091060704,25,100,0.217976478975032,-0.591845344274662,13,1,-14.45451,50,0.4,0.6,40,"both",0.217976478975032,-0.591845344274662
"1265",13,1,0.00204829384221487,-18.6183186458959,9.27725091060704,25,100,0.217976478975032,-0.591845344274662,13,0,-26.26114,50,0.4,0.6,40,"both",0.217976478975032,-0.591845344274662
"1266",13,1,0.00204829384221487,-18.6183186458959,9.27725091060704,25,100,0.217976478975032,-0.591845344274662,13,0,-27.28431,50,0.4,0.6,40,"both",0.217976478975032,-0.591845344274662
"1267",13,1,0.00204829384221487,-18.6183186458959,9.27725091060704,25,100,0.217976478975032,-0.591845344274662,13,0,-24.19444,50,0.4,0.6,40,"both",0.217976478975032,-0.591845344274662
"1268",13,1,0.00204829384221487,-18.6183186458959,9.27725091060704,25,100,0.217976478975032,-0.591845344274662,13,1,-12.5784,50,0.4,0.6,40,"both",0.217976478975032,-0.591845344274662
"1269",13,1,0.00204829384221487,-18.6183186458959,9.27725091060704,25,100,0.217976478975032,-0.591845344274662,13,1,-13.42821,50,0.4,0.6,40,"both",0.217976478975032,-0.591845344274662
"1270",13,1,0.00204829384221487,-18.6183186458959,9.27725091060704,25,100,0.217976478975032,-0.591845344274662,13,1,-6.0042,50,0.4,0.6,40,"both",0.217976478975032,-0.591845344274662
"1271",13,1,0.00204829384221487,-18.6183186458959,9.27725091060704,25,100,0.217976478975032,-0.591845344274662,13,0,-10.79171,50,0.4,0.6,40,"both",0.217976478975032,-0.591845344274662
"1272",13,1,0.00204829384221487,-18.6183186458959,9.27725091060704,25,100,0.217976478975032,-0.591845344274662,13,1,-11.22293,50,0.4,0.6,40,"both",0.217976478975032,-0.591845344274662
"1273",13,1,0.00204829384221487,-18.6183186458959,9.27725091060704,25,100,0.217976478975032,-0.591845344274662,13,0,-14.03031,50,0.4,0.6,40,"both",0.217976478975032,-0.591845344274662
"1274",13,1,0.00204829384221487,-18.6183186458959,9.27725091060704,25,100,0.217976478975032,-0.591845344274662,13,0,-28.70867,50,0.4,0.6,40,"both",0.217976478975032,-0.591845344274662
"1275",13,1,0.00204829384221487,-18.6183186458959,9.27725091060704,25,100,0.217976478975032,-0.591845344274662,13,1,-8.08059,50,0.4,0.6,40,"both",0.217976478975032,-0.591845344274662
"1276",13,1,0.00204829384221487,-18.6183186458959,9.27725091060704,25,100,0.217976478975032,-0.591845344274662,13,0,-10.3708,50,0.4,0.6,40,"both",0.217976478975032,-0.591845344274662
"1277",13,1,0.00204829384221487,-18.6183186458959,9.27725091060704,25,100,0.217976478975032,-0.591845344274662,13,1,-23.66816,50,0.4,0.6,40,"both",0.217976478975032,-0.591845344274662
"1278",13,1,0.00204829384221487,-18.6183186458959,9.27725091060704,25,100,0.217976478975032,-0.591845344274662,13,1,-27.0087,50,0.4,0.6,40,"both",0.217976478975032,-0.591845344274662
"1279",13,1,0.00204829384221487,-18.6183186458959,9.27725091060704,25,100,0.217976478975032,-0.591845344274662,13,1,-4.373,50,0.4,0.6,40,"both",0.217976478975032,-0.591845344274662
"1280",13,1,0.00204829384221487,-18.6183186458959,9.27725091060704,25,100,0.217976478975032,-0.591845344274662,13,1,-9.53152,50,0.4,0.6,40,"both",0.217976478975032,-0.591845344274662
"1281",13,1,0.00204829384221487,-18.6183186458959,9.27725091060704,25,100,0.217976478975032,-0.591845344274662,13,0,-29.5239,50,0.4,0.6,40,"both",0.217976478975032,-0.591845344274662
"1282",13,1,0.00204829384221487,-18.6183186458959,9.27725091060704,25,100,0.217976478975032,-0.591845344274662,13,0,-29.70165,50,0.4,0.6,40,"both",0.217976478975032,-0.591845344274662
"1283",13,1,0.00204829384221487,-18.6183186458959,9.27725091060704,25,100,0.217976478975032,-0.591845344274662,13,1,-28.91731,50,0.4,0.6,40,"both",0.217976478975032,-0.591845344274662
"1284",13,1,0.00204829384221487,-18.6183186458959,9.27725091060704,25,100,0.217976478975032,-0.591845344274662,13,0,-29.2419,50,0.4,0.6,40,"both",0.217976478975032,-0.591845344274662
"1285",13,1,0.00204829384221487,-18.6183186458959,9.27725091060704,25,100,0.217976478975032,-0.591845344274662,13,1,-11.5239,50,0.4,0.6,40,"both",0.217976478975032,-0.591845344274662
"1286",13,1,0.00204829384221487,-18.6183186458959,9.27725091060704,25,100,0.217976478975032,-0.591845344274662,13,1,-12.25023,50,0.4,0.6,40,"both",0.217976478975032,-0.591845344274662
"1287",13,1,0.00204829384221487,-18.6183186458959,9.27725091060704,25,100,0.217976478975032,-0.591845344274662,13,0,-14.4464,50,0.4,0.6,40,"both",0.217976478975032,-0.591845344274662
"1288",13,1,0.00204829384221487,-18.6183186458959,9.27725091060704,25,100,0.217976478975032,-0.591845344274662,13,1,-11.58173,50,0.4,0.6,40,"both",0.217976478975032,-0.591845344274662
"1289",13,1,0.00204829384221487,-18.6183186458959,9.27725091060704,25,100,0.217976478975032,-0.591845344274662,13,0,-29.4657,50,0.4,0.6,40,"both",0.217976478975032,-0.591845344274662
"1290",13,1,0.00204829384221487,-18.6183186458959,9.27725091060704,25,100,0.217976478975032,-0.591845344274662,13,1,-9.08769,50,0.4,0.6,40,"both",0.217976478975032,-0.591845344274662
"1291",13,1,0.00204829384221487,-18.6183186458959,9.27725091060704,25,100,0.217976478975032,-0.591845344274662,13,0,-32.0979,50,0.4,0.6,40,"both",0.217976478975032,-0.591845344274662
"1292",13,1,0.00204829384221487,-18.6183186458959,9.27725091060704,25,100,0.217976478975032,-0.591845344274662,13,0,-34.88896,50,0.4,0.6,40,"both",0.217976478975032,-0.591845344274662
"1293",13,1,0.00204829384221487,-18.6183186458959,9.27725091060704,25,100,0.217976478975032,-0.591845344274662,13,1,-10.76326,50,0.4,0.6,40,"both",0.217976478975032,-0.591845344274662
"1294",13,1,0.00204829384221487,-18.6183186458959,9.27725091060704,25,100,0.217976478975032,-0.591845344274662,13,1,-30.9888,50,0.4,0.6,40,"both",0.217976478975032,-0.591845344274662
"1295",13,1,0.00204829384221487,-18.6183186458959,9.27725091060704,25,100,0.217976478975032,-0.591845344274662,13,0,-27.46511,50,0.4,0.6,40,"both",0.217976478975032,-0.591845344274662
"1296",13,1,0.00204829384221487,-18.6183186458959,9.27725091060704,25,100,0.217976478975032,-0.591845344274662,13,0,-30.43822,50,0.4,0.6,40,"both",0.217976478975032,-0.591845344274662
"1297",13,1,0.00204829384221487,-18.6183186458959,9.27725091060704,25,100,0.217976478975032,-0.591845344274662,13,1,-12.50205,50,0.4,0.6,40,"both",0.217976478975032,-0.591845344274662
"1298",13,1,0.00204829384221487,-18.6183186458959,9.27725091060704,25,100,0.217976478975032,-0.591845344274662,13,0,-31.5123,50,0.4,0.6,40,"both",0.217976478975032,-0.591845344274662
"1299",13,1,0.00204829384221487,-18.6183186458959,9.27725091060704,25,100,0.217976478975032,-0.591845344274662,13,1,-7.8165,50,0.4,0.6,40,"both",0.217976478975032,-0.591845344274662
"1300",13,1,0.00204829384221487,-18.6183186458959,9.27725091060704,25,100,0.217976478975032,-0.591845344274662,13,0,-11.39525,50,0.4,0.6,40,"both",0.217976478975032,-0.591845344274662
"1301",14,1,0.0117372138906916,7.15962100664791,9.78781526659092,27,100,0.217976478975032,-0.591845344274662,14,0,8.8751351161,50,0.4,0.6,40,"both",0.217976478975032,-0.591845344274662
"1302",14,1,0.0117372138906916,7.15962100664791,9.78781526659092,27,100,0.217976478975032,-0.591845344274662,14,1,10.1568651615,50,0.4,0.6,40,"both",0.217976478975032,-0.591845344274662
"1303",14,1,0.0117372138906916,7.15962100664791,9.78781526659092,27,100,0.217976478975032,-0.591845344274662,14,1,1.8799171569,50,0.4,0.6,40,"both",0.217976478975032,-0.591845344274662
"1304",14,1,0.0117372138906916,7.15962100664791,9.78781526659092,27,100,0.217976478975032,-0.591845344274662,14,0,-2.7697222161,50,0.4,0.6,40,"both",0.217976478975032,-0.591845344274662
"1305",14,1,0.0117372138906916,7.15962100664791,9.78781526659092,27,100,0.217976478975032,-0.591845344274662,14,0,-35.4464,50,0.4,0.6,40,"both",0.217976478975032,-0.591845344274662
"1306",14,1,0.0117372138906916,7.15962100664791,9.78781526659092,27,100,0.217976478975032,-0.591845344274662,14,0,4.8911638916,50,0.4,0.6,40,"both",0.217976478975032,-0.591845344274662
"1307",14,1,0.0117372138906916,7.15962100664791,9.78781526659092,27,100,0.217976478975032,-0.591845344274662,14,0,21.30698,50,0.4,0.6,40,"both",0.217976478975032,-0.591845344274662
"1308",14,1,0.0117372138906916,7.15962100664791,9.78781526659092,27,100,0.217976478975032,-0.591845344274662,14,0,-10.85637,50,0.4,0.6,40,"both",0.217976478975032,-0.591845344274662
"1309",14,1,0.0117372138906916,7.15962100664791,9.78781526659092,27,100,0.217976478975032,-0.591845344274662,14,0,-14.9018,50,0.4,0.6,40,"both",0.217976478975032,-0.591845344274662
"1310",14,1,0.0117372138906916,7.15962100664791,9.78781526659092,27,100,0.217976478975032,-0.591845344274662,14,1,6.71641,50,0.4,0.6,40,"both",0.217976478975032,-0.591845344274662
"1311",14,1,0.0117372138906916,7.15962100664791,9.78781526659092,27,100,0.217976478975032,-0.591845344274662,14,1,45.3258,50,0.4,0.6,40,"both",0.217976478975032,-0.591845344274662
"1312",14,1,0.0117372138906916,7.15962100664791,9.78781526659092,27,100,0.217976478975032,-0.591845344274662,14,0,-28.4002,50,0.4,0.6,40,"both",0.217976478975032,-0.591845344274662
"1313",14,1,0.0117372138906916,7.15962100664791,9.78781526659092,27,100,0.217976478975032,-0.591845344274662,14,1,11.10901826,50,0.4,0.6,40,"both",0.217976478975032,-0.591845344274662
"1314",14,1,0.0117372138906916,7.15962100664791,9.78781526659092,27,100,0.217976478975032,-0.591845344274662,14,0,-4.99488,50,0.4,0.6,40,"both",0.217976478975032,-0.591845344274662
"1315",14,1,0.0117372138906916,7.15962100664791,9.78781526659092,27,100,0.217976478975032,-0.591845344274662,14,0,9.82619,50,0.4,0.6,40,"both",0.217976478975032,-0.591845344274662
"1316",14,1,0.0117372138906916,7.15962100664791,9.78781526659092,27,100,0.217976478975032,-0.591845344274662,14,0,-7.34516,50,0.4,0.6,40,"both",0.217976478975032,-0.591845344274662
"1317",14,1,0.0117372138906916,7.15962100664791,9.78781526659092,27,100,0.217976478975032,-0.591845344274662,14,0,-19.86047,50,0.4,0.6,40,"both",0.217976478975032,-0.591845344274662
"1318",14,1,0.0117372138906916,7.15962100664791,9.78781526659092,27,100,0.217976478975032,-0.591845344274662,14,1,20.32656,50,0.4,0.6,40,"both",0.217976478975032,-0.591845344274662
"1319",14,1,0.0117372138906916,7.15962100664791,9.78781526659092,27,100,0.217976478975032,-0.591845344274662,14,1,15.54161,50,0.4,0.6,40,"both",0.217976478975032,-0.591845344274662
"1320",14,1,0.0117372138906916,7.15962100664791,9.78781526659092,27,100,0.217976478975032,-0.591845344274662,14,1,14.71669,50,0.4,0.6,40,"both",0.217976478975032,-0.591845344274662
"1321",14,1,0.0117372138906916,7.15962100664791,9.78781526659092,27,100,0.217976478975032,-0.591845344274662,14,1,3.28074,50,0.4,0.6,40,"both",0.217976478975032,-0.591845344274662
"1322",14,1,0.0117372138906916,7.15962100664791,9.78781526659092,27,100,0.217976478975032,-0.591845344274662,14,1,24.4873,50,0.4,0.6,40,"both",0.217976478975032,-0.591845344274662
"1323",14,1,0.0117372138906916,7.15962100664791,9.78781526659092,27,100,0.217976478975032,-0.591845344274662,14,0,-34.73047,50,0.4,0.6,40,"both",0.217976478975032,-0.591845344274662
"1324",14,1,0.0117372138906916,7.15962100664791,9.78781526659092,27,100,0.217976478975032,-0.591845344274662,14,1,19.90785,50,0.4,0.6,40,"both",0.217976478975032,-0.591845344274662
"1325",14,1,0.0117372138906916,7.15962100664791,9.78781526659092,27,100,0.217976478975032,-0.591845344274662,14,0,-22.53843,50,0.4,0.6,40,"both",0.217976478975032,-0.591845344274662
"1326",14,1,0.0117372138906916,7.15962100664791,9.78781526659092,27,100,0.217976478975032,-0.591845344274662,14,1,14.95254,50,0.4,0.6,40,"both",0.217976478975032,-0.591845344274662
"1327",14,1,0.0117372138906916,7.15962100664791,9.78781526659092,27,100,0.217976478975032,-0.591845344274662,14,0,-0.17198,50,0.4,0.6,40,"both",0.217976478975032,-0.591845344274662
"1328",14,1,0.0117372138906916,7.15962100664791,9.78781526659092,27,100,0.217976478975032,-0.591845344274662,14,0,-1.81855,50,0.4,0.6,40,"both",0.217976478975032,-0.591845344274662
"1329",14,1,0.0117372138906916,7.15962100664791,9.78781526659092,27,100,0.217976478975032,-0.591845344274662,14,0,-8.67568,50,0.4,0.6,40,"both",0.217976478975032,-0.591845344274662
"1330",14,1,0.0117372138906916,7.15962100664791,9.78781526659092,27,100,0.217976478975032,-0.591845344274662,14,1,13.9758,50,0.4,0.6,40,"both",0.217976478975032,-0.591845344274662
"1331",14,1,0.0117372138906916,7.15962100664791,9.78781526659092,27,100,0.217976478975032,-0.591845344274662,14,0,2.96501,50,0.4,0.6,40,"both",0.217976478975032,-0.591845344274662
"1332",14,1,0.0117372138906916,7.15962100664791,9.78781526659092,27,100,0.217976478975032,-0.591845344274662,14,1,-1.39411,50,0.4,0.6,40,"both",0.217976478975032,-0.591845344274662
"1333",14,1,0.0117372138906916,7.15962100664791,9.78781526659092,27,100,0.217976478975032,-0.591845344274662,14,0,-0.99349,50,0.4,0.6,40,"both",0.217976478975032,-0.591845344274662
"1334",14,1,0.0117372138906916,7.15962100664791,9.78781526659092,27,100,0.217976478975032,-0.591845344274662,14,1,16.56037,50,0.4,0.6,40,"both",0.217976478975032,-0.591845344274662
"1335",14,1,0.0117372138906916,7.15962100664791,9.78781526659092,27,100,0.217976478975032,-0.591845344274662,14,1,14.86936,50,0.4,0.6,40,"both",0.217976478975032,-0.591845344274662
"1336",14,1,0.0117372138906916,7.15962100664791,9.78781526659092,27,100,0.217976478975032,-0.591845344274662,14,1,16.97957,50,0.4,0.6,40,"both",0.217976478975032,-0.591845344274662
"1337",14,1,0.0117372138906916,7.15962100664791,9.78781526659092,27,100,0.217976478975032,-0.591845344274662,14,0,-7.89562,50,0.4,0.6,40,"both",0.217976478975032,-0.591845344274662
"1338",14,1,0.0117372138906916,7.15962100664791,9.78781526659092,27,100,0.217976478975032,-0.591845344274662,14,0,-5.94118,50,0.4,0.6,40,"both",0.217976478975032,-0.591845344274662
"1339",14,1,0.0117372138906916,7.15962100664791,9.78781526659092,27,100,0.217976478975032,-0.591845344274662,14,0,9.76183,50,0.4,0.6,40,"both",0.217976478975032,-0.591845344274662
"1340",14,1,0.0117372138906916,7.15962100664791,9.78781526659092,27,100,0.217976478975032,-0.591845344274662,14,1,0.26771,50,0.4,0.6,40,"both",0.217976478975032,-0.591845344274662
"1341",14,1,0.0117372138906916,7.15962100664791,9.78781526659092,27,100,0.217976478975032,-0.591845344274662,14,1,-2.21801,50,0.4,0.6,40,"both",0.217976478975032,-0.591845344274662
"1342",14,1,0.0117372138906916,7.15962100664791,9.78781526659092,27,100,0.217976478975032,-0.591845344274662,14,0,-13.84247,50,0.4,0.6,40,"both",0.217976478975032,-0.591845344274662
"1343",14,1,0.0117372138906916,7.15962100664791,9.78781526659092,27,100,0.217976478975032,-0.591845344274662,14,0,-4.95572,50,0.4,0.6,40,"both",0.217976478975032,-0.591845344274662
"1344",14,1,0.0117372138906916,7.15962100664791,9.78781526659092,27,100,0.217976478975032,-0.591845344274662,14,1,0.80801,50,0.4,0.6,40,"both",0.217976478975032,-0.591845344274662
"1345",14,1,0.0117372138906916,7.15962100664791,9.78781526659092,27,100,0.217976478975032,-0.591845344274662,14,0,-6.99414,50,0.4,0.6,40,"both",0.217976478975032,-0.591845344274662
"1346",14,1,0.0117372138906916,7.15962100664791,9.78781526659092,27,100,0.217976478975032,-0.591845344274662,14,0,-6.76394,50,0.4,0.6,40,"both",0.217976478975032,-0.591845344274662
"1347",14,1,0.0117372138906916,7.15962100664791,9.78781526659092,27,100,0.217976478975032,-0.591845344274662,14,0,-3.392554,50,0.4,0.6,40,"both",0.217976478975032,-0.591845344274662
"1348",14,1,0.0117372138906916,7.15962100664791,9.78781526659092,27,100,0.217976478975032,-0.591845344274662,14,1,11.01573,50,0.4,0.6,40,"both",0.217976478975032,-0.591845344274662
"1349",14,1,0.0117372138906916,7.15962100664791,9.78781526659092,27,100,0.217976478975032,-0.591845344274662,14,0,-10.669571,50,0.4,0.6,40,"both",0.217976478975032,-0.591845344274662
"1350",14,1,0.0117372138906916,7.15962100664791,9.78781526659092,27,100,0.217976478975032,-0.591845344274662,14,0,-5.95735,50,0.4,0.6,40,"both",0.217976478975032,-0.591845344274662
"1351",14,1,0.0117372138906916,7.15962100664791,9.78781526659092,27,100,0.217976478975032,-0.591845344274662,14,1,8.13539,50,0.4,0.6,40,"both",0.217976478975032,-0.591845344274662
"1352",14,1,0.0117372138906916,7.15962100664791,9.78781526659092,27,100,0.217976478975032,-0.591845344274662,14,0,-8.52942,50,0.4,0.6,40,"both",0.217976478975032,-0.591845344274662
"1353",14,1,0.0117372138906916,7.15962100664791,9.78781526659092,27,100,0.217976478975032,-0.591845344274662,14,0,-2.61822,50,0.4,0.6,40,"both",0.217976478975032,-0.591845344274662
"1354",14,1,0.0117372138906916,7.15962100664791,9.78781526659092,27,100,0.217976478975032,-0.591845344274662,14,1,17.48015,50,0.4,0.6,40,"both",0.217976478975032,-0.591845344274662
"1355",14,1,0.0117372138906916,7.15962100664791,9.78781526659092,27,100,0.217976478975032,-0.591845344274662,14,0,-1.27934,50,0.4,0.6,40,"both",0.217976478975032,-0.591845344274662
"1356",14,1,0.0117372138906916,7.15962100664791,9.78781526659092,27,100,0.217976478975032,-0.591845344274662,14,0,-4.96901,50,0.4,0.6,40,"both",0.217976478975032,-0.591845344274662
"1357",14,1,0.0117372138906916,7.15962100664791,9.78781526659092,27,100,0.217976478975032,-0.591845344274662,14,0,-4.37534,50,0.4,0.6,40,"both",0.217976478975032,-0.591845344274662
"1358",14,1,0.0117372138906916,7.15962100664791,9.78781526659092,27,100,0.217976478975032,-0.591845344274662,14,0,8.59631,50,0.4,0.6,40,"both",0.217976478975032,-0.591845344274662
"1359",14,1,0.0117372138906916,7.15962100664791,9.78781526659092,27,100,0.217976478975032,-0.591845344274662,14,1,-0.34288,50,0.4,0.6,40,"both",0.217976478975032,-0.591845344274662
"1360",14,1,0.0117372138906916,7.15962100664791,9.78781526659092,27,100,0.217976478975032,-0.591845344274662,14,0,-0.19558,50,0.4,0.6,40,"both",0.217976478975032,-0.591845344274662
"1361",14,1,0.0117372138906916,7.15962100664791,9.78781526659092,27,100,0.217976478975032,-0.591845344274662,14,0,-9.71328,50,0.4,0.6,40,"both",0.217976478975032,-0.591845344274662
"1362",14,1,0.0117372138906916,7.15962100664791,9.78781526659092,27,100,0.217976478975032,-0.591845344274662,14,1,-1.33706,50,0.4,0.6,40,"both",0.217976478975032,-0.591845344274662
"1363",14,1,0.0117372138906916,7.15962100664791,9.78781526659092,27,100,0.217976478975032,-0.591845344274662,14,1,11.70648,50,0.4,0.6,40,"both",0.217976478975032,-0.591845344274662
"1364",14,1,0.0117372138906916,7.15962100664791,9.78781526659092,27,100,0.217976478975032,-0.591845344274662,14,1,14.18753,50,0.4,0.6,40,"both",0.217976478975032,-0.591845344274662
"1365",14,1,0.0117372138906916,7.15962100664791,9.78781526659092,27,100,0.217976478975032,-0.591845344274662,14,0,16.22979,50,0.4,0.6,40,"both",0.217976478975032,-0.591845344274662
"1366",14,1,0.0117372138906916,7.15962100664791,9.78781526659092,27,100,0.217976478975032,-0.591845344274662,14,0,-0.570679999999999,50,0.4,0.6,40,"both",0.217976478975032,-0.591845344274662
"1367",14,1,0.0117372138906916,7.15962100664791,9.78781526659092,27,100,0.217976478975032,-0.591845344274662,14,1,21.59764,50,0.4,0.6,40,"both",0.217976478975032,-0.591845344274662
"1368",14,1,0.0117372138906916,7.15962100664791,9.78781526659092,27,100,0.217976478975032,-0.591845344274662,14,0,-8.71229,50,0.4,0.6,40,"both",0.217976478975032,-0.591845344274662
"1369",14,1,0.0117372138906916,7.15962100664791,9.78781526659092,27,100,0.217976478975032,-0.591845344274662,14,1,18.34911,50,0.4,0.6,40,"both",0.217976478975032,-0.591845344274662
"1370",14,1,0.0117372138906916,7.15962100664791,9.78781526659092,27,100,0.217976478975032,-0.591845344274662,14,0,-2.51299,50,0.4,0.6,40,"both",0.217976478975032,-0.591845344274662
"1371",14,1,0.0117372138906916,7.15962100664791,9.78781526659092,27,100,0.217976478975032,-0.591845344274662,14,0,-2.73253,50,0.4,0.6,40,"both",0.217976478975032,-0.591845344274662
"1372",14,1,0.0117372138906916,7.15962100664791,9.78781526659092,27,100,0.217976478975032,-0.591845344274662,14,1,11.79794,50,0.4,0.6,40,"both",0.217976478975032,-0.591845344274662
"1373",14,1,0.0117372138906916,7.15962100664791,9.78781526659092,27,100,0.217976478975032,-0.591845344274662,14,0,8.30222,50,0.4,0.6,40,"both",0.217976478975032,-0.591845344274662
"1374",14,1,0.0117372138906916,7.15962100664791,9.78781526659092,27,100,0.217976478975032,-0.591845344274662,14,1,17.79813,50,0.4,0.6,40,"both",0.217976478975032,-0.591845344274662
"1375",14,1,0.0117372138906916,7.15962100664791,9.78781526659092,27,100,0.217976478975032,-0.591845344274662,14,0,-7.93361,50,0.4,0.6,40,"both",0.217976478975032,-0.591845344274662
"1376",14,1,0.0117372138906916,7.15962100664791,9.78781526659092,27,100,0.217976478975032,-0.591845344274662,14,1,11.45464,50,0.4,0.6,40,"both",0.217976478975032,-0.591845344274662
"1377",14,1,0.0117372138906916,7.15962100664791,9.78781526659092,27,100,0.217976478975032,-0.591845344274662,14,0,-6.99313,50,0.4,0.6,40,"both",0.217976478975032,-0.591845344274662
"1378",14,1,0.0117372138906916,7.15962100664791,9.78781526659092,27,100,0.217976478975032,-0.591845344274662,14,0,-3.16789,50,0.4,0.6,40,"both",0.217976478975032,-0.591845344274662
"1379",14,1,0.0117372138906916,7.15962100664791,9.78781526659092,27,100,0.217976478975032,-0.591845344274662,14,0,-2.71271,50,0.4,0.6,40,"both",0.217976478975032,-0.591845344274662
"1380",14,1,0.0117372138906916,7.15962100664791,9.78781526659092,27,100,0.217976478975032,-0.591845344274662,14,1,11.11227,50,0.4,0.6,40,"both",0.217976478975032,-0.591845344274662
"1381",14,1,0.0117372138906916,7.15962100664791,9.78781526659092,27,100,0.217976478975032,-0.591845344274662,14,1,19.01607,50,0.4,0.6,40,"both",0.217976478975032,-0.591845344274662
"1382",14,1,0.0117372138906916,7.15962100664791,9.78781526659092,27,100,0.217976478975032,-0.591845344274662,14,0,-0.16523,50,0.4,0.6,40,"both",0.217976478975032,-0.591845344274662
"1383",14,1,0.0117372138906916,7.15962100664791,9.78781526659092,27,100,0.217976478975032,-0.591845344274662,14,1,14.75121,50,0.4,0.6,40,"both",0.217976478975032,-0.591845344274662
"1384",14,1,0.0117372138906916,7.15962100664791,9.78781526659092,27,100,0.217976478975032,-0.591845344274662,14,1,22.83666,50,0.4,0.6,40,"both",0.217976478975032,-0.591845344274662
"1385",14,1,0.0117372138906916,7.15962100664791,9.78781526659092,27,100,0.217976478975032,-0.591845344274662,14,1,16.0983,50,0.4,0.6,40,"both",0.217976478975032,-0.591845344274662
"1386",14,1,0.0117372138906916,7.15962100664791,9.78781526659092,27,100,0.217976478975032,-0.591845344274662,14,1,14.63985,50,0.4,0.6,40,"both",0.217976478975032,-0.591845344274662
"1387",14,1,0.0117372138906916,7.15962100664791,9.78781526659092,27,100,0.217976478975032,-0.591845344274662,14,1,13.12171,50,0.4,0.6,40,"both",0.217976478975032,-0.591845344274662
"1388",14,1,0.0117372138906916,7.15962100664791,9.78781526659092,27,100,0.217976478975032,-0.591845344274662,14,1,12.43532,50,0.4,0.6,40,"both",0.217976478975032,-0.591845344274662
"1389",14,1,0.0117372138906916,7.15962100664791,9.78781526659092,27,100,0.217976478975032,-0.591845344274662,14,0,15.2328,50,0.4,0.6,40,"both",0.217976478975032,-0.591845344274662
"1390",14,1,0.0117372138906916,7.15962100664791,9.78781526659092,27,100,0.217976478975032,-0.591845344274662,14,0,-4.58311,50,0.4,0.6,40,"both",0.217976478975032,-0.591845344274662
"1391",14,1,0.0117372138906916,7.15962100664791,9.78781526659092,27,100,0.217976478975032,-0.591845344274662,14,1,14.67411,50,0.4,0.6,40,"both",0.217976478975032,-0.591845344274662
"1392",14,1,0.0117372138906916,7.15962100664791,9.78781526659092,27,100,0.217976478975032,-0.591845344274662,14,0,-0.74316,50,0.4,0.6,40,"both",0.217976478975032,-0.591845344274662
"1393",14,1,0.0117372138906916,7.15962100664791,9.78781526659092,27,100,0.217976478975032,-0.591845344274662,14,0,-5.73945,50,0.4,0.6,40,"both",0.217976478975032,-0.591845344274662
"1394",14,1,0.0117372138906916,7.15962100664791,9.78781526659092,27,100,0.217976478975032,-0.591845344274662,14,1,14.55216,50,0.4,0.6,40,"both",0.217976478975032,-0.591845344274662
"1395",14,1,0.0117372138906916,7.15962100664791,9.78781526659092,27,100,0.217976478975032,-0.591845344274662,14,0,0.811199999999999,50,0.4,0.6,40,"both",0.217976478975032,-0.591845344274662
"1396",14,1,0.0117372138906916,7.15962100664791,9.78781526659092,27,100,0.217976478975032,-0.591845344274662,14,0,-5.63664,50,0.4,0.6,40,"both",0.217976478975032,-0.591845344274662
"1397",14,1,0.0117372138906916,7.15962100664791,9.78781526659092,27,100,0.217976478975032,-0.591845344274662,14,1,15.29863,50,0.4,0.6,40,"both",0.217976478975032,-0.591845344274662
"1398",14,1,0.0117372138906916,7.15962100664791,9.78781526659092,27,100,0.217976478975032,-0.591845344274662,14,0,-1.47394,50,0.4,0.6,40,"both",0.217976478975032,-0.591845344274662
"1399",14,1,0.0117372138906916,7.15962100664791,9.78781526659092,27,100,0.217976478975032,-0.591845344274662,14,0,-1.93439,50,0.4,0.6,40,"both",0.217976478975032,-0.591845344274662
"1400",14,1,0.0117372138906916,7.15962100664791,9.78781526659092,27,100,0.217976478975032,-0.591845344274662,14,0,12.16591,50,0.4,0.6,40,"both",0.217976478975032,-0.591845344274662
"1401",15,1,0.0042583101200283,-3.48204437310958,8.85626496899289,29,100,0.217976478975032,-0.591845344274662,15,1,11.241121348,50,0.4,0.6,40,"both",0.217976478975032,-0.591845344274662
"1402",15,1,0.0042583101200283,-3.48204437310958,8.85626496899289,29,100,0.217976478975032,-0.591845344274662,15,1,-5.81255387881,50,0.4,0.6,40,"both",0.217976478975032,-0.591845344274662
"1403",15,1,0.0042583101200283,-3.48204437310958,8.85626496899289,29,100,0.217976478975032,-0.591845344274662,15,0,-14.0632874459,50,0.4,0.6,40,"both",0.217976478975032,-0.591845344274662
"1404",15,1,0.0042583101200283,-3.48204437310958,8.85626496899289,29,100,0.217976478975032,-0.591845344274662,15,1,-7.87584057227,50,0.4,0.6,40,"both",0.217976478975032,-0.591845344274662
"1405",15,1,0.0042583101200283,-3.48204437310958,8.85626496899289,29,100,0.217976478975032,-0.591845344274662,15,0,-10.6779564879,50,0.4,0.6,40,"both",0.217976478975032,-0.591845344274662
"1406",15,1,0.0042583101200283,-3.48204437310958,8.85626496899289,29,100,0.217976478975032,-0.591845344274662,15,0,-9.264469685,50,0.4,0.6,40,"both",0.217976478975032,-0.591845344274662
"1407",15,1,0.0042583101200283,-3.48204437310958,8.85626496899289,29,100,0.217976478975032,-0.591845344274662,15,0,-7.036850896,50,0.4,0.6,40,"both",0.217976478975032,-0.591845344274662
"1408",15,1,0.0042583101200283,-3.48204437310958,8.85626496899289,29,100,0.217976478975032,-0.591845344274662,15,1,-4.61415,50,0.4,0.6,40,"both",0.217976478975032,-0.591845344274662
"1409",15,1,0.0042583101200283,-3.48204437310958,8.85626496899289,29,100,0.217976478975032,-0.591845344274662,15,0,-22.83024,50,0.4,0.6,40,"both",0.217976478975032,-0.591845344274662
"1410",15,1,0.0042583101200283,-3.48204437310958,8.85626496899289,29,100,0.217976478975032,-0.591845344274662,15,1,-4.20498,50,0.4,0.6,40,"both",0.217976478975032,-0.591845344274662
"1411",15,1,0.0042583101200283,-3.48204437310958,8.85626496899289,29,100,0.217976478975032,-0.591845344274662,15,0,-10.19608,50,0.4,0.6,40,"both",0.217976478975032,-0.591845344274662
"1412",15,1,0.0042583101200283,-3.48204437310958,8.85626496899289,29,100,0.217976478975032,-0.591845344274662,15,1,-7.33627,50,0.4,0.6,40,"both",0.217976478975032,-0.591845344274662
"1413",15,1,0.0042583101200283,-3.48204437310958,8.85626496899289,29,100,0.217976478975032,-0.591845344274662,15,0,-6.0213,50,0.4,0.6,40,"both",0.217976478975032,-0.591845344274662
"1414",15,1,0.0042583101200283,-3.48204437310958,8.85626496899289,29,100,0.217976478975032,-0.591845344274662,15,1,-4.67526,50,0.4,0.6,40,"both",0.217976478975032,-0.591845344274662
"1415",15,1,0.0042583101200283,-3.48204437310958,8.85626496899289,29,100,0.217976478975032,-0.591845344274662,15,0,-3.09906,50,0.4,0.6,40,"both",0.217976478975032,-0.591845344274662
"1416",15,1,0.0042583101200283,-3.48204437310958,8.85626496899289,29,100,0.217976478975032,-0.591845344274662,15,0,0.64818,50,0.4,0.6,40,"both",0.217976478975032,-0.591845344274662
"1417",15,1,0.0042583101200283,-3.48204437310958,8.85626496899289,29,100,0.217976478975032,-0.591845344274662,15,1,2.45891,50,0.4,0.6,40,"both",0.217976478975032,-0.591845344274662
"1418",15,1,0.0042583101200283,-3.48204437310958,8.85626496899289,29,100,0.217976478975032,-0.591845344274662,15,0,-9.00359,50,0.4,0.6,40,"both",0.217976478975032,-0.591845344274662
"1419",15,1,0.0042583101200283,-3.48204437310958,8.85626496899289,29,100,0.217976478975032,-0.591845344274662,15,0,-10.88619,50,0.4,0.6,40,"both",0.217976478975032,-0.591845344274662
"1420",15,1,0.0042583101200283,-3.48204437310958,8.85626496899289,29,100,0.217976478975032,-0.591845344274662,15,0,-13.30897,50,0.4,0.6,40,"both",0.217976478975032,-0.591845344274662
"1421",15,1,0.0042583101200283,-3.48204437310958,8.85626496899289,29,100,0.217976478975032,-0.591845344274662,15,1,1.90529,50,0.4,0.6,40,"both",0.217976478975032,-0.591845344274662
"1422",15,1,0.0042583101200283,-3.48204437310958,8.85626496899289,29,100,0.217976478975032,-0.591845344274662,15,0,-9.30377,50,0.4,0.6,40,"both",0.217976478975032,-0.591845344274662
"1423",15,1,0.0042583101200283,-3.48204437310958,8.85626496899289,29,100,0.217976478975032,-0.591845344274662,15,1,41.30114,50,0.4,0.6,40,"both",0.217976478975032,-0.591845344274662
"1424",15,1,0.0042583101200283,-3.48204437310958,8.85626496899289,29,100,0.217976478975032,-0.591845344274662,15,0,-13.36318,50,0.4,0.6,40,"both",0.217976478975032,-0.591845344274662
"1425",15,1,0.0042583101200283,-3.48204437310958,8.85626496899289,29,100,0.217976478975032,-0.591845344274662,15,0,-9.991556,50,0.4,0.6,40,"both",0.217976478975032,-0.591845344274662
"1426",15,1,0.0042583101200283,-3.48204437310958,8.85626496899289,29,100,0.217976478975032,-0.591845344274662,15,1,-1.14862,50,0.4,0.6,40,"both",0.217976478975032,-0.591845344274662
"1427",15,1,0.0042583101200283,-3.48204437310958,8.85626496899289,29,100,0.217976478975032,-0.591845344274662,15,1,-2.78204,50,0.4,0.6,40,"both",0.217976478975032,-0.591845344274662
"1428",15,1,0.0042583101200283,-3.48204437310958,8.85626496899289,29,100,0.217976478975032,-0.591845344274662,15,1,5.19797,50,0.4,0.6,40,"both",0.217976478975032,-0.591845344274662
"1429",15,1,0.0042583101200283,-3.48204437310958,8.85626496899289,29,100,0.217976478975032,-0.591845344274662,15,1,-0.12535,50,0.4,0.6,40,"both",0.217976478975032,-0.591845344274662
"1430",15,1,0.0042583101200283,-3.48204437310958,8.85626496899289,29,100,0.217976478975032,-0.591845344274662,15,0,-5.34951,50,0.4,0.6,40,"both",0.217976478975032,-0.591845344274662
"1431",15,1,0.0042583101200283,-3.48204437310958,8.85626496899289,29,100,0.217976478975032,-0.591845344274662,15,0,-3.50091,50,0.4,0.6,40,"both",0.217976478975032,-0.591845344274662
"1432",15,1,0.0042583101200283,-3.48204437310958,8.85626496899289,29,100,0.217976478975032,-0.591845344274662,15,1,-3.0558,50,0.4,0.6,40,"both",0.217976478975032,-0.591845344274662
"1433",15,1,0.0042583101200283,-3.48204437310958,8.85626496899289,29,100,0.217976478975032,-0.591845344274662,15,0,-6.23022,50,0.4,0.6,40,"both",0.217976478975032,-0.591845344274662
"1434",15,1,0.0042583101200283,-3.48204437310958,8.85626496899289,29,100,0.217976478975032,-0.591845344274662,15,0,-2.481419,50,0.4,0.6,40,"both",0.217976478975032,-0.591845344274662
"1435",15,1,0.0042583101200283,-3.48204437310958,8.85626496899289,29,100,0.217976478975032,-0.591845344274662,15,1,1.97411,50,0.4,0.6,40,"both",0.217976478975032,-0.591845344274662
"1436",15,1,0.0042583101200283,-3.48204437310958,8.85626496899289,29,100,0.217976478975032,-0.591845344274662,15,1,-9.81842,50,0.4,0.6,40,"both",0.217976478975032,-0.591845344274662
"1437",15,1,0.0042583101200283,-3.48204437310958,8.85626496899289,29,100,0.217976478975032,-0.591845344274662,15,0,0.23168,50,0.4,0.6,40,"both",0.217976478975032,-0.591845344274662
"1438",15,1,0.0042583101200283,-3.48204437310958,8.85626496899289,29,100,0.217976478975032,-0.591845344274662,15,0,-10.06911,50,0.4,0.6,40,"both",0.217976478975032,-0.591845344274662
"1439",15,1,0.0042583101200283,-3.48204437310958,8.85626496899289,29,100,0.217976478975032,-0.591845344274662,15,1,3.74274,50,0.4,0.6,40,"both",0.217976478975032,-0.591845344274662
"1440",15,1,0.0042583101200283,-3.48204437310958,8.85626496899289,29,100,0.217976478975032,-0.591845344274662,15,0,-9.79914,50,0.4,0.6,40,"both",0.217976478975032,-0.591845344274662
"1441",15,1,0.0042583101200283,-3.48204437310958,8.85626496899289,29,100,0.217976478975032,-0.591845344274662,15,0,-9.17693,50,0.4,0.6,40,"both",0.217976478975032,-0.591845344274662
"1442",15,1,0.0042583101200283,-3.48204437310958,8.85626496899289,29,100,0.217976478975032,-0.591845344274662,15,0,-9.13059,50,0.4,0.6,40,"both",0.217976478975032,-0.591845344274662
"1443",15,1,0.0042583101200283,-3.48204437310958,8.85626496899289,29,100,0.217976478975032,-0.591845344274662,15,0,-4.2799,50,0.4,0.6,40,"both",0.217976478975032,-0.591845344274662
"1444",15,1,0.0042583101200283,-3.48204437310958,8.85626496899289,29,100,0.217976478975032,-0.591845344274662,15,1,10.3548,50,0.4,0.6,40,"both",0.217976478975032,-0.591845344274662
"1445",15,1,0.0042583101200283,-3.48204437310958,8.85626496899289,29,100,0.217976478975032,-0.591845344274662,15,0,-6.04585,50,0.4,0.6,40,"both",0.217976478975032,-0.591845344274662
"1446",15,1,0.0042583101200283,-3.48204437310958,8.85626496899289,29,100,0.217976478975032,-0.591845344274662,15,0,-9.39236,50,0.4,0.6,40,"both",0.217976478975032,-0.591845344274662
"1447",15,1,0.0042583101200283,-3.48204437310958,8.85626496899289,29,100,0.217976478975032,-0.591845344274662,15,1,-0.92395,50,0.4,0.6,40,"both",0.217976478975032,-0.591845344274662
"1448",15,1,0.0042583101200283,-3.48204437310958,8.85626496899289,29,100,0.217976478975032,-0.591845344274662,15,1,4.66186,50,0.4,0.6,40,"both",0.217976478975032,-0.591845344274662
"1449",15,1,0.0042583101200283,-3.48204437310958,8.85626496899289,29,100,0.217976478975032,-0.591845344274662,15,1,-0.56961,50,0.4,0.6,40,"both",0.217976478975032,-0.591845344274662
"1450",15,1,0.0042583101200283,-3.48204437310958,8.85626496899289,29,100,0.217976478975032,-0.591845344274662,15,1,-0.584429999999999,50,0.4,0.6,40,"both",0.217976478975032,-0.591845344274662
"1451",15,1,0.0042583101200283,-3.48204437310958,8.85626496899289,29,100,0.217976478975032,-0.591845344274662,15,1,7.59734,50,0.4,0.6,40,"both",0.217976478975032,-0.591845344274662
"1452",15,1,0.0042583101200283,-3.48204437310958,8.85626496899289,29,100,0.217976478975032,-0.591845344274662,15,0,1.81697,50,0.4,0.6,40,"both",0.217976478975032,-0.591845344274662
"1453",15,1,0.0042583101200283,-3.48204437310958,8.85626496899289,29,100,0.217976478975032,-0.591845344274662,15,1,2.75543,50,0.4,0.6,40,"both",0.217976478975032,-0.591845344274662
"1454",15,1,0.0042583101200283,-3.48204437310958,8.85626496899289,29,100,0.217976478975032,-0.591845344274662,15,0,-2.35259,50,0.4,0.6,40,"both",0.217976478975032,-0.591845344274662
"1455",15,1,0.0042583101200283,-3.48204437310958,8.85626496899289,29,100,0.217976478975032,-0.591845344274662,15,0,-7.45384,50,0.4,0.6,40,"both",0.217976478975032,-0.591845344274662
"1456",15,1,0.0042583101200283,-3.48204437310958,8.85626496899289,29,100,0.217976478975032,-0.591845344274662,15,0,-6.68871,50,0.4,0.6,40,"both",0.217976478975032,-0.591845344274662
"1457",15,1,0.0042583101200283,-3.48204437310958,8.85626496899289,29,100,0.217976478975032,-0.591845344274662,15,1,-0.80482,50,0.4,0.6,40,"both",0.217976478975032,-0.591845344274662
"1458",15,1,0.0042583101200283,-3.48204437310958,8.85626496899289,29,100,0.217976478975032,-0.591845344274662,15,1,3.84417,50,0.4,0.6,40,"both",0.217976478975032,-0.591845344274662
"1459",15,1,0.0042583101200283,-3.48204437310958,8.85626496899289,29,100,0.217976478975032,-0.591845344274662,15,0,-8.52548,50,0.4,0.6,40,"both",0.217976478975032,-0.591845344274662
"1460",15,1,0.0042583101200283,-3.48204437310958,8.85626496899289,29,100,0.217976478975032,-0.591845344274662,15,0,-7.25601,50,0.4,0.6,40,"both",0.217976478975032,-0.591845344274662
"1461",15,1,0.0042583101200283,-3.48204437310958,8.85626496899289,29,100,0.217976478975032,-0.591845344274662,15,0,-10.35223,50,0.4,0.6,40,"both",0.217976478975032,-0.591845344274662
"1462",15,1,0.0042583101200283,-3.48204437310958,8.85626496899289,29,100,0.217976478975032,-0.591845344274662,15,1,3.54867,50,0.4,0.6,40,"both",0.217976478975032,-0.591845344274662
"1463",15,1,0.0042583101200283,-3.48204437310958,8.85626496899289,29,100,0.217976478975032,-0.591845344274662,15,0,-0.00778999999999996,50,0.4,0.6,40,"both",0.217976478975032,-0.591845344274662
"1464",15,1,0.0042583101200283,-3.48204437310958,8.85626496899289,29,100,0.217976478975032,-0.591845344274662,15,1,-7.62369,50,0.4,0.6,40,"both",0.217976478975032,-0.591845344274662
"1465",15,1,0.0042583101200283,-3.48204437310958,8.85626496899289,29,100,0.217976478975032,-0.591845344274662,15,0,-11.53628,50,0.4,0.6,40,"both",0.217976478975032,-0.591845344274662
"1466",15,1,0.0042583101200283,-3.48204437310958,8.85626496899289,29,100,0.217976478975032,-0.591845344274662,15,1,-7.80505,50,0.4,0.6,40,"both",0.217976478975032,-0.591845344274662
"1467",15,1,0.0042583101200283,-3.48204437310958,8.85626496899289,29,100,0.217976478975032,-0.591845344274662,15,1,-0.23277,50,0.4,0.6,40,"both",0.217976478975032,-0.591845344274662
"1468",15,1,0.0042583101200283,-3.48204437310958,8.85626496899289,29,100,0.217976478975032,-0.591845344274662,15,0,2.73023,50,0.4,0.6,40,"both",0.217976478975032,-0.591845344274662
"1469",15,1,0.0042583101200283,-3.48204437310958,8.85626496899289,29,100,0.217976478975032,-0.591845344274662,15,1,1.6542,50,0.4,0.6,40,"both",0.217976478975032,-0.591845344274662
"1470",15,1,0.0042583101200283,-3.48204437310958,8.85626496899289,29,100,0.217976478975032,-0.591845344274662,15,1,3.38081,50,0.4,0.6,40,"both",0.217976478975032,-0.591845344274662
"1471",15,1,0.0042583101200283,-3.48204437310958,8.85626496899289,29,100,0.217976478975032,-0.591845344274662,15,1,3.78947,50,0.4,0.6,40,"both",0.217976478975032,-0.591845344274662
"1472",15,1,0.0042583101200283,-3.48204437310958,8.85626496899289,29,100,0.217976478975032,-0.591845344274662,15,1,-0.0414400000000001,50,0.4,0.6,40,"both",0.217976478975032,-0.591845344274662
"1473",15,1,0.0042583101200283,-3.48204437310958,8.85626496899289,29,100,0.217976478975032,-0.591845344274662,15,1,1.99311,50,0.4,0.6,40,"both",0.217976478975032,-0.591845344274662
"1474",15,1,0.0042583101200283,-3.48204437310958,8.85626496899289,29,100,0.217976478975032,-0.591845344274662,15,0,-7.95563,50,0.4,0.6,40,"both",0.217976478975032,-0.591845344274662
"1475",15,1,0.0042583101200283,-3.48204437310958,8.85626496899289,29,100,0.217976478975032,-0.591845344274662,15,0,-6.76694,50,0.4,0.6,40,"both",0.217976478975032,-0.591845344274662
"1476",15,1,0.0042583101200283,-3.48204437310958,8.85626496899289,29,100,0.217976478975032,-0.591845344274662,15,1,1.82938,50,0.4,0.6,40,"both",0.217976478975032,-0.591845344274662
"1477",15,1,0.0042583101200283,-3.48204437310958,8.85626496899289,29,100,0.217976478975032,-0.591845344274662,15,0,-9.88004,50,0.4,0.6,40,"both",0.217976478975032,-0.591845344274662
"1478",15,1,0.0042583101200283,-3.48204437310958,8.85626496899289,29,100,0.217976478975032,-0.591845344274662,15,1,3.90711,50,0.4,0.6,40,"both",0.217976478975032,-0.591845344274662
"1479",15,1,0.0042583101200283,-3.48204437310958,8.85626496899289,29,100,0.217976478975032,-0.591845344274662,15,1,2.26313,50,0.4,0.6,40,"both",0.217976478975032,-0.591845344274662
"1480",15,1,0.0042583101200283,-3.48204437310958,8.85626496899289,29,100,0.217976478975032,-0.591845344274662,15,0,0.79941,50,0.4,0.6,40,"both",0.217976478975032,-0.591845344274662
"1481",15,1,0.0042583101200283,-3.48204437310958,8.85626496899289,29,100,0.217976478975032,-0.591845344274662,15,0,-7.64706,50,0.4,0.6,40,"both",0.217976478975032,-0.591845344274662
"1482",15,1,0.0042583101200283,-3.48204437310958,8.85626496899289,29,100,0.217976478975032,-0.591845344274662,15,1,3.34621,50,0.4,0.6,40,"both",0.217976478975032,-0.591845344274662
"1483",15,1,0.0042583101200283,-3.48204437310958,8.85626496899289,29,100,0.217976478975032,-0.591845344274662,15,1,-6.70619,50,0.4,0.6,40,"both",0.217976478975032,-0.591845344274662
"1484",15,1,0.0042583101200283,-3.48204437310958,8.85626496899289,29,100,0.217976478975032,-0.591845344274662,15,0,0.55606,50,0.4,0.6,40,"both",0.217976478975032,-0.591845344274662
"1485",15,1,0.0042583101200283,-3.48204437310958,8.85626496899289,29,100,0.217976478975032,-0.591845344274662,15,1,-4.798602,50,0.4,0.6,40,"both",0.217976478975032,-0.591845344274662
"1486",15,1,0.0042583101200283,-3.48204437310958,8.85626496899289,29,100,0.217976478975032,-0.591845344274662,15,0,2.03269,50,0.4,0.6,40,"both",0.217976478975032,-0.591845344274662
"1487",15,1,0.0042583101200283,-3.48204437310958,8.85626496899289,29,100,0.217976478975032,-0.591845344274662,15,1,1.80426,50,0.4,0.6,40,"both",0.217976478975032,-0.591845344274662
"1488",15,1,0.0042583101200283,-3.48204437310958,8.85626496899289,29,100,0.217976478975032,-0.591845344274662,15,1,3.1578,50,0.4,0.6,40,"both",0.217976478975032,-0.591845344274662
"1489",15,1,0.0042583101200283,-3.48204437310958,8.85626496899289,29,100,0.217976478975032,-0.591845344274662,15,1,2.13025,50,0.4,0.6,40,"both",0.217976478975032,-0.591845344274662
"1490",15,1,0.0042583101200283,-3.48204437310958,8.85626496899289,29,100,0.217976478975032,-0.591845344274662,15,1,-8.53281,50,0.4,0.6,40,"both",0.217976478975032,-0.591845344274662
"1491",15,1,0.0042583101200283,-3.48204437310958,8.85626496899289,29,100,0.217976478975032,-0.591845344274662,15,0,-12.20096,50,0.4,0.6,40,"both",0.217976478975032,-0.591845344274662
"1492",15,1,0.0042583101200283,-3.48204437310958,8.85626496899289,29,100,0.217976478975032,-0.591845344274662,15,1,2.51467,50,0.4,0.6,40,"both",0.217976478975032,-0.591845344274662
"1493",15,1,0.0042583101200283,-3.48204437310958,8.85626496899289,29,100,0.217976478975032,-0.591845344274662,15,0,-9.36527,50,0.4,0.6,40,"both",0.217976478975032,-0.591845344274662
"1494",15,1,0.0042583101200283,-3.48204437310958,8.85626496899289,29,100,0.217976478975032,-0.591845344274662,15,0,-8.34857,50,0.4,0.6,40,"both",0.217976478975032,-0.591845344274662
"1495",15,1,0.0042583101200283,-3.48204437310958,8.85626496899289,29,100,0.217976478975032,-0.591845344274662,15,1,2.32915,50,0.4,0.6,40,"both",0.217976478975032,-0.591845344274662
"1496",15,1,0.0042583101200283,-3.48204437310958,8.85626496899289,29,100,0.217976478975032,-0.591845344274662,15,0,1.7232,50,0.4,0.6,40,"both",0.217976478975032,-0.591845344274662
"1497",15,1,0.0042583101200283,-3.48204437310958,8.85626496899289,29,100,0.217976478975032,-0.591845344274662,15,1,-6.31363,50,0.4,0.6,40,"both",0.217976478975032,-0.591845344274662
"1498",15,1,0.0042583101200283,-3.48204437310958,8.85626496899289,29,100,0.217976478975032,-0.591845344274662,15,1,-9.27773,50,0.4,0.6,40,"both",0.217976478975032,-0.591845344274662
"1499",15,1,0.0042583101200283,-3.48204437310958,8.85626496899289,29,100,0.217976478975032,-0.591845344274662,15,0,-10.04201,50,0.4,0.6,40,"both",0.217976478975032,-0.591845344274662
"1500",15,1,0.0042583101200283,-3.48204437310958,8.85626496899289,29,100,0.217976478975032,-0.591845344274662,15,0,-6.84174,50,0.4,0.6,40,"both",0.217976478975032,-0.591845344274662
"1501",16,1,0.0205631862089134,10.7553882598881,7.80741164707917,31,100,0.217976478975032,-0.591845344274662,16,0,5.95036237071,50,0.4,0.6,40,"both",0.217976478975032,-0.591845344274662
"1502",16,1,0.0205631862089134,10.7553882598881,7.80741164707917,31,100,0.217976478975032,-0.591845344274662,16,1,10.0283454309,50,0.4,0.6,40,"both",0.217976478975032,-0.591845344274662
"1503",16,1,0.0205631862089134,10.7553882598881,7.80741164707917,31,100,0.217976478975032,-0.591845344274662,16,0,2.1885915617,50,0.4,0.6,40,"both",0.217976478975032,-0.591845344274662
"1504",16,1,0.0205631862089134,10.7553882598881,7.80741164707917,31,100,0.217976478975032,-0.591845344274662,16,0,8.81752961,50,0.4,0.6,40,"both",0.217976478975032,-0.591845344274662
"1505",16,1,0.0205631862089134,10.7553882598881,7.80741164707917,31,100,0.217976478975032,-0.591845344274662,16,0,0.254000000000001,50,0.4,0.6,40,"both",0.217976478975032,-0.591845344274662
"1506",16,1,0.0205631862089134,10.7553882598881,7.80741164707917,31,100,0.217976478975032,-0.591845344274662,16,0,-31.5577,50,0.4,0.6,40,"both",0.217976478975032,-0.591845344274662
"1507",16,1,0.0205631862089134,10.7553882598881,7.80741164707917,31,100,0.217976478975032,-0.591845344274662,16,1,12.58502,50,0.4,0.6,40,"both",0.217976478975032,-0.591845344274662
"1508",16,1,0.0205631862089134,10.7553882598881,7.80741164707917,31,100,0.217976478975032,-0.591845344274662,16,0,12.2567,50,0.4,0.6,40,"both",0.217976478975032,-0.591845344274662
"1509",16,1,0.0205631862089134,10.7553882598881,7.80741164707917,31,100,0.217976478975032,-0.591845344274662,16,0,8.30469,50,0.4,0.6,40,"both",0.217976478975032,-0.591845344274662
"1510",16,1,0.0205631862089134,10.7553882598881,7.80741164707917,31,100,0.217976478975032,-0.591845344274662,16,1,29.86333,50,0.4,0.6,40,"both",0.217976478975032,-0.591845344274662
"1511",16,1,0.0205631862089134,10.7553882598881,7.80741164707917,31,100,0.217976478975032,-0.591845344274662,16,0,9.81844,50,0.4,0.6,40,"both",0.217976478975032,-0.591845344274662
"1512",16,1,0.0205631862089134,10.7553882598881,7.80741164707917,31,100,0.217976478975032,-0.591845344274662,16,1,17.61849,50,0.4,0.6,40,"both",0.217976478975032,-0.591845344274662
"1513",16,1,0.0205631862089134,10.7553882598881,7.80741164707917,31,100,0.217976478975032,-0.591845344274662,16,1,15.29471,50,0.4,0.6,40,"both",0.217976478975032,-0.591845344274662
"1514",16,1,0.0205631862089134,10.7553882598881,7.80741164707917,31,100,0.217976478975032,-0.591845344274662,16,0,3.43715,50,0.4,0.6,40,"both",0.217976478975032,-0.591845344274662
"1515",16,1,0.0205631862089134,10.7553882598881,7.80741164707917,31,100,0.217976478975032,-0.591845344274662,16,0,-24.3617,50,0.4,0.6,40,"both",0.217976478975032,-0.591845344274662
"1516",16,1,0.0205631862089134,10.7553882598881,7.80741164707917,31,100,0.217976478975032,-0.591845344274662,16,0,-0.554460000000001,50,0.4,0.6,40,"both",0.217976478975032,-0.591845344274662
"1517",16,1,0.0205631862089134,10.7553882598881,7.80741164707917,31,100,0.217976478975032,-0.591845344274662,16,0,18.13795,50,0.4,0.6,40,"both",0.217976478975032,-0.591845344274662
"1518",16,1,0.0205631862089134,10.7553882598881,7.80741164707917,31,100,0.217976478975032,-0.591845344274662,16,1,12.20636,50,0.4,0.6,40,"both",0.217976478975032,-0.591845344274662
"1519",16,1,0.0205631862089134,10.7553882598881,7.80741164707917,31,100,0.217976478975032,-0.591845344274662,16,1,23.1945,50,0.4,0.6,40,"both",0.217976478975032,-0.591845344274662
"1520",16,1,0.0205631862089134,10.7553882598881,7.80741164707917,31,100,0.217976478975032,-0.591845344274662,16,1,17.38888,50,0.4,0.6,40,"both",0.217976478975032,-0.591845344274662
"1521",16,1,0.0205631862089134,10.7553882598881,7.80741164707917,31,100,0.217976478975032,-0.591845344274662,16,0,16.48346,50,0.4,0.6,40,"both",0.217976478975032,-0.591845344274662
"1522",16,1,0.0205631862089134,10.7553882598881,7.80741164707917,31,100,0.217976478975032,-0.591845344274662,16,1,13.29099,50,0.4,0.6,40,"both",0.217976478975032,-0.591845344274662
"1523",16,1,0.0205631862089134,10.7553882598881,7.80741164707917,31,100,0.217976478975032,-0.591845344274662,16,1,5.72451,50,0.4,0.6,40,"both",0.217976478975032,-0.591845344274662
"1524",16,1,0.0205631862089134,10.7553882598881,7.80741164707917,31,100,0.217976478975032,-0.591845344274662,16,0,-0.37645,50,0.4,0.6,40,"both",0.217976478975032,-0.591845344274662
"1525",16,1,0.0205631862089134,10.7553882598881,7.80741164707917,31,100,0.217976478975032,-0.591845344274662,16,1,20.54845,50,0.4,0.6,40,"both",0.217976478975032,-0.591845344274662
"1526",16,1,0.0205631862089134,10.7553882598881,7.80741164707917,31,100,0.217976478975032,-0.591845344274662,16,1,21.8502,50,0.4,0.6,40,"both",0.217976478975032,-0.591845344274662
"1527",16,1,0.0205631862089134,10.7553882598881,7.80741164707917,31,100,0.217976478975032,-0.591845344274662,16,1,20.81943,50,0.4,0.6,40,"both",0.217976478975032,-0.591845344274662
"1528",16,1,0.0205631862089134,10.7553882598881,7.80741164707917,31,100,0.217976478975032,-0.591845344274662,16,0,3.55595,50,0.4,0.6,40,"both",0.217976478975032,-0.591845344274662
"1529",16,1,0.0205631862089134,10.7553882598881,7.80741164707917,31,100,0.217976478975032,-0.591845344274662,16,0,-1.02163,50,0.4,0.6,40,"both",0.217976478975032,-0.591845344274662
"1530",16,1,0.0205631862089134,10.7553882598881,7.80741164707917,31,100,0.217976478975032,-0.591845344274662,16,1,20.45148,50,0.4,0.6,40,"both",0.217976478975032,-0.591845344274662
"1531",16,1,0.0205631862089134,10.7553882598881,7.80741164707917,31,100,0.217976478975032,-0.591845344274662,16,1,9.18376,50,0.4,0.6,40,"both",0.217976478975032,-0.591845344274662
"1532",16,1,0.0205631862089134,10.7553882598881,7.80741164707917,31,100,0.217976478975032,-0.591845344274662,16,0,6.78897,50,0.4,0.6,40,"both",0.217976478975032,-0.591845344274662
"1533",16,1,0.0205631862089134,10.7553882598881,7.80741164707917,31,100,0.217976478975032,-0.591845344274662,16,1,11.09474,50,0.4,0.6,40,"both",0.217976478975032,-0.591845344274662
"1534",16,1,0.0205631862089134,10.7553882598881,7.80741164707917,31,100,0.217976478975032,-0.591845344274662,16,1,14.48448,50,0.4,0.6,40,"both",0.217976478975032,-0.591845344274662
"1535",16,1,0.0205631862089134,10.7553882598881,7.80741164707917,31,100,0.217976478975032,-0.591845344274662,16,0,-4.8432,50,0.4,0.6,40,"both",0.217976478975032,-0.591845344274662
"1536",16,1,0.0205631862089134,10.7553882598881,7.80741164707917,31,100,0.217976478975032,-0.591845344274662,16,0,3.25486,50,0.4,0.6,40,"both",0.217976478975032,-0.591845344274662
"1537",16,1,0.0205631862089134,10.7553882598881,7.80741164707917,31,100,0.217976478975032,-0.591845344274662,16,0,11.54385,50,0.4,0.6,40,"both",0.217976478975032,-0.591845344274662
"1538",16,1,0.0205631862089134,10.7553882598881,7.80741164707917,31,100,0.217976478975032,-0.591845344274662,16,1,28.8653,50,0.4,0.6,40,"both",0.217976478975032,-0.591845344274662
"1539",16,1,0.0205631862089134,10.7553882598881,7.80741164707917,31,100,0.217976478975032,-0.591845344274662,16,1,7.8046,50,0.4,0.6,40,"both",0.217976478975032,-0.591845344274662
"1540",16,1,0.0205631862089134,10.7553882598881,7.80741164707917,31,100,0.217976478975032,-0.591845344274662,16,0,1.00789,50,0.4,0.6,40,"both",0.217976478975032,-0.591845344274662
"1541",16,1,0.0205631862089134,10.7553882598881,7.80741164707917,31,100,0.217976478975032,-0.591845344274662,16,0,14.18123,50,0.4,0.6,40,"both",0.217976478975032,-0.591845344274662
"1542",16,1,0.0205631862089134,10.7553882598881,7.80741164707917,31,100,0.217976478975032,-0.591845344274662,16,1,19.10843,50,0.4,0.6,40,"both",0.217976478975032,-0.591845344274662
"1543",16,1,0.0205631862089134,10.7553882598881,7.80741164707917,31,100,0.217976478975032,-0.591845344274662,16,1,23.7166,50,0.4,0.6,40,"both",0.217976478975032,-0.591845344274662
"1544",16,1,0.0205631862089134,10.7553882598881,7.80741164707917,31,100,0.217976478975032,-0.591845344274662,16,1,11.41712,50,0.4,0.6,40,"both",0.217976478975032,-0.591845344274662
"1545",16,1,0.0205631862089134,10.7553882598881,7.80741164707917,31,100,0.217976478975032,-0.591845344274662,16,0,5.96867,50,0.4,0.6,40,"both",0.217976478975032,-0.591845344274662
"1546",16,1,0.0205631862089134,10.7553882598881,7.80741164707917,31,100,0.217976478975032,-0.591845344274662,16,0,4.36284,50,0.4,0.6,40,"both",0.217976478975032,-0.591845344274662
"1547",16,1,0.0205631862089134,10.7553882598881,7.80741164707917,31,100,0.217976478975032,-0.591845344274662,16,0,5.16719,50,0.4,0.6,40,"both",0.217976478975032,-0.591845344274662
"1548",16,1,0.0205631862089134,10.7553882598881,7.80741164707917,31,100,0.217976478975032,-0.591845344274662,16,0,2.12894,50,0.4,0.6,40,"both",0.217976478975032,-0.591845344274662
"1549",16,1,0.0205631862089134,10.7553882598881,7.80741164707917,31,100,0.217976478975032,-0.591845344274662,16,1,20.97767,50,0.4,0.6,40,"both",0.217976478975032,-0.591845344274662
"1550",16,1,0.0205631862089134,10.7553882598881,7.80741164707917,31,100,0.217976478975032,-0.591845344274662,16,0,2.75422,50,0.4,0.6,40,"both",0.217976478975032,-0.591845344274662
"1551",16,1,0.0205631862089134,10.7553882598881,7.80741164707917,31,100,0.217976478975032,-0.591845344274662,16,0,5.88356,50,0.4,0.6,40,"both",0.217976478975032,-0.591845344274662
"1552",16,1,0.0205631862089134,10.7553882598881,7.80741164707917,31,100,0.217976478975032,-0.591845344274662,16,0,5.99497,50,0.4,0.6,40,"both",0.217976478975032,-0.591845344274662
"1553",16,1,0.0205631862089134,10.7553882598881,7.80741164707917,31,100,0.217976478975032,-0.591845344274662,16,1,5.38748,50,0.4,0.6,40,"both",0.217976478975032,-0.591845344274662
"1554",16,1,0.0205631862089134,10.7553882598881,7.80741164707917,31,100,0.217976478975032,-0.591845344274662,16,1,5.22047,50,0.4,0.6,40,"both",0.217976478975032,-0.591845344274662
"1555",16,1,0.0205631862089134,10.7553882598881,7.80741164707917,31,100,0.217976478975032,-0.591845344274662,16,1,22.3184,50,0.4,0.6,40,"both",0.217976478975032,-0.591845344274662
"1556",16,1,0.0205631862089134,10.7553882598881,7.80741164707917,31,100,0.217976478975032,-0.591845344274662,16,0,15.4336,50,0.4,0.6,40,"both",0.217976478975032,-0.591845344274662
"1557",16,1,0.0205631862089134,10.7553882598881,7.80741164707917,31,100,0.217976478975032,-0.591845344274662,16,1,17.42999,50,0.4,0.6,40,"both",0.217976478975032,-0.591845344274662
"1558",16,1,0.0205631862089134,10.7553882598881,7.80741164707917,31,100,0.217976478975032,-0.591845344274662,16,1,3.20079,50,0.4,0.6,40,"both",0.217976478975032,-0.591845344274662
"1559",16,1,0.0205631862089134,10.7553882598881,7.80741164707917,31,100,0.217976478975032,-0.591845344274662,16,1,17.14149,50,0.4,0.6,40,"both",0.217976478975032,-0.591845344274662
"1560",16,1,0.0205631862089134,10.7553882598881,7.80741164707917,31,100,0.217976478975032,-0.591845344274662,16,1,15.81377,50,0.4,0.6,40,"both",0.217976478975032,-0.591845344274662
"1561",16,1,0.0205631862089134,10.7553882598881,7.80741164707917,31,100,0.217976478975032,-0.591845344274662,16,0,3.57463,50,0.4,0.6,40,"both",0.217976478975032,-0.591845344274662
"1562",16,1,0.0205631862089134,10.7553882598881,7.80741164707917,31,100,0.217976478975032,-0.591845344274662,16,1,9.08028,50,0.4,0.6,40,"both",0.217976478975032,-0.591845344274662
"1563",16,1,0.0205631862089134,10.7553882598881,7.80741164707917,31,100,0.217976478975032,-0.591845344274662,16,0,18.95915,50,0.4,0.6,40,"both",0.217976478975032,-0.591845344274662
"1564",16,1,0.0205631862089134,10.7553882598881,7.80741164707917,31,100,0.217976478975032,-0.591845344274662,16,0,0.517800000000001,50,0.4,0.6,40,"both",0.217976478975032,-0.591845344274662
"1565",16,1,0.0205631862089134,10.7553882598881,7.80741164707917,31,100,0.217976478975032,-0.591845344274662,16,0,4.63605,50,0.4,0.6,40,"both",0.217976478975032,-0.591845344274662
"1566",16,1,0.0205631862089134,10.7553882598881,7.80741164707917,31,100,0.217976478975032,-0.591845344274662,16,1,17.23157,50,0.4,0.6,40,"both",0.217976478975032,-0.591845344274662
"1567",16,1,0.0205631862089134,10.7553882598881,7.80741164707917,31,100,0.217976478975032,-0.591845344274662,16,0,2.26383,50,0.4,0.6,40,"both",0.217976478975032,-0.591845344274662
"1568",16,1,0.0205631862089134,10.7553882598881,7.80741164707917,31,100,0.217976478975032,-0.591845344274662,16,0,-1.661,50,0.4,0.6,40,"both",0.217976478975032,-0.591845344274662
"1569",16,1,0.0205631862089134,10.7553882598881,7.80741164707917,31,100,0.217976478975032,-0.591845344274662,16,0,12.27265,50,0.4,0.6,40,"both",0.217976478975032,-0.591845344274662
"1570",16,1,0.0205631862089134,10.7553882598881,7.80741164707917,31,100,0.217976478975032,-0.591845344274662,16,1,22.09665,50,0.4,0.6,40,"both",0.217976478975032,-0.591845344274662
"1571",16,1,0.0205631862089134,10.7553882598881,7.80741164707917,31,100,0.217976478975032,-0.591845344274662,16,1,24.0828,50,0.4,0.6,40,"both",0.217976478975032,-0.591845344274662
"1572",16,1,0.0205631862089134,10.7553882598881,7.80741164707917,31,100,0.217976478975032,-0.591845344274662,16,1,19.94689,50,0.4,0.6,40,"both",0.217976478975032,-0.591845344274662
"1573",16,1,0.0205631862089134,10.7553882598881,7.80741164707917,31,100,0.217976478975032,-0.591845344274662,16,0,2.06462,50,0.4,0.6,40,"both",0.217976478975032,-0.591845344274662
"1574",16,1,0.0205631862089134,10.7553882598881,7.80741164707917,31,100,0.217976478975032,-0.591845344274662,16,0,-0.11473,50,0.4,0.6,40,"both",0.217976478975032,-0.591845344274662
"1575",16,1,0.0205631862089134,10.7553882598881,7.80741164707917,31,100,0.217976478975032,-0.591845344274662,16,0,4.27329,50,0.4,0.6,40,"both",0.217976478975032,-0.591845344274662
"1576",16,1,0.0205631862089134,10.7553882598881,7.80741164707917,31,100,0.217976478975032,-0.591845344274662,16,0,7.19684,50,0.4,0.6,40,"both",0.217976478975032,-0.591845344274662
"1577",16,1,0.0205631862089134,10.7553882598881,7.80741164707917,31,100,0.217976478975032,-0.591845344274662,16,1,7.48186,50,0.4,0.6,40,"both",0.217976478975032,-0.591845344274662
"1578",16,1,0.0205631862089134,10.7553882598881,7.80741164707917,31,100,0.217976478975032,-0.591845344274662,16,1,17.97707,50,0.4,0.6,40,"both",0.217976478975032,-0.591845344274662
"1579",16,1,0.0205631862089134,10.7553882598881,7.80741164707917,31,100,0.217976478975032,-0.591845344274662,16,0,4.4974,50,0.4,0.6,40,"both",0.217976478975032,-0.591845344274662
"1580",16,1,0.0205631862089134,10.7553882598881,7.80741164707917,31,100,0.217976478975032,-0.591845344274662,16,0,5.38271,50,0.4,0.6,40,"both",0.217976478975032,-0.591845344274662
"1581",16,1,0.0205631862089134,10.7553882598881,7.80741164707917,31,100,0.217976478975032,-0.591845344274662,16,0,14.49859,50,0.4,0.6,40,"both",0.217976478975032,-0.591845344274662
"1582",16,1,0.0205631862089134,10.7553882598881,7.80741164707917,31,100,0.217976478975032,-0.591845344274662,16,1,15.635,50,0.4,0.6,40,"both",0.217976478975032,-0.591845344274662
"1583",16,1,0.0205631862089134,10.7553882598881,7.80741164707917,31,100,0.217976478975032,-0.591845344274662,16,1,5.13925,50,0.4,0.6,40,"both",0.217976478975032,-0.591845344274662
"1584",16,1,0.0205631862089134,10.7553882598881,7.80741164707917,31,100,0.217976478975032,-0.591845344274662,16,1,6.42616,50,0.4,0.6,40,"both",0.217976478975032,-0.591845344274662
"1585",16,1,0.0205631862089134,10.7553882598881,7.80741164707917,31,100,0.217976478975032,-0.591845344274662,16,0,3.54209,50,0.4,0.6,40,"both",0.217976478975032,-0.591845344274662
"1586",16,1,0.0205631862089134,10.7553882598881,7.80741164707917,31,100,0.217976478975032,-0.591845344274662,16,0,3.20755,50,0.4,0.6,40,"both",0.217976478975032,-0.591845344274662
"1587",16,1,0.0205631862089134,10.7553882598881,7.80741164707917,31,100,0.217976478975032,-0.591845344274662,16,1,19.65621,50,0.4,0.6,40,"both",0.217976478975032,-0.591845344274662
"1588",16,1,0.0205631862089134,10.7553882598881,7.80741164707917,31,100,0.217976478975032,-0.591845344274662,16,1,16.93638,50,0.4,0.6,40,"both",0.217976478975032,-0.591845344274662
"1589",16,1,0.0205631862089134,10.7553882598881,7.80741164707917,31,100,0.217976478975032,-0.591845344274662,16,0,0.982340000000001,50,0.4,0.6,40,"both",0.217976478975032,-0.591845344274662
"1590",16,1,0.0205631862089134,10.7553882598881,7.80741164707917,31,100,0.217976478975032,-0.591845344274662,16,0,1.7453,50,0.4,0.6,40,"both",0.217976478975032,-0.591845344274662
"1591",16,1,0.0205631862089134,10.7553882598881,7.80741164707917,31,100,0.217976478975032,-0.591845344274662,16,1,18.35186,50,0.4,0.6,40,"both",0.217976478975032,-0.591845344274662
"1592",16,1,0.0205631862089134,10.7553882598881,7.80741164707917,31,100,0.217976478975032,-0.591845344274662,16,1,17.80714,50,0.4,0.6,40,"both",0.217976478975032,-0.591845344274662
"1593",16,1,0.0205631862089134,10.7553882598881,7.80741164707917,31,100,0.217976478975032,-0.591845344274662,16,1,14.981,50,0.4,0.6,40,"both",0.217976478975032,-0.591845344274662
"1594",16,1,0.0205631862089134,10.7553882598881,7.80741164707917,31,100,0.217976478975032,-0.591845344274662,16,0,18.30383,50,0.4,0.6,40,"both",0.217976478975032,-0.591845344274662
"1595",16,1,0.0205631862089134,10.7553882598881,7.80741164707917,31,100,0.217976478975032,-0.591845344274662,16,0,16.31674,50,0.4,0.6,40,"both",0.217976478975032,-0.591845344274662
"1596",16,1,0.0205631862089134,10.7553882598881,7.80741164707917,31,100,0.217976478975032,-0.591845344274662,16,1,18.30316,50,0.4,0.6,40,"both",0.217976478975032,-0.591845344274662
"1597",16,1,0.0205631862089134,10.7553882598881,7.80741164707917,31,100,0.217976478975032,-0.591845344274662,16,0,2.82964,50,0.4,0.6,40,"both",0.217976478975032,-0.591845344274662
"1598",16,1,0.0205631862089134,10.7553882598881,7.80741164707917,31,100,0.217976478975032,-0.591845344274662,16,1,5.05446,50,0.4,0.6,40,"both",0.217976478975032,-0.591845344274662
"1599",16,1,0.0205631862089134,10.7553882598881,7.80741164707917,31,100,0.217976478975032,-0.591845344274662,16,1,4.88943,50,0.4,0.6,40,"both",0.217976478975032,-0.591845344274662
"1600",16,1,0.0205631862089134,10.7553882598881,7.80741164707917,31,100,0.217976478975032,-0.591845344274662,16,0,2.0118,50,0.4,0.6,40,"both",0.217976478975032,-0.591845344274662
"1601",17,1,0.014832757263842,-13.170513917515,18.7387724441345,33,100,0.217976478975032,-0.591845344274662,17,0,-8.996736754,50,0.4,0.6,40,"both",0.217976478975032,-0.591845344274662
"1602",17,1,0.014832757263842,-13.170513917515,18.7387724441345,33,100,0.217976478975032,-0.591845344274662,17,0,5.7266720289,50,0.4,0.6,40,"both",0.217976478975032,-0.591845344274662
"1603",17,1,0.014832757263842,-13.170513917515,18.7387724441345,33,100,0.217976478975032,-0.591845344274662,17,1,13.33338578077,50,0.4,0.6,40,"both",0.217976478975032,-0.591845344274662
"1604",17,1,0.014832757263842,-13.170513917515,18.7387724441345,33,100,0.217976478975032,-0.591845344274662,17,1,7.9875769757,50,0.4,0.6,40,"both",0.217976478975032,-0.591845344274662
"1605",17,1,0.014832757263842,-13.170513917515,18.7387724441345,33,100,0.217976478975032,-0.591845344274662,17,1,15.74221,50,0.4,0.6,40,"both",0.217976478975032,-0.591845344274662
"1606",17,1,0.014832757263842,-13.170513917515,18.7387724441345,33,100,0.217976478975032,-0.591845344274662,17,1,8.37004,50,0.4,0.6,40,"both",0.217976478975032,-0.591845344274662
"1607",17,1,0.014832757263842,-13.170513917515,18.7387724441345,33,100,0.217976478975032,-0.591845344274662,17,0,-26.59064,50,0.4,0.6,40,"both",0.217976478975032,-0.591845344274662
"1608",17,1,0.014832757263842,-13.170513917515,18.7387724441345,33,100,0.217976478975032,-0.591845344274662,17,1,21.279892,50,0.4,0.6,40,"both",0.217976478975032,-0.591845344274662
"1609",17,1,0.014832757263842,-13.170513917515,18.7387724441345,33,100,0.217976478975032,-0.591845344274662,17,1,3.46799,50,0.4,0.6,40,"both",0.217976478975032,-0.591845344274662
"1610",17,1,0.014832757263842,-13.170513917515,18.7387724441345,33,100,0.217976478975032,-0.591845344274662,17,0,1.05096,50,0.4,0.6,40,"both",0.217976478975032,-0.591845344274662
"1611",17,1,0.014832757263842,-13.170513917515,18.7387724441345,33,100,0.217976478975032,-0.591845344274662,17,1,-2.26495,50,0.4,0.6,40,"both",0.217976478975032,-0.591845344274662
"1612",17,1,0.014832757263842,-13.170513917515,18.7387724441345,33,100,0.217976478975032,-0.591845344274662,17,1,-1.69666377594,50,0.4,0.6,40,"both",0.217976478975032,-0.591845344274662
"1613",17,1,0.014832757263842,-13.170513917515,18.7387724441345,33,100,0.217976478975032,-0.591845344274662,17,1,4.38423,50,0.4,0.6,40,"both",0.217976478975032,-0.591845344274662
"1614",17,1,0.014832757263842,-13.170513917515,18.7387724441345,33,100,0.217976478975032,-0.591845344274662,17,1,2.03933,50,0.4,0.6,40,"both",0.217976478975032,-0.591845344274662
"1615",17,1,0.014832757263842,-13.170513917515,18.7387724441345,33,100,0.217976478975032,-0.591845344274662,17,0,-20.20867,50,0.4,0.6,40,"both",0.217976478975032,-0.591845344274662
"1616",17,1,0.014832757263842,-13.170513917515,18.7387724441345,33,100,0.217976478975032,-0.591845344274662,17,1,-7.11086,50,0.4,0.6,40,"both",0.217976478975032,-0.591845344274662
"1617",17,1,0.014832757263842,-13.170513917515,18.7387724441345,33,100,0.217976478975032,-0.591845344274662,17,1,-2.748985,50,0.4,0.6,40,"both",0.217976478975032,-0.591845344274662
"1618",17,1,0.014832757263842,-13.170513917515,18.7387724441345,33,100,0.217976478975032,-0.591845344274662,17,0,-15.41025,50,0.4,0.6,40,"both",0.217976478975032,-0.591845344274662
"1619",17,1,0.014832757263842,-13.170513917515,18.7387724441345,33,100,0.217976478975032,-0.591845344274662,17,0,-10.0939,50,0.4,0.6,40,"both",0.217976478975032,-0.591845344274662
"1620",17,1,0.014832757263842,-13.170513917515,18.7387724441345,33,100,0.217976478975032,-0.591845344274662,17,1,17.41136,50,0.4,0.6,40,"both",0.217976478975032,-0.591845344274662
"1621",17,1,0.014832757263842,-13.170513917515,18.7387724441345,33,100,0.217976478975032,-0.591845344274662,17,1,-6.16718,50,0.4,0.6,40,"both",0.217976478975032,-0.591845344274662
"1622",17,1,0.014832757263842,-13.170513917515,18.7387724441345,33,100,0.217976478975032,-0.591845344274662,17,0,-18.40057,50,0.4,0.6,40,"both",0.217976478975032,-0.591845344274662
"1623",17,1,0.014832757263842,-13.170513917515,18.7387724441345,33,100,0.217976478975032,-0.591845344274662,17,1,-5.16439,50,0.4,0.6,40,"both",0.217976478975032,-0.591845344274662
"1624",17,1,0.014832757263842,-13.170513917515,18.7387724441345,33,100,0.217976478975032,-0.591845344274662,17,0,-8.41398,50,0.4,0.6,40,"both",0.217976478975032,-0.591845344274662
"1625",17,1,0.014832757263842,-13.170513917515,18.7387724441345,33,100,0.217976478975032,-0.591845344274662,17,1,-18.25851,50,0.4,0.6,40,"both",0.217976478975032,-0.591845344274662
"1626",17,1,0.014832757263842,-13.170513917515,18.7387724441345,33,100,0.217976478975032,-0.591845344274662,17,0,-0.70536,50,0.4,0.6,40,"both",0.217976478975032,-0.591845344274662
"1627",17,1,0.014832757263842,-13.170513917515,18.7387724441345,33,100,0.217976478975032,-0.591845344274662,17,0,-6.185825,50,0.4,0.6,40,"both",0.217976478975032,-0.591845344274662
"1628",17,1,0.014832757263842,-13.170513917515,18.7387724441345,33,100,0.217976478975032,-0.591845344274662,17,1,3.6282,50,0.4,0.6,40,"both",0.217976478975032,-0.591845344274662
"1629",17,1,0.014832757263842,-13.170513917515,18.7387724441345,33,100,0.217976478975032,-0.591845344274662,17,1,18.83988,50,0.4,0.6,40,"both",0.217976478975032,-0.591845344274662
"1630",17,1,0.014832757263842,-13.170513917515,18.7387724441345,33,100,0.217976478975032,-0.591845344274662,17,0,-27.75131,50,0.4,0.6,40,"both",0.217976478975032,-0.591845344274662
"1631",17,1,0.014832757263842,-13.170513917515,18.7387724441345,33,100,0.217976478975032,-0.591845344274662,17,1,6.81253,50,0.4,0.6,40,"both",0.217976478975032,-0.591845344274662
"1632",17,1,0.014832757263842,-13.170513917515,18.7387724441345,33,100,0.217976478975032,-0.591845344274662,17,1,-11.68988,50,0.4,0.6,40,"both",0.217976478975032,-0.591845344274662
"1633",17,1,0.014832757263842,-13.170513917515,18.7387724441345,33,100,0.217976478975032,-0.591845344274662,17,1,39.71429,50,0.4,0.6,40,"both",0.217976478975032,-0.591845344274662
"1634",17,1,0.014832757263842,-13.170513917515,18.7387724441345,33,100,0.217976478975032,-0.591845344274662,17,1,-15.88359,50,0.4,0.6,40,"both",0.217976478975032,-0.591845344274662
"1635",17,1,0.014832757263842,-13.170513917515,18.7387724441345,33,100,0.217976478975032,-0.591845344274662,17,1,7.9512,50,0.4,0.6,40,"both",0.217976478975032,-0.591845344274662
"1636",17,1,0.014832757263842,-13.170513917515,18.7387724441345,33,100,0.217976478975032,-0.591845344274662,17,0,-29.9348,50,0.4,0.6,40,"both",0.217976478975032,-0.591845344274662
"1637",17,1,0.014832757263842,-13.170513917515,18.7387724441345,33,100,0.217976478975032,-0.591845344274662,17,1,-2.96502,50,0.4,0.6,40,"both",0.217976478975032,-0.591845344274662
"1638",17,1,0.014832757263842,-13.170513917515,18.7387724441345,33,100,0.217976478975032,-0.591845344274662,17,1,-3.66068,50,0.4,0.6,40,"both",0.217976478975032,-0.591845344274662
"1639",17,1,0.014832757263842,-13.170513917515,18.7387724441345,33,100,0.217976478975032,-0.591845344274662,17,1,24.2075,50,0.4,0.6,40,"both",0.217976478975032,-0.591845344274662
"1640",17,1,0.014832757263842,-13.170513917515,18.7387724441345,33,100,0.217976478975032,-0.591845344274662,17,0,-23.9975,50,0.4,0.6,40,"both",0.217976478975032,-0.591845344274662
"1641",17,1,0.014832757263842,-13.170513917515,18.7387724441345,33,100,0.217976478975032,-0.591845344274662,17,0,-8.49056,50,0.4,0.6,40,"both",0.217976478975032,-0.591845344274662
"1642",17,1,0.014832757263842,-13.170513917515,18.7387724441345,33,100,0.217976478975032,-0.591845344274662,17,0,5.023,50,0.4,0.6,40,"both",0.217976478975032,-0.591845344274662
"1643",17,1,0.014832757263842,-13.170513917515,18.7387724441345,33,100,0.217976478975032,-0.591845344274662,17,1,-4.9149,50,0.4,0.6,40,"both",0.217976478975032,-0.591845344274662
"1644",17,1,0.014832757263842,-13.170513917515,18.7387724441345,33,100,0.217976478975032,-0.591845344274662,17,1,-6.24046,50,0.4,0.6,40,"both",0.217976478975032,-0.591845344274662
"1645",17,1,0.014832757263842,-13.170513917515,18.7387724441345,33,100,0.217976478975032,-0.591845344274662,17,0,-33.02761,50,0.4,0.6,40,"both",0.217976478975032,-0.591845344274662
"1646",17,1,0.014832757263842,-13.170513917515,18.7387724441345,33,100,0.217976478975032,-0.591845344274662,17,0,-16.02878,50,0.4,0.6,40,"both",0.217976478975032,-0.591845344274662
"1647",17,1,0.014832757263842,-13.170513917515,18.7387724441345,33,100,0.217976478975032,-0.591845344274662,17,0,-18.67595,50,0.4,0.6,40,"both",0.217976478975032,-0.591845344274662
"1648",17,1,0.014832757263842,-13.170513917515,18.7387724441345,33,100,0.217976478975032,-0.591845344274662,17,0,-4.20205,50,0.4,0.6,40,"both",0.217976478975032,-0.591845344274662
"1649",17,1,0.014832757263842,-13.170513917515,18.7387724441345,33,100,0.217976478975032,-0.591845344274662,17,1,-3.26229,50,0.4,0.6,40,"both",0.217976478975032,-0.591845344274662
"1650",17,1,0.014832757263842,-13.170513917515,18.7387724441345,33,100,0.217976478975032,-0.591845344274662,17,1,2.415,50,0.4,0.6,40,"both",0.217976478975032,-0.591845344274662
"1651",17,1,0.014832757263842,-13.170513917515,18.7387724441345,33,100,0.217976478975032,-0.591845344274662,17,0,-17.71626,50,0.4,0.6,40,"both",0.217976478975032,-0.591845344274662
"1652",17,1,0.014832757263842,-13.170513917515,18.7387724441345,33,100,0.217976478975032,-0.591845344274662,17,1,0.84034,50,0.4,0.6,40,"both",0.217976478975032,-0.591845344274662
"1653",17,1,0.014832757263842,-13.170513917515,18.7387724441345,33,100,0.217976478975032,-0.591845344274662,17,0,-41.1327,50,0.4,0.6,40,"both",0.217976478975032,-0.591845344274662
"1654",17,1,0.014832757263842,-13.170513917515,18.7387724441345,33,100,0.217976478975032,-0.591845344274662,17,0,-21.76604,50,0.4,0.6,40,"both",0.217976478975032,-0.591845344274662
"1655",17,1,0.014832757263842,-13.170513917515,18.7387724441345,33,100,0.217976478975032,-0.591845344274662,17,1,3.26626,50,0.4,0.6,40,"both",0.217976478975032,-0.591845344274662
"1656",17,1,0.014832757263842,-13.170513917515,18.7387724441345,33,100,0.217976478975032,-0.591845344274662,17,0,-17.87729,50,0.4,0.6,40,"both",0.217976478975032,-0.591845344274662
"1657",17,1,0.014832757263842,-13.170513917515,18.7387724441345,33,100,0.217976478975032,-0.591845344274662,17,0,-14.18253,50,0.4,0.6,40,"both",0.217976478975032,-0.591845344274662
"1658",17,1,0.014832757263842,-13.170513917515,18.7387724441345,33,100,0.217976478975032,-0.591845344274662,17,1,-0.922999999999999,50,0.4,0.6,40,"both",0.217976478975032,-0.591845344274662
"1659",17,1,0.014832757263842,-13.170513917515,18.7387724441345,33,100,0.217976478975032,-0.591845344274662,17,0,-0.29202,50,0.4,0.6,40,"both",0.217976478975032,-0.591845344274662
"1660",17,1,0.014832757263842,-13.170513917515,18.7387724441345,33,100,0.217976478975032,-0.591845344274662,17,1,2.53966,50,0.4,0.6,40,"both",0.217976478975032,-0.591845344274662
"1661",17,1,0.014832757263842,-13.170513917515,18.7387724441345,33,100,0.217976478975032,-0.591845344274662,17,1,6.69826,50,0.4,0.6,40,"both",0.217976478975032,-0.591845344274662
"1662",17,1,0.014832757263842,-13.170513917515,18.7387724441345,33,100,0.217976478975032,-0.591845344274662,17,1,-10.29095,50,0.4,0.6,40,"both",0.217976478975032,-0.591845344274662
"1663",17,1,0.014832757263842,-13.170513917515,18.7387724441345,33,100,0.217976478975032,-0.591845344274662,17,1,-18.70446,50,0.4,0.6,40,"both",0.217976478975032,-0.591845344274662
"1664",17,1,0.014832757263842,-13.170513917515,18.7387724441345,33,100,0.217976478975032,-0.591845344274662,17,0,-23.03941,50,0.4,0.6,40,"both",0.217976478975032,-0.591845344274662
"1665",17,1,0.014832757263842,-13.170513917515,18.7387724441345,33,100,0.217976478975032,-0.591845344274662,17,0,-23.12462,50,0.4,0.6,40,"both",0.217976478975032,-0.591845344274662
"1666",17,1,0.014832757263842,-13.170513917515,18.7387724441345,33,100,0.217976478975032,-0.591845344274662,17,1,3.6247,50,0.4,0.6,40,"both",0.217976478975032,-0.591845344274662
"1667",17,1,0.014832757263842,-13.170513917515,18.7387724441345,33,100,0.217976478975032,-0.591845344274662,17,1,5.31871,50,0.4,0.6,40,"both",0.217976478975032,-0.591845344274662
"1668",17,1,0.014832757263842,-13.170513917515,18.7387724441345,33,100,0.217976478975032,-0.591845344274662,17,1,3.447,50,0.4,0.6,40,"both",0.217976478975032,-0.591845344274662
"1669",17,1,0.014832757263842,-13.170513917515,18.7387724441345,33,100,0.217976478975032,-0.591845344274662,17,0,2.034,50,0.4,0.6,40,"both",0.217976478975032,-0.591845344274662
"1670",17,1,0.014832757263842,-13.170513917515,18.7387724441345,33,100,0.217976478975032,-0.591845344274662,17,1,-21.18299,50,0.4,0.6,40,"both",0.217976478975032,-0.591845344274662
"1671",17,1,0.014832757263842,-13.170513917515,18.7387724441345,33,100,0.217976478975032,-0.591845344274662,17,1,-24.0664,50,0.4,0.6,40,"both",0.217976478975032,-0.591845344274662
"1672",17,1,0.014832757263842,-13.170513917515,18.7387724441345,33,100,0.217976478975032,-0.591845344274662,17,1,-29.3824,50,0.4,0.6,40,"both",0.217976478975032,-0.591845344274662
"1673",17,1,0.014832757263842,-13.170513917515,18.7387724441345,33,100,0.217976478975032,-0.591845344274662,17,1,4.8727,50,0.4,0.6,40,"both",0.217976478975032,-0.591845344274662
"1674",17,1,0.014832757263842,-13.170513917515,18.7387724441345,33,100,0.217976478975032,-0.591845344274662,17,0,-44.6121,50,0.4,0.6,40,"both",0.217976478975032,-0.591845344274662
"1675",17,1,0.014832757263842,-13.170513917515,18.7387724441345,33,100,0.217976478975032,-0.591845344274662,17,0,-8.0081,50,0.4,0.6,40,"both",0.217976478975032,-0.591845344274662
"1676",17,1,0.014832757263842,-13.170513917515,18.7387724441345,33,100,0.217976478975032,-0.591845344274662,17,0,-23.741,50,0.4,0.6,40,"both",0.217976478975032,-0.591845344274662
"1677",17,1,0.014832757263842,-13.170513917515,18.7387724441345,33,100,0.217976478975032,-0.591845344274662,17,0,8.754,50,0.4,0.6,40,"both",0.217976478975032,-0.591845344274662
"1678",17,1,0.014832757263842,-13.170513917515,18.7387724441345,33,100,0.217976478975032,-0.591845344274662,17,1,4.4027,50,0.4,0.6,40,"both",0.217976478975032,-0.591845344274662
"1679",17,1,0.014832757263842,-13.170513917515,18.7387724441345,33,100,0.217976478975032,-0.591845344274662,17,1,-3.97898,50,0.4,0.6,40,"both",0.217976478975032,-0.591845344274662
"1680",17,1,0.014832757263842,-13.170513917515,18.7387724441345,33,100,0.217976478975032,-0.591845344274662,17,0,-32.2335,50,0.4,0.6,40,"both",0.217976478975032,-0.591845344274662
"1681",17,1,0.014832757263842,-13.170513917515,18.7387724441345,33,100,0.217976478975032,-0.591845344274662,17,1,6.95656,50,0.4,0.6,40,"both",0.217976478975032,-0.591845344274662
"1682",17,1,0.014832757263842,-13.170513917515,18.7387724441345,33,100,0.217976478975032,-0.591845344274662,17,0,0.6318,50,0.4,0.6,40,"both",0.217976478975032,-0.591845344274662
"1683",17,1,0.014832757263842,-13.170513917515,18.7387724441345,33,100,0.217976478975032,-0.591845344274662,17,1,-19.41882,50,0.4,0.6,40,"both",0.217976478975032,-0.591845344274662
"1684",17,1,0.014832757263842,-13.170513917515,18.7387724441345,33,100,0.217976478975032,-0.591845344274662,17,1,4.2587,50,0.4,0.6,40,"both",0.217976478975032,-0.591845344274662
"1685",17,1,0.014832757263842,-13.170513917515,18.7387724441345,33,100,0.217976478975032,-0.591845344274662,17,1,1.916,50,0.4,0.6,40,"both",0.217976478975032,-0.591845344274662
"1686",17,1,0.014832757263842,-13.170513917515,18.7387724441345,33,100,0.217976478975032,-0.591845344274662,17,1,3.7,50,0.4,0.6,40,"both",0.217976478975032,-0.591845344274662
"1687",17,1,0.014832757263842,-13.170513917515,18.7387724441345,33,100,0.217976478975032,-0.591845344274662,17,1,-0.28082,50,0.4,0.6,40,"both",0.217976478975032,-0.591845344274662
"1688",17,1,0.014832757263842,-13.170513917515,18.7387724441345,33,100,0.217976478975032,-0.591845344274662,17,0,-32.3131,50,0.4,0.6,40,"both",0.217976478975032,-0.591845344274662
"1689",17,1,0.014832757263842,-13.170513917515,18.7387724441345,33,100,0.217976478975032,-0.591845344274662,17,1,3.2402,50,0.4,0.6,40,"both",0.217976478975032,-0.591845344274662
"1690",17,1,0.014832757263842,-13.170513917515,18.7387724441345,33,100,0.217976478975032,-0.591845344274662,17,1,-23.9026,50,0.4,0.6,40,"both",0.217976478975032,-0.591845344274662
"1691",17,1,0.014832757263842,-13.170513917515,18.7387724441345,33,100,0.217976478975032,-0.591845344274662,17,0,-41.4541,50,0.4,0.6,40,"both",0.217976478975032,-0.591845344274662
"1692",17,1,0.014832757263842,-13.170513917515,18.7387724441345,33,100,0.217976478975032,-0.591845344274662,17,0,-25.9073,50,0.4,0.6,40,"both",0.217976478975032,-0.591845344274662
"1693",17,1,0.014832757263842,-13.170513917515,18.7387724441345,33,100,0.217976478975032,-0.591845344274662,17,1,-20.52336,50,0.4,0.6,40,"both",0.217976478975032,-0.591845344274662
"1694",17,1,0.014832757263842,-13.170513917515,18.7387724441345,33,100,0.217976478975032,-0.591845344274662,17,0,-25.64626,50,0.4,0.6,40,"both",0.217976478975032,-0.591845344274662
"1695",17,1,0.014832757263842,-13.170513917515,18.7387724441345,33,100,0.217976478975032,-0.591845344274662,17,1,-2.073,50,0.4,0.6,40,"both",0.217976478975032,-0.591845344274662
"1696",17,1,0.014832757263842,-13.170513917515,18.7387724441345,33,100,0.217976478975032,-0.591845344274662,17,1,-3.2429,50,0.4,0.6,40,"both",0.217976478975032,-0.591845344274662
"1697",17,1,0.014832757263842,-13.170513917515,18.7387724441345,33,100,0.217976478975032,-0.591845344274662,17,0,-27.73493,50,0.4,0.6,40,"both",0.217976478975032,-0.591845344274662
"1698",17,1,0.014832757263842,-13.170513917515,18.7387724441345,33,100,0.217976478975032,-0.591845344274662,17,1,-5.10076,50,0.4,0.6,40,"both",0.217976478975032,-0.591845344274662
"1699",17,1,0.014832757263842,-13.170513917515,18.7387724441345,33,100,0.217976478975032,-0.591845344274662,17,0,-26.4996,50,0.4,0.6,40,"both",0.217976478975032,-0.591845344274662
"1700",17,1,0.014832757263842,-13.170513917515,18.7387724441345,33,100,0.217976478975032,-0.591845344274662,17,1,3.8016,50,0.4,0.6,40,"both",0.217976478975032,-0.591845344274662
"1701",18,1,0.00257108149057919,16.3468830215189,12.053597881423,35,100,0.217976478975032,-0.591845344274662,18,1,11.6011948623,50,0.4,0.6,40,"both",0.217976478975032,-0.591845344274662
"1702",18,1,0.00257108149057919,16.3468830215189,12.053597881423,35,100,0.217976478975032,-0.591845344274662,18,0,-4.888458201,50,0.4,0.6,40,"both",0.217976478975032,-0.591845344274662
"1703",18,1,0.00257108149057919,16.3468830215189,12.053597881423,35,100,0.217976478975032,-0.591845344274662,18,0,1.4613611789,50,0.4,0.6,40,"both",0.217976478975032,-0.591845344274662
"1704",18,1,0.00257108149057919,16.3468830215189,12.053597881423,35,100,0.217976478975032,-0.591845344274662,18,0,5.0801539701,50,0.4,0.6,40,"both",0.217976478975032,-0.591845344274662
"1705",18,1,0.00257108149057919,16.3468830215189,12.053597881423,35,100,0.217976478975032,-0.591845344274662,18,1,5.22746,50,0.4,0.6,40,"both",0.217976478975032,-0.591845344274662
"1706",18,1,0.00257108149057919,16.3468830215189,12.053597881423,35,100,0.217976478975032,-0.591845344274662,18,0,5.4739719041,50,0.4,0.6,40,"both",0.217976478975032,-0.591845344274662
"1707",18,1,0.00257108149057919,16.3468830215189,12.053597881423,35,100,0.217976478975032,-0.591845344274662,18,1,44.31836,50,0.4,0.6,40,"both",0.217976478975032,-0.591845344274662
"1708",18,1,0.00257108149057919,16.3468830215189,12.053597881423,35,100,0.217976478975032,-0.591845344274662,18,0,14.23075,50,0.4,0.6,40,"both",0.217976478975032,-0.591845344274662
"1709",18,1,0.00257108149057919,16.3468830215189,12.053597881423,35,100,0.217976478975032,-0.591845344274662,18,0,13.192643579,50,0.4,0.6,40,"both",0.217976478975032,-0.591845344274662
"1710",18,1,0.00257108149057919,16.3468830215189,12.053597881423,35,100,0.217976478975032,-0.591845344274662,18,0,16.0341886464,50,0.4,0.6,40,"both",0.217976478975032,-0.591845344274662
"1711",18,1,0.00257108149057919,16.3468830215189,12.053597881423,35,100,0.217976478975032,-0.591845344274662,18,1,43.266,50,0.4,0.6,40,"both",0.217976478975032,-0.591845344274662
"1712",18,1,0.00257108149057919,16.3468830215189,12.053597881423,35,100,0.217976478975032,-0.591845344274662,18,0,-23.1723,50,0.4,0.6,40,"both",0.217976478975032,-0.591845344274662
"1713",18,1,0.00257108149057919,16.3468830215189,12.053597881423,35,100,0.217976478975032,-0.591845344274662,18,1,47.4566,50,0.4,0.6,40,"both",0.217976478975032,-0.591845344274662
"1714",18,1,0.00257108149057919,16.3468830215189,12.053597881423,35,100,0.217976478975032,-0.591845344274662,18,0,3.75399,50,0.4,0.6,40,"both",0.217976478975032,-0.591845344274662
"1715",18,1,0.00257108149057919,16.3468830215189,12.053597881423,35,100,0.217976478975032,-0.591845344274662,18,1,39.66808,50,0.4,0.6,40,"both",0.217976478975032,-0.591845344274662
"1716",18,1,0.00257108149057919,16.3468830215189,12.053597881423,35,100,0.217976478975032,-0.591845344274662,18,1,9.26225,50,0.4,0.6,40,"both",0.217976478975032,-0.591845344274662
"1717",18,1,0.00257108149057919,16.3468830215189,12.053597881423,35,100,0.217976478975032,-0.591845344274662,18,1,39.77227,50,0.4,0.6,40,"both",0.217976478975032,-0.591845344274662
"1718",18,1,0.00257108149057919,16.3468830215189,12.053597881423,35,100,0.217976478975032,-0.591845344274662,18,1,42.6321,50,0.4,0.6,40,"both",0.217976478975032,-0.591845344274662
"1719",18,1,0.00257108149057919,16.3468830215189,12.053597881423,35,100,0.217976478975032,-0.591845344274662,18,1,25.1346,50,0.4,0.6,40,"both",0.217976478975032,-0.591845344274662
"1720",18,1,0.00257108149057919,16.3468830215189,12.053597881423,35,100,0.217976478975032,-0.591845344274662,18,1,13.22981,50,0.4,0.6,40,"both",0.217976478975032,-0.591845344274662
"1721",18,1,0.00257108149057919,16.3468830215189,12.053597881423,35,100,0.217976478975032,-0.591845344274662,18,1,27.294,50,0.4,0.6,40,"both",0.217976478975032,-0.591845344274662
"1722",18,1,0.00257108149057919,16.3468830215189,12.053597881423,35,100,0.217976478975032,-0.591845344274662,18,1,26.08573,50,0.4,0.6,40,"both",0.217976478975032,-0.591845344274662
"1723",18,1,0.00257108149057919,16.3468830215189,12.053597881423,35,100,0.217976478975032,-0.591845344274662,18,0,7.33261,50,0.4,0.6,40,"both",0.217976478975032,-0.591845344274662
"1724",18,1,0.00257108149057919,16.3468830215189,12.053597881423,35,100,0.217976478975032,-0.591845344274662,18,0,9.92165,50,0.4,0.6,40,"both",0.217976478975032,-0.591845344274662
"1725",18,1,0.00257108149057919,16.3468830215189,12.053597881423,35,100,0.217976478975032,-0.591845344274662,18,0,26.4413,50,0.4,0.6,40,"both",0.217976478975032,-0.591845344274662
"1726",18,1,0.00257108149057919,16.3468830215189,12.053597881423,35,100,0.217976478975032,-0.591845344274662,18,1,5.03974,50,0.4,0.6,40,"both",0.217976478975032,-0.591845344274662
"1727",18,1,0.00257108149057919,16.3468830215189,12.053597881423,35,100,0.217976478975032,-0.591845344274662,18,1,45.2858,50,0.4,0.6,40,"both",0.217976478975032,-0.591845344274662
"1728",18,1,0.00257108149057919,16.3468830215189,12.053597881423,35,100,0.217976478975032,-0.591845344274662,18,1,23.71671,50,0.4,0.6,40,"both",0.217976478975032,-0.591845344274662
"1729",18,1,0.00257108149057919,16.3468830215189,12.053597881423,35,100,0.217976478975032,-0.591845344274662,18,1,16.76182,50,0.4,0.6,40,"both",0.217976478975032,-0.591845344274662
"1730",18,1,0.00257108149057919,16.3468830215189,12.053597881423,35,100,0.217976478975032,-0.591845344274662,18,1,22.75868,50,0.4,0.6,40,"both",0.217976478975032,-0.591845344274662
"1731",18,1,0.00257108149057919,16.3468830215189,12.053597881423,35,100,0.217976478975032,-0.591845344274662,18,0,8.5593,50,0.4,0.6,40,"both",0.217976478975032,-0.591845344274662
"1732",18,1,0.00257108149057919,16.3468830215189,12.053597881423,35,100,0.217976478975032,-0.591845344274662,18,0,-5.71077,50,0.4,0.6,40,"both",0.217976478975032,-0.591845344274662
"1733",18,1,0.00257108149057919,16.3468830215189,12.053597881423,35,100,0.217976478975032,-0.591845344274662,18,1,26.4355,50,0.4,0.6,40,"both",0.217976478975032,-0.591845344274662
"1734",18,1,0.00257108149057919,16.3468830215189,12.053597881423,35,100,0.217976478975032,-0.591845344274662,18,1,29.8722,50,0.4,0.6,40,"both",0.217976478975032,-0.591845344274662
"1735",18,1,0.00257108149057919,16.3468830215189,12.053597881423,35,100,0.217976478975032,-0.591845344274662,18,0,13.98393,50,0.4,0.6,40,"both",0.217976478975032,-0.591845344274662
"1736",18,1,0.00257108149057919,16.3468830215189,12.053597881423,35,100,0.217976478975032,-0.591845344274662,18,1,29.5845,50,0.4,0.6,40,"both",0.217976478975032,-0.591845344274662
"1737",18,1,0.00257108149057919,16.3468830215189,12.053597881423,35,100,0.217976478975032,-0.591845344274662,18,0,3.05882,50,0.4,0.6,40,"both",0.217976478975032,-0.591845344274662
"1738",18,1,0.00257108149057919,16.3468830215189,12.053597881423,35,100,0.217976478975032,-0.591845344274662,18,1,0.0961999999999996,50,0.4,0.6,40,"both",0.217976478975032,-0.591845344274662
"1739",18,1,0.00257108149057919,16.3468830215189,12.053597881423,35,100,0.217976478975032,-0.591845344274662,18,1,23.55507,50,0.4,0.6,40,"both",0.217976478975032,-0.591845344274662
"1740",18,1,0.00257108149057919,16.3468830215189,12.053597881423,35,100,0.217976478975032,-0.591845344274662,18,0,22.62842,50,0.4,0.6,40,"both",0.217976478975032,-0.591845344274662
"1741",18,1,0.00257108149057919,16.3468830215189,12.053597881423,35,100,0.217976478975032,-0.591845344274662,18,0,-16.3154,50,0.4,0.6,40,"both",0.217976478975032,-0.591845344274662
"1742",18,1,0.00257108149057919,16.3468830215189,12.053597881423,35,100,0.217976478975032,-0.591845344274662,18,1,25.98664,50,0.4,0.6,40,"both",0.217976478975032,-0.591845344274662
"1743",18,1,0.00257108149057919,16.3468830215189,12.053597881423,35,100,0.217976478975032,-0.591845344274662,18,1,28.2691,50,0.4,0.6,40,"both",0.217976478975032,-0.591845344274662
"1744",18,1,0.00257108149057919,16.3468830215189,12.053597881423,35,100,0.217976478975032,-0.591845344274662,18,1,23.1188,50,0.4,0.6,40,"both",0.217976478975032,-0.591845344274662
"1745",18,1,0.00257108149057919,16.3468830215189,12.053597881423,35,100,0.217976478975032,-0.591845344274662,18,0,7.36747,50,0.4,0.6,40,"both",0.217976478975032,-0.591845344274662
"1746",18,1,0.00257108149057919,16.3468830215189,12.053597881423,35,100,0.217976478975032,-0.591845344274662,18,0,0.7851,50,0.4,0.6,40,"both",0.217976478975032,-0.591845344274662
"1747",18,1,0.00257108149057919,16.3468830215189,12.053597881423,35,100,0.217976478975032,-0.591845344274662,18,1,29.9365,50,0.4,0.6,40,"both",0.217976478975032,-0.591845344274662
"1748",18,1,0.00257108149057919,16.3468830215189,12.053597881423,35,100,0.217976478975032,-0.591845344274662,18,0,20.80641,50,0.4,0.6,40,"both",0.217976478975032,-0.591845344274662
"1749",18,1,0.00257108149057919,16.3468830215189,12.053597881423,35,100,0.217976478975032,-0.591845344274662,18,1,21.91726,50,0.4,0.6,40,"both",0.217976478975032,-0.591845344274662
"1750",18,1,0.00257108149057919,16.3468830215189,12.053597881423,35,100,0.217976478975032,-0.591845344274662,18,0,23.4213,50,0.4,0.6,40,"both",0.217976478975032,-0.591845344274662
"1751",18,1,0.00257108149057919,16.3468830215189,12.053597881423,35,100,0.217976478975032,-0.591845344274662,18,0,-28.56538,50,0.4,0.6,40,"both",0.217976478975032,-0.591845344274662
"1752",18,1,0.00257108149057919,16.3468830215189,12.053597881423,35,100,0.217976478975032,-0.591845344274662,18,1,5.32508,50,0.4,0.6,40,"both",0.217976478975032,-0.591845344274662
"1753",18,1,0.00257108149057919,16.3468830215189,12.053597881423,35,100,0.217976478975032,-0.591845344274662,18,1,21.36886,50,0.4,0.6,40,"both",0.217976478975032,-0.591845344274662
"1754",18,1,0.00257108149057919,16.3468830215189,12.053597881423,35,100,0.217976478975032,-0.591845344274662,18,1,37.5655,50,0.4,0.6,40,"both",0.217976478975032,-0.591845344274662
"1755",18,1,0.00257108149057919,16.3468830215189,12.053597881423,35,100,0.217976478975032,-0.591845344274662,18,0,-8.00117,50,0.4,0.6,40,"both",0.217976478975032,-0.591845344274662
"1756",18,1,0.00257108149057919,16.3468830215189,12.053597881423,35,100,0.217976478975032,-0.591845344274662,18,0,4.5065,50,0.4,0.6,40,"both",0.217976478975032,-0.591845344274662
"1757",18,1,0.00257108149057919,16.3468830215189,12.053597881423,35,100,0.217976478975032,-0.591845344274662,18,1,34.185,50,0.4,0.6,40,"both",0.217976478975032,-0.591845344274662
"1758",18,1,0.00257108149057919,16.3468830215189,12.053597881423,35,100,0.217976478975032,-0.591845344274662,18,0,-0.5017,50,0.4,0.6,40,"both",0.217976478975032,-0.591845344274662
"1759",18,1,0.00257108149057919,16.3468830215189,12.053597881423,35,100,0.217976478975032,-0.591845344274662,18,1,25.93988,50,0.4,0.6,40,"both",0.217976478975032,-0.591845344274662
"1760",18,1,0.00257108149057919,16.3468830215189,12.053597881423,35,100,0.217976478975032,-0.591845344274662,18,1,23.91,50,0.4,0.6,40,"both",0.217976478975032,-0.591845344274662
"1761",18,1,0.00257108149057919,16.3468830215189,12.053597881423,35,100,0.217976478975032,-0.591845344274662,18,0,21.91192,50,0.4,0.6,40,"both",0.217976478975032,-0.591845344274662
"1762",18,1,0.00257108149057919,16.3468830215189,12.053597881423,35,100,0.217976478975032,-0.591845344274662,18,0,-0.44637,50,0.4,0.6,40,"both",0.217976478975032,-0.591845344274662
"1763",18,1,0.00257108149057919,16.3468830215189,12.053597881423,35,100,0.217976478975032,-0.591845344274662,18,1,26.6373,50,0.4,0.6,40,"both",0.217976478975032,-0.591845344274662
"1764",18,1,0.00257108149057919,16.3468830215189,12.053597881423,35,100,0.217976478975032,-0.591845344274662,18,0,2.9269,50,0.4,0.6,40,"both",0.217976478975032,-0.591845344274662
"1765",18,1,0.00257108149057919,16.3468830215189,12.053597881423,35,100,0.217976478975032,-0.591845344274662,18,1,29.5477,50,0.4,0.6,40,"both",0.217976478975032,-0.591845344274662
"1766",18,1,0.00257108149057919,16.3468830215189,12.053597881423,35,100,0.217976478975032,-0.591845344274662,18,1,23.6789,50,0.4,0.6,40,"both",0.217976478975032,-0.591845344274662
"1767",18,1,0.00257108149057919,16.3468830215189,12.053597881423,35,100,0.217976478975032,-0.591845344274662,18,1,-1.3232,50,0.4,0.6,40,"both",0.217976478975032,-0.591845344274662
"1768",18,1,0.00257108149057919,16.3468830215189,12.053597881423,35,100,0.217976478975032,-0.591845344274662,18,1,27.77035,50,0.4,0.6,40,"both",0.217976478975032,-0.591845344274662
"1769",18,1,0.00257108149057919,16.3468830215189,12.053597881423,35,100,0.217976478975032,-0.591845344274662,18,1,7.53853,50,0.4,0.6,40,"both",0.217976478975032,-0.591845344274662
"1770",18,1,0.00257108149057919,16.3468830215189,12.053597881423,35,100,0.217976478975032,-0.591845344274662,18,0,-2.6153,50,0.4,0.6,40,"both",0.217976478975032,-0.591845344274662
"1771",18,1,0.00257108149057919,16.3468830215189,12.053597881423,35,100,0.217976478975032,-0.591845344274662,18,0,-0.114799999999999,50,0.4,0.6,40,"both",0.217976478975032,-0.591845344274662
"1772",18,1,0.00257108149057919,16.3468830215189,12.053597881423,35,100,0.217976478975032,-0.591845344274662,18,1,26.7605,50,0.4,0.6,40,"both",0.217976478975032,-0.591845344274662
"1773",18,1,0.00257108149057919,16.3468830215189,12.053597881423,35,100,0.217976478975032,-0.591845344274662,18,0,22.8016,50,0.4,0.6,40,"both",0.217976478975032,-0.591845344274662
"1774",18,1,0.00257108149057919,16.3468830215189,12.053597881423,35,100,0.217976478975032,-0.591845344274662,18,0,20.20512,50,0.4,0.6,40,"both",0.217976478975032,-0.591845344274662
"1775",18,1,0.00257108149057919,16.3468830215189,12.053597881423,35,100,0.217976478975032,-0.591845344274662,18,1,26.3588,50,0.4,0.6,40,"both",0.217976478975032,-0.591845344274662
"1776",18,1,0.00257108149057919,16.3468830215189,12.053597881423,35,100,0.217976478975032,-0.591845344274662,18,1,23.168,50,0.4,0.6,40,"both",0.217976478975032,-0.591845344274662
"1777",18,1,0.00257108149057919,16.3468830215189,12.053597881423,35,100,0.217976478975032,-0.591845344274662,18,0,0.366100000000001,50,0.4,0.6,40,"both",0.217976478975032,-0.591845344274662
"1778",18,1,0.00257108149057919,16.3468830215189,12.053597881423,35,100,0.217976478975032,-0.591845344274662,18,1,14.98174,50,0.4,0.6,40,"both",0.217976478975032,-0.591845344274662
"1779",18,1,0.00257108149057919,16.3468830215189,12.053597881423,35,100,0.217976478975032,-0.591845344274662,18,0,20.45919,50,0.4,0.6,40,"both",0.217976478975032,-0.591845344274662
"1780",18,1,0.00257108149057919,16.3468830215189,12.053597881423,35,100,0.217976478975032,-0.591845344274662,18,0,-0.625300000000001,50,0.4,0.6,40,"both",0.217976478975032,-0.591845344274662
"1781",18,1,0.00257108149057919,16.3468830215189,12.053597881423,35,100,0.217976478975032,-0.591845344274662,18,1,1.8459,50,0.4,0.6,40,"both",0.217976478975032,-0.591845344274662
"1782",18,1,0.00257108149057919,16.3468830215189,12.053597881423,35,100,0.217976478975032,-0.591845344274662,18,0,-4.92383,50,0.4,0.6,40,"both",0.217976478975032,-0.591845344274662
"1783",18,1,0.00257108149057919,16.3468830215189,12.053597881423,35,100,0.217976478975032,-0.591845344274662,18,0,28.7007,50,0.4,0.6,40,"both",0.217976478975032,-0.591845344274662
"1784",18,1,0.00257108149057919,16.3468830215189,12.053597881423,35,100,0.217976478975032,-0.591845344274662,18,0,0.1616,50,0.4,0.6,40,"both",0.217976478975032,-0.591845344274662
"1785",18,1,0.00257108149057919,16.3468830215189,12.053597881423,35,100,0.217976478975032,-0.591845344274662,18,1,25.9224,50,0.4,0.6,40,"both",0.217976478975032,-0.591845344274662
"1786",18,1,0.00257108149057919,16.3468830215189,12.053597881423,35,100,0.217976478975032,-0.591845344274662,18,1,26.3805,50,0.4,0.6,40,"both",0.217976478975032,-0.591845344274662
"1787",18,1,0.00257108149057919,16.3468830215189,12.053597881423,35,100,0.217976478975032,-0.591845344274662,18,1,26.3889,50,0.4,0.6,40,"both",0.217976478975032,-0.591845344274662
"1788",18,1,0.00257108149057919,16.3468830215189,12.053597881423,35,100,0.217976478975032,-0.591845344274662,18,1,23.63391,50,0.4,0.6,40,"both",0.217976478975032,-0.591845344274662
"1789",18,1,0.00257108149057919,16.3468830215189,12.053597881423,35,100,0.217976478975032,-0.591845344274662,18,1,2.33206,50,0.4,0.6,40,"both",0.217976478975032,-0.591845344274662
"1790",18,1,0.00257108149057919,16.3468830215189,12.053597881423,35,100,0.217976478975032,-0.591845344274662,18,0,-9.8713,50,0.4,0.6,40,"both",0.217976478975032,-0.591845344274662
"1791",18,1,0.00257108149057919,16.3468830215189,12.053597881423,35,100,0.217976478975032,-0.591845344274662,18,1,26.3562,50,0.4,0.6,40,"both",0.217976478975032,-0.591845344274662
"1792",18,1,0.00257108149057919,16.3468830215189,12.053597881423,35,100,0.217976478975032,-0.591845344274662,18,0,2.6955,50,0.4,0.6,40,"both",0.217976478975032,-0.591845344274662
"1793",18,1,0.00257108149057919,16.3468830215189,12.053597881423,35,100,0.217976478975032,-0.591845344274662,18,1,36.258,50,0.4,0.6,40,"both",0.217976478975032,-0.591845344274662
"1794",18,1,0.00257108149057919,16.3468830215189,12.053597881423,35,100,0.217976478975032,-0.591845344274662,18,1,38.8918,50,0.4,0.6,40,"both",0.217976478975032,-0.591845344274662
"1795",18,1,0.00257108149057919,16.3468830215189,12.053597881423,35,100,0.217976478975032,-0.591845344274662,18,0,-3.733,50,0.4,0.6,40,"both",0.217976478975032,-0.591845344274662
"1796",18,1,0.00257108149057919,16.3468830215189,12.053597881423,35,100,0.217976478975032,-0.591845344274662,18,0,-5.7704,50,0.4,0.6,40,"both",0.217976478975032,-0.591845344274662
"1797",18,1,0.00257108149057919,16.3468830215189,12.053597881423,35,100,0.217976478975032,-0.591845344274662,18,0,-2.5589,50,0.4,0.6,40,"both",0.217976478975032,-0.591845344274662
"1798",18,1,0.00257108149057919,16.3468830215189,12.053597881423,35,100,0.217976478975032,-0.591845344274662,18,1,3.8867,50,0.4,0.6,40,"both",0.217976478975032,-0.591845344274662
"1799",18,1,0.00257108149057919,16.3468830215189,12.053597881423,35,100,0.217976478975032,-0.591845344274662,18,0,-0.285499999999999,50,0.4,0.6,40,"both",0.217976478975032,-0.591845344274662
"1800",18,1,0.00257108149057919,16.3468830215189,12.053597881423,35,100,0.217976478975032,-0.591845344274662,18,1,30.8736,50,0.4,0.6,40,"both",0.217976478975032,-0.591845344274662
"1801",19,1,0.00697201209848013,-2.05139353700709,6.81661485814619,37,100,0.217976478975032,-0.591845344274662,19,0,-9.03445789283,50,0.4,0.6,40,"both",0.217976478975032,-0.591845344274662
"1802",19,1,0.00697201209848013,-2.05139353700709,6.81661485814619,37,100,0.217976478975032,-0.591845344274662,19,1,6.5412285313,50,0.4,0.6,40,"both",0.217976478975032,-0.591845344274662
"1803",19,1,0.00697201209848013,-2.05139353700709,6.81661485814619,37,100,0.217976478975032,-0.591845344274662,19,1,-1.70970233095,50,0.4,0.6,40,"both",0.217976478975032,-0.591845344274662
"1804",19,1,0.00697201209848013,-2.05139353700709,6.81661485814619,37,100,0.217976478975032,-0.591845344274662,19,0,-4.690018651,50,0.4,0.6,40,"both",0.217976478975032,-0.591845344274662
"1805",19,1,0.00697201209848013,-2.05139353700709,6.81661485814619,37,100,0.217976478975032,-0.591845344274662,19,1,-2.2534630565,50,0.4,0.6,40,"both",0.217976478975032,-0.591845344274662
"1806",19,1,0.00697201209848013,-2.05139353700709,6.81661485814619,37,100,0.217976478975032,-0.591845344274662,19,0,-6.75064,50,0.4,0.6,40,"both",0.217976478975032,-0.591845344274662
"1807",19,1,0.00697201209848013,-2.05139353700709,6.81661485814619,37,100,0.217976478975032,-0.591845344274662,19,1,-3.22172,50,0.4,0.6,40,"both",0.217976478975032,-0.591845344274662
"1808",19,1,0.00697201209848013,-2.05139353700709,6.81661485814619,37,100,0.217976478975032,-0.591845344274662,19,0,-8.40713,50,0.4,0.6,40,"both",0.217976478975032,-0.591845344274662
"1809",19,1,0.00697201209848013,-2.05139353700709,6.81661485814619,37,100,0.217976478975032,-0.591845344274662,19,1,-4.34648863936,50,0.4,0.6,40,"both",0.217976478975032,-0.591845344274662
"1810",19,1,0.00697201209848013,-2.05139353700709,6.81661485814619,37,100,0.217976478975032,-0.591845344274662,19,0,-10.19341,50,0.4,0.6,40,"both",0.217976478975032,-0.591845344274662
"1811",19,1,0.00697201209848013,-2.05139353700709,6.81661485814619,37,100,0.217976478975032,-0.591845344274662,19,0,-10.22874,50,0.4,0.6,40,"both",0.217976478975032,-0.591845344274662
"1812",19,1,0.00697201209848013,-2.05139353700709,6.81661485814619,37,100,0.217976478975032,-0.591845344274662,19,1,-3.67334,50,0.4,0.6,40,"both",0.217976478975032,-0.591845344274662
"1813",19,1,0.00697201209848013,-2.05139353700709,6.81661485814619,37,100,0.217976478975032,-0.591845344274662,19,1,-9.30714,50,0.4,0.6,40,"both",0.217976478975032,-0.591845344274662
"1814",19,1,0.00697201209848013,-2.05139353700709,6.81661485814619,37,100,0.217976478975032,-0.591845344274662,19,1,-5.35319,50,0.4,0.6,40,"both",0.217976478975032,-0.591845344274662
"1815",19,1,0.00697201209848013,-2.05139353700709,6.81661485814619,37,100,0.217976478975032,-0.591845344274662,19,1,-4.37554,50,0.4,0.6,40,"both",0.217976478975032,-0.591845344274662
"1816",19,1,0.00697201209848013,-2.05139353700709,6.81661485814619,37,100,0.217976478975032,-0.591845344274662,19,1,-11.18907,50,0.4,0.6,40,"both",0.217976478975032,-0.591845344274662
"1817",19,1,0.00697201209848013,-2.05139353700709,6.81661485814619,37,100,0.217976478975032,-0.591845344274662,19,1,12.00735,50,0.4,0.6,40,"both",0.217976478975032,-0.591845344274662
"1818",19,1,0.00697201209848013,-2.05139353700709,6.81661485814619,37,100,0.217976478975032,-0.591845344274662,19,0,-29.56786,50,0.4,0.6,40,"both",0.217976478975032,-0.591845344274662
"1819",19,1,0.00697201209848013,-2.05139353700709,6.81661485814619,37,100,0.217976478975032,-0.591845344274662,19,0,-15.30301,50,0.4,0.6,40,"both",0.217976478975032,-0.591845344274662
"1820",19,1,0.00697201209848013,-2.05139353700709,6.81661485814619,37,100,0.217976478975032,-0.591845344274662,19,0,-14.46781,50,0.4,0.6,40,"both",0.217976478975032,-0.591845344274662
"1821",19,1,0.00697201209848013,-2.05139353700709,6.81661485814619,37,100,0.217976478975032,-0.591845344274662,19,0,-13.92956,50,0.4,0.6,40,"both",0.217976478975032,-0.591845344274662
"1822",19,1,0.00697201209848013,-2.05139353700709,6.81661485814619,37,100,0.217976478975032,-0.591845344274662,19,0,-5.2465,50,0.4,0.6,40,"both",0.217976478975032,-0.591845344274662
"1823",19,1,0.00697201209848013,-2.05139353700709,6.81661485814619,37,100,0.217976478975032,-0.591845344274662,19,0,-18.51977,50,0.4,0.6,40,"both",0.217976478975032,-0.591845344274662
"1824",19,1,0.00697201209848013,-2.05139353700709,6.81661485814619,37,100,0.217976478975032,-0.591845344274662,19,0,-1.3263,50,0.4,0.6,40,"both",0.217976478975032,-0.591845344274662
"1825",19,1,0.00697201209848013,-2.05139353700709,6.81661485814619,37,100,0.217976478975032,-0.591845344274662,19,0,-13.71488,50,0.4,0.6,40,"both",0.217976478975032,-0.591845344274662
"1826",19,1,0.00697201209848013,-2.05139353700709,6.81661485814619,37,100,0.217976478975032,-0.591845344274662,19,1,2.69547,50,0.4,0.6,40,"both",0.217976478975032,-0.591845344274662
"1827",19,1,0.00697201209848013,-2.05139353700709,6.81661485814619,37,100,0.217976478975032,-0.591845344274662,19,0,-9.44289,50,0.4,0.6,40,"both",0.217976478975032,-0.591845344274662
"1828",19,1,0.00697201209848013,-2.05139353700709,6.81661485814619,37,100,0.217976478975032,-0.591845344274662,19,0,-2.13518,50,0.4,0.6,40,"both",0.217976478975032,-0.591845344274662
"1829",19,1,0.00697201209848013,-2.05139353700709,6.81661485814619,37,100,0.217976478975032,-0.591845344274662,19,0,0.20781,50,0.4,0.6,40,"both",0.217976478975032,-0.591845344274662
"1830",19,1,0.00697201209848013,-2.05139353700709,6.81661485814619,37,100,0.217976478975032,-0.591845344274662,19,1,-9.40952,50,0.4,0.6,40,"both",0.217976478975032,-0.591845344274662
"1831",19,1,0.00697201209848013,-2.05139353700709,6.81661485814619,37,100,0.217976478975032,-0.591845344274662,19,0,-14.51735,50,0.4,0.6,40,"both",0.217976478975032,-0.591845344274662
"1832",19,1,0.00697201209848013,-2.05139353700709,6.81661485814619,37,100,0.217976478975032,-0.591845344274662,19,0,-14.12815,50,0.4,0.6,40,"both",0.217976478975032,-0.591845344274662
"1833",19,1,0.00697201209848013,-2.05139353700709,6.81661485814619,37,100,0.217976478975032,-0.591845344274662,19,0,-49.68289,50,0.4,0.6,40,"both",0.217976478975032,-0.591845344274662
"1834",19,1,0.00697201209848013,-2.05139353700709,6.81661485814619,37,100,0.217976478975032,-0.591845344274662,19,0,-13.3722,50,0.4,0.6,40,"both",0.217976478975032,-0.591845344274662
"1835",19,1,0.00697201209848013,-2.05139353700709,6.81661485814619,37,100,0.217976478975032,-0.591845344274662,19,0,-13.14495,50,0.4,0.6,40,"both",0.217976478975032,-0.591845344274662
"1836",19,1,0.00697201209848013,-2.05139353700709,6.81661485814619,37,100,0.217976478975032,-0.591845344274662,19,0,1.67099,50,0.4,0.6,40,"both",0.217976478975032,-0.591845344274662
"1837",19,1,0.00697201209848013,-2.05139353700709,6.81661485814619,37,100,0.217976478975032,-0.591845344274662,19,1,19.63723,50,0.4,0.6,40,"both",0.217976478975032,-0.591845344274662
"1838",19,1,0.00697201209848013,-2.05139353700709,6.81661485814619,37,100,0.217976478975032,-0.591845344274662,19,1,14.05117,50,0.4,0.6,40,"both",0.217976478975032,-0.591845344274662
"1839",19,1,0.00697201209848013,-2.05139353700709,6.81661485814619,37,100,0.217976478975032,-0.591845344274662,19,1,14.1049,50,0.4,0.6,40,"both",0.217976478975032,-0.591845344274662
"1840",19,1,0.00697201209848013,-2.05139353700709,6.81661485814619,37,100,0.217976478975032,-0.591845344274662,19,1,0.37103,50,0.4,0.6,40,"both",0.217976478975032,-0.591845344274662
"1841",19,1,0.00697201209848013,-2.05139353700709,6.81661485814619,37,100,0.217976478975032,-0.591845344274662,19,1,-16.2222,50,0.4,0.6,40,"both",0.217976478975032,-0.591845344274662
"1842",19,1,0.00697201209848013,-2.05139353700709,6.81661485814619,37,100,0.217976478975032,-0.591845344274662,19,0,-10.47769,50,0.4,0.6,40,"both",0.217976478975032,-0.591845344274662
"1843",19,1,0.00697201209848013,-2.05139353700709,6.81661485814619,37,100,0.217976478975032,-0.591845344274662,19,0,-17.63761,50,0.4,0.6,40,"both",0.217976478975032,-0.591845344274662
"1844",19,1,0.00697201209848013,-2.05139353700709,6.81661485814619,37,100,0.217976478975032,-0.591845344274662,19,1,19.9760544,50,0.4,0.6,40,"both",0.217976478975032,-0.591845344274662
"1845",19,1,0.00697201209848013,-2.05139353700709,6.81661485814619,37,100,0.217976478975032,-0.591845344274662,19,1,5.33248,50,0.4,0.6,40,"both",0.217976478975032,-0.591845344274662
"1846",19,1,0.00697201209848013,-2.05139353700709,6.81661485814619,37,100,0.217976478975032,-0.591845344274662,19,1,3.40597,50,0.4,0.6,40,"both",0.217976478975032,-0.591845344274662
"1847",19,1,0.00697201209848013,-2.05139353700709,6.81661485814619,37,100,0.217976478975032,-0.591845344274662,19,1,2.52481,50,0.4,0.6,40,"both",0.217976478975032,-0.591845344274662
"1848",19,1,0.00697201209848013,-2.05139353700709,6.81661485814619,37,100,0.217976478975032,-0.591845344274662,19,1,5.04228,50,0.4,0.6,40,"both",0.217976478975032,-0.591845344274662
"1849",19,1,0.00697201209848013,-2.05139353700709,6.81661485814619,37,100,0.217976478975032,-0.591845344274662,19,1,-2.61517,50,0.4,0.6,40,"both",0.217976478975032,-0.591845344274662
"1850",19,1,0.00697201209848013,-2.05139353700709,6.81661485814619,37,100,0.217976478975032,-0.591845344274662,19,0,-14.57039,50,0.4,0.6,40,"both",0.217976478975032,-0.591845344274662
"1851",19,1,0.00697201209848013,-2.05139353700709,6.81661485814619,37,100,0.217976478975032,-0.591845344274662,19,1,5.15451,50,0.4,0.6,40,"both",0.217976478975032,-0.591845344274662
"1852",19,1,0.00697201209848013,-2.05139353700709,6.81661485814619,37,100,0.217976478975032,-0.591845344274662,19,1,0.960570000000001,50,0.4,0.6,40,"both",0.217976478975032,-0.591845344274662
"1853",19,1,0.00697201209848013,-2.05139353700709,6.81661485814619,37,100,0.217976478975032,-0.591845344274662,19,0,-15.349,50,0.4,0.6,40,"both",0.217976478975032,-0.591845344274662
"1854",19,1,0.00697201209848013,-2.05139353700709,6.81661485814619,37,100,0.217976478975032,-0.591845344274662,19,0,-10.1564,50,0.4,0.6,40,"both",0.217976478975032,-0.591845344274662
"1855",19,1,0.00697201209848013,-2.05139353700709,6.81661485814619,37,100,0.217976478975032,-0.591845344274662,19,1,-13.75155,50,0.4,0.6,40,"both",0.217976478975032,-0.591845344274662
"1856",19,1,0.00697201209848013,-2.05139353700709,6.81661485814619,37,100,0.217976478975032,-0.591845344274662,19,1,3.95052,50,0.4,0.6,40,"both",0.217976478975032,-0.591845344274662
"1857",19,1,0.00697201209848013,-2.05139353700709,6.81661485814619,37,100,0.217976478975032,-0.591845344274662,19,1,-1.40586,50,0.4,0.6,40,"both",0.217976478975032,-0.591845344274662
"1858",19,1,0.00697201209848013,-2.05139353700709,6.81661485814619,37,100,0.217976478975032,-0.591845344274662,19,0,-11.37952,50,0.4,0.6,40,"both",0.217976478975032,-0.591845344274662
"1859",19,1,0.00697201209848013,-2.05139353700709,6.81661485814619,37,100,0.217976478975032,-0.591845344274662,19,0,-23.5531,50,0.4,0.6,40,"both",0.217976478975032,-0.591845344274662
"1860",19,1,0.00697201209848013,-2.05139353700709,6.81661485814619,37,100,0.217976478975032,-0.591845344274662,19,0,-0.61608,50,0.4,0.6,40,"both",0.217976478975032,-0.591845344274662
"1861",19,1,0.00697201209848013,-2.05139353700709,6.81661485814619,37,100,0.217976478975032,-0.591845344274662,19,0,-16.33678,50,0.4,0.6,40,"both",0.217976478975032,-0.591845344274662
"1862",19,1,0.00697201209848013,-2.05139353700709,6.81661485814619,37,100,0.217976478975032,-0.591845344274662,19,1,2.460285,50,0.4,0.6,40,"both",0.217976478975032,-0.591845344274662
"1863",19,1,0.00697201209848013,-2.05139353700709,6.81661485814619,37,100,0.217976478975032,-0.591845344274662,19,0,-15.07221,50,0.4,0.6,40,"both",0.217976478975032,-0.591845344274662
"1864",19,1,0.00697201209848013,-2.05139353700709,6.81661485814619,37,100,0.217976478975032,-0.591845344274662,19,0,-21.2675,50,0.4,0.6,40,"both",0.217976478975032,-0.591845344274662
"1865",19,1,0.00697201209848013,-2.05139353700709,6.81661485814619,37,100,0.217976478975032,-0.591845344274662,19,1,-9.08185,50,0.4,0.6,40,"both",0.217976478975032,-0.591845344274662
"1866",19,1,0.00697201209848013,-2.05139353700709,6.81661485814619,37,100,0.217976478975032,-0.591845344274662,19,0,-18.62491,50,0.4,0.6,40,"both",0.217976478975032,-0.591845344274662
"1867",19,1,0.00697201209848013,-2.05139353700709,6.81661485814619,37,100,0.217976478975032,-0.591845344274662,19,0,-9.51906,50,0.4,0.6,40,"both",0.217976478975032,-0.591845344274662
"1868",19,1,0.00697201209848013,-2.05139353700709,6.81661485814619,37,100,0.217976478975032,-0.591845344274662,19,0,1.58545,50,0.4,0.6,40,"both",0.217976478975032,-0.591845344274662
"1869",19,1,0.00697201209848013,-2.05139353700709,6.81661485814619,37,100,0.217976478975032,-0.591845344274662,19,0,-13.70072,50,0.4,0.6,40,"both",0.217976478975032,-0.591845344274662
"1870",19,1,0.00697201209848013,-2.05139353700709,6.81661485814619,37,100,0.217976478975032,-0.591845344274662,19,0,-13.73407,50,0.4,0.6,40,"both",0.217976478975032,-0.591845344274662
"1871",19,1,0.00697201209848013,-2.05139353700709,6.81661485814619,37,100,0.217976478975032,-0.591845344274662,19,1,1.03793,50,0.4,0.6,40,"both",0.217976478975032,-0.591845344274662
"1872",19,1,0.00697201209848013,-2.05139353700709,6.81661485814619,37,100,0.217976478975032,-0.591845344274662,19,0,-15.96375,50,0.4,0.6,40,"both",0.217976478975032,-0.591845344274662
"1873",19,1,0.00697201209848013,-2.05139353700709,6.81661485814619,37,100,0.217976478975032,-0.591845344274662,19,1,4.15303,50,0.4,0.6,40,"both",0.217976478975032,-0.591845344274662
"1874",19,1,0.00697201209848013,-2.05139353700709,6.81661485814619,37,100,0.217976478975032,-0.591845344274662,19,0,-18.93405,50,0.4,0.6,40,"both",0.217976478975032,-0.591845344274662
"1875",19,1,0.00697201209848013,-2.05139353700709,6.81661485814619,37,100,0.217976478975032,-0.591845344274662,19,1,4.62171,50,0.4,0.6,40,"both",0.217976478975032,-0.591845344274662
"1876",19,1,0.00697201209848013,-2.05139353700709,6.81661485814619,37,100,0.217976478975032,-0.591845344274662,19,0,-13.59455,50,0.4,0.6,40,"both",0.217976478975032,-0.591845344274662
"1877",19,1,0.00697201209848013,-2.05139353700709,6.81661485814619,37,100,0.217976478975032,-0.591845344274662,19,0,-12.05794,50,0.4,0.6,40,"both",0.217976478975032,-0.591845344274662
"1878",19,1,0.00697201209848013,-2.05139353700709,6.81661485814619,37,100,0.217976478975032,-0.591845344274662,19,1,6.86932,50,0.4,0.6,40,"both",0.217976478975032,-0.591845344274662
"1879",19,1,0.00697201209848013,-2.05139353700709,6.81661485814619,37,100,0.217976478975032,-0.591845344274662,19,1,-0.73975,50,0.4,0.6,40,"both",0.217976478975032,-0.591845344274662
"1880",19,1,0.00697201209848013,-2.05139353700709,6.81661485814619,37,100,0.217976478975032,-0.591845344274662,19,1,9.91988,50,0.4,0.6,40,"both",0.217976478975032,-0.591845344274662
"1881",19,1,0.00697201209848013,-2.05139353700709,6.81661485814619,37,100,0.217976478975032,-0.591845344274662,19,0,-2.80844,50,0.4,0.6,40,"both",0.217976478975032,-0.591845344274662
"1882",19,1,0.00697201209848013,-2.05139353700709,6.81661485814619,37,100,0.217976478975032,-0.591845344274662,19,0,-12.7473,50,0.4,0.6,40,"both",0.217976478975032,-0.591845344274662
"1883",19,1,0.00697201209848013,-2.05139353700709,6.81661485814619,37,100,0.217976478975032,-0.591845344274662,19,1,8.76124,50,0.4,0.6,40,"both",0.217976478975032,-0.591845344274662
"1884",19,1,0.00697201209848013,-2.05139353700709,6.81661485814619,37,100,0.217976478975032,-0.591845344274662,19,0,-10.95745,50,0.4,0.6,40,"both",0.217976478975032,-0.591845344274662
"1885",19,1,0.00697201209848013,-2.05139353700709,6.81661485814619,37,100,0.217976478975032,-0.591845344274662,19,0,-12.20161,50,0.4,0.6,40,"both",0.217976478975032,-0.591845344274662
"1886",19,1,0.00697201209848013,-2.05139353700709,6.81661485814619,37,100,0.217976478975032,-0.591845344274662,19,0,-9.33651,50,0.4,0.6,40,"both",0.217976478975032,-0.591845344274662
"1887",19,1,0.00697201209848013,-2.05139353700709,6.81661485814619,37,100,0.217976478975032,-0.591845344274662,19,1,5.50251,50,0.4,0.6,40,"both",0.217976478975032,-0.591845344274662
"1888",19,1,0.00697201209848013,-2.05139353700709,6.81661485814619,37,100,0.217976478975032,-0.591845344274662,19,0,-1.85657,50,0.4,0.6,40,"both",0.217976478975032,-0.591845344274662
"1889",19,1,0.00697201209848013,-2.05139353700709,6.81661485814619,37,100,0.217976478975032,-0.591845344274662,19,1,4.41556,50,0.4,0.6,40,"both",0.217976478975032,-0.591845344274662
"1890",19,1,0.00697201209848013,-2.05139353700709,6.81661485814619,37,100,0.217976478975032,-0.591845344274662,19,0,3.40076,50,0.4,0.6,40,"both",0.217976478975032,-0.591845344274662
"1891",19,1,0.00697201209848013,-2.05139353700709,6.81661485814619,37,100,0.217976478975032,-0.591845344274662,19,0,-13.15118,50,0.4,0.6,40,"both",0.217976478975032,-0.591845344274662
"1892",19,1,0.00697201209848013,-2.05139353700709,6.81661485814619,37,100,0.217976478975032,-0.591845344274662,19,0,-9.45507,50,0.4,0.6,40,"both",0.217976478975032,-0.591845344274662
"1893",19,1,0.00697201209848013,-2.05139353700709,6.81661485814619,37,100,0.217976478975032,-0.591845344274662,19,0,-12.43379,50,0.4,0.6,40,"both",0.217976478975032,-0.591845344274662
"1894",19,1,0.00697201209848013,-2.05139353700709,6.81661485814619,37,100,0.217976478975032,-0.591845344274662,19,0,-11.77498,50,0.4,0.6,40,"both",0.217976478975032,-0.591845344274662
"1895",19,1,0.00697201209848013,-2.05139353700709,6.81661485814619,37,100,0.217976478975032,-0.591845344274662,19,0,-12.92798,50,0.4,0.6,40,"both",0.217976478975032,-0.591845344274662
"1896",19,1,0.00697201209848013,-2.05139353700709,6.81661485814619,37,100,0.217976478975032,-0.591845344274662,19,0,-12.78272,50,0.4,0.6,40,"both",0.217976478975032,-0.591845344274662
"1897",19,1,0.00697201209848013,-2.05139353700709,6.81661485814619,37,100,0.217976478975032,-0.591845344274662,19,0,-8.27674,50,0.4,0.6,40,"both",0.217976478975032,-0.591845344274662
"1898",19,1,0.00697201209848013,-2.05139353700709,6.81661485814619,37,100,0.217976478975032,-0.591845344274662,19,1,4.53901,50,0.4,0.6,40,"both",0.217976478975032,-0.591845344274662
"1899",19,1,0.00697201209848013,-2.05139353700709,6.81661485814619,37,100,0.217976478975032,-0.591845344274662,19,1,4.20923,50,0.4,0.6,40,"both",0.217976478975032,-0.591845344274662
"1900",19,1,0.00697201209848013,-2.05139353700709,6.81661485814619,37,100,0.217976478975032,-0.591845344274662,19,0,2.94777,50,0.4,0.6,40,"both",0.217976478975032,-0.591845344274662
"1901",20,1,0.00305489691091142,-14.5483606418054,6.43435913154755,39,100,0.217976478975032,-0.591845344274662,20,1,-8.0791460987,50,0.4,0.6,40,"both",0.217976478975032,-0.591845344274662
"1902",20,1,0.00305489691091142,-14.5483606418054,6.43435913154755,39,100,0.217976478975032,-0.591845344274662,20,1,-10.7501601752,50,0.4,0.6,40,"both",0.217976478975032,-0.591845344274662
"1903",20,1,0.00305489691091142,-14.5483606418054,6.43435913154755,39,100,0.217976478975032,-0.591845344274662,20,0,-17.9364491177,50,0.4,0.6,40,"both",0.217976478975032,-0.591845344274662
"1904",20,1,0.00305489691091142,-14.5483606418054,6.43435913154755,39,100,0.217976478975032,-0.591845344274662,20,1,-10.6396551439,50,0.4,0.6,40,"both",0.217976478975032,-0.591845344274662
"1905",20,1,0.00305489691091142,-14.5483606418054,6.43435913154755,39,100,0.217976478975032,-0.591845344274662,20,0,-13.17995,50,0.4,0.6,40,"both",0.217976478975032,-0.591845344274662
"1906",20,1,0.00305489691091142,-14.5483606418054,6.43435913154755,39,100,0.217976478975032,-0.591845344274662,20,0,-25.0805,50,0.4,0.6,40,"both",0.217976478975032,-0.591845344274662
"1907",20,1,0.00305489691091142,-14.5483606418054,6.43435913154755,39,100,0.217976478975032,-0.591845344274662,20,0,-18.88536,50,0.4,0.6,40,"both",0.217976478975032,-0.591845344274662
"1908",20,1,0.00305489691091142,-14.5483606418054,6.43435913154755,39,100,0.217976478975032,-0.591845344274662,20,1,-14.94773,50,0.4,0.6,40,"both",0.217976478975032,-0.591845344274662
"1909",20,1,0.00305489691091142,-14.5483606418054,6.43435913154755,39,100,0.217976478975032,-0.591845344274662,20,0,-26.0398,50,0.4,0.6,40,"both",0.217976478975032,-0.591845344274662
"1910",20,1,0.00305489691091142,-14.5483606418054,6.43435913154755,39,100,0.217976478975032,-0.591845344274662,20,1,-11.8553,50,0.4,0.6,40,"both",0.217976478975032,-0.591845344274662
"1911",20,1,0.00305489691091142,-14.5483606418054,6.43435913154755,39,100,0.217976478975032,-0.591845344274662,20,0,-19.86949,50,0.4,0.6,40,"both",0.217976478975032,-0.591845344274662
"1912",20,1,0.00305489691091142,-14.5483606418054,6.43435913154755,39,100,0.217976478975032,-0.591845344274662,20,1,15.2777,50,0.4,0.6,40,"both",0.217976478975032,-0.591845344274662
"1913",20,1,0.00305489691091142,-14.5483606418054,6.43435913154755,39,100,0.217976478975032,-0.591845344274662,20,0,-15.57219,50,0.4,0.6,40,"both",0.217976478975032,-0.591845344274662
"1914",20,1,0.00305489691091142,-14.5483606418054,6.43435913154755,39,100,0.217976478975032,-0.591845344274662,20,0,-15.35616,50,0.4,0.6,40,"both",0.217976478975032,-0.591845344274662
"1915",20,1,0.00305489691091142,-14.5483606418054,6.43435913154755,39,100,0.217976478975032,-0.591845344274662,20,0,-13.11595,50,0.4,0.6,40,"both",0.217976478975032,-0.591845344274662
"1916",20,1,0.00305489691091142,-14.5483606418054,6.43435913154755,39,100,0.217976478975032,-0.591845344274662,20,0,-15.52904,50,0.4,0.6,40,"both",0.217976478975032,-0.591845344274662
"1917",20,1,0.00305489691091142,-14.5483606418054,6.43435913154755,39,100,0.217976478975032,-0.591845344274662,20,0,-17.01588,50,0.4,0.6,40,"both",0.217976478975032,-0.591845344274662
"1918",20,1,0.00305489691091142,-14.5483606418054,6.43435913154755,39,100,0.217976478975032,-0.591845344274662,20,0,-22.0318,50,0.4,0.6,40,"both",0.217976478975032,-0.591845344274662
"1919",20,1,0.00305489691091142,-14.5483606418054,6.43435913154755,39,100,0.217976478975032,-0.591845344274662,20,1,-16.68553,50,0.4,0.6,40,"both",0.217976478975032,-0.591845344274662
"1920",20,1,0.00305489691091142,-14.5483606418054,6.43435913154755,39,100,0.217976478975032,-0.591845344274662,20,1,-3.66,50,0.4,0.6,40,"both",0.217976478975032,-0.591845344274662
"1921",20,1,0.00305489691091142,-14.5483606418054,6.43435913154755,39,100,0.217976478975032,-0.591845344274662,20,0,-8.28222,50,0.4,0.6,40,"both",0.217976478975032,-0.591845344274662
"1922",20,1,0.00305489691091142,-14.5483606418054,6.43435913154755,39,100,0.217976478975032,-0.591845344274662,20,1,-12.74088,50,0.4,0.6,40,"both",0.217976478975032,-0.591845344274662
"1923",20,1,0.00305489691091142,-14.5483606418054,6.43435913154755,39,100,0.217976478975032,-0.591845344274662,20,1,-10.14237,50,0.4,0.6,40,"both",0.217976478975032,-0.591845344274662
"1924",20,1,0.00305489691091142,-14.5483606418054,6.43435913154755,39,100,0.217976478975032,-0.591845344274662,20,1,-3.0986,50,0.4,0.6,40,"both",0.217976478975032,-0.591845344274662
"1925",20,1,0.00305489691091142,-14.5483606418054,6.43435913154755,39,100,0.217976478975032,-0.591845344274662,20,0,-17.21694,50,0.4,0.6,40,"both",0.217976478975032,-0.591845344274662
"1926",20,1,0.00305489691091142,-14.5483606418054,6.43435913154755,39,100,0.217976478975032,-0.591845344274662,20,1,-20.04913,50,0.4,0.6,40,"both",0.217976478975032,-0.591845344274662
"1927",20,1,0.00305489691091142,-14.5483606418054,6.43435913154755,39,100,0.217976478975032,-0.591845344274662,20,0,-13.8295,50,0.4,0.6,40,"both",0.217976478975032,-0.591845344274662
"1928",20,1,0.00305489691091142,-14.5483606418054,6.43435913154755,39,100,0.217976478975032,-0.591845344274662,20,1,-7.66281,50,0.4,0.6,40,"both",0.217976478975032,-0.591845344274662
"1929",20,1,0.00305489691091142,-14.5483606418054,6.43435913154755,39,100,0.217976478975032,-0.591845344274662,20,0,-13.35584,50,0.4,0.6,40,"both",0.217976478975032,-0.591845344274662
"1930",20,1,0.00305489691091142,-14.5483606418054,6.43435913154755,39,100,0.217976478975032,-0.591845344274662,20,0,-7.47001,50,0.4,0.6,40,"both",0.217976478975032,-0.591845344274662
"1931",20,1,0.00305489691091142,-14.5483606418054,6.43435913154755,39,100,0.217976478975032,-0.591845344274662,20,1,-4.94836,50,0.4,0.6,40,"both",0.217976478975032,-0.591845344274662
"1932",20,1,0.00305489691091142,-14.5483606418054,6.43435913154755,39,100,0.217976478975032,-0.591845344274662,20,1,-18.34378,50,0.4,0.6,40,"both",0.217976478975032,-0.591845344274662
"1933",20,1,0.00305489691091142,-14.5483606418054,6.43435913154755,39,100,0.217976478975032,-0.591845344274662,20,1,-8.59964,50,0.4,0.6,40,"both",0.217976478975032,-0.591845344274662
"1934",20,1,0.00305489691091142,-14.5483606418054,6.43435913154755,39,100,0.217976478975032,-0.591845344274662,20,0,-36.8876,50,0.4,0.6,40,"both",0.217976478975032,-0.591845344274662
"1935",20,1,0.00305489691091142,-14.5483606418054,6.43435913154755,39,100,0.217976478975032,-0.591845344274662,20,1,-3.0591,50,0.4,0.6,40,"both",0.217976478975032,-0.591845344274662
"1936",20,1,0.00305489691091142,-14.5483606418054,6.43435913154755,39,100,0.217976478975032,-0.591845344274662,20,0,-17.96263,50,0.4,0.6,40,"both",0.217976478975032,-0.591845344274662
"1937",20,1,0.00305489691091142,-14.5483606418054,6.43435913154755,39,100,0.217976478975032,-0.591845344274662,20,1,1.03018,50,0.4,0.6,40,"both",0.217976478975032,-0.591845344274662
"1938",20,1,0.00305489691091142,-14.5483606418054,6.43435913154755,39,100,0.217976478975032,-0.591845344274662,20,1,-4.61991,50,0.4,0.6,40,"both",0.217976478975032,-0.591845344274662
"1939",20,1,0.00305489691091142,-14.5483606418054,6.43435913154755,39,100,0.217976478975032,-0.591845344274662,20,1,-15.5652,50,0.4,0.6,40,"both",0.217976478975032,-0.591845344274662
"1940",20,1,0.00305489691091142,-14.5483606418054,6.43435913154755,39,100,0.217976478975032,-0.591845344274662,20,1,-8.25415,50,0.4,0.6,40,"both",0.217976478975032,-0.591845344274662
"1941",20,1,0.00305489691091142,-14.5483606418054,6.43435913154755,39,100,0.217976478975032,-0.591845344274662,20,1,-1.9539,50,0.4,0.6,40,"both",0.217976478975032,-0.591845344274662
"1942",20,1,0.00305489691091142,-14.5483606418054,6.43435913154755,39,100,0.217976478975032,-0.591845344274662,20,0,-20.12737,50,0.4,0.6,40,"both",0.217976478975032,-0.591845344274662
"1943",20,1,0.00305489691091142,-14.5483606418054,6.43435913154755,39,100,0.217976478975032,-0.591845344274662,20,1,-11.97059,50,0.4,0.6,40,"both",0.217976478975032,-0.591845344274662
"1944",20,1,0.00305489691091142,-14.5483606418054,6.43435913154755,39,100,0.217976478975032,-0.591845344274662,20,1,-4.2322,50,0.4,0.6,40,"both",0.217976478975032,-0.591845344274662
"1945",20,1,0.00305489691091142,-14.5483606418054,6.43435913154755,39,100,0.217976478975032,-0.591845344274662,20,1,-16.54191,50,0.4,0.6,40,"both",0.217976478975032,-0.591845344274662
"1946",20,1,0.00305489691091142,-14.5483606418054,6.43435913154755,39,100,0.217976478975032,-0.591845344274662,20,0,-19.18148,50,0.4,0.6,40,"both",0.217976478975032,-0.591845344274662
"1947",20,1,0.00305489691091142,-14.5483606418054,6.43435913154755,39,100,0.217976478975032,-0.591845344274662,20,0,-21.96865,50,0.4,0.6,40,"both",0.217976478975032,-0.591845344274662
"1948",20,1,0.00305489691091142,-14.5483606418054,6.43435913154755,39,100,0.217976478975032,-0.591845344274662,20,0,-20.64708,50,0.4,0.6,40,"both",0.217976478975032,-0.591845344274662
"1949",20,1,0.00305489691091142,-14.5483606418054,6.43435913154755,39,100,0.217976478975032,-0.591845344274662,20,1,-9.33049,50,0.4,0.6,40,"both",0.217976478975032,-0.591845344274662
"1950",20,1,0.00305489691091142,-14.5483606418054,6.43435913154755,39,100,0.217976478975032,-0.591845344274662,20,0,-21.96725,50,0.4,0.6,40,"both",0.217976478975032,-0.591845344274662
"1951",20,1,0.00305489691091142,-14.5483606418054,6.43435913154755,39,100,0.217976478975032,-0.591845344274662,20,1,-17.73792,50,0.4,0.6,40,"both",0.217976478975032,-0.591845344274662
"1952",20,1,0.00305489691091142,-14.5483606418054,6.43435913154755,39,100,0.217976478975032,-0.591845344274662,20,1,-6.96524,50,0.4,0.6,40,"both",0.217976478975032,-0.591845344274662
"1953",20,1,0.00305489691091142,-14.5483606418054,6.43435913154755,39,100,0.217976478975032,-0.591845344274662,20,0,-25.23447,50,0.4,0.6,40,"both",0.217976478975032,-0.591845344274662
"1954",20,1,0.00305489691091142,-14.5483606418054,6.43435913154755,39,100,0.217976478975032,-0.591845344274662,20,0,-17.53711,50,0.4,0.6,40,"both",0.217976478975032,-0.591845344274662
"1955",20,1,0.00305489691091142,-14.5483606418054,6.43435913154755,39,100,0.217976478975032,-0.591845344274662,20,1,-9.13184,50,0.4,0.6,40,"both",0.217976478975032,-0.591845344274662
"1956",20,1,0.00305489691091142,-14.5483606418054,6.43435913154755,39,100,0.217976478975032,-0.591845344274662,20,1,-9.146,50,0.4,0.6,40,"both",0.217976478975032,-0.591845344274662
"1957",20,1,0.00305489691091142,-14.5483606418054,6.43435913154755,39,100,0.217976478975032,-0.591845344274662,20,1,-6.52983,50,0.4,0.6,40,"both",0.217976478975032,-0.591845344274662
"1958",20,1,0.00305489691091142,-14.5483606418054,6.43435913154755,39,100,0.217976478975032,-0.591845344274662,20,1,-17.8885,50,0.4,0.6,40,"both",0.217976478975032,-0.591845344274662
"1959",20,1,0.00305489691091142,-14.5483606418054,6.43435913154755,39,100,0.217976478975032,-0.591845344274662,20,0,-20.23655,50,0.4,0.6,40,"both",0.217976478975032,-0.591845344274662
"1960",20,1,0.00305489691091142,-14.5483606418054,6.43435913154755,39,100,0.217976478975032,-0.591845344274662,20,1,-19.15923,50,0.4,0.6,40,"both",0.217976478975032,-0.591845344274662
"1961",20,1,0.00305489691091142,-14.5483606418054,6.43435913154755,39,100,0.217976478975032,-0.591845344274662,20,0,-21.57953,50,0.4,0.6,40,"both",0.217976478975032,-0.591845344274662
"1962",20,1,0.00305489691091142,-14.5483606418054,6.43435913154755,39,100,0.217976478975032,-0.591845344274662,20,1,-20.63336,50,0.4,0.6,40,"both",0.217976478975032,-0.591845344274662
"1963",20,1,0.00305489691091142,-14.5483606418054,6.43435913154755,39,100,0.217976478975032,-0.591845344274662,20,1,-19.07,50,0.4,0.6,40,"both",0.217976478975032,-0.591845344274662
"1964",20,1,0.00305489691091142,-14.5483606418054,6.43435913154755,39,100,0.217976478975032,-0.591845344274662,20,0,-22.17034,50,0.4,0.6,40,"both",0.217976478975032,-0.591845344274662
"1965",20,1,0.00305489691091142,-14.5483606418054,6.43435913154755,39,100,0.217976478975032,-0.591845344274662,20,1,-19.57218,50,0.4,0.6,40,"both",0.217976478975032,-0.591845344274662
"1966",20,1,0.00305489691091142,-14.5483606418054,6.43435913154755,39,100,0.217976478975032,-0.591845344274662,20,0,-22.51885,50,0.4,0.6,40,"both",0.217976478975032,-0.591845344274662
"1967",20,1,0.00305489691091142,-14.5483606418054,6.43435913154755,39,100,0.217976478975032,-0.591845344274662,20,0,-30.2427,50,0.4,0.6,40,"both",0.217976478975032,-0.591845344274662
"1968",20,1,0.00305489691091142,-14.5483606418054,6.43435913154755,39,100,0.217976478975032,-0.591845344274662,20,1,-10.95945,50,0.4,0.6,40,"both",0.217976478975032,-0.591845344274662
"1969",20,1,0.00305489691091142,-14.5483606418054,6.43435913154755,39,100,0.217976478975032,-0.591845344274662,20,0,-24.40329,50,0.4,0.6,40,"both",0.217976478975032,-0.591845344274662
"1970",20,1,0.00305489691091142,-14.5483606418054,6.43435913154755,39,100,0.217976478975032,-0.591845344274662,20,1,-7.70195,50,0.4,0.6,40,"both",0.217976478975032,-0.591845344274662
"1971",20,1,0.00305489691091142,-14.5483606418054,6.43435913154755,39,100,0.217976478975032,-0.591845344274662,20,1,-20.78921,50,0.4,0.6,40,"both",0.217976478975032,-0.591845344274662
"1972",20,1,0.00305489691091142,-14.5483606418054,6.43435913154755,39,100,0.217976478975032,-0.591845344274662,20,0,-24.96545,50,0.4,0.6,40,"both",0.217976478975032,-0.591845344274662
"1973",20,1,0.00305489691091142,-14.5483606418054,6.43435913154755,39,100,0.217976478975032,-0.591845344274662,20,0,-23.81869,50,0.4,0.6,40,"both",0.217976478975032,-0.591845344274662
"1974",20,1,0.00305489691091142,-14.5483606418054,6.43435913154755,39,100,0.217976478975032,-0.591845344274662,20,0,-22.35901,50,0.4,0.6,40,"both",0.217976478975032,-0.591845344274662
"1975",20,1,0.00305489691091142,-14.5483606418054,6.43435913154755,39,100,0.217976478975032,-0.591845344274662,20,0,-19.98145,50,0.4,0.6,40,"both",0.217976478975032,-0.591845344274662
"1976",20,1,0.00305489691091142,-14.5483606418054,6.43435913154755,39,100,0.217976478975032,-0.591845344274662,20,1,-10.74955,50,0.4,0.6,40,"both",0.217976478975032,-0.591845344274662
"1977",20,1,0.00305489691091142,-14.5483606418054,6.43435913154755,39,100,0.217976478975032,-0.591845344274662,20,0,-11.30972,50,0.4,0.6,40,"both",0.217976478975032,-0.591845344274662
"1978",20,1,0.00305489691091142,-14.5483606418054,6.43435913154755,39,100,0.217976478975032,-0.591845344274662,20,0,-8.85083,50,0.4,0.6,40,"both",0.217976478975032,-0.591845344274662
"1979",20,1,0.00305489691091142,-14.5483606418054,6.43435913154755,39,100,0.217976478975032,-0.591845344274662,20,1,-1.0525,50,0.4,0.6,40,"both",0.217976478975032,-0.591845344274662
"1980",20,1,0.00305489691091142,-14.5483606418054,6.43435913154755,39,100,0.217976478975032,-0.591845344274662,20,0,-22.71023,50,0.4,0.6,40,"both",0.217976478975032,-0.591845344274662
"1981",20,1,0.00305489691091142,-14.5483606418054,6.43435913154755,39,100,0.217976478975032,-0.591845344274662,20,0,-22.05375,50,0.4,0.6,40,"both",0.217976478975032,-0.591845344274662
"1982",20,1,0.00305489691091142,-14.5483606418054,6.43435913154755,39,100,0.217976478975032,-0.591845344274662,20,0,-26.0707,50,0.4,0.6,40,"both",0.217976478975032,-0.591845344274662
"1983",20,1,0.00305489691091142,-14.5483606418054,6.43435913154755,39,100,0.217976478975032,-0.591845344274662,20,1,0.981399999999999,50,0.4,0.6,40,"both",0.217976478975032,-0.591845344274662
"1984",20,1,0.00305489691091142,-14.5483606418054,6.43435913154755,39,100,0.217976478975032,-0.591845344274662,20,1,-9.8,50,0.4,0.6,40,"both",0.217976478975032,-0.591845344274662
"1985",20,1,0.00305489691091142,-14.5483606418054,6.43435913154755,39,100,0.217976478975032,-0.591845344274662,20,1,-8.00742,50,0.4,0.6,40,"both",0.217976478975032,-0.591845344274662
"1986",20,1,0.00305489691091142,-14.5483606418054,6.43435913154755,39,100,0.217976478975032,-0.591845344274662,20,1,-7.64599,50,0.4,0.6,40,"both",0.217976478975032,-0.591845344274662
"1987",20,1,0.00305489691091142,-14.5483606418054,6.43435913154755,39,100,0.217976478975032,-0.591845344274662,20,0,-25.88211,50,0.4,0.6,40,"both",0.217976478975032,-0.591845344274662
"1988",20,1,0.00305489691091142,-14.5483606418054,6.43435913154755,39,100,0.217976478975032,-0.591845344274662,20,1,-6.78166,50,0.4,0.6,40,"both",0.217976478975032,-0.591845344274662
"1989",20,1,0.00305489691091142,-14.5483606418054,6.43435913154755,39,100,0.217976478975032,-0.591845344274662,20,0,-20.72528,50,0.4,0.6,40,"both",0.217976478975032,-0.591845344274662
"1990",20,1,0.00305489691091142,-14.5483606418054,6.43435913154755,39,100,0.217976478975032,-0.591845344274662,20,0,-24.21573,50,0.4,0.6,40,"both",0.217976478975032,-0.591845344274662
"1991",20,1,0.00305489691091142,-14.5483606418054,6.43435913154755,39,100,0.217976478975032,-0.591845344274662,20,1,-8.96036,50,0.4,0.6,40,"both",0.217976478975032,-0.591845344274662
"1992",20,1,0.00305489691091142,-14.5483606418054,6.43435913154755,39,100,0.217976478975032,-0.591845344274662,20,0,-21.46559,50,0.4,0.6,40,"both",0.217976478975032,-0.591845344274662
"1993",20,1,0.00305489691091142,-14.5483606418054,6.43435913154755,39,100,0.217976478975032,-0.591845344274662,20,0,-18.33004,50,0.4,0.6,40,"both",0.217976478975032,-0.591845344274662
"1994",20,1,0.00305489691091142,-14.5483606418054,6.43435913154755,39,100,0.217976478975032,-0.591845344274662,20,0,-22.57809,50,0.4,0.6,40,"both",0.217976478975032,-0.591845344274662
"1995",20,1,0.00305489691091142,-14.5483606418054,6.43435913154755,39,100,0.217976478975032,-0.591845344274662,20,1,-10.06451,50,0.4,0.6,40,"both",0.217976478975032,-0.591845344274662
"1996",20,1,0.00305489691091142,-14.5483606418054,6.43435913154755,39,100,0.217976478975032,-0.591845344274662,20,1,-11.06161,50,0.4,0.6,40,"both",0.217976478975032,-0.591845344274662
"1997",20,1,0.00305489691091142,-14.5483606418054,6.43435913154755,39,100,0.217976478975032,-0.591845344274662,20,0,-9.47176,50,0.4,0.6,40,"both",0.217976478975032,-0.591845344274662
"1998",20,1,0.00305489691091142,-14.5483606418054,6.43435913154755,39,100,0.217976478975032,-0.591845344274662,20,0,-6.9489,50,0.4,0.6,40,"both",0.217976478975032,-0.591845344274662
"1999",20,1,0.00305489691091142,-14.5483606418054,6.43435913154755,39,100,0.217976478975032,-0.591845344274662,20,1,-8.5135,50,0.4,0.6,40,"both",0.217976478975032,-0.591845344274662
"2000",20,1,0.00305489691091142,-14.5483606418054,6.43435913154755,39,100,0.217976478975032,-0.591845344274662,20,1,-6.78551,50,0.4,0.6,40,"both",0.217976478975032,-0.591845344274662
"2001",21,1,0.000326963597539727,-33.4100232622138,11.0172386303872,41,100,0.217976478975032,-0.591845344274662,21,1,-10.0101051487,50,0.4,0.6,40,"both",0.217976478975032,-0.591845344274662
"2002",21,1,0.000326963597539727,-33.4100232622138,11.0172386303872,41,100,0.217976478975032,-0.591845344274662,21,1,-11.1741042372,50,0.4,0.6,40,"both",0.217976478975032,-0.591845344274662
"2003",21,1,0.000326963597539727,-33.4100232622138,11.0172386303872,41,100,0.217976478975032,-0.591845344274662,21,1,-16.9614211174,50,0.4,0.6,40,"both",0.217976478975032,-0.591845344274662
"2004",21,1,0.000326963597539727,-33.4100232622138,11.0172386303872,41,100,0.217976478975032,-0.591845344274662,21,0,-24.319330297,50,0.4,0.6,40,"both",0.217976478975032,-0.591845344274662
"2005",21,1,0.000326963597539727,-33.4100232622138,11.0172386303872,41,100,0.217976478975032,-0.591845344274662,21,1,-21.27404,50,0.4,0.6,40,"both",0.217976478975032,-0.591845344274662
"2006",21,1,0.000326963597539727,-33.4100232622138,11.0172386303872,41,100,0.217976478975032,-0.591845344274662,21,1,-19.52708,50,0.4,0.6,40,"both",0.217976478975032,-0.591845344274662
"2007",21,1,0.000326963597539727,-33.4100232622138,11.0172386303872,41,100,0.217976478975032,-0.591845344274662,21,0,-41.8963,50,0.4,0.6,40,"both",0.217976478975032,-0.591845344274662
"2008",21,1,0.000326963597539727,-33.4100232622138,11.0172386303872,41,100,0.217976478975032,-0.591845344274662,21,1,-24.40458,50,0.4,0.6,40,"both",0.217976478975032,-0.591845344274662
"2009",21,1,0.000326963597539727,-33.4100232622138,11.0172386303872,41,100,0.217976478975032,-0.591845344274662,21,1,-13.6671,50,0.4,0.6,40,"both",0.217976478975032,-0.591845344274662
"2010",21,1,0.000326963597539727,-33.4100232622138,11.0172386303872,41,100,0.217976478975032,-0.591845344274662,21,1,-3.8085,50,0.4,0.6,40,"both",0.217976478975032,-0.591845344274662
"2011",21,1,0.000326963597539727,-33.4100232622138,11.0172386303872,41,100,0.217976478975032,-0.591845344274662,21,1,-26.28608,50,0.4,0.6,40,"both",0.217976478975032,-0.591845344274662
"2012",21,1,0.000326963597539727,-33.4100232622138,11.0172386303872,41,100,0.217976478975032,-0.591845344274662,21,0,-48.8111,50,0.4,0.6,40,"both",0.217976478975032,-0.591845344274662
"2013",21,1,0.000326963597539727,-33.4100232622138,11.0172386303872,41,100,0.217976478975032,-0.591845344274662,21,0,-30.45728,50,0.4,0.6,40,"both",0.217976478975032,-0.591845344274662
"2014",21,1,0.000326963597539727,-33.4100232622138,11.0172386303872,41,100,0.217976478975032,-0.591845344274662,21,1,-26.07849,50,0.4,0.6,40,"both",0.217976478975032,-0.591845344274662
"2015",21,1,0.000326963597539727,-33.4100232622138,11.0172386303872,41,100,0.217976478975032,-0.591845344274662,21,1,-36.74492,50,0.4,0.6,40,"both",0.217976478975032,-0.591845344274662
"2016",21,1,0.000326963597539727,-33.4100232622138,11.0172386303872,41,100,0.217976478975032,-0.591845344274662,21,0,-38.86549,50,0.4,0.6,40,"both",0.217976478975032,-0.591845344274662
"2017",21,1,0.000326963597539727,-33.4100232622138,11.0172386303872,41,100,0.217976478975032,-0.591845344274662,21,1,-31.5792566,50,0.4,0.6,40,"both",0.217976478975032,-0.591845344274662
"2018",21,1,0.000326963597539727,-33.4100232622138,11.0172386303872,41,100,0.217976478975032,-0.591845344274662,21,1,-31.99591,50,0.4,0.6,40,"both",0.217976478975032,-0.591845344274662
"2019",21,1,0.000326963597539727,-33.4100232622138,11.0172386303872,41,100,0.217976478975032,-0.591845344274662,21,0,-36.65378,50,0.4,0.6,40,"both",0.217976478975032,-0.591845344274662
"2020",21,1,0.000326963597539727,-33.4100232622138,11.0172386303872,41,100,0.217976478975032,-0.591845344274662,21,1,-33.27404,50,0.4,0.6,40,"both",0.217976478975032,-0.591845344274662
"2021",21,1,0.000326963597539727,-33.4100232622138,11.0172386303872,41,100,0.217976478975032,-0.591845344274662,21,1,-23.84623,50,0.4,0.6,40,"both",0.217976478975032,-0.591845344274662
"2022",21,1,0.000326963597539727,-33.4100232622138,11.0172386303872,41,100,0.217976478975032,-0.591845344274662,21,1,-9.4349,50,0.4,0.6,40,"both",0.217976478975032,-0.591845344274662
"2023",21,1,0.000326963597539727,-33.4100232622138,11.0172386303872,41,100,0.217976478975032,-0.591845344274662,21,1,-23.52,50,0.4,0.6,40,"both",0.217976478975032,-0.591845344274662
"2024",21,1,0.000326963597539727,-33.4100232622138,11.0172386303872,41,100,0.217976478975032,-0.591845344274662,21,0,-35.0528907,50,0.4,0.6,40,"both",0.217976478975032,-0.591845344274662
"2025",21,1,0.000326963597539727,-33.4100232622138,11.0172386303872,41,100,0.217976478975032,-0.591845344274662,21,0,-42.31417,50,0.4,0.6,40,"both",0.217976478975032,-0.591845344274662
"2026",21,1,0.000326963597539727,-33.4100232622138,11.0172386303872,41,100,0.217976478975032,-0.591845344274662,21,1,-36.98688,50,0.4,0.6,40,"both",0.217976478975032,-0.591845344274662
"2027",21,1,0.000326963597539727,-33.4100232622138,11.0172386303872,41,100,0.217976478975032,-0.591845344274662,21,0,-48.29376,50,0.4,0.6,40,"both",0.217976478975032,-0.591845344274662
"2028",21,1,0.000326963597539727,-33.4100232622138,11.0172386303872,41,100,0.217976478975032,-0.591845344274662,21,1,-26.96707,50,0.4,0.6,40,"both",0.217976478975032,-0.591845344274662
"2029",21,1,0.000326963597539727,-33.4100232622138,11.0172386303872,41,100,0.217976478975032,-0.591845344274662,21,0,-39.89763,50,0.4,0.6,40,"both",0.217976478975032,-0.591845344274662
"2030",21,1,0.000326963597539727,-33.4100232622138,11.0172386303872,41,100,0.217976478975032,-0.591845344274662,21,0,-28.33193,50,0.4,0.6,40,"both",0.217976478975032,-0.591845344274662
"2031",21,1,0.000326963597539727,-33.4100232622138,11.0172386303872,41,100,0.217976478975032,-0.591845344274662,21,1,-31.57453,50,0.4,0.6,40,"both",0.217976478975032,-0.591845344274662
"2032",21,1,0.000326963597539727,-33.4100232622138,11.0172386303872,41,100,0.217976478975032,-0.591845344274662,21,1,-32.81075,50,0.4,0.6,40,"both",0.217976478975032,-0.591845344274662
"2033",21,1,0.000326963597539727,-33.4100232622138,11.0172386303872,41,100,0.217976478975032,-0.591845344274662,21,0,-41.53581,50,0.4,0.6,40,"both",0.217976478975032,-0.591845344274662
"2034",21,1,0.000326963597539727,-33.4100232622138,11.0172386303872,41,100,0.217976478975032,-0.591845344274662,21,1,-20.7017,50,0.4,0.6,40,"both",0.217976478975032,-0.591845344274662
"2035",21,1,0.000326963597539727,-33.4100232622138,11.0172386303872,41,100,0.217976478975032,-0.591845344274662,21,0,-36.80446,50,0.4,0.6,40,"both",0.217976478975032,-0.591845344274662
"2036",21,1,0.000326963597539727,-33.4100232622138,11.0172386303872,41,100,0.217976478975032,-0.591845344274662,21,0,-42.13991,50,0.4,0.6,40,"both",0.217976478975032,-0.591845344274662
"2037",21,1,0.000326963597539727,-33.4100232622138,11.0172386303872,41,100,0.217976478975032,-0.591845344274662,21,0,-41.706,50,0.4,0.6,40,"both",0.217976478975032,-0.591845344274662
"2038",21,1,0.000326963597539727,-33.4100232622138,11.0172386303872,41,100,0.217976478975032,-0.591845344274662,21,1,-29.2045,50,0.4,0.6,40,"both",0.217976478975032,-0.591845344274662
"2039",21,1,0.000326963597539727,-33.4100232622138,11.0172386303872,41,100,0.217976478975032,-0.591845344274662,21,1,-41.84017,50,0.4,0.6,40,"both",0.217976478975032,-0.591845344274662
"2040",21,1,0.000326963597539727,-33.4100232622138,11.0172386303872,41,100,0.217976478975032,-0.591845344274662,21,0,-38.47618,50,0.4,0.6,40,"both",0.217976478975032,-0.591845344274662
"2041",21,1,0.000326963597539727,-33.4100232622138,11.0172386303872,41,100,0.217976478975032,-0.591845344274662,21,1,-29.71167,50,0.4,0.6,40,"both",0.217976478975032,-0.591845344274662
"2042",21,1,0.000326963597539727,-33.4100232622138,11.0172386303872,41,100,0.217976478975032,-0.591845344274662,21,0,-46.1586,50,0.4,0.6,40,"both",0.217976478975032,-0.591845344274662
"2043",21,1,0.000326963597539727,-33.4100232622138,11.0172386303872,41,100,0.217976478975032,-0.591845344274662,21,0,-28.02477,50,0.4,0.6,40,"both",0.217976478975032,-0.591845344274662
"2044",21,1,0.000326963597539727,-33.4100232622138,11.0172386303872,41,100,0.217976478975032,-0.591845344274662,21,1,-27.42097,50,0.4,0.6,40,"both",0.217976478975032,-0.591845344274662
"2045",21,1,0.000326963597539727,-33.4100232622138,11.0172386303872,41,100,0.217976478975032,-0.591845344274662,21,0,-39.06795,50,0.4,0.6,40,"both",0.217976478975032,-0.591845344274662
"2046",21,1,0.000326963597539727,-33.4100232622138,11.0172386303872,41,100,0.217976478975032,-0.591845344274662,21,1,-39.66854,50,0.4,0.6,40,"both",0.217976478975032,-0.591845344274662
"2047",21,1,0.000326963597539727,-33.4100232622138,11.0172386303872,41,100,0.217976478975032,-0.591845344274662,21,1,-30.54765,50,0.4,0.6,40,"both",0.217976478975032,-0.591845344274662
"2048",21,1,0.000326963597539727,-33.4100232622138,11.0172386303872,41,100,0.217976478975032,-0.591845344274662,21,0,-40.95466,50,0.4,0.6,40,"both",0.217976478975032,-0.591845344274662
"2049",21,1,0.000326963597539727,-33.4100232622138,11.0172386303872,41,100,0.217976478975032,-0.591845344274662,21,0,-47.0065,50,0.4,0.6,40,"both",0.217976478975032,-0.591845344274662
"2050",21,1,0.000326963597539727,-33.4100232622138,11.0172386303872,41,100,0.217976478975032,-0.591845344274662,21,0,-30.20417,50,0.4,0.6,40,"both",0.217976478975032,-0.591845344274662
"2051",21,1,0.000326963597539727,-33.4100232622138,11.0172386303872,41,100,0.217976478975032,-0.591845344274662,21,1,-25.9509,50,0.4,0.6,40,"both",0.217976478975032,-0.591845344274662
"2052",21,1,0.000326963597539727,-33.4100232622138,11.0172386303872,41,100,0.217976478975032,-0.591845344274662,21,1,-26.34549,50,0.4,0.6,40,"both",0.217976478975032,-0.591845344274662
"2053",21,1,0.000326963597539727,-33.4100232622138,11.0172386303872,41,100,0.217976478975032,-0.591845344274662,21,0,-44.55391,50,0.4,0.6,40,"both",0.217976478975032,-0.591845344274662
"2054",21,1,0.000326963597539727,-33.4100232622138,11.0172386303872,41,100,0.217976478975032,-0.591845344274662,21,1,-28.66902,50,0.4,0.6,40,"both",0.217976478975032,-0.591845344274662
"2055",21,1,0.000326963597539727,-33.4100232622138,11.0172386303872,41,100,0.217976478975032,-0.591845344274662,21,1,-22.3373,50,0.4,0.6,40,"both",0.217976478975032,-0.591845344274662
"2056",21,1,0.000326963597539727,-33.4100232622138,11.0172386303872,41,100,0.217976478975032,-0.591845344274662,21,1,-30.64337,50,0.4,0.6,40,"both",0.217976478975032,-0.591845344274662
"2057",21,1,0.000326963597539727,-33.4100232622138,11.0172386303872,41,100,0.217976478975032,-0.591845344274662,21,0,-46.28043,50,0.4,0.6,40,"both",0.217976478975032,-0.591845344274662
"2058",21,1,0.000326963597539727,-33.4100232622138,11.0172386303872,41,100,0.217976478975032,-0.591845344274662,21,0,-39.29108,50,0.4,0.6,40,"both",0.217976478975032,-0.591845344274662
"2059",21,1,0.000326963597539727,-33.4100232622138,11.0172386303872,41,100,0.217976478975032,-0.591845344274662,21,1,-36.89559,50,0.4,0.6,40,"both",0.217976478975032,-0.591845344274662
"2060",21,1,0.000326963597539727,-33.4100232622138,11.0172386303872,41,100,0.217976478975032,-0.591845344274662,21,0,-41.11207,50,0.4,0.6,40,"both",0.217976478975032,-0.591845344274662
"2061",21,1,0.000326963597539727,-33.4100232622138,11.0172386303872,41,100,0.217976478975032,-0.591845344274662,21,0,-43.24506,50,0.4,0.6,40,"both",0.217976478975032,-0.591845344274662
"2062",21,1,0.000326963597539727,-33.4100232622138,11.0172386303872,41,100,0.217976478975032,-0.591845344274662,21,1,-27.11829,50,0.4,0.6,40,"both",0.217976478975032,-0.591845344274662
"2063",21,1,0.000326963597539727,-33.4100232622138,11.0172386303872,41,100,0.217976478975032,-0.591845344274662,21,1,-31.02966,50,0.4,0.6,40,"both",0.217976478975032,-0.591845344274662
"2064",21,1,0.000326963597539727,-33.4100232622138,11.0172386303872,41,100,0.217976478975032,-0.591845344274662,21,1,-41.76886,50,0.4,0.6,40,"both",0.217976478975032,-0.591845344274662
"2065",21,1,0.000326963597539727,-33.4100232622138,11.0172386303872,41,100,0.217976478975032,-0.591845344274662,21,1,-25.39254,50,0.4,0.6,40,"both",0.217976478975032,-0.591845344274662
"2066",21,1,0.000326963597539727,-33.4100232622138,11.0172386303872,41,100,0.217976478975032,-0.591845344274662,21,1,-29.61962,50,0.4,0.6,40,"both",0.217976478975032,-0.591845344274662
"2067",21,1,0.000326963597539727,-33.4100232622138,11.0172386303872,41,100,0.217976478975032,-0.591845344274662,21,0,-41.42397,50,0.4,0.6,40,"both",0.217976478975032,-0.591845344274662
"2068",21,1,0.000326963597539727,-33.4100232622138,11.0172386303872,41,100,0.217976478975032,-0.591845344274662,21,1,-27.6926,50,0.4,0.6,40,"both",0.217976478975032,-0.591845344274662
"2069",21,1,0.000326963597539727,-33.4100232622138,11.0172386303872,41,100,0.217976478975032,-0.591845344274662,21,1,-39.05466,50,0.4,0.6,40,"both",0.217976478975032,-0.591845344274662
"2070",21,1,0.000326963597539727,-33.4100232622138,11.0172386303872,41,100,0.217976478975032,-0.591845344274662,21,0,-30.96665,50,0.4,0.6,40,"both",0.217976478975032,-0.591845344274662
"2071",21,1,0.000326963597539727,-33.4100232622138,11.0172386303872,41,100,0.217976478975032,-0.591845344274662,21,0,-29.53751,50,0.4,0.6,40,"both",0.217976478975032,-0.591845344274662
"2072",21,1,0.000326963597539727,-33.4100232622138,11.0172386303872,41,100,0.217976478975032,-0.591845344274662,21,0,-38.42535,50,0.4,0.6,40,"both",0.217976478975032,-0.591845344274662
"2073",21,1,0.000326963597539727,-33.4100232622138,11.0172386303872,41,100,0.217976478975032,-0.591845344274662,21,0,-42.19304,50,0.4,0.6,40,"both",0.217976478975032,-0.591845344274662
"2074",21,1,0.000326963597539727,-33.4100232622138,11.0172386303872,41,100,0.217976478975032,-0.591845344274662,21,1,-38.12591,50,0.4,0.6,40,"both",0.217976478975032,-0.591845344274662
"2075",21,1,0.000326963597539727,-33.4100232622138,11.0172386303872,41,100,0.217976478975032,-0.591845344274662,21,1,-25.63288,50,0.4,0.6,40,"both",0.217976478975032,-0.591845344274662
"2076",21,1,0.000326963597539727,-33.4100232622138,11.0172386303872,41,100,0.217976478975032,-0.591845344274662,21,1,-43.94171,50,0.4,0.6,40,"both",0.217976478975032,-0.591845344274662
"2077",21,1,0.000326963597539727,-33.4100232622138,11.0172386303872,41,100,0.217976478975032,-0.591845344274662,21,1,-28.2061,50,0.4,0.6,40,"both",0.217976478975032,-0.591845344274662
"2078",21,1,0.000326963597539727,-33.4100232622138,11.0172386303872,41,100,0.217976478975032,-0.591845344274662,21,0,-47.59,50,0.4,0.6,40,"both",0.217976478975032,-0.591845344274662
"2079",21,1,0.000326963597539727,-33.4100232622138,11.0172386303872,41,100,0.217976478975032,-0.591845344274662,21,0,-42.65711,50,0.4,0.6,40,"both",0.217976478975032,-0.591845344274662
"2080",21,1,0.000326963597539727,-33.4100232622138,11.0172386303872,41,100,0.217976478975032,-0.591845344274662,21,0,-42.27651,50,0.4,0.6,40,"both",0.217976478975032,-0.591845344274662
"2081",21,1,0.000326963597539727,-33.4100232622138,11.0172386303872,41,100,0.217976478975032,-0.591845344274662,21,0,-41.67228,50,0.4,0.6,40,"both",0.217976478975032,-0.591845344274662
"2082",21,1,0.000326963597539727,-33.4100232622138,11.0172386303872,41,100,0.217976478975032,-0.591845344274662,21,0,-44.18895,50,0.4,0.6,40,"both",0.217976478975032,-0.591845344274662
"2083",21,1,0.000326963597539727,-33.4100232622138,11.0172386303872,41,100,0.217976478975032,-0.591845344274662,21,0,-42.74388,50,0.4,0.6,40,"both",0.217976478975032,-0.591845344274662
"2084",21,1,0.000326963597539727,-33.4100232622138,11.0172386303872,41,100,0.217976478975032,-0.591845344274662,21,1,-25.97775,50,0.4,0.6,40,"both",0.217976478975032,-0.591845344274662
"2085",21,1,0.000326963597539727,-33.4100232622138,11.0172386303872,41,100,0.217976478975032,-0.591845344274662,21,0,-40.02268,50,0.4,0.6,40,"both",0.217976478975032,-0.591845344274662
"2086",21,1,0.000326963597539727,-33.4100232622138,11.0172386303872,41,100,0.217976478975032,-0.591845344274662,21,1,-30.22298,50,0.4,0.6,40,"both",0.217976478975032,-0.591845344274662
"2087",21,1,0.000326963597539727,-33.4100232622138,11.0172386303872,41,100,0.217976478975032,-0.591845344274662,21,1,-29.76069,50,0.4,0.6,40,"both",0.217976478975032,-0.591845344274662
"2088",21,1,0.000326963597539727,-33.4100232622138,11.0172386303872,41,100,0.217976478975032,-0.591845344274662,21,0,-43.93594,50,0.4,0.6,40,"both",0.217976478975032,-0.591845344274662
"2089",21,1,0.000326963597539727,-33.4100232622138,11.0172386303872,41,100,0.217976478975032,-0.591845344274662,21,0,-31.23141,50,0.4,0.6,40,"both",0.217976478975032,-0.591845344274662
"2090",21,1,0.000326963597539727,-33.4100232622138,11.0172386303872,41,100,0.217976478975032,-0.591845344274662,21,0,-39.67805,50,0.4,0.6,40,"both",0.217976478975032,-0.591845344274662
"2091",21,1,0.000326963597539727,-33.4100232622138,11.0172386303872,41,100,0.217976478975032,-0.591845344274662,21,0,-41.18498,50,0.4,0.6,40,"both",0.217976478975032,-0.591845344274662
"2092",21,1,0.000326963597539727,-33.4100232622138,11.0172386303872,41,100,0.217976478975032,-0.591845344274662,21,1,-25.35564,50,0.4,0.6,40,"both",0.217976478975032,-0.591845344274662
"2093",21,1,0.000326963597539727,-33.4100232622138,11.0172386303872,41,100,0.217976478975032,-0.591845344274662,21,0,-42.71928,50,0.4,0.6,40,"both",0.217976478975032,-0.591845344274662
"2094",21,1,0.000326963597539727,-33.4100232622138,11.0172386303872,41,100,0.217976478975032,-0.591845344274662,21,0,-43.17,50,0.4,0.6,40,"both",0.217976478975032,-0.591845344274662
"2095",21,1,0.000326963597539727,-33.4100232622138,11.0172386303872,41,100,0.217976478975032,-0.591845344274662,21,1,-28.62975,50,0.4,0.6,40,"both",0.217976478975032,-0.591845344274662
"2096",21,1,0.000326963597539727,-33.4100232622138,11.0172386303872,41,100,0.217976478975032,-0.591845344274662,21,1,-40.26103,50,0.4,0.6,40,"both",0.217976478975032,-0.591845344274662
"2097",21,1,0.000326963597539727,-33.4100232622138,11.0172386303872,41,100,0.217976478975032,-0.591845344274662,21,1,-30.25097,50,0.4,0.6,40,"both",0.217976478975032,-0.591845344274662
"2098",21,1,0.000326963597539727,-33.4100232622138,11.0172386303872,41,100,0.217976478975032,-0.591845344274662,21,1,-26.44338,50,0.4,0.6,40,"both",0.217976478975032,-0.591845344274662
"2099",21,1,0.000326963597539727,-33.4100232622138,11.0172386303872,41,100,0.217976478975032,-0.591845344274662,21,0,-24.8061,50,0.4,0.6,40,"both",0.217976478975032,-0.591845344274662
"2100",21,1,0.000326963597539727,-33.4100232622138,11.0172386303872,41,100,0.217976478975032,-0.591845344274662,21,0,-43.60443,50,0.4,0.6,40,"both",0.217976478975032,-0.591845344274662
"2101",22,1,0.0302297829455882,-7.23320846075699,7.50056323899224,43,100,0.217976478975032,-0.591845344274662,22,0,-9.899784858,50,0.4,0.6,40,"both",0.217976478975032,-0.591845344274662
"2102",22,1,0.0302297829455882,-7.23320846075699,7.50056323899224,43,100,0.217976478975032,-0.591845344274662,22,1,6.674012079,50,0.4,0.6,40,"both",0.217976478975032,-0.591845344274662
"2103",22,1,0.0302297829455882,-7.23320846075699,7.50056323899224,43,100,0.217976478975032,-0.591845344274662,22,1,-1.6158984151,50,0.4,0.6,40,"both",0.217976478975032,-0.591845344274662
"2104",22,1,0.0302297829455882,-7.23320846075699,7.50056323899224,43,100,0.217976478975032,-0.591845344274662,22,1,-4.9532188353,50,0.4,0.6,40,"both",0.217976478975032,-0.591845344274662
"2105",22,1,0.0302297829455882,-7.23320846075699,7.50056323899224,43,100,0.217976478975032,-0.591845344274662,22,0,-15.10502,50,0.4,0.6,40,"both",0.217976478975032,-0.591845344274662
"2106",22,1,0.0302297829455882,-7.23320846075699,7.50056323899224,43,100,0.217976478975032,-0.591845344274662,22,0,-9.8052,50,0.4,0.6,40,"both",0.217976478975032,-0.591845344274662
"2107",22,1,0.0302297829455882,-7.23320846075699,7.50056323899224,43,100,0.217976478975032,-0.591845344274662,22,0,-12.22049,50,0.4,0.6,40,"both",0.217976478975032,-0.591845344274662
"2108",22,1,0.0302297829455882,-7.23320846075699,7.50056323899224,43,100,0.217976478975032,-0.591845344274662,22,0,-7.08326,50,0.4,0.6,40,"both",0.217976478975032,-0.591845344274662
"2109",22,1,0.0302297829455882,-7.23320846075699,7.50056323899224,43,100,0.217976478975032,-0.591845344274662,22,0,-12.14829,50,0.4,0.6,40,"both",0.217976478975032,-0.591845344274662
"2110",22,1,0.0302297829455882,-7.23320846075699,7.50056323899224,43,100,0.217976478975032,-0.591845344274662,22,0,-9.8408,50,0.4,0.6,40,"both",0.217976478975032,-0.591845344274662
"2111",22,1,0.0302297829455882,-7.23320846075699,7.50056323899224,43,100,0.217976478975032,-0.591845344274662,22,0,-1.61144,50,0.4,0.6,40,"both",0.217976478975032,-0.591845344274662
"2112",22,1,0.0302297829455882,-7.23320846075699,7.50056323899224,43,100,0.217976478975032,-0.591845344274662,22,1,-0.15989,50,0.4,0.6,40,"both",0.217976478975032,-0.591845344274662
"2113",22,1,0.0302297829455882,-7.23320846075699,7.50056323899224,43,100,0.217976478975032,-0.591845344274662,22,1,0.24981,50,0.4,0.6,40,"both",0.217976478975032,-0.591845344274662
"2114",22,1,0.0302297829455882,-7.23320846075699,7.50056323899224,43,100,0.217976478975032,-0.591845344274662,22,0,-9.4967,50,0.4,0.6,40,"both",0.217976478975032,-0.591845344274662
"2115",22,1,0.0302297829455882,-7.23320846075699,7.50056323899224,43,100,0.217976478975032,-0.591845344274662,22,0,-5.72722,50,0.4,0.6,40,"both",0.217976478975032,-0.591845344274662
"2116",22,1,0.0302297829455882,-7.23320846075699,7.50056323899224,43,100,0.217976478975032,-0.591845344274662,22,1,-5.92422,50,0.4,0.6,40,"both",0.217976478975032,-0.591845344274662
"2117",22,1,0.0302297829455882,-7.23320846075699,7.50056323899224,43,100,0.217976478975032,-0.591845344274662,22,1,-10.96435,50,0.4,0.6,40,"both",0.217976478975032,-0.591845344274662
"2118",22,1,0.0302297829455882,-7.23320846075699,7.50056323899224,43,100,0.217976478975032,-0.591845344274662,22,0,1.05714,50,0.4,0.6,40,"both",0.217976478975032,-0.591845344274662
"2119",22,1,0.0302297829455882,-7.23320846075699,7.50056323899224,43,100,0.217976478975032,-0.591845344274662,22,0,-2.56209954326,50,0.4,0.6,40,"both",0.217976478975032,-0.591845344274662
"2120",22,1,0.0302297829455882,-7.23320846075699,7.50056323899224,43,100,0.217976478975032,-0.591845344274662,22,0,-23.35555,50,0.4,0.6,40,"both",0.217976478975032,-0.591845344274662
"2121",22,1,0.0302297829455882,-7.23320846075699,7.50056323899224,43,100,0.217976478975032,-0.591845344274662,22,1,5.46597,50,0.4,0.6,40,"both",0.217976478975032,-0.591845344274662
"2122",22,1,0.0302297829455882,-7.23320846075699,7.50056323899224,43,100,0.217976478975032,-0.591845344274662,22,1,3.5574,50,0.4,0.6,40,"both",0.217976478975032,-0.591845344274662
"2123",22,1,0.0302297829455882,-7.23320846075699,7.50056323899224,43,100,0.217976478975032,-0.591845344274662,22,0,13.62498,50,0.4,0.6,40,"both",0.217976478975032,-0.591845344274662
"2124",22,1,0.0302297829455882,-7.23320846075699,7.50056323899224,43,100,0.217976478975032,-0.591845344274662,22,1,42.8539654,50,0.4,0.6,40,"both",0.217976478975032,-0.591845344274662
"2125",22,1,0.0302297829455882,-7.23320846075699,7.50056323899224,43,100,0.217976478975032,-0.591845344274662,22,1,9.5485,50,0.4,0.6,40,"both",0.217976478975032,-0.591845344274662
"2126",22,1,0.0302297829455882,-7.23320846075699,7.50056323899224,43,100,0.217976478975032,-0.591845344274662,22,1,38.24288,50,0.4,0.6,40,"both",0.217976478975032,-0.591845344274662
"2127",22,1,0.0302297829455882,-7.23320846075699,7.50056323899224,43,100,0.217976478975032,-0.591845344274662,22,0,-33.33697,50,0.4,0.6,40,"both",0.217976478975032,-0.591845344274662
"2128",22,1,0.0302297829455882,-7.23320846075699,7.50056323899224,43,100,0.217976478975032,-0.591845344274662,22,0,-10.28823,50,0.4,0.6,40,"both",0.217976478975032,-0.591845344274662
"2129",22,1,0.0302297829455882,-7.23320846075699,7.50056323899224,43,100,0.217976478975032,-0.591845344274662,22,0,-9.24763,50,0.4,0.6,40,"both",0.217976478975032,-0.591845344274662
"2130",22,1,0.0302297829455882,-7.23320846075699,7.50056323899224,43,100,0.217976478975032,-0.591845344274662,22,1,7.84188,50,0.4,0.6,40,"both",0.217976478975032,-0.591845344274662
"2131",22,1,0.0302297829455882,-7.23320846075699,7.50056323899224,43,100,0.217976478975032,-0.591845344274662,22,1,7.23297,50,0.4,0.6,40,"both",0.217976478975032,-0.591845344274662
"2132",22,1,0.0302297829455882,-7.23320846075699,7.50056323899224,43,100,0.217976478975032,-0.591845344274662,22,1,-4.73727,50,0.4,0.6,40,"both",0.217976478975032,-0.591845344274662
"2133",22,1,0.0302297829455882,-7.23320846075699,7.50056323899224,43,100,0.217976478975032,-0.591845344274662,22,0,-15.764998,50,0.4,0.6,40,"both",0.217976478975032,-0.591845344274662
"2134",22,1,0.0302297829455882,-7.23320846075699,7.50056323899224,43,100,0.217976478975032,-0.591845344274662,22,1,1.76825,50,0.4,0.6,40,"both",0.217976478975032,-0.591845344274662
"2135",22,1,0.0302297829455882,-7.23320846075699,7.50056323899224,43,100,0.217976478975032,-0.591845344274662,22,1,-0.87476,50,0.4,0.6,40,"both",0.217976478975032,-0.591845344274662
"2136",22,1,0.0302297829455882,-7.23320846075699,7.50056323899224,43,100,0.217976478975032,-0.591845344274662,22,1,10.34265,50,0.4,0.6,40,"both",0.217976478975032,-0.591845344274662
"2137",22,1,0.0302297829455882,-7.23320846075699,7.50056323899224,43,100,0.217976478975032,-0.591845344274662,22,1,8.38649,50,0.4,0.6,40,"both",0.217976478975032,-0.591845344274662
"2138",22,1,0.0302297829455882,-7.23320846075699,7.50056323899224,43,100,0.217976478975032,-0.591845344274662,22,0,-8.5332,50,0.4,0.6,40,"both",0.217976478975032,-0.591845344274662
"2139",22,1,0.0302297829455882,-7.23320846075699,7.50056323899224,43,100,0.217976478975032,-0.591845344274662,22,0,-1.63072,50,0.4,0.6,40,"both",0.217976478975032,-0.591845344274662
"2140",22,1,0.0302297829455882,-7.23320846075699,7.50056323899224,43,100,0.217976478975032,-0.591845344274662,22,0,-8.66818,50,0.4,0.6,40,"both",0.217976478975032,-0.591845344274662
"2141",22,1,0.0302297829455882,-7.23320846075699,7.50056323899224,43,100,0.217976478975032,-0.591845344274662,22,1,8.76178,50,0.4,0.6,40,"both",0.217976478975032,-0.591845344274662
"2142",22,1,0.0302297829455882,-7.23320846075699,7.50056323899224,43,100,0.217976478975032,-0.591845344274662,22,1,2.47736,50,0.4,0.6,40,"both",0.217976478975032,-0.591845344274662
"2143",22,1,0.0302297829455882,-7.23320846075699,7.50056323899224,43,100,0.217976478975032,-0.591845344274662,22,1,-8.18488,50,0.4,0.6,40,"both",0.217976478975032,-0.591845344274662
"2144",22,1,0.0302297829455882,-7.23320846075699,7.50056323899224,43,100,0.217976478975032,-0.591845344274662,22,0,-0.21008,50,0.4,0.6,40,"both",0.217976478975032,-0.591845344274662
"2145",22,1,0.0302297829455882,-7.23320846075699,7.50056323899224,43,100,0.217976478975032,-0.591845344274662,22,1,3.853287,50,0.4,0.6,40,"both",0.217976478975032,-0.591845344274662
"2146",22,1,0.0302297829455882,-7.23320846075699,7.50056323899224,43,100,0.217976478975032,-0.591845344274662,22,1,1.26586,50,0.4,0.6,40,"both",0.217976478975032,-0.591845344274662
"2147",22,1,0.0302297829455882,-7.23320846075699,7.50056323899224,43,100,0.217976478975032,-0.591845344274662,22,1,-1.65611,50,0.4,0.6,40,"both",0.217976478975032,-0.591845344274662
"2148",22,1,0.0302297829455882,-7.23320846075699,7.50056323899224,43,100,0.217976478975032,-0.591845344274662,22,1,-8.94175,50,0.4,0.6,40,"both",0.217976478975032,-0.591845344274662
"2149",22,1,0.0302297829455882,-7.23320846075699,7.50056323899224,43,100,0.217976478975032,-0.591845344274662,22,1,-1.66122,50,0.4,0.6,40,"both",0.217976478975032,-0.591845344274662
"2150",22,1,0.0302297829455882,-7.23320846075699,7.50056323899224,43,100,0.217976478975032,-0.591845344274662,22,0,-13.1804,50,0.4,0.6,40,"both",0.217976478975032,-0.591845344274662
"2151",22,1,0.0302297829455882,-7.23320846075699,7.50056323899224,43,100,0.217976478975032,-0.591845344274662,22,1,-2.21309,50,0.4,0.6,40,"both",0.217976478975032,-0.591845344274662
"2152",22,1,0.0302297829455882,-7.23320846075699,7.50056323899224,43,100,0.217976478975032,-0.591845344274662,22,1,0.0954600000000001,50,0.4,0.6,40,"both",0.217976478975032,-0.591845344274662
"2153",22,1,0.0302297829455882,-7.23320846075699,7.50056323899224,43,100,0.217976478975032,-0.591845344274662,22,0,-2.36309,50,0.4,0.6,40,"both",0.217976478975032,-0.591845344274662
"2154",22,1,0.0302297829455882,-7.23320846075699,7.50056323899224,43,100,0.217976478975032,-0.591845344274662,22,1,2.09934,50,0.4,0.6,40,"both",0.217976478975032,-0.591845344274662
"2155",22,1,0.0302297829455882,-7.23320846075699,7.50056323899224,43,100,0.217976478975032,-0.591845344274662,22,0,-15.14076,50,0.4,0.6,40,"both",0.217976478975032,-0.591845344274662
"2156",22,1,0.0302297829455882,-7.23320846075699,7.50056323899224,43,100,0.217976478975032,-0.591845344274662,22,1,1.52692,50,0.4,0.6,40,"both",0.217976478975032,-0.591845344274662
"2157",22,1,0.0302297829455882,-7.23320846075699,7.50056323899224,43,100,0.217976478975032,-0.591845344274662,22,0,-0.44574,50,0.4,0.6,40,"both",0.217976478975032,-0.591845344274662
"2158",22,1,0.0302297829455882,-7.23320846075699,7.50056323899224,43,100,0.217976478975032,-0.591845344274662,22,1,-12.11997,50,0.4,0.6,40,"both",0.217976478975032,-0.591845344274662
"2159",22,1,0.0302297829455882,-7.23320846075699,7.50056323899224,43,100,0.217976478975032,-0.591845344274662,22,1,4.23017,50,0.4,0.6,40,"both",0.217976478975032,-0.591845344274662
"2160",22,1,0.0302297829455882,-7.23320846075699,7.50056323899224,43,100,0.217976478975032,-0.591845344274662,22,0,0.85413,50,0.4,0.6,40,"both",0.217976478975032,-0.591845344274662
"2161",22,1,0.0302297829455882,-7.23320846075699,7.50056323899224,43,100,0.217976478975032,-0.591845344274662,22,1,-1.38288,50,0.4,0.6,40,"both",0.217976478975032,-0.591845344274662
"2162",22,1,0.0302297829455882,-7.23320846075699,7.50056323899224,43,100,0.217976478975032,-0.591845344274662,22,0,-14.13252,50,0.4,0.6,40,"both",0.217976478975032,-0.591845344274662
"2163",22,1,0.0302297829455882,-7.23320846075699,7.50056323899224,43,100,0.217976478975032,-0.591845344274662,22,1,-8.03964,50,0.4,0.6,40,"both",0.217976478975032,-0.591845344274662
"2164",22,1,0.0302297829455882,-7.23320846075699,7.50056323899224,43,100,0.217976478975032,-0.591845344274662,22,1,0.74704,50,0.4,0.6,40,"both",0.217976478975032,-0.591845344274662
"2165",22,1,0.0302297829455882,-7.23320846075699,7.50056323899224,43,100,0.217976478975032,-0.591845344274662,22,1,-0.42271,50,0.4,0.6,40,"both",0.217976478975032,-0.591845344274662
"2166",22,1,0.0302297829455882,-7.23320846075699,7.50056323899224,43,100,0.217976478975032,-0.591845344274662,22,1,2.89581,50,0.4,0.6,40,"both",0.217976478975032,-0.591845344274662
"2167",22,1,0.0302297829455882,-7.23320846075699,7.50056323899224,43,100,0.217976478975032,-0.591845344274662,22,0,-8.32737,50,0.4,0.6,40,"both",0.217976478975032,-0.591845344274662
"2168",22,1,0.0302297829455882,-7.23320846075699,7.50056323899224,43,100,0.217976478975032,-0.591845344274662,22,1,-0.961480000000001,50,0.4,0.6,40,"both",0.217976478975032,-0.591845344274662
"2169",22,1,0.0302297829455882,-7.23320846075699,7.50056323899224,43,100,0.217976478975032,-0.591845344274662,22,1,1.24551,50,0.4,0.6,40,"both",0.217976478975032,-0.591845344274662
"2170",22,1,0.0302297829455882,-7.23320846075699,7.50056323899224,43,100,0.217976478975032,-0.591845344274662,22,1,-13.46822,50,0.4,0.6,40,"both",0.217976478975032,-0.591845344274662
"2171",22,1,0.0302297829455882,-7.23320846075699,7.50056323899224,43,100,0.217976478975032,-0.591845344274662,22,0,-8.64614,50,0.4,0.6,40,"both",0.217976478975032,-0.591845344274662
"2172",22,1,0.0302297829455882,-7.23320846075699,7.50056323899224,43,100,0.217976478975032,-0.591845344274662,22,0,-13.34898,50,0.4,0.6,40,"both",0.217976478975032,-0.591845344274662
"2173",22,1,0.0302297829455882,-7.23320846075699,7.50056323899224,43,100,0.217976478975032,-0.591845344274662,22,1,6.62492,50,0.4,0.6,40,"both",0.217976478975032,-0.591845344274662
"2174",22,1,0.0302297829455882,-7.23320846075699,7.50056323899224,43,100,0.217976478975032,-0.591845344274662,22,0,-16.88436,50,0.4,0.6,40,"both",0.217976478975032,-0.591845344274662
"2175",22,1,0.0302297829455882,-7.23320846075699,7.50056323899224,43,100,0.217976478975032,-0.591845344274662,22,0,-10.67705,50,0.4,0.6,40,"both",0.217976478975032,-0.591845344274662
"2176",22,1,0.0302297829455882,-7.23320846075699,7.50056323899224,43,100,0.217976478975032,-0.591845344274662,22,0,-1.10719,50,0.4,0.6,40,"both",0.217976478975032,-0.591845344274662
"2177",22,1,0.0302297829455882,-7.23320846075699,7.50056323899224,43,100,0.217976478975032,-0.591845344274662,22,0,-3.41831,50,0.4,0.6,40,"both",0.217976478975032,-0.591845344274662
"2178",22,1,0.0302297829455882,-7.23320846075699,7.50056323899224,43,100,0.217976478975032,-0.591845344274662,22,0,-10.76134,50,0.4,0.6,40,"both",0.217976478975032,-0.591845344274662
"2179",22,1,0.0302297829455882,-7.23320846075699,7.50056323899224,43,100,0.217976478975032,-0.591845344274662,22,1,1.43445,50,0.4,0.6,40,"both",0.217976478975032,-0.591845344274662
"2180",22,1,0.0302297829455882,-7.23320846075699,7.50056323899224,43,100,0.217976478975032,-0.591845344274662,22,0,-8.76543,50,0.4,0.6,40,"both",0.217976478975032,-0.591845344274662
"2181",22,1,0.0302297829455882,-7.23320846075699,7.50056323899224,43,100,0.217976478975032,-0.591845344274662,22,1,1.75428,50,0.4,0.6,40,"both",0.217976478975032,-0.591845344274662
"2182",22,1,0.0302297829455882,-7.23320846075699,7.50056323899224,43,100,0.217976478975032,-0.591845344274662,22,1,-1.7907,50,0.4,0.6,40,"both",0.217976478975032,-0.591845344274662
"2183",22,1,0.0302297829455882,-7.23320846075699,7.50056323899224,43,100,0.217976478975032,-0.591845344274662,22,1,1.30307,50,0.4,0.6,40,"both",0.217976478975032,-0.591845344274662
"2184",22,1,0.0302297829455882,-7.23320846075699,7.50056323899224,43,100,0.217976478975032,-0.591845344274662,22,1,-10.19923,50,0.4,0.6,40,"both",0.217976478975032,-0.591845344274662
"2185",22,1,0.0302297829455882,-7.23320846075699,7.50056323899224,43,100,0.217976478975032,-0.591845344274662,22,0,0.15379,50,0.4,0.6,40,"both",0.217976478975032,-0.591845344274662
"2186",22,1,0.0302297829455882,-7.23320846075699,7.50056323899224,43,100,0.217976478975032,-0.591845344274662,22,1,2.45873,50,0.4,0.6,40,"both",0.217976478975032,-0.591845344274662
"2187",22,1,0.0302297829455882,-7.23320846075699,7.50056323899224,43,100,0.217976478975032,-0.591845344274662,22,1,3.3506,50,0.4,0.6,40,"both",0.217976478975032,-0.591845344274662
"2188",22,1,0.0302297829455882,-7.23320846075699,7.50056323899224,43,100,0.217976478975032,-0.591845344274662,22,0,-15.47436,50,0.4,0.6,40,"both",0.217976478975032,-0.591845344274662
"2189",22,1,0.0302297829455882,-7.23320846075699,7.50056323899224,43,100,0.217976478975032,-0.591845344274662,22,1,1.7505,50,0.4,0.6,40,"both",0.217976478975032,-0.591845344274662
"2190",22,1,0.0302297829455882,-7.23320846075699,7.50056323899224,43,100,0.217976478975032,-0.591845344274662,22,1,-1.14031,50,0.4,0.6,40,"both",0.217976478975032,-0.591845344274662
"2191",22,1,0.0302297829455882,-7.23320846075699,7.50056323899224,43,100,0.217976478975032,-0.591845344274662,22,1,-2.71079,50,0.4,0.6,40,"both",0.217976478975032,-0.591845344274662
"2192",22,1,0.0302297829455882,-7.23320846075699,7.50056323899224,43,100,0.217976478975032,-0.591845344274662,22,0,-12.35907,50,0.4,0.6,40,"both",0.217976478975032,-0.591845344274662
"2193",22,1,0.0302297829455882,-7.23320846075699,7.50056323899224,43,100,0.217976478975032,-0.591845344274662,22,0,-13.49482,50,0.4,0.6,40,"both",0.217976478975032,-0.591845344274662
"2194",22,1,0.0302297829455882,-7.23320846075699,7.50056323899224,43,100,0.217976478975032,-0.591845344274662,22,1,0.21771,50,0.4,0.6,40,"both",0.217976478975032,-0.591845344274662
"2195",22,1,0.0302297829455882,-7.23320846075699,7.50056323899224,43,100,0.217976478975032,-0.591845344274662,22,1,2.56222,50,0.4,0.6,40,"both",0.217976478975032,-0.591845344274662
"2196",22,1,0.0302297829455882,-7.23320846075699,7.50056323899224,43,100,0.217976478975032,-0.591845344274662,22,0,-17.20119,50,0.4,0.6,40,"both",0.217976478975032,-0.591845344274662
"2197",22,1,0.0302297829455882,-7.23320846075699,7.50056323899224,43,100,0.217976478975032,-0.591845344274662,22,0,-9.97058,50,0.4,0.6,40,"both",0.217976478975032,-0.591845344274662
"2198",22,1,0.0302297829455882,-7.23320846075699,7.50056323899224,43,100,0.217976478975032,-0.591845344274662,22,0,-13.98663,50,0.4,0.6,40,"both",0.217976478975032,-0.591845344274662
"2199",22,1,0.0302297829455882,-7.23320846075699,7.50056323899224,43,100,0.217976478975032,-0.591845344274662,22,1,-2.32934,50,0.4,0.6,40,"both",0.217976478975032,-0.591845344274662
"2200",22,1,0.0302297829455882,-7.23320846075699,7.50056323899224,43,100,0.217976478975032,-0.591845344274662,22,0,-11.33462,50,0.4,0.6,40,"both",0.217976478975032,-0.591845344274662
"2201",23,1,0.00683302598632038,-1.18864735768232,8.40847655439303,45,100,0.217976478975032,-0.591845344274662,23,1,8.8934244986,50,0.4,0.6,40,"both",0.217976478975032,-0.591845344274662
"2202",23,1,0.00683302598632038,-1.18864735768232,8.40847655439303,45,100,0.217976478975032,-0.591845344274662,23,0,-6.7834185002,50,0.4,0.6,40,"both",0.217976478975032,-0.591845344274662
"2203",23,1,0.00683302598632038,-1.18864735768232,8.40847655439303,45,100,0.217976478975032,-0.591845344274662,23,0,1.06403179189,50,0.4,0.6,40,"both",0.217976478975032,-0.591845344274662
"2204",23,1,0.00683302598632038,-1.18864735768232,8.40847655439303,45,100,0.217976478975032,-0.591845344274662,23,1,5.32176842391,50,0.4,0.6,40,"both",0.217976478975032,-0.591845344274662
"2205",23,1,0.00683302598632038,-1.18864735768232,8.40847655439303,45,100,0.217976478975032,-0.591845344274662,23,1,5.54938,50,0.4,0.6,40,"both",0.217976478975032,-0.591845344274662
"2206",23,1,0.00683302598632038,-1.18864735768232,8.40847655439303,45,100,0.217976478975032,-0.591845344274662,23,1,4.9406,50,0.4,0.6,40,"both",0.217976478975032,-0.591845344274662
"2207",23,1,0.00683302598632038,-1.18864735768232,8.40847655439303,45,100,0.217976478975032,-0.591845344274662,23,0,1.20489,50,0.4,0.6,40,"both",0.217976478975032,-0.591845344274662
"2208",23,1,0.00683302598632038,-1.18864735768232,8.40847655439303,45,100,0.217976478975032,-0.591845344274662,23,0,-7.303473,50,0.4,0.6,40,"both",0.217976478975032,-0.591845344274662
"2209",23,1,0.00683302598632038,-1.18864735768232,8.40847655439303,45,100,0.217976478975032,-0.591845344274662,23,1,6.72365,50,0.4,0.6,40,"both",0.217976478975032,-0.591845344274662
"2210",23,1,0.00683302598632038,-1.18864735768232,8.40847655439303,45,100,0.217976478975032,-0.591845344274662,23,1,2.36793,50,0.4,0.6,40,"both",0.217976478975032,-0.591845344274662
"2211",23,1,0.00683302598632038,-1.18864735768232,8.40847655439303,45,100,0.217976478975032,-0.591845344274662,23,0,-16.20145,50,0.4,0.6,40,"both",0.217976478975032,-0.591845344274662
"2212",23,1,0.00683302598632038,-1.18864735768232,8.40847655439303,45,100,0.217976478975032,-0.591845344274662,23,0,3.152482,50,0.4,0.6,40,"both",0.217976478975032,-0.591845344274662
"2213",23,1,0.00683302598632038,-1.18864735768232,8.40847655439303,45,100,0.217976478975032,-0.591845344274662,23,1,1.542,50,0.4,0.6,40,"both",0.217976478975032,-0.591845344274662
"2214",23,1,0.00683302598632038,-1.18864735768232,8.40847655439303,45,100,0.217976478975032,-0.591845344274662,23,1,3.55379,50,0.4,0.6,40,"both",0.217976478975032,-0.591845344274662
"2215",23,1,0.00683302598632038,-1.18864735768232,8.40847655439303,45,100,0.217976478975032,-0.591845344274662,23,1,0.09876,50,0.4,0.6,40,"both",0.217976478975032,-0.591845344274662
"2216",23,1,0.00683302598632038,-1.18864735768232,8.40847655439303,45,100,0.217976478975032,-0.591845344274662,23,1,2.53692,50,0.4,0.6,40,"both",0.217976478975032,-0.591845344274662
"2217",23,1,0.00683302598632038,-1.18864735768232,8.40847655439303,45,100,0.217976478975032,-0.591845344274662,23,0,7.07314,50,0.4,0.6,40,"both",0.217976478975032,-0.591845344274662
"2218",23,1,0.00683302598632038,-1.18864735768232,8.40847655439303,45,100,0.217976478975032,-0.591845344274662,23,1,4.992215,50,0.4,0.6,40,"both",0.217976478975032,-0.591845344274662
"2219",23,1,0.00683302598632038,-1.18864735768232,8.40847655439303,45,100,0.217976478975032,-0.591845344274662,23,1,0.8711,50,0.4,0.6,40,"both",0.217976478975032,-0.591845344274662
"2220",23,1,0.00683302598632038,-1.18864735768232,8.40847655439303,45,100,0.217976478975032,-0.591845344274662,23,1,5.7191,50,0.4,0.6,40,"both",0.217976478975032,-0.591845344274662
"2221",23,1,0.00683302598632038,-1.18864735768232,8.40847655439303,45,100,0.217976478975032,-0.591845344274662,23,1,1.63082,50,0.4,0.6,40,"both",0.217976478975032,-0.591845344274662
"2222",23,1,0.00683302598632038,-1.18864735768232,8.40847655439303,45,100,0.217976478975032,-0.591845344274662,23,1,-6.83887,50,0.4,0.6,40,"both",0.217976478975032,-0.591845344274662
"2223",23,1,0.00683302598632038,-1.18864735768232,8.40847655439303,45,100,0.217976478975032,-0.591845344274662,23,1,20.429,50,0.4,0.6,40,"both",0.217976478975032,-0.591845344274662
"2224",23,1,0.00683302598632038,-1.18864735768232,8.40847655439303,45,100,0.217976478975032,-0.591845344274662,23,1,13.29744,50,0.4,0.6,40,"both",0.217976478975032,-0.591845344274662
"2225",23,1,0.00683302598632038,-1.18864735768232,8.40847655439303,45,100,0.217976478975032,-0.591845344274662,23,1,4.05142,50,0.4,0.6,40,"both",0.217976478975032,-0.591845344274662
"2226",23,1,0.00683302598632038,-1.18864735768232,8.40847655439303,45,100,0.217976478975032,-0.591845344274662,23,0,-15.24765,50,0.4,0.6,40,"both",0.217976478975032,-0.591845344274662
"2227",23,1,0.00683302598632038,-1.18864735768232,8.40847655439303,45,100,0.217976478975032,-0.591845344274662,23,0,-5.16933,50,0.4,0.6,40,"both",0.217976478975032,-0.591845344274662
"2228",23,1,0.00683302598632038,-1.18864735768232,8.40847655439303,45,100,0.217976478975032,-0.591845344274662,23,0,2.99936,50,0.4,0.6,40,"both",0.217976478975032,-0.591845344274662
"2229",23,1,0.00683302598632038,-1.18864735768232,8.40847655439303,45,100,0.217976478975032,-0.591845344274662,23,1,0.48364,50,0.4,0.6,40,"both",0.217976478975032,-0.591845344274662
"2230",23,1,0.00683302598632038,-1.18864735768232,8.40847655439303,45,100,0.217976478975032,-0.591845344274662,23,0,-20.50586,50,0.4,0.6,40,"both",0.217976478975032,-0.591845344274662
"2231",23,1,0.00683302598632038,-1.18864735768232,8.40847655439303,45,100,0.217976478975032,-0.591845344274662,23,0,-23.90356,50,0.4,0.6,40,"both",0.217976478975032,-0.591845344274662
"2232",23,1,0.00683302598632038,-1.18864735768232,8.40847655439303,45,100,0.217976478975032,-0.591845344274662,23,0,-5.898369,50,0.4,0.6,40,"both",0.217976478975032,-0.591845344274662
"2233",23,1,0.00683302598632038,-1.18864735768232,8.40847655439303,45,100,0.217976478975032,-0.591845344274662,23,0,-10.44015,50,0.4,0.6,40,"both",0.217976478975032,-0.591845344274662
"2234",23,1,0.00683302598632038,-1.18864735768232,8.40847655439303,45,100,0.217976478975032,-0.591845344274662,23,0,3.536511,50,0.4,0.6,40,"both",0.217976478975032,-0.591845344274662
"2235",23,1,0.00683302598632038,-1.18864735768232,8.40847655439303,45,100,0.217976478975032,-0.591845344274662,23,1,12.03042,50,0.4,0.6,40,"both",0.217976478975032,-0.591845344274662
"2236",23,1,0.00683302598632038,-1.18864735768232,8.40847655439303,45,100,0.217976478975032,-0.591845344274662,23,0,-10.19365,50,0.4,0.6,40,"both",0.217976478975032,-0.591845344274662
"2237",23,1,0.00683302598632038,-1.18864735768232,8.40847655439303,45,100,0.217976478975032,-0.591845344274662,23,1,11.524769,50,0.4,0.6,40,"both",0.217976478975032,-0.591845344274662
"2238",23,1,0.00683302598632038,-1.18864735768232,8.40847655439303,45,100,0.217976478975032,-0.591845344274662,23,0,-13.14818,50,0.4,0.6,40,"both",0.217976478975032,-0.591845344274662
"2239",23,1,0.00683302598632038,-1.18864735768232,8.40847655439303,45,100,0.217976478975032,-0.591845344274662,23,0,-10.19761,50,0.4,0.6,40,"both",0.217976478975032,-0.591845344274662
"2240",23,1,0.00683302598632038,-1.18864735768232,8.40847655439303,45,100,0.217976478975032,-0.591845344274662,23,0,-6.7011,50,0.4,0.6,40,"both",0.217976478975032,-0.591845344274662
"2241",23,1,0.00683302598632038,-1.18864735768232,8.40847655439303,45,100,0.217976478975032,-0.591845344274662,23,1,1.492321,50,0.4,0.6,40,"both",0.217976478975032,-0.591845344274662
"2242",23,1,0.00683302598632038,-1.18864735768232,8.40847655439303,45,100,0.217976478975032,-0.591845344274662,23,1,6.87767,50,0.4,0.6,40,"both",0.217976478975032,-0.591845344274662
"2243",23,1,0.00683302598632038,-1.18864735768232,8.40847655439303,45,100,0.217976478975032,-0.591845344274662,23,1,-6.33009,50,0.4,0.6,40,"both",0.217976478975032,-0.591845344274662
"2244",23,1,0.00683302598632038,-1.18864735768232,8.40847655439303,45,100,0.217976478975032,-0.591845344274662,23,1,-6.327833,50,0.4,0.6,40,"both",0.217976478975032,-0.591845344274662
"2245",23,1,0.00683302598632038,-1.18864735768232,8.40847655439303,45,100,0.217976478975032,-0.591845344274662,23,0,-6.16513,50,0.4,0.6,40,"both",0.217976478975032,-0.591845344274662
"2246",23,1,0.00683302598632038,-1.18864735768232,8.40847655439303,45,100,0.217976478975032,-0.591845344274662,23,0,3.22348,50,0.4,0.6,40,"both",0.217976478975032,-0.591845344274662
"2247",23,1,0.00683302598632038,-1.18864735768232,8.40847655439303,45,100,0.217976478975032,-0.591845344274662,23,0,0.81149,50,0.4,0.6,40,"both",0.217976478975032,-0.591845344274662
"2248",23,1,0.00683302598632038,-1.18864735768232,8.40847655439303,45,100,0.217976478975032,-0.591845344274662,23,1,11.643398,50,0.4,0.6,40,"both",0.217976478975032,-0.591845344274662
"2249",23,1,0.00683302598632038,-1.18864735768232,8.40847655439303,45,100,0.217976478975032,-0.591845344274662,23,1,2.62285,50,0.4,0.6,40,"both",0.217976478975032,-0.591845344274662
"2250",23,1,0.00683302598632038,-1.18864735768232,8.40847655439303,45,100,0.217976478975032,-0.591845344274662,23,0,-12.4135077,50,0.4,0.6,40,"both",0.217976478975032,-0.591845344274662
"2251",23,1,0.00683302598632038,-1.18864735768232,8.40847655439303,45,100,0.217976478975032,-0.591845344274662,23,0,-6.39509,50,0.4,0.6,40,"both",0.217976478975032,-0.591845344274662
"2252",23,1,0.00683302598632038,-1.18864735768232,8.40847655439303,45,100,0.217976478975032,-0.591845344274662,23,1,8.9517,50,0.4,0.6,40,"both",0.217976478975032,-0.591845344274662
"2253",23,1,0.00683302598632038,-1.18864735768232,8.40847655439303,45,100,0.217976478975032,-0.591845344274662,23,0,-6.83421,50,0.4,0.6,40,"both",0.217976478975032,-0.591845344274662
"2254",23,1,0.00683302598632038,-1.18864735768232,8.40847655439303,45,100,0.217976478975032,-0.591845344274662,23,1,0.880479999999999,50,0.4,0.6,40,"both",0.217976478975032,-0.591845344274662
"2255",23,1,0.00683302598632038,-1.18864735768232,8.40847655439303,45,100,0.217976478975032,-0.591845344274662,23,1,6.5700179,50,0.4,0.6,40,"both",0.217976478975032,-0.591845344274662
"2256",23,1,0.00683302598632038,-1.18864735768232,8.40847655439303,45,100,0.217976478975032,-0.591845344274662,23,0,-5.554554,50,0.4,0.6,40,"both",0.217976478975032,-0.591845344274662
"2257",23,1,0.00683302598632038,-1.18864735768232,8.40847655439303,45,100,0.217976478975032,-0.591845344274662,23,0,2.30651,50,0.4,0.6,40,"both",0.217976478975032,-0.591845344274662
"2258",23,1,0.00683302598632038,-1.18864735768232,8.40847655439303,45,100,0.217976478975032,-0.591845344274662,23,1,5.34004,50,0.4,0.6,40,"both",0.217976478975032,-0.591845344274662
"2259",23,1,0.00683302598632038,-1.18864735768232,8.40847655439303,45,100,0.217976478975032,-0.591845344274662,23,1,8.14914,50,0.4,0.6,40,"both",0.217976478975032,-0.591845344274662
"2260",23,1,0.00683302598632038,-1.18864735768232,8.40847655439303,45,100,0.217976478975032,-0.591845344274662,23,1,8.075312,50,0.4,0.6,40,"both",0.217976478975032,-0.591845344274662
"2261",23,1,0.00683302598632038,-1.18864735768232,8.40847655439303,45,100,0.217976478975032,-0.591845344274662,23,0,-10.62679,50,0.4,0.6,40,"both",0.217976478975032,-0.591845344274662
"2262",23,1,0.00683302598632038,-1.18864735768232,8.40847655439303,45,100,0.217976478975032,-0.591845344274662,23,1,4.2241,50,0.4,0.6,40,"both",0.217976478975032,-0.591845344274662
"2263",23,1,0.00683302598632038,-1.18864735768232,8.40847655439303,45,100,0.217976478975032,-0.591845344274662,23,0,-6.61611,50,0.4,0.6,40,"both",0.217976478975032,-0.591845344274662
"2264",23,1,0.00683302598632038,-1.18864735768232,8.40847655439303,45,100,0.217976478975032,-0.591845344274662,23,1,7.83921,50,0.4,0.6,40,"both",0.217976478975032,-0.591845344274662
"2265",23,1,0.00683302598632038,-1.18864735768232,8.40847655439303,45,100,0.217976478975032,-0.591845344274662,23,0,-0.0320800000000001,50,0.4,0.6,40,"both",0.217976478975032,-0.591845344274662
"2266",23,1,0.00683302598632038,-1.18864735768232,8.40847655439303,45,100,0.217976478975032,-0.591845344274662,23,0,-9.86298,50,0.4,0.6,40,"both",0.217976478975032,-0.591845344274662
"2267",23,1,0.00683302598632038,-1.18864735768232,8.40847655439303,45,100,0.217976478975032,-0.591845344274662,23,0,2.57165,50,0.4,0.6,40,"both",0.217976478975032,-0.591845344274662
"2268",23,1,0.00683302598632038,-1.18864735768232,8.40847655439303,45,100,0.217976478975032,-0.591845344274662,23,0,-7.4922,50,0.4,0.6,40,"both",0.217976478975032,-0.591845344274662
"2269",23,1,0.00683302598632038,-1.18864735768232,8.40847655439303,45,100,0.217976478975032,-0.591845344274662,23,0,-9.2426,50,0.4,0.6,40,"both",0.217976478975032,-0.591845344274662
"2270",23,1,0.00683302598632038,-1.18864735768232,8.40847655439303,45,100,0.217976478975032,-0.591845344274662,23,1,3.38859,50,0.4,0.6,40,"both",0.217976478975032,-0.591845344274662
"2271",23,1,0.00683302598632038,-1.18864735768232,8.40847655439303,45,100,0.217976478975032,-0.591845344274662,23,0,-3.458786,50,0.4,0.6,40,"both",0.217976478975032,-0.591845344274662
"2272",23,1,0.00683302598632038,-1.18864735768232,8.40847655439303,45,100,0.217976478975032,-0.591845344274662,23,0,-4.768202,50,0.4,0.6,40,"both",0.217976478975032,-0.591845344274662
"2273",23,1,0.00683302598632038,-1.18864735768232,8.40847655439303,45,100,0.217976478975032,-0.591845344274662,23,1,5.36682,50,0.4,0.6,40,"both",0.217976478975032,-0.591845344274662
"2274",23,1,0.00683302598632038,-1.18864735768232,8.40847655439303,45,100,0.217976478975032,-0.591845344274662,23,1,6.16894,50,0.4,0.6,40,"both",0.217976478975032,-0.591845344274662
"2275",23,1,0.00683302598632038,-1.18864735768232,8.40847655439303,45,100,0.217976478975032,-0.591845344274662,23,1,-6.471424,50,0.4,0.6,40,"both",0.217976478975032,-0.591845344274662
"2276",23,1,0.00683302598632038,-1.18864735768232,8.40847655439303,45,100,0.217976478975032,-0.591845344274662,23,0,-4.883749,50,0.4,0.6,40,"both",0.217976478975032,-0.591845344274662
"2277",23,1,0.00683302598632038,-1.18864735768232,8.40847655439303,45,100,0.217976478975032,-0.591845344274662,23,1,-4.4436984,50,0.4,0.6,40,"both",0.217976478975032,-0.591845344274662
"2278",23,1,0.00683302598632038,-1.18864735768232,8.40847655439303,45,100,0.217976478975032,-0.591845344274662,23,1,6.49774,50,0.4,0.6,40,"both",0.217976478975032,-0.591845344274662
"2279",23,1,0.00683302598632038,-1.18864735768232,8.40847655439303,45,100,0.217976478975032,-0.591845344274662,23,0,-9.58437,50,0.4,0.6,40,"both",0.217976478975032,-0.591845344274662
"2280",23,1,0.00683302598632038,-1.18864735768232,8.40847655439303,45,100,0.217976478975032,-0.591845344274662,23,0,2.10768,50,0.4,0.6,40,"both",0.217976478975032,-0.591845344274662
"2281",23,1,0.00683302598632038,-1.18864735768232,8.40847655439303,45,100,0.217976478975032,-0.591845344274662,23,1,6.87711,50,0.4,0.6,40,"both",0.217976478975032,-0.591845344274662
"2282",23,1,0.00683302598632038,-1.18864735768232,8.40847655439303,45,100,0.217976478975032,-0.591845344274662,23,0,3.11407,50,0.4,0.6,40,"both",0.217976478975032,-0.591845344274662
"2283",23,1,0.00683302598632038,-1.18864735768232,8.40847655439303,45,100,0.217976478975032,-0.591845344274662,23,1,6.06958,50,0.4,0.6,40,"both",0.217976478975032,-0.591845344274662
"2284",23,1,0.00683302598632038,-1.18864735768232,8.40847655439303,45,100,0.217976478975032,-0.591845344274662,23,0,-5.975316,50,0.4,0.6,40,"both",0.217976478975032,-0.591845344274662
"2285",23,1,0.00683302598632038,-1.18864735768232,8.40847655439303,45,100,0.217976478975032,-0.591845344274662,23,0,-10.608832,50,0.4,0.6,40,"both",0.217976478975032,-0.591845344274662
"2286",23,1,0.00683302598632038,-1.18864735768232,8.40847655439303,45,100,0.217976478975032,-0.591845344274662,23,1,7.138885,50,0.4,0.6,40,"both",0.217976478975032,-0.591845344274662
"2287",23,1,0.00683302598632038,-1.18864735768232,8.40847655439303,45,100,0.217976478975032,-0.591845344274662,23,0,-4.42958,50,0.4,0.6,40,"both",0.217976478975032,-0.591845344274662
"2288",23,1,0.00683302598632038,-1.18864735768232,8.40847655439303,45,100,0.217976478975032,-0.591845344274662,23,1,6.067711,50,0.4,0.6,40,"both",0.217976478975032,-0.591845344274662
"2289",23,1,0.00683302598632038,-1.18864735768232,8.40847655439303,45,100,0.217976478975032,-0.591845344274662,23,0,5.00414,50,0.4,0.6,40,"both",0.217976478975032,-0.591845344274662
"2290",23,1,0.00683302598632038,-1.18864735768232,8.40847655439303,45,100,0.217976478975032,-0.591845344274662,23,1,4.500127,50,0.4,0.6,40,"both",0.217976478975032,-0.591845344274662
"2291",23,1,0.00683302598632038,-1.18864735768232,8.40847655439303,45,100,0.217976478975032,-0.591845344274662,23,1,8.76673,50,0.4,0.6,40,"both",0.217976478975032,-0.591845344274662
"2292",23,1,0.00683302598632038,-1.18864735768232,8.40847655439303,45,100,0.217976478975032,-0.591845344274662,23,0,-7.61502,50,0.4,0.6,40,"both",0.217976478975032,-0.591845344274662
"2293",23,1,0.00683302598632038,-1.18864735768232,8.40847655439303,45,100,0.217976478975032,-0.591845344274662,23,0,2.04204,50,0.4,0.6,40,"both",0.217976478975032,-0.591845344274662
"2294",23,1,0.00683302598632038,-1.18864735768232,8.40847655439303,45,100,0.217976478975032,-0.591845344274662,23,1,1.25916,50,0.4,0.6,40,"both",0.217976478975032,-0.591845344274662
"2295",23,1,0.00683302598632038,-1.18864735768232,8.40847655439303,45,100,0.217976478975032,-0.591845344274662,23,1,0.52796,50,0.4,0.6,40,"both",0.217976478975032,-0.591845344274662
"2296",23,1,0.00683302598632038,-1.18864735768232,8.40847655439303,45,100,0.217976478975032,-0.591845344274662,23,1,6.20058,50,0.4,0.6,40,"both",0.217976478975032,-0.591845344274662
"2297",23,1,0.00683302598632038,-1.18864735768232,8.40847655439303,45,100,0.217976478975032,-0.591845344274662,23,1,5.36251,50,0.4,0.6,40,"both",0.217976478975032,-0.591845344274662
"2298",23,1,0.00683302598632038,-1.18864735768232,8.40847655439303,45,100,0.217976478975032,-0.591845344274662,23,0,5.92904,50,0.4,0.6,40,"both",0.217976478975032,-0.591845344274662
"2299",23,1,0.00683302598632038,-1.18864735768232,8.40847655439303,45,100,0.217976478975032,-0.591845344274662,23,1,-2.82435,50,0.4,0.6,40,"both",0.217976478975032,-0.591845344274662
"2300",23,1,0.00683302598632038,-1.18864735768232,8.40847655439303,45,100,0.217976478975032,-0.591845344274662,23,0,4.57172,50,0.4,0.6,40,"both",0.217976478975032,-0.591845344274662
"2301",24,1,0.0103034916088685,-11.0483703541577,6.28938026572549,47,100,0.217976478975032,-0.591845344274662,24,1,-8.57401484,50,0.4,0.6,40,"both",0.217976478975032,-0.591845344274662
"2302",24,1,0.0103034916088685,-11.0483703541577,6.28938026572549,47,100,0.217976478975032,-0.591845344274662,24,1,-10.5178566519,50,0.4,0.6,40,"both",0.217976478975032,-0.591845344274662
"2303",24,1,0.0103034916088685,-11.0483703541577,6.28938026572549,47,100,0.217976478975032,-0.591845344274662,24,0,-18.69596672,50,0.4,0.6,40,"both",0.217976478975032,-0.591845344274662
"2304",24,1,0.0103034916088685,-11.0483703541577,6.28938026572549,47,100,0.217976478975032,-0.591845344274662,24,0,-9.3082230828,50,0.4,0.6,40,"both",0.217976478975032,-0.591845344274662
"2305",24,1,0.0103034916088685,-11.0483703541577,6.28938026572549,47,100,0.217976478975032,-0.591845344274662,24,1,12.75016,50,0.4,0.6,40,"both",0.217976478975032,-0.591845344274662
"2306",24,1,0.0103034916088685,-11.0483703541577,6.28938026572549,47,100,0.217976478975032,-0.591845344274662,24,0,-10.39332644198,50,0.4,0.6,40,"both",0.217976478975032,-0.591845344274662
"2307",24,1,0.0103034916088685,-11.0483703541577,6.28938026572549,47,100,0.217976478975032,-0.591845344274662,24,1,-1.0206623195,50,0.4,0.6,40,"both",0.217976478975032,-0.591845344274662
"2308",24,1,0.0103034916088685,-11.0483703541577,6.28938026572549,47,100,0.217976478975032,-0.591845344274662,24,0,-12.88289,50,0.4,0.6,40,"both",0.217976478975032,-0.591845344274662
"2309",24,1,0.0103034916088685,-11.0483703541577,6.28938026572549,47,100,0.217976478975032,-0.591845344274662,24,1,-10.42608,50,0.4,0.6,40,"both",0.217976478975032,-0.591845344274662
"2310",24,1,0.0103034916088685,-11.0483703541577,6.28938026572549,47,100,0.217976478975032,-0.591845344274662,24,0,-21.9657,50,0.4,0.6,40,"both",0.217976478975032,-0.591845344274662
"2311",24,1,0.0103034916088685,-11.0483703541577,6.28938026572549,47,100,0.217976478975032,-0.591845344274662,24,0,-27.1834,50,0.4,0.6,40,"both",0.217976478975032,-0.591845344274662
"2312",24,1,0.0103034916088685,-11.0483703541577,6.28938026572549,47,100,0.217976478975032,-0.591845344274662,24,1,-3.53875,50,0.4,0.6,40,"both",0.217976478975032,-0.591845344274662
"2313",24,1,0.0103034916088685,-11.0483703541577,6.28938026572549,47,100,0.217976478975032,-0.591845344274662,24,0,-18.56988,50,0.4,0.6,40,"both",0.217976478975032,-0.591845344274662
"2314",24,1,0.0103034916088685,-11.0483703541577,6.28938026572549,47,100,0.217976478975032,-0.591845344274662,24,0,-17.80096,50,0.4,0.6,40,"both",0.217976478975032,-0.591845344274662
"2315",24,1,0.0103034916088685,-11.0483703541577,6.28938026572549,47,100,0.217976478975032,-0.591845344274662,24,0,-11.68694,50,0.4,0.6,40,"both",0.217976478975032,-0.591845344274662
"2316",24,1,0.0103034916088685,-11.0483703541577,6.28938026572549,47,100,0.217976478975032,-0.591845344274662,24,0,-15.39262,50,0.4,0.6,40,"both",0.217976478975032,-0.591845344274662
"2317",24,1,0.0103034916088685,-11.0483703541577,6.28938026572549,47,100,0.217976478975032,-0.591845344274662,24,0,0.669599999999999,50,0.4,0.6,40,"both",0.217976478975032,-0.591845344274662
"2318",24,1,0.0103034916088685,-11.0483703541577,6.28938026572549,47,100,0.217976478975032,-0.591845344274662,24,0,-25.3144,50,0.4,0.6,40,"both",0.217976478975032,-0.591845344274662
"2319",24,1,0.0103034916088685,-11.0483703541577,6.28938026572549,47,100,0.217976478975032,-0.591845344274662,24,1,-5.4587818009,50,0.4,0.6,40,"both",0.217976478975032,-0.591845344274662
"2320",24,1,0.0103034916088685,-11.0483703541577,6.28938026572549,47,100,0.217976478975032,-0.591845344274662,24,0,-12.71842,50,0.4,0.6,40,"both",0.217976478975032,-0.591845344274662
"2321",24,1,0.0103034916088685,-11.0483703541577,6.28938026572549,47,100,0.217976478975032,-0.591845344274662,24,0,-19.00725,50,0.4,0.6,40,"both",0.217976478975032,-0.591845344274662
"2322",24,1,0.0103034916088685,-11.0483703541577,6.28938026572549,47,100,0.217976478975032,-0.591845344274662,24,1,-9.52055,50,0.4,0.6,40,"both",0.217976478975032,-0.591845344274662
"2323",24,1,0.0103034916088685,-11.0483703541577,6.28938026572549,47,100,0.217976478975032,-0.591845344274662,24,0,-13.80774,50,0.4,0.6,40,"both",0.217976478975032,-0.591845344274662
"2324",24,1,0.0103034916088685,-11.0483703541577,6.28938026572549,47,100,0.217976478975032,-0.591845344274662,24,0,-11.79403,50,0.4,0.6,40,"both",0.217976478975032,-0.591845344274662
"2325",24,1,0.0103034916088685,-11.0483703541577,6.28938026572549,47,100,0.217976478975032,-0.591845344274662,24,0,-13.60332,50,0.4,0.6,40,"both",0.217976478975032,-0.591845344274662
"2326",24,1,0.0103034916088685,-11.0483703541577,6.28938026572549,47,100,0.217976478975032,-0.591845344274662,24,1,0.0189500000000002,50,0.4,0.6,40,"both",0.217976478975032,-0.591845344274662
"2327",24,1,0.0103034916088685,-11.0483703541577,6.28938026572549,47,100,0.217976478975032,-0.591845344274662,24,0,-10.71054,50,0.4,0.6,40,"both",0.217976478975032,-0.591845344274662
"2328",24,1,0.0103034916088685,-11.0483703541577,6.28938026572549,47,100,0.217976478975032,-0.591845344274662,24,1,-0.2811,50,0.4,0.6,40,"both",0.217976478975032,-0.591845344274662
"2329",24,1,0.0103034916088685,-11.0483703541577,6.28938026572549,47,100,0.217976478975032,-0.591845344274662,24,0,-13.65358,50,0.4,0.6,40,"both",0.217976478975032,-0.591845344274662
"2330",24,1,0.0103034916088685,-11.0483703541577,6.28938026572549,47,100,0.217976478975032,-0.591845344274662,24,0,-12.6009,50,0.4,0.6,40,"both",0.217976478975032,-0.591845344274662
"2331",24,1,0.0103034916088685,-11.0483703541577,6.28938026572549,47,100,0.217976478975032,-0.591845344274662,24,1,-8.18923,50,0.4,0.6,40,"both",0.217976478975032,-0.591845344274662
"2332",24,1,0.0103034916088685,-11.0483703541577,6.28938026572549,47,100,0.217976478975032,-0.591845344274662,24,1,-11.91667,50,0.4,0.6,40,"both",0.217976478975032,-0.591845344274662
"2333",24,1,0.0103034916088685,-11.0483703541577,6.28938026572549,47,100,0.217976478975032,-0.591845344274662,24,1,-11.59189,50,0.4,0.6,40,"both",0.217976478975032,-0.591845344274662
"2334",24,1,0.0103034916088685,-11.0483703541577,6.28938026572549,47,100,0.217976478975032,-0.591845344274662,24,0,-13.79855,50,0.4,0.6,40,"both",0.217976478975032,-0.591845344274662
"2335",24,1,0.0103034916088685,-11.0483703541577,6.28938026572549,47,100,0.217976478975032,-0.591845344274662,24,1,-4.95421,50,0.4,0.6,40,"both",0.217976478975032,-0.591845344274662
"2336",24,1,0.0103034916088685,-11.0483703541577,6.28938026572549,47,100,0.217976478975032,-0.591845344274662,24,0,-14.67981,50,0.4,0.6,40,"both",0.217976478975032,-0.591845344274662
"2337",24,1,0.0103034916088685,-11.0483703541577,6.28938026572549,47,100,0.217976478975032,-0.591845344274662,24,1,-7.95856,50,0.4,0.6,40,"both",0.217976478975032,-0.591845344274662
"2338",24,1,0.0103034916088685,-11.0483703541577,6.28938026572549,47,100,0.217976478975032,-0.591845344274662,24,0,-13.0942,50,0.4,0.6,40,"both",0.217976478975032,-0.591845344274662
"2339",24,1,0.0103034916088685,-11.0483703541577,6.28938026572549,47,100,0.217976478975032,-0.591845344274662,24,0,-10.06331,50,0.4,0.6,40,"both",0.217976478975032,-0.591845344274662
"2340",24,1,0.0103034916088685,-11.0483703541577,6.28938026572549,47,100,0.217976478975032,-0.591845344274662,24,1,-8.45396,50,0.4,0.6,40,"both",0.217976478975032,-0.591845344274662
"2341",24,1,0.0103034916088685,-11.0483703541577,6.28938026572549,47,100,0.217976478975032,-0.591845344274662,24,0,-8.18571,50,0.4,0.6,40,"both",0.217976478975032,-0.591845344274662
"2342",24,1,0.0103034916088685,-11.0483703541577,6.28938026572549,47,100,0.217976478975032,-0.591845344274662,24,1,-6.42267,50,0.4,0.6,40,"both",0.217976478975032,-0.591845344274662
"2343",24,1,0.0103034916088685,-11.0483703541577,6.28938026572549,47,100,0.217976478975032,-0.591845344274662,24,1,-12.47347,50,0.4,0.6,40,"both",0.217976478975032,-0.591845344274662
"2344",24,1,0.0103034916088685,-11.0483703541577,6.28938026572549,47,100,0.217976478975032,-0.591845344274662,24,0,-15.81012,50,0.4,0.6,40,"both",0.217976478975032,-0.591845344274662
"2345",24,1,0.0103034916088685,-11.0483703541577,6.28938026572549,47,100,0.217976478975032,-0.591845344274662,24,1,-13.8325,50,0.4,0.6,40,"both",0.217976478975032,-0.591845344274662
"2346",24,1,0.0103034916088685,-11.0483703541577,6.28938026572549,47,100,0.217976478975032,-0.591845344274662,24,1,-15.47268,50,0.4,0.6,40,"both",0.217976478975032,-0.591845344274662
"2347",24,1,0.0103034916088685,-11.0483703541577,6.28938026572549,47,100,0.217976478975032,-0.591845344274662,24,1,-10.84943,50,0.4,0.6,40,"both",0.217976478975032,-0.591845344274662
"2348",24,1,0.0103034916088685,-11.0483703541577,6.28938026572549,47,100,0.217976478975032,-0.591845344274662,24,0,-4.8733,50,0.4,0.6,40,"both",0.217976478975032,-0.591845344274662
"2349",24,1,0.0103034916088685,-11.0483703541577,6.28938026572549,47,100,0.217976478975032,-0.591845344274662,24,1,-13.4758,50,0.4,0.6,40,"both",0.217976478975032,-0.591845344274662
"2350",24,1,0.0103034916088685,-11.0483703541577,6.28938026572549,47,100,0.217976478975032,-0.591845344274662,24,0,-23.6889,50,0.4,0.6,40,"both",0.217976478975032,-0.591845344274662
"2351",24,1,0.0103034916088685,-11.0483703541577,6.28938026572549,47,100,0.217976478975032,-0.591845344274662,24,1,-13.29813,50,0.4,0.6,40,"both",0.217976478975032,-0.591845344274662
"2352",24,1,0.0103034916088685,-11.0483703541577,6.28938026572549,47,100,0.217976478975032,-0.591845344274662,24,0,-10.32051,50,0.4,0.6,40,"both",0.217976478975032,-0.591845344274662
"2353",24,1,0.0103034916088685,-11.0483703541577,6.28938026572549,47,100,0.217976478975032,-0.591845344274662,24,1,-4.24158,50,0.4,0.6,40,"both",0.217976478975032,-0.591845344274662
"2354",24,1,0.0103034916088685,-11.0483703541577,6.28938026572549,47,100,0.217976478975032,-0.591845344274662,24,1,-0.878149999999999,50,0.4,0.6,40,"both",0.217976478975032,-0.591845344274662
"2355",24,1,0.0103034916088685,-11.0483703541577,6.28938026572549,47,100,0.217976478975032,-0.591845344274662,24,0,-18.51753,50,0.4,0.6,40,"both",0.217976478975032,-0.591845344274662
"2356",24,1,0.0103034916088685,-11.0483703541577,6.28938026572549,47,100,0.217976478975032,-0.591845344274662,24,1,-6.16437,50,0.4,0.6,40,"both",0.217976478975032,-0.591845344274662
"2357",24,1,0.0103034916088685,-11.0483703541577,6.28938026572549,47,100,0.217976478975032,-0.591845344274662,24,1,-3.3256,50,0.4,0.6,40,"both",0.217976478975032,-0.591845344274662
"2358",24,1,0.0103034916088685,-11.0483703541577,6.28938026572549,47,100,0.217976478975032,-0.591845344274662,24,0,-11.03796,50,0.4,0.6,40,"both",0.217976478975032,-0.591845344274662
"2359",24,1,0.0103034916088685,-11.0483703541577,6.28938026572549,47,100,0.217976478975032,-0.591845344274662,24,1,-2.26622,50,0.4,0.6,40,"both",0.217976478975032,-0.591845344274662
"2360",24,1,0.0103034916088685,-11.0483703541577,6.28938026572549,47,100,0.217976478975032,-0.591845344274662,24,0,-17.47443,50,0.4,0.6,40,"both",0.217976478975032,-0.591845344274662
"2361",24,1,0.0103034916088685,-11.0483703541577,6.28938026572549,47,100,0.217976478975032,-0.591845344274662,24,1,-7.73952,50,0.4,0.6,40,"both",0.217976478975032,-0.591845344274662
"2362",24,1,0.0103034916088685,-11.0483703541577,6.28938026572549,47,100,0.217976478975032,-0.591845344274662,24,0,-15.5077,50,0.4,0.6,40,"both",0.217976478975032,-0.591845344274662
"2363",24,1,0.0103034916088685,-11.0483703541577,6.28938026572549,47,100,0.217976478975032,-0.591845344274662,24,0,-12.38254,50,0.4,0.6,40,"both",0.217976478975032,-0.591845344274662
"2364",24,1,0.0103034916088685,-11.0483703541577,6.28938026572549,47,100,0.217976478975032,-0.591845344274662,24,1,-8.90635,50,0.4,0.6,40,"both",0.217976478975032,-0.591845344274662
"2365",24,1,0.0103034916088685,-11.0483703541577,6.28938026572549,47,100,0.217976478975032,-0.591845344274662,24,0,-15.08077,50,0.4,0.6,40,"both",0.217976478975032,-0.591845344274662
"2366",24,1,0.0103034916088685,-11.0483703541577,6.28938026572549,47,100,0.217976478975032,-0.591845344274662,24,0,-14.26649,50,0.4,0.6,40,"both",0.217976478975032,-0.591845344274662
"2367",24,1,0.0103034916088685,-11.0483703541577,6.28938026572549,47,100,0.217976478975032,-0.591845344274662,24,0,-14.69516,50,0.4,0.6,40,"both",0.217976478975032,-0.591845344274662
"2368",24,1,0.0103034916088685,-11.0483703541577,6.28938026572549,47,100,0.217976478975032,-0.591845344274662,24,0,-18.2816,50,0.4,0.6,40,"both",0.217976478975032,-0.591845344274662
"2369",24,1,0.0103034916088685,-11.0483703541577,6.28938026572549,47,100,0.217976478975032,-0.591845344274662,24,0,-19.07121,50,0.4,0.6,40,"both",0.217976478975032,-0.591845344274662
"2370",24,1,0.0103034916088685,-11.0483703541577,6.28938026572549,47,100,0.217976478975032,-0.591845344274662,24,1,-13.73799,50,0.4,0.6,40,"both",0.217976478975032,-0.591845344274662
"2371",24,1,0.0103034916088685,-11.0483703541577,6.28938026572549,47,100,0.217976478975032,-0.591845344274662,24,0,-4.92225,50,0.4,0.6,40,"both",0.217976478975032,-0.591845344274662
"2372",24,1,0.0103034916088685,-11.0483703541577,6.28938026572549,47,100,0.217976478975032,-0.591845344274662,24,1,-5.21812,50,0.4,0.6,40,"both",0.217976478975032,-0.591845344274662
"2373",24,1,0.0103034916088685,-11.0483703541577,6.28938026572549,47,100,0.217976478975032,-0.591845344274662,24,0,-18.91372,50,0.4,0.6,40,"both",0.217976478975032,-0.591845344274662
"2374",24,1,0.0103034916088685,-11.0483703541577,6.28938026572549,47,100,0.217976478975032,-0.591845344274662,24,0,-17.12576,50,0.4,0.6,40,"both",0.217976478975032,-0.591845344274662
"2375",24,1,0.0103034916088685,-11.0483703541577,6.28938026572549,47,100,0.217976478975032,-0.591845344274662,24,1,-12.48984,50,0.4,0.6,40,"both",0.217976478975032,-0.591845344274662
"2376",24,1,0.0103034916088685,-11.0483703541577,6.28938026572549,47,100,0.217976478975032,-0.591845344274662,24,1,-22.8814,50,0.4,0.6,40,"both",0.217976478975032,-0.591845344274662
"2377",24,1,0.0103034916088685,-11.0483703541577,6.28938026572549,47,100,0.217976478975032,-0.591845344274662,24,1,-6.68922,50,0.4,0.6,40,"both",0.217976478975032,-0.591845344274662
"2378",24,1,0.0103034916088685,-11.0483703541577,6.28938026572549,47,100,0.217976478975032,-0.591845344274662,24,0,-10.51781,50,0.4,0.6,40,"both",0.217976478975032,-0.591845344274662
"2379",24,1,0.0103034916088685,-11.0483703541577,6.28938026572549,47,100,0.217976478975032,-0.591845344274662,24,1,-8.1535,50,0.4,0.6,40,"both",0.217976478975032,-0.591845344274662
"2380",24,1,0.0103034916088685,-11.0483703541577,6.28938026572549,47,100,0.217976478975032,-0.591845344274662,24,1,-8.30494,50,0.4,0.6,40,"both",0.217976478975032,-0.591845344274662
"2381",24,1,0.0103034916088685,-11.0483703541577,6.28938026572549,47,100,0.217976478975032,-0.591845344274662,24,1,-14.95681,50,0.4,0.6,40,"both",0.217976478975032,-0.591845344274662
"2382",24,1,0.0103034916088685,-11.0483703541577,6.28938026572549,47,100,0.217976478975032,-0.591845344274662,24,1,-10.14085,50,0.4,0.6,40,"both",0.217976478975032,-0.591845344274662
"2383",24,1,0.0103034916088685,-11.0483703541577,6.28938026572549,47,100,0.217976478975032,-0.591845344274662,24,0,-9.4248,50,0.4,0.6,40,"both",0.217976478975032,-0.591845344274662
"2384",24,1,0.0103034916088685,-11.0483703541577,6.28938026572549,47,100,0.217976478975032,-0.591845344274662,24,1,-7.34526,50,0.4,0.6,40,"both",0.217976478975032,-0.591845344274662
"2385",24,1,0.0103034916088685,-11.0483703541577,6.28938026572549,47,100,0.217976478975032,-0.591845344274662,24,1,-7.34637,50,0.4,0.6,40,"both",0.217976478975032,-0.591845344274662
"2386",24,1,0.0103034916088685,-11.0483703541577,6.28938026572549,47,100,0.217976478975032,-0.591845344274662,24,1,-6.66461,50,0.4,0.6,40,"both",0.217976478975032,-0.591845344274662
"2387",24,1,0.0103034916088685,-11.0483703541577,6.28938026572549,47,100,0.217976478975032,-0.591845344274662,24,1,-3.93949,50,0.4,0.6,40,"both",0.217976478975032,-0.591845344274662
"2388",24,1,0.0103034916088685,-11.0483703541577,6.28938026572549,47,100,0.217976478975032,-0.591845344274662,24,0,-4.48,50,0.4,0.6,40,"both",0.217976478975032,-0.591845344274662
"2389",24,1,0.0103034916088685,-11.0483703541577,6.28938026572549,47,100,0.217976478975032,-0.591845344274662,24,0,-14.66314,50,0.4,0.6,40,"both",0.217976478975032,-0.591845344274662
"2390",24,1,0.0103034916088685,-11.0483703541577,6.28938026572549,47,100,0.217976478975032,-0.591845344274662,24,1,-1.6739,50,0.4,0.6,40,"both",0.217976478975032,-0.591845344274662
"2391",24,1,0.0103034916088685,-11.0483703541577,6.28938026572549,47,100,0.217976478975032,-0.591845344274662,24,1,-8.81238,50,0.4,0.6,40,"both",0.217976478975032,-0.591845344274662
"2392",24,1,0.0103034916088685,-11.0483703541577,6.28938026572549,47,100,0.217976478975032,-0.591845344274662,24,1,-5.43159,50,0.4,0.6,40,"both",0.217976478975032,-0.591845344274662
"2393",24,1,0.0103034916088685,-11.0483703541577,6.28938026572549,47,100,0.217976478975032,-0.591845344274662,24,1,-13.47112,50,0.4,0.6,40,"both",0.217976478975032,-0.591845344274662
"2394",24,1,0.0103034916088685,-11.0483703541577,6.28938026572549,47,100,0.217976478975032,-0.591845344274662,24,1,-5.70299,50,0.4,0.6,40,"both",0.217976478975032,-0.591845344274662
"2395",24,1,0.0103034916088685,-11.0483703541577,6.28938026572549,47,100,0.217976478975032,-0.591845344274662,24,1,-9.32592,50,0.4,0.6,40,"both",0.217976478975032,-0.591845344274662
"2396",24,1,0.0103034916088685,-11.0483703541577,6.28938026572549,47,100,0.217976478975032,-0.591845344274662,24,0,-7.30929,50,0.4,0.6,40,"both",0.217976478975032,-0.591845344274662
"2397",24,1,0.0103034916088685,-11.0483703541577,6.28938026572549,47,100,0.217976478975032,-0.591845344274662,24,1,-15.59771,50,0.4,0.6,40,"both",0.217976478975032,-0.591845344274662
"2398",24,1,0.0103034916088685,-11.0483703541577,6.28938026572549,47,100,0.217976478975032,-0.591845344274662,24,0,-15.70624,50,0.4,0.6,40,"both",0.217976478975032,-0.591845344274662
"2399",24,1,0.0103034916088685,-11.0483703541577,6.28938026572549,47,100,0.217976478975032,-0.591845344274662,24,0,-16.27619,50,0.4,0.6,40,"both",0.217976478975032,-0.591845344274662
"2400",24,1,0.0103034916088685,-11.0483703541577,6.28938026572549,47,100,0.217976478975032,-0.591845344274662,24,0,-15.64569,50,0.4,0.6,40,"both",0.217976478975032,-0.591845344274662
"2401",25,1,0.010971133953108,-12.4025707160119,12.3300028021944,49,100,0.217976478975032,-0.591845344274662,25,1,8.3825608273,50,0.4,0.6,40,"both",0.217976478975032,-0.591845344274662
"2402",25,1,0.010971133953108,-12.4025707160119,12.3300028021944,49,100,0.217976478975032,-0.591845344274662,25,0,-5.4924225192,50,0.4,0.6,40,"both",0.217976478975032,-0.591845344274662
"2403",25,1,0.010971133953108,-12.4025707160119,12.3300028021944,49,100,0.217976478975032,-0.591845344274662,25,1,-4.7715705067,50,0.4,0.6,40,"both",0.217976478975032,-0.591845344274662
"2404",25,1,0.010971133953108,-12.4025707160119,12.3300028021944,49,100,0.217976478975032,-0.591845344274662,25,1,-3.71224932848,50,0.4,0.6,40,"both",0.217976478975032,-0.591845344274662
"2405",25,1,0.010971133953108,-12.4025707160119,12.3300028021944,49,100,0.217976478975032,-0.591845344274662,25,0,-27.98696,50,0.4,0.6,40,"both",0.217976478975032,-0.591845344274662
"2406",25,1,0.010971133953108,-12.4025707160119,12.3300028021944,49,100,0.217976478975032,-0.591845344274662,25,1,6.95737,50,0.4,0.6,40,"both",0.217976478975032,-0.591845344274662
"2407",25,1,0.010971133953108,-12.4025707160119,12.3300028021944,49,100,0.217976478975032,-0.591845344274662,25,1,1.153305,50,0.4,0.6,40,"both",0.217976478975032,-0.591845344274662
"2408",25,1,0.010971133953108,-12.4025707160119,12.3300028021944,49,100,0.217976478975032,-0.591845344274662,25,1,-8.14306,50,0.4,0.6,40,"both",0.217976478975032,-0.591845344274662
"2409",25,1,0.010971133953108,-12.4025707160119,12.3300028021944,49,100,0.217976478975032,-0.591845344274662,25,0,-33.5151,50,0.4,0.6,40,"both",0.217976478975032,-0.591845344274662
"2410",25,1,0.010971133953108,-12.4025707160119,12.3300028021944,49,100,0.217976478975032,-0.591845344274662,25,1,-1.72754,50,0.4,0.6,40,"both",0.217976478975032,-0.591845344274662
"2411",25,1,0.010971133953108,-12.4025707160119,12.3300028021944,49,100,0.217976478975032,-0.591845344274662,25,1,-4.72075,50,0.4,0.6,40,"both",0.217976478975032,-0.591845344274662
"2412",25,1,0.010971133953108,-12.4025707160119,12.3300028021944,49,100,0.217976478975032,-0.591845344274662,25,1,-5.68479,50,0.4,0.6,40,"both",0.217976478975032,-0.591845344274662
"2413",25,1,0.010971133953108,-12.4025707160119,12.3300028021944,49,100,0.217976478975032,-0.591845344274662,25,1,-7.26427,50,0.4,0.6,40,"both",0.217976478975032,-0.591845344274662
"2414",25,1,0.010971133953108,-12.4025707160119,12.3300028021944,49,100,0.217976478975032,-0.591845344274662,25,1,-9.8633,50,0.4,0.6,40,"both",0.217976478975032,-0.591845344274662
"2415",25,1,0.010971133953108,-12.4025707160119,12.3300028021944,49,100,0.217976478975032,-0.591845344274662,25,0,-24.70234,50,0.4,0.6,40,"both",0.217976478975032,-0.591845344274662
"2416",25,1,0.010971133953108,-12.4025707160119,12.3300028021944,49,100,0.217976478975032,-0.591845344274662,25,1,-5.88861,50,0.4,0.6,40,"both",0.217976478975032,-0.591845344274662
"2417",25,1,0.010971133953108,-12.4025707160119,12.3300028021944,49,100,0.217976478975032,-0.591845344274662,25,1,-10.10542,50,0.4,0.6,40,"both",0.217976478975032,-0.591845344274662
"2418",25,1,0.010971133953108,-12.4025707160119,12.3300028021944,49,100,0.217976478975032,-0.591845344274662,25,0,-23.89945,50,0.4,0.6,40,"both",0.217976478975032,-0.591845344274662
"2419",25,1,0.010971133953108,-12.4025707160119,12.3300028021944,49,100,0.217976478975032,-0.591845344274662,25,0,-17.65809,50,0.4,0.6,40,"both",0.217976478975032,-0.591845344274662
"2420",25,1,0.010971133953108,-12.4025707160119,12.3300028021944,49,100,0.217976478975032,-0.591845344274662,25,0,-4.06477,50,0.4,0.6,40,"both",0.217976478975032,-0.591845344274662
"2421",25,1,0.010971133953108,-12.4025707160119,12.3300028021944,49,100,0.217976478975032,-0.591845344274662,25,0,-18.15544,50,0.4,0.6,40,"both",0.217976478975032,-0.591845344274662
"2422",25,1,0.010971133953108,-12.4025707160119,12.3300028021944,49,100,0.217976478975032,-0.591845344274662,25,1,-7.399,50,0.4,0.6,40,"both",0.217976478975032,-0.591845344274662
"2423",25,1,0.010971133953108,-12.4025707160119,12.3300028021944,49,100,0.217976478975032,-0.591845344274662,25,0,-5.92826,50,0.4,0.6,40,"both",0.217976478975032,-0.591845344274662
"2424",25,1,0.010971133953108,-12.4025707160119,12.3300028021944,49,100,0.217976478975032,-0.591845344274662,25,0,-18.98264,50,0.4,0.6,40,"both",0.217976478975032,-0.591845344274662
"2425",25,1,0.010971133953108,-12.4025707160119,12.3300028021944,49,100,0.217976478975032,-0.591845344274662,25,0,-10.34235,50,0.4,0.6,40,"both",0.217976478975032,-0.591845344274662
"2426",25,1,0.010971133953108,-12.4025707160119,12.3300028021944,49,100,0.217976478975032,-0.591845344274662,25,1,0.54429,50,0.4,0.6,40,"both",0.217976478975032,-0.591845344274662
"2427",25,1,0.010971133953108,-12.4025707160119,12.3300028021944,49,100,0.217976478975032,-0.591845344274662,25,0,-20.92124,50,0.4,0.6,40,"both",0.217976478975032,-0.591845344274662
"2428",25,1,0.010971133953108,-12.4025707160119,12.3300028021944,49,100,0.217976478975032,-0.591845344274662,25,1,-7.33215,50,0.4,0.6,40,"both",0.217976478975032,-0.591845344274662
"2429",25,1,0.010971133953108,-12.4025707160119,12.3300028021944,49,100,0.217976478975032,-0.591845344274662,25,1,5.58006,50,0.4,0.6,40,"both",0.217976478975032,-0.591845344274662
"2430",25,1,0.010971133953108,-12.4025707160119,12.3300028021944,49,100,0.217976478975032,-0.591845344274662,25,1,-17.51507,50,0.4,0.6,40,"both",0.217976478975032,-0.591845344274662
"2431",25,1,0.010971133953108,-12.4025707160119,12.3300028021944,49,100,0.217976478975032,-0.591845344274662,25,1,-5.6917,50,0.4,0.6,40,"both",0.217976478975032,-0.591845344274662
"2432",25,1,0.010971133953108,-12.4025707160119,12.3300028021944,49,100,0.217976478975032,-0.591845344274662,25,0,-16.26327,50,0.4,0.6,40,"both",0.217976478975032,-0.591845344274662
"2433",25,1,0.010971133953108,-12.4025707160119,12.3300028021944,49,100,0.217976478975032,-0.591845344274662,25,0,-24.30322,50,0.4,0.6,40,"both",0.217976478975032,-0.591845344274662
"2434",25,1,0.010971133953108,-12.4025707160119,12.3300028021944,49,100,0.217976478975032,-0.591845344274662,25,1,-4.99491,50,0.4,0.6,40,"both",0.217976478975032,-0.591845344274662
"2435",25,1,0.010971133953108,-12.4025707160119,12.3300028021944,49,100,0.217976478975032,-0.591845344274662,25,1,-17.28132,50,0.4,0.6,40,"both",0.217976478975032,-0.591845344274662
"2436",25,1,0.010971133953108,-12.4025707160119,12.3300028021944,49,100,0.217976478975032,-0.591845344274662,25,0,-21.17291,50,0.4,0.6,40,"both",0.217976478975032,-0.591845344274662
"2437",25,1,0.010971133953108,-12.4025707160119,12.3300028021944,49,100,0.217976478975032,-0.591845344274662,25,0,-16.39502,50,0.4,0.6,40,"both",0.217976478975032,-0.591845344274662
"2438",25,1,0.010971133953108,-12.4025707160119,12.3300028021944,49,100,0.217976478975032,-0.591845344274662,25,1,-12.04596,50,0.4,0.6,40,"both",0.217976478975032,-0.591845344274662
"2439",25,1,0.010971133953108,-12.4025707160119,12.3300028021944,49,100,0.217976478975032,-0.591845344274662,25,0,-21.61747,50,0.4,0.6,40,"both",0.217976478975032,-0.591845344274662
"2440",25,1,0.010971133953108,-12.4025707160119,12.3300028021944,49,100,0.217976478975032,-0.591845344274662,25,0,-16.82167,50,0.4,0.6,40,"both",0.217976478975032,-0.591845344274662
"2441",25,1,0.010971133953108,-12.4025707160119,12.3300028021944,49,100,0.217976478975032,-0.591845344274662,25,1,-2.41711,50,0.4,0.6,40,"both",0.217976478975032,-0.591845344274662
"2442",25,1,0.010971133953108,-12.4025707160119,12.3300028021944,49,100,0.217976478975032,-0.591845344274662,25,1,-21.45252,50,0.4,0.6,40,"both",0.217976478975032,-0.591845344274662
"2443",25,1,0.010971133953108,-12.4025707160119,12.3300028021944,49,100,0.217976478975032,-0.591845344274662,25,0,-19.44277,50,0.4,0.6,40,"both",0.217976478975032,-0.591845344274662
"2444",25,1,0.010971133953108,-12.4025707160119,12.3300028021944,49,100,0.217976478975032,-0.591845344274662,25,1,-18.73406,50,0.4,0.6,40,"both",0.217976478975032,-0.591845344274662
"2445",25,1,0.010971133953108,-12.4025707160119,12.3300028021944,49,100,0.217976478975032,-0.591845344274662,25,0,-2.05409,50,0.4,0.6,40,"both",0.217976478975032,-0.591845344274662
"2446",25,1,0.010971133953108,-12.4025707160119,12.3300028021944,49,100,0.217976478975032,-0.591845344274662,25,0,-18.56924,50,0.4,0.6,40,"both",0.217976478975032,-0.591845344274662
"2447",25,1,0.010971133953108,-12.4025707160119,12.3300028021944,49,100,0.217976478975032,-0.591845344274662,25,1,6.82679,50,0.4,0.6,40,"both",0.217976478975032,-0.591845344274662
"2448",25,1,0.010971133953108,-12.4025707160119,12.3300028021944,49,100,0.217976478975032,-0.591845344274662,25,1,-4.1065,50,0.4,0.6,40,"both",0.217976478975032,-0.591845344274662
"2449",25,1,0.010971133953108,-12.4025707160119,12.3300028021944,49,100,0.217976478975032,-0.591845344274662,25,1,-0.6037,50,0.4,0.6,40,"both",0.217976478975032,-0.591845344274662
"2450",25,1,0.010971133953108,-12.4025707160119,12.3300028021944,49,100,0.217976478975032,-0.591845344274662,25,1,-3.28887,50,0.4,0.6,40,"both",0.217976478975032,-0.591845344274662
"2451",25,1,0.010971133953108,-12.4025707160119,12.3300028021944,49,100,0.217976478975032,-0.591845344274662,25,0,-20.16324,50,0.4,0.6,40,"both",0.217976478975032,-0.591845344274662
"2452",25,1,0.010971133953108,-12.4025707160119,12.3300028021944,49,100,0.217976478975032,-0.591845344274662,25,0,-21.62508,50,0.4,0.6,40,"both",0.217976478975032,-0.591845344274662
"2453",25,1,0.010971133953108,-12.4025707160119,12.3300028021944,49,100,0.217976478975032,-0.591845344274662,25,0,-3.5486,50,0.4,0.6,40,"both",0.217976478975032,-0.591845344274662
"2454",25,1,0.010971133953108,-12.4025707160119,12.3300028021944,49,100,0.217976478975032,-0.591845344274662,25,1,-0.9964,50,0.4,0.6,40,"both",0.217976478975032,-0.591845344274662
"2455",25,1,0.010971133953108,-12.4025707160119,12.3300028021944,49,100,0.217976478975032,-0.591845344274662,25,0,-24.56315,50,0.4,0.6,40,"both",0.217976478975032,-0.591845344274662
"2456",25,1,0.010971133953108,-12.4025707160119,12.3300028021944,49,100,0.217976478975032,-0.591845344274662,25,1,-6.99882,50,0.4,0.6,40,"both",0.217976478975032,-0.591845344274662
"2457",25,1,0.010971133953108,-12.4025707160119,12.3300028021944,49,100,0.217976478975032,-0.591845344274662,25,0,-10.12222,50,0.4,0.6,40,"both",0.217976478975032,-0.591845344274662
"2458",25,1,0.010971133953108,-12.4025707160119,12.3300028021944,49,100,0.217976478975032,-0.591845344274662,25,0,-15.29822,50,0.4,0.6,40,"both",0.217976478975032,-0.591845344274662
"2459",25,1,0.010971133953108,-12.4025707160119,12.3300028021944,49,100,0.217976478975032,-0.591845344274662,25,0,-19.88369,50,0.4,0.6,40,"both",0.217976478975032,-0.591845344274662
"2460",25,1,0.010971133953108,-12.4025707160119,12.3300028021944,49,100,0.217976478975032,-0.591845344274662,25,1,-9.77657,50,0.4,0.6,40,"both",0.217976478975032,-0.591845344274662
"2461",25,1,0.010971133953108,-12.4025707160119,12.3300028021944,49,100,0.217976478975032,-0.591845344274662,25,1,-6.23201,50,0.4,0.6,40,"both",0.217976478975032,-0.591845344274662
"2462",25,1,0.010971133953108,-12.4025707160119,12.3300028021944,49,100,0.217976478975032,-0.591845344274662,25,0,-8.90332,50,0.4,0.6,40,"both",0.217976478975032,-0.591845344274662
"2463",25,1,0.010971133953108,-12.4025707160119,12.3300028021944,49,100,0.217976478975032,-0.591845344274662,25,1,-17.3162,50,0.4,0.6,40,"both",0.217976478975032,-0.591845344274662
"2464",25,1,0.010971133953108,-12.4025707160119,12.3300028021944,49,100,0.217976478975032,-0.591845344274662,25,0,-5.37473,50,0.4,0.6,40,"both",0.217976478975032,-0.591845344274662
"2465",25,1,0.010971133953108,-12.4025707160119,12.3300028021944,49,100,0.217976478975032,-0.591845344274662,25,1,7.472,50,0.4,0.6,40,"both",0.217976478975032,-0.591845344274662
"2466",25,1,0.010971133953108,-12.4025707160119,12.3300028021944,49,100,0.217976478975032,-0.591845344274662,25,1,1.6693,50,0.4,0.6,40,"both",0.217976478975032,-0.591845344274662
"2467",25,1,0.010971133953108,-12.4025707160119,12.3300028021944,49,100,0.217976478975032,-0.591845344274662,25,0,-20.05163,50,0.4,0.6,40,"both",0.217976478975032,-0.591845344274662
"2468",25,1,0.010971133953108,-12.4025707160119,12.3300028021944,49,100,0.217976478975032,-0.591845344274662,25,0,-22.20522,50,0.4,0.6,40,"both",0.217976478975032,-0.591845344274662
"2469",25,1,0.010971133953108,-12.4025707160119,12.3300028021944,49,100,0.217976478975032,-0.591845344274662,25,1,-4.70856,50,0.4,0.6,40,"both",0.217976478975032,-0.591845344274662
"2470",25,1,0.010971133953108,-12.4025707160119,12.3300028021944,49,100,0.217976478975032,-0.591845344274662,25,1,-18.16845,50,0.4,0.6,40,"both",0.217976478975032,-0.591845344274662
"2471",25,1,0.010971133953108,-12.4025707160119,12.3300028021944,49,100,0.217976478975032,-0.591845344274662,25,1,-7.20395,50,0.4,0.6,40,"both",0.217976478975032,-0.591845344274662
"2472",25,1,0.010971133953108,-12.4025707160119,12.3300028021944,49,100,0.217976478975032,-0.591845344274662,25,1,-7.74743,50,0.4,0.6,40,"both",0.217976478975032,-0.591845344274662
"2473",25,1,0.010971133953108,-12.4025707160119,12.3300028021944,49,100,0.217976478975032,-0.591845344274662,25,0,-17.38517,50,0.4,0.6,40,"both",0.217976478975032,-0.591845344274662
"2474",25,1,0.010971133953108,-12.4025707160119,12.3300028021944,49,100,0.217976478975032,-0.591845344274662,25,0,-20.82609,50,0.4,0.6,40,"both",0.217976478975032,-0.591845344274662
"2475",25,1,0.010971133953108,-12.4025707160119,12.3300028021944,49,100,0.217976478975032,-0.591845344274662,25,1,-6.20056,50,0.4,0.6,40,"both",0.217976478975032,-0.591845344274662
"2476",25,1,0.010971133953108,-12.4025707160119,12.3300028021944,49,100,0.217976478975032,-0.591845344274662,25,1,-2.5089,50,0.4,0.6,40,"both",0.217976478975032,-0.591845344274662
"2477",25,1,0.010971133953108,-12.4025707160119,12.3300028021944,49,100,0.217976478975032,-0.591845344274662,25,0,-5.76539,50,0.4,0.6,40,"both",0.217976478975032,-0.591845344274662
"2478",25,1,0.010971133953108,-12.4025707160119,12.3300028021944,49,100,0.217976478975032,-0.591845344274662,25,0,-22.03246,50,0.4,0.6,40,"both",0.217976478975032,-0.591845344274662
"2479",25,1,0.010971133953108,-12.4025707160119,12.3300028021944,49,100,0.217976478975032,-0.591845344274662,25,1,4.4988,50,0.4,0.6,40,"both",0.217976478975032,-0.591845344274662
"2480",25,1,0.010971133953108,-12.4025707160119,12.3300028021944,49,100,0.217976478975032,-0.591845344274662,25,1,1.0156,50,0.4,0.6,40,"both",0.217976478975032,-0.591845344274662
"2481",25,1,0.010971133953108,-12.4025707160119,12.3300028021944,49,100,0.217976478975032,-0.591845344274662,25,1,-5.52834,50,0.4,0.6,40,"both",0.217976478975032,-0.591845344274662
"2482",25,1,0.010971133953108,-12.4025707160119,12.3300028021944,49,100,0.217976478975032,-0.591845344274662,25,0,-20.92665,50,0.4,0.6,40,"both",0.217976478975032,-0.591845344274662
"2483",25,1,0.010971133953108,-12.4025707160119,12.3300028021944,49,100,0.217976478975032,-0.591845344274662,25,1,-7.17761,50,0.4,0.6,40,"both",0.217976478975032,-0.591845344274662
"2484",25,1,0.010971133953108,-12.4025707160119,12.3300028021944,49,100,0.217976478975032,-0.591845344274662,25,1,-0.1122,50,0.4,0.6,40,"both",0.217976478975032,-0.591845344274662
"2485",25,1,0.010971133953108,-12.4025707160119,12.3300028021944,49,100,0.217976478975032,-0.591845344274662,25,0,-1.9234,50,0.4,0.6,40,"both",0.217976478975032,-0.591845344274662
"2486",25,1,0.010971133953108,-12.4025707160119,12.3300028021944,49,100,0.217976478975032,-0.591845344274662,25,1,-3.91314,50,0.4,0.6,40,"both",0.217976478975032,-0.591845344274662
"2487",25,1,0.010971133953108,-12.4025707160119,12.3300028021944,49,100,0.217976478975032,-0.591845344274662,25,0,-4.62277,50,0.4,0.6,40,"both",0.217976478975032,-0.591845344274662
"2488",25,1,0.010971133953108,-12.4025707160119,12.3300028021944,49,100,0.217976478975032,-0.591845344274662,25,0,-1.53123,50,0.4,0.6,40,"both",0.217976478975032,-0.591845344274662
"2489",25,1,0.010971133953108,-12.4025707160119,12.3300028021944,49,100,0.217976478975032,-0.591845344274662,25,1,-6.87227,50,0.4,0.6,40,"both",0.217976478975032,-0.591845344274662
"2490",25,1,0.010971133953108,-12.4025707160119,12.3300028021944,49,100,0.217976478975032,-0.591845344274662,25,0,-15.9475,50,0.4,0.6,40,"both",0.217976478975032,-0.591845344274662
"2491",25,1,0.010971133953108,-12.4025707160119,12.3300028021944,49,100,0.217976478975032,-0.591845344274662,25,0,-17.56211,50,0.4,0.6,40,"both",0.217976478975032,-0.591845344274662
"2492",25,1,0.010971133953108,-12.4025707160119,12.3300028021944,49,100,0.217976478975032,-0.591845344274662,25,0,-22.83922,50,0.4,0.6,40,"both",0.217976478975032,-0.591845344274662
"2493",25,1,0.010971133953108,-12.4025707160119,12.3300028021944,49,100,0.217976478975032,-0.591845344274662,25,1,-1.31098,50,0.4,0.6,40,"both",0.217976478975032,-0.591845344274662
"2494",25,1,0.010971133953108,-12.4025707160119,12.3300028021944,49,100,0.217976478975032,-0.591845344274662,25,1,-5.03912,50,0.4,0.6,40,"both",0.217976478975032,-0.591845344274662
"2495",25,1,0.010971133953108,-12.4025707160119,12.3300028021944,49,100,0.217976478975032,-0.591845344274662,25,0,-15.07524,50,0.4,0.6,40,"both",0.217976478975032,-0.591845344274662
"2496",25,1,0.010971133953108,-12.4025707160119,12.3300028021944,49,100,0.217976478975032,-0.591845344274662,25,1,-2.38953,50,0.4,0.6,40,"both",0.217976478975032,-0.591845344274662
"2497",25,1,0.010971133953108,-12.4025707160119,12.3300028021944,49,100,0.217976478975032,-0.591845344274662,25,0,-18.31572,50,0.4,0.6,40,"both",0.217976478975032,-0.591845344274662
"2498",25,1,0.010971133953108,-12.4025707160119,12.3300028021944,49,100,0.217976478975032,-0.591845344274662,25,1,5.69848,50,0.4,0.6,40,"both",0.217976478975032,-0.591845344274662
"2499",25,1,0.010971133953108,-12.4025707160119,12.3300028021944,49,100,0.217976478975032,-0.591845344274662,25,1,-19.11725,50,0.4,0.6,40,"both",0.217976478975032,-0.591845344274662
"2500",25,1,0.010971133953108,-12.4025707160119,12.3300028021944,49,100,0.217976478975032,-0.591845344274662,25,1,-1.01631,50,0.4,0.6,40,"both",0.217976478975032,-0.591845344274662
"2501",26,1,0.0397097052403919,-12.4096001005584,6.70972543139588,51,100,0.217976478975032,-0.591845344274662,26,0,-9.5764424749,50,0.4,0.6,40,"both",0.217976478975032,-0.591845344274662
"2502",26,1,0.0397097052403919,-12.4096001005584,6.70972543139588,51,100,0.217976478975032,-0.591845344274662,26,1,5.3830288345,50,0.4,0.6,40,"both",0.217976478975032,-0.591845344274662
"2503",26,1,0.0397097052403919,-12.4096001005584,6.70972543139588,51,100,0.217976478975032,-0.591845344274662,26,1,0.8400947551,50,0.4,0.6,40,"both",0.217976478975032,-0.591845344274662
"2504",26,1,0.0397097052403919,-12.4096001005584,6.70972543139588,51,100,0.217976478975032,-0.591845344274662,26,0,-4.17884337795,50,0.4,0.6,40,"both",0.217976478975032,-0.591845344274662
"2505",26,1,0.0397097052403919,-12.4096001005584,6.70972543139588,51,100,0.217976478975032,-0.591845344274662,26,0,-11.99169,50,0.4,0.6,40,"both",0.217976478975032,-0.591845344274662
"2506",26,1,0.0397097052403919,-12.4096001005584,6.70972543139588,51,100,0.217976478975032,-0.591845344274662,26,1,14.617359,50,0.4,0.6,40,"both",0.217976478975032,-0.591845344274662
"2507",26,1,0.0397097052403919,-12.4096001005584,6.70972543139588,51,100,0.217976478975032,-0.591845344274662,26,1,20.0363,50,0.4,0.6,40,"both",0.217976478975032,-0.591845344274662
"2508",26,1,0.0397097052403919,-12.4096001005584,6.70972543139588,51,100,0.217976478975032,-0.591845344274662,26,0,-16.32432,50,0.4,0.6,40,"both",0.217976478975032,-0.591845344274662
"2509",26,1,0.0397097052403919,-12.4096001005584,6.70972543139588,51,100,0.217976478975032,-0.591845344274662,26,1,3.49892,50,0.4,0.6,40,"both",0.217976478975032,-0.591845344274662
"2510",26,1,0.0397097052403919,-12.4096001005584,6.70972543139588,51,100,0.217976478975032,-0.591845344274662,26,1,0.322247,50,0.4,0.6,40,"both",0.217976478975032,-0.591845344274662
"2511",26,1,0.0397097052403919,-12.4096001005584,6.70972543139588,51,100,0.217976478975032,-0.591845344274662,26,1,-0.924028,50,0.4,0.6,40,"both",0.217976478975032,-0.591845344274662
"2512",26,1,0.0397097052403919,-12.4096001005584,6.70972543139588,51,100,0.217976478975032,-0.591845344274662,26,1,-0.827607,50,0.4,0.6,40,"both",0.217976478975032,-0.591845344274662
"2513",26,1,0.0397097052403919,-12.4096001005584,6.70972543139588,51,100,0.217976478975032,-0.591845344274662,26,1,-0.10668,50,0.4,0.6,40,"both",0.217976478975032,-0.591845344274662
"2514",26,1,0.0397097052403919,-12.4096001005584,6.70972543139588,51,100,0.217976478975032,-0.591845344274662,26,1,-6.46103,50,0.4,0.6,40,"both",0.217976478975032,-0.591845344274662
"2515",26,1,0.0397097052403919,-12.4096001005584,6.70972543139588,51,100,0.217976478975032,-0.591845344274662,26,1,3.41006,50,0.4,0.6,40,"both",0.217976478975032,-0.591845344274662
"2516",26,1,0.0397097052403919,-12.4096001005584,6.70972543139588,51,100,0.217976478975032,-0.591845344274662,26,0,-12.66562,50,0.4,0.6,40,"both",0.217976478975032,-0.591845344274662
"2517",26,1,0.0397097052403919,-12.4096001005584,6.70972543139588,51,100,0.217976478975032,-0.591845344274662,26,1,-8.91472,50,0.4,0.6,40,"both",0.217976478975032,-0.591845344274662
"2518",26,1,0.0397097052403919,-12.4096001005584,6.70972543139588,51,100,0.217976478975032,-0.591845344274662,26,1,-10.5814,50,0.4,0.6,40,"both",0.217976478975032,-0.591845344274662
"2519",26,1,0.0397097052403919,-12.4096001005584,6.70972543139588,51,100,0.217976478975032,-0.591845344274662,26,0,-33.15325,50,0.4,0.6,40,"both",0.217976478975032,-0.591845344274662
"2520",26,1,0.0397097052403919,-12.4096001005584,6.70972543139588,51,100,0.217976478975032,-0.591845344274662,26,0,-18.17348,50,0.4,0.6,40,"both",0.217976478975032,-0.591845344274662
"2521",26,1,0.0397097052403919,-12.4096001005584,6.70972543139588,51,100,0.217976478975032,-0.591845344274662,26,1,-4.86486,50,0.4,0.6,40,"both",0.217976478975032,-0.591845344274662
"2522",26,1,0.0397097052403919,-12.4096001005584,6.70972543139588,51,100,0.217976478975032,-0.591845344274662,26,1,-2.56172,50,0.4,0.6,40,"both",0.217976478975032,-0.591845344274662
"2523",26,1,0.0397097052403919,-12.4096001005584,6.70972543139588,51,100,0.217976478975032,-0.591845344274662,26,1,-10.0961,50,0.4,0.6,40,"both",0.217976478975032,-0.591845344274662
"2524",26,1,0.0397097052403919,-12.4096001005584,6.70972543139588,51,100,0.217976478975032,-0.591845344274662,26,1,-6.41844,50,0.4,0.6,40,"both",0.217976478975032,-0.591845344274662
"2525",26,1,0.0397097052403919,-12.4096001005584,6.70972543139588,51,100,0.217976478975032,-0.591845344274662,26,1,-13.97018,50,0.4,0.6,40,"both",0.217976478975032,-0.591845344274662
"2526",26,1,0.0397097052403919,-12.4096001005584,6.70972543139588,51,100,0.217976478975032,-0.591845344274662,26,1,-4.24,50,0.4,0.6,40,"both",0.217976478975032,-0.591845344274662
"2527",26,1,0.0397097052403919,-12.4096001005584,6.70972543139588,51,100,0.217976478975032,-0.591845344274662,26,0,-7.82918,50,0.4,0.6,40,"both",0.217976478975032,-0.591845344274662
"2528",26,1,0.0397097052403919,-12.4096001005584,6.70972543139588,51,100,0.217976478975032,-0.591845344274662,26,0,-7.26158,50,0.4,0.6,40,"both",0.217976478975032,-0.591845344274662
"2529",26,1,0.0397097052403919,-12.4096001005584,6.70972543139588,51,100,0.217976478975032,-0.591845344274662,26,0,-21.26964,50,0.4,0.6,40,"both",0.217976478975032,-0.591845344274662
"2530",26,1,0.0397097052403919,-12.4096001005584,6.70972543139588,51,100,0.217976478975032,-0.591845344274662,26,0,-14.68062,50,0.4,0.6,40,"both",0.217976478975032,-0.591845344274662
"2531",26,1,0.0397097052403919,-12.4096001005584,6.70972543139588,51,100,0.217976478975032,-0.591845344274662,26,1,-5.64853,50,0.4,0.6,40,"both",0.217976478975032,-0.591845344274662
"2532",26,1,0.0397097052403919,-12.4096001005584,6.70972543139588,51,100,0.217976478975032,-0.591845344274662,26,1,-10.99368,50,0.4,0.6,40,"both",0.217976478975032,-0.591845344274662
"2533",26,1,0.0397097052403919,-12.4096001005584,6.70972543139588,51,100,0.217976478975032,-0.591845344274662,26,0,-10.1079,50,0.4,0.6,40,"both",0.217976478975032,-0.591845344274662
"2534",26,1,0.0397097052403919,-12.4096001005584,6.70972543139588,51,100,0.217976478975032,-0.591845344274662,26,1,0.0626999999999995,50,0.4,0.6,40,"both",0.217976478975032,-0.591845344274662
"2535",26,1,0.0397097052403919,-12.4096001005584,6.70972543139588,51,100,0.217976478975032,-0.591845344274662,26,0,-5.86537,50,0.4,0.6,40,"both",0.217976478975032,-0.591845344274662
"2536",26,1,0.0397097052403919,-12.4096001005584,6.70972543139588,51,100,0.217976478975032,-0.591845344274662,26,0,-19.85569,50,0.4,0.6,40,"both",0.217976478975032,-0.591845344274662
"2537",26,1,0.0397097052403919,-12.4096001005584,6.70972543139588,51,100,0.217976478975032,-0.591845344274662,26,0,-10.41151,50,0.4,0.6,40,"both",0.217976478975032,-0.591845344274662
"2538",26,1,0.0397097052403919,-12.4096001005584,6.70972543139588,51,100,0.217976478975032,-0.591845344274662,26,0,-16.00971,50,0.4,0.6,40,"both",0.217976478975032,-0.591845344274662
"2539",26,1,0.0397097052403919,-12.4096001005584,6.70972543139588,51,100,0.217976478975032,-0.591845344274662,26,1,-13.821,50,0.4,0.6,40,"both",0.217976478975032,-0.591845344274662
"2540",26,1,0.0397097052403919,-12.4096001005584,6.70972543139588,51,100,0.217976478975032,-0.591845344274662,26,1,-5.54177,50,0.4,0.6,40,"both",0.217976478975032,-0.591845344274662
"2541",26,1,0.0397097052403919,-12.4096001005584,6.70972543139588,51,100,0.217976478975032,-0.591845344274662,26,0,-18.31961,50,0.4,0.6,40,"both",0.217976478975032,-0.591845344274662
"2542",26,1,0.0397097052403919,-12.4096001005584,6.70972543139588,51,100,0.217976478975032,-0.591845344274662,26,0,-14.97511,50,0.4,0.6,40,"both",0.217976478975032,-0.591845344274662
"2543",26,1,0.0397097052403919,-12.4096001005584,6.70972543139588,51,100,0.217976478975032,-0.591845344274662,26,1,-0.520799999999999,50,0.4,0.6,40,"both",0.217976478975032,-0.591845344274662
"2544",26,1,0.0397097052403919,-12.4096001005584,6.70972543139588,51,100,0.217976478975032,-0.591845344274662,26,0,-12.52134,50,0.4,0.6,40,"both",0.217976478975032,-0.591845344274662
"2545",26,1,0.0397097052403919,-12.4096001005584,6.70972543139588,51,100,0.217976478975032,-0.591845344274662,26,0,-5.11119,50,0.4,0.6,40,"both",0.217976478975032,-0.591845344274662
"2546",26,1,0.0397097052403919,-12.4096001005584,6.70972543139588,51,100,0.217976478975032,-0.591845344274662,26,0,-14.04202,50,0.4,0.6,40,"both",0.217976478975032,-0.591845344274662
"2547",26,1,0.0397097052403919,-12.4096001005584,6.70972543139588,51,100,0.217976478975032,-0.591845344274662,26,1,-21.93607,50,0.4,0.6,40,"both",0.217976478975032,-0.591845344274662
"2548",26,1,0.0397097052403919,-12.4096001005584,6.70972543139588,51,100,0.217976478975032,-0.591845344274662,26,1,-15.09509,50,0.4,0.6,40,"both",0.217976478975032,-0.591845344274662
"2549",26,1,0.0397097052403919,-12.4096001005584,6.70972543139588,51,100,0.217976478975032,-0.591845344274662,26,1,-4.55667,50,0.4,0.6,40,"both",0.217976478975032,-0.591845344274662
"2550",26,1,0.0397097052403919,-12.4096001005584,6.70972543139588,51,100,0.217976478975032,-0.591845344274662,26,1,4.8093,50,0.4,0.6,40,"both",0.217976478975032,-0.591845344274662
"2551",26,1,0.0397097052403919,-12.4096001005584,6.70972543139588,51,100,0.217976478975032,-0.591845344274662,26,1,2.2905,50,0.4,0.6,40,"both",0.217976478975032,-0.591845344274662
"2552",26,1,0.0397097052403919,-12.4096001005584,6.70972543139588,51,100,0.217976478975032,-0.591845344274662,26,1,1.5201,50,0.4,0.6,40,"both",0.217976478975032,-0.591845344274662
"2553",26,1,0.0397097052403919,-12.4096001005584,6.70972543139588,51,100,0.217976478975032,-0.591845344274662,26,1,7.28101,50,0.4,0.6,40,"both",0.217976478975032,-0.591845344274662
"2554",26,1,0.0397097052403919,-12.4096001005584,6.70972543139588,51,100,0.217976478975032,-0.591845344274662,26,1,-3.87927,50,0.4,0.6,40,"both",0.217976478975032,-0.591845344274662
"2555",26,1,0.0397097052403919,-12.4096001005584,6.70972543139588,51,100,0.217976478975032,-0.591845344274662,26,1,5.6047,50,0.4,0.6,40,"both",0.217976478975032,-0.591845344274662
"2556",26,1,0.0397097052403919,-12.4096001005584,6.70972543139588,51,100,0.217976478975032,-0.591845344274662,26,0,-7.00648,50,0.4,0.6,40,"both",0.217976478975032,-0.591845344274662
"2557",26,1,0.0397097052403919,-12.4096001005584,6.70972543139588,51,100,0.217976478975032,-0.591845344274662,26,1,-9.05774,50,0.4,0.6,40,"both",0.217976478975032,-0.591845344274662
"2558",26,1,0.0397097052403919,-12.4096001005584,6.70972543139588,51,100,0.217976478975032,-0.591845344274662,26,1,-2.11324,50,0.4,0.6,40,"both",0.217976478975032,-0.591845344274662
"2559",26,1,0.0397097052403919,-12.4096001005584,6.70972543139588,51,100,0.217976478975032,-0.591845344274662,26,0,-18.55656,50,0.4,0.6,40,"both",0.217976478975032,-0.591845344274662
"2560",26,1,0.0397097052403919,-12.4096001005584,6.70972543139588,51,100,0.217976478975032,-0.591845344274662,26,1,1.1987,50,0.4,0.6,40,"both",0.217976478975032,-0.591845344274662
"2561",26,1,0.0397097052403919,-12.4096001005584,6.70972543139588,51,100,0.217976478975032,-0.591845344274662,26,0,-18.95442,50,0.4,0.6,40,"both",0.217976478975032,-0.591845344274662
"2562",26,1,0.0397097052403919,-12.4096001005584,6.70972543139588,51,100,0.217976478975032,-0.591845344274662,26,0,-13.54128,50,0.4,0.6,40,"both",0.217976478975032,-0.591845344274662
"2563",26,1,0.0397097052403919,-12.4096001005584,6.70972543139588,51,100,0.217976478975032,-0.591845344274662,26,1,-5.35281,50,0.4,0.6,40,"both",0.217976478975032,-0.591845344274662
"2564",26,1,0.0397097052403919,-12.4096001005584,6.70972543139588,51,100,0.217976478975032,-0.591845344274662,26,0,-17.114,50,0.4,0.6,40,"both",0.217976478975032,-0.591845344274662
"2565",26,1,0.0397097052403919,-12.4096001005584,6.70972543139588,51,100,0.217976478975032,-0.591845344274662,26,1,0.143879999999999,50,0.4,0.6,40,"both",0.217976478975032,-0.591845344274662
"2566",26,1,0.0397097052403919,-12.4096001005584,6.70972543139588,51,100,0.217976478975032,-0.591845344274662,26,1,-17.20929,50,0.4,0.6,40,"both",0.217976478975032,-0.591845344274662
"2567",26,1,0.0397097052403919,-12.4096001005584,6.70972543139588,51,100,0.217976478975032,-0.591845344274662,26,0,-24.0823,50,0.4,0.6,40,"both",0.217976478975032,-0.591845344274662
"2568",26,1,0.0397097052403919,-12.4096001005584,6.70972543139588,51,100,0.217976478975032,-0.591845344274662,26,0,-18.90028,50,0.4,0.6,40,"both",0.217976478975032,-0.591845344274662
"2569",26,1,0.0397097052403919,-12.4096001005584,6.70972543139588,51,100,0.217976478975032,-0.591845344274662,26,1,3.05287,50,0.4,0.6,40,"both",0.217976478975032,-0.591845344274662
"2570",26,1,0.0397097052403919,-12.4096001005584,6.70972543139588,51,100,0.217976478975032,-0.591845344274662,26,0,-16.9251,50,0.4,0.6,40,"both",0.217976478975032,-0.591845344274662
"2571",26,1,0.0397097052403919,-12.4096001005584,6.70972543139588,51,100,0.217976478975032,-0.591845344274662,26,0,-19.67623,50,0.4,0.6,40,"both",0.217976478975032,-0.591845344274662
"2572",26,1,0.0397097052403919,-12.4096001005584,6.70972543139588,51,100,0.217976478975032,-0.591845344274662,26,1,-1.98638,50,0.4,0.6,40,"both",0.217976478975032,-0.591845344274662
"2573",26,1,0.0397097052403919,-12.4096001005584,6.70972543139588,51,100,0.217976478975032,-0.591845344274662,26,1,0.57067,50,0.4,0.6,40,"both",0.217976478975032,-0.591845344274662
"2574",26,1,0.0397097052403919,-12.4096001005584,6.70972543139588,51,100,0.217976478975032,-0.591845344274662,26,1,0.1125,50,0.4,0.6,40,"both",0.217976478975032,-0.591845344274662
"2575",26,1,0.0397097052403919,-12.4096001005584,6.70972543139588,51,100,0.217976478975032,-0.591845344274662,26,0,-17.26798,50,0.4,0.6,40,"both",0.217976478975032,-0.591845344274662
"2576",26,1,0.0397097052403919,-12.4096001005584,6.70972543139588,51,100,0.217976478975032,-0.591845344274662,26,1,-3.22405,50,0.4,0.6,40,"both",0.217976478975032,-0.591845344274662
"2577",26,1,0.0397097052403919,-12.4096001005584,6.70972543139588,51,100,0.217976478975032,-0.591845344274662,26,0,-14.34614,50,0.4,0.6,40,"both",0.217976478975032,-0.591845344274662
"2578",26,1,0.0397097052403919,-12.4096001005584,6.70972543139588,51,100,0.217976478975032,-0.591845344274662,26,1,-7.42877,50,0.4,0.6,40,"both",0.217976478975032,-0.591845344274662
"2579",26,1,0.0397097052403919,-12.4096001005584,6.70972543139588,51,100,0.217976478975032,-0.591845344274662,26,1,-4.05828,50,0.4,0.6,40,"both",0.217976478975032,-0.591845344274662
"2580",26,1,0.0397097052403919,-12.4096001005584,6.70972543139588,51,100,0.217976478975032,-0.591845344274662,26,0,-14.56891,50,0.4,0.6,40,"both",0.217976478975032,-0.591845344274662
"2581",26,1,0.0397097052403919,-12.4096001005584,6.70972543139588,51,100,0.217976478975032,-0.591845344274662,26,0,-5.02818,50,0.4,0.6,40,"both",0.217976478975032,-0.591845344274662
"2582",26,1,0.0397097052403919,-12.4096001005584,6.70972543139588,51,100,0.217976478975032,-0.591845344274662,26,1,-15.59472,50,0.4,0.6,40,"both",0.217976478975032,-0.591845344274662
"2583",26,1,0.0397097052403919,-12.4096001005584,6.70972543139588,51,100,0.217976478975032,-0.591845344274662,26,1,-0.269089999999999,50,0.4,0.6,40,"both",0.217976478975032,-0.591845344274662
"2584",26,1,0.0397097052403919,-12.4096001005584,6.70972543139588,51,100,0.217976478975032,-0.591845344274662,26,0,-16.11905,50,0.4,0.6,40,"both",0.217976478975032,-0.591845344274662
"2585",26,1,0.0397097052403919,-12.4096001005584,6.70972543139588,51,100,0.217976478975032,-0.591845344274662,26,1,-2.73303,50,0.4,0.6,40,"both",0.217976478975032,-0.591845344274662
"2586",26,1,0.0397097052403919,-12.4096001005584,6.70972543139588,51,100,0.217976478975032,-0.591845344274662,26,0,-25.0195,50,0.4,0.6,40,"both",0.217976478975032,-0.591845344274662
"2587",26,1,0.0397097052403919,-12.4096001005584,6.70972543139588,51,100,0.217976478975032,-0.591845344274662,26,1,-16.18175,50,0.4,0.6,40,"both",0.217976478975032,-0.591845344274662
"2588",26,1,0.0397097052403919,-12.4096001005584,6.70972543139588,51,100,0.217976478975032,-0.591845344274662,26,0,-17.21048,50,0.4,0.6,40,"both",0.217976478975032,-0.591845344274662
"2589",26,1,0.0397097052403919,-12.4096001005584,6.70972543139588,51,100,0.217976478975032,-0.591845344274662,26,0,-19.39712,50,0.4,0.6,40,"both",0.217976478975032,-0.591845344274662
"2590",26,1,0.0397097052403919,-12.4096001005584,6.70972543139588,51,100,0.217976478975032,-0.591845344274662,26,0,-18.47841,50,0.4,0.6,40,"both",0.217976478975032,-0.591845344274662
"2591",26,1,0.0397097052403919,-12.4096001005584,6.70972543139588,51,100,0.217976478975032,-0.591845344274662,26,0,-13.30749,50,0.4,0.6,40,"both",0.217976478975032,-0.591845344274662
"2592",26,1,0.0397097052403919,-12.4096001005584,6.70972543139588,51,100,0.217976478975032,-0.591845344274662,26,1,-4.67595,50,0.4,0.6,40,"both",0.217976478975032,-0.591845344274662
"2593",26,1,0.0397097052403919,-12.4096001005584,6.70972543139588,51,100,0.217976478975032,-0.591845344274662,26,0,-4.17543,50,0.4,0.6,40,"both",0.217976478975032,-0.591845344274662
"2594",26,1,0.0397097052403919,-12.4096001005584,6.70972543139588,51,100,0.217976478975032,-0.591845344274662,26,0,-2.42199,50,0.4,0.6,40,"both",0.217976478975032,-0.591845344274662
"2595",26,1,0.0397097052403919,-12.4096001005584,6.70972543139588,51,100,0.217976478975032,-0.591845344274662,26,0,-4.65657,50,0.4,0.6,40,"both",0.217976478975032,-0.591845344274662
"2596",26,1,0.0397097052403919,-12.4096001005584,6.70972543139588,51,100,0.217976478975032,-0.591845344274662,26,1,-2.47062,50,0.4,0.6,40,"both",0.217976478975032,-0.591845344274662
"2597",26,1,0.0397097052403919,-12.4096001005584,6.70972543139588,51,100,0.217976478975032,-0.591845344274662,26,0,-15.02977,50,0.4,0.6,40,"both",0.217976478975032,-0.591845344274662
"2598",26,1,0.0397097052403919,-12.4096001005584,6.70972543139588,51,100,0.217976478975032,-0.591845344274662,26,0,-13.94124,50,0.4,0.6,40,"both",0.217976478975032,-0.591845344274662
"2599",26,1,0.0397097052403919,-12.4096001005584,6.70972543139588,51,100,0.217976478975032,-0.591845344274662,26,0,-18.78163,50,0.4,0.6,40,"both",0.217976478975032,-0.591845344274662
"2600",26,1,0.0397097052403919,-12.4096001005584,6.70972543139588,51,100,0.217976478975032,-0.591845344274662,26,1,-5.83683,50,0.4,0.6,40,"both",0.217976478975032,-0.591845344274662
"2601",27,1,0.00389429235459457,-8.59293044507813,12.1429256351774,53,100,0.217976478975032,-0.591845344274662,27,0,-8.5693653285,50,0.4,0.6,40,"both",0.217976478975032,-0.591845344274662
"2602",27,1,0.00389429235459457,-8.59293044507813,12.1429256351774,53,100,0.217976478975032,-0.591845344274662,27,1,6.31269346909,50,0.4,0.6,40,"both",0.217976478975032,-0.591845344274662
"2603",27,1,0.00389429235459457,-8.59293044507813,12.1429256351774,53,100,0.217976478975032,-0.591845344274662,27,1,-0.22547695633,50,0.4,0.6,40,"both",0.217976478975032,-0.591845344274662
"2604",27,1,0.00389429235459457,-8.59293044507813,12.1429256351774,53,100,0.217976478975032,-0.591845344274662,27,1,-4.43905796295,50,0.4,0.6,40,"both",0.217976478975032,-0.591845344274662
"2605",27,1,0.00389429235459457,-8.59293044507813,12.1429256351774,53,100,0.217976478975032,-0.591845344274662,27,1,41.7118,50,0.4,0.6,40,"both",0.217976478975032,-0.591845344274662
"2606",27,1,0.00389429235459457,-8.59293044507813,12.1429256351774,53,100,0.217976478975032,-0.591845344274662,27,1,-1.76769,50,0.4,0.6,40,"both",0.217976478975032,-0.591845344274662
"2607",27,1,0.00389429235459457,-8.59293044507813,12.1429256351774,53,100,0.217976478975032,-0.591845344274662,27,1,13.16205,50,0.4,0.6,40,"both",0.217976478975032,-0.591845344274662
"2608",27,1,0.00389429235459457,-8.59293044507813,12.1429256351774,53,100,0.217976478975032,-0.591845344274662,27,0,-3.97305,50,0.4,0.6,40,"both",0.217976478975032,-0.591845344274662
"2609",27,1,0.00389429235459457,-8.59293044507813,12.1429256351774,53,100,0.217976478975032,-0.591845344274662,27,1,-10.09089,50,0.4,0.6,40,"both",0.217976478975032,-0.591845344274662
"2610",27,1,0.00389429235459457,-8.59293044507813,12.1429256351774,53,100,0.217976478975032,-0.591845344274662,27,0,-12.27305,50,0.4,0.6,40,"both",0.217976478975032,-0.591845344274662
"2611",27,1,0.00389429235459457,-8.59293044507813,12.1429256351774,53,100,0.217976478975032,-0.591845344274662,27,1,6.62754,50,0.4,0.6,40,"both",0.217976478975032,-0.591845344274662
"2612",27,1,0.00389429235459457,-8.59293044507813,12.1429256351774,53,100,0.217976478975032,-0.591845344274662,27,0,-10.25997,50,0.4,0.6,40,"both",0.217976478975032,-0.591845344274662
"2613",27,1,0.00389429235459457,-8.59293044507813,12.1429256351774,53,100,0.217976478975032,-0.591845344274662,27,0,-33.96257,50,0.4,0.6,40,"both",0.217976478975032,-0.591845344274662
"2614",27,1,0.00389429235459457,-8.59293044507813,12.1429256351774,53,100,0.217976478975032,-0.591845344274662,27,1,-13.26284,50,0.4,0.6,40,"both",0.217976478975032,-0.591845344274662
"2615",27,1,0.00389429235459457,-8.59293044507813,12.1429256351774,53,100,0.217976478975032,-0.591845344274662,27,1,-11.89991,50,0.4,0.6,40,"both",0.217976478975032,-0.591845344274662
"2616",27,1,0.00389429235459457,-8.59293044507813,12.1429256351774,53,100,0.217976478975032,-0.591845344274662,27,0,-14.59887,50,0.4,0.6,40,"both",0.217976478975032,-0.591845344274662
"2617",27,1,0.00389429235459457,-8.59293044507813,12.1429256351774,53,100,0.217976478975032,-0.591845344274662,27,1,2.078,50,0.4,0.6,40,"both",0.217976478975032,-0.591845344274662
"2618",27,1,0.00389429235459457,-8.59293044507813,12.1429256351774,53,100,0.217976478975032,-0.591845344274662,27,0,-12.64725,50,0.4,0.6,40,"both",0.217976478975032,-0.591845344274662
"2619",27,1,0.00389429235459457,-8.59293044507813,12.1429256351774,53,100,0.217976478975032,-0.591845344274662,27,0,3.0388,50,0.4,0.6,40,"both",0.217976478975032,-0.591845344274662
"2620",27,1,0.00389429235459457,-8.59293044507813,12.1429256351774,53,100,0.217976478975032,-0.591845344274662,27,0,-4.12187,50,0.4,0.6,40,"both",0.217976478975032,-0.591845344274662
"2621",27,1,0.00389429235459457,-8.59293044507813,12.1429256351774,53,100,0.217976478975032,-0.591845344274662,27,1,19.78346,50,0.4,0.6,40,"both",0.217976478975032,-0.591845344274662
"2622",27,1,0.00389429235459457,-8.59293044507813,12.1429256351774,53,100,0.217976478975032,-0.591845344274662,27,1,3.9088,50,0.4,0.6,40,"both",0.217976478975032,-0.591845344274662
"2623",27,1,0.00389429235459457,-8.59293044507813,12.1429256351774,53,100,0.217976478975032,-0.591845344274662,27,0,-26.0967,50,0.4,0.6,40,"both",0.217976478975032,-0.591845344274662
"2624",27,1,0.00389429235459457,-8.59293044507813,12.1429256351774,53,100,0.217976478975032,-0.591845344274662,27,0,3.41097,50,0.4,0.6,40,"both",0.217976478975032,-0.591845344274662
"2625",27,1,0.00389429235459457,-8.59293044507813,12.1429256351774,53,100,0.217976478975032,-0.591845344274662,27,0,-36.73309,50,0.4,0.6,40,"both",0.217976478975032,-0.591845344274662
"2626",27,1,0.00389429235459457,-8.59293044507813,12.1429256351774,53,100,0.217976478975032,-0.591845344274662,27,1,-5.79855,50,0.4,0.6,40,"both",0.217976478975032,-0.591845344274662
"2627",27,1,0.00389429235459457,-8.59293044507813,12.1429256351774,53,100,0.217976478975032,-0.591845344274662,27,1,20.7311,50,0.4,0.6,40,"both",0.217976478975032,-0.591845344274662
"2628",27,1,0.00389429235459457,-8.59293044507813,12.1429256351774,53,100,0.217976478975032,-0.591845344274662,27,0,-41.0913,50,0.4,0.6,40,"both",0.217976478975032,-0.591845344274662
"2629",27,1,0.00389429235459457,-8.59293044507813,12.1429256351774,53,100,0.217976478975032,-0.591845344274662,27,0,0.02372,50,0.4,0.6,40,"both",0.217976478975032,-0.591845344274662
"2630",27,1,0.00389429235459457,-8.59293044507813,12.1429256351774,53,100,0.217976478975032,-0.591845344274662,27,0,-17.99874,50,0.4,0.6,40,"both",0.217976478975032,-0.591845344274662
"2631",27,1,0.00389429235459457,-8.59293044507813,12.1429256351774,53,100,0.217976478975032,-0.591845344274662,27,0,-4.8818709688,50,0.4,0.6,40,"both",0.217976478975032,-0.591845344274662
"2632",27,1,0.00389429235459457,-8.59293044507813,12.1429256351774,53,100,0.217976478975032,-0.591845344274662,27,1,-11.40908,50,0.4,0.6,40,"both",0.217976478975032,-0.591845344274662
"2633",27,1,0.00389429235459457,-8.59293044507813,12.1429256351774,53,100,0.217976478975032,-0.591845344274662,27,0,-5.31731536489,50,0.4,0.6,40,"both",0.217976478975032,-0.591845344274662
"2634",27,1,0.00389429235459457,-8.59293044507813,12.1429256351774,53,100,0.217976478975032,-0.591845344274662,27,1,-4.2339486351,50,0.4,0.6,40,"both",0.217976478975032,-0.591845344274662
"2635",27,1,0.00389429235459457,-8.59293044507813,12.1429256351774,53,100,0.217976478975032,-0.591845344274662,27,1,-18.65294,50,0.4,0.6,40,"both",0.217976478975032,-0.591845344274662
"2636",27,1,0.00389429235459457,-8.59293044507813,12.1429256351774,53,100,0.217976478975032,-0.591845344274662,27,1,4.40747,50,0.4,0.6,40,"both",0.217976478975032,-0.591845344274662
"2637",27,1,0.00389429235459457,-8.59293044507813,12.1429256351774,53,100,0.217976478975032,-0.591845344274662,27,0,3.0313,50,0.4,0.6,40,"both",0.217976478975032,-0.591845344274662
"2638",27,1,0.00389429235459457,-8.59293044507813,12.1429256351774,53,100,0.217976478975032,-0.591845344274662,27,0,-4.8211619147,50,0.4,0.6,40,"both",0.217976478975032,-0.591845344274662
"2639",27,1,0.00389429235459457,-8.59293044507813,12.1429256351774,53,100,0.217976478975032,-0.591845344274662,27,1,-14.16913,50,0.4,0.6,40,"both",0.217976478975032,-0.591845344274662
"2640",27,1,0.00389429235459457,-8.59293044507813,12.1429256351774,53,100,0.217976478975032,-0.591845344274662,27,1,19.3124,50,0.4,0.6,40,"both",0.217976478975032,-0.591845344274662
"2641",27,1,0.00389429235459457,-8.59293044507813,12.1429256351774,53,100,0.217976478975032,-0.591845344274662,27,0,-33.2061,50,0.4,0.6,40,"both",0.217976478975032,-0.591845344274662
"2642",27,1,0.00389429235459457,-8.59293044507813,12.1429256351774,53,100,0.217976478975032,-0.591845344274662,27,0,-17.47317,50,0.4,0.6,40,"both",0.217976478975032,-0.591845344274662
"2643",27,1,0.00389429235459457,-8.59293044507813,12.1429256351774,53,100,0.217976478975032,-0.591845344274662,27,1,8.51045,50,0.4,0.6,40,"both",0.217976478975032,-0.591845344274662
"2644",27,1,0.00389429235459457,-8.59293044507813,12.1429256351774,53,100,0.217976478975032,-0.591845344274662,27,0,-22.25654,50,0.4,0.6,40,"both",0.217976478975032,-0.591845344274662
"2645",27,1,0.00389429235459457,-8.59293044507813,12.1429256351774,53,100,0.217976478975032,-0.591845344274662,27,0,-24.8065,50,0.4,0.6,40,"both",0.217976478975032,-0.591845344274662
"2646",27,1,0.00389429235459457,-8.59293044507813,12.1429256351774,53,100,0.217976478975032,-0.591845344274662,27,1,12.42253,50,0.4,0.6,40,"both",0.217976478975032,-0.591845344274662
"2647",27,1,0.00389429235459457,-8.59293044507813,12.1429256351774,53,100,0.217976478975032,-0.591845344274662,27,1,4.16055,50,0.4,0.6,40,"both",0.217976478975032,-0.591845344274662
"2648",27,1,0.00389429235459457,-8.59293044507813,12.1429256351774,53,100,0.217976478975032,-0.591845344274662,27,0,-32.1099,50,0.4,0.6,40,"both",0.217976478975032,-0.591845344274662
"2649",27,1,0.00389429235459457,-8.59293044507813,12.1429256351774,53,100,0.217976478975032,-0.591845344274662,27,1,10.75062,50,0.4,0.6,40,"both",0.217976478975032,-0.591845344274662
"2650",27,1,0.00389429235459457,-8.59293044507813,12.1429256351774,53,100,0.217976478975032,-0.591845344274662,27,1,7.13073,50,0.4,0.6,40,"both",0.217976478975032,-0.591845344274662
"2651",27,1,0.00389429235459457,-8.59293044507813,12.1429256351774,53,100,0.217976478975032,-0.591845344274662,27,1,3.1258,50,0.4,0.6,40,"both",0.217976478975032,-0.591845344274662
"2652",27,1,0.00389429235459457,-8.59293044507813,12.1429256351774,53,100,0.217976478975032,-0.591845344274662,27,1,13.31823,50,0.4,0.6,40,"both",0.217976478975032,-0.591845344274662
"2653",27,1,0.00389429235459457,-8.59293044507813,12.1429256351774,53,100,0.217976478975032,-0.591845344274662,27,1,10.23206,50,0.4,0.6,40,"both",0.217976478975032,-0.591845344274662
"2654",27,1,0.00389429235459457,-8.59293044507813,12.1429256351774,53,100,0.217976478975032,-0.591845344274662,27,1,-1.391,50,0.4,0.6,40,"both",0.217976478975032,-0.591845344274662
"2655",27,1,0.00389429235459457,-8.59293044507813,12.1429256351774,53,100,0.217976478975032,-0.591845344274662,27,1,5.59682,50,0.4,0.6,40,"both",0.217976478975032,-0.591845344274662
"2656",27,1,0.00389429235459457,-8.59293044507813,12.1429256351774,53,100,0.217976478975032,-0.591845344274662,27,1,-15.5051,50,0.4,0.6,40,"both",0.217976478975032,-0.591845344274662
"2657",27,1,0.00389429235459457,-8.59293044507813,12.1429256351774,53,100,0.217976478975032,-0.591845344274662,27,0,-28.6747,50,0.4,0.6,40,"both",0.217976478975032,-0.591845344274662
"2658",27,1,0.00389429235459457,-8.59293044507813,12.1429256351774,53,100,0.217976478975032,-0.591845344274662,27,0,-18.57159,50,0.4,0.6,40,"both",0.217976478975032,-0.591845344274662
"2659",27,1,0.00389429235459457,-8.59293044507813,12.1429256351774,53,100,0.217976478975032,-0.591845344274662,27,1,9.57647,50,0.4,0.6,40,"both",0.217976478975032,-0.591845344274662
"2660",27,1,0.00389429235459457,-8.59293044507813,12.1429256351774,53,100,0.217976478975032,-0.591845344274662,27,1,-0.555820000000001,50,0.4,0.6,40,"both",0.217976478975032,-0.591845344274662
"2661",27,1,0.00389429235459457,-8.59293044507813,12.1429256351774,53,100,0.217976478975032,-0.591845344274662,27,0,2.02023,50,0.4,0.6,40,"both",0.217976478975032,-0.591845344274662
"2662",27,1,0.00389429235459457,-8.59293044507813,12.1429256351774,53,100,0.217976478975032,-0.591845344274662,27,0,-18.6509,50,0.4,0.6,40,"both",0.217976478975032,-0.591845344274662
"2663",27,1,0.00389429235459457,-8.59293044507813,12.1429256351774,53,100,0.217976478975032,-0.591845344274662,27,1,10.61106,50,0.4,0.6,40,"both",0.217976478975032,-0.591845344274662
"2664",27,1,0.00389429235459457,-8.59293044507813,12.1429256351774,53,100,0.217976478975032,-0.591845344274662,27,1,10.39916,50,0.4,0.6,40,"both",0.217976478975032,-0.591845344274662
"2665",27,1,0.00389429235459457,-8.59293044507813,12.1429256351774,53,100,0.217976478975032,-0.591845344274662,27,1,7.07371,50,0.4,0.6,40,"both",0.217976478975032,-0.591845344274662
"2666",27,1,0.00389429235459457,-8.59293044507813,12.1429256351774,53,100,0.217976478975032,-0.591845344274662,27,0,-19.37864,50,0.4,0.6,40,"both",0.217976478975032,-0.591845344274662
"2667",27,1,0.00389429235459457,-8.59293044507813,12.1429256351774,53,100,0.217976478975032,-0.591845344274662,27,0,2.78944,50,0.4,0.6,40,"both",0.217976478975032,-0.591845344274662
"2668",27,1,0.00389429235459457,-8.59293044507813,12.1429256351774,53,100,0.217976478975032,-0.591845344274662,27,0,-17.09409,50,0.4,0.6,40,"both",0.217976478975032,-0.591845344274662
"2669",27,1,0.00389429235459457,-8.59293044507813,12.1429256351774,53,100,0.217976478975032,-0.591845344274662,27,1,7.42723,50,0.4,0.6,40,"both",0.217976478975032,-0.591845344274662
"2670",27,1,0.00389429235459457,-8.59293044507813,12.1429256351774,53,100,0.217976478975032,-0.591845344274662,27,1,0.836069999999999,50,0.4,0.6,40,"both",0.217976478975032,-0.591845344274662
"2671",27,1,0.00389429235459457,-8.59293044507813,12.1429256351774,53,100,0.217976478975032,-0.591845344274662,27,1,-1.00638,50,0.4,0.6,40,"both",0.217976478975032,-0.591845344274662
"2672",27,1,0.00389429235459457,-8.59293044507813,12.1429256351774,53,100,0.217976478975032,-0.591845344274662,27,0,-19.45948,50,0.4,0.6,40,"both",0.217976478975032,-0.591845344274662
"2673",27,1,0.00389429235459457,-8.59293044507813,12.1429256351774,53,100,0.217976478975032,-0.591845344274662,27,0,-18.6273,50,0.4,0.6,40,"both",0.217976478975032,-0.591845344274662
"2674",27,1,0.00389429235459457,-8.59293044507813,12.1429256351774,53,100,0.217976478975032,-0.591845344274662,27,1,-16.83179,50,0.4,0.6,40,"both",0.217976478975032,-0.591845344274662
"2675",27,1,0.00389429235459457,-8.59293044507813,12.1429256351774,53,100,0.217976478975032,-0.591845344274662,27,0,-12.79876,50,0.4,0.6,40,"both",0.217976478975032,-0.591845344274662
"2676",27,1,0.00389429235459457,-8.59293044507813,12.1429256351774,53,100,0.217976478975032,-0.591845344274662,27,1,5.03428,50,0.4,0.6,40,"both",0.217976478975032,-0.591845344274662
"2677",27,1,0.00389429235459457,-8.59293044507813,12.1429256351774,53,100,0.217976478975032,-0.591845344274662,27,1,9.76991,50,0.4,0.6,40,"both",0.217976478975032,-0.591845344274662
"2678",27,1,0.00389429235459457,-8.59293044507813,12.1429256351774,53,100,0.217976478975032,-0.591845344274662,27,1,1.74568,50,0.4,0.6,40,"both",0.217976478975032,-0.591845344274662
"2679",27,1,0.00389429235459457,-8.59293044507813,12.1429256351774,53,100,0.217976478975032,-0.591845344274662,27,1,-19.08814,50,0.4,0.6,40,"both",0.217976478975032,-0.591845344274662
"2680",27,1,0.00389429235459457,-8.59293044507813,12.1429256351774,53,100,0.217976478975032,-0.591845344274662,27,1,4.2248,50,0.4,0.6,40,"both",0.217976478975032,-0.591845344274662
"2681",27,1,0.00389429235459457,-8.59293044507813,12.1429256351774,53,100,0.217976478975032,-0.591845344274662,27,0,-25.9358,50,0.4,0.6,40,"both",0.217976478975032,-0.591845344274662
"2682",27,1,0.00389429235459457,-8.59293044507813,12.1429256351774,53,100,0.217976478975032,-0.591845344274662,27,1,6.59874,50,0.4,0.6,40,"both",0.217976478975032,-0.591845344274662
"2683",27,1,0.00389429235459457,-8.59293044507813,12.1429256351774,53,100,0.217976478975032,-0.591845344274662,27,1,-16.90368,50,0.4,0.6,40,"both",0.217976478975032,-0.591845344274662
"2684",27,1,0.00389429235459457,-8.59293044507813,12.1429256351774,53,100,0.217976478975032,-0.591845344274662,27,1,3.48562,50,0.4,0.6,40,"both",0.217976478975032,-0.591845344274662
"2685",27,1,0.00389429235459457,-8.59293044507813,12.1429256351774,53,100,0.217976478975032,-0.591845344274662,27,0,-20.93992,50,0.4,0.6,40,"both",0.217976478975032,-0.591845344274662
"2686",27,1,0.00389429235459457,-8.59293044507813,12.1429256351774,53,100,0.217976478975032,-0.591845344274662,27,0,-21.86815,50,0.4,0.6,40,"both",0.217976478975032,-0.591845344274662
"2687",27,1,0.00389429235459457,-8.59293044507813,12.1429256351774,53,100,0.217976478975032,-0.591845344274662,27,1,2.8779,50,0.4,0.6,40,"both",0.217976478975032,-0.591845344274662
"2688",27,1,0.00389429235459457,-8.59293044507813,12.1429256351774,53,100,0.217976478975032,-0.591845344274662,27,1,3.6687,50,0.4,0.6,40,"both",0.217976478975032,-0.591845344274662
"2689",27,1,0.00389429235459457,-8.59293044507813,12.1429256351774,53,100,0.217976478975032,-0.591845344274662,27,0,4.834,50,0.4,0.6,40,"both",0.217976478975032,-0.591845344274662
"2690",27,1,0.00389429235459457,-8.59293044507813,12.1429256351774,53,100,0.217976478975032,-0.591845344274662,27,0,-22.64291,50,0.4,0.6,40,"both",0.217976478975032,-0.591845344274662
"2691",27,1,0.00389429235459457,-8.59293044507813,12.1429256351774,53,100,0.217976478975032,-0.591845344274662,27,1,-19.78472,50,0.4,0.6,40,"both",0.217976478975032,-0.591845344274662
"2692",27,1,0.00389429235459457,-8.59293044507813,12.1429256351774,53,100,0.217976478975032,-0.591845344274662,27,1,-2.4435,50,0.4,0.6,40,"both",0.217976478975032,-0.591845344274662
"2693",27,1,0.00389429235459457,-8.59293044507813,12.1429256351774,53,100,0.217976478975032,-0.591845344274662,27,1,8.43882,50,0.4,0.6,40,"both",0.217976478975032,-0.591845344274662
"2694",27,1,0.00389429235459457,-8.59293044507813,12.1429256351774,53,100,0.217976478975032,-0.591845344274662,27,0,2.58627,50,0.4,0.6,40,"both",0.217976478975032,-0.591845344274662
"2695",27,1,0.00389429235459457,-8.59293044507813,12.1429256351774,53,100,0.217976478975032,-0.591845344274662,27,1,2.33009,50,0.4,0.6,40,"both",0.217976478975032,-0.591845344274662
"2696",27,1,0.00389429235459457,-8.59293044507813,12.1429256351774,53,100,0.217976478975032,-0.591845344274662,27,1,4.16625,50,0.4,0.6,40,"both",0.217976478975032,-0.591845344274662
"2697",27,1,0.00389429235459457,-8.59293044507813,12.1429256351774,53,100,0.217976478975032,-0.591845344274662,27,1,7.75691,50,0.4,0.6,40,"both",0.217976478975032,-0.591845344274662
"2698",27,1,0.00389429235459457,-8.59293044507813,12.1429256351774,53,100,0.217976478975032,-0.591845344274662,27,1,-6.08594,50,0.4,0.6,40,"both",0.217976478975032,-0.591845344274662
"2699",27,1,0.00389429235459457,-8.59293044507813,12.1429256351774,53,100,0.217976478975032,-0.591845344274662,27,1,7.41709,50,0.4,0.6,40,"both",0.217976478975032,-0.591845344274662
"2700",27,1,0.00389429235459457,-8.59293044507813,12.1429256351774,53,100,0.217976478975032,-0.591845344274662,27,1,7.7154,50,0.4,0.6,40,"both",0.217976478975032,-0.591845344274662
"2701",28,1,0.0427074224929212,5.0200816590346,9.39821703737868,55,100,0.217976478975032,-0.591845344274662,28,1,10.3061002821,50,0.4,0.6,40,"both",0.217976478975032,-0.591845344274662
"2702",28,1,0.0427074224929212,5.0200816590346,9.39821703737868,55,100,0.217976478975032,-0.591845344274662,28,1,-6.0216904677,50,0.4,0.6,40,"both",0.217976478975032,-0.591845344274662
"2703",28,1,0.0427074224929212,5.0200816590346,9.39821703737868,55,100,0.217976478975032,-0.591845344274662,28,0,-14.5164762069,50,0.4,0.6,40,"both",0.217976478975032,-0.591845344274662
"2704",28,1,0.0427074224929212,5.0200816590346,9.39821703737868,55,100,0.217976478975032,-0.591845344274662,28,0,-6.7016598162,50,0.4,0.6,40,"both",0.217976478975032,-0.591845344274662
"2705",28,1,0.0427074224929212,5.0200816590346,9.39821703737868,55,100,0.217976478975032,-0.591845344274662,28,0,-28.92262,50,0.4,0.6,40,"both",0.217976478975032,-0.591845344274662
"2706",28,1,0.0427074224929212,5.0200816590346,9.39821703737868,55,100,0.217976478975032,-0.591845344274662,28,0,-4.268478,50,0.4,0.6,40,"both",0.217976478975032,-0.591845344274662
"2707",28,1,0.0427074224929212,5.0200816590346,9.39821703737868,55,100,0.217976478975032,-0.591845344274662,28,1,-4.53882,50,0.4,0.6,40,"both",0.217976478975032,-0.591845344274662
"2708",28,1,0.0427074224929212,5.0200816590346,9.39821703737868,55,100,0.217976478975032,-0.591845344274662,28,0,-21.69262,50,0.4,0.6,40,"both",0.217976478975032,-0.591845344274662
"2709",28,1,0.0427074224929212,5.0200816590346,9.39821703737868,55,100,0.217976478975032,-0.591845344274662,28,1,6.15718,50,0.4,0.6,40,"both",0.217976478975032,-0.591845344274662
"2710",28,1,0.0427074224929212,5.0200816590346,9.39821703737868,55,100,0.217976478975032,-0.591845344274662,28,0,2.7152,50,0.4,0.6,40,"both",0.217976478975032,-0.591845344274662
"2711",28,1,0.0427074224929212,5.0200816590346,9.39821703737868,55,100,0.217976478975032,-0.591845344274662,28,0,-3.44691765541,50,0.4,0.6,40,"both",0.217976478975032,-0.591845344274662
"2712",28,1,0.0427074224929212,5.0200816590346,9.39821703737868,55,100,0.217976478975032,-0.591845344274662,28,1,9.43932,50,0.4,0.6,40,"both",0.217976478975032,-0.591845344274662
"2713",28,1,0.0427074224929212,5.0200816590346,9.39821703737868,55,100,0.217976478975032,-0.591845344274662,28,0,-2.63529,50,0.4,0.6,40,"both",0.217976478975032,-0.591845344274662
"2714",28,1,0.0427074224929212,5.0200816590346,9.39821703737868,55,100,0.217976478975032,-0.591845344274662,28,0,-32.284202,50,0.4,0.6,40,"both",0.217976478975032,-0.591845344274662
"2715",28,1,0.0427074224929212,5.0200816590346,9.39821703737868,55,100,0.217976478975032,-0.591845344274662,28,1,8.569777,50,0.4,0.6,40,"both",0.217976478975032,-0.591845344274662
"2716",28,1,0.0427074224929212,5.0200816590346,9.39821703737868,55,100,0.217976478975032,-0.591845344274662,28,0,-8.30775,50,0.4,0.6,40,"both",0.217976478975032,-0.591845344274662
"2717",28,1,0.0427074224929212,5.0200816590346,9.39821703737868,55,100,0.217976478975032,-0.591845344274662,28,0,-10.02018,50,0.4,0.6,40,"both",0.217976478975032,-0.591845344274662
"2718",28,1,0.0427074224929212,5.0200816590346,9.39821703737868,55,100,0.217976478975032,-0.591845344274662,28,0,-1.33193,50,0.4,0.6,40,"both",0.217976478975032,-0.591845344274662
"2719",28,1,0.0427074224929212,5.0200816590346,9.39821703737868,55,100,0.217976478975032,-0.591845344274662,28,1,17.78748,50,0.4,0.6,40,"both",0.217976478975032,-0.591845344274662
"2720",28,1,0.0427074224929212,5.0200816590346,9.39821703737868,55,100,0.217976478975032,-0.591845344274662,28,0,-10.25236,50,0.4,0.6,40,"both",0.217976478975032,-0.591845344274662
"2721",28,1,0.0427074224929212,5.0200816590346,9.39821703737868,55,100,0.217976478975032,-0.591845344274662,28,1,-3.494,50,0.4,0.6,40,"both",0.217976478975032,-0.591845344274662
"2722",28,1,0.0427074224929212,5.0200816590346,9.39821703737868,55,100,0.217976478975032,-0.591845344274662,28,1,7.504558,50,0.4,0.6,40,"both",0.217976478975032,-0.591845344274662
"2723",28,1,0.0427074224929212,5.0200816590346,9.39821703737868,55,100,0.217976478975032,-0.591845344274662,28,0,16.89172,50,0.4,0.6,40,"both",0.217976478975032,-0.591845344274662
"2724",28,1,0.0427074224929212,5.0200816590346,9.39821703737868,55,100,0.217976478975032,-0.591845344274662,28,0,-0.38372,50,0.4,0.6,40,"both",0.217976478975032,-0.591845344274662
"2725",28,1,0.0427074224929212,5.0200816590346,9.39821703737868,55,100,0.217976478975032,-0.591845344274662,28,0,-35.01506,50,0.4,0.6,40,"both",0.217976478975032,-0.591845344274662
"2726",28,1,0.0427074224929212,5.0200816590346,9.39821703737868,55,100,0.217976478975032,-0.591845344274662,28,0,-6.62194,50,0.4,0.6,40,"both",0.217976478975032,-0.591845344274662
"2727",28,1,0.0427074224929212,5.0200816590346,9.39821703737868,55,100,0.217976478975032,-0.591845344274662,28,1,37.17226,50,0.4,0.6,40,"both",0.217976478975032,-0.591845344274662
"2728",28,1,0.0427074224929212,5.0200816590346,9.39821703737868,55,100,0.217976478975032,-0.591845344274662,28,0,-3.77922,50,0.4,0.6,40,"both",0.217976478975032,-0.591845344274662
"2729",28,1,0.0427074224929212,5.0200816590346,9.39821703737868,55,100,0.217976478975032,-0.591845344274662,28,0,17.68662,50,0.4,0.6,40,"both",0.217976478975032,-0.591845344274662
"2730",28,1,0.0427074224929212,5.0200816590346,9.39821703737868,55,100,0.217976478975032,-0.591845344274662,28,1,18.58805,50,0.4,0.6,40,"both",0.217976478975032,-0.591845344274662
"2731",28,1,0.0427074224929212,5.0200816590346,9.39821703737868,55,100,0.217976478975032,-0.591845344274662,28,1,-3.95391,50,0.4,0.6,40,"both",0.217976478975032,-0.591845344274662
"2732",28,1,0.0427074224929212,5.0200816590346,9.39821703737868,55,100,0.217976478975032,-0.591845344274662,28,0,-17.82177,50,0.4,0.6,40,"both",0.217976478975032,-0.591845344274662
"2733",28,1,0.0427074224929212,5.0200816590346,9.39821703737868,55,100,0.217976478975032,-0.591845344274662,28,0,-11.61277,50,0.4,0.6,40,"both",0.217976478975032,-0.591845344274662
"2734",28,1,0.0427074224929212,5.0200816590346,9.39821703737868,55,100,0.217976478975032,-0.591845344274662,28,0,-17.099679,50,0.4,0.6,40,"both",0.217976478975032,-0.591845344274662
"2735",28,1,0.0427074224929212,5.0200816590346,9.39821703737868,55,100,0.217976478975032,-0.591845344274662,28,0,-3.16647,50,0.4,0.6,40,"both",0.217976478975032,-0.591845344274662
"2736",28,1,0.0427074224929212,5.0200816590346,9.39821703737868,55,100,0.217976478975032,-0.591845344274662,28,1,-2.3458,50,0.4,0.6,40,"both",0.217976478975032,-0.591845344274662
"2737",28,1,0.0427074224929212,5.0200816590346,9.39821703737868,55,100,0.217976478975032,-0.591845344274662,28,0,14.27823,50,0.4,0.6,40,"both",0.217976478975032,-0.591845344274662
"2738",28,1,0.0427074224929212,5.0200816590346,9.39821703737868,55,100,0.217976478975032,-0.591845344274662,28,1,14.61307,50,0.4,0.6,40,"both",0.217976478975032,-0.591845344274662
"2739",28,1,0.0427074224929212,5.0200816590346,9.39821703737868,55,100,0.217976478975032,-0.591845344274662,28,0,-12.12417,50,0.4,0.6,40,"both",0.217976478975032,-0.591845344274662
"2740",28,1,0.0427074224929212,5.0200816590346,9.39821703737868,55,100,0.217976478975032,-0.591845344274662,28,0,-14.16158,50,0.4,0.6,40,"both",0.217976478975032,-0.591845344274662
"2741",28,1,0.0427074224929212,5.0200816590346,9.39821703737868,55,100,0.217976478975032,-0.591845344274662,28,0,-7.44269,50,0.4,0.6,40,"both",0.217976478975032,-0.591845344274662
"2742",28,1,0.0427074224929212,5.0200816590346,9.39821703737868,55,100,0.217976478975032,-0.591845344274662,28,1,20.73259,50,0.4,0.6,40,"both",0.217976478975032,-0.591845344274662
"2743",28,1,0.0427074224929212,5.0200816590346,9.39821703737868,55,100,0.217976478975032,-0.591845344274662,28,0,18.03675,50,0.4,0.6,40,"both",0.217976478975032,-0.591845344274662
"2744",28,1,0.0427074224929212,5.0200816590346,9.39821703737868,55,100,0.217976478975032,-0.591845344274662,28,0,-18.7318,50,0.4,0.6,40,"both",0.217976478975032,-0.591845344274662
"2745",28,1,0.0427074224929212,5.0200816590346,9.39821703737868,55,100,0.217976478975032,-0.591845344274662,28,1,8.17246,50,0.4,0.6,40,"both",0.217976478975032,-0.591845344274662
"2746",28,1,0.0427074224929212,5.0200816590346,9.39821703737868,55,100,0.217976478975032,-0.591845344274662,28,1,1.40997,50,0.4,0.6,40,"both",0.217976478975032,-0.591845344274662
"2747",28,1,0.0427074224929212,5.0200816590346,9.39821703737868,55,100,0.217976478975032,-0.591845344274662,28,0,-5.65417,50,0.4,0.6,40,"both",0.217976478975032,-0.591845344274662
"2748",28,1,0.0427074224929212,5.0200816590346,9.39821703737868,55,100,0.217976478975032,-0.591845344274662,28,0,3.398195,50,0.4,0.6,40,"both",0.217976478975032,-0.591845344274662
"2749",28,1,0.0427074224929212,5.0200816590346,9.39821703737868,55,100,0.217976478975032,-0.591845344274662,28,0,-17.83588,50,0.4,0.6,40,"both",0.217976478975032,-0.591845344274662
"2750",28,1,0.0427074224929212,5.0200816590346,9.39821703737868,55,100,0.217976478975032,-0.591845344274662,28,1,35.7687,50,0.4,0.6,40,"both",0.217976478975032,-0.591845344274662
"2751",28,1,0.0427074224929212,5.0200816590346,9.39821703737868,55,100,0.217976478975032,-0.591845344274662,28,0,-14.98747,50,0.4,0.6,40,"both",0.217976478975032,-0.591845344274662
"2752",28,1,0.0427074224929212,5.0200816590346,9.39821703737868,55,100,0.217976478975032,-0.591845344274662,28,0,-5.46777,50,0.4,0.6,40,"both",0.217976478975032,-0.591845344274662
"2753",28,1,0.0427074224929212,5.0200816590346,9.39821703737868,55,100,0.217976478975032,-0.591845344274662,28,1,29.9454,50,0.4,0.6,40,"both",0.217976478975032,-0.591845344274662
"2754",28,1,0.0427074224929212,5.0200816590346,9.39821703737868,55,100,0.217976478975032,-0.591845344274662,28,1,26.4955,50,0.4,0.6,40,"both",0.217976478975032,-0.591845344274662
"2755",28,1,0.0427074224929212,5.0200816590346,9.39821703737868,55,100,0.217976478975032,-0.591845344274662,28,1,20.01756,50,0.4,0.6,40,"both",0.217976478975032,-0.591845344274662
"2756",28,1,0.0427074224929212,5.0200816590346,9.39821703737868,55,100,0.217976478975032,-0.591845344274662,28,0,10.891984,50,0.4,0.6,40,"both",0.217976478975032,-0.591845344274662
"2757",28,1,0.0427074224929212,5.0200816590346,9.39821703737868,55,100,0.217976478975032,-0.591845344274662,28,0,-18.29146,50,0.4,0.6,40,"both",0.217976478975032,-0.591845344274662
"2758",28,1,0.0427074224929212,5.0200816590346,9.39821703737868,55,100,0.217976478975032,-0.591845344274662,28,1,24.25327,50,0.4,0.6,40,"both",0.217976478975032,-0.591845344274662
"2759",28,1,0.0427074224929212,5.0200816590346,9.39821703737868,55,100,0.217976478975032,-0.591845344274662,28,1,24.07578,50,0.4,0.6,40,"both",0.217976478975032,-0.591845344274662
"2760",28,1,0.0427074224929212,5.0200816590346,9.39821703737868,55,100,0.217976478975032,-0.591845344274662,28,1,22.11482,50,0.4,0.6,40,"both",0.217976478975032,-0.591845344274662
"2761",28,1,0.0427074224929212,5.0200816590346,9.39821703737868,55,100,0.217976478975032,-0.591845344274662,28,1,14.93793,50,0.4,0.6,40,"both",0.217976478975032,-0.591845344274662
"2762",28,1,0.0427074224929212,5.0200816590346,9.39821703737868,55,100,0.217976478975032,-0.591845344274662,28,1,7.11188,50,0.4,0.6,40,"both",0.217976478975032,-0.591845344274662
"2763",28,1,0.0427074224929212,5.0200816590346,9.39821703737868,55,100,0.217976478975032,-0.591845344274662,28,1,22.16899,50,0.4,0.6,40,"both",0.217976478975032,-0.591845344274662
"2764",28,1,0.0427074224929212,5.0200816590346,9.39821703737868,55,100,0.217976478975032,-0.591845344274662,28,1,16.76593,50,0.4,0.6,40,"both",0.217976478975032,-0.591845344274662
"2765",28,1,0.0427074224929212,5.0200816590346,9.39821703737868,55,100,0.217976478975032,-0.591845344274662,28,1,22.95277,50,0.4,0.6,40,"both",0.217976478975032,-0.591845344274662
"2766",28,1,0.0427074224929212,5.0200816590346,9.39821703737868,55,100,0.217976478975032,-0.591845344274662,28,0,-2.5666,50,0.4,0.6,40,"both",0.217976478975032,-0.591845344274662
"2767",28,1,0.0427074224929212,5.0200816590346,9.39821703737868,55,100,0.217976478975032,-0.591845344274662,28,0,-5.15493,50,0.4,0.6,40,"both",0.217976478975032,-0.591845344274662
"2768",28,1,0.0427074224929212,5.0200816590346,9.39821703737868,55,100,0.217976478975032,-0.591845344274662,28,0,-0.905800000000001,50,0.4,0.6,40,"both",0.217976478975032,-0.591845344274662
"2769",28,1,0.0427074224929212,5.0200816590346,9.39821703737868,55,100,0.217976478975032,-0.591845344274662,28,1,14.84287,50,0.4,0.6,40,"both",0.217976478975032,-0.591845344274662
"2770",28,1,0.0427074224929212,5.0200816590346,9.39821703737868,55,100,0.217976478975032,-0.591845344274662,28,0,-5.41975,50,0.4,0.6,40,"both",0.217976478975032,-0.591845344274662
"2771",28,1,0.0427074224929212,5.0200816590346,9.39821703737868,55,100,0.217976478975032,-0.591845344274662,28,1,16.88534,50,0.4,0.6,40,"both",0.217976478975032,-0.591845344274662
"2772",28,1,0.0427074224929212,5.0200816590346,9.39821703737868,55,100,0.217976478975032,-0.591845344274662,28,1,31.5531,50,0.4,0.6,40,"both",0.217976478975032,-0.591845344274662
"2773",28,1,0.0427074224929212,5.0200816590346,9.39821703737868,55,100,0.217976478975032,-0.591845344274662,28,1,-4.79195,50,0.4,0.6,40,"both",0.217976478975032,-0.591845344274662
"2774",28,1,0.0427074224929212,5.0200816590346,9.39821703737868,55,100,0.217976478975032,-0.591845344274662,28,0,-2.92972,50,0.4,0.6,40,"both",0.217976478975032,-0.591845344274662
"2775",28,1,0.0427074224929212,5.0200816590346,9.39821703737868,55,100,0.217976478975032,-0.591845344274662,28,0,-10.14984,50,0.4,0.6,40,"both",0.217976478975032,-0.591845344274662
"2776",28,1,0.0427074224929212,5.0200816590346,9.39821703737868,55,100,0.217976478975032,-0.591845344274662,28,0,19.67095,50,0.4,0.6,40,"both",0.217976478975032,-0.591845344274662
"2777",28,1,0.0427074224929212,5.0200816590346,9.39821703737868,55,100,0.217976478975032,-0.591845344274662,28,1,21.2285,50,0.4,0.6,40,"both",0.217976478975032,-0.591845344274662
"2778",28,1,0.0427074224929212,5.0200816590346,9.39821703737868,55,100,0.217976478975032,-0.591845344274662,28,1,15.13446,50,0.4,0.6,40,"both",0.217976478975032,-0.591845344274662
"2779",28,1,0.0427074224929212,5.0200816590346,9.39821703737868,55,100,0.217976478975032,-0.591845344274662,28,1,20.55655,50,0.4,0.6,40,"both",0.217976478975032,-0.591845344274662
"2780",28,1,0.0427074224929212,5.0200816590346,9.39821703737868,55,100,0.217976478975032,-0.591845344274662,28,1,16.2085,50,0.4,0.6,40,"both",0.217976478975032,-0.591845344274662
"2781",28,1,0.0427074224929212,5.0200816590346,9.39821703737868,55,100,0.217976478975032,-0.591845344274662,28,0,-4.01731,50,0.4,0.6,40,"both",0.217976478975032,-0.591845344274662
"2782",28,1,0.0427074224929212,5.0200816590346,9.39821703737868,55,100,0.217976478975032,-0.591845344274662,28,1,16.84116,50,0.4,0.6,40,"both",0.217976478975032,-0.591845344274662
"2783",28,1,0.0427074224929212,5.0200816590346,9.39821703737868,55,100,0.217976478975032,-0.591845344274662,28,0,-6.73875,50,0.4,0.6,40,"both",0.217976478975032,-0.591845344274662
"2784",28,1,0.0427074224929212,5.0200816590346,9.39821703737868,55,100,0.217976478975032,-0.591845344274662,28,1,14.50716,50,0.4,0.6,40,"both",0.217976478975032,-0.591845344274662
"2785",28,1,0.0427074224929212,5.0200816590346,9.39821703737868,55,100,0.217976478975032,-0.591845344274662,28,0,-5.00062,50,0.4,0.6,40,"both",0.217976478975032,-0.591845344274662
"2786",28,1,0.0427074224929212,5.0200816590346,9.39821703737868,55,100,0.217976478975032,-0.591845344274662,28,0,17.58263,50,0.4,0.6,40,"both",0.217976478975032,-0.591845344274662
"2787",28,1,0.0427074224929212,5.0200816590346,9.39821703737868,55,100,0.217976478975032,-0.591845344274662,28,1,13.47361,50,0.4,0.6,40,"both",0.217976478975032,-0.591845344274662
"2788",28,1,0.0427074224929212,5.0200816590346,9.39821703737868,55,100,0.217976478975032,-0.591845344274662,28,1,-4.08218,50,0.4,0.6,40,"both",0.217976478975032,-0.591845344274662
"2789",28,1,0.0427074224929212,5.0200816590346,9.39821703737868,55,100,0.217976478975032,-0.591845344274662,28,0,-1.88943,50,0.4,0.6,40,"both",0.217976478975032,-0.591845344274662
"2790",28,1,0.0427074224929212,5.0200816590346,9.39821703737868,55,100,0.217976478975032,-0.591845344274662,28,1,18.55613,50,0.4,0.6,40,"both",0.217976478975032,-0.591845344274662
"2791",28,1,0.0427074224929212,5.0200816590346,9.39821703737868,55,100,0.217976478975032,-0.591845344274662,28,0,-11.59785,50,0.4,0.6,40,"both",0.217976478975032,-0.591845344274662
"2792",28,1,0.0427074224929212,5.0200816590346,9.39821703737868,55,100,0.217976478975032,-0.591845344274662,28,1,15.24662,50,0.4,0.6,40,"both",0.217976478975032,-0.591845344274662
"2793",28,1,0.0427074224929212,5.0200816590346,9.39821703737868,55,100,0.217976478975032,-0.591845344274662,28,1,-5.61064,50,0.4,0.6,40,"both",0.217976478975032,-0.591845344274662
"2794",28,1,0.0427074224929212,5.0200816590346,9.39821703737868,55,100,0.217976478975032,-0.591845344274662,28,0,-8.51137,50,0.4,0.6,40,"both",0.217976478975032,-0.591845344274662
"2795",28,1,0.0427074224929212,5.0200816590346,9.39821703737868,55,100,0.217976478975032,-0.591845344274662,28,1,20.39304,50,0.4,0.6,40,"both",0.217976478975032,-0.591845344274662
"2796",28,1,0.0427074224929212,5.0200816590346,9.39821703737868,55,100,0.217976478975032,-0.591845344274662,28,0,-1.21435,50,0.4,0.6,40,"both",0.217976478975032,-0.591845344274662
"2797",28,1,0.0427074224929212,5.0200816590346,9.39821703737868,55,100,0.217976478975032,-0.591845344274662,28,1,15.65908,50,0.4,0.6,40,"both",0.217976478975032,-0.591845344274662
"2798",28,1,0.0427074224929212,5.0200816590346,9.39821703737868,55,100,0.217976478975032,-0.591845344274662,28,0,-10.296055,50,0.4,0.6,40,"both",0.217976478975032,-0.591845344274662
"2799",28,1,0.0427074224929212,5.0200816590346,9.39821703737868,55,100,0.217976478975032,-0.591845344274662,28,0,-5.6203,50,0.4,0.6,40,"both",0.217976478975032,-0.591845344274662
"2800",28,1,0.0427074224929212,5.0200816590346,9.39821703737868,55,100,0.217976478975032,-0.591845344274662,28,0,-6.2171,50,0.4,0.6,40,"both",0.217976478975032,-0.591845344274662
"2801",29,1,0.00517661062681624,16.0674961401908,6.75187616381683,57,100,0.217976478975032,-0.591845344274662,29,0,10.0723398488,50,0.4,0.6,40,"both",0.217976478975032,-0.591845344274662
"2802",29,1,0.00517661062681624,16.0674961401908,6.75187616381683,57,100,0.217976478975032,-0.591845344274662,29,1,11.7451637717,50,0.4,0.6,40,"both",0.217976478975032,-0.591845344274662
"2803",29,1,0.00517661062681624,16.0674961401908,6.75187616381683,57,100,0.217976478975032,-0.591845344274662,29,0,3.382417693,50,0.4,0.6,40,"both",0.217976478975032,-0.591845344274662
"2804",29,1,0.00517661062681624,16.0674961401908,6.75187616381683,57,100,0.217976478975032,-0.591845344274662,29,0,10.51584693148,50,0.4,0.6,40,"both",0.217976478975032,-0.591845344274662
"2805",29,1,0.00517661062681624,16.0674961401908,6.75187616381683,57,100,0.217976478975032,-0.591845344274662,29,1,13.9304536514,50,0.4,0.6,40,"both",0.217976478975032,-0.591845344274662
"2806",29,1,0.00517661062681624,16.0674961401908,6.75187616381683,57,100,0.217976478975032,-0.591845344274662,29,1,12.108062148,50,0.4,0.6,40,"both",0.217976478975032,-0.591845344274662
"2807",29,1,0.00517661062681624,16.0674961401908,6.75187616381683,57,100,0.217976478975032,-0.591845344274662,29,0,14.35231,50,0.4,0.6,40,"both",0.217976478975032,-0.591845344274662
"2808",29,1,0.00517661062681624,16.0674961401908,6.75187616381683,57,100,0.217976478975032,-0.591845344274662,29,0,-17.70338,50,0.4,0.6,40,"both",0.217976478975032,-0.591845344274662
"2809",29,1,0.00517661062681624,16.0674961401908,6.75187616381683,57,100,0.217976478975032,-0.591845344274662,29,0,9.771673617,50,0.4,0.6,40,"both",0.217976478975032,-0.591845344274662
"2810",29,1,0.00517661062681624,16.0674961401908,6.75187616381683,57,100,0.217976478975032,-0.591845344274662,29,0,-0.75409,50,0.4,0.6,40,"both",0.217976478975032,-0.591845344274662
"2811",29,1,0.00517661062681624,16.0674961401908,6.75187616381683,57,100,0.217976478975032,-0.591845344274662,29,1,23.00022,50,0.4,0.6,40,"both",0.217976478975032,-0.591845344274662
"2812",29,1,0.00517661062681624,16.0674961401908,6.75187616381683,57,100,0.217976478975032,-0.591845344274662,29,0,13.37812,50,0.4,0.6,40,"both",0.217976478975032,-0.591845344274662
"2813",29,1,0.00517661062681624,16.0674961401908,6.75187616381683,57,100,0.217976478975032,-0.591845344274662,29,1,22.0597,50,0.4,0.6,40,"both",0.217976478975032,-0.591845344274662
"2814",29,1,0.00517661062681624,16.0674961401908,6.75187616381683,57,100,0.217976478975032,-0.591845344274662,29,1,22.1479,50,0.4,0.6,40,"both",0.217976478975032,-0.591845344274662
"2815",29,1,0.00517661062681624,16.0674961401908,6.75187616381683,57,100,0.217976478975032,-0.591845344274662,29,0,4.81164,50,0.4,0.6,40,"both",0.217976478975032,-0.591845344274662
"2816",29,1,0.00517661062681624,16.0674961401908,6.75187616381683,57,100,0.217976478975032,-0.591845344274662,29,0,15.73455,50,0.4,0.6,40,"both",0.217976478975032,-0.591845344274662
"2817",29,1,0.00517661062681624,16.0674961401908,6.75187616381683,57,100,0.217976478975032,-0.591845344274662,29,1,25.62044,50,0.4,0.6,40,"both",0.217976478975032,-0.591845344274662
"2818",29,1,0.00517661062681624,16.0674961401908,6.75187616381683,57,100,0.217976478975032,-0.591845344274662,29,0,8.6923,50,0.4,0.6,40,"both",0.217976478975032,-0.591845344274662
"2819",29,1,0.00517661062681624,16.0674961401908,6.75187616381683,57,100,0.217976478975032,-0.591845344274662,29,1,7.76163,50,0.4,0.6,40,"both",0.217976478975032,-0.591845344274662
"2820",29,1,0.00517661062681624,16.0674961401908,6.75187616381683,57,100,0.217976478975032,-0.591845344274662,29,0,11.46513,50,0.4,0.6,40,"both",0.217976478975032,-0.591845344274662
"2821",29,1,0.00517661062681624,16.0674961401908,6.75187616381683,57,100,0.217976478975032,-0.591845344274662,29,1,18.54454,50,0.4,0.6,40,"both",0.217976478975032,-0.591845344274662
"2822",29,1,0.00517661062681624,16.0674961401908,6.75187616381683,57,100,0.217976478975032,-0.591845344274662,29,0,-1.2747,50,0.4,0.6,40,"both",0.217976478975032,-0.591845344274662
"2823",29,1,0.00517661062681624,16.0674961401908,6.75187616381683,57,100,0.217976478975032,-0.591845344274662,29,0,6.59034,50,0.4,0.6,40,"both",0.217976478975032,-0.591845344274662
"2824",29,1,0.00517661062681624,16.0674961401908,6.75187616381683,57,100,0.217976478975032,-0.591845344274662,29,1,21.50878,50,0.4,0.6,40,"both",0.217976478975032,-0.591845344274662
"2825",29,1,0.00517661062681624,16.0674961401908,6.75187616381683,57,100,0.217976478975032,-0.591845344274662,29,1,20.03256,50,0.4,0.6,40,"both",0.217976478975032,-0.591845344274662
"2826",29,1,0.00517661062681624,16.0674961401908,6.75187616381683,57,100,0.217976478975032,-0.591845344274662,29,1,21.92479,50,0.4,0.6,40,"both",0.217976478975032,-0.591845344274662
"2827",29,1,0.00517661062681624,16.0674961401908,6.75187616381683,57,100,0.217976478975032,-0.591845344274662,29,0,15.52272,50,0.4,0.6,40,"both",0.217976478975032,-0.591845344274662
"2828",29,1,0.00517661062681624,16.0674961401908,6.75187616381683,57,100,0.217976478975032,-0.591845344274662,29,1,18.14414,50,0.4,0.6,40,"both",0.217976478975032,-0.591845344274662
"2829",29,1,0.00517661062681624,16.0674961401908,6.75187616381683,57,100,0.217976478975032,-0.591845344274662,29,0,2.83329,50,0.4,0.6,40,"both",0.217976478975032,-0.591845344274662
"2830",29,1,0.00517661062681624,16.0674961401908,6.75187616381683,57,100,0.217976478975032,-0.591845344274662,29,0,7.15266,50,0.4,0.6,40,"both",0.217976478975032,-0.591845344274662
"2831",29,1,0.00517661062681624,16.0674961401908,6.75187616381683,57,100,0.217976478975032,-0.591845344274662,29,1,16.43718,50,0.4,0.6,40,"both",0.217976478975032,-0.591845344274662
"2832",29,1,0.00517661062681624,16.0674961401908,6.75187616381683,57,100,0.217976478975032,-0.591845344274662,29,0,5.37025,50,0.4,0.6,40,"both",0.217976478975032,-0.591845344274662
"2833",29,1,0.00517661062681624,16.0674961401908,6.75187616381683,57,100,0.217976478975032,-0.591845344274662,29,0,17.67585,50,0.4,0.6,40,"both",0.217976478975032,-0.591845344274662
"2834",29,1,0.00517661062681624,16.0674961401908,6.75187616381683,57,100,0.217976478975032,-0.591845344274662,29,0,5.64029,50,0.4,0.6,40,"both",0.217976478975032,-0.591845344274662
"2835",29,1,0.00517661062681624,16.0674961401908,6.75187616381683,57,100,0.217976478975032,-0.591845344274662,29,1,12.88154,50,0.4,0.6,40,"both",0.217976478975032,-0.591845344274662
"2836",29,1,0.00517661062681624,16.0674961401908,6.75187616381683,57,100,0.217976478975032,-0.591845344274662,29,0,5.52009,50,0.4,0.6,40,"both",0.217976478975032,-0.591845344274662
"2837",29,1,0.00517661062681624,16.0674961401908,6.75187616381683,57,100,0.217976478975032,-0.591845344274662,29,0,19.43912,50,0.4,0.6,40,"both",0.217976478975032,-0.591845344274662
"2838",29,1,0.00517661062681624,16.0674961401908,6.75187616381683,57,100,0.217976478975032,-0.591845344274662,29,1,14.33058,50,0.4,0.6,40,"both",0.217976478975032,-0.591845344274662
"2839",29,1,0.00517661062681624,16.0674961401908,6.75187616381683,57,100,0.217976478975032,-0.591845344274662,29,0,19.04683,50,0.4,0.6,40,"both",0.217976478975032,-0.591845344274662
"2840",29,1,0.00517661062681624,16.0674961401908,6.75187616381683,57,100,0.217976478975032,-0.591845344274662,29,1,31.4058,50,0.4,0.6,40,"both",0.217976478975032,-0.591845344274662
"2841",29,1,0.00517661062681624,16.0674961401908,6.75187616381683,57,100,0.217976478975032,-0.591845344274662,29,0,2.0693,50,0.4,0.6,40,"both",0.217976478975032,-0.591845344274662
"2842",29,1,0.00517661062681624,16.0674961401908,6.75187616381683,57,100,0.217976478975032,-0.591845344274662,29,1,26.8908,50,0.4,0.6,40,"both",0.217976478975032,-0.591845344274662
"2843",29,1,0.00517661062681624,16.0674961401908,6.75187616381683,57,100,0.217976478975032,-0.591845344274662,29,0,22.24972,50,0.4,0.6,40,"both",0.217976478975032,-0.591845344274662
"2844",29,1,0.00517661062681624,16.0674961401908,6.75187616381683,57,100,0.217976478975032,-0.591845344274662,29,0,11.32563,50,0.4,0.6,40,"both",0.217976478975032,-0.591845344274662
"2845",29,1,0.00517661062681624,16.0674961401908,6.75187616381683,57,100,0.217976478975032,-0.591845344274662,29,0,11.09606,50,0.4,0.6,40,"both",0.217976478975032,-0.591845344274662
"2846",29,1,0.00517661062681624,16.0674961401908,6.75187616381683,57,100,0.217976478975032,-0.591845344274662,29,0,10.96748,50,0.4,0.6,40,"both",0.217976478975032,-0.591845344274662
"2847",29,1,0.00517661062681624,16.0674961401908,6.75187616381683,57,100,0.217976478975032,-0.591845344274662,29,1,11.53181,50,0.4,0.6,40,"both",0.217976478975032,-0.591845344274662
"2848",29,1,0.00517661062681624,16.0674961401908,6.75187616381683,57,100,0.217976478975032,-0.591845344274662,29,1,22.93732,50,0.4,0.6,40,"both",0.217976478975032,-0.591845344274662
"2849",29,1,0.00517661062681624,16.0674961401908,6.75187616381683,57,100,0.217976478975032,-0.591845344274662,29,0,19.55825,50,0.4,0.6,40,"both",0.217976478975032,-0.591845344274662
"2850",29,1,0.00517661062681624,16.0674961401908,6.75187616381683,57,100,0.217976478975032,-0.591845344274662,29,0,5.08797,50,0.4,0.6,40,"both",0.217976478975032,-0.591845344274662
"2851",29,1,0.00517661062681624,16.0674961401908,6.75187616381683,57,100,0.217976478975032,-0.591845344274662,29,1,22.30869,50,0.4,0.6,40,"both",0.217976478975032,-0.591845344274662
"2852",29,1,0.00517661062681624,16.0674961401908,6.75187616381683,57,100,0.217976478975032,-0.591845344274662,29,1,21.16886,50,0.4,0.6,40,"both",0.217976478975032,-0.591845344274662
"2853",29,1,0.00517661062681624,16.0674961401908,6.75187616381683,57,100,0.217976478975032,-0.591845344274662,29,0,26.01851,50,0.4,0.6,40,"both",0.217976478975032,-0.591845344274662
"2854",29,1,0.00517661062681624,16.0674961401908,6.75187616381683,57,100,0.217976478975032,-0.591845344274662,29,0,8.8724,50,0.4,0.6,40,"both",0.217976478975032,-0.591845344274662
"2855",29,1,0.00517661062681624,16.0674961401908,6.75187616381683,57,100,0.217976478975032,-0.591845344274662,29,0,8.65832,50,0.4,0.6,40,"both",0.217976478975032,-0.591845344274662
"2856",29,1,0.00517661062681624,16.0674961401908,6.75187616381683,57,100,0.217976478975032,-0.591845344274662,29,1,18.48907,50,0.4,0.6,40,"both",0.217976478975032,-0.591845344274662
"2857",29,1,0.00517661062681624,16.0674961401908,6.75187616381683,57,100,0.217976478975032,-0.591845344274662,29,1,31.1913,50,0.4,0.6,40,"both",0.217976478975032,-0.591845344274662
"2858",29,1,0.00517661062681624,16.0674961401908,6.75187616381683,57,100,0.217976478975032,-0.591845344274662,29,1,5.49611,50,0.4,0.6,40,"both",0.217976478975032,-0.591845344274662
"2859",29,1,0.00517661062681624,16.0674961401908,6.75187616381683,57,100,0.217976478975032,-0.591845344274662,29,1,20.15516,50,0.4,0.6,40,"both",0.217976478975032,-0.591845344274662
"2860",29,1,0.00517661062681624,16.0674961401908,6.75187616381683,57,100,0.217976478975032,-0.591845344274662,29,0,5.9443,50,0.4,0.6,40,"both",0.217976478975032,-0.591845344274662
"2861",29,1,0.00517661062681624,16.0674961401908,6.75187616381683,57,100,0.217976478975032,-0.591845344274662,29,0,7.05816,50,0.4,0.6,40,"both",0.217976478975032,-0.591845344274662
"2862",29,1,0.00517661062681624,16.0674961401908,6.75187616381683,57,100,0.217976478975032,-0.591845344274662,29,0,6.25519,50,0.4,0.6,40,"both",0.217976478975032,-0.591845344274662
"2863",29,1,0.00517661062681624,16.0674961401908,6.75187616381683,57,100,0.217976478975032,-0.591845344274662,29,0,11.76757,50,0.4,0.6,40,"both",0.217976478975032,-0.591845344274662
"2864",29,1,0.00517661062681624,16.0674961401908,6.75187616381683,57,100,0.217976478975032,-0.591845344274662,29,1,11.28969,50,0.4,0.6,40,"both",0.217976478975032,-0.591845344274662
"2865",29,1,0.00517661062681624,16.0674961401908,6.75187616381683,57,100,0.217976478975032,-0.591845344274662,29,0,0.0814000000000004,50,0.4,0.6,40,"both",0.217976478975032,-0.591845344274662
"2866",29,1,0.00517661062681624,16.0674961401908,6.75187616381683,57,100,0.217976478975032,-0.591845344274662,29,0,8.75298,50,0.4,0.6,40,"both",0.217976478975032,-0.591845344274662
"2867",29,1,0.00517661062681624,16.0674961401908,6.75187616381683,57,100,0.217976478975032,-0.591845344274662,29,1,23.44642,50,0.4,0.6,40,"both",0.217976478975032,-0.591845344274662
"2868",29,1,0.00517661062681624,16.0674961401908,6.75187616381683,57,100,0.217976478975032,-0.591845344274662,29,0,8.76097,50,0.4,0.6,40,"both",0.217976478975032,-0.591845344274662
"2869",29,1,0.00517661062681624,16.0674961401908,6.75187616381683,57,100,0.217976478975032,-0.591845344274662,29,0,4.22202,50,0.4,0.6,40,"both",0.217976478975032,-0.591845344274662
"2870",29,1,0.00517661062681624,16.0674961401908,6.75187616381683,57,100,0.217976478975032,-0.591845344274662,29,1,21.75925,50,0.4,0.6,40,"both",0.217976478975032,-0.591845344274662
"2871",29,1,0.00517661062681624,16.0674961401908,6.75187616381683,57,100,0.217976478975032,-0.591845344274662,29,0,9.55674,50,0.4,0.6,40,"both",0.217976478975032,-0.591845344274662
"2872",29,1,0.00517661062681624,16.0674961401908,6.75187616381683,57,100,0.217976478975032,-0.591845344274662,29,1,9.47839,50,0.4,0.6,40,"both",0.217976478975032,-0.591845344274662
"2873",29,1,0.00517661062681624,16.0674961401908,6.75187616381683,57,100,0.217976478975032,-0.591845344274662,29,0,11.87231,50,0.4,0.6,40,"both",0.217976478975032,-0.591845344274662
"2874",29,1,0.00517661062681624,16.0674961401908,6.75187616381683,57,100,0.217976478975032,-0.591845344274662,29,0,19.46572,50,0.4,0.6,40,"both",0.217976478975032,-0.591845344274662
"2875",29,1,0.00517661062681624,16.0674961401908,6.75187616381683,57,100,0.217976478975032,-0.591845344274662,29,1,8.58612,50,0.4,0.6,40,"both",0.217976478975032,-0.591845344274662
"2876",29,1,0.00517661062681624,16.0674961401908,6.75187616381683,57,100,0.217976478975032,-0.591845344274662,29,0,5.28451,50,0.4,0.6,40,"both",0.217976478975032,-0.591845344274662
"2877",29,1,0.00517661062681624,16.0674961401908,6.75187616381683,57,100,0.217976478975032,-0.591845344274662,29,0,23.19504,50,0.4,0.6,40,"both",0.217976478975032,-0.591845344274662
"2878",29,1,0.00517661062681624,16.0674961401908,6.75187616381683,57,100,0.217976478975032,-0.591845344274662,29,1,22.85486,50,0.4,0.6,40,"both",0.217976478975032,-0.591845344274662
"2879",29,1,0.00517661062681624,16.0674961401908,6.75187616381683,57,100,0.217976478975032,-0.591845344274662,29,0,9.81192,50,0.4,0.6,40,"both",0.217976478975032,-0.591845344274662
"2880",29,1,0.00517661062681624,16.0674961401908,6.75187616381683,57,100,0.217976478975032,-0.591845344274662,29,1,27.06351,50,0.4,0.6,40,"both",0.217976478975032,-0.591845344274662
"2881",29,1,0.00517661062681624,16.0674961401908,6.75187616381683,57,100,0.217976478975032,-0.591845344274662,29,0,23.99242,50,0.4,0.6,40,"both",0.217976478975032,-0.591845344274662
"2882",29,1,0.00517661062681624,16.0674961401908,6.75187616381683,57,100,0.217976478975032,-0.591845344274662,29,1,11.55049,50,0.4,0.6,40,"both",0.217976478975032,-0.591845344274662
"2883",29,1,0.00517661062681624,16.0674961401908,6.75187616381683,57,100,0.217976478975032,-0.591845344274662,29,0,9.28481,50,0.4,0.6,40,"both",0.217976478975032,-0.591845344274662
"2884",29,1,0.00517661062681624,16.0674961401908,6.75187616381683,57,100,0.217976478975032,-0.591845344274662,29,1,25.08874,50,0.4,0.6,40,"both",0.217976478975032,-0.591845344274662
"2885",29,1,0.00517661062681624,16.0674961401908,6.75187616381683,57,100,0.217976478975032,-0.591845344274662,29,0,6.8489,50,0.4,0.6,40,"both",0.217976478975032,-0.591845344274662
"2886",29,1,0.00517661062681624,16.0674961401908,6.75187616381683,57,100,0.217976478975032,-0.591845344274662,29,0,7.65517,50,0.4,0.6,40,"both",0.217976478975032,-0.591845344274662
"2887",29,1,0.00517661062681624,16.0674961401908,6.75187616381683,57,100,0.217976478975032,-0.591845344274662,29,1,27.6265,50,0.4,0.6,40,"both",0.217976478975032,-0.591845344274662
"2888",29,1,0.00517661062681624,16.0674961401908,6.75187616381683,57,100,0.217976478975032,-0.591845344274662,29,1,21.81582,50,0.4,0.6,40,"both",0.217976478975032,-0.591845344274662
"2889",29,1,0.00517661062681624,16.0674961401908,6.75187616381683,57,100,0.217976478975032,-0.591845344274662,29,0,8.66753,50,0.4,0.6,40,"both",0.217976478975032,-0.591845344274662
"2890",29,1,0.00517661062681624,16.0674961401908,6.75187616381683,57,100,0.217976478975032,-0.591845344274662,29,0,12.58002,50,0.4,0.6,40,"both",0.217976478975032,-0.591845344274662
"2891",29,1,0.00517661062681624,16.0674961401908,6.75187616381683,57,100,0.217976478975032,-0.591845344274662,29,0,8.35951,50,0.4,0.6,40,"both",0.217976478975032,-0.591845344274662
"2892",29,1,0.00517661062681624,16.0674961401908,6.75187616381683,57,100,0.217976478975032,-0.591845344274662,29,1,13.25387,50,0.4,0.6,40,"both",0.217976478975032,-0.591845344274662
"2893",29,1,0.00517661062681624,16.0674961401908,6.75187616381683,57,100,0.217976478975032,-0.591845344274662,29,0,5.82626,50,0.4,0.6,40,"both",0.217976478975032,-0.591845344274662
"2894",29,1,0.00517661062681624,16.0674961401908,6.75187616381683,57,100,0.217976478975032,-0.591845344274662,29,1,25.70721,50,0.4,0.6,40,"both",0.217976478975032,-0.591845344274662
"2895",29,1,0.00517661062681624,16.0674961401908,6.75187616381683,57,100,0.217976478975032,-0.591845344274662,29,0,9.13316,50,0.4,0.6,40,"both",0.217976478975032,-0.591845344274662
"2896",29,1,0.00517661062681624,16.0674961401908,6.75187616381683,57,100,0.217976478975032,-0.591845344274662,29,0,6.97807,50,0.4,0.6,40,"both",0.217976478975032,-0.591845344274662
"2897",29,1,0.00517661062681624,16.0674961401908,6.75187616381683,57,100,0.217976478975032,-0.591845344274662,29,0,13.51116,50,0.4,0.6,40,"both",0.217976478975032,-0.591845344274662
"2898",29,1,0.00517661062681624,16.0674961401908,6.75187616381683,57,100,0.217976478975032,-0.591845344274662,29,1,23.13894,50,0.4,0.6,40,"both",0.217976478975032,-0.591845344274662
"2899",29,1,0.00517661062681624,16.0674961401908,6.75187616381683,57,100,0.217976478975032,-0.591845344274662,29,0,5.0461,50,0.4,0.6,40,"both",0.217976478975032,-0.591845344274662
"2900",29,1,0.00517661062681624,16.0674961401908,6.75187616381683,57,100,0.217976478975032,-0.591845344274662,29,1,23.14966,50,0.4,0.6,40,"both",0.217976478975032,-0.591845344274662
"2901",30,1,0.0277500435869087,0.610148369633587,14.5052817098088,59,100,0.217976478975032,-0.591845344274662,30,1,-9.9085885421,50,0.4,0.6,40,"both",0.217976478975032,-0.591845344274662
"2902",30,1,0.0277500435869087,0.610148369633587,14.5052817098088,59,100,0.217976478975032,-0.591845344274662,30,0,-10.5990364682,50,0.4,0.6,40,"both",0.217976478975032,-0.591845344274662
"2903",30,1,0.0277500435869087,0.610148369633587,14.5052817098088,59,100,0.217976478975032,-0.591845344274662,30,0,-4.02009354621,50,0.4,0.6,40,"both",0.217976478975032,-0.591845344274662
"2904",30,1,0.0277500435869087,0.610148369633587,14.5052817098088,59,100,0.217976478975032,-0.591845344274662,30,1,4.0636392427,50,0.4,0.6,40,"both",0.217976478975032,-0.591845344274662
"2905",30,1,0.0277500435869087,0.610148369633587,14.5052817098088,59,100,0.217976478975032,-0.591845344274662,30,0,20.68023,50,0.4,0.6,40,"both",0.217976478975032,-0.591845344274662
"2906",30,1,0.0277500435869087,0.610148369633587,14.5052817098088,59,100,0.217976478975032,-0.591845344274662,30,0,-17.65909,50,0.4,0.6,40,"both",0.217976478975032,-0.591845344274662
"2907",30,1,0.0277500435869087,0.610148369633587,14.5052817098088,59,100,0.217976478975032,-0.591845344274662,30,0,6.4050830298,50,0.4,0.6,40,"both",0.217976478975032,-0.591845344274662
"2908",30,1,0.0277500435869087,0.610148369633587,14.5052817098088,59,100,0.217976478975032,-0.591845344274662,30,1,8.02838,50,0.4,0.6,40,"both",0.217976478975032,-0.591845344274662
"2909",30,1,0.0277500435869087,0.610148369633587,14.5052817098088,59,100,0.217976478975032,-0.591845344274662,30,0,5.51769621788,50,0.4,0.6,40,"both",0.217976478975032,-0.591845344274662
"2910",30,1,0.0277500435869087,0.610148369633587,14.5052817098088,59,100,0.217976478975032,-0.591845344274662,30,0,1.51242,50,0.4,0.6,40,"both",0.217976478975032,-0.591845344274662
"2911",30,1,0.0277500435869087,0.610148369633587,14.5052817098088,59,100,0.217976478975032,-0.591845344274662,30,1,9.3357672421,50,0.4,0.6,40,"both",0.217976478975032,-0.591845344274662
"2912",30,1,0.0277500435869087,0.610148369633587,14.5052817098088,59,100,0.217976478975032,-0.591845344274662,30,0,7.6774354363,50,0.4,0.6,40,"both",0.217976478975032,-0.591845344274662
"2913",30,1,0.0277500435869087,0.610148369633587,14.5052817098088,59,100,0.217976478975032,-0.591845344274662,30,1,9.264883364532,50,0.4,0.6,40,"both",0.217976478975032,-0.591845344274662
"2914",30,1,0.0277500435869087,0.610148369633587,14.5052817098088,59,100,0.217976478975032,-0.591845344274662,30,1,7.7909514094,50,0.4,0.6,40,"both",0.217976478975032,-0.591845344274662
"2915",30,1,0.0277500435869087,0.610148369633587,14.5052817098088,59,100,0.217976478975032,-0.591845344274662,30,0,8.53933,50,0.4,0.6,40,"both",0.217976478975032,-0.591845344274662
"2916",30,1,0.0277500435869087,0.610148369633587,14.5052817098088,59,100,0.217976478975032,-0.591845344274662,30,1,7.5886253774,50,0.4,0.6,40,"both",0.217976478975032,-0.591845344274662
"2917",30,1,0.0277500435869087,0.610148369633587,14.5052817098088,59,100,0.217976478975032,-0.591845344274662,30,1,5.000780398,50,0.4,0.6,40,"both",0.217976478975032,-0.591845344274662
"2918",30,1,0.0277500435869087,0.610148369633587,14.5052817098088,59,100,0.217976478975032,-0.591845344274662,30,1,2.4570399017,50,0.4,0.6,40,"both",0.217976478975032,-0.591845344274662
"2919",30,1,0.0277500435869087,0.610148369633587,14.5052817098088,59,100,0.217976478975032,-0.591845344274662,30,0,-19.99011,50,0.4,0.6,40,"both",0.217976478975032,-0.591845344274662
"2920",30,1,0.0277500435869087,0.610148369633587,14.5052817098088,59,100,0.217976478975032,-0.591845344274662,30,0,2.2401250039,50,0.4,0.6,40,"both",0.217976478975032,-0.591845344274662
"2921",30,1,0.0277500435869087,0.610148369633587,14.5052817098088,59,100,0.217976478975032,-0.591845344274662,30,1,1.12218451866,50,0.4,0.6,40,"both",0.217976478975032,-0.591845344274662
"2922",30,1,0.0277500435869087,0.610148369633587,14.5052817098088,59,100,0.217976478975032,-0.591845344274662,30,0,1.68424052546,50,0.4,0.6,40,"both",0.217976478975032,-0.591845344274662
"2923",30,1,0.0277500435869087,0.610148369633587,14.5052817098088,59,100,0.217976478975032,-0.591845344274662,30,0,4.36325256775,50,0.4,0.6,40,"both",0.217976478975032,-0.591845344274662
"2924",30,1,0.0277500435869087,0.610148369633587,14.5052817098088,59,100,0.217976478975032,-0.591845344274662,30,1,9.3194553411,50,0.4,0.6,40,"both",0.217976478975032,-0.591845344274662
"2925",30,1,0.0277500435869087,0.610148369633587,14.5052817098088,59,100,0.217976478975032,-0.591845344274662,30,0,4.5542607513,50,0.4,0.6,40,"both",0.217976478975032,-0.591845344274662
"2926",30,1,0.0277500435869087,0.610148369633587,14.5052817098088,59,100,0.217976478975032,-0.591845344274662,30,1,2.2817549219,50,0.4,0.6,40,"both",0.217976478975032,-0.591845344274662
"2927",30,1,0.0277500435869087,0.610148369633587,14.5052817098088,59,100,0.217976478975032,-0.591845344274662,30,1,42.32488,50,0.4,0.6,40,"both",0.217976478975032,-0.591845344274662
"2928",30,1,0.0277500435869087,0.610148369633587,14.5052817098088,59,100,0.217976478975032,-0.591845344274662,30,1,4.459872155,50,0.4,0.6,40,"both",0.217976478975032,-0.591845344274662
"2929",30,1,0.0277500435869087,0.610148369633587,14.5052817098088,59,100,0.217976478975032,-0.591845344274662,30,1,-10.14179,50,0.4,0.6,40,"both",0.217976478975032,-0.591845344274662
"2930",30,1,0.0277500435869087,0.610148369633587,14.5052817098088,59,100,0.217976478975032,-0.591845344274662,30,0,47.44221,50,0.4,0.6,40,"both",0.217976478975032,-0.591845344274662
"2931",30,1,0.0277500435869087,0.610148369633587,14.5052817098088,59,100,0.217976478975032,-0.591845344274662,30,1,20.53817,50,0.4,0.6,40,"both",0.217976478975032,-0.591845344274662
"2932",30,1,0.0277500435869087,0.610148369633587,14.5052817098088,59,100,0.217976478975032,-0.591845344274662,30,0,-1.58446108222,50,0.4,0.6,40,"both",0.217976478975032,-0.591845344274662
"2933",30,1,0.0277500435869087,0.610148369633587,14.5052817098088,59,100,0.217976478975032,-0.591845344274662,30,0,-2.67020686574,50,0.4,0.6,40,"both",0.217976478975032,-0.591845344274662
"2934",30,1,0.0277500435869087,0.610148369633587,14.5052817098088,59,100,0.217976478975032,-0.591845344274662,30,0,1.4917063262,50,0.4,0.6,40,"both",0.217976478975032,-0.591845344274662
"2935",30,1,0.0277500435869087,0.610148369633587,14.5052817098088,59,100,0.217976478975032,-0.591845344274662,30,1,22.99985,50,0.4,0.6,40,"both",0.217976478975032,-0.591845344274662
"2936",30,1,0.0277500435869087,0.610148369633587,14.5052817098088,59,100,0.217976478975032,-0.591845344274662,30,0,2.2522792959,50,0.4,0.6,40,"both",0.217976478975032,-0.591845344274662
"2937",30,1,0.0277500435869087,0.610148369633587,14.5052817098088,59,100,0.217976478975032,-0.591845344274662,30,1,4.66674,50,0.4,0.6,40,"both",0.217976478975032,-0.591845344274662
"2938",30,1,0.0277500435869087,0.610148369633587,14.5052817098088,59,100,0.217976478975032,-0.591845344274662,30,0,7.52201,50,0.4,0.6,40,"both",0.217976478975032,-0.591845344274662
"2939",30,1,0.0277500435869087,0.610148369633587,14.5052817098088,59,100,0.217976478975032,-0.591845344274662,30,0,-5.45446,50,0.4,0.6,40,"both",0.217976478975032,-0.591845344274662
"2940",30,1,0.0277500435869087,0.610148369633587,14.5052817098088,59,100,0.217976478975032,-0.591845344274662,30,0,5.38890319655,50,0.4,0.6,40,"both",0.217976478975032,-0.591845344274662
"2941",30,1,0.0277500435869087,0.610148369633587,14.5052817098088,59,100,0.217976478975032,-0.591845344274662,30,0,4.92854,50,0.4,0.6,40,"both",0.217976478975032,-0.591845344274662
"2942",30,1,0.0277500435869087,0.610148369633587,14.5052817098088,59,100,0.217976478975032,-0.591845344274662,30,1,24.25639,50,0.4,0.6,40,"both",0.217976478975032,-0.591845344274662
"2943",30,1,0.0277500435869087,0.610148369633587,14.5052817098088,59,100,0.217976478975032,-0.591845344274662,30,1,21.34664,50,0.4,0.6,40,"both",0.217976478975032,-0.591845344274662
"2944",30,1,0.0277500435869087,0.610148369633587,14.5052817098088,59,100,0.217976478975032,-0.591845344274662,30,0,-39.52442,50,0.4,0.6,40,"both",0.217976478975032,-0.591845344274662
"2945",30,1,0.0277500435869087,0.610148369633587,14.5052817098088,59,100,0.217976478975032,-0.591845344274662,30,1,32.6982,50,0.4,0.6,40,"both",0.217976478975032,-0.591845344274662
"2946",30,1,0.0277500435869087,0.610148369633587,14.5052817098088,59,100,0.217976478975032,-0.591845344274662,30,0,11.57087,50,0.4,0.6,40,"both",0.217976478975032,-0.591845344274662
"2947",30,1,0.0277500435869087,0.610148369633587,14.5052817098088,59,100,0.217976478975032,-0.591845344274662,30,0,-12.46979,50,0.4,0.6,40,"both",0.217976478975032,-0.591845344274662
"2948",30,1,0.0277500435869087,0.610148369633587,14.5052817098088,59,100,0.217976478975032,-0.591845344274662,30,1,-8.8064,50,0.4,0.6,40,"both",0.217976478975032,-0.591845344274662
"2949",30,1,0.0277500435869087,0.610148369633587,14.5052817098088,59,100,0.217976478975032,-0.591845344274662,30,0,-3.53296,50,0.4,0.6,40,"both",0.217976478975032,-0.591845344274662
"2950",30,1,0.0277500435869087,0.610148369633587,14.5052817098088,59,100,0.217976478975032,-0.591845344274662,30,0,7.8247354281,50,0.4,0.6,40,"both",0.217976478975032,-0.591845344274662
"2951",30,1,0.0277500435869087,0.610148369633587,14.5052817098088,59,100,0.217976478975032,-0.591845344274662,30,0,-40.05313,50,0.4,0.6,40,"both",0.217976478975032,-0.591845344274662
"2952",30,1,0.0277500435869087,0.610148369633587,14.5052817098088,59,100,0.217976478975032,-0.591845344274662,30,1,17.00898,50,0.4,0.6,40,"both",0.217976478975032,-0.591845344274662
"2953",30,1,0.0277500435869087,0.610148369633587,14.5052817098088,59,100,0.217976478975032,-0.591845344274662,30,1,18.20899,50,0.4,0.6,40,"both",0.217976478975032,-0.591845344274662
"2954",30,1,0.0277500435869087,0.610148369633587,14.5052817098088,59,100,0.217976478975032,-0.591845344274662,30,0,-7.68677,50,0.4,0.6,40,"both",0.217976478975032,-0.591845344274662
"2955",30,1,0.0277500435869087,0.610148369633587,14.5052817098088,59,100,0.217976478975032,-0.591845344274662,30,0,1.73363,50,0.4,0.6,40,"both",0.217976478975032,-0.591845344274662
"2956",30,1,0.0277500435869087,0.610148369633587,14.5052817098088,59,100,0.217976478975032,-0.591845344274662,30,0,-2.32335,50,0.4,0.6,40,"both",0.217976478975032,-0.591845344274662
"2957",30,1,0.0277500435869087,0.610148369633587,14.5052817098088,59,100,0.217976478975032,-0.591845344274662,30,0,-1.73686,50,0.4,0.6,40,"both",0.217976478975032,-0.591845344274662
"2958",30,1,0.0277500435869087,0.610148369633587,14.5052817098088,59,100,0.217976478975032,-0.591845344274662,30,1,17.73162,50,0.4,0.6,40,"both",0.217976478975032,-0.591845344274662
"2959",30,1,0.0277500435869087,0.610148369633587,14.5052817098088,59,100,0.217976478975032,-0.591845344274662,30,1,16.96353,50,0.4,0.6,40,"both",0.217976478975032,-0.591845344274662
"2960",30,1,0.0277500435869087,0.610148369633587,14.5052817098088,59,100,0.217976478975032,-0.591845344274662,30,0,-4.7877,50,0.4,0.6,40,"both",0.217976478975032,-0.591845344274662
"2961",30,1,0.0277500435869087,0.610148369633587,14.5052817098088,59,100,0.217976478975032,-0.591845344274662,30,1,1.15344,50,0.4,0.6,40,"both",0.217976478975032,-0.591845344274662
"2962",30,1,0.0277500435869087,0.610148369633587,14.5052817098088,59,100,0.217976478975032,-0.591845344274662,30,0,5.02058,50,0.4,0.6,40,"both",0.217976478975032,-0.591845344274662
"2963",30,1,0.0277500435869087,0.610148369633587,14.5052817098088,59,100,0.217976478975032,-0.591845344274662,30,1,14.69504,50,0.4,0.6,40,"both",0.217976478975032,-0.591845344274662
"2964",30,1,0.0277500435869087,0.610148369633587,14.5052817098088,59,100,0.217976478975032,-0.591845344274662,30,1,15.30776,50,0.4,0.6,40,"both",0.217976478975032,-0.591845344274662
"2965",30,1,0.0277500435869087,0.610148369633587,14.5052817098088,59,100,0.217976478975032,-0.591845344274662,30,1,9.52216,50,0.4,0.6,40,"both",0.217976478975032,-0.591845344274662
"2966",30,1,0.0277500435869087,0.610148369633587,14.5052817098088,59,100,0.217976478975032,-0.591845344274662,30,1,14.23068,50,0.4,0.6,40,"both",0.217976478975032,-0.591845344274662
"2967",30,1,0.0277500435869087,0.610148369633587,14.5052817098088,59,100,0.217976478975032,-0.591845344274662,30,0,-4.26462,50,0.4,0.6,40,"both",0.217976478975032,-0.591845344274662
"2968",30,1,0.0277500435869087,0.610148369633587,14.5052817098088,59,100,0.217976478975032,-0.591845344274662,30,1,-3.73268,50,0.4,0.6,40,"both",0.217976478975032,-0.591845344274662
"2969",30,1,0.0277500435869087,0.610148369633587,14.5052817098088,59,100,0.217976478975032,-0.591845344274662,30,1,19.34934,50,0.4,0.6,40,"both",0.217976478975032,-0.591845344274662
"2970",30,1,0.0277500435869087,0.610148369633587,14.5052817098088,59,100,0.217976478975032,-0.591845344274662,30,1,11.0159,50,0.4,0.6,40,"both",0.217976478975032,-0.591845344274662
"2971",30,1,0.0277500435869087,0.610148369633587,14.5052817098088,59,100,0.217976478975032,-0.591845344274662,30,0,2.71862,50,0.4,0.6,40,"both",0.217976478975032,-0.591845344274662
"2972",30,1,0.0277500435869087,0.610148369633587,14.5052817098088,59,100,0.217976478975032,-0.591845344274662,30,1,11.74988,50,0.4,0.6,40,"both",0.217976478975032,-0.591845344274662
"2973",30,1,0.0277500435869087,0.610148369633587,14.5052817098088,59,100,0.217976478975032,-0.591845344274662,30,0,7.29899,50,0.4,0.6,40,"both",0.217976478975032,-0.591845344274662
"2974",30,1,0.0277500435869087,0.610148369633587,14.5052817098088,59,100,0.217976478975032,-0.591845344274662,30,0,3.93482,50,0.4,0.6,40,"both",0.217976478975032,-0.591845344274662
"2975",30,1,0.0277500435869087,0.610148369633587,14.5052817098088,59,100,0.217976478975032,-0.591845344274662,30,1,7.88864,50,0.4,0.6,40,"both",0.217976478975032,-0.591845344274662
"2976",30,1,0.0277500435869087,0.610148369633587,14.5052817098088,59,100,0.217976478975032,-0.591845344274662,30,1,-5.90896,50,0.4,0.6,40,"both",0.217976478975032,-0.591845344274662
"2977",30,1,0.0277500435869087,0.610148369633587,14.5052817098088,59,100,0.217976478975032,-0.591845344274662,30,0,10.91734,50,0.4,0.6,40,"both",0.217976478975032,-0.591845344274662
"2978",30,1,0.0277500435869087,0.610148369633587,14.5052817098088,59,100,0.217976478975032,-0.591845344274662,30,1,-1.77156,50,0.4,0.6,40,"both",0.217976478975032,-0.591845344274662
"2979",30,1,0.0277500435869087,0.610148369633587,14.5052817098088,59,100,0.217976478975032,-0.591845344274662,30,0,-18.77336,50,0.4,0.6,40,"both",0.217976478975032,-0.591845344274662
"2980",30,1,0.0277500435869087,0.610148369633587,14.5052817098088,59,100,0.217976478975032,-0.591845344274662,30,0,-2.746152,50,0.4,0.6,40,"both",0.217976478975032,-0.591845344274662
"2981",30,1,0.0277500435869087,0.610148369633587,14.5052817098088,59,100,0.217976478975032,-0.591845344274662,30,1,7.15346,50,0.4,0.6,40,"both",0.217976478975032,-0.591845344274662
"2982",30,1,0.0277500435869087,0.610148369633587,14.5052817098088,59,100,0.217976478975032,-0.591845344274662,30,1,11.46038,50,0.4,0.6,40,"both",0.217976478975032,-0.591845344274662
"2983",30,1,0.0277500435869087,0.610148369633587,14.5052817098088,59,100,0.217976478975032,-0.591845344274662,30,0,-5.41084,50,0.4,0.6,40,"both",0.217976478975032,-0.591845344274662
"2984",30,1,0.0277500435869087,0.610148369633587,14.5052817098088,59,100,0.217976478975032,-0.591845344274662,30,0,7.4672,50,0.4,0.6,40,"both",0.217976478975032,-0.591845344274662
"2985",30,1,0.0277500435869087,0.610148369633587,14.5052817098088,59,100,0.217976478975032,-0.591845344274662,30,1,8.41857,50,0.4,0.6,40,"both",0.217976478975032,-0.591845344274662
"2986",30,1,0.0277500435869087,0.610148369633587,14.5052817098088,59,100,0.217976478975032,-0.591845344274662,30,1,-1.76995,50,0.4,0.6,40,"both",0.217976478975032,-0.591845344274662
"2987",30,1,0.0277500435869087,0.610148369633587,14.5052817098088,59,100,0.217976478975032,-0.591845344274662,30,0,11.12794,50,0.4,0.6,40,"both",0.217976478975032,-0.591845344274662
"2988",30,1,0.0277500435869087,0.610148369633587,14.5052817098088,59,100,0.217976478975032,-0.591845344274662,30,0,-9.05541,50,0.4,0.6,40,"both",0.217976478975032,-0.591845344274662
"2989",30,1,0.0277500435869087,0.610148369633587,14.5052817098088,59,100,0.217976478975032,-0.591845344274662,30,1,24.0161,50,0.4,0.6,40,"both",0.217976478975032,-0.591845344274662
"2990",30,1,0.0277500435869087,0.610148369633587,14.5052817098088,59,100,0.217976478975032,-0.591845344274662,30,1,7.170539,50,0.4,0.6,40,"both",0.217976478975032,-0.591845344274662
"2991",30,1,0.0277500435869087,0.610148369633587,14.5052817098088,59,100,0.217976478975032,-0.591845344274662,30,1,14.04256,50,0.4,0.6,40,"both",0.217976478975032,-0.591845344274662
"2992",30,1,0.0277500435869087,0.610148369633587,14.5052817098088,59,100,0.217976478975032,-0.591845344274662,30,1,9.7469,50,0.4,0.6,40,"both",0.217976478975032,-0.591845344274662
"2993",30,1,0.0277500435869087,0.610148369633587,14.5052817098088,59,100,0.217976478975032,-0.591845344274662,30,1,13.15441,50,0.4,0.6,40,"both",0.217976478975032,-0.591845344274662
"2994",30,1,0.0277500435869087,0.610148369633587,14.5052817098088,59,100,0.217976478975032,-0.591845344274662,30,1,-1.93435,50,0.4,0.6,40,"both",0.217976478975032,-0.591845344274662
"2995",30,1,0.0277500435869087,0.610148369633587,14.5052817098088,59,100,0.217976478975032,-0.591845344274662,30,1,12.38587,50,0.4,0.6,40,"both",0.217976478975032,-0.591845344274662
"2996",30,1,0.0277500435869087,0.610148369633587,14.5052817098088,59,100,0.217976478975032,-0.591845344274662,30,0,-0.57049,50,0.4,0.6,40,"both",0.217976478975032,-0.591845344274662
"2997",30,1,0.0277500435869087,0.610148369633587,14.5052817098088,59,100,0.217976478975032,-0.591845344274662,30,1,18.29222,50,0.4,0.6,40,"both",0.217976478975032,-0.591845344274662
"2998",30,1,0.0277500435869087,0.610148369633587,14.5052817098088,59,100,0.217976478975032,-0.591845344274662,30,0,15.4337,50,0.4,0.6,40,"both",0.217976478975032,-0.591845344274662
"2999",30,1,0.0277500435869087,0.610148369633587,14.5052817098088,59,100,0.217976478975032,-0.591845344274662,30,0,-7.27105,50,0.4,0.6,40,"both",0.217976478975032,-0.591845344274662
"3000",30,1,0.0277500435869087,0.610148369633587,14.5052817098088,59,100,0.217976478975032,-0.591845344274662,30,0,15.46502,50,0.4,0.6,40,"both",0.217976478975032,-0.591845344274662
"3001",31,1,0.0249521659153899,-21.6146978180205,7.46789107026218,61,100,0.217976478975032,-0.591845344274662,31,1,-10.5720769436,50,0.4,0.6,40,"both",0.217976478975032,-0.591845344274662
"3002",31,1,0.0249521659153899,-21.6146978180205,7.46789107026218,61,100,0.217976478975032,-0.591845344274662,31,1,-11.311522772,50,0.4,0.6,40,"both",0.217976478975032,-0.591845344274662
"3003",31,1,0.0249521659153899,-21.6146978180205,7.46789107026218,61,100,0.217976478975032,-0.591845344274662,31,1,-18.241355333,50,0.4,0.6,40,"both",0.217976478975032,-0.591845344274662
"3004",31,1,0.0249521659153899,-21.6146978180205,7.46789107026218,61,100,0.217976478975032,-0.591845344274662,31,1,-23.13057944,50,0.4,0.6,40,"both",0.217976478975032,-0.591845344274662
"3005",31,1,0.0249521659153899,-21.6146978180205,7.46789107026218,61,100,0.217976478975032,-0.591845344274662,31,0,-25.23368,50,0.4,0.6,40,"both",0.217976478975032,-0.591845344274662
"3006",31,1,0.0249521659153899,-21.6146978180205,7.46789107026218,61,100,0.217976478975032,-0.591845344274662,31,0,-29.47263,50,0.4,0.6,40,"both",0.217976478975032,-0.591845344274662
"3007",31,1,0.0249521659153899,-21.6146978180205,7.46789107026218,61,100,0.217976478975032,-0.591845344274662,31,1,-10.5695,50,0.4,0.6,40,"both",0.217976478975032,-0.591845344274662
"3008",31,1,0.0249521659153899,-21.6146978180205,7.46789107026218,61,100,0.217976478975032,-0.591845344274662,31,1,-27.02062,50,0.4,0.6,40,"both",0.217976478975032,-0.591845344274662
"3009",31,1,0.0249521659153899,-21.6146978180205,7.46789107026218,61,100,0.217976478975032,-0.591845344274662,31,0,-29.03919,50,0.4,0.6,40,"both",0.217976478975032,-0.591845344274662
"3010",31,1,0.0249521659153899,-21.6146978180205,7.46789107026218,61,100,0.217976478975032,-0.591845344274662,31,1,-20.09436,50,0.4,0.6,40,"both",0.217976478975032,-0.591845344274662
"3011",31,1,0.0249521659153899,-21.6146978180205,7.46789107026218,61,100,0.217976478975032,-0.591845344274662,31,0,-25.99504,50,0.4,0.6,40,"both",0.217976478975032,-0.591845344274662
"3012",31,1,0.0249521659153899,-21.6146978180205,7.46789107026218,61,100,0.217976478975032,-0.591845344274662,31,1,-18.18725,50,0.4,0.6,40,"both",0.217976478975032,-0.591845344274662
"3013",31,1,0.0249521659153899,-21.6146978180205,7.46789107026218,61,100,0.217976478975032,-0.591845344274662,31,1,-23.33296,50,0.4,0.6,40,"both",0.217976478975032,-0.591845344274662
"3014",31,1,0.0249521659153899,-21.6146978180205,7.46789107026218,61,100,0.217976478975032,-0.591845344274662,31,1,-7.0459,50,0.4,0.6,40,"both",0.217976478975032,-0.591845344274662
"3015",31,1,0.0249521659153899,-21.6146978180205,7.46789107026218,61,100,0.217976478975032,-0.591845344274662,31,0,-23.06389,50,0.4,0.6,40,"both",0.217976478975032,-0.591845344274662
"3016",31,1,0.0249521659153899,-21.6146978180205,7.46789107026218,61,100,0.217976478975032,-0.591845344274662,31,1,-19.39143,50,0.4,0.6,40,"both",0.217976478975032,-0.591845344274662
"3017",31,1,0.0249521659153899,-21.6146978180205,7.46789107026218,61,100,0.217976478975032,-0.591845344274662,31,0,-27.9261,50,0.4,0.6,40,"both",0.217976478975032,-0.591845344274662
"3018",31,1,0.0249521659153899,-21.6146978180205,7.46789107026218,61,100,0.217976478975032,-0.591845344274662,31,0,-31.00691,50,0.4,0.6,40,"both",0.217976478975032,-0.591845344274662
"3019",31,1,0.0249521659153899,-21.6146978180205,7.46789107026218,61,100,0.217976478975032,-0.591845344274662,31,1,-18.80074,50,0.4,0.6,40,"both",0.217976478975032,-0.591845344274662
"3020",31,1,0.0249521659153899,-21.6146978180205,7.46789107026218,61,100,0.217976478975032,-0.591845344274662,31,0,-26.19608,50,0.4,0.6,40,"both",0.217976478975032,-0.591845344274662
"3021",31,1,0.0249521659153899,-21.6146978180205,7.46789107026218,61,100,0.217976478975032,-0.591845344274662,31,1,-29.69737,50,0.4,0.6,40,"both",0.217976478975032,-0.591845344274662
"3022",31,1,0.0249521659153899,-21.6146978180205,7.46789107026218,61,100,0.217976478975032,-0.591845344274662,31,1,-20.32142,50,0.4,0.6,40,"both",0.217976478975032,-0.591845344274662
"3023",31,1,0.0249521659153899,-21.6146978180205,7.46789107026218,61,100,0.217976478975032,-0.591845344274662,31,1,-14.09381,50,0.4,0.6,40,"both",0.217976478975032,-0.591845344274662
"3024",31,1,0.0249521659153899,-21.6146978180205,7.46789107026218,61,100,0.217976478975032,-0.591845344274662,31,1,-23.65256,50,0.4,0.6,40,"both",0.217976478975032,-0.591845344274662
"3025",31,1,0.0249521659153899,-21.6146978180205,7.46789107026218,61,100,0.217976478975032,-0.591845344274662,31,0,-29.16161,50,0.4,0.6,40,"both",0.217976478975032,-0.591845344274662
"3026",31,1,0.0249521659153899,-21.6146978180205,7.46789107026218,61,100,0.217976478975032,-0.591845344274662,31,0,-29.67356,50,0.4,0.6,40,"both",0.217976478975032,-0.591845344274662
"3027",31,1,0.0249521659153899,-21.6146978180205,7.46789107026218,61,100,0.217976478975032,-0.591845344274662,31,0,-32.74499,50,0.4,0.6,40,"both",0.217976478975032,-0.591845344274662
"3028",31,1,0.0249521659153899,-21.6146978180205,7.46789107026218,61,100,0.217976478975032,-0.591845344274662,31,1,-28.49002,50,0.4,0.6,40,"both",0.217976478975032,-0.591845344274662
"3029",31,1,0.0249521659153899,-21.6146978180205,7.46789107026218,61,100,0.217976478975032,-0.591845344274662,31,1,-22.2873,50,0.4,0.6,40,"both",0.217976478975032,-0.591845344274662
"3030",31,1,0.0249521659153899,-21.6146978180205,7.46789107026218,61,100,0.217976478975032,-0.591845344274662,31,0,-24.11328,50,0.4,0.6,40,"both",0.217976478975032,-0.591845344274662
"3031",31,1,0.0249521659153899,-21.6146978180205,7.46789107026218,61,100,0.217976478975032,-0.591845344274662,31,0,-27.30277,50,0.4,0.6,40,"both",0.217976478975032,-0.591845344274662
"3032",31,1,0.0249521659153899,-21.6146978180205,7.46789107026218,61,100,0.217976478975032,-0.591845344274662,31,0,-30.62846,50,0.4,0.6,40,"both",0.217976478975032,-0.591845344274662
"3033",31,1,0.0249521659153899,-21.6146978180205,7.46789107026218,61,100,0.217976478975032,-0.591845344274662,31,0,-24.20319,50,0.4,0.6,40,"both",0.217976478975032,-0.591845344274662
"3034",31,1,0.0249521659153899,-21.6146978180205,7.46789107026218,61,100,0.217976478975032,-0.591845344274662,31,0,-29.94233,50,0.4,0.6,40,"both",0.217976478975032,-0.591845344274662
"3035",31,1,0.0249521659153899,-21.6146978180205,7.46789107026218,61,100,0.217976478975032,-0.591845344274662,31,1,-17.97877,50,0.4,0.6,40,"both",0.217976478975032,-0.591845344274662
"3036",31,1,0.0249521659153899,-21.6146978180205,7.46789107026218,61,100,0.217976478975032,-0.591845344274662,31,0,-26.96439,50,0.4,0.6,40,"both",0.217976478975032,-0.591845344274662
"3037",31,1,0.0249521659153899,-21.6146978180205,7.46789107026218,61,100,0.217976478975032,-0.591845344274662,31,1,-22.11221,50,0.4,0.6,40,"both",0.217976478975032,-0.591845344274662
"3038",31,1,0.0249521659153899,-21.6146978180205,7.46789107026218,61,100,0.217976478975032,-0.591845344274662,31,0,-19.23733,50,0.4,0.6,40,"both",0.217976478975032,-0.591845344274662
"3039",31,1,0.0249521659153899,-21.6146978180205,7.46789107026218,61,100,0.217976478975032,-0.591845344274662,31,0,-27.16051,50,0.4,0.6,40,"both",0.217976478975032,-0.591845344274662
"3040",31,1,0.0249521659153899,-21.6146978180205,7.46789107026218,61,100,0.217976478975032,-0.591845344274662,31,0,-20.03623,50,0.4,0.6,40,"both",0.217976478975032,-0.591845344274662
"3041",31,1,0.0249521659153899,-21.6146978180205,7.46789107026218,61,100,0.217976478975032,-0.591845344274662,31,1,-18.43725,50,0.4,0.6,40,"both",0.217976478975032,-0.591845344274662
"3042",31,1,0.0249521659153899,-21.6146978180205,7.46789107026218,61,100,0.217976478975032,-0.591845344274662,31,0,-18.77344,50,0.4,0.6,40,"both",0.217976478975032,-0.591845344274662
"3043",31,1,0.0249521659153899,-21.6146978180205,7.46789107026218,61,100,0.217976478975032,-0.591845344274662,31,0,-25.85828,50,0.4,0.6,40,"both",0.217976478975032,-0.591845344274662
"3044",31,1,0.0249521659153899,-21.6146978180205,7.46789107026218,61,100,0.217976478975032,-0.591845344274662,31,0,-30.23834,50,0.4,0.6,40,"both",0.217976478975032,-0.591845344274662
"3045",31,1,0.0249521659153899,-21.6146978180205,7.46789107026218,61,100,0.217976478975032,-0.591845344274662,31,0,-25.42925,50,0.4,0.6,40,"both",0.217976478975032,-0.591845344274662
"3046",31,1,0.0249521659153899,-21.6146978180205,7.46789107026218,61,100,0.217976478975032,-0.591845344274662,31,1,-27.67762,50,0.4,0.6,40,"both",0.217976478975032,-0.591845344274662
"3047",31,1,0.0249521659153899,-21.6146978180205,7.46789107026218,61,100,0.217976478975032,-0.591845344274662,31,0,-19.61219,50,0.4,0.6,40,"both",0.217976478975032,-0.591845344274662
"3048",31,1,0.0249521659153899,-21.6146978180205,7.46789107026218,61,100,0.217976478975032,-0.591845344274662,31,1,-28.4556,50,0.4,0.6,40,"both",0.217976478975032,-0.591845344274662
"3049",31,1,0.0249521659153899,-21.6146978180205,7.46789107026218,61,100,0.217976478975032,-0.591845344274662,31,0,-31.31031,50,0.4,0.6,40,"both",0.217976478975032,-0.591845344274662
"3050",31,1,0.0249521659153899,-21.6146978180205,7.46789107026218,61,100,0.217976478975032,-0.591845344274662,31,1,-28.01747,50,0.4,0.6,40,"both",0.217976478975032,-0.591845344274662
"3051",31,1,0.0249521659153899,-21.6146978180205,7.46789107026218,61,100,0.217976478975032,-0.591845344274662,31,1,-20.28559,50,0.4,0.6,40,"both",0.217976478975032,-0.591845344274662
"3052",31,1,0.0249521659153899,-21.6146978180205,7.46789107026218,61,100,0.217976478975032,-0.591845344274662,31,1,-11.28051,50,0.4,0.6,40,"both",0.217976478975032,-0.591845344274662
"3053",31,1,0.0249521659153899,-21.6146978180205,7.46789107026218,61,100,0.217976478975032,-0.591845344274662,31,1,-19.29694,50,0.4,0.6,40,"both",0.217976478975032,-0.591845344274662
"3054",31,1,0.0249521659153899,-21.6146978180205,7.46789107026218,61,100,0.217976478975032,-0.591845344274662,31,1,-18.82914,50,0.4,0.6,40,"both",0.217976478975032,-0.591845344274662
"3055",31,1,0.0249521659153899,-21.6146978180205,7.46789107026218,61,100,0.217976478975032,-0.591845344274662,31,1,-17.40673,50,0.4,0.6,40,"both",0.217976478975032,-0.591845344274662
"3056",31,1,0.0249521659153899,-21.6146978180205,7.46789107026218,61,100,0.217976478975032,-0.591845344274662,31,1,-24.43891,50,0.4,0.6,40,"both",0.217976478975032,-0.591845344274662
"3057",31,1,0.0249521659153899,-21.6146978180205,7.46789107026218,61,100,0.217976478975032,-0.591845344274662,31,0,-30.67033,50,0.4,0.6,40,"both",0.217976478975032,-0.591845344274662
"3058",31,1,0.0249521659153899,-21.6146978180205,7.46789107026218,61,100,0.217976478975032,-0.591845344274662,31,1,-22.96764,50,0.4,0.6,40,"both",0.217976478975032,-0.591845344274662
"3059",31,1,0.0249521659153899,-21.6146978180205,7.46789107026218,61,100,0.217976478975032,-0.591845344274662,31,1,-17.12078,50,0.4,0.6,40,"both",0.217976478975032,-0.591845344274662
"3060",31,1,0.0249521659153899,-21.6146978180205,7.46789107026218,61,100,0.217976478975032,-0.591845344274662,31,1,-19.19701,50,0.4,0.6,40,"both",0.217976478975032,-0.591845344274662
"3061",31,1,0.0249521659153899,-21.6146978180205,7.46789107026218,61,100,0.217976478975032,-0.591845344274662,31,1,-16.18593,50,0.4,0.6,40,"both",0.217976478975032,-0.591845344274662
"3062",31,1,0.0249521659153899,-21.6146978180205,7.46789107026218,61,100,0.217976478975032,-0.591845344274662,31,0,-15.98695,50,0.4,0.6,40,"both",0.217976478975032,-0.591845344274662
"3063",31,1,0.0249521659153899,-21.6146978180205,7.46789107026218,61,100,0.217976478975032,-0.591845344274662,31,0,-18.9454,50,0.4,0.6,40,"both",0.217976478975032,-0.591845344274662
"3064",31,1,0.0249521659153899,-21.6146978180205,7.46789107026218,61,100,0.217976478975032,-0.591845344274662,31,0,-25.96255,50,0.4,0.6,40,"both",0.217976478975032,-0.591845344274662
"3065",31,1,0.0249521659153899,-21.6146978180205,7.46789107026218,61,100,0.217976478975032,-0.591845344274662,31,1,-18.99585,50,0.4,0.6,40,"both",0.217976478975032,-0.591845344274662
"3066",31,1,0.0249521659153899,-21.6146978180205,7.46789107026218,61,100,0.217976478975032,-0.591845344274662,31,1,-9.0766,50,0.4,0.6,40,"both",0.217976478975032,-0.591845344274662
"3067",31,1,0.0249521659153899,-21.6146978180205,7.46789107026218,61,100,0.217976478975032,-0.591845344274662,31,1,-12.4146,50,0.4,0.6,40,"both",0.217976478975032,-0.591845344274662
"3068",31,1,0.0249521659153899,-21.6146978180205,7.46789107026218,61,100,0.217976478975032,-0.591845344274662,31,1,-12.2268,50,0.4,0.6,40,"both",0.217976478975032,-0.591845344274662
"3069",31,1,0.0249521659153899,-21.6146978180205,7.46789107026218,61,100,0.217976478975032,-0.591845344274662,31,1,-19.08428,50,0.4,0.6,40,"both",0.217976478975032,-0.591845344274662
"3070",31,1,0.0249521659153899,-21.6146978180205,7.46789107026218,61,100,0.217976478975032,-0.591845344274662,31,1,-18.86779,50,0.4,0.6,40,"both",0.217976478975032,-0.591845344274662
"3071",31,1,0.0249521659153899,-21.6146978180205,7.46789107026218,61,100,0.217976478975032,-0.591845344274662,31,0,-31.84859,50,0.4,0.6,40,"both",0.217976478975032,-0.591845344274662
"3072",31,1,0.0249521659153899,-21.6146978180205,7.46789107026218,61,100,0.217976478975032,-0.591845344274662,31,1,-30.72449,50,0.4,0.6,40,"both",0.217976478975032,-0.591845344274662
"3073",31,1,0.0249521659153899,-21.6146978180205,7.46789107026218,61,100,0.217976478975032,-0.591845344274662,31,0,-33.4302,50,0.4,0.6,40,"both",0.217976478975032,-0.591845344274662
"3074",31,1,0.0249521659153899,-21.6146978180205,7.46789107026218,61,100,0.217976478975032,-0.591845344274662,31,0,-27.25322,50,0.4,0.6,40,"both",0.217976478975032,-0.591845344274662
"3075",31,1,0.0249521659153899,-21.6146978180205,7.46789107026218,61,100,0.217976478975032,-0.591845344274662,31,0,-20.03853,50,0.4,0.6,40,"both",0.217976478975032,-0.591845344274662
"3076",31,1,0.0249521659153899,-21.6146978180205,7.46789107026218,61,100,0.217976478975032,-0.591845344274662,31,0,-28.65059,50,0.4,0.6,40,"both",0.217976478975032,-0.591845344274662
"3077",31,1,0.0249521659153899,-21.6146978180205,7.46789107026218,61,100,0.217976478975032,-0.591845344274662,31,1,-15.41124,50,0.4,0.6,40,"both",0.217976478975032,-0.591845344274662
"3078",31,1,0.0249521659153899,-21.6146978180205,7.46789107026218,61,100,0.217976478975032,-0.591845344274662,31,0,-30.01737,50,0.4,0.6,40,"both",0.217976478975032,-0.591845344274662
"3079",31,1,0.0249521659153899,-21.6146978180205,7.46789107026218,61,100,0.217976478975032,-0.591845344274662,31,1,-19.92619,50,0.4,0.6,40,"both",0.217976478975032,-0.591845344274662
"3080",31,1,0.0249521659153899,-21.6146978180205,7.46789107026218,61,100,0.217976478975032,-0.591845344274662,31,0,-28.52408,50,0.4,0.6,40,"both",0.217976478975032,-0.591845344274662
"3081",31,1,0.0249521659153899,-21.6146978180205,7.46789107026218,61,100,0.217976478975032,-0.591845344274662,31,1,-31.2084,50,0.4,0.6,40,"both",0.217976478975032,-0.591845344274662
"3082",31,1,0.0249521659153899,-21.6146978180205,7.46789107026218,61,100,0.217976478975032,-0.591845344274662,31,0,-20.01563,50,0.4,0.6,40,"both",0.217976478975032,-0.591845344274662
"3083",31,1,0.0249521659153899,-21.6146978180205,7.46789107026218,61,100,0.217976478975032,-0.591845344274662,31,1,-18.68762,50,0.4,0.6,40,"both",0.217976478975032,-0.591845344274662
"3084",31,1,0.0249521659153899,-21.6146978180205,7.46789107026218,61,100,0.217976478975032,-0.591845344274662,31,0,-32.24986,50,0.4,0.6,40,"both",0.217976478975032,-0.591845344274662
"3085",31,1,0.0249521659153899,-21.6146978180205,7.46789107026218,61,100,0.217976478975032,-0.591845344274662,31,0,-30.57183,50,0.4,0.6,40,"both",0.217976478975032,-0.591845344274662
"3086",31,1,0.0249521659153899,-21.6146978180205,7.46789107026218,61,100,0.217976478975032,-0.591845344274662,31,0,-27.14675,50,0.4,0.6,40,"both",0.217976478975032,-0.591845344274662
"3087",31,1,0.0249521659153899,-21.6146978180205,7.46789107026218,61,100,0.217976478975032,-0.591845344274662,31,0,-16.48558,50,0.4,0.6,40,"both",0.217976478975032,-0.591845344274662
"3088",31,1,0.0249521659153899,-21.6146978180205,7.46789107026218,61,100,0.217976478975032,-0.591845344274662,31,0,-27.11005,50,0.4,0.6,40,"both",0.217976478975032,-0.591845344274662
"3089",31,1,0.0249521659153899,-21.6146978180205,7.46789107026218,61,100,0.217976478975032,-0.591845344274662,31,1,-19.03313,50,0.4,0.6,40,"both",0.217976478975032,-0.591845344274662
"3090",31,1,0.0249521659153899,-21.6146978180205,7.46789107026218,61,100,0.217976478975032,-0.591845344274662,31,0,-32.83458,50,0.4,0.6,40,"both",0.217976478975032,-0.591845344274662
"3091",31,1,0.0249521659153899,-21.6146978180205,7.46789107026218,61,100,0.217976478975032,-0.591845344274662,31,0,-33.83201,50,0.4,0.6,40,"both",0.217976478975032,-0.591845344274662
"3092",31,1,0.0249521659153899,-21.6146978180205,7.46789107026218,61,100,0.217976478975032,-0.591845344274662,31,0,-18.7982,50,0.4,0.6,40,"both",0.217976478975032,-0.591845344274662
"3093",31,1,0.0249521659153899,-21.6146978180205,7.46789107026218,61,100,0.217976478975032,-0.591845344274662,31,1,-17.53533,50,0.4,0.6,40,"both",0.217976478975032,-0.591845344274662
"3094",31,1,0.0249521659153899,-21.6146978180205,7.46789107026218,61,100,0.217976478975032,-0.591845344274662,31,0,-28.21876,50,0.4,0.6,40,"both",0.217976478975032,-0.591845344274662
"3095",31,1,0.0249521659153899,-21.6146978180205,7.46789107026218,61,100,0.217976478975032,-0.591845344274662,31,0,-26.6122,50,0.4,0.6,40,"both",0.217976478975032,-0.591845344274662
"3096",31,1,0.0249521659153899,-21.6146978180205,7.46789107026218,61,100,0.217976478975032,-0.591845344274662,31,0,-35.5171,50,0.4,0.6,40,"both",0.217976478975032,-0.591845344274662
"3097",31,1,0.0249521659153899,-21.6146978180205,7.46789107026218,61,100,0.217976478975032,-0.591845344274662,31,0,-25.94572,50,0.4,0.6,40,"both",0.217976478975032,-0.591845344274662
"3098",31,1,0.0249521659153899,-21.6146978180205,7.46789107026218,61,100,0.217976478975032,-0.591845344274662,31,0,-29.71243,50,0.4,0.6,40,"both",0.217976478975032,-0.591845344274662
"3099",31,1,0.0249521659153899,-21.6146978180205,7.46789107026218,61,100,0.217976478975032,-0.591845344274662,31,0,-18.53964,50,0.4,0.6,40,"both",0.217976478975032,-0.591845344274662
"3100",31,1,0.0249521659153899,-21.6146978180205,7.46789107026218,61,100,0.217976478975032,-0.591845344274662,31,1,-17.14001,50,0.4,0.6,40,"both",0.217976478975032,-0.591845344274662
"3101",32,1,0.0358940924838651,9.00299602550328,5.83348918634448,63,100,0.217976478975032,-0.591845344274662,32,1,10.1777591725,50,0.4,0.6,40,"both",0.217976478975032,-0.591845344274662
"3102",32,1,0.0358940924838651,9.00299602550328,5.83348918634448,63,100,0.217976478975032,-0.591845344274662,32,0,-4.91201270194,50,0.4,0.6,40,"both",0.217976478975032,-0.591845344274662
"3103",32,1,0.0358940924838651,9.00299602550328,5.83348918634448,63,100,0.217976478975032,-0.591845344274662,32,0,1.2049590848,50,0.4,0.6,40,"both",0.217976478975032,-0.591845344274662
"3104",32,1,0.0358940924838651,9.00299602550328,5.83348918634448,63,100,0.217976478975032,-0.591845344274662,32,0,6.4341743723,50,0.4,0.6,40,"both",0.217976478975032,-0.591845344274662
"3105",32,1,0.0358940924838651,9.00299602550328,5.83348918634448,63,100,0.217976478975032,-0.591845344274662,32,1,6.94148,50,0.4,0.6,40,"both",0.217976478975032,-0.591845344274662
"3106",32,1,0.0358940924838651,9.00299602550328,5.83348918634448,63,100,0.217976478975032,-0.591845344274662,32,0,2.87948,50,0.4,0.6,40,"both",0.217976478975032,-0.591845344274662
"3107",32,1,0.0358940924838651,9.00299602550328,5.83348918634448,63,100,0.217976478975032,-0.591845344274662,32,1,11.63584,50,0.4,0.6,40,"both",0.217976478975032,-0.591845344274662
"3108",32,1,0.0358940924838651,9.00299602550328,5.83348918634448,63,100,0.217976478975032,-0.591845344274662,32,0,0.90513,50,0.4,0.6,40,"both",0.217976478975032,-0.591845344274662
"3109",32,1,0.0358940924838651,9.00299602550328,5.83348918634448,63,100,0.217976478975032,-0.591845344274662,32,0,6.48823,50,0.4,0.6,40,"both",0.217976478975032,-0.591845344274662
"3110",32,1,0.0358940924838651,9.00299602550328,5.83348918634448,63,100,0.217976478975032,-0.591845344274662,32,1,13.27822,50,0.4,0.6,40,"both",0.217976478975032,-0.591845344274662
"3111",32,1,0.0358940924838651,9.00299602550328,5.83348918634448,63,100,0.217976478975032,-0.591845344274662,32,1,11.55954,50,0.4,0.6,40,"both",0.217976478975032,-0.591845344274662
"3112",32,1,0.0358940924838651,9.00299602550328,5.83348918634448,63,100,0.217976478975032,-0.591845344274662,32,0,3.15996,50,0.4,0.6,40,"both",0.217976478975032,-0.591845344274662
"3113",32,1,0.0358940924838651,9.00299602550328,5.83348918634448,63,100,0.217976478975032,-0.591845344274662,32,0,-8.58716,50,0.4,0.6,40,"both",0.217976478975032,-0.591845344274662
"3114",32,1,0.0358940924838651,9.00299602550328,5.83348918634448,63,100,0.217976478975032,-0.591845344274662,32,0,5.57459,50,0.4,0.6,40,"both",0.217976478975032,-0.591845344274662
"3115",32,1,0.0358940924838651,9.00299602550328,5.83348918634448,63,100,0.217976478975032,-0.591845344274662,32,0,7.00414,50,0.4,0.6,40,"both",0.217976478975032,-0.591845344274662
"3116",32,1,0.0358940924838651,9.00299602550328,5.83348918634448,63,100,0.217976478975032,-0.591845344274662,32,1,15.14046,50,0.4,0.6,40,"both",0.217976478975032,-0.591845344274662
"3117",32,1,0.0358940924838651,9.00299602550328,5.83348918634448,63,100,0.217976478975032,-0.591845344274662,32,1,9.96574,50,0.4,0.6,40,"both",0.217976478975032,-0.591845344274662
"3118",32,1,0.0358940924838651,9.00299602550328,5.83348918634448,63,100,0.217976478975032,-0.591845344274662,32,0,10.06962,50,0.4,0.6,40,"both",0.217976478975032,-0.591845344274662
"3119",32,1,0.0358940924838651,9.00299602550328,5.83348918634448,63,100,0.217976478975032,-0.591845344274662,32,1,1.62753,50,0.4,0.6,40,"both",0.217976478975032,-0.591845344274662
"3120",32,1,0.0358940924838651,9.00299602550328,5.83348918634448,63,100,0.217976478975032,-0.591845344274662,32,1,16.03422,50,0.4,0.6,40,"both",0.217976478975032,-0.591845344274662
"3121",32,1,0.0358940924838651,9.00299602550328,5.83348918634448,63,100,0.217976478975032,-0.591845344274662,32,0,4.87024,50,0.4,0.6,40,"both",0.217976478975032,-0.591845344274662
"3122",32,1,0.0358940924838651,9.00299602550328,5.83348918634448,63,100,0.217976478975032,-0.591845344274662,32,0,-4.23497,50,0.4,0.6,40,"both",0.217976478975032,-0.591845344274662
"3123",32,1,0.0358940924838651,9.00299602550328,5.83348918634448,63,100,0.217976478975032,-0.591845344274662,32,1,9.71058,50,0.4,0.6,40,"both",0.217976478975032,-0.591845344274662
"3124",32,1,0.0358940924838651,9.00299602550328,5.83348918634448,63,100,0.217976478975032,-0.591845344274662,32,0,13.41029,50,0.4,0.6,40,"both",0.217976478975032,-0.591845344274662
"3125",32,1,0.0358940924838651,9.00299602550328,5.83348918634448,63,100,0.217976478975032,-0.591845344274662,32,0,-6.47254,50,0.4,0.6,40,"both",0.217976478975032,-0.591845344274662
"3126",32,1,0.0358940924838651,9.00299602550328,5.83348918634448,63,100,0.217976478975032,-0.591845344274662,32,0,7.6888,50,0.4,0.6,40,"both",0.217976478975032,-0.591845344274662
"3127",32,1,0.0358940924838651,9.00299602550328,5.83348918634448,63,100,0.217976478975032,-0.591845344274662,32,1,12.88733,50,0.4,0.6,40,"both",0.217976478975032,-0.591845344274662
"3128",32,1,0.0358940924838651,9.00299602550328,5.83348918634448,63,100,0.217976478975032,-0.591845344274662,32,0,5.442,50,0.4,0.6,40,"both",0.217976478975032,-0.591845344274662
"3129",32,1,0.0358940924838651,9.00299602550328,5.83348918634448,63,100,0.217976478975032,-0.591845344274662,32,0,8.89911,50,0.4,0.6,40,"both",0.217976478975032,-0.591845344274662
"3130",32,1,0.0358940924838651,9.00299602550328,5.83348918634448,63,100,0.217976478975032,-0.591845344274662,32,1,8.67067,50,0.4,0.6,40,"both",0.217976478975032,-0.591845344274662
"3131",32,1,0.0358940924838651,9.00299602550328,5.83348918634448,63,100,0.217976478975032,-0.591845344274662,32,0,7.35332,50,0.4,0.6,40,"both",0.217976478975032,-0.591845344274662
"3132",32,1,0.0358940924838651,9.00299602550328,5.83348918634448,63,100,0.217976478975032,-0.591845344274662,32,0,7.30739,50,0.4,0.6,40,"both",0.217976478975032,-0.591845344274662
"3133",32,1,0.0358940924838651,9.00299602550328,5.83348918634448,63,100,0.217976478975032,-0.591845344274662,32,0,6.31354,50,0.4,0.6,40,"both",0.217976478975032,-0.591845344274662
"3134",32,1,0.0358940924838651,9.00299602550328,5.83348918634448,63,100,0.217976478975032,-0.591845344274662,32,1,7.27952,50,0.4,0.6,40,"both",0.217976478975032,-0.591845344274662
"3135",32,1,0.0358940924838651,9.00299602550328,5.83348918634448,63,100,0.217976478975032,-0.591845344274662,32,1,10.89124,50,0.4,0.6,40,"both",0.217976478975032,-0.591845344274662
"3136",32,1,0.0358940924838651,9.00299602550328,5.83348918634448,63,100,0.217976478975032,-0.591845344274662,32,0,7.6021,50,0.4,0.6,40,"both",0.217976478975032,-0.591845344274662
"3137",32,1,0.0358940924838651,9.00299602550328,5.83348918634448,63,100,0.217976478975032,-0.591845344274662,32,1,5.87842,50,0.4,0.6,40,"both",0.217976478975032,-0.591845344274662
"3138",32,1,0.0358940924838651,9.00299602550328,5.83348918634448,63,100,0.217976478975032,-0.591845344274662,32,0,6.79698,50,0.4,0.6,40,"both",0.217976478975032,-0.591845344274662
"3139",32,1,0.0358940924838651,9.00299602550328,5.83348918634448,63,100,0.217976478975032,-0.591845344274662,32,0,8.17674,50,0.4,0.6,40,"both",0.217976478975032,-0.591845344274662
"3140",32,1,0.0358940924838651,9.00299602550328,5.83348918634448,63,100,0.217976478975032,-0.591845344274662,32,1,7.7711,50,0.4,0.6,40,"both",0.217976478975032,-0.591845344274662
"3141",32,1,0.0358940924838651,9.00299602550328,5.83348918634448,63,100,0.217976478975032,-0.591845344274662,32,1,15.89234,50,0.4,0.6,40,"both",0.217976478975032,-0.591845344274662
"3142",32,1,0.0358940924838651,9.00299602550328,5.83348918634448,63,100,0.217976478975032,-0.591845344274662,32,0,7.73521,50,0.4,0.6,40,"both",0.217976478975032,-0.591845344274662
"3143",32,1,0.0358940924838651,9.00299602550328,5.83348918634448,63,100,0.217976478975032,-0.591845344274662,32,0,3.18562,50,0.4,0.6,40,"both",0.217976478975032,-0.591845344274662
"3144",32,1,0.0358940924838651,9.00299602550328,5.83348918634448,63,100,0.217976478975032,-0.591845344274662,32,1,7.72017,50,0.4,0.6,40,"both",0.217976478975032,-0.591845344274662
"3145",32,1,0.0358940924838651,9.00299602550328,5.83348918634448,63,100,0.217976478975032,-0.591845344274662,32,1,7.33176,50,0.4,0.6,40,"both",0.217976478975032,-0.591845344274662
"3146",32,1,0.0358940924838651,9.00299602550328,5.83348918634448,63,100,0.217976478975032,-0.591845344274662,32,1,11.3999,50,0.4,0.6,40,"both",0.217976478975032,-0.591845344274662
"3147",32,1,0.0358940924838651,9.00299602550328,5.83348918634448,63,100,0.217976478975032,-0.591845344274662,32,1,5.65841,50,0.4,0.6,40,"both",0.217976478975032,-0.591845344274662
"3148",32,1,0.0358940924838651,9.00299602550328,5.83348918634448,63,100,0.217976478975032,-0.591845344274662,32,0,5.28884,50,0.4,0.6,40,"both",0.217976478975032,-0.591845344274662
"3149",32,1,0.0358940924838651,9.00299602550328,5.83348918634448,63,100,0.217976478975032,-0.591845344274662,32,0,1.3793,50,0.4,0.6,40,"both",0.217976478975032,-0.591845344274662
"3150",32,1,0.0358940924838651,9.00299602550328,5.83348918634448,63,100,0.217976478975032,-0.591845344274662,32,1,11.1099,50,0.4,0.6,40,"both",0.217976478975032,-0.591845344274662
"3151",32,1,0.0358940924838651,9.00299602550328,5.83348918634448,63,100,0.217976478975032,-0.591845344274662,32,0,1.27185,50,0.4,0.6,40,"both",0.217976478975032,-0.591845344274662
"3152",32,1,0.0358940924838651,9.00299602550328,5.83348918634448,63,100,0.217976478975032,-0.591845344274662,32,0,5.86833,50,0.4,0.6,40,"both",0.217976478975032,-0.591845344274662
"3153",32,1,0.0358940924838651,9.00299602550328,5.83348918634448,63,100,0.217976478975032,-0.591845344274662,32,1,5.99961,50,0.4,0.6,40,"both",0.217976478975032,-0.591845344274662
"3154",32,1,0.0358940924838651,9.00299602550328,5.83348918634448,63,100,0.217976478975032,-0.591845344274662,32,1,14.93863,50,0.4,0.6,40,"both",0.217976478975032,-0.591845344274662
"3155",32,1,0.0358940924838651,9.00299602550328,5.83348918634448,63,100,0.217976478975032,-0.591845344274662,32,0,7.46736,50,0.4,0.6,40,"both",0.217976478975032,-0.591845344274662
"3156",32,1,0.0358940924838651,9.00299602550328,5.83348918634448,63,100,0.217976478975032,-0.591845344274662,32,1,10.78113,50,0.4,0.6,40,"both",0.217976478975032,-0.591845344274662
"3157",32,1,0.0358940924838651,9.00299602550328,5.83348918634448,63,100,0.217976478975032,-0.591845344274662,32,0,5.10287,50,0.4,0.6,40,"both",0.217976478975032,-0.591845344274662
"3158",32,1,0.0358940924838651,9.00299602550328,5.83348918634448,63,100,0.217976478975032,-0.591845344274662,32,0,9.63406,50,0.4,0.6,40,"both",0.217976478975032,-0.591845344274662
"3159",32,1,0.0358940924838651,9.00299602550328,5.83348918634448,63,100,0.217976478975032,-0.591845344274662,32,1,11.60787,50,0.4,0.6,40,"both",0.217976478975032,-0.591845344274662
"3160",32,1,0.0358940924838651,9.00299602550328,5.83348918634448,63,100,0.217976478975032,-0.591845344274662,32,0,10.55053,50,0.4,0.6,40,"both",0.217976478975032,-0.591845344274662
"3161",32,1,0.0358940924838651,9.00299602550328,5.83348918634448,63,100,0.217976478975032,-0.591845344274662,32,1,14.09879,50,0.4,0.6,40,"both",0.217976478975032,-0.591845344274662
"3162",32,1,0.0358940924838651,9.00299602550328,5.83348918634448,63,100,0.217976478975032,-0.591845344274662,32,1,14.60347,50,0.4,0.6,40,"both",0.217976478975032,-0.591845344274662
"3163",32,1,0.0358940924838651,9.00299602550328,5.83348918634448,63,100,0.217976478975032,-0.591845344274662,32,1,14.79812,50,0.4,0.6,40,"both",0.217976478975032,-0.591845344274662
"3164",32,1,0.0358940924838651,9.00299602550328,5.83348918634448,63,100,0.217976478975032,-0.591845344274662,32,1,11.03453,50,0.4,0.6,40,"both",0.217976478975032,-0.591845344274662
"3165",32,1,0.0358940924838651,9.00299602550328,5.83348918634448,63,100,0.217976478975032,-0.591845344274662,32,1,12.19044,50,0.4,0.6,40,"both",0.217976478975032,-0.591845344274662
"3166",32,1,0.0358940924838651,9.00299602550328,5.83348918634448,63,100,0.217976478975032,-0.591845344274662,32,1,11.48194,50,0.4,0.6,40,"both",0.217976478975032,-0.591845344274662
"3167",32,1,0.0358940924838651,9.00299602550328,5.83348918634448,63,100,0.217976478975032,-0.591845344274662,32,0,5.8403,50,0.4,0.6,40,"both",0.217976478975032,-0.591845344274662
"3168",32,1,0.0358940924838651,9.00299602550328,5.83348918634448,63,100,0.217976478975032,-0.591845344274662,32,0,3.79467,50,0.4,0.6,40,"both",0.217976478975032,-0.591845344274662
"3169",32,1,0.0358940924838651,9.00299602550328,5.83348918634448,63,100,0.217976478975032,-0.591845344274662,32,0,8.76366,50,0.4,0.6,40,"both",0.217976478975032,-0.591845344274662
"3170",32,1,0.0358940924838651,9.00299602550328,5.83348918634448,63,100,0.217976478975032,-0.591845344274662,32,0,4.89578,50,0.4,0.6,40,"both",0.217976478975032,-0.591845344274662
"3171",32,1,0.0358940924838651,9.00299602550328,5.83348918634448,63,100,0.217976478975032,-0.591845344274662,32,0,11.33378,50,0.4,0.6,40,"both",0.217976478975032,-0.591845344274662
"3172",32,1,0.0358940924838651,9.00299602550328,5.83348918634448,63,100,0.217976478975032,-0.591845344274662,32,0,-2.89724,50,0.4,0.6,40,"both",0.217976478975032,-0.591845344274662
"3173",32,1,0.0358940924838651,9.00299602550328,5.83348918634448,63,100,0.217976478975032,-0.591845344274662,32,1,12.99848,50,0.4,0.6,40,"both",0.217976478975032,-0.591845344274662
"3174",32,1,0.0358940924838651,9.00299602550328,5.83348918634448,63,100,0.217976478975032,-0.591845344274662,32,0,15.07827,50,0.4,0.6,40,"both",0.217976478975032,-0.591845344274662
"3175",32,1,0.0358940924838651,9.00299602550328,5.83348918634448,63,100,0.217976478975032,-0.591845344274662,32,1,11.57956,50,0.4,0.6,40,"both",0.217976478975032,-0.591845344274662
"3176",32,1,0.0358940924838651,9.00299602550328,5.83348918634448,63,100,0.217976478975032,-0.591845344274662,32,1,10.53994,50,0.4,0.6,40,"both",0.217976478975032,-0.591845344274662
"3177",32,1,0.0358940924838651,9.00299602550328,5.83348918634448,63,100,0.217976478975032,-0.591845344274662,32,1,12.46193,50,0.4,0.6,40,"both",0.217976478975032,-0.591845344274662
"3178",32,1,0.0358940924838651,9.00299602550328,5.83348918634448,63,100,0.217976478975032,-0.591845344274662,32,1,7.22104,50,0.4,0.6,40,"both",0.217976478975032,-0.591845344274662
"3179",32,1,0.0358940924838651,9.00299602550328,5.83348918634448,63,100,0.217976478975032,-0.591845344274662,32,1,4.75864,50,0.4,0.6,40,"both",0.217976478975032,-0.591845344274662
"3180",32,1,0.0358940924838651,9.00299602550328,5.83348918634448,63,100,0.217976478975032,-0.591845344274662,32,0,2.69487,50,0.4,0.6,40,"both",0.217976478975032,-0.591845344274662
"3181",32,1,0.0358940924838651,9.00299602550328,5.83348918634448,63,100,0.217976478975032,-0.591845344274662,32,0,5.7189,50,0.4,0.6,40,"both",0.217976478975032,-0.591845344274662
"3182",32,1,0.0358940924838651,9.00299602550328,5.83348918634448,63,100,0.217976478975032,-0.591845344274662,32,1,10.25394,50,0.4,0.6,40,"both",0.217976478975032,-0.591845344274662
"3183",32,1,0.0358940924838651,9.00299602550328,5.83348918634448,63,100,0.217976478975032,-0.591845344274662,32,1,9.70676,50,0.4,0.6,40,"both",0.217976478975032,-0.591845344274662
"3184",32,1,0.0358940924838651,9.00299602550328,5.83348918634448,63,100,0.217976478975032,-0.591845344274662,32,0,11.2006,50,0.4,0.6,40,"both",0.217976478975032,-0.591845344274662
"3185",32,1,0.0358940924838651,9.00299602550328,5.83348918634448,63,100,0.217976478975032,-0.591845344274662,32,1,7.77392,50,0.4,0.6,40,"both",0.217976478975032,-0.591845344274662
"3186",32,1,0.0358940924838651,9.00299602550328,5.83348918634448,63,100,0.217976478975032,-0.591845344274662,32,1,10.95776,50,0.4,0.6,40,"both",0.217976478975032,-0.591845344274662
"3187",32,1,0.0358940924838651,9.00299602550328,5.83348918634448,63,100,0.217976478975032,-0.591845344274662,32,1,5.07944,50,0.4,0.6,40,"both",0.217976478975032,-0.591845344274662
"3188",32,1,0.0358940924838651,9.00299602550328,5.83348918634448,63,100,0.217976478975032,-0.591845344274662,32,0,8.4427,50,0.4,0.6,40,"both",0.217976478975032,-0.591845344274662
"3189",32,1,0.0358940924838651,9.00299602550328,5.83348918634448,63,100,0.217976478975032,-0.591845344274662,32,1,12.04407,50,0.4,0.6,40,"both",0.217976478975032,-0.591845344274662
"3190",32,1,0.0358940924838651,9.00299602550328,5.83348918634448,63,100,0.217976478975032,-0.591845344274662,32,1,12.6594,50,0.4,0.6,40,"both",0.217976478975032,-0.591845344274662
"3191",32,1,0.0358940924838651,9.00299602550328,5.83348918634448,63,100,0.217976478975032,-0.591845344274662,32,0,5.81669,50,0.4,0.6,40,"both",0.217976478975032,-0.591845344274662
"3192",32,1,0.0358940924838651,9.00299602550328,5.83348918634448,63,100,0.217976478975032,-0.591845344274662,32,1,12.82208,50,0.4,0.6,40,"both",0.217976478975032,-0.591845344274662
"3193",32,1,0.0358940924838651,9.00299602550328,5.83348918634448,63,100,0.217976478975032,-0.591845344274662,32,1,14.53288,50,0.4,0.6,40,"both",0.217976478975032,-0.591845344274662
"3194",32,1,0.0358940924838651,9.00299602550328,5.83348918634448,63,100,0.217976478975032,-0.591845344274662,32,1,15.61356,50,0.4,0.6,40,"both",0.217976478975032,-0.591845344274662
"3195",32,1,0.0358940924838651,9.00299602550328,5.83348918634448,63,100,0.217976478975032,-0.591845344274662,32,1,11.66822,50,0.4,0.6,40,"both",0.217976478975032,-0.591845344274662
"3196",32,1,0.0358940924838651,9.00299602550328,5.83348918634448,63,100,0.217976478975032,-0.591845344274662,32,0,4.61043,50,0.4,0.6,40,"both",0.217976478975032,-0.591845344274662
"3197",32,1,0.0358940924838651,9.00299602550328,5.83348918634448,63,100,0.217976478975032,-0.591845344274662,32,1,11.3656,50,0.4,0.6,40,"both",0.217976478975032,-0.591845344274662
"3198",32,1,0.0358940924838651,9.00299602550328,5.83348918634448,63,100,0.217976478975032,-0.591845344274662,32,1,10.78189,50,0.4,0.6,40,"both",0.217976478975032,-0.591845344274662
"3199",32,1,0.0358940924838651,9.00299602550328,5.83348918634448,63,100,0.217976478975032,-0.591845344274662,32,1,9.70426,50,0.4,0.6,40,"both",0.217976478975032,-0.591845344274662
"3200",32,1,0.0358940924838651,9.00299602550328,5.83348918634448,63,100,0.217976478975032,-0.591845344274662,32,0,5.46357,50,0.4,0.6,40,"both",0.217976478975032,-0.591845344274662
"3201",33,1,0.0137608117516097,-11.901175362078,9.37005234703175,65,100,0.217976478975032,-0.591845344274662,33,0,-9.478620089,50,0.4,0.6,40,"both",0.217976478975032,-0.591845344274662
"3202",33,1,0.0137608117516097,-11.901175362078,9.37005234703175,65,100,0.217976478975032,-0.591845344274662,33,1,5.5221735428,50,0.4,0.6,40,"both",0.217976478975032,-0.591845344274662
"3203",33,1,0.0137608117516097,-11.901175362078,9.37005234703175,65,100,0.217976478975032,-0.591845344274662,33,1,-1.3367814262,50,0.4,0.6,40,"both",0.217976478975032,-0.591845344274662
"3204",33,1,0.0137608117516097,-11.901175362078,9.37005234703175,65,100,0.217976478975032,-0.591845344274662,33,1,-3.56664450902,50,0.4,0.6,40,"both",0.217976478975032,-0.591845344274662
"3205",33,1,0.0137608117516097,-11.901175362078,9.37005234703175,65,100,0.217976478975032,-0.591845344274662,33,0,-21.18684,50,0.4,0.6,40,"both",0.217976478975032,-0.591845344274662
"3206",33,1,0.0137608117516097,-11.901175362078,9.37005234703175,65,100,0.217976478975032,-0.591845344274662,33,0,-15.11424,50,0.4,0.6,40,"both",0.217976478975032,-0.591845344274662
"3207",33,1,0.0137608117516097,-11.901175362078,9.37005234703175,65,100,0.217976478975032,-0.591845344274662,33,1,1.4591,50,0.4,0.6,40,"both",0.217976478975032,-0.591845344274662
"3208",33,1,0.0137608117516097,-11.901175362078,9.37005234703175,65,100,0.217976478975032,-0.591845344274662,33,1,-4.92963,50,0.4,0.6,40,"both",0.217976478975032,-0.591845344274662
"3209",33,1,0.0137608117516097,-11.901175362078,9.37005234703175,65,100,0.217976478975032,-0.591845344274662,33,0,-5.60533,50,0.4,0.6,40,"both",0.217976478975032,-0.591845344274662
"3210",33,1,0.0137608117516097,-11.901175362078,9.37005234703175,65,100,0.217976478975032,-0.591845344274662,33,1,-10.63361,50,0.4,0.6,40,"both",0.217976478975032,-0.591845344274662
"3211",33,1,0.0137608117516097,-11.901175362078,9.37005234703175,65,100,0.217976478975032,-0.591845344274662,33,1,3.73865,50,0.4,0.6,40,"both",0.217976478975032,-0.591845344274662
"3212",33,1,0.0137608117516097,-11.901175362078,9.37005234703175,65,100,0.217976478975032,-0.591845344274662,33,1,-2.6106,50,0.4,0.6,40,"both",0.217976478975032,-0.591845344274662
"3213",33,1,0.0137608117516097,-11.901175362078,9.37005234703175,65,100,0.217976478975032,-0.591845344274662,33,0,-9.2782,50,0.4,0.6,40,"both",0.217976478975032,-0.591845344274662
"3214",33,1,0.0137608117516097,-11.901175362078,9.37005234703175,65,100,0.217976478975032,-0.591845344274662,33,1,1.22929,50,0.4,0.6,40,"both",0.217976478975032,-0.591845344274662
"3215",33,1,0.0137608117516097,-11.901175362078,9.37005234703175,65,100,0.217976478975032,-0.591845344274662,33,0,-30.536,50,0.4,0.6,40,"both",0.217976478975032,-0.591845344274662
"3216",33,1,0.0137608117516097,-11.901175362078,9.37005234703175,65,100,0.217976478975032,-0.591845344274662,33,1,-3.08895,50,0.4,0.6,40,"both",0.217976478975032,-0.591845344274662
"3217",33,1,0.0137608117516097,-11.901175362078,9.37005234703175,65,100,0.217976478975032,-0.591845344274662,33,1,-5.33137,50,0.4,0.6,40,"both",0.217976478975032,-0.591845344274662
"3218",33,1,0.0137608117516097,-11.901175362078,9.37005234703175,65,100,0.217976478975032,-0.591845344274662,33,0,-17.71986,50,0.4,0.6,40,"both",0.217976478975032,-0.591845344274662
"3219",33,1,0.0137608117516097,-11.901175362078,9.37005234703175,65,100,0.217976478975032,-0.591845344274662,33,1,-4.83174,50,0.4,0.6,40,"both",0.217976478975032,-0.591845344274662
"3220",33,1,0.0137608117516097,-11.901175362078,9.37005234703175,65,100,0.217976478975032,-0.591845344274662,33,1,-10.5459,50,0.4,0.6,40,"both",0.217976478975032,-0.591845344274662
"3221",33,1,0.0137608117516097,-11.901175362078,9.37005234703175,65,100,0.217976478975032,-0.591845344274662,33,0,-19.42925,50,0.4,0.6,40,"both",0.217976478975032,-0.591845344274662
"3222",33,1,0.0137608117516097,-11.901175362078,9.37005234703175,65,100,0.217976478975032,-0.591845344274662,33,1,-5.75462,50,0.4,0.6,40,"both",0.217976478975032,-0.591845344274662
"3223",33,1,0.0137608117516097,-11.901175362078,9.37005234703175,65,100,0.217976478975032,-0.591845344274662,33,1,-13.78106,50,0.4,0.6,40,"both",0.217976478975032,-0.591845344274662
"3224",33,1,0.0137608117516097,-11.901175362078,9.37005234703175,65,100,0.217976478975032,-0.591845344274662,33,0,-6.58557,50,0.4,0.6,40,"both",0.217976478975032,-0.591845344274662
"3225",33,1,0.0137608117516097,-11.901175362078,9.37005234703175,65,100,0.217976478975032,-0.591845344274662,33,0,-14.86641,50,0.4,0.6,40,"both",0.217976478975032,-0.591845344274662
"3226",33,1,0.0137608117516097,-11.901175362078,9.37005234703175,65,100,0.217976478975032,-0.591845344274662,33,1,-9.54093,50,0.4,0.6,40,"both",0.217976478975032,-0.591845344274662
"3227",33,1,0.0137608117516097,-11.901175362078,9.37005234703175,65,100,0.217976478975032,-0.591845344274662,33,0,-6.70833,50,0.4,0.6,40,"both",0.217976478975032,-0.591845344274662
"3228",33,1,0.0137608117516097,-11.901175362078,9.37005234703175,65,100,0.217976478975032,-0.591845344274662,33,1,-9.12667,50,0.4,0.6,40,"both",0.217976478975032,-0.591845344274662
"3229",33,1,0.0137608117516097,-11.901175362078,9.37005234703175,65,100,0.217976478975032,-0.591845344274662,33,1,-2.04246,50,0.4,0.6,40,"both",0.217976478975032,-0.591845344274662
"3230",33,1,0.0137608117516097,-11.901175362078,9.37005234703175,65,100,0.217976478975032,-0.591845344274662,33,1,-12.70812,50,0.4,0.6,40,"both",0.217976478975032,-0.591845344274662
"3231",33,1,0.0137608117516097,-11.901175362078,9.37005234703175,65,100,0.217976478975032,-0.591845344274662,33,0,-4.64459,50,0.4,0.6,40,"both",0.217976478975032,-0.591845344274662
"3232",33,1,0.0137608117516097,-11.901175362078,9.37005234703175,65,100,0.217976478975032,-0.591845344274662,33,0,-27.2605,50,0.4,0.6,40,"both",0.217976478975032,-0.591845344274662
"3233",33,1,0.0137608117516097,-11.901175362078,9.37005234703175,65,100,0.217976478975032,-0.591845344274662,33,1,18.9784,50,0.4,0.6,40,"both",0.217976478975032,-0.591845344274662
"3234",33,1,0.0137608117516097,-11.901175362078,9.37005234703175,65,100,0.217976478975032,-0.591845344274662,33,1,-7.26645,50,0.4,0.6,40,"both",0.217976478975032,-0.591845344274662
"3235",33,1,0.0137608117516097,-11.901175362078,9.37005234703175,65,100,0.217976478975032,-0.591845344274662,33,1,-3.41977,50,0.4,0.6,40,"both",0.217976478975032,-0.591845344274662
"3236",33,1,0.0137608117516097,-11.901175362078,9.37005234703175,65,100,0.217976478975032,-0.591845344274662,33,0,-15.72708,50,0.4,0.6,40,"both",0.217976478975032,-0.591845344274662
"3237",33,1,0.0137608117516097,-11.901175362078,9.37005234703175,65,100,0.217976478975032,-0.591845344274662,33,0,-15.209,50,0.4,0.6,40,"both",0.217976478975032,-0.591845344274662
"3238",33,1,0.0137608117516097,-11.901175362078,9.37005234703175,65,100,0.217976478975032,-0.591845344274662,33,0,-14.73316,50,0.4,0.6,40,"both",0.217976478975032,-0.591845344274662
"3239",33,1,0.0137608117516097,-11.901175362078,9.37005234703175,65,100,0.217976478975032,-0.591845344274662,33,1,2.92903,50,0.4,0.6,40,"both",0.217976478975032,-0.591845344274662
"3240",33,1,0.0137608117516097,-11.901175362078,9.37005234703175,65,100,0.217976478975032,-0.591845344274662,33,1,-1.39676,50,0.4,0.6,40,"both",0.217976478975032,-0.591845344274662
"3241",33,1,0.0137608117516097,-11.901175362078,9.37005234703175,65,100,0.217976478975032,-0.591845344274662,33,0,-18.06921,50,0.4,0.6,40,"both",0.217976478975032,-0.591845344274662
"3242",33,1,0.0137608117516097,-11.901175362078,9.37005234703175,65,100,0.217976478975032,-0.591845344274662,33,1,-1.18678,50,0.4,0.6,40,"both",0.217976478975032,-0.591845344274662
"3243",33,1,0.0137608117516097,-11.901175362078,9.37005234703175,65,100,0.217976478975032,-0.591845344274662,33,0,-16.97271,50,0.4,0.6,40,"both",0.217976478975032,-0.591845344274662
"3244",33,1,0.0137608117516097,-11.901175362078,9.37005234703175,65,100,0.217976478975032,-0.591845344274662,33,0,-12.31243,50,0.4,0.6,40,"both",0.217976478975032,-0.591845344274662
"3245",33,1,0.0137608117516097,-11.901175362078,9.37005234703175,65,100,0.217976478975032,-0.591845344274662,33,1,-11.26793,50,0.4,0.6,40,"both",0.217976478975032,-0.591845344274662
"3246",33,1,0.0137608117516097,-11.901175362078,9.37005234703175,65,100,0.217976478975032,-0.591845344274662,33,0,-13.19287,50,0.4,0.6,40,"both",0.217976478975032,-0.591845344274662
"3247",33,1,0.0137608117516097,-11.901175362078,9.37005234703175,65,100,0.217976478975032,-0.591845344274662,33,0,-15.1723,50,0.4,0.6,40,"both",0.217976478975032,-0.591845344274662
"3248",33,1,0.0137608117516097,-11.901175362078,9.37005234703175,65,100,0.217976478975032,-0.591845344274662,33,1,-12.37262,50,0.4,0.6,40,"both",0.217976478975032,-0.591845344274662
"3249",33,1,0.0137608117516097,-11.901175362078,9.37005234703175,65,100,0.217976478975032,-0.591845344274662,33,1,-10.69919,50,0.4,0.6,40,"both",0.217976478975032,-0.591845344274662
"3250",33,1,0.0137608117516097,-11.901175362078,9.37005234703175,65,100,0.217976478975032,-0.591845344274662,33,1,-0.847530000000001,50,0.4,0.6,40,"both",0.217976478975032,-0.591845344274662
"3251",33,1,0.0137608117516097,-11.901175362078,9.37005234703175,65,100,0.217976478975032,-0.591845344274662,33,0,-17.56016,50,0.4,0.6,40,"both",0.217976478975032,-0.591845344274662
"3252",33,1,0.0137608117516097,-11.901175362078,9.37005234703175,65,100,0.217976478975032,-0.591845344274662,33,1,-8.7813,50,0.4,0.6,40,"both",0.217976478975032,-0.591845344274662
"3253",33,1,0.0137608117516097,-11.901175362078,9.37005234703175,65,100,0.217976478975032,-0.591845344274662,33,1,-5.034,50,0.4,0.6,40,"both",0.217976478975032,-0.591845344274662
"3254",33,1,0.0137608117516097,-11.901175362078,9.37005234703175,65,100,0.217976478975032,-0.591845344274662,33,1,-17.53995,50,0.4,0.6,40,"both",0.217976478975032,-0.591845344274662
"3255",33,1,0.0137608117516097,-11.901175362078,9.37005234703175,65,100,0.217976478975032,-0.591845344274662,33,1,-17.63751,50,0.4,0.6,40,"both",0.217976478975032,-0.591845344274662
"3256",33,1,0.0137608117516097,-11.901175362078,9.37005234703175,65,100,0.217976478975032,-0.591845344274662,33,0,-18.11074,50,0.4,0.6,40,"both",0.217976478975032,-0.591845344274662
"3257",33,1,0.0137608117516097,-11.901175362078,9.37005234703175,65,100,0.217976478975032,-0.591845344274662,33,0,-18.3979,50,0.4,0.6,40,"both",0.217976478975032,-0.591845344274662
"3258",33,1,0.0137608117516097,-11.901175362078,9.37005234703175,65,100,0.217976478975032,-0.591845344274662,33,1,-7.14797,50,0.4,0.6,40,"both",0.217976478975032,-0.591845344274662
"3259",33,1,0.0137608117516097,-11.901175362078,9.37005234703175,65,100,0.217976478975032,-0.591845344274662,33,1,-4.95207,50,0.4,0.6,40,"both",0.217976478975032,-0.591845344274662
"3260",33,1,0.0137608117516097,-11.901175362078,9.37005234703175,65,100,0.217976478975032,-0.591845344274662,33,0,-18.26738,50,0.4,0.6,40,"both",0.217976478975032,-0.591845344274662
"3261",33,1,0.0137608117516097,-11.901175362078,9.37005234703175,65,100,0.217976478975032,-0.591845344274662,33,1,-4.79601,50,0.4,0.6,40,"both",0.217976478975032,-0.591845344274662
"3262",33,1,0.0137608117516097,-11.901175362078,9.37005234703175,65,100,0.217976478975032,-0.591845344274662,33,1,-7.22091,50,0.4,0.6,40,"both",0.217976478975032,-0.591845344274662
"3263",33,1,0.0137608117516097,-11.901175362078,9.37005234703175,65,100,0.217976478975032,-0.591845344274662,33,0,-21.64933,50,0.4,0.6,40,"both",0.217976478975032,-0.591845344274662
"3264",33,1,0.0137608117516097,-11.901175362078,9.37005234703175,65,100,0.217976478975032,-0.591845344274662,33,1,-14.10325,50,0.4,0.6,40,"both",0.217976478975032,-0.591845344274662
"3265",33,1,0.0137608117516097,-11.901175362078,9.37005234703175,65,100,0.217976478975032,-0.591845344274662,33,1,-5.99587,50,0.4,0.6,40,"both",0.217976478975032,-0.591845344274662
"3266",33,1,0.0137608117516097,-11.901175362078,9.37005234703175,65,100,0.217976478975032,-0.591845344274662,33,1,-8.06159,50,0.4,0.6,40,"both",0.217976478975032,-0.591845344274662
"3267",33,1,0.0137608117516097,-11.901175362078,9.37005234703175,65,100,0.217976478975032,-0.591845344274662,33,1,-15.25041,50,0.4,0.6,40,"both",0.217976478975032,-0.591845344274662
"3268",33,1,0.0137608117516097,-11.901175362078,9.37005234703175,65,100,0.217976478975032,-0.591845344274662,33,1,-8.37797,50,0.4,0.6,40,"both",0.217976478975032,-0.591845344274662
"3269",33,1,0.0137608117516097,-11.901175362078,9.37005234703175,65,100,0.217976478975032,-0.591845344274662,33,1,-7.96986,50,0.4,0.6,40,"both",0.217976478975032,-0.591845344274662
"3270",33,1,0.0137608117516097,-11.901175362078,9.37005234703175,65,100,0.217976478975032,-0.591845344274662,33,0,-19.13048,50,0.4,0.6,40,"both",0.217976478975032,-0.591845344274662
"3271",33,1,0.0137608117516097,-11.901175362078,9.37005234703175,65,100,0.217976478975032,-0.591845344274662,33,0,-6.52351,50,0.4,0.6,40,"both",0.217976478975032,-0.591845344274662
"3272",33,1,0.0137608117516097,-11.901175362078,9.37005234703175,65,100,0.217976478975032,-0.591845344274662,33,0,-15.88662,50,0.4,0.6,40,"both",0.217976478975032,-0.591845344274662
"3273",33,1,0.0137608117516097,-11.901175362078,9.37005234703175,65,100,0.217976478975032,-0.591845344274662,33,1,-19.53345,50,0.4,0.6,40,"both",0.217976478975032,-0.591845344274662
"3274",33,1,0.0137608117516097,-11.901175362078,9.37005234703175,65,100,0.217976478975032,-0.591845344274662,33,1,-18.05072,50,0.4,0.6,40,"both",0.217976478975032,-0.591845344274662
"3275",33,1,0.0137608117516097,-11.901175362078,9.37005234703175,65,100,0.217976478975032,-0.591845344274662,33,0,-20.12883,50,0.4,0.6,40,"both",0.217976478975032,-0.591845344274662
"3276",33,1,0.0137608117516097,-11.901175362078,9.37005234703175,65,100,0.217976478975032,-0.591845344274662,33,0,-19.97063,50,0.4,0.6,40,"both",0.217976478975032,-0.591845344274662
"3277",33,1,0.0137608117516097,-11.901175362078,9.37005234703175,65,100,0.217976478975032,-0.591845344274662,33,0,-19.26108,50,0.4,0.6,40,"both",0.217976478975032,-0.591845344274662
"3278",33,1,0.0137608117516097,-11.901175362078,9.37005234703175,65,100,0.217976478975032,-0.591845344274662,33,0,-9.01883,50,0.4,0.6,40,"both",0.217976478975032,-0.591845344274662
"3279",33,1,0.0137608117516097,-11.901175362078,9.37005234703175,65,100,0.217976478975032,-0.591845344274662,33,1,-21.26402,50,0.4,0.6,40,"both",0.217976478975032,-0.591845344274662
"3280",33,1,0.0137608117516097,-11.901175362078,9.37005234703175,65,100,0.217976478975032,-0.591845344274662,33,0,-20.70749,50,0.4,0.6,40,"both",0.217976478975032,-0.591845344274662
"3281",33,1,0.0137608117516097,-11.901175362078,9.37005234703175,65,100,0.217976478975032,-0.591845344274662,33,0,-19.93282,50,0.4,0.6,40,"both",0.217976478975032,-0.591845344274662
"3282",33,1,0.0137608117516097,-11.901175362078,9.37005234703175,65,100,0.217976478975032,-0.591845344274662,33,1,-6.56007,50,0.4,0.6,40,"both",0.217976478975032,-0.591845344274662
"3283",33,1,0.0137608117516097,-11.901175362078,9.37005234703175,65,100,0.217976478975032,-0.591845344274662,33,0,-18.18462,50,0.4,0.6,40,"both",0.217976478975032,-0.591845344274662
"3284",33,1,0.0137608117516097,-11.901175362078,9.37005234703175,65,100,0.217976478975032,-0.591845344274662,33,0,-20.48837,50,0.4,0.6,40,"both",0.217976478975032,-0.591845344274662
"3285",33,1,0.0137608117516097,-11.901175362078,9.37005234703175,65,100,0.217976478975032,-0.591845344274662,33,1,-18.443,50,0.4,0.6,40,"both",0.217976478975032,-0.591845344274662
"3286",33,1,0.0137608117516097,-11.901175362078,9.37005234703175,65,100,0.217976478975032,-0.591845344274662,33,1,-18.32172,50,0.4,0.6,40,"both",0.217976478975032,-0.591845344274662
"3287",33,1,0.0137608117516097,-11.901175362078,9.37005234703175,65,100,0.217976478975032,-0.591845344274662,33,0,-22.46133,50,0.4,0.6,40,"both",0.217976478975032,-0.591845344274662
"3288",33,1,0.0137608117516097,-11.901175362078,9.37005234703175,65,100,0.217976478975032,-0.591845344274662,33,0,-20.00032,50,0.4,0.6,40,"both",0.217976478975032,-0.591845344274662
"3289",33,1,0.0137608117516097,-11.901175362078,9.37005234703175,65,100,0.217976478975032,-0.591845344274662,33,1,-8.83912,50,0.4,0.6,40,"both",0.217976478975032,-0.591845344274662
"3290",33,1,0.0137608117516097,-11.901175362078,9.37005234703175,65,100,0.217976478975032,-0.591845344274662,33,0,-18.14009,50,0.4,0.6,40,"both",0.217976478975032,-0.591845344274662
"3291",33,1,0.0137608117516097,-11.901175362078,9.37005234703175,65,100,0.217976478975032,-0.591845344274662,33,1,-6.65342,50,0.4,0.6,40,"both",0.217976478975032,-0.591845344274662
"3292",33,1,0.0137608117516097,-11.901175362078,9.37005234703175,65,100,0.217976478975032,-0.591845344274662,33,0,-18.46069,50,0.4,0.6,40,"both",0.217976478975032,-0.591845344274662
"3293",33,1,0.0137608117516097,-11.901175362078,9.37005234703175,65,100,0.217976478975032,-0.591845344274662,33,0,-19.90295,50,0.4,0.6,40,"both",0.217976478975032,-0.591845344274662
"3294",33,1,0.0137608117516097,-11.901175362078,9.37005234703175,65,100,0.217976478975032,-0.591845344274662,33,0,-23.5286,50,0.4,0.6,40,"both",0.217976478975032,-0.591845344274662
"3295",33,1,0.0137608117516097,-11.901175362078,9.37005234703175,65,100,0.217976478975032,-0.591845344274662,33,1,-22.31073,50,0.4,0.6,40,"both",0.217976478975032,-0.591845344274662
"3296",33,1,0.0137608117516097,-11.901175362078,9.37005234703175,65,100,0.217976478975032,-0.591845344274662,33,0,-2.94313,50,0.4,0.6,40,"both",0.217976478975032,-0.591845344274662
"3297",33,1,0.0137608117516097,-11.901175362078,9.37005234703175,65,100,0.217976478975032,-0.591845344274662,33,0,-22.46744,50,0.4,0.6,40,"both",0.217976478975032,-0.591845344274662
"3298",33,1,0.0137608117516097,-11.901175362078,9.37005234703175,65,100,0.217976478975032,-0.591845344274662,33,1,-2.3672,50,0.4,0.6,40,"both",0.217976478975032,-0.591845344274662
"3299",33,1,0.0137608117516097,-11.901175362078,9.37005234703175,65,100,0.217976478975032,-0.591845344274662,33,1,-5.4051,50,0.4,0.6,40,"both",0.217976478975032,-0.591845344274662
"3300",33,1,0.0137608117516097,-11.901175362078,9.37005234703175,65,100,0.217976478975032,-0.591845344274662,33,1,-4.44544,50,0.4,0.6,40,"both",0.217976478975032,-0.591845344274662
"3301",34,1,0.0046731765172311,-4.85850284478773,8.18048990802711,67,100,0.217976478975032,-0.591845344274662,34,1,-9.359828733,50,0.4,0.6,40,"both",0.217976478975032,-0.591845344274662
"3302",34,1,0.0046731765172311,-4.85850284478773,8.18048990802711,67,100,0.217976478975032,-0.591845344274662,34,0,-12.20674677253,50,0.4,0.6,40,"both",0.217976478975032,-0.591845344274662
"3303",34,1,0.0046731765172311,-4.85850284478773,8.18048990802711,67,100,0.217976478975032,-0.591845344274662,34,0,-3.9706986699,50,0.4,0.6,40,"both",0.217976478975032,-0.591845344274662
"3304",34,1,0.0046731765172311,-4.85850284478773,8.18048990802711,67,100,0.217976478975032,-0.591845344274662,34,1,3.26745567764,50,0.4,0.6,40,"both",0.217976478975032,-0.591845344274662
"3305",34,1,0.0046731765172311,-4.85850284478773,8.18048990802711,67,100,0.217976478975032,-0.591845344274662,34,0,-26.6763,50,0.4,0.6,40,"both",0.217976478975032,-0.591845344274662
"3306",34,1,0.0046731765172311,-4.85850284478773,8.18048990802711,67,100,0.217976478975032,-0.591845344274662,34,1,-3.32875,50,0.4,0.6,40,"both",0.217976478975032,-0.591845344274662
"3307",34,1,0.0046731765172311,-4.85850284478773,8.18048990802711,67,100,0.217976478975032,-0.591845344274662,34,0,-7.45246,50,0.4,0.6,40,"both",0.217976478975032,-0.591845344274662
"3308",34,1,0.0046731765172311,-4.85850284478773,8.18048990802711,67,100,0.217976478975032,-0.591845344274662,34,0,-2.38859,50,0.4,0.6,40,"both",0.217976478975032,-0.591845344274662
"3309",34,1,0.0046731765172311,-4.85850284478773,8.18048990802711,67,100,0.217976478975032,-0.591845344274662,34,0,-30.70225,50,0.4,0.6,40,"both",0.217976478975032,-0.591845344274662
"3310",34,1,0.0046731765172311,-4.85850284478773,8.18048990802711,67,100,0.217976478975032,-0.591845344274662,34,0,-19.31434,50,0.4,0.6,40,"both",0.217976478975032,-0.591845344274662
"3311",34,1,0.0046731765172311,-4.85850284478773,8.18048990802711,67,100,0.217976478975032,-0.591845344274662,34,1,-0.5858207971,50,0.4,0.6,40,"both",0.217976478975032,-0.591845344274662
"3312",34,1,0.0046731765172311,-4.85850284478773,8.18048990802711,67,100,0.217976478975032,-0.591845344274662,34,1,-6.30485,50,0.4,0.6,40,"both",0.217976478975032,-0.591845344274662
"3313",34,1,0.0046731765172311,-4.85850284478773,8.18048990802711,67,100,0.217976478975032,-0.591845344274662,34,1,-2.27667,50,0.4,0.6,40,"both",0.217976478975032,-0.591845344274662
"3314",34,1,0.0046731765172311,-4.85850284478773,8.18048990802711,67,100,0.217976478975032,-0.591845344274662,34,0,-28.44682,50,0.4,0.6,40,"both",0.217976478975032,-0.591845344274662
"3315",34,1,0.0046731765172311,-4.85850284478773,8.18048990802711,67,100,0.217976478975032,-0.591845344274662,34,1,-2.857,50,0.4,0.6,40,"both",0.217976478975032,-0.591845344274662
"3316",34,1,0.0046731765172311,-4.85850284478773,8.18048990802711,67,100,0.217976478975032,-0.591845344274662,34,0,-2.42684,50,0.4,0.6,40,"both",0.217976478975032,-0.591845344274662
"3317",34,1,0.0046731765172311,-4.85850284478773,8.18048990802711,67,100,0.217976478975032,-0.591845344274662,34,0,-37.51784,50,0.4,0.6,40,"both",0.217976478975032,-0.591845344274662
"3318",34,1,0.0046731765172311,-4.85850284478773,8.18048990802711,67,100,0.217976478975032,-0.591845344274662,34,1,13.05939,50,0.4,0.6,40,"both",0.217976478975032,-0.591845344274662
"3319",34,1,0.0046731765172311,-4.85850284478773,8.18048990802711,67,100,0.217976478975032,-0.591845344274662,34,1,-1.55545,50,0.4,0.6,40,"both",0.217976478975032,-0.591845344274662
"3320",34,1,0.0046731765172311,-4.85850284478773,8.18048990802711,67,100,0.217976478975032,-0.591845344274662,34,0,-11.99224,50,0.4,0.6,40,"both",0.217976478975032,-0.591845344274662
"3321",34,1,0.0046731765172311,-4.85850284478773,8.18048990802711,67,100,0.217976478975032,-0.591845344274662,34,1,-9.45898,50,0.4,0.6,40,"both",0.217976478975032,-0.591845344274662
"3322",34,1,0.0046731765172311,-4.85850284478773,8.18048990802711,67,100,0.217976478975032,-0.591845344274662,34,1,2.71009,50,0.4,0.6,40,"both",0.217976478975032,-0.591845344274662
"3323",34,1,0.0046731765172311,-4.85850284478773,8.18048990802711,67,100,0.217976478975032,-0.591845344274662,34,1,-2.82658,50,0.4,0.6,40,"both",0.217976478975032,-0.591845344274662
"3324",34,1,0.0046731765172311,-4.85850284478773,8.18048990802711,67,100,0.217976478975032,-0.591845344274662,34,0,-12.37915,50,0.4,0.6,40,"both",0.217976478975032,-0.591845344274662
"3325",34,1,0.0046731765172311,-4.85850284478773,8.18048990802711,67,100,0.217976478975032,-0.591845344274662,34,0,-8.73908,50,0.4,0.6,40,"both",0.217976478975032,-0.591845344274662
"3326",34,1,0.0046731765172311,-4.85850284478773,8.18048990802711,67,100,0.217976478975032,-0.591845344274662,34,1,7.68701,50,0.4,0.6,40,"both",0.217976478975032,-0.591845344274662
"3327",34,1,0.0046731765172311,-4.85850284478773,8.18048990802711,67,100,0.217976478975032,-0.591845344274662,34,0,-4.20485,50,0.4,0.6,40,"both",0.217976478975032,-0.591845344274662
"3328",34,1,0.0046731765172311,-4.85850284478773,8.18048990802711,67,100,0.217976478975032,-0.591845344274662,34,0,-12.65282,50,0.4,0.6,40,"both",0.217976478975032,-0.591845344274662
"3329",34,1,0.0046731765172311,-4.85850284478773,8.18048990802711,67,100,0.217976478975032,-0.591845344274662,34,1,13.0415,50,0.4,0.6,40,"both",0.217976478975032,-0.591845344274662
"3330",34,1,0.0046731765172311,-4.85850284478773,8.18048990802711,67,100,0.217976478975032,-0.591845344274662,34,0,-12.29044,50,0.4,0.6,40,"both",0.217976478975032,-0.591845344274662
"3331",34,1,0.0046731765172311,-4.85850284478773,8.18048990802711,67,100,0.217976478975032,-0.591845344274662,34,0,-9.46498,50,0.4,0.6,40,"both",0.217976478975032,-0.591845344274662
"3332",34,1,0.0046731765172311,-4.85850284478773,8.18048990802711,67,100,0.217976478975032,-0.591845344274662,34,0,-0.754259999999999,50,0.4,0.6,40,"both",0.217976478975032,-0.591845344274662
"3333",34,1,0.0046731765172311,-4.85850284478773,8.18048990802711,67,100,0.217976478975032,-0.591845344274662,34,1,-5.69845,50,0.4,0.6,40,"both",0.217976478975032,-0.591845344274662
"3334",34,1,0.0046731765172311,-4.85850284478773,8.18048990802711,67,100,0.217976478975032,-0.591845344274662,34,1,-1.74747,50,0.4,0.6,40,"both",0.217976478975032,-0.591845344274662
"3335",34,1,0.0046731765172311,-4.85850284478773,8.18048990802711,67,100,0.217976478975032,-0.591845344274662,34,0,-10.90864,50,0.4,0.6,40,"both",0.217976478975032,-0.591845344274662
"3336",34,1,0.0046731765172311,-4.85850284478773,8.18048990802711,67,100,0.217976478975032,-0.591845344274662,34,0,-13.62442,50,0.4,0.6,40,"both",0.217976478975032,-0.591845344274662
"3337",34,1,0.0046731765172311,-4.85850284478773,8.18048990802711,67,100,0.217976478975032,-0.591845344274662,34,1,0.95605,50,0.4,0.6,40,"both",0.217976478975032,-0.591845344274662
"3338",34,1,0.0046731765172311,-4.85850284478773,8.18048990802711,67,100,0.217976478975032,-0.591845344274662,34,0,-14.73444,50,0.4,0.6,40,"both",0.217976478975032,-0.591845344274662
"3339",34,1,0.0046731765172311,-4.85850284478773,8.18048990802711,67,100,0.217976478975032,-0.591845344274662,34,1,-1.49976,50,0.4,0.6,40,"both",0.217976478975032,-0.591845344274662
"3340",34,1,0.0046731765172311,-4.85850284478773,8.18048990802711,67,100,0.217976478975032,-0.591845344274662,34,0,-9.53929,50,0.4,0.6,40,"both",0.217976478975032,-0.591845344274662
"3341",34,1,0.0046731765172311,-4.85850284478773,8.18048990802711,67,100,0.217976478975032,-0.591845344274662,34,0,-8.40641,50,0.4,0.6,40,"both",0.217976478975032,-0.591845344274662
"3342",34,1,0.0046731765172311,-4.85850284478773,8.18048990802711,67,100,0.217976478975032,-0.591845344274662,34,0,-5.80213,50,0.4,0.6,40,"both",0.217976478975032,-0.591845344274662
"3343",34,1,0.0046731765172311,-4.85850284478773,8.18048990802711,67,100,0.217976478975032,-0.591845344274662,34,1,-1.42192,50,0.4,0.6,40,"both",0.217976478975032,-0.591845344274662
"3344",34,1,0.0046731765172311,-4.85850284478773,8.18048990802711,67,100,0.217976478975032,-0.591845344274662,34,0,-7.51891,50,0.4,0.6,40,"both",0.217976478975032,-0.591845344274662
"3345",34,1,0.0046731765172311,-4.85850284478773,8.18048990802711,67,100,0.217976478975032,-0.591845344274662,34,0,-13.00518,50,0.4,0.6,40,"both",0.217976478975032,-0.591845344274662
"3346",34,1,0.0046731765172311,-4.85850284478773,8.18048990802711,67,100,0.217976478975032,-0.591845344274662,34,0,-12.32792,50,0.4,0.6,40,"both",0.217976478975032,-0.591845344274662
"3347",34,1,0.0046731765172311,-4.85850284478773,8.18048990802711,67,100,0.217976478975032,-0.591845344274662,34,1,-0.00272999999999968,50,0.4,0.6,40,"both",0.217976478975032,-0.591845344274662
"3348",34,1,0.0046731765172311,-4.85850284478773,8.18048990802711,67,100,0.217976478975032,-0.591845344274662,34,1,-1.36133,50,0.4,0.6,40,"both",0.217976478975032,-0.591845344274662
"3349",34,1,0.0046731765172311,-4.85850284478773,8.18048990802711,67,100,0.217976478975032,-0.591845344274662,34,1,2.71507,50,0.4,0.6,40,"both",0.217976478975032,-0.591845344274662
"3350",34,1,0.0046731765172311,-4.85850284478773,8.18048990802711,67,100,0.217976478975032,-0.591845344274662,34,1,0.0213700000000001,50,0.4,0.6,40,"both",0.217976478975032,-0.591845344274662
"3351",34,1,0.0046731765172311,-4.85850284478773,8.18048990802711,67,100,0.217976478975032,-0.591845344274662,34,0,-9.48615,50,0.4,0.6,40,"both",0.217976478975032,-0.591845344274662
"3352",34,1,0.0046731765172311,-4.85850284478773,8.18048990802711,67,100,0.217976478975032,-0.591845344274662,34,0,-9.29354,50,0.4,0.6,40,"both",0.217976478975032,-0.591845344274662
"3353",34,1,0.0046731765172311,-4.85850284478773,8.18048990802711,67,100,0.217976478975032,-0.591845344274662,34,1,2.42837,50,0.4,0.6,40,"both",0.217976478975032,-0.591845344274662
"3354",34,1,0.0046731765172311,-4.85850284478773,8.18048990802711,67,100,0.217976478975032,-0.591845344274662,34,0,-11.00814,50,0.4,0.6,40,"both",0.217976478975032,-0.591845344274662
"3355",34,1,0.0046731765172311,-4.85850284478773,8.18048990802711,67,100,0.217976478975032,-0.591845344274662,34,0,-8.70517,50,0.4,0.6,40,"both",0.217976478975032,-0.591845344274662
"3356",34,1,0.0046731765172311,-4.85850284478773,8.18048990802711,67,100,0.217976478975032,-0.591845344274662,34,0,-14.1155,50,0.4,0.6,40,"both",0.217976478975032,-0.591845344274662
"3357",34,1,0.0046731765172311,-4.85850284478773,8.18048990802711,67,100,0.217976478975032,-0.591845344274662,34,1,-8.7902,50,0.4,0.6,40,"both",0.217976478975032,-0.591845344274662
"3358",34,1,0.0046731765172311,-4.85850284478773,8.18048990802711,67,100,0.217976478975032,-0.591845344274662,34,1,-1.64958,50,0.4,0.6,40,"both",0.217976478975032,-0.591845344274662
"3359",34,1,0.0046731765172311,-4.85850284478773,8.18048990802711,67,100,0.217976478975032,-0.591845344274662,34,0,-2.22705,50,0.4,0.6,40,"both",0.217976478975032,-0.591845344274662
"3360",34,1,0.0046731765172311,-4.85850284478773,8.18048990802711,67,100,0.217976478975032,-0.591845344274662,34,1,-1.16936,50,0.4,0.6,40,"both",0.217976478975032,-0.591845344274662
"3361",34,1,0.0046731765172311,-4.85850284478773,8.18048990802711,67,100,0.217976478975032,-0.591845344274662,34,1,-1.19996,50,0.4,0.6,40,"both",0.217976478975032,-0.591845344274662
"3362",34,1,0.0046731765172311,-4.85850284478773,8.18048990802711,67,100,0.217976478975032,-0.591845344274662,34,0,-3.44494,50,0.4,0.6,40,"both",0.217976478975032,-0.591845344274662
"3363",34,1,0.0046731765172311,-4.85850284478773,8.18048990802711,67,100,0.217976478975032,-0.591845344274662,34,0,-8.41612,50,0.4,0.6,40,"both",0.217976478975032,-0.591845344274662
"3364",34,1,0.0046731765172311,-4.85850284478773,8.18048990802711,67,100,0.217976478975032,-0.591845344274662,34,0,-7.89522,50,0.4,0.6,40,"both",0.217976478975032,-0.591845344274662
"3365",34,1,0.0046731765172311,-4.85850284478773,8.18048990802711,67,100,0.217976478975032,-0.591845344274662,34,0,-8.18064,50,0.4,0.6,40,"both",0.217976478975032,-0.591845344274662
"3366",34,1,0.0046731765172311,-4.85850284478773,8.18048990802711,67,100,0.217976478975032,-0.591845344274662,34,0,-7.96178,50,0.4,0.6,40,"both",0.217976478975032,-0.591845344274662
"3367",34,1,0.0046731765172311,-4.85850284478773,8.18048990802711,67,100,0.217976478975032,-0.591845344274662,34,0,-6.22474,50,0.4,0.6,40,"both",0.217976478975032,-0.591845344274662
"3368",34,1,0.0046731765172311,-4.85850284478773,8.18048990802711,67,100,0.217976478975032,-0.591845344274662,34,1,-1.76804,50,0.4,0.6,40,"both",0.217976478975032,-0.591845344274662
"3369",34,1,0.0046731765172311,-4.85850284478773,8.18048990802711,67,100,0.217976478975032,-0.591845344274662,34,0,-10.45196,50,0.4,0.6,40,"both",0.217976478975032,-0.591845344274662
"3370",34,1,0.0046731765172311,-4.85850284478773,8.18048990802711,67,100,0.217976478975032,-0.591845344274662,34,1,-0.77631,50,0.4,0.6,40,"both",0.217976478975032,-0.591845344274662
"3371",34,1,0.0046731765172311,-4.85850284478773,8.18048990802711,67,100,0.217976478975032,-0.591845344274662,34,1,0.01884,50,0.4,0.6,40,"both",0.217976478975032,-0.591845344274662
"3372",34,1,0.0046731765172311,-4.85850284478773,8.18048990802711,67,100,0.217976478975032,-0.591845344274662,34,1,-1.59239,50,0.4,0.6,40,"both",0.217976478975032,-0.591845344274662
"3373",34,1,0.0046731765172311,-4.85850284478773,8.18048990802711,67,100,0.217976478975032,-0.591845344274662,34,1,-6.65923,50,0.4,0.6,40,"both",0.217976478975032,-0.591845344274662
"3374",34,1,0.0046731765172311,-4.85850284478773,8.18048990802711,67,100,0.217976478975032,-0.591845344274662,34,0,-8.25084,50,0.4,0.6,40,"both",0.217976478975032,-0.591845344274662
"3375",34,1,0.0046731765172311,-4.85850284478773,8.18048990802711,67,100,0.217976478975032,-0.591845344274662,34,0,-10.28221,50,0.4,0.6,40,"both",0.217976478975032,-0.591845344274662
"3376",34,1,0.0046731765172311,-4.85850284478773,8.18048990802711,67,100,0.217976478975032,-0.591845344274662,34,0,-7.87473,50,0.4,0.6,40,"both",0.217976478975032,-0.591845344274662
"3377",34,1,0.0046731765172311,-4.85850284478773,8.18048990802711,67,100,0.217976478975032,-0.591845344274662,34,0,-7.86053,50,0.4,0.6,40,"both",0.217976478975032,-0.591845344274662
"3378",34,1,0.0046731765172311,-4.85850284478773,8.18048990802711,67,100,0.217976478975032,-0.591845344274662,34,1,-0.14639,50,0.4,0.6,40,"both",0.217976478975032,-0.591845344274662
"3379",34,1,0.0046731765172311,-4.85850284478773,8.18048990802711,67,100,0.217976478975032,-0.591845344274662,34,0,-6.58783,50,0.4,0.6,40,"both",0.217976478975032,-0.591845344274662
"3380",34,1,0.0046731765172311,-4.85850284478773,8.18048990802711,67,100,0.217976478975032,-0.591845344274662,34,1,-0.95539,50,0.4,0.6,40,"both",0.217976478975032,-0.591845344274662
"3381",34,1,0.0046731765172311,-4.85850284478773,8.18048990802711,67,100,0.217976478975032,-0.591845344274662,34,0,-0.28478,50,0.4,0.6,40,"both",0.217976478975032,-0.591845344274662
"3382",34,1,0.0046731765172311,-4.85850284478773,8.18048990802711,67,100,0.217976478975032,-0.591845344274662,34,1,1.13923,50,0.4,0.6,40,"both",0.217976478975032,-0.591845344274662
"3383",34,1,0.0046731765172311,-4.85850284478773,8.18048990802711,67,100,0.217976478975032,-0.591845344274662,34,1,2.78967,50,0.4,0.6,40,"both",0.217976478975032,-0.591845344274662
"3384",34,1,0.0046731765172311,-4.85850284478773,8.18048990802711,67,100,0.217976478975032,-0.591845344274662,34,1,0.004,50,0.4,0.6,40,"both",0.217976478975032,-0.591845344274662
"3385",34,1,0.0046731765172311,-4.85850284478773,8.18048990802711,67,100,0.217976478975032,-0.591845344274662,34,0,-2.09145,50,0.4,0.6,40,"both",0.217976478975032,-0.591845344274662
"3386",34,1,0.0046731765172311,-4.85850284478773,8.18048990802711,67,100,0.217976478975032,-0.591845344274662,34,0,-7.66457,50,0.4,0.6,40,"both",0.217976478975032,-0.591845344274662
"3387",34,1,0.0046731765172311,-4.85850284478773,8.18048990802711,67,100,0.217976478975032,-0.591845344274662,34,1,2.10484,50,0.4,0.6,40,"both",0.217976478975032,-0.591845344274662
"3388",34,1,0.0046731765172311,-4.85850284478773,8.18048990802711,67,100,0.217976478975032,-0.591845344274662,34,0,-2.70876,50,0.4,0.6,40,"both",0.217976478975032,-0.591845344274662
"3389",34,1,0.0046731765172311,-4.85850284478773,8.18048990802711,67,100,0.217976478975032,-0.591845344274662,34,0,0.37793,50,0.4,0.6,40,"both",0.217976478975032,-0.591845344274662
"3390",34,1,0.0046731765172311,-4.85850284478773,8.18048990802711,67,100,0.217976478975032,-0.591845344274662,34,1,-8.10153,50,0.4,0.6,40,"both",0.217976478975032,-0.591845344274662
"3391",34,1,0.0046731765172311,-4.85850284478773,8.18048990802711,67,100,0.217976478975032,-0.591845344274662,34,1,0.41615,50,0.4,0.6,40,"both",0.217976478975032,-0.591845344274662
"3392",34,1,0.0046731765172311,-4.85850284478773,8.18048990802711,67,100,0.217976478975032,-0.591845344274662,34,1,0.42458,50,0.4,0.6,40,"both",0.217976478975032,-0.591845344274662
"3393",34,1,0.0046731765172311,-4.85850284478773,8.18048990802711,67,100,0.217976478975032,-0.591845344274662,34,1,-0.38786,50,0.4,0.6,40,"both",0.217976478975032,-0.591845344274662
"3394",34,1,0.0046731765172311,-4.85850284478773,8.18048990802711,67,100,0.217976478975032,-0.591845344274662,34,0,-6.3491,50,0.4,0.6,40,"both",0.217976478975032,-0.591845344274662
"3395",34,1,0.0046731765172311,-4.85850284478773,8.18048990802711,67,100,0.217976478975032,-0.591845344274662,34,0,-8.31029,50,0.4,0.6,40,"both",0.217976478975032,-0.591845344274662
"3396",34,1,0.0046731765172311,-4.85850284478773,8.18048990802711,67,100,0.217976478975032,-0.591845344274662,34,1,0.43338,50,0.4,0.6,40,"both",0.217976478975032,-0.591845344274662
"3397",34,1,0.0046731765172311,-4.85850284478773,8.18048990802711,67,100,0.217976478975032,-0.591845344274662,34,1,-8.06109,50,0.4,0.6,40,"both",0.217976478975032,-0.591845344274662
"3398",34,1,0.0046731765172311,-4.85850284478773,8.18048990802711,67,100,0.217976478975032,-0.591845344274662,34,0,-10.23699,50,0.4,0.6,40,"both",0.217976478975032,-0.591845344274662
"3399",34,1,0.0046731765172311,-4.85850284478773,8.18048990802711,67,100,0.217976478975032,-0.591845344274662,34,0,-8.689,50,0.4,0.6,40,"both",0.217976478975032,-0.591845344274662
"3400",34,1,0.0046731765172311,-4.85850284478773,8.18048990802711,67,100,0.217976478975032,-0.591845344274662,34,1,-2.82893,50,0.4,0.6,40,"both",0.217976478975032,-0.591845344274662
"3401",35,1,0.00556710384629805,-9.74497467284535,10.2157055701834,69,100,0.217976478975032,-0.591845344274662,35,1,10.010347112,50,0.4,0.6,40,"both",0.217976478975032,-0.591845344274662
"3402",35,1,0.00556710384629805,-9.74497467284535,10.2157055701834,69,100,0.217976478975032,-0.591845344274662,35,1,-5.127284654,50,0.4,0.6,40,"both",0.217976478975032,-0.591845344274662
"3403",35,1,0.00556710384629805,-9.74497467284535,10.2157055701834,69,100,0.217976478975032,-0.591845344274662,35,0,-13.3018820476,50,0.4,0.6,40,"both",0.217976478975032,-0.591845344274662
"3404",35,1,0.00556710384629805,-9.74497467284535,10.2157055701834,69,100,0.217976478975032,-0.591845344274662,35,1,-7.4274501615,50,0.4,0.6,40,"both",0.217976478975032,-0.591845344274662
"3405",35,1,0.00556710384629805,-9.74497467284535,10.2157055701834,69,100,0.217976478975032,-0.591845344274662,35,1,-15.99851,50,0.4,0.6,40,"both",0.217976478975032,-0.591845344274662
"3406",35,1,0.00556710384629805,-9.74497467284535,10.2157055701834,69,100,0.217976478975032,-0.591845344274662,35,0,-23.32883,50,0.4,0.6,40,"both",0.217976478975032,-0.591845344274662
"3407",35,1,0.00556710384629805,-9.74497467284535,10.2157055701834,69,100,0.217976478975032,-0.591845344274662,35,1,4.0509,50,0.4,0.6,40,"both",0.217976478975032,-0.591845344274662
"3408",35,1,0.00556710384629805,-9.74497467284535,10.2157055701834,69,100,0.217976478975032,-0.591845344274662,35,0,-14.77534,50,0.4,0.6,40,"both",0.217976478975032,-0.591845344274662
"3409",35,1,0.00556710384629805,-9.74497467284535,10.2157055701834,69,100,0.217976478975032,-0.591845344274662,35,1,-11.97623,50,0.4,0.6,40,"both",0.217976478975032,-0.591845344274662
"3410",35,1,0.00556710384629805,-9.74497467284535,10.2157055701834,69,100,0.217976478975032,-0.591845344274662,35,1,-13.18915424,50,0.4,0.6,40,"both",0.217976478975032,-0.591845344274662
"3411",35,1,0.00556710384629805,-9.74497467284535,10.2157055701834,69,100,0.217976478975032,-0.591845344274662,35,1,-27.85853,50,0.4,0.6,40,"both",0.217976478975032,-0.591845344274662
"3412",35,1,0.00556710384629805,-9.74497467284535,10.2157055701834,69,100,0.217976478975032,-0.591845344274662,35,0,-16.778,50,0.4,0.6,40,"both",0.217976478975032,-0.591845344274662
"3413",35,1,0.00556710384629805,-9.74497467284535,10.2157055701834,69,100,0.217976478975032,-0.591845344274662,35,0,-15.905006809,50,0.4,0.6,40,"both",0.217976478975032,-0.591845344274662
"3414",35,1,0.00556710384629805,-9.74497467284535,10.2157055701834,69,100,0.217976478975032,-0.591845344274662,35,1,-2.0831,50,0.4,0.6,40,"both",0.217976478975032,-0.591845344274662
"3415",35,1,0.00556710384629805,-9.74497467284535,10.2157055701834,69,100,0.217976478975032,-0.591845344274662,35,0,-25.08538,50,0.4,0.6,40,"both",0.217976478975032,-0.591845344274662
"3416",35,1,0.00556710384629805,-9.74497467284535,10.2157055701834,69,100,0.217976478975032,-0.591845344274662,35,1,-23.08661,50,0.4,0.6,40,"both",0.217976478975032,-0.591845344274662
"3417",35,1,0.00556710384629805,-9.74497467284535,10.2157055701834,69,100,0.217976478975032,-0.591845344274662,35,1,12.20179,50,0.4,0.6,40,"both",0.217976478975032,-0.591845344274662
"3418",35,1,0.00556710384629805,-9.74497467284535,10.2157055701834,69,100,0.217976478975032,-0.591845344274662,35,1,17.6012,50,0.4,0.6,40,"both",0.217976478975032,-0.591845344274662
"3419",35,1,0.00556710384629805,-9.74497467284535,10.2157055701834,69,100,0.217976478975032,-0.591845344274662,35,0,-16.71013416,50,0.4,0.6,40,"both",0.217976478975032,-0.591845344274662
"3420",35,1,0.00556710384629805,-9.74497467284535,10.2157055701834,69,100,0.217976478975032,-0.591845344274662,35,1,-17.94912,50,0.4,0.6,40,"both",0.217976478975032,-0.591845344274662
"3421",35,1,0.00556710384629805,-9.74497467284535,10.2157055701834,69,100,0.217976478975032,-0.591845344274662,35,0,-17.35652886,50,0.4,0.6,40,"both",0.217976478975032,-0.591845344274662
"3422",35,1,0.00556710384629805,-9.74497467284535,10.2157055701834,69,100,0.217976478975032,-0.591845344274662,35,0,-17.22042,50,0.4,0.6,40,"both",0.217976478975032,-0.591845344274662
"3423",35,1,0.00556710384629805,-9.74497467284535,10.2157055701834,69,100,0.217976478975032,-0.591845344274662,35,0,-11.38243,50,0.4,0.6,40,"both",0.217976478975032,-0.591845344274662
"3424",35,1,0.00556710384629805,-9.74497467284535,10.2157055701834,69,100,0.217976478975032,-0.591845344274662,35,1,-4.95839,50,0.4,0.6,40,"both",0.217976478975032,-0.591845344274662
"3425",35,1,0.00556710384629805,-9.74497467284535,10.2157055701834,69,100,0.217976478975032,-0.591845344274662,35,0,-11.89995,50,0.4,0.6,40,"both",0.217976478975032,-0.591845344274662
"3426",35,1,0.00556710384629805,-9.74497467284535,10.2157055701834,69,100,0.217976478975032,-0.591845344274662,35,0,-16.792203903,50,0.4,0.6,40,"both",0.217976478975032,-0.591845344274662
"3427",35,1,0.00556710384629805,-9.74497467284535,10.2157055701834,69,100,0.217976478975032,-0.591845344274662,35,0,-13.04132,50,0.4,0.6,40,"both",0.217976478975032,-0.591845344274662
"3428",35,1,0.00556710384629805,-9.74497467284535,10.2157055701834,69,100,0.217976478975032,-0.591845344274662,35,1,-7.45939,50,0.4,0.6,40,"both",0.217976478975032,-0.591845344274662
"3429",35,1,0.00556710384629805,-9.74497467284535,10.2157055701834,69,100,0.217976478975032,-0.591845344274662,35,0,-10.82882953,50,0.4,0.6,40,"both",0.217976478975032,-0.591845344274662
"3430",35,1,0.00556710384629805,-9.74497467284535,10.2157055701834,69,100,0.217976478975032,-0.591845344274662,35,0,-13.30939,50,0.4,0.6,40,"both",0.217976478975032,-0.591845344274662
"3431",35,1,0.00556710384629805,-9.74497467284535,10.2157055701834,69,100,0.217976478975032,-0.591845344274662,35,1,-4.48958,50,0.4,0.6,40,"both",0.217976478975032,-0.591845344274662
"3432",35,1,0.00556710384629805,-9.74497467284535,10.2157055701834,69,100,0.217976478975032,-0.591845344274662,35,1,8.3043,50,0.4,0.6,40,"both",0.217976478975032,-0.591845344274662
"3433",35,1,0.00556710384629805,-9.74497467284535,10.2157055701834,69,100,0.217976478975032,-0.591845344274662,35,1,-12.63354,50,0.4,0.6,40,"both",0.217976478975032,-0.591845344274662
"3434",35,1,0.00556710384629805,-9.74497467284535,10.2157055701834,69,100,0.217976478975032,-0.591845344274662,35,0,7.66893,50,0.4,0.6,40,"both",0.217976478975032,-0.591845344274662
"3435",35,1,0.00556710384629805,-9.74497467284535,10.2157055701834,69,100,0.217976478975032,-0.591845344274662,35,0,-5.96884,50,0.4,0.6,40,"both",0.217976478975032,-0.591845344274662
"3436",35,1,0.00556710384629805,-9.74497467284535,10.2157055701834,69,100,0.217976478975032,-0.591845344274662,35,1,0.55371,50,0.4,0.6,40,"both",0.217976478975032,-0.591845344274662
"3437",35,1,0.00556710384629805,-9.74497467284535,10.2157055701834,69,100,0.217976478975032,-0.591845344274662,35,0,-3.1148,50,0.4,0.6,40,"both",0.217976478975032,-0.591845344274662
"3438",35,1,0.00556710384629805,-9.74497467284535,10.2157055701834,69,100,0.217976478975032,-0.591845344274662,35,1,11.8006,50,0.4,0.6,40,"both",0.217976478975032,-0.591845344274662
"3439",35,1,0.00556710384629805,-9.74497467284535,10.2157055701834,69,100,0.217976478975032,-0.591845344274662,35,0,-4.429101,50,0.4,0.6,40,"both",0.217976478975032,-0.591845344274662
"3440",35,1,0.00556710384629805,-9.74497467284535,10.2157055701834,69,100,0.217976478975032,-0.591845344274662,35,1,-19.71628,50,0.4,0.6,40,"both",0.217976478975032,-0.591845344274662
"3441",35,1,0.00556710384629805,-9.74497467284535,10.2157055701834,69,100,0.217976478975032,-0.591845344274662,35,0,-45.964,50,0.4,0.6,40,"both",0.217976478975032,-0.591845344274662
"3442",35,1,0.00556710384629805,-9.74497467284535,10.2157055701834,69,100,0.217976478975032,-0.591845344274662,35,0,-8.68661537276,50,0.4,0.6,40,"both",0.217976478975032,-0.591845344274662
"3443",35,1,0.00556710384629805,-9.74497467284535,10.2157055701834,69,100,0.217976478975032,-0.591845344274662,35,0,-42.5068,50,0.4,0.6,40,"both",0.217976478975032,-0.591845344274662
"3444",35,1,0.00556710384629805,-9.74497467284535,10.2157055701834,69,100,0.217976478975032,-0.591845344274662,35,1,-7.72935,50,0.4,0.6,40,"both",0.217976478975032,-0.591845344274662
"3445",35,1,0.00556710384629805,-9.74497467284535,10.2157055701834,69,100,0.217976478975032,-0.591845344274662,35,0,-18.15113,50,0.4,0.6,40,"both",0.217976478975032,-0.591845344274662
"3446",35,1,0.00556710384629805,-9.74497467284535,10.2157055701834,69,100,0.217976478975032,-0.591845344274662,35,0,-36.7833,50,0.4,0.6,40,"both",0.217976478975032,-0.591845344274662
"3447",35,1,0.00556710384629805,-9.74497467284535,10.2157055701834,69,100,0.217976478975032,-0.591845344274662,35,0,-10.99437,50,0.4,0.6,40,"both",0.217976478975032,-0.591845344274662
"3448",35,1,0.00556710384629805,-9.74497467284535,10.2157055701834,69,100,0.217976478975032,-0.591845344274662,35,1,13.35427,50,0.4,0.6,40,"both",0.217976478975032,-0.591845344274662
"3449",35,1,0.00556710384629805,-9.74497467284535,10.2157055701834,69,100,0.217976478975032,-0.591845344274662,35,1,5.8795,50,0.4,0.6,40,"both",0.217976478975032,-0.591845344274662
"3450",35,1,0.00556710384629805,-9.74497467284535,10.2157055701834,69,100,0.217976478975032,-0.591845344274662,35,0,-44.04043,50,0.4,0.6,40,"both",0.217976478975032,-0.591845344274662
"3451",35,1,0.00556710384629805,-9.74497467284535,10.2157055701834,69,100,0.217976478975032,-0.591845344274662,35,0,-11.89583,50,0.4,0.6,40,"both",0.217976478975032,-0.591845344274662
"3452",35,1,0.00556710384629805,-9.74497467284535,10.2157055701834,69,100,0.217976478975032,-0.591845344274662,35,1,-6.59993,50,0.4,0.6,40,"both",0.217976478975032,-0.591845344274662
"3453",35,1,0.00556710384629805,-9.74497467284535,10.2157055701834,69,100,0.217976478975032,-0.591845344274662,35,1,25.41797,50,0.4,0.6,40,"both",0.217976478975032,-0.591845344274662
"3454",35,1,0.00556710384629805,-9.74497467284535,10.2157055701834,69,100,0.217976478975032,-0.591845344274662,35,0,-19.82679,50,0.4,0.6,40,"both",0.217976478975032,-0.591845344274662
"3455",35,1,0.00556710384629805,-9.74497467284535,10.2157055701834,69,100,0.217976478975032,-0.591845344274662,35,0,-31.1191,50,0.4,0.6,40,"both",0.217976478975032,-0.591845344274662
"3456",35,1,0.00556710384629805,-9.74497467284535,10.2157055701834,69,100,0.217976478975032,-0.591845344274662,35,1,4.15861,50,0.4,0.6,40,"both",0.217976478975032,-0.591845344274662
"3457",35,1,0.00556710384629805,-9.74497467284535,10.2157055701834,69,100,0.217976478975032,-0.591845344274662,35,0,-17.2886,50,0.4,0.6,40,"both",0.217976478975032,-0.591845344274662
"3458",35,1,0.00556710384629805,-9.74497467284535,10.2157055701834,69,100,0.217976478975032,-0.591845344274662,35,1,-14.65427,50,0.4,0.6,40,"both",0.217976478975032,-0.591845344274662
"3459",35,1,0.00556710384629805,-9.74497467284535,10.2157055701834,69,100,0.217976478975032,-0.591845344274662,35,1,-22.4188,50,0.4,0.6,40,"both",0.217976478975032,-0.591845344274662
"3460",35,1,0.00556710384629805,-9.74497467284535,10.2157055701834,69,100,0.217976478975032,-0.591845344274662,35,0,-35.1951,50,0.4,0.6,40,"both",0.217976478975032,-0.591845344274662
"3461",35,1,0.00556710384629805,-9.74497467284535,10.2157055701834,69,100,0.217976478975032,-0.591845344274662,35,0,-44.36849,50,0.4,0.6,40,"both",0.217976478975032,-0.591845344274662
"3462",35,1,0.00556710384629805,-9.74497467284535,10.2157055701834,69,100,0.217976478975032,-0.591845344274662,35,0,-21.6733,50,0.4,0.6,40,"both",0.217976478975032,-0.591845344274662
"3463",35,1,0.00556710384629805,-9.74497467284535,10.2157055701834,69,100,0.217976478975032,-0.591845344274662,35,0,-20.6409,50,0.4,0.6,40,"both",0.217976478975032,-0.591845344274662
"3464",35,1,0.00556710384629805,-9.74497467284535,10.2157055701834,69,100,0.217976478975032,-0.591845344274662,35,1,0.1381,50,0.4,0.6,40,"both",0.217976478975032,-0.591845344274662
"3465",35,1,0.00556710384629805,-9.74497467284535,10.2157055701834,69,100,0.217976478975032,-0.591845344274662,35,0,8.22067,50,0.4,0.6,40,"both",0.217976478975032,-0.591845344274662
"3466",35,1,0.00556710384629805,-9.74497467284535,10.2157055701834,69,100,0.217976478975032,-0.591845344274662,35,1,15.6778,50,0.4,0.6,40,"both",0.217976478975032,-0.591845344274662
"3467",35,1,0.00556710384629805,-9.74497467284535,10.2157055701834,69,100,0.217976478975032,-0.591845344274662,35,0,-25.0054,50,0.4,0.6,40,"both",0.217976478975032,-0.591845344274662
"3468",35,1,0.00556710384629805,-9.74497467284535,10.2157055701834,69,100,0.217976478975032,-0.591845344274662,35,1,15.85264,50,0.4,0.6,40,"both",0.217976478975032,-0.591845344274662
"3469",35,1,0.00556710384629805,-9.74497467284535,10.2157055701834,69,100,0.217976478975032,-0.591845344274662,35,1,17.51511,50,0.4,0.6,40,"both",0.217976478975032,-0.591845344274662
"3470",35,1,0.00556710384629805,-9.74497467284535,10.2157055701834,69,100,0.217976478975032,-0.591845344274662,35,1,-13.64067,50,0.4,0.6,40,"both",0.217976478975032,-0.591845344274662
"3471",35,1,0.00556710384629805,-9.74497467284535,10.2157055701834,69,100,0.217976478975032,-0.591845344274662,35,1,1.34416,50,0.4,0.6,40,"both",0.217976478975032,-0.591845344274662
"3472",35,1,0.00556710384629805,-9.74497467284535,10.2157055701834,69,100,0.217976478975032,-0.591845344274662,35,0,-22.34566,50,0.4,0.6,40,"both",0.217976478975032,-0.591845344274662
"3473",35,1,0.00556710384629805,-9.74497467284535,10.2157055701834,69,100,0.217976478975032,-0.591845344274662,35,1,16.23606,50,0.4,0.6,40,"both",0.217976478975032,-0.591845344274662
"3474",35,1,0.00556710384629805,-9.74497467284535,10.2157055701834,69,100,0.217976478975032,-0.591845344274662,35,0,-28.5756,50,0.4,0.6,40,"both",0.217976478975032,-0.591845344274662
"3475",35,1,0.00556710384629805,-9.74497467284535,10.2157055701834,69,100,0.217976478975032,-0.591845344274662,35,1,9.5624,50,0.4,0.6,40,"both",0.217976478975032,-0.591845344274662
"3476",35,1,0.00556710384629805,-9.74497467284535,10.2157055701834,69,100,0.217976478975032,-0.591845344274662,35,0,-29.1621,50,0.4,0.6,40,"both",0.217976478975032,-0.591845344274662
"3477",35,1,0.00556710384629805,-9.74497467284535,10.2157055701834,69,100,0.217976478975032,-0.591845344274662,35,0,-16.70554,50,0.4,0.6,40,"both",0.217976478975032,-0.591845344274662
"3478",35,1,0.00556710384629805,-9.74497467284535,10.2157055701834,69,100,0.217976478975032,-0.591845344274662,35,0,-26.1661,50,0.4,0.6,40,"both",0.217976478975032,-0.591845344274662
"3479",35,1,0.00556710384629805,-9.74497467284535,10.2157055701834,69,100,0.217976478975032,-0.591845344274662,35,0,-19.10464,50,0.4,0.6,40,"both",0.217976478975032,-0.591845344274662
"3480",35,1,0.00556710384629805,-9.74497467284535,10.2157055701834,69,100,0.217976478975032,-0.591845344274662,35,1,-0.474,50,0.4,0.6,40,"both",0.217976478975032,-0.591845344274662
"3481",35,1,0.00556710384629805,-9.74497467284535,10.2157055701834,69,100,0.217976478975032,-0.591845344274662,35,0,-20.28019,50,0.4,0.6,40,"both",0.217976478975032,-0.591845344274662
"3482",35,1,0.00556710384629805,-9.74497467284535,10.2157055701834,69,100,0.217976478975032,-0.591845344274662,35,1,-1.64929,50,0.4,0.6,40,"both",0.217976478975032,-0.591845344274662
"3483",35,1,0.00556710384629805,-9.74497467284535,10.2157055701834,69,100,0.217976478975032,-0.591845344274662,35,0,-20.22971,50,0.4,0.6,40,"both",0.217976478975032,-0.591845344274662
"3484",35,1,0.00556710384629805,-9.74497467284535,10.2157055701834,69,100,0.217976478975032,-0.591845344274662,35,0,-37.2402,50,0.4,0.6,40,"both",0.217976478975032,-0.591845344274662
"3485",35,1,0.00556710384629805,-9.74497467284535,10.2157055701834,69,100,0.217976478975032,-0.591845344274662,35,1,12.19104,50,0.4,0.6,40,"both",0.217976478975032,-0.591845344274662
"3486",35,1,0.00556710384629805,-9.74497467284535,10.2157055701834,69,100,0.217976478975032,-0.591845344274662,35,0,-24.7093,50,0.4,0.6,40,"both",0.217976478975032,-0.591845344274662
"3487",35,1,0.00556710384629805,-9.74497467284535,10.2157055701834,69,100,0.217976478975032,-0.591845344274662,35,1,5.1702,50,0.4,0.6,40,"both",0.217976478975032,-0.591845344274662
"3488",35,1,0.00556710384629805,-9.74497467284535,10.2157055701834,69,100,0.217976478975032,-0.591845344274662,35,1,0.570099999999998,50,0.4,0.6,40,"both",0.217976478975032,-0.591845344274662
"3489",35,1,0.00556710384629805,-9.74497467284535,10.2157055701834,69,100,0.217976478975032,-0.591845344274662,35,1,-16.18762,50,0.4,0.6,40,"both",0.217976478975032,-0.591845344274662
"3490",35,1,0.00556710384629805,-9.74497467284535,10.2157055701834,69,100,0.217976478975032,-0.591845344274662,35,0,-25.0069,50,0.4,0.6,40,"both",0.217976478975032,-0.591845344274662
"3491",35,1,0.00556710384629805,-9.74497467284535,10.2157055701834,69,100,0.217976478975032,-0.591845344274662,35,1,-0.559000000000001,50,0.4,0.6,40,"both",0.217976478975032,-0.591845344274662
"3492",35,1,0.00556710384629805,-9.74497467284535,10.2157055701834,69,100,0.217976478975032,-0.591845344274662,35,1,-3.45385,50,0.4,0.6,40,"both",0.217976478975032,-0.591845344274662
"3493",35,1,0.00556710384629805,-9.74497467284535,10.2157055701834,69,100,0.217976478975032,-0.591845344274662,35,0,-20.24719,50,0.4,0.6,40,"both",0.217976478975032,-0.591845344274662
"3494",35,1,0.00556710384629805,-9.74497467284535,10.2157055701834,69,100,0.217976478975032,-0.591845344274662,35,0,-21.50404,50,0.4,0.6,40,"both",0.217976478975032,-0.591845344274662
"3495",35,1,0.00556710384629805,-9.74497467284535,10.2157055701834,69,100,0.217976478975032,-0.591845344274662,35,0,-22.8875,50,0.4,0.6,40,"both",0.217976478975032,-0.591845344274662
"3496",35,1,0.00556710384629805,-9.74497467284535,10.2157055701834,69,100,0.217976478975032,-0.591845344274662,35,0,-8.82973,50,0.4,0.6,40,"both",0.217976478975032,-0.591845344274662
"3497",35,1,0.00556710384629805,-9.74497467284535,10.2157055701834,69,100,0.217976478975032,-0.591845344274662,35,0,-24.9492,50,0.4,0.6,40,"both",0.217976478975032,-0.591845344274662
"3498",35,1,0.00556710384629805,-9.74497467284535,10.2157055701834,69,100,0.217976478975032,-0.591845344274662,35,1,5.21269,50,0.4,0.6,40,"both",0.217976478975032,-0.591845344274662
"3499",35,1,0.00556710384629805,-9.74497467284535,10.2157055701834,69,100,0.217976478975032,-0.591845344274662,35,1,8.80743,50,0.4,0.6,40,"both",0.217976478975032,-0.591845344274662
"3500",35,1,0.00556710384629805,-9.74497467284535,10.2157055701834,69,100,0.217976478975032,-0.591845344274662,35,0,-17.29103,50,0.4,0.6,40,"both",0.217976478975032,-0.591845344274662
"3501",36,1,0.000702800772272207,-27.3638237017288,8.43441781688585,71,100,0.217976478975032,-0.591845344274662,36,1,-6.55595327889,50,0.4,0.6,40,"both",0.217976478975032,-0.591845344274662
"3502",36,1,0.000702800772272207,-27.3638237017288,8.43441781688585,71,100,0.217976478975032,-0.591845344274662,36,1,-10.284723653,50,0.4,0.6,40,"both",0.217976478975032,-0.591845344274662
"3503",36,1,0.000702800772272207,-27.3638237017288,8.43441781688585,71,100,0.217976478975032,-0.591845344274662,36,1,-17.636606366,50,0.4,0.6,40,"both",0.217976478975032,-0.591845344274662
"3504",36,1,0.000702800772272207,-27.3638237017288,8.43441781688585,71,100,0.217976478975032,-0.591845344274662,36,0,-23.907315892,50,0.4,0.6,40,"both",0.217976478975032,-0.591845344274662
"3505",36,1,0.000702800772272207,-27.3638237017288,8.43441781688585,71,100,0.217976478975032,-0.591845344274662,36,1,-14.03067,50,0.4,0.6,40,"both",0.217976478975032,-0.591845344274662
"3506",36,1,0.000702800772272207,-27.3638237017288,8.43441781688585,71,100,0.217976478975032,-0.591845344274662,36,1,-16.01025,50,0.4,0.6,40,"both",0.217976478975032,-0.591845344274662
"3507",36,1,0.000702800772272207,-27.3638237017288,8.43441781688585,71,100,0.217976478975032,-0.591845344274662,36,1,-20.44098,50,0.4,0.6,40,"both",0.217976478975032,-0.591845344274662
"3508",36,1,0.000702800772272207,-27.3638237017288,8.43441781688585,71,100,0.217976478975032,-0.591845344274662,36,1,-19.74376,50,0.4,0.6,40,"both",0.217976478975032,-0.591845344274662
"3509",36,1,0.000702800772272207,-27.3638237017288,8.43441781688585,71,100,0.217976478975032,-0.591845344274662,36,1,-20.55247,50,0.4,0.6,40,"both",0.217976478975032,-0.591845344274662
"3510",36,1,0.000702800772272207,-27.3638237017288,8.43441781688585,71,100,0.217976478975032,-0.591845344274662,36,1,-27.17075,50,0.4,0.6,40,"both",0.217976478975032,-0.591845344274662
"3511",36,1,0.000702800772272207,-27.3638237017288,8.43441781688585,71,100,0.217976478975032,-0.591845344274662,36,0,-26.0534,50,0.4,0.6,40,"both",0.217976478975032,-0.591845344274662
"3512",36,1,0.000702800772272207,-27.3638237017288,8.43441781688585,71,100,0.217976478975032,-0.591845344274662,36,1,-29.01673,50,0.4,0.6,40,"both",0.217976478975032,-0.591845344274662
"3513",36,1,0.000702800772272207,-27.3638237017288,8.43441781688585,71,100,0.217976478975032,-0.591845344274662,36,0,-18.58631,50,0.4,0.6,40,"both",0.217976478975032,-0.591845344274662
"3514",36,1,0.000702800772272207,-27.3638237017288,8.43441781688585,71,100,0.217976478975032,-0.591845344274662,36,1,-25.66434,50,0.4,0.6,40,"both",0.217976478975032,-0.591845344274662
"3515",36,1,0.000702800772272207,-27.3638237017288,8.43441781688585,71,100,0.217976478975032,-0.591845344274662,36,1,-31.4342603,50,0.4,0.6,40,"both",0.217976478975032,-0.591845344274662
"3516",36,1,0.000702800772272207,-27.3638237017288,8.43441781688585,71,100,0.217976478975032,-0.591845344274662,36,0,-33.6656845,50,0.4,0.6,40,"both",0.217976478975032,-0.591845344274662
"3517",36,1,0.000702800772272207,-27.3638237017288,8.43441781688585,71,100,0.217976478975032,-0.591845344274662,36,1,27.484,50,0.4,0.6,40,"both",0.217976478975032,-0.591845344274662
"3518",36,1,0.000702800772272207,-27.3638237017288,8.43441781688585,71,100,0.217976478975032,-0.591845344274662,36,1,-27.7817,50,0.4,0.6,40,"both",0.217976478975032,-0.591845344274662
"3519",36,1,0.000702800772272207,-27.3638237017288,8.43441781688585,71,100,0.217976478975032,-0.591845344274662,36,1,-20.5468,50,0.4,0.6,40,"both",0.217976478975032,-0.591845344274662
"3520",36,1,0.000702800772272207,-27.3638237017288,8.43441781688585,71,100,0.217976478975032,-0.591845344274662,36,0,-23.05606,50,0.4,0.6,40,"both",0.217976478975032,-0.591845344274662
"3521",36,1,0.000702800772272207,-27.3638237017288,8.43441781688585,71,100,0.217976478975032,-0.591845344274662,36,1,-34.48573,50,0.4,0.6,40,"both",0.217976478975032,-0.591845344274662
"3522",36,1,0.000702800772272207,-27.3638237017288,8.43441781688585,71,100,0.217976478975032,-0.591845344274662,36,0,-33.8050622,50,0.4,0.6,40,"both",0.217976478975032,-0.591845344274662
"3523",36,1,0.000702800772272207,-27.3638237017288,8.43441781688585,71,100,0.217976478975032,-0.591845344274662,36,1,-20.91972,50,0.4,0.6,40,"both",0.217976478975032,-0.591845344274662
"3524",36,1,0.000702800772272207,-27.3638237017288,8.43441781688585,71,100,0.217976478975032,-0.591845344274662,36,1,-5.6302,50,0.4,0.6,40,"both",0.217976478975032,-0.591845344274662
"3525",36,1,0.000702800772272207,-27.3638237017288,8.43441781688585,71,100,0.217976478975032,-0.591845344274662,36,0,-37.67098,50,0.4,0.6,40,"both",0.217976478975032,-0.591845344274662
"3526",36,1,0.000702800772272207,-27.3638237017288,8.43441781688585,71,100,0.217976478975032,-0.591845344274662,36,0,-30.54594,50,0.4,0.6,40,"both",0.217976478975032,-0.591845344274662
"3527",36,1,0.000702800772272207,-27.3638237017288,8.43441781688585,71,100,0.217976478975032,-0.591845344274662,36,0,-32.11485,50,0.4,0.6,40,"both",0.217976478975032,-0.591845344274662
"3528",36,1,0.000702800772272207,-27.3638237017288,8.43441781688585,71,100,0.217976478975032,-0.591845344274662,36,0,-35.69117,50,0.4,0.6,40,"both",0.217976478975032,-0.591845344274662
"3529",36,1,0.000702800772272207,-27.3638237017288,8.43441781688585,71,100,0.217976478975032,-0.591845344274662,36,1,-24.19452,50,0.4,0.6,40,"both",0.217976478975032,-0.591845344274662
"3530",36,1,0.000702800772272207,-27.3638237017288,8.43441781688585,71,100,0.217976478975032,-0.591845344274662,36,0,-48.7946,50,0.4,0.6,40,"both",0.217976478975032,-0.591845344274662
"3531",36,1,0.000702800772272207,-27.3638237017288,8.43441781688585,71,100,0.217976478975032,-0.591845344274662,36,0,-26.40834,50,0.4,0.6,40,"both",0.217976478975032,-0.591845344274662
"3532",36,1,0.000702800772272207,-27.3638237017288,8.43441781688585,71,100,0.217976478975032,-0.591845344274662,36,0,-39.18973,50,0.4,0.6,40,"both",0.217976478975032,-0.591845344274662
"3533",36,1,0.000702800772272207,-27.3638237017288,8.43441781688585,71,100,0.217976478975032,-0.591845344274662,36,1,-34.8849,50,0.4,0.6,40,"both",0.217976478975032,-0.591845344274662
"3534",36,1,0.000702800772272207,-27.3638237017288,8.43441781688585,71,100,0.217976478975032,-0.591845344274662,36,1,1.33,50,0.4,0.6,40,"both",0.217976478975032,-0.591845344274662
"3535",36,1,0.000702800772272207,-27.3638237017288,8.43441781688585,71,100,0.217976478975032,-0.591845344274662,36,0,-35.19603,50,0.4,0.6,40,"both",0.217976478975032,-0.591845344274662
"3536",36,1,0.000702800772272207,-27.3638237017288,8.43441781688585,71,100,0.217976478975032,-0.591845344274662,36,0,-20.48017,50,0.4,0.6,40,"both",0.217976478975032,-0.591845344274662
"3537",36,1,0.000702800772272207,-27.3638237017288,8.43441781688585,71,100,0.217976478975032,-0.591845344274662,36,1,-16.4554,50,0.4,0.6,40,"both",0.217976478975032,-0.591845344274662
"3538",36,1,0.000702800772272207,-27.3638237017288,8.43441781688585,71,100,0.217976478975032,-0.591845344274662,36,1,-4.3174,50,0.4,0.6,40,"both",0.217976478975032,-0.591845344274662
"3539",36,1,0.000702800772272207,-27.3638237017288,8.43441781688585,71,100,0.217976478975032,-0.591845344274662,36,1,-14.6261,50,0.4,0.6,40,"both",0.217976478975032,-0.591845344274662
"3540",36,1,0.000702800772272207,-27.3638237017288,8.43441781688585,71,100,0.217976478975032,-0.591845344274662,36,1,-24.97403,50,0.4,0.6,40,"both",0.217976478975032,-0.591845344274662
"3541",36,1,0.000702800772272207,-27.3638237017288,8.43441781688585,71,100,0.217976478975032,-0.591845344274662,36,1,-30.97679,50,0.4,0.6,40,"both",0.217976478975032,-0.591845344274662
"3542",36,1,0.000702800772272207,-27.3638237017288,8.43441781688585,71,100,0.217976478975032,-0.591845344274662,36,0,-17.82662,50,0.4,0.6,40,"both",0.217976478975032,-0.591845344274662
"3543",36,1,0.000702800772272207,-27.3638237017288,8.43441781688585,71,100,0.217976478975032,-0.591845344274662,36,1,-21.22284,50,0.4,0.6,40,"both",0.217976478975032,-0.591845344274662
"3544",36,1,0.000702800772272207,-27.3638237017288,8.43441781688585,71,100,0.217976478975032,-0.591845344274662,36,0,-36.03767,50,0.4,0.6,40,"both",0.217976478975032,-0.591845344274662
"3545",36,1,0.000702800772272207,-27.3638237017288,8.43441781688585,71,100,0.217976478975032,-0.591845344274662,36,1,-14.5551,50,0.4,0.6,40,"both",0.217976478975032,-0.591845344274662
"3546",36,1,0.000702800772272207,-27.3638237017288,8.43441781688585,71,100,0.217976478975032,-0.591845344274662,36,0,-28.8941903,50,0.4,0.6,40,"both",0.217976478975032,-0.591845344274662
"3547",36,1,0.000702800772272207,-27.3638237017288,8.43441781688585,71,100,0.217976478975032,-0.591845344274662,36,1,-14.2592,50,0.4,0.6,40,"both",0.217976478975032,-0.591845344274662
"3548",36,1,0.000702800772272207,-27.3638237017288,8.43441781688585,71,100,0.217976478975032,-0.591845344274662,36,1,-15.5825,50,0.4,0.6,40,"both",0.217976478975032,-0.591845344274662
"3549",36,1,0.000702800772272207,-27.3638237017288,8.43441781688585,71,100,0.217976478975032,-0.591845344274662,36,0,-21.22374,50,0.4,0.6,40,"both",0.217976478975032,-0.591845344274662
"3550",36,1,0.000702800772272207,-27.3638237017288,8.43441781688585,71,100,0.217976478975032,-0.591845344274662,36,0,-24.09224,50,0.4,0.6,40,"both",0.217976478975032,-0.591845344274662
"3551",36,1,0.000702800772272207,-27.3638237017288,8.43441781688585,71,100,0.217976478975032,-0.591845344274662,36,1,-19.62397,50,0.4,0.6,40,"both",0.217976478975032,-0.591845344274662
"3552",36,1,0.000702800772272207,-27.3638237017288,8.43441781688585,71,100,0.217976478975032,-0.591845344274662,36,1,-8.1293,50,0.4,0.6,40,"both",0.217976478975032,-0.591845344274662
"3553",36,1,0.000702800772272207,-27.3638237017288,8.43441781688585,71,100,0.217976478975032,-0.591845344274662,36,0,-48.4541,50,0.4,0.6,40,"both",0.217976478975032,-0.591845344274662
"3554",36,1,0.000702800772272207,-27.3638237017288,8.43441781688585,71,100,0.217976478975032,-0.591845344274662,36,1,-8.1887,50,0.4,0.6,40,"both",0.217976478975032,-0.591845344274662
"3555",36,1,0.000702800772272207,-27.3638237017288,8.43441781688585,71,100,0.217976478975032,-0.591845344274662,36,1,-21.12294,50,0.4,0.6,40,"both",0.217976478975032,-0.591845344274662
"3556",36,1,0.000702800772272207,-27.3638237017288,8.43441781688585,71,100,0.217976478975032,-0.591845344274662,36,1,-12.7567,50,0.4,0.6,40,"both",0.217976478975032,-0.591845344274662
"3557",36,1,0.000702800772272207,-27.3638237017288,8.43441781688585,71,100,0.217976478975032,-0.591845344274662,36,1,-6.0496,50,0.4,0.6,40,"both",0.217976478975032,-0.591845344274662
"3558",36,1,0.000702800772272207,-27.3638237017288,8.43441781688585,71,100,0.217976478975032,-0.591845344274662,36,1,-19.63082,50,0.4,0.6,40,"both",0.217976478975032,-0.591845344274662
"3559",36,1,0.000702800772272207,-27.3638237017288,8.43441781688585,71,100,0.217976478975032,-0.591845344274662,36,1,-5.9159,50,0.4,0.6,40,"both",0.217976478975032,-0.591845344274662
"3560",36,1,0.000702800772272207,-27.3638237017288,8.43441781688585,71,100,0.217976478975032,-0.591845344274662,36,0,-34.11977,50,0.4,0.6,40,"both",0.217976478975032,-0.591845344274662
"3561",36,1,0.000702800772272207,-27.3638237017288,8.43441781688585,71,100,0.217976478975032,-0.591845344274662,36,0,-35.44657,50,0.4,0.6,40,"both",0.217976478975032,-0.591845344274662
"3562",36,1,0.000702800772272207,-27.3638237017288,8.43441781688585,71,100,0.217976478975032,-0.591845344274662,36,1,-17.2243,50,0.4,0.6,40,"both",0.217976478975032,-0.591845344274662
"3563",36,1,0.000702800772272207,-27.3638237017288,8.43441781688585,71,100,0.217976478975032,-0.591845344274662,36,1,-22.64857,50,0.4,0.6,40,"both",0.217976478975032,-0.591845344274662
"3564",36,1,0.000702800772272207,-27.3638237017288,8.43441781688585,71,100,0.217976478975032,-0.591845344274662,36,0,-31.0053,50,0.4,0.6,40,"both",0.217976478975032,-0.591845344274662
"3565",36,1,0.000702800772272207,-27.3638237017288,8.43441781688585,71,100,0.217976478975032,-0.591845344274662,36,0,-34.03902,50,0.4,0.6,40,"both",0.217976478975032,-0.591845344274662
"3566",36,1,0.000702800772272207,-27.3638237017288,8.43441781688585,71,100,0.217976478975032,-0.591845344274662,36,0,-19.59109,50,0.4,0.6,40,"both",0.217976478975032,-0.591845344274662
"3567",36,1,0.000702800772272207,-27.3638237017288,8.43441781688585,71,100,0.217976478975032,-0.591845344274662,36,0,-34.5681,50,0.4,0.6,40,"both",0.217976478975032,-0.591845344274662
"3568",36,1,0.000702800772272207,-27.3638237017288,8.43441781688585,71,100,0.217976478975032,-0.591845344274662,36,1,-17.69889,50,0.4,0.6,40,"both",0.217976478975032,-0.591845344274662
"3569",36,1,0.000702800772272207,-27.3638237017288,8.43441781688585,71,100,0.217976478975032,-0.591845344274662,36,1,-21.52355,50,0.4,0.6,40,"both",0.217976478975032,-0.591845344274662
"3570",36,1,0.000702800772272207,-27.3638237017288,8.43441781688585,71,100,0.217976478975032,-0.591845344274662,36,1,-11.5857,50,0.4,0.6,40,"both",0.217976478975032,-0.591845344274662
"3571",36,1,0.000702800772272207,-27.3638237017288,8.43441781688585,71,100,0.217976478975032,-0.591845344274662,36,0,-35.13773,50,0.4,0.6,40,"both",0.217976478975032,-0.591845344274662
"3572",36,1,0.000702800772272207,-27.3638237017288,8.43441781688585,71,100,0.217976478975032,-0.591845344274662,36,1,-19.34372,50,0.4,0.6,40,"both",0.217976478975032,-0.591845344274662
"3573",36,1,0.000702800772272207,-27.3638237017288,8.43441781688585,71,100,0.217976478975032,-0.591845344274662,36,0,-33.07856,50,0.4,0.6,40,"both",0.217976478975032,-0.591845344274662
"3574",36,1,0.000702800772272207,-27.3638237017288,8.43441781688585,71,100,0.217976478975032,-0.591845344274662,36,0,-33.84538,50,0.4,0.6,40,"both",0.217976478975032,-0.591845344274662
"3575",36,1,0.000702800772272207,-27.3638237017288,8.43441781688585,71,100,0.217976478975032,-0.591845344274662,36,1,-31.40941,50,0.4,0.6,40,"both",0.217976478975032,-0.591845344274662
"3576",36,1,0.000702800772272207,-27.3638237017288,8.43441781688585,71,100,0.217976478975032,-0.591845344274662,36,1,-20.21291,50,0.4,0.6,40,"both",0.217976478975032,-0.591845344274662
"3577",36,1,0.000702800772272207,-27.3638237017288,8.43441781688585,71,100,0.217976478975032,-0.591845344274662,36,1,-19.07061,50,0.4,0.6,40,"both",0.217976478975032,-0.591845344274662
"3578",36,1,0.000702800772272207,-27.3638237017288,8.43441781688585,71,100,0.217976478975032,-0.591845344274662,36,0,-33.48911,50,0.4,0.6,40,"both",0.217976478975032,-0.591845344274662
"3579",36,1,0.000702800772272207,-27.3638237017288,8.43441781688585,71,100,0.217976478975032,-0.591845344274662,36,1,-34.15055,50,0.4,0.6,40,"both",0.217976478975032,-0.591845344274662
"3580",36,1,0.000702800772272207,-27.3638237017288,8.43441781688585,71,100,0.217976478975032,-0.591845344274662,36,0,-32.76345,50,0.4,0.6,40,"both",0.217976478975032,-0.591845344274662
"3581",36,1,0.000702800772272207,-27.3638237017288,8.43441781688585,71,100,0.217976478975032,-0.591845344274662,36,0,-30.3179,50,0.4,0.6,40,"both",0.217976478975032,-0.591845344274662
"3582",36,1,0.000702800772272207,-27.3638237017288,8.43441781688585,71,100,0.217976478975032,-0.591845344274662,36,1,-21.60573,50,0.4,0.6,40,"both",0.217976478975032,-0.591845344274662
"3583",36,1,0.000702800772272207,-27.3638237017288,8.43441781688585,71,100,0.217976478975032,-0.591845344274662,36,1,-8.3118,50,0.4,0.6,40,"both",0.217976478975032,-0.591845344274662
"3584",36,1,0.000702800772272207,-27.3638237017288,8.43441781688585,71,100,0.217976478975032,-0.591845344274662,36,0,-33.06547,50,0.4,0.6,40,"both",0.217976478975032,-0.591845344274662
"3585",36,1,0.000702800772272207,-27.3638237017288,8.43441781688585,71,100,0.217976478975032,-0.591845344274662,36,1,-17.308,50,0.4,0.6,40,"both",0.217976478975032,-0.591845344274662
"3586",36,1,0.000702800772272207,-27.3638237017288,8.43441781688585,71,100,0.217976478975032,-0.591845344274662,36,1,-15.81611,50,0.4,0.6,40,"both",0.217976478975032,-0.591845344274662
"3587",36,1,0.000702800772272207,-27.3638237017288,8.43441781688585,71,100,0.217976478975032,-0.591845344274662,36,1,-18.80375,50,0.4,0.6,40,"both",0.217976478975032,-0.591845344274662
"3588",36,1,0.000702800772272207,-27.3638237017288,8.43441781688585,71,100,0.217976478975032,-0.591845344274662,36,1,-32.8815,50,0.4,0.6,40,"both",0.217976478975032,-0.591845344274662
"3589",36,1,0.000702800772272207,-27.3638237017288,8.43441781688585,71,100,0.217976478975032,-0.591845344274662,36,1,-18.25737,50,0.4,0.6,40,"both",0.217976478975032,-0.591845344274662
"3590",36,1,0.000702800772272207,-27.3638237017288,8.43441781688585,71,100,0.217976478975032,-0.591845344274662,36,1,-13.927,50,0.4,0.6,40,"both",0.217976478975032,-0.591845344274662
"3591",36,1,0.000702800772272207,-27.3638237017288,8.43441781688585,71,100,0.217976478975032,-0.591845344274662,36,0,-18.16426,50,0.4,0.6,40,"both",0.217976478975032,-0.591845344274662
"3592",36,1,0.000702800772272207,-27.3638237017288,8.43441781688585,71,100,0.217976478975032,-0.591845344274662,36,0,-43.525,50,0.4,0.6,40,"both",0.217976478975032,-0.591845344274662
"3593",36,1,0.000702800772272207,-27.3638237017288,8.43441781688585,71,100,0.217976478975032,-0.591845344274662,36,0,-36.1546,50,0.4,0.6,40,"both",0.217976478975032,-0.591845344274662
"3594",36,1,0.000702800772272207,-27.3638237017288,8.43441781688585,71,100,0.217976478975032,-0.591845344274662,36,1,-33.16102,50,0.4,0.6,40,"both",0.217976478975032,-0.591845344274662
"3595",36,1,0.000702800772272207,-27.3638237017288,8.43441781688585,71,100,0.217976478975032,-0.591845344274662,36,1,-17.16803,50,0.4,0.6,40,"both",0.217976478975032,-0.591845344274662
"3596",36,1,0.000702800772272207,-27.3638237017288,8.43441781688585,71,100,0.217976478975032,-0.591845344274662,36,0,-34.29821,50,0.4,0.6,40,"both",0.217976478975032,-0.591845344274662
"3597",36,1,0.000702800772272207,-27.3638237017288,8.43441781688585,71,100,0.217976478975032,-0.591845344274662,36,1,-23.02578,50,0.4,0.6,40,"both",0.217976478975032,-0.591845344274662
"3598",36,1,0.000702800772272207,-27.3638237017288,8.43441781688585,71,100,0.217976478975032,-0.591845344274662,36,1,-20.36164,50,0.4,0.6,40,"both",0.217976478975032,-0.591845344274662
"3599",36,1,0.000702800772272207,-27.3638237017288,8.43441781688585,71,100,0.217976478975032,-0.591845344274662,36,0,-33.59837,50,0.4,0.6,40,"both",0.217976478975032,-0.591845344274662
"3600",36,1,0.000702800772272207,-27.3638237017288,8.43441781688585,71,100,0.217976478975032,-0.591845344274662,36,0,-35.8883,50,0.4,0.6,40,"both",0.217976478975032,-0.591845344274662
"3601",37,1,0.0304329167651135,-26.6410431655066,8.72298773363576,73,100,0.217976478975032,-0.591845344274662,37,1,-8.6908713515,50,0.4,0.6,40,"both",0.217976478975032,-0.591845344274662
"3602",37,1,0.0304329167651135,-26.6410431655066,8.72298773363576,73,100,0.217976478975032,-0.591845344274662,37,1,-9.9131641385,50,0.4,0.6,40,"both",0.217976478975032,-0.591845344274662
"3603",37,1,0.0304329167651135,-26.6410431655066,8.72298773363576,73,100,0.217976478975032,-0.591845344274662,37,1,-21.474945141,50,0.4,0.6,40,"both",0.217976478975032,-0.591845344274662
"3604",37,1,0.0304329167651135,-26.6410431655066,8.72298773363576,73,100,0.217976478975032,-0.591845344274662,37,1,-25.3503183757,50,0.4,0.6,40,"both",0.217976478975032,-0.591845344274662
"3605",37,1,0.0304329167651135,-26.6410431655066,8.72298773363576,73,100,0.217976478975032,-0.591845344274662,37,1,14.9623,50,0.4,0.6,40,"both",0.217976478975032,-0.591845344274662
"3606",37,1,0.0304329167651135,-26.6410431655066,8.72298773363576,73,100,0.217976478975032,-0.591845344274662,37,0,-48.74265,50,0.4,0.6,40,"both",0.217976478975032,-0.591845344274662
"3607",37,1,0.0304329167651135,-26.6410431655066,8.72298773363576,73,100,0.217976478975032,-0.591845344274662,37,1,-17.9602,50,0.4,0.6,40,"both",0.217976478975032,-0.591845344274662
"3608",37,1,0.0304329167651135,-26.6410431655066,8.72298773363576,73,100,0.217976478975032,-0.591845344274662,37,1,5.615,50,0.4,0.6,40,"both",0.217976478975032,-0.591845344274662
"3609",37,1,0.0304329167651135,-26.6410431655066,8.72298773363576,73,100,0.217976478975032,-0.591845344274662,37,1,-22.09662,50,0.4,0.6,40,"both",0.217976478975032,-0.591845344274662
"3610",37,1,0.0304329167651135,-26.6410431655066,8.72298773363576,73,100,0.217976478975032,-0.591845344274662,37,0,-36.81724,50,0.4,0.6,40,"both",0.217976478975032,-0.591845344274662
"3611",37,1,0.0304329167651135,-26.6410431655066,8.72298773363576,73,100,0.217976478975032,-0.591845344274662,37,1,-31.81966,50,0.4,0.6,40,"both",0.217976478975032,-0.591845344274662
"3612",37,1,0.0304329167651135,-26.6410431655066,8.72298773363576,73,100,0.217976478975032,-0.591845344274662,37,1,-32.12275,50,0.4,0.6,40,"both",0.217976478975032,-0.591845344274662
"3613",37,1,0.0304329167651135,-26.6410431655066,8.72298773363576,73,100,0.217976478975032,-0.591845344274662,37,0,-33.31926,50,0.4,0.6,40,"both",0.217976478975032,-0.591845344274662
"3614",37,1,0.0304329167651135,-26.6410431655066,8.72298773363576,73,100,0.217976478975032,-0.591845344274662,37,0,-24.82765,50,0.4,0.6,40,"both",0.217976478975032,-0.591845344274662
"3615",37,1,0.0304329167651135,-26.6410431655066,8.72298773363576,73,100,0.217976478975032,-0.591845344274662,37,0,-34.65915,50,0.4,0.6,40,"both",0.217976478975032,-0.591845344274662
"3616",37,1,0.0304329167651135,-26.6410431655066,8.72298773363576,73,100,0.217976478975032,-0.591845344274662,37,1,-28.5869,50,0.4,0.6,40,"both",0.217976478975032,-0.591845344274662
"3617",37,1,0.0304329167651135,-26.6410431655066,8.72298773363576,73,100,0.217976478975032,-0.591845344274662,37,1,-39.65272,50,0.4,0.6,40,"both",0.217976478975032,-0.591845344274662
"3618",37,1,0.0304329167651135,-26.6410431655066,8.72298773363576,73,100,0.217976478975032,-0.591845344274662,37,0,-32.41432,50,0.4,0.6,40,"both",0.217976478975032,-0.591845344274662
"3619",37,1,0.0304329167651135,-26.6410431655066,8.72298773363576,73,100,0.217976478975032,-0.591845344274662,37,0,-30.70974,50,0.4,0.6,40,"both",0.217976478975032,-0.591845344274662
"3620",37,1,0.0304329167651135,-26.6410431655066,8.72298773363576,73,100,0.217976478975032,-0.591845344274662,37,0,-26.7809,50,0.4,0.6,40,"both",0.217976478975032,-0.591845344274662
"3621",37,1,0.0304329167651135,-26.6410431655066,8.72298773363576,73,100,0.217976478975032,-0.591845344274662,37,1,-0.447899999999997,50,0.4,0.6,40,"both",0.217976478975032,-0.591845344274662
"3622",37,1,0.0304329167651135,-26.6410431655066,8.72298773363576,73,100,0.217976478975032,-0.591845344274662,37,1,-28.8625479,50,0.4,0.6,40,"both",0.217976478975032,-0.591845344274662
"3623",37,1,0.0304329167651135,-26.6410431655066,8.72298773363576,73,100,0.217976478975032,-0.591845344274662,37,1,-19.57146,50,0.4,0.6,40,"both",0.217976478975032,-0.591845344274662
"3624",37,1,0.0304329167651135,-26.6410431655066,8.72298773363576,73,100,0.217976478975032,-0.591845344274662,37,1,-17.53083,50,0.4,0.6,40,"both",0.217976478975032,-0.591845344274662
"3625",37,1,0.0304329167651135,-26.6410431655066,8.72298773363576,73,100,0.217976478975032,-0.591845344274662,37,1,-33.87826,50,0.4,0.6,40,"both",0.217976478975032,-0.591845344274662
"3626",37,1,0.0304329167651135,-26.6410431655066,8.72298773363576,73,100,0.217976478975032,-0.591845344274662,37,0,-46.5742,50,0.4,0.6,40,"both",0.217976478975032,-0.591845344274662
"3627",37,1,0.0304329167651135,-26.6410431655066,8.72298773363576,73,100,0.217976478975032,-0.591845344274662,37,1,-24.60513,50,0.4,0.6,40,"both",0.217976478975032,-0.591845344274662
"3628",37,1,0.0304329167651135,-26.6410431655066,8.72298773363576,73,100,0.217976478975032,-0.591845344274662,37,1,-47.2738,50,0.4,0.6,40,"both",0.217976478975032,-0.591845344274662
"3629",37,1,0.0304329167651135,-26.6410431655066,8.72298773363576,73,100,0.217976478975032,-0.591845344274662,37,0,-49.14581,50,0.4,0.6,40,"both",0.217976478975032,-0.591845344274662
"3630",37,1,0.0304329167651135,-26.6410431655066,8.72298773363576,73,100,0.217976478975032,-0.591845344274662,37,1,-41.3747,50,0.4,0.6,40,"both",0.217976478975032,-0.591845344274662
"3631",37,1,0.0304329167651135,-26.6410431655066,8.72298773363576,73,100,0.217976478975032,-0.591845344274662,37,1,-34.7480543,50,0.4,0.6,40,"both",0.217976478975032,-0.591845344274662
"3632",37,1,0.0304329167651135,-26.6410431655066,8.72298773363576,73,100,0.217976478975032,-0.591845344274662,37,1,-3.7246,50,0.4,0.6,40,"both",0.217976478975032,-0.591845344274662
"3633",37,1,0.0304329167651135,-26.6410431655066,8.72298773363576,73,100,0.217976478975032,-0.591845344274662,37,0,-35.9724,50,0.4,0.6,40,"both",0.217976478975032,-0.591845344274662
"3634",37,1,0.0304329167651135,-26.6410431655066,8.72298773363576,73,100,0.217976478975032,-0.591845344274662,37,0,-34.9784838,50,0.4,0.6,40,"both",0.217976478975032,-0.591845344274662
"3635",37,1,0.0304329167651135,-26.6410431655066,8.72298773363576,73,100,0.217976478975032,-0.591845344274662,37,1,-24.93324,50,0.4,0.6,40,"both",0.217976478975032,-0.591845344274662
"3636",37,1,0.0304329167651135,-26.6410431655066,8.72298773363576,73,100,0.217976478975032,-0.591845344274662,37,0,-47.1688,50,0.4,0.6,40,"both",0.217976478975032,-0.591845344274662
"3637",37,1,0.0304329167651135,-26.6410431655066,8.72298773363576,73,100,0.217976478975032,-0.591845344274662,37,1,3.0535,50,0.4,0.6,40,"both",0.217976478975032,-0.591845344274662
"3638",37,1,0.0304329167651135,-26.6410431655066,8.72298773363576,73,100,0.217976478975032,-0.591845344274662,37,1,-31.56527,50,0.4,0.6,40,"both",0.217976478975032,-0.591845344274662
"3639",37,1,0.0304329167651135,-26.6410431655066,8.72298773363576,73,100,0.217976478975032,-0.591845344274662,37,1,-35.1958925,50,0.4,0.6,40,"both",0.217976478975032,-0.591845344274662
"3640",37,1,0.0304329167651135,-26.6410431655066,8.72298773363576,73,100,0.217976478975032,-0.591845344274662,37,1,-15.2442,50,0.4,0.6,40,"both",0.217976478975032,-0.591845344274662
"3641",37,1,0.0304329167651135,-26.6410431655066,8.72298773363576,73,100,0.217976478975032,-0.591845344274662,37,0,-35.9207784,50,0.4,0.6,40,"both",0.217976478975032,-0.591845344274662
"3642",37,1,0.0304329167651135,-26.6410431655066,8.72298773363576,73,100,0.217976478975032,-0.591845344274662,37,0,-38.66376,50,0.4,0.6,40,"both",0.217976478975032,-0.591845344274662
"3643",37,1,0.0304329167651135,-26.6410431655066,8.72298773363576,73,100,0.217976478975032,-0.591845344274662,37,1,-25.8492,50,0.4,0.6,40,"both",0.217976478975032,-0.591845344274662
"3644",37,1,0.0304329167651135,-26.6410431655066,8.72298773363576,73,100,0.217976478975032,-0.591845344274662,37,0,-49.2442,50,0.4,0.6,40,"both",0.217976478975032,-0.591845344274662
"3645",37,1,0.0304329167651135,-26.6410431655066,8.72298773363576,73,100,0.217976478975032,-0.591845344274662,37,0,-33.89621,50,0.4,0.6,40,"both",0.217976478975032,-0.591845344274662
"3646",37,1,0.0304329167651135,-26.6410431655066,8.72298773363576,73,100,0.217976478975032,-0.591845344274662,37,0,-34.35111,50,0.4,0.6,40,"both",0.217976478975032,-0.591845344274662
"3647",37,1,0.0304329167651135,-26.6410431655066,8.72298773363576,73,100,0.217976478975032,-0.591845344274662,37,0,-16.0291,50,0.4,0.6,40,"both",0.217976478975032,-0.591845344274662
"3648",37,1,0.0304329167651135,-26.6410431655066,8.72298773363576,73,100,0.217976478975032,-0.591845344274662,37,0,-40.5908,50,0.4,0.6,40,"both",0.217976478975032,-0.591845344274662
"3649",37,1,0.0304329167651135,-26.6410431655066,8.72298773363576,73,100,0.217976478975032,-0.591845344274662,37,1,-32.3660076,50,0.4,0.6,40,"both",0.217976478975032,-0.591845344274662
"3650",37,1,0.0304329167651135,-26.6410431655066,8.72298773363576,73,100,0.217976478975032,-0.591845344274662,37,1,-7.9651,50,0.4,0.6,40,"both",0.217976478975032,-0.591845344274662
"3651",37,1,0.0304329167651135,-26.6410431655066,8.72298773363576,73,100,0.217976478975032,-0.591845344274662,37,0,-41.01253,50,0.4,0.6,40,"both",0.217976478975032,-0.591845344274662
"3652",37,1,0.0304329167651135,-26.6410431655066,8.72298773363576,73,100,0.217976478975032,-0.591845344274662,37,0,-44.7183,50,0.4,0.6,40,"both",0.217976478975032,-0.591845344274662
"3653",37,1,0.0304329167651135,-26.6410431655066,8.72298773363576,73,100,0.217976478975032,-0.591845344274662,37,0,-27.79656,50,0.4,0.6,40,"both",0.217976478975032,-0.591845344274662
"3654",37,1,0.0304329167651135,-26.6410431655066,8.72298773363576,73,100,0.217976478975032,-0.591845344274662,37,0,-40.19645,50,0.4,0.6,40,"both",0.217976478975032,-0.591845344274662
"3655",37,1,0.0304329167651135,-26.6410431655066,8.72298773363576,73,100,0.217976478975032,-0.591845344274662,37,1,-11.0982,50,0.4,0.6,40,"both",0.217976478975032,-0.591845344274662
"3656",37,1,0.0304329167651135,-26.6410431655066,8.72298773363576,73,100,0.217976478975032,-0.591845344274662,37,0,-25.3614,50,0.4,0.6,40,"both",0.217976478975032,-0.591845344274662
"3657",37,1,0.0304329167651135,-26.6410431655066,8.72298773363576,73,100,0.217976478975032,-0.591845344274662,37,0,-30.9382491,50,0.4,0.6,40,"both",0.217976478975032,-0.591845344274662
"3658",37,1,0.0304329167651135,-26.6410431655066,8.72298773363576,73,100,0.217976478975032,-0.591845344274662,37,1,-19.7417,50,0.4,0.6,40,"both",0.217976478975032,-0.591845344274662
"3659",37,1,0.0304329167651135,-26.6410431655066,8.72298773363576,73,100,0.217976478975032,-0.591845344274662,37,0,-30.6149851,50,0.4,0.6,40,"both",0.217976478975032,-0.591845344274662
"3660",37,1,0.0304329167651135,-26.6410431655066,8.72298773363576,73,100,0.217976478975032,-0.591845344274662,37,1,-18.9771,50,0.4,0.6,40,"both",0.217976478975032,-0.591845344274662
"3661",37,1,0.0304329167651135,-26.6410431655066,8.72298773363576,73,100,0.217976478975032,-0.591845344274662,37,0,-48.9818,50,0.4,0.6,40,"both",0.217976478975032,-0.591845344274662
"3662",37,1,0.0304329167651135,-26.6410431655066,8.72298773363576,73,100,0.217976478975032,-0.591845344274662,37,1,-16.477,50,0.4,0.6,40,"both",0.217976478975032,-0.591845344274662
"3663",37,1,0.0304329167651135,-26.6410431655066,8.72298773363576,73,100,0.217976478975032,-0.591845344274662,37,1,-22.02901,50,0.4,0.6,40,"both",0.217976478975032,-0.591845344274662
"3664",37,1,0.0304329167651135,-26.6410431655066,8.72298773363576,73,100,0.217976478975032,-0.591845344274662,37,0,-40.55292,50,0.4,0.6,40,"both",0.217976478975032,-0.591845344274662
"3665",37,1,0.0304329167651135,-26.6410431655066,8.72298773363576,73,100,0.217976478975032,-0.591845344274662,37,0,-40.94627,50,0.4,0.6,40,"both",0.217976478975032,-0.591845344274662
"3666",37,1,0.0304329167651135,-26.6410431655066,8.72298773363576,73,100,0.217976478975032,-0.591845344274662,37,0,-46.6162,50,0.4,0.6,40,"both",0.217976478975032,-0.591845344274662
"3667",37,1,0.0304329167651135,-26.6410431655066,8.72298773363576,73,100,0.217976478975032,-0.591845344274662,37,0,-36.4248,50,0.4,0.6,40,"both",0.217976478975032,-0.591845344274662
"3668",37,1,0.0304329167651135,-26.6410431655066,8.72298773363576,73,100,0.217976478975032,-0.591845344274662,37,1,-22.54682,50,0.4,0.6,40,"both",0.217976478975032,-0.591845344274662
"3669",37,1,0.0304329167651135,-26.6410431655066,8.72298773363576,73,100,0.217976478975032,-0.591845344274662,37,0,-21.15902,50,0.4,0.6,40,"both",0.217976478975032,-0.591845344274662
"3670",37,1,0.0304329167651135,-26.6410431655066,8.72298773363576,73,100,0.217976478975032,-0.591845344274662,37,1,-31.47816,50,0.4,0.6,40,"both",0.217976478975032,-0.591845344274662
"3671",37,1,0.0304329167651135,-26.6410431655066,8.72298773363576,73,100,0.217976478975032,-0.591845344274662,37,0,-43.88413,50,0.4,0.6,40,"both",0.217976478975032,-0.591845344274662
"3672",37,1,0.0304329167651135,-26.6410431655066,8.72298773363576,73,100,0.217976478975032,-0.591845344274662,37,1,-12.2101,50,0.4,0.6,40,"both",0.217976478975032,-0.591845344274662
"3673",37,1,0.0304329167651135,-26.6410431655066,8.72298773363576,73,100,0.217976478975032,-0.591845344274662,37,0,-26.28621,50,0.4,0.6,40,"both",0.217976478975032,-0.591845344274662
"3674",37,1,0.0304329167651135,-26.6410431655066,8.72298773363576,73,100,0.217976478975032,-0.591845344274662,37,0,-43.8975,50,0.4,0.6,40,"both",0.217976478975032,-0.591845344274662
"3675",37,1,0.0304329167651135,-26.6410431655066,8.72298773363576,73,100,0.217976478975032,-0.591845344274662,37,1,-36.32957,50,0.4,0.6,40,"both",0.217976478975032,-0.591845344274662
"3676",37,1,0.0304329167651135,-26.6410431655066,8.72298773363576,73,100,0.217976478975032,-0.591845344274662,37,0,-40.53103,50,0.4,0.6,40,"both",0.217976478975032,-0.591845344274662
"3677",37,1,0.0304329167651135,-26.6410431655066,8.72298773363576,73,100,0.217976478975032,-0.591845344274662,37,1,-13.3961,50,0.4,0.6,40,"both",0.217976478975032,-0.591845344274662
"3678",37,1,0.0304329167651135,-26.6410431655066,8.72298773363576,73,100,0.217976478975032,-0.591845344274662,37,0,-37.9802,50,0.4,0.6,40,"both",0.217976478975032,-0.591845344274662
"3679",37,1,0.0304329167651135,-26.6410431655066,8.72298773363576,73,100,0.217976478975032,-0.591845344274662,37,0,-37.26087,50,0.4,0.6,40,"both",0.217976478975032,-0.591845344274662
"3680",37,1,0.0304329167651135,-26.6410431655066,8.72298773363576,73,100,0.217976478975032,-0.591845344274662,37,0,-30.94435,50,0.4,0.6,40,"both",0.217976478975032,-0.591845344274662
"3681",37,1,0.0304329167651135,-26.6410431655066,8.72298773363576,73,100,0.217976478975032,-0.591845344274662,37,1,-14.8449,50,0.4,0.6,40,"both",0.217976478975032,-0.591845344274662
"3682",37,1,0.0304329167651135,-26.6410431655066,8.72298773363576,73,100,0.217976478975032,-0.591845344274662,37,1,-16.2377,50,0.4,0.6,40,"both",0.217976478975032,-0.591845344274662
"3683",37,1,0.0304329167651135,-26.6410431655066,8.72298773363576,73,100,0.217976478975032,-0.591845344274662,37,0,-36.97783,50,0.4,0.6,40,"both",0.217976478975032,-0.591845344274662
"3684",37,1,0.0304329167651135,-26.6410431655066,8.72298773363576,73,100,0.217976478975032,-0.591845344274662,37,1,-16.4311,50,0.4,0.6,40,"both",0.217976478975032,-0.591845344274662
"3685",37,1,0.0304329167651135,-26.6410431655066,8.72298773363576,73,100,0.217976478975032,-0.591845344274662,37,0,-47.2129,50,0.4,0.6,40,"both",0.217976478975032,-0.591845344274662
"3686",37,1,0.0304329167651135,-26.6410431655066,8.72298773363576,73,100,0.217976478975032,-0.591845344274662,37,0,-42.6613,50,0.4,0.6,40,"both",0.217976478975032,-0.591845344274662
"3687",37,1,0.0304329167651135,-26.6410431655066,8.72298773363576,73,100,0.217976478975032,-0.591845344274662,37,1,-19.64686,50,0.4,0.6,40,"both",0.217976478975032,-0.591845344274662
"3688",37,1,0.0304329167651135,-26.6410431655066,8.72298773363576,73,100,0.217976478975032,-0.591845344274662,37,0,-17.2663,50,0.4,0.6,40,"both",0.217976478975032,-0.591845344274662
"3689",37,1,0.0304329167651135,-26.6410431655066,8.72298773363576,73,100,0.217976478975032,-0.591845344274662,37,0,-23.41982,50,0.4,0.6,40,"both",0.217976478975032,-0.591845344274662
"3690",37,1,0.0304329167651135,-26.6410431655066,8.72298773363576,73,100,0.217976478975032,-0.591845344274662,37,1,-14.2717,50,0.4,0.6,40,"both",0.217976478975032,-0.591845344274662
"3691",37,1,0.0304329167651135,-26.6410431655066,8.72298773363576,73,100,0.217976478975032,-0.591845344274662,37,0,-34.51959,50,0.4,0.6,40,"both",0.217976478975032,-0.591845344274662
"3692",37,1,0.0304329167651135,-26.6410431655066,8.72298773363576,73,100,0.217976478975032,-0.591845344274662,37,0,-42.0387,50,0.4,0.6,40,"both",0.217976478975032,-0.591845344274662
"3693",37,1,0.0304329167651135,-26.6410431655066,8.72298773363576,73,100,0.217976478975032,-0.591845344274662,37,0,-13.8478,50,0.4,0.6,40,"both",0.217976478975032,-0.591845344274662
"3694",37,1,0.0304329167651135,-26.6410431655066,8.72298773363576,73,100,0.217976478975032,-0.591845344274662,37,0,-11.1643,50,0.4,0.6,40,"both",0.217976478975032,-0.591845344274662
"3695",37,1,0.0304329167651135,-26.6410431655066,8.72298773363576,73,100,0.217976478975032,-0.591845344274662,37,0,-32.92601,50,0.4,0.6,40,"both",0.217976478975032,-0.591845344274662
"3696",37,1,0.0304329167651135,-26.6410431655066,8.72298773363576,73,100,0.217976478975032,-0.591845344274662,37,0,-42.2468,50,0.4,0.6,40,"both",0.217976478975032,-0.591845344274662
"3697",37,1,0.0304329167651135,-26.6410431655066,8.72298773363576,73,100,0.217976478975032,-0.591845344274662,37,1,-11.1531,50,0.4,0.6,40,"both",0.217976478975032,-0.591845344274662
"3698",37,1,0.0304329167651135,-26.6410431655066,8.72298773363576,73,100,0.217976478975032,-0.591845344274662,37,1,-19.14272,50,0.4,0.6,40,"both",0.217976478975032,-0.591845344274662
"3699",37,1,0.0304329167651135,-26.6410431655066,8.72298773363576,73,100,0.217976478975032,-0.591845344274662,37,1,-13.1231,50,0.4,0.6,40,"both",0.217976478975032,-0.591845344274662
"3700",37,1,0.0304329167651135,-26.6410431655066,8.72298773363576,73,100,0.217976478975032,-0.591845344274662,37,0,-16.37291,50,0.4,0.6,40,"both",0.217976478975032,-0.591845344274662
"3701",38,1,0.00229241719974672,-28.1622989364461,6.75552633209909,75,100,0.217976478975032,-0.591845344274662,38,1,-8.6225970452,50,0.4,0.6,40,"both",0.217976478975032,-0.591845344274662
"3702",38,1,0.00229241719974672,-28.1622989364461,6.75552633209909,75,100,0.217976478975032,-0.591845344274662,38,1,-6.8876391198,50,0.4,0.6,40,"both",0.217976478975032,-0.591845344274662
"3703",38,1,0.00229241719974672,-28.1622989364461,6.75552633209909,75,100,0.217976478975032,-0.591845344274662,38,1,-17.22752943637,50,0.4,0.6,40,"both",0.217976478975032,-0.591845344274662
"3704",38,1,0.00229241719974672,-28.1622989364461,6.75552633209909,75,100,0.217976478975032,-0.591845344274662,38,0,-19.98882279,50,0.4,0.6,40,"both",0.217976478975032,-0.591845344274662
"3705",38,1,0.00229241719974672,-28.1622989364461,6.75552633209909,75,100,0.217976478975032,-0.591845344274662,38,0,-33.72005,50,0.4,0.6,40,"both",0.217976478975032,-0.591845344274662
"3706",38,1,0.00229241719974672,-28.1622989364461,6.75552633209909,75,100,0.217976478975032,-0.591845344274662,38,1,-19.5075,50,0.4,0.6,40,"both",0.217976478975032,-0.591845344274662
"3707",38,1,0.00229241719974672,-28.1622989364461,6.75552633209909,75,100,0.217976478975032,-0.591845344274662,38,1,6.2773,50,0.4,0.6,40,"both",0.217976478975032,-0.591845344274662
"3708",38,1,0.00229241719974672,-28.1622989364461,6.75552633209909,75,100,0.217976478975032,-0.591845344274662,38,1,-16.4547,50,0.4,0.6,40,"both",0.217976478975032,-0.591845344274662
"3709",38,1,0.00229241719974672,-28.1622989364461,6.75552633209909,75,100,0.217976478975032,-0.591845344274662,38,1,-26.86772,50,0.4,0.6,40,"both",0.217976478975032,-0.591845344274662
"3710",38,1,0.00229241719974672,-28.1622989364461,6.75552633209909,75,100,0.217976478975032,-0.591845344274662,38,1,15.11049,50,0.4,0.6,40,"both",0.217976478975032,-0.591845344274662
"3711",38,1,0.00229241719974672,-28.1622989364461,6.75552633209909,75,100,0.217976478975032,-0.591845344274662,38,0,-30.85342,50,0.4,0.6,40,"both",0.217976478975032,-0.591845344274662
"3712",38,1,0.00229241719974672,-28.1622989364461,6.75552633209909,75,100,0.217976478975032,-0.591845344274662,38,0,-39.8497,50,0.4,0.6,40,"both",0.217976478975032,-0.591845344274662
"3713",38,1,0.00229241719974672,-28.1622989364461,6.75552633209909,75,100,0.217976478975032,-0.591845344274662,38,1,-20.04721,50,0.4,0.6,40,"both",0.217976478975032,-0.591845344274662
"3714",38,1,0.00229241719974672,-28.1622989364461,6.75552633209909,75,100,0.217976478975032,-0.591845344274662,38,1,-10.72136,50,0.4,0.6,40,"both",0.217976478975032,-0.591845344274662
"3715",38,1,0.00229241719974672,-28.1622989364461,6.75552633209909,75,100,0.217976478975032,-0.591845344274662,38,0,-42.6803,50,0.4,0.6,40,"both",0.217976478975032,-0.591845344274662
"3716",38,1,0.00229241719974672,-28.1622989364461,6.75552633209909,75,100,0.217976478975032,-0.591845344274662,38,1,-27.09267,50,0.4,0.6,40,"both",0.217976478975032,-0.591845344274662
"3717",38,1,0.00229241719974672,-28.1622989364461,6.75552633209909,75,100,0.217976478975032,-0.591845344274662,38,1,-24.35015,50,0.4,0.6,40,"both",0.217976478975032,-0.591845344274662
"3718",38,1,0.00229241719974672,-28.1622989364461,6.75552633209909,75,100,0.217976478975032,-0.591845344274662,38,1,-21.5885,50,0.4,0.6,40,"both",0.217976478975032,-0.591845344274662
"3719",38,1,0.00229241719974672,-28.1622989364461,6.75552633209909,75,100,0.217976478975032,-0.591845344274662,38,0,-38.66736,50,0.4,0.6,40,"both",0.217976478975032,-0.591845344274662
"3720",38,1,0.00229241719974672,-28.1622989364461,6.75552633209909,75,100,0.217976478975032,-0.591845344274662,38,1,-25.48949,50,0.4,0.6,40,"both",0.217976478975032,-0.591845344274662
"3721",38,1,0.00229241719974672,-28.1622989364461,6.75552633209909,75,100,0.217976478975032,-0.591845344274662,38,0,-28.69038,50,0.4,0.6,40,"both",0.217976478975032,-0.591845344274662
"3722",38,1,0.00229241719974672,-28.1622989364461,6.75552633209909,75,100,0.217976478975032,-0.591845344274662,38,0,-22.11591,50,0.4,0.6,40,"both",0.217976478975032,-0.591845344274662
"3723",38,1,0.00229241719974672,-28.1622989364461,6.75552633209909,75,100,0.217976478975032,-0.591845344274662,38,0,-32.32833,50,0.4,0.6,40,"both",0.217976478975032,-0.591845344274662
"3724",38,1,0.00229241719974672,-28.1622989364461,6.75552633209909,75,100,0.217976478975032,-0.591845344274662,38,1,-16.0603,50,0.4,0.6,40,"both",0.217976478975032,-0.591845344274662
"3725",38,1,0.00229241719974672,-28.1622989364461,6.75552633209909,75,100,0.217976478975032,-0.591845344274662,38,1,-24.33634,50,0.4,0.6,40,"both",0.217976478975032,-0.591845344274662
"3726",38,1,0.00229241719974672,-28.1622989364461,6.75552633209909,75,100,0.217976478975032,-0.591845344274662,38,1,-34.21161,50,0.4,0.6,40,"both",0.217976478975032,-0.591845344274662
"3727",38,1,0.00229241719974672,-28.1622989364461,6.75552633209909,75,100,0.217976478975032,-0.591845344274662,38,1,-31.24734,50,0.4,0.6,40,"both",0.217976478975032,-0.591845344274662
"3728",38,1,0.00229241719974672,-28.1622989364461,6.75552633209909,75,100,0.217976478975032,-0.591845344274662,38,1,-27.00838,50,0.4,0.6,40,"both",0.217976478975032,-0.591845344274662
"3729",38,1,0.00229241719974672,-28.1622989364461,6.75552633209909,75,100,0.217976478975032,-0.591845344274662,38,1,-29.96021,50,0.4,0.6,40,"both",0.217976478975032,-0.591845344274662
"3730",38,1,0.00229241719974672,-28.1622989364461,6.75552633209909,75,100,0.217976478975032,-0.591845344274662,38,0,-26.97173,50,0.4,0.6,40,"both",0.217976478975032,-0.591845344274662
"3731",38,1,0.00229241719974672,-28.1622989364461,6.75552633209909,75,100,0.217976478975032,-0.591845344274662,38,1,-25.2457,50,0.4,0.6,40,"both",0.217976478975032,-0.591845344274662
"3732",38,1,0.00229241719974672,-28.1622989364461,6.75552633209909,75,100,0.217976478975032,-0.591845344274662,38,0,-45.57469,50,0.4,0.6,40,"both",0.217976478975032,-0.591845344274662
"3733",38,1,0.00229241719974672,-28.1622989364461,6.75552633209909,75,100,0.217976478975032,-0.591845344274662,38,1,-23.96831,50,0.4,0.6,40,"both",0.217976478975032,-0.591845344274662
"3734",38,1,0.00229241719974672,-28.1622989364461,6.75552633209909,75,100,0.217976478975032,-0.591845344274662,38,1,-36.22794,50,0.4,0.6,40,"both",0.217976478975032,-0.591845344274662
"3735",38,1,0.00229241719974672,-28.1622989364461,6.75552633209909,75,100,0.217976478975032,-0.591845344274662,38,1,-21.37098,50,0.4,0.6,40,"both",0.217976478975032,-0.591845344274662
"3736",38,1,0.00229241719974672,-28.1622989364461,6.75552633209909,75,100,0.217976478975032,-0.591845344274662,38,0,-34.47482,50,0.4,0.6,40,"both",0.217976478975032,-0.591845344274662
"3737",38,1,0.00229241719974672,-28.1622989364461,6.75552633209909,75,100,0.217976478975032,-0.591845344274662,38,0,-43.3491,50,0.4,0.6,40,"both",0.217976478975032,-0.591845344274662
"3738",38,1,0.00229241719974672,-28.1622989364461,6.75552633209909,75,100,0.217976478975032,-0.591845344274662,38,1,-19.86919,50,0.4,0.6,40,"both",0.217976478975032,-0.591845344274662
"3739",38,1,0.00229241719974672,-28.1622989364461,6.75552633209909,75,100,0.217976478975032,-0.591845344274662,38,0,-35.61714,50,0.4,0.6,40,"both",0.217976478975032,-0.591845344274662
"3740",38,1,0.00229241719974672,-28.1622989364461,6.75552633209909,75,100,0.217976478975032,-0.591845344274662,38,0,-37.396,50,0.4,0.6,40,"both",0.217976478975032,-0.591845344274662
"3741",38,1,0.00229241719974672,-28.1622989364461,6.75552633209909,75,100,0.217976478975032,-0.591845344274662,38,0,-22.81057,50,0.4,0.6,40,"both",0.217976478975032,-0.591845344274662
"3742",38,1,0.00229241719974672,-28.1622989364461,6.75552633209909,75,100,0.217976478975032,-0.591845344274662,38,0,-40.8159,50,0.4,0.6,40,"both",0.217976478975032,-0.591845344274662
"3743",38,1,0.00229241719974672,-28.1622989364461,6.75552633209909,75,100,0.217976478975032,-0.591845344274662,38,0,-38.68814,50,0.4,0.6,40,"both",0.217976478975032,-0.591845344274662
"3744",38,1,0.00229241719974672,-28.1622989364461,6.75552633209909,75,100,0.217976478975032,-0.591845344274662,38,1,-20.93205,50,0.4,0.6,40,"both",0.217976478975032,-0.591845344274662
"3745",38,1,0.00229241719974672,-28.1622989364461,6.75552633209909,75,100,0.217976478975032,-0.591845344274662,38,1,-11.3272,50,0.4,0.6,40,"both",0.217976478975032,-0.591845344274662
"3746",38,1,0.00229241719974672,-28.1622989364461,6.75552633209909,75,100,0.217976478975032,-0.591845344274662,38,0,-29.38484,50,0.4,0.6,40,"both",0.217976478975032,-0.591845344274662
"3747",38,1,0.00229241719974672,-28.1622989364461,6.75552633209909,75,100,0.217976478975032,-0.591845344274662,38,1,-26.31521,50,0.4,0.6,40,"both",0.217976478975032,-0.591845344274662
"3748",38,1,0.00229241719974672,-28.1622989364461,6.75552633209909,75,100,0.217976478975032,-0.591845344274662,38,1,-33.02868,50,0.4,0.6,40,"both",0.217976478975032,-0.591845344274662
"3749",38,1,0.00229241719974672,-28.1622989364461,6.75552633209909,75,100,0.217976478975032,-0.591845344274662,38,0,-40.5062,50,0.4,0.6,40,"both",0.217976478975032,-0.591845344274662
"3750",38,1,0.00229241719974672,-28.1622989364461,6.75552633209909,75,100,0.217976478975032,-0.591845344274662,38,1,-15.6829,50,0.4,0.6,40,"both",0.217976478975032,-0.591845344274662
"3751",38,1,0.00229241719974672,-28.1622989364461,6.75552633209909,75,100,0.217976478975032,-0.591845344274662,38,0,-38.7411,50,0.4,0.6,40,"both",0.217976478975032,-0.591845344274662
"3752",38,1,0.00229241719974672,-28.1622989364461,6.75552633209909,75,100,0.217976478975032,-0.591845344274662,38,0,-39.50678,50,0.4,0.6,40,"both",0.217976478975032,-0.591845344274662
"3753",38,1,0.00229241719974672,-28.1622989364461,6.75552633209909,75,100,0.217976478975032,-0.591845344274662,38,0,-34.90466,50,0.4,0.6,40,"both",0.217976478975032,-0.591845344274662
"3754",38,1,0.00229241719974672,-28.1622989364461,6.75552633209909,75,100,0.217976478975032,-0.591845344274662,38,0,-32.05449,50,0.4,0.6,40,"both",0.217976478975032,-0.591845344274662
"3755",38,1,0.00229241719974672,-28.1622989364461,6.75552633209909,75,100,0.217976478975032,-0.591845344274662,38,1,-23.25087,50,0.4,0.6,40,"both",0.217976478975032,-0.591845344274662
"3756",38,1,0.00229241719974672,-28.1622989364461,6.75552633209909,75,100,0.217976478975032,-0.591845344274662,38,0,-40.0631,50,0.4,0.6,40,"both",0.217976478975032,-0.591845344274662
"3757",38,1,0.00229241719974672,-28.1622989364461,6.75552633209909,75,100,0.217976478975032,-0.591845344274662,38,0,-39.01696,50,0.4,0.6,40,"both",0.217976478975032,-0.591845344274662
"3758",38,1,0.00229241719974672,-28.1622989364461,6.75552633209909,75,100,0.217976478975032,-0.591845344274662,38,0,-23.1867,50,0.4,0.6,40,"both",0.217976478975032,-0.591845344274662
"3759",38,1,0.00229241719974672,-28.1622989364461,6.75552633209909,75,100,0.217976478975032,-0.591845344274662,38,0,-34.05269,50,0.4,0.6,40,"both",0.217976478975032,-0.591845344274662
"3760",38,1,0.00229241719974672,-28.1622989364461,6.75552633209909,75,100,0.217976478975032,-0.591845344274662,38,1,-15.7298,50,0.4,0.6,40,"both",0.217976478975032,-0.591845344274662
"3761",38,1,0.00229241719974672,-28.1622989364461,6.75552633209909,75,100,0.217976478975032,-0.591845344274662,38,1,-22.53196,50,0.4,0.6,40,"both",0.217976478975032,-0.591845344274662
"3762",38,1,0.00229241719974672,-28.1622989364461,6.75552633209909,75,100,0.217976478975032,-0.591845344274662,38,0,-23.55136,50,0.4,0.6,40,"both",0.217976478975032,-0.591845344274662
"3763",38,1,0.00229241719974672,-28.1622989364461,6.75552633209909,75,100,0.217976478975032,-0.591845344274662,38,0,-21.49313,50,0.4,0.6,40,"both",0.217976478975032,-0.591845344274662
"3764",38,1,0.00229241719974672,-28.1622989364461,6.75552633209909,75,100,0.217976478975032,-0.591845344274662,38,0,-40.1465,50,0.4,0.6,40,"both",0.217976478975032,-0.591845344274662
"3765",38,1,0.00229241719974672,-28.1622989364461,6.75552633209909,75,100,0.217976478975032,-0.591845344274662,38,1,-25.8,50,0.4,0.6,40,"both",0.217976478975032,-0.591845344274662
"3766",38,1,0.00229241719974672,-28.1622989364461,6.75552633209909,75,100,0.217976478975032,-0.591845344274662,38,0,-41.157,50,0.4,0.6,40,"both",0.217976478975032,-0.591845344274662
"3767",38,1,0.00229241719974672,-28.1622989364461,6.75552633209909,75,100,0.217976478975032,-0.591845344274662,38,0,-34.04326,50,0.4,0.6,40,"both",0.217976478975032,-0.591845344274662
"3768",38,1,0.00229241719974672,-28.1622989364461,6.75552633209909,75,100,0.217976478975032,-0.591845344274662,38,1,-34.65257,50,0.4,0.6,40,"both",0.217976478975032,-0.591845344274662
"3769",38,1,0.00229241719974672,-28.1622989364461,6.75552633209909,75,100,0.217976478975032,-0.591845344274662,38,0,-39.21233,50,0.4,0.6,40,"both",0.217976478975032,-0.591845344274662
"3770",38,1,0.00229241719974672,-28.1622989364461,6.75552633209909,75,100,0.217976478975032,-0.591845344274662,38,0,-37.2831,50,0.4,0.6,40,"both",0.217976478975032,-0.591845344274662
"3771",38,1,0.00229241719974672,-28.1622989364461,6.75552633209909,75,100,0.217976478975032,-0.591845344274662,38,1,-17.65114,50,0.4,0.6,40,"both",0.217976478975032,-0.591845344274662
"3772",38,1,0.00229241719974672,-28.1622989364461,6.75552633209909,75,100,0.217976478975032,-0.591845344274662,38,1,-23.2246,50,0.4,0.6,40,"both",0.217976478975032,-0.591845344274662
"3773",38,1,0.00229241719974672,-28.1622989364461,6.75552633209909,75,100,0.217976478975032,-0.591845344274662,38,1,-20.92232,50,0.4,0.6,40,"both",0.217976478975032,-0.591845344274662
"3774",38,1,0.00229241719974672,-28.1622989364461,6.75552633209909,75,100,0.217976478975032,-0.591845344274662,38,1,-23.29483,50,0.4,0.6,40,"both",0.217976478975032,-0.591845344274662
"3775",38,1,0.00229241719974672,-28.1622989364461,6.75552633209909,75,100,0.217976478975032,-0.591845344274662,38,0,-39.59389,50,0.4,0.6,40,"both",0.217976478975032,-0.591845344274662
"3776",38,1,0.00229241719974672,-28.1622989364461,6.75552633209909,75,100,0.217976478975032,-0.591845344274662,38,1,-21.75571,50,0.4,0.6,40,"both",0.217976478975032,-0.591845344274662
"3777",38,1,0.00229241719974672,-28.1622989364461,6.75552633209909,75,100,0.217976478975032,-0.591845344274662,38,1,-22.7631,50,0.4,0.6,40,"both",0.217976478975032,-0.591845344274662
"3778",38,1,0.00229241719974672,-28.1622989364461,6.75552633209909,75,100,0.217976478975032,-0.591845344274662,38,1,-25.36728,50,0.4,0.6,40,"both",0.217976478975032,-0.591845344274662
"3779",38,1,0.00229241719974672,-28.1622989364461,6.75552633209909,75,100,0.217976478975032,-0.591845344274662,38,0,-39.1012,50,0.4,0.6,40,"both",0.217976478975032,-0.591845344274662
"3780",38,1,0.00229241719974672,-28.1622989364461,6.75552633209909,75,100,0.217976478975032,-0.591845344274662,38,0,-34.50497,50,0.4,0.6,40,"both",0.217976478975032,-0.591845344274662
"3781",38,1,0.00229241719974672,-28.1622989364461,6.75552633209909,75,100,0.217976478975032,-0.591845344274662,38,0,-35.33599,50,0.4,0.6,40,"both",0.217976478975032,-0.591845344274662
"3782",38,1,0.00229241719974672,-28.1622989364461,6.75552633209909,75,100,0.217976478975032,-0.591845344274662,38,0,-34.2633,50,0.4,0.6,40,"both",0.217976478975032,-0.591845344274662
"3783",38,1,0.00229241719974672,-28.1622989364461,6.75552633209909,75,100,0.217976478975032,-0.591845344274662,38,0,-36.96628,50,0.4,0.6,40,"both",0.217976478975032,-0.591845344274662
"3784",38,1,0.00229241719974672,-28.1622989364461,6.75552633209909,75,100,0.217976478975032,-0.591845344274662,38,0,-32.51844,50,0.4,0.6,40,"both",0.217976478975032,-0.591845344274662
"3785",38,1,0.00229241719974672,-28.1622989364461,6.75552633209909,75,100,0.217976478975032,-0.591845344274662,38,0,-36.22518,50,0.4,0.6,40,"both",0.217976478975032,-0.591845344274662
"3786",38,1,0.00229241719974672,-28.1622989364461,6.75552633209909,75,100,0.217976478975032,-0.591845344274662,38,1,-20.56573,50,0.4,0.6,40,"both",0.217976478975032,-0.591845344274662
"3787",38,1,0.00229241719974672,-28.1622989364461,6.75552633209909,75,100,0.217976478975032,-0.591845344274662,38,1,-20.30649,50,0.4,0.6,40,"both",0.217976478975032,-0.591845344274662
"3788",38,1,0.00229241719974672,-28.1622989364461,6.75552633209909,75,100,0.217976478975032,-0.591845344274662,38,1,-24.38751,50,0.4,0.6,40,"both",0.217976478975032,-0.591845344274662
"3789",38,1,0.00229241719974672,-28.1622989364461,6.75552633209909,75,100,0.217976478975032,-0.591845344274662,38,0,-35.66168,50,0.4,0.6,40,"both",0.217976478975032,-0.591845344274662
"3790",38,1,0.00229241719974672,-28.1622989364461,6.75552633209909,75,100,0.217976478975032,-0.591845344274662,38,1,-24.03514,50,0.4,0.6,40,"both",0.217976478975032,-0.591845344274662
"3791",38,1,0.00229241719974672,-28.1622989364461,6.75552633209909,75,100,0.217976478975032,-0.591845344274662,38,0,-34.1526,50,0.4,0.6,40,"both",0.217976478975032,-0.591845344274662
"3792",38,1,0.00229241719974672,-28.1622989364461,6.75552633209909,75,100,0.217976478975032,-0.591845344274662,38,0,-37.29015,50,0.4,0.6,40,"both",0.217976478975032,-0.591845344274662
"3793",38,1,0.00229241719974672,-28.1622989364461,6.75552633209909,75,100,0.217976478975032,-0.591845344274662,38,1,-32.8677,50,0.4,0.6,40,"both",0.217976478975032,-0.591845344274662
"3794",38,1,0.00229241719974672,-28.1622989364461,6.75552633209909,75,100,0.217976478975032,-0.591845344274662,38,0,-36.81453,50,0.4,0.6,40,"both",0.217976478975032,-0.591845344274662
"3795",38,1,0.00229241719974672,-28.1622989364461,6.75552633209909,75,100,0.217976478975032,-0.591845344274662,38,1,-23.39647,50,0.4,0.6,40,"both",0.217976478975032,-0.591845344274662
"3796",38,1,0.00229241719974672,-28.1622989364461,6.75552633209909,75,100,0.217976478975032,-0.591845344274662,38,1,-23.00327,50,0.4,0.6,40,"both",0.217976478975032,-0.591845344274662
"3797",38,1,0.00229241719974672,-28.1622989364461,6.75552633209909,75,100,0.217976478975032,-0.591845344274662,38,1,-24.41935,50,0.4,0.6,40,"both",0.217976478975032,-0.591845344274662
"3798",38,1,0.00229241719974672,-28.1622989364461,6.75552633209909,75,100,0.217976478975032,-0.591845344274662,38,1,-21.11422,50,0.4,0.6,40,"both",0.217976478975032,-0.591845344274662
"3799",38,1,0.00229241719974672,-28.1622989364461,6.75552633209909,75,100,0.217976478975032,-0.591845344274662,38,0,-22.01428,50,0.4,0.6,40,"both",0.217976478975032,-0.591845344274662
"3800",38,1,0.00229241719974672,-28.1622989364461,6.75552633209909,75,100,0.217976478975032,-0.591845344274662,38,0,-36.49183,50,0.4,0.6,40,"both",0.217976478975032,-0.591845344274662
"3801",39,1,0.00462293829891806,-16.9345481870107,9.04985155038489,77,100,0.217976478975032,-0.591845344274662,39,1,-9.9494892264,50,0.4,0.6,40,"both",0.217976478975032,-0.591845344274662
"3802",39,1,0.00462293829891806,-16.9345481870107,9.04985155038489,77,100,0.217976478975032,-0.591845344274662,39,1,-5.0195706317,50,0.4,0.6,40,"both",0.217976478975032,-0.591845344274662
"3803",39,1,0.00462293829891806,-16.9345481870107,9.04985155038489,77,100,0.217976478975032,-0.591845344274662,39,0,-17.282916182,50,0.4,0.6,40,"both",0.217976478975032,-0.591845344274662
"3804",39,1,0.00462293829891806,-16.9345481870107,9.04985155038489,77,100,0.217976478975032,-0.591845344274662,39,0,-12.327518716,50,0.4,0.6,40,"both",0.217976478975032,-0.591845344274662
"3805",39,1,0.00462293829891806,-16.9345481870107,9.04985155038489,77,100,0.217976478975032,-0.591845344274662,39,1,-1.12259,50,0.4,0.6,40,"both",0.217976478975032,-0.591845344274662
"3806",39,1,0.00462293829891806,-16.9345481870107,9.04985155038489,77,100,0.217976478975032,-0.591845344274662,39,0,-17.12027,50,0.4,0.6,40,"both",0.217976478975032,-0.591845344274662
"3807",39,1,0.00462293829891806,-16.9345481870107,9.04985155038489,77,100,0.217976478975032,-0.591845344274662,39,1,2.7517,50,0.4,0.6,40,"both",0.217976478975032,-0.591845344274662
"3808",39,1,0.00462293829891806,-16.9345481870107,9.04985155038489,77,100,0.217976478975032,-0.591845344274662,39,1,-18.31798,50,0.4,0.6,40,"both",0.217976478975032,-0.591845344274662
"3809",39,1,0.00462293829891806,-16.9345481870107,9.04985155038489,77,100,0.217976478975032,-0.591845344274662,39,1,-8.88651,50,0.4,0.6,40,"both",0.217976478975032,-0.591845344274662
"3810",39,1,0.00462293829891806,-16.9345481870107,9.04985155038489,77,100,0.217976478975032,-0.591845344274662,39,1,-15.537587112,50,0.4,0.6,40,"both",0.217976478975032,-0.591845344274662
"3811",39,1,0.00462293829891806,-16.9345481870107,9.04985155038489,77,100,0.217976478975032,-0.591845344274662,39,1,-22.61709,50,0.4,0.6,40,"both",0.217976478975032,-0.591845344274662
"3812",39,1,0.00462293829891806,-16.9345481870107,9.04985155038489,77,100,0.217976478975032,-0.591845344274662,39,1,-1.2173,50,0.4,0.6,40,"both",0.217976478975032,-0.591845344274662
"3813",39,1,0.00462293829891806,-16.9345481870107,9.04985155038489,77,100,0.217976478975032,-0.591845344274662,39,1,19.4201,50,0.4,0.6,40,"both",0.217976478975032,-0.591845344274662
"3814",39,1,0.00462293829891806,-16.9345481870107,9.04985155038489,77,100,0.217976478975032,-0.591845344274662,39,1,27.9187,50,0.4,0.6,40,"both",0.217976478975032,-0.591845344274662
"3815",39,1,0.00462293829891806,-16.9345481870107,9.04985155038489,77,100,0.217976478975032,-0.591845344274662,39,0,-37.94747,50,0.4,0.6,40,"both",0.217976478975032,-0.591845344274662
"3816",39,1,0.00462293829891806,-16.9345481870107,9.04985155038489,77,100,0.217976478975032,-0.591845344274662,39,1,-3.5513,50,0.4,0.6,40,"both",0.217976478975032,-0.591845344274662
"3817",39,1,0.00462293829891806,-16.9345481870107,9.04985155038489,77,100,0.217976478975032,-0.591845344274662,39,1,-19.91070886,50,0.4,0.6,40,"both",0.217976478975032,-0.591845344274662
"3818",39,1,0.00462293829891806,-16.9345481870107,9.04985155038489,77,100,0.217976478975032,-0.591845344274662,39,0,-24.8011,50,0.4,0.6,40,"both",0.217976478975032,-0.591845344274662
"3819",39,1,0.00462293829891806,-16.9345481870107,9.04985155038489,77,100,0.217976478975032,-0.591845344274662,39,0,-25.9498,50,0.4,0.6,40,"both",0.217976478975032,-0.591845344274662
"3820",39,1,0.00462293829891806,-16.9345481870107,9.04985155038489,77,100,0.217976478975032,-0.591845344274662,39,1,6.1168,50,0.4,0.6,40,"both",0.217976478975032,-0.591845344274662
"3821",39,1,0.00462293829891806,-16.9345481870107,9.04985155038489,77,100,0.217976478975032,-0.591845344274662,39,0,-28.9593,50,0.4,0.6,40,"both",0.217976478975032,-0.591845344274662
"3822",39,1,0.00462293829891806,-16.9345481870107,9.04985155038489,77,100,0.217976478975032,-0.591845344274662,39,1,-1.3709,50,0.4,0.6,40,"both",0.217976478975032,-0.591845344274662
"3823",39,1,0.00462293829891806,-16.9345481870107,9.04985155038489,77,100,0.217976478975032,-0.591845344274662,39,1,-19.60737,50,0.4,0.6,40,"both",0.217976478975032,-0.591845344274662
"3824",39,1,0.00462293829891806,-16.9345481870107,9.04985155038489,77,100,0.217976478975032,-0.591845344274662,39,0,-36.9877,50,0.4,0.6,40,"both",0.217976478975032,-0.591845344274662
"3825",39,1,0.00462293829891806,-16.9345481870107,9.04985155038489,77,100,0.217976478975032,-0.591845344274662,39,1,0.150400000000001,50,0.4,0.6,40,"both",0.217976478975032,-0.591845344274662
"3826",39,1,0.00462293829891806,-16.9345481870107,9.04985155038489,77,100,0.217976478975032,-0.591845344274662,39,1,-6.1934,50,0.4,0.6,40,"both",0.217976478975032,-0.591845344274662
"3827",39,1,0.00462293829891806,-16.9345481870107,9.04985155038489,77,100,0.217976478975032,-0.591845344274662,39,0,-28.48859,50,0.4,0.6,40,"both",0.217976478975032,-0.591845344274662
"3828",39,1,0.00462293829891806,-16.9345481870107,9.04985155038489,77,100,0.217976478975032,-0.591845344274662,39,0,-39.0304,50,0.4,0.6,40,"both",0.217976478975032,-0.591845344274662
"3829",39,1,0.00462293829891806,-16.9345481870107,9.04985155038489,77,100,0.217976478975032,-0.591845344274662,39,0,-21.2399,50,0.4,0.6,40,"both",0.217976478975032,-0.591845344274662
"3830",39,1,0.00462293829891806,-16.9345481870107,9.04985155038489,77,100,0.217976478975032,-0.591845344274662,39,1,-7.3831,50,0.4,0.6,40,"both",0.217976478975032,-0.591845344274662
"3831",39,1,0.00462293829891806,-16.9345481870107,9.04985155038489,77,100,0.217976478975032,-0.591845344274662,39,0,-27.91506,50,0.4,0.6,40,"both",0.217976478975032,-0.591845344274662
"3832",39,1,0.00462293829891806,-16.9345481870107,9.04985155038489,77,100,0.217976478975032,-0.591845344274662,39,0,-13.40003,50,0.4,0.6,40,"both",0.217976478975032,-0.591845344274662
"3833",39,1,0.00462293829891806,-16.9345481870107,9.04985155038489,77,100,0.217976478975032,-0.591845344274662,39,0,-19.57914,50,0.4,0.6,40,"both",0.217976478975032,-0.591845344274662
"3834",39,1,0.00462293829891806,-16.9345481870107,9.04985155038489,77,100,0.217976478975032,-0.591845344274662,39,1,4.1011,50,0.4,0.6,40,"both",0.217976478975032,-0.591845344274662
"3835",39,1,0.00462293829891806,-16.9345481870107,9.04985155038489,77,100,0.217976478975032,-0.591845344274662,39,0,-24.49641,50,0.4,0.6,40,"both",0.217976478975032,-0.591845344274662
"3836",39,1,0.00462293829891806,-16.9345481870107,9.04985155038489,77,100,0.217976478975032,-0.591845344274662,39,0,-28.6373,50,0.4,0.6,40,"both",0.217976478975032,-0.591845344274662
"3837",39,1,0.00462293829891806,-16.9345481870107,9.04985155038489,77,100,0.217976478975032,-0.591845344274662,39,0,-12.06843,50,0.4,0.6,40,"both",0.217976478975032,-0.591845344274662
"3838",39,1,0.00462293829891806,-16.9345481870107,9.04985155038489,77,100,0.217976478975032,-0.591845344274662,39,0,-27.7045,50,0.4,0.6,40,"both",0.217976478975032,-0.591845344274662
"3839",39,1,0.00462293829891806,-16.9345481870107,9.04985155038489,77,100,0.217976478975032,-0.591845344274662,39,1,-7.83377,50,0.4,0.6,40,"both",0.217976478975032,-0.591845344274662
"3840",39,1,0.00462293829891806,-16.9345481870107,9.04985155038489,77,100,0.217976478975032,-0.591845344274662,39,1,-4.43315,50,0.4,0.6,40,"both",0.217976478975032,-0.591845344274662
"3841",39,1,0.00462293829891806,-16.9345481870107,9.04985155038489,77,100,0.217976478975032,-0.591845344274662,39,1,-4.5462,50,0.4,0.6,40,"both",0.217976478975032,-0.591845344274662
"3842",39,1,0.00462293829891806,-16.9345481870107,9.04985155038489,77,100,0.217976478975032,-0.591845344274662,39,1,-17.90372,50,0.4,0.6,40,"both",0.217976478975032,-0.591845344274662
"3843",39,1,0.00462293829891806,-16.9345481870107,9.04985155038489,77,100,0.217976478975032,-0.591845344274662,39,0,-29.7418,50,0.4,0.6,40,"both",0.217976478975032,-0.591845344274662
"3844",39,1,0.00462293829891806,-16.9345481870107,9.04985155038489,77,100,0.217976478975032,-0.591845344274662,39,1,-7.6886,50,0.4,0.6,40,"both",0.217976478975032,-0.591845344274662
"3845",39,1,0.00462293829891806,-16.9345481870107,9.04985155038489,77,100,0.217976478975032,-0.591845344274662,39,0,-24.04908,50,0.4,0.6,40,"both",0.217976478975032,-0.591845344274662
"3846",39,1,0.00462293829891806,-16.9345481870107,9.04985155038489,77,100,0.217976478975032,-0.591845344274662,39,0,-4.59377,50,0.4,0.6,40,"both",0.217976478975032,-0.591845344274662
"3847",39,1,0.00462293829891806,-16.9345481870107,9.04985155038489,77,100,0.217976478975032,-0.591845344274662,39,1,-8.87282,50,0.4,0.6,40,"both",0.217976478975032,-0.591845344274662
"3848",39,1,0.00462293829891806,-16.9345481870107,9.04985155038489,77,100,0.217976478975032,-0.591845344274662,39,0,-25.1812,50,0.4,0.6,40,"both",0.217976478975032,-0.591845344274662
"3849",39,1,0.00462293829891806,-16.9345481870107,9.04985155038489,77,100,0.217976478975032,-0.591845344274662,39,0,-16.09319,50,0.4,0.6,40,"both",0.217976478975032,-0.591845344274662
"3850",39,1,0.00462293829891806,-16.9345481870107,9.04985155038489,77,100,0.217976478975032,-0.591845344274662,39,0,-23.6928,50,0.4,0.6,40,"both",0.217976478975032,-0.591845344274662
"3851",39,1,0.00462293829891806,-16.9345481870107,9.04985155038489,77,100,0.217976478975032,-0.591845344274662,39,1,-21.76305,50,0.4,0.6,40,"both",0.217976478975032,-0.591845344274662
"3852",39,1,0.00462293829891806,-16.9345481870107,9.04985155038489,77,100,0.217976478975032,-0.591845344274662,39,0,-7.78933,50,0.4,0.6,40,"both",0.217976478975032,-0.591845344274662
"3853",39,1,0.00462293829891806,-16.9345481870107,9.04985155038489,77,100,0.217976478975032,-0.591845344274662,39,1,1.4189,50,0.4,0.6,40,"both",0.217976478975032,-0.591845344274662
"3854",39,1,0.00462293829891806,-16.9345481870107,9.04985155038489,77,100,0.217976478975032,-0.591845344274662,39,0,-25.6887,50,0.4,0.6,40,"both",0.217976478975032,-0.591845344274662
"3855",39,1,0.00462293829891806,-16.9345481870107,9.04985155038489,77,100,0.217976478975032,-0.591845344274662,39,0,-6.57353,50,0.4,0.6,40,"both",0.217976478975032,-0.591845344274662
"3856",39,1,0.00462293829891806,-16.9345481870107,9.04985155038489,77,100,0.217976478975032,-0.591845344274662,39,1,-9.22985,50,0.4,0.6,40,"both",0.217976478975032,-0.591845344274662
"3857",39,1,0.00462293829891806,-16.9345481870107,9.04985155038489,77,100,0.217976478975032,-0.591845344274662,39,0,-23.48103,50,0.4,0.6,40,"both",0.217976478975032,-0.591845344274662
"3858",39,1,0.00462293829891806,-16.9345481870107,9.04985155038489,77,100,0.217976478975032,-0.591845344274662,39,1,-29.3307,50,0.4,0.6,40,"both",0.217976478975032,-0.591845344274662
"3859",39,1,0.00462293829891806,-16.9345481870107,9.04985155038489,77,100,0.217976478975032,-0.591845344274662,39,0,-30.135,50,0.4,0.6,40,"both",0.217976478975032,-0.591845344274662
"3860",39,1,0.00462293829891806,-16.9345481870107,9.04985155038489,77,100,0.217976478975032,-0.591845344274662,39,1,-6.6117,50,0.4,0.6,40,"both",0.217976478975032,-0.591845344274662
"3861",39,1,0.00462293829891806,-16.9345481870107,9.04985155038489,77,100,0.217976478975032,-0.591845344274662,39,0,-23.47143,50,0.4,0.6,40,"both",0.217976478975032,-0.591845344274662
"3862",39,1,0.00462293829891806,-16.9345481870107,9.04985155038489,77,100,0.217976478975032,-0.591845344274662,39,1,-22.08593,50,0.4,0.6,40,"both",0.217976478975032,-0.591845344274662
"3863",39,1,0.00462293829891806,-16.9345481870107,9.04985155038489,77,100,0.217976478975032,-0.591845344274662,39,1,-17.8174,50,0.4,0.6,40,"both",0.217976478975032,-0.591845344274662
"3864",39,1,0.00462293829891806,-16.9345481870107,9.04985155038489,77,100,0.217976478975032,-0.591845344274662,39,0,-32.8204,50,0.4,0.6,40,"both",0.217976478975032,-0.591845344274662
"3865",39,1,0.00462293829891806,-16.9345481870107,9.04985155038489,77,100,0.217976478975032,-0.591845344274662,39,0,-23.13235,50,0.4,0.6,40,"both",0.217976478975032,-0.591845344274662
"3866",39,1,0.00462293829891806,-16.9345481870107,9.04985155038489,77,100,0.217976478975032,-0.591845344274662,39,0,-25.5524,50,0.4,0.6,40,"both",0.217976478975032,-0.591845344274662
"3867",39,1,0.00462293829891806,-16.9345481870107,9.04985155038489,77,100,0.217976478975032,-0.591845344274662,39,1,-6.42459,50,0.4,0.6,40,"both",0.217976478975032,-0.591845344274662
"3868",39,1,0.00462293829891806,-16.9345481870107,9.04985155038489,77,100,0.217976478975032,-0.591845344274662,39,0,-23.42618,50,0.4,0.6,40,"both",0.217976478975032,-0.591845344274662
"3869",39,1,0.00462293829891806,-16.9345481870107,9.04985155038489,77,100,0.217976478975032,-0.591845344274662,39,1,-4.8992,50,0.4,0.6,40,"both",0.217976478975032,-0.591845344274662
"3870",39,1,0.00462293829891806,-16.9345481870107,9.04985155038489,77,100,0.217976478975032,-0.591845344274662,39,0,-20.1102,50,0.4,0.6,40,"both",0.217976478975032,-0.591845344274662
"3871",39,1,0.00462293829891806,-16.9345481870107,9.04985155038489,77,100,0.217976478975032,-0.591845344274662,39,1,-2.1021,50,0.4,0.6,40,"both",0.217976478975032,-0.591845344274662
"3872",39,1,0.00462293829891806,-16.9345481870107,9.04985155038489,77,100,0.217976478975032,-0.591845344274662,39,0,-25.73374,50,0.4,0.6,40,"both",0.217976478975032,-0.591845344274662
"3873",39,1,0.00462293829891806,-16.9345481870107,9.04985155038489,77,100,0.217976478975032,-0.591845344274662,39,0,-23.36497,50,0.4,0.6,40,"both",0.217976478975032,-0.591845344274662
"3874",39,1,0.00462293829891806,-16.9345481870107,9.04985155038489,77,100,0.217976478975032,-0.591845344274662,39,1,-22.25699,50,0.4,0.6,40,"both",0.217976478975032,-0.591845344274662
"3875",39,1,0.00462293829891806,-16.9345481870107,9.04985155038489,77,100,0.217976478975032,-0.591845344274662,39,0,-26.73,50,0.4,0.6,40,"both",0.217976478975032,-0.591845344274662
"3876",39,1,0.00462293829891806,-16.9345481870107,9.04985155038489,77,100,0.217976478975032,-0.591845344274662,39,0,-5.3007,50,0.4,0.6,40,"both",0.217976478975032,-0.591845344274662
"3877",39,1,0.00462293829891806,-16.9345481870107,9.04985155038489,77,100,0.217976478975032,-0.591845344274662,39,0,-22.19258,50,0.4,0.6,40,"both",0.217976478975032,-0.591845344274662
"3878",39,1,0.00462293829891806,-16.9345481870107,9.04985155038489,77,100,0.217976478975032,-0.591845344274662,39,0,-26.27009,50,0.4,0.6,40,"both",0.217976478975032,-0.591845344274662
"3879",39,1,0.00462293829891806,-16.9345481870107,9.04985155038489,77,100,0.217976478975032,-0.591845344274662,39,1,-5.0048,50,0.4,0.6,40,"both",0.217976478975032,-0.591845344274662
"3880",39,1,0.00462293829891806,-16.9345481870107,9.04985155038489,77,100,0.217976478975032,-0.591845344274662,39,0,-23.7796,50,0.4,0.6,40,"both",0.217976478975032,-0.591845344274662
"3881",39,1,0.00462293829891806,-16.9345481870107,9.04985155038489,77,100,0.217976478975032,-0.591845344274662,39,0,-29.3595,50,0.4,0.6,40,"both",0.217976478975032,-0.591845344274662
"3882",39,1,0.00462293829891806,-16.9345481870107,9.04985155038489,77,100,0.217976478975032,-0.591845344274662,39,1,-20.00183,50,0.4,0.6,40,"both",0.217976478975032,-0.591845344274662
"3883",39,1,0.00462293829891806,-16.9345481870107,9.04985155038489,77,100,0.217976478975032,-0.591845344274662,39,0,-25.4302,50,0.4,0.6,40,"both",0.217976478975032,-0.591845344274662
"3884",39,1,0.00462293829891806,-16.9345481870107,9.04985155038489,77,100,0.217976478975032,-0.591845344274662,39,1,-8.5541,50,0.4,0.6,40,"both",0.217976478975032,-0.591845344274662
"3885",39,1,0.00462293829891806,-16.9345481870107,9.04985155038489,77,100,0.217976478975032,-0.591845344274662,39,1,-5.94227,50,0.4,0.6,40,"both",0.217976478975032,-0.591845344274662
"3886",39,1,0.00462293829891806,-16.9345481870107,9.04985155038489,77,100,0.217976478975032,-0.591845344274662,39,0,-34.446,50,0.4,0.6,40,"both",0.217976478975032,-0.591845344274662
"3887",39,1,0.00462293829891806,-16.9345481870107,9.04985155038489,77,100,0.217976478975032,-0.591845344274662,39,1,-23.2889,50,0.4,0.6,40,"both",0.217976478975032,-0.591845344274662
"3888",39,1,0.00462293829891806,-16.9345481870107,9.04985155038489,77,100,0.217976478975032,-0.591845344274662,39,0,-22.0147,50,0.4,0.6,40,"both",0.217976478975032,-0.591845344274662
"3889",39,1,0.00462293829891806,-16.9345481870107,9.04985155038489,77,100,0.217976478975032,-0.591845344274662,39,0,-26.5766,50,0.4,0.6,40,"both",0.217976478975032,-0.591845344274662
"3890",39,1,0.00462293829891806,-16.9345481870107,9.04985155038489,77,100,0.217976478975032,-0.591845344274662,39,0,-31.2688,50,0.4,0.6,40,"both",0.217976478975032,-0.591845344274662
"3891",39,1,0.00462293829891806,-16.9345481870107,9.04985155038489,77,100,0.217976478975032,-0.591845344274662,39,1,-18.96596,50,0.4,0.6,40,"both",0.217976478975032,-0.591845344274662
"3892",39,1,0.00462293829891806,-16.9345481870107,9.04985155038489,77,100,0.217976478975032,-0.591845344274662,39,0,-25.46008,50,0.4,0.6,40,"both",0.217976478975032,-0.591845344274662
"3893",39,1,0.00462293829891806,-16.9345481870107,9.04985155038489,77,100,0.217976478975032,-0.591845344274662,39,1,-6.5356,50,0.4,0.6,40,"both",0.217976478975032,-0.591845344274662
"3894",39,1,0.00462293829891806,-16.9345481870107,9.04985155038489,77,100,0.217976478975032,-0.591845344274662,39,1,-8.85047,50,0.4,0.6,40,"both",0.217976478975032,-0.591845344274662
"3895",39,1,0.00462293829891806,-16.9345481870107,9.04985155038489,77,100,0.217976478975032,-0.591845344274662,39,0,-26.39782,50,0.4,0.6,40,"both",0.217976478975032,-0.591845344274662
"3896",39,1,0.00462293829891806,-16.9345481870107,9.04985155038489,77,100,0.217976478975032,-0.591845344274662,39,1,-7.43602,50,0.4,0.6,40,"both",0.217976478975032,-0.591845344274662
"3897",39,1,0.00462293829891806,-16.9345481870107,9.04985155038489,77,100,0.217976478975032,-0.591845344274662,39,0,-21.39948,50,0.4,0.6,40,"both",0.217976478975032,-0.591845344274662
"3898",39,1,0.00462293829891806,-16.9345481870107,9.04985155038489,77,100,0.217976478975032,-0.591845344274662,39,0,-30.1436,50,0.4,0.6,40,"both",0.217976478975032,-0.591845344274662
"3899",39,1,0.00462293829891806,-16.9345481870107,9.04985155038489,77,100,0.217976478975032,-0.591845344274662,39,1,-26.0209,50,0.4,0.6,40,"both",0.217976478975032,-0.591845344274662
"3900",39,1,0.00462293829891806,-16.9345481870107,9.04985155038489,77,100,0.217976478975032,-0.591845344274662,39,1,-10.34139,50,0.4,0.6,40,"both",0.217976478975032,-0.591845344274662
"3901",40,1,0.00584343206583832,11.4178842292389,14.9221078394759,79,100,0.217976478975032,-0.591845344274662,40,0,8.1355619593,50,0.4,0.6,40,"both",0.217976478975032,-0.591845344274662
"3902",40,1,0.00584343206583832,11.4178842292389,14.9221078394759,79,100,0.217976478975032,-0.591845344274662,40,1,12.408738390442,50,0.4,0.6,40,"both",0.217976478975032,-0.591845344274662
"3903",40,1,0.00584343206583832,11.4178842292389,14.9221078394759,79,100,0.217976478975032,-0.591845344274662,40,1,4.6378259259,50,0.4,0.6,40,"both",0.217976478975032,-0.591845344274662
"3904",40,1,0.00584343206583832,11.4178842292389,14.9221078394759,79,100,0.217976478975032,-0.591845344274662,40,0,-1.105772411569,50,0.4,0.6,40,"both",0.217976478975032,-0.591845344274662
"3905",40,1,0.00584343206583832,11.4178842292389,14.9221078394759,79,100,0.217976478975032,-0.591845344274662,40,1,1.5656346141,50,0.4,0.6,40,"both",0.217976478975032,-0.591845344274662
"3906",40,1,0.00584343206583832,11.4178842292389,14.9221078394759,79,100,0.217976478975032,-0.591845344274662,40,0,-48.2598,50,0.4,0.6,40,"both",0.217976478975032,-0.591845344274662
"3907",40,1,0.00584343206583832,11.4178842292389,14.9221078394759,79,100,0.217976478975032,-0.591845344274662,40,0,6.36122,50,0.4,0.6,40,"both",0.217976478975032,-0.591845344274662
"3908",40,1,0.00584343206583832,11.4178842292389,14.9221078394759,79,100,0.217976478975032,-0.591845344274662,40,0,12.33755,50,0.4,0.6,40,"both",0.217976478975032,-0.591845344274662
"3909",40,1,0.00584343206583832,11.4178842292389,14.9221078394759,79,100,0.217976478975032,-0.591845344274662,40,0,8.4675793164,50,0.4,0.6,40,"both",0.217976478975032,-0.591845344274662
"3910",40,1,0.00584343206583832,11.4178842292389,14.9221078394759,79,100,0.217976478975032,-0.591845344274662,40,1,8.7313881865,50,0.4,0.6,40,"both",0.217976478975032,-0.591845344274662
"3911",40,1,0.00584343206583832,11.4178842292389,14.9221078394759,79,100,0.217976478975032,-0.591845344274662,40,1,7.0587751902,50,0.4,0.6,40,"both",0.217976478975032,-0.591845344274662
"3912",40,1,0.00584343206583832,11.4178842292389,14.9221078394759,79,100,0.217976478975032,-0.591845344274662,40,1,48.809473,50,0.4,0.6,40,"both",0.217976478975032,-0.591845344274662
"3913",40,1,0.00584343206583832,11.4178842292389,14.9221078394759,79,100,0.217976478975032,-0.591845344274662,40,1,4.6098,50,0.4,0.6,40,"both",0.217976478975032,-0.591845344274662
"3914",40,1,0.00584343206583832,11.4178842292389,14.9221078394759,79,100,0.217976478975032,-0.591845344274662,40,1,2.43523,50,0.4,0.6,40,"both",0.217976478975032,-0.591845344274662
"3915",40,1,0.00584343206583832,11.4178842292389,14.9221078394759,79,100,0.217976478975032,-0.591845344274662,40,1,6.96062,50,0.4,0.6,40,"both",0.217976478975032,-0.591845344274662
"3916",40,1,0.00584343206583832,11.4178842292389,14.9221078394759,79,100,0.217976478975032,-0.591845344274662,40,0,-2.767772804148,50,0.4,0.6,40,"both",0.217976478975032,-0.591845344274662
"3917",40,1,0.00584343206583832,11.4178842292389,14.9221078394759,79,100,0.217976478975032,-0.591845344274662,40,0,-0.4034744501,50,0.4,0.6,40,"both",0.217976478975032,-0.591845344274662
"3918",40,1,0.00584343206583832,11.4178842292389,14.9221078394759,79,100,0.217976478975032,-0.591845344274662,40,0,0.85113,50,0.4,0.6,40,"both",0.217976478975032,-0.591845344274662
"3919",40,1,0.00584343206583832,11.4178842292389,14.9221078394759,79,100,0.217976478975032,-0.591845344274662,40,1,3.1685592824,50,0.4,0.6,40,"both",0.217976478975032,-0.591845344274662
"3920",40,1,0.00584343206583832,11.4178842292389,14.9221078394759,79,100,0.217976478975032,-0.591845344274662,40,0,3.48355,50,0.4,0.6,40,"both",0.217976478975032,-0.591845344274662
"3921",40,1,0.00584343206583832,11.4178842292389,14.9221078394759,79,100,0.217976478975032,-0.591845344274662,40,1,36.5442,50,0.4,0.6,40,"both",0.217976478975032,-0.591845344274662
"3922",40,1,0.00584343206583832,11.4178842292389,14.9221078394759,79,100,0.217976478975032,-0.591845344274662,40,1,13.23429,50,0.4,0.6,40,"both",0.217976478975032,-0.591845344274662
"3923",40,1,0.00584343206583832,11.4178842292389,14.9221078394759,79,100,0.217976478975032,-0.591845344274662,40,1,30.4371,50,0.4,0.6,40,"both",0.217976478975032,-0.591845344274662
"3924",40,1,0.00584343206583832,11.4178842292389,14.9221078394759,79,100,0.217976478975032,-0.591845344274662,40,0,32.062,50,0.4,0.6,40,"both",0.217976478975032,-0.591845344274662
"3925",40,1,0.00584343206583832,11.4178842292389,14.9221078394759,79,100,0.217976478975032,-0.591845344274662,40,0,2.4426035005,50,0.4,0.6,40,"both",0.217976478975032,-0.591845344274662
"3926",40,1,0.00584343206583832,11.4178842292389,14.9221078394759,79,100,0.217976478975032,-0.591845344274662,40,1,15.06467,50,0.4,0.6,40,"both",0.217976478975032,-0.591845344274662
"3927",40,1,0.00584343206583832,11.4178842292389,14.9221078394759,79,100,0.217976478975032,-0.591845344274662,40,1,21.31219,50,0.4,0.6,40,"both",0.217976478975032,-0.591845344274662
"3928",40,1,0.00584343206583832,11.4178842292389,14.9221078394759,79,100,0.217976478975032,-0.591845344274662,40,1,24.44107,50,0.4,0.6,40,"both",0.217976478975032,-0.591845344274662
"3929",40,1,0.00584343206583832,11.4178842292389,14.9221078394759,79,100,0.217976478975032,-0.591845344274662,40,1,24.660834,50,0.4,0.6,40,"both",0.217976478975032,-0.591845344274662
"3930",40,1,0.00584343206583832,11.4178842292389,14.9221078394759,79,100,0.217976478975032,-0.591845344274662,40,0,-10.50332,50,0.4,0.6,40,"both",0.217976478975032,-0.591845344274662
"3931",40,1,0.00584343206583832,11.4178842292389,14.9221078394759,79,100,0.217976478975032,-0.591845344274662,40,1,12.43164,50,0.4,0.6,40,"both",0.217976478975032,-0.591845344274662
"3932",40,1,0.00584343206583832,11.4178842292389,14.9221078394759,79,100,0.217976478975032,-0.591845344274662,40,1,24.27593,50,0.4,0.6,40,"both",0.217976478975032,-0.591845344274662
"3933",40,1,0.00584343206583832,11.4178842292389,14.9221078394759,79,100,0.217976478975032,-0.591845344274662,40,0,-6.3633,50,0.4,0.6,40,"both",0.217976478975032,-0.591845344274662
"3934",40,1,0.00584343206583832,11.4178842292389,14.9221078394759,79,100,0.217976478975032,-0.591845344274662,40,0,-9.73261,50,0.4,0.6,40,"both",0.217976478975032,-0.591845344274662
"3935",40,1,0.00584343206583832,11.4178842292389,14.9221078394759,79,100,0.217976478975032,-0.591845344274662,40,0,0.0361000000000011,50,0.4,0.6,40,"both",0.217976478975032,-0.591845344274662
"3936",40,1,0.00584343206583832,11.4178842292389,14.9221078394759,79,100,0.217976478975032,-0.591845344274662,40,1,9.59735,50,0.4,0.6,40,"both",0.217976478975032,-0.591845344274662
"3937",40,1,0.00584343206583832,11.4178842292389,14.9221078394759,79,100,0.217976478975032,-0.591845344274662,40,0,-1.13004,50,0.4,0.6,40,"both",0.217976478975032,-0.591845344274662
"3938",40,1,0.00584343206583832,11.4178842292389,14.9221078394759,79,100,0.217976478975032,-0.591845344274662,40,1,19.36158,50,0.4,0.6,40,"both",0.217976478975032,-0.591845344274662
"3939",40,1,0.00584343206583832,11.4178842292389,14.9221078394759,79,100,0.217976478975032,-0.591845344274662,40,0,-11.64771,50,0.4,0.6,40,"both",0.217976478975032,-0.591845344274662
"3940",40,1,0.00584343206583832,11.4178842292389,14.9221078394759,79,100,0.217976478975032,-0.591845344274662,40,0,6.11981,50,0.4,0.6,40,"both",0.217976478975032,-0.591845344274662
"3941",40,1,0.00584343206583832,11.4178842292389,14.9221078394759,79,100,0.217976478975032,-0.591845344274662,40,0,3.23756,50,0.4,0.6,40,"both",0.217976478975032,-0.591845344274662
"3942",40,1,0.00584343206583832,11.4178842292389,14.9221078394759,79,100,0.217976478975032,-0.591845344274662,40,0,1.40507,50,0.4,0.6,40,"both",0.217976478975032,-0.591845344274662
"3943",40,1,0.00584343206583832,11.4178842292389,14.9221078394759,79,100,0.217976478975032,-0.591845344274662,40,0,-1.28993,50,0.4,0.6,40,"both",0.217976478975032,-0.591845344274662
"3944",40,1,0.00584343206583832,11.4178842292389,14.9221078394759,79,100,0.217976478975032,-0.591845344274662,40,0,9.56003,50,0.4,0.6,40,"both",0.217976478975032,-0.591845344274662
"3945",40,1,0.00584343206583832,11.4178842292389,14.9221078394759,79,100,0.217976478975032,-0.591845344274662,40,0,-13.70757,50,0.4,0.6,40,"both",0.217976478975032,-0.591845344274662
"3946",40,1,0.00584343206583832,11.4178842292389,14.9221078394759,79,100,0.217976478975032,-0.591845344274662,40,1,11.04701,50,0.4,0.6,40,"both",0.217976478975032,-0.591845344274662
"3947",40,1,0.00584343206583832,11.4178842292389,14.9221078394759,79,100,0.217976478975032,-0.591845344274662,40,1,0.51066,50,0.4,0.6,40,"both",0.217976478975032,-0.591845344274662
"3948",40,1,0.00584343206583832,11.4178842292389,14.9221078394759,79,100,0.217976478975032,-0.591845344274662,40,0,-6.20553,50,0.4,0.6,40,"both",0.217976478975032,-0.591845344274662
"3949",40,1,0.00584343206583832,11.4178842292389,14.9221078394759,79,100,0.217976478975032,-0.591845344274662,40,0,-5.94469,50,0.4,0.6,40,"both",0.217976478975032,-0.591845344274662
"3950",40,1,0.00584343206583832,11.4178842292389,14.9221078394759,79,100,0.217976478975032,-0.591845344274662,40,1,23.68479,50,0.4,0.6,40,"both",0.217976478975032,-0.591845344274662
"3951",40,1,0.00584343206583832,11.4178842292389,14.9221078394759,79,100,0.217976478975032,-0.591845344274662,40,1,13.65334,50,0.4,0.6,40,"both",0.217976478975032,-0.591845344274662
"3952",40,1,0.00584343206583832,11.4178842292389,14.9221078394759,79,100,0.217976478975032,-0.591845344274662,40,1,-4.77758,50,0.4,0.6,40,"both",0.217976478975032,-0.591845344274662
"3953",40,1,0.00584343206583832,11.4178842292389,14.9221078394759,79,100,0.217976478975032,-0.591845344274662,40,0,0.67829,50,0.4,0.6,40,"both",0.217976478975032,-0.591845344274662
"3954",40,1,0.00584343206583832,11.4178842292389,14.9221078394759,79,100,0.217976478975032,-0.591845344274662,40,0,-3.33213,50,0.4,0.6,40,"both",0.217976478975032,-0.591845344274662
"3955",40,1,0.00584343206583832,11.4178842292389,14.9221078394759,79,100,0.217976478975032,-0.591845344274662,40,0,1.34639,50,0.4,0.6,40,"both",0.217976478975032,-0.591845344274662
"3956",40,1,0.00584343206583832,11.4178842292389,14.9221078394759,79,100,0.217976478975032,-0.591845344274662,40,0,11.01345,50,0.4,0.6,40,"both",0.217976478975032,-0.591845344274662
"3957",40,1,0.00584343206583832,11.4178842292389,14.9221078394759,79,100,0.217976478975032,-0.591845344274662,40,0,12.26063,50,0.4,0.6,40,"both",0.217976478975032,-0.591845344274662
"3958",40,1,0.00584343206583832,11.4178842292389,14.9221078394759,79,100,0.217976478975032,-0.591845344274662,40,1,19.2606,50,0.4,0.6,40,"both",0.217976478975032,-0.591845344274662
"3959",40,1,0.00584343206583832,11.4178842292389,14.9221078394759,79,100,0.217976478975032,-0.591845344274662,40,0,3.84166,50,0.4,0.6,40,"both",0.217976478975032,-0.591845344274662
"3960",40,1,0.00584343206583832,11.4178842292389,14.9221078394759,79,100,0.217976478975032,-0.591845344274662,40,0,12.03811,50,0.4,0.6,40,"both",0.217976478975032,-0.591845344274662
"3961",40,1,0.00584343206583832,11.4178842292389,14.9221078394759,79,100,0.217976478975032,-0.591845344274662,40,1,26.03207,50,0.4,0.6,40,"both",0.217976478975032,-0.591845344274662
"3962",40,1,0.00584343206583832,11.4178842292389,14.9221078394759,79,100,0.217976478975032,-0.591845344274662,40,0,-4.78844,50,0.4,0.6,40,"both",0.217976478975032,-0.591845344274662
"3963",40,1,0.00584343206583832,11.4178842292389,14.9221078394759,79,100,0.217976478975032,-0.591845344274662,40,0,7.09886,50,0.4,0.6,40,"both",0.217976478975032,-0.591845344274662
"3964",40,1,0.00584343206583832,11.4178842292389,14.9221078394759,79,100,0.217976478975032,-0.591845344274662,40,0,-2.8281,50,0.4,0.6,40,"both",0.217976478975032,-0.591845344274662
"3965",40,1,0.00584343206583832,11.4178842292389,14.9221078394759,79,100,0.217976478975032,-0.591845344274662,40,1,22.06383,50,0.4,0.6,40,"both",0.217976478975032,-0.591845344274662
"3966",40,1,0.00584343206583832,11.4178842292389,14.9221078394759,79,100,0.217976478975032,-0.591845344274662,40,1,24.00393,50,0.4,0.6,40,"both",0.217976478975032,-0.591845344274662
"3967",40,1,0.00584343206583832,11.4178842292389,14.9221078394759,79,100,0.217976478975032,-0.591845344274662,40,0,15.04626,50,0.4,0.6,40,"both",0.217976478975032,-0.591845344274662
"3968",40,1,0.00584343206583832,11.4178842292389,14.9221078394759,79,100,0.217976478975032,-0.591845344274662,40,0,-5.92408,50,0.4,0.6,40,"both",0.217976478975032,-0.591845344274662
"3969",40,1,0.00584343206583832,11.4178842292389,14.9221078394759,79,100,0.217976478975032,-0.591845344274662,40,0,4.52565,50,0.4,0.6,40,"both",0.217976478975032,-0.591845344274662
"3970",40,1,0.00584343206583832,11.4178842292389,14.9221078394759,79,100,0.217976478975032,-0.591845344274662,40,0,-1.81192,50,0.4,0.6,40,"both",0.217976478975032,-0.591845344274662
"3971",40,1,0.00584343206583832,11.4178842292389,14.9221078394759,79,100,0.217976478975032,-0.591845344274662,40,0,13.58207,50,0.4,0.6,40,"both",0.217976478975032,-0.591845344274662
"3972",40,1,0.00584343206583832,11.4178842292389,14.9221078394759,79,100,0.217976478975032,-0.591845344274662,40,0,-2.492,50,0.4,0.6,40,"both",0.217976478975032,-0.591845344274662
"3973",40,1,0.00584343206583832,11.4178842292389,14.9221078394759,79,100,0.217976478975032,-0.591845344274662,40,1,15.35687,50,0.4,0.6,40,"both",0.217976478975032,-0.591845344274662
"3974",40,1,0.00584343206583832,11.4178842292389,14.9221078394759,79,100,0.217976478975032,-0.591845344274662,40,0,-8.31231,50,0.4,0.6,40,"both",0.217976478975032,-0.591845344274662
"3975",40,1,0.00584343206583832,11.4178842292389,14.9221078394759,79,100,0.217976478975032,-0.591845344274662,40,0,23.18329,50,0.4,0.6,40,"both",0.217976478975032,-0.591845344274662
"3976",40,1,0.00584343206583832,11.4178842292389,14.9221078394759,79,100,0.217976478975032,-0.591845344274662,40,1,15.57381,50,0.4,0.6,40,"both",0.217976478975032,-0.591845344274662
"3977",40,1,0.00584343206583832,11.4178842292389,14.9221078394759,79,100,0.217976478975032,-0.591845344274662,40,1,14.05774,50,0.4,0.6,40,"both",0.217976478975032,-0.591845344274662
"3978",40,1,0.00584343206583832,11.4178842292389,14.9221078394759,79,100,0.217976478975032,-0.591845344274662,40,1,-0.566470000000001,50,0.4,0.6,40,"both",0.217976478975032,-0.591845344274662
"3979",40,1,0.00584343206583832,11.4178842292389,14.9221078394759,79,100,0.217976478975032,-0.591845344274662,40,0,17.61581,50,0.4,0.6,40,"both",0.217976478975032,-0.591845344274662
"3980",40,1,0.00584343206583832,11.4178842292389,14.9221078394759,79,100,0.217976478975032,-0.591845344274662,40,0,16.72177,50,0.4,0.6,40,"both",0.217976478975032,-0.591845344274662
"3981",40,1,0.00584343206583832,11.4178842292389,14.9221078394759,79,100,0.217976478975032,-0.591845344274662,40,0,19.81199,50,0.4,0.6,40,"both",0.217976478975032,-0.591845344274662
"3982",40,1,0.00584343206583832,11.4178842292389,14.9221078394759,79,100,0.217976478975032,-0.591845344274662,40,0,-1.9454,50,0.4,0.6,40,"both",0.217976478975032,-0.591845344274662
"3983",40,1,0.00584343206583832,11.4178842292389,14.9221078394759,79,100,0.217976478975032,-0.591845344274662,40,0,-7.81483,50,0.4,0.6,40,"both",0.217976478975032,-0.591845344274662
"3984",40,1,0.00584343206583832,11.4178842292389,14.9221078394759,79,100,0.217976478975032,-0.591845344274662,40,0,6.78488,50,0.4,0.6,40,"both",0.217976478975032,-0.591845344274662
"3985",40,1,0.00584343206583832,11.4178842292389,14.9221078394759,79,100,0.217976478975032,-0.591845344274662,40,1,22.7165,50,0.4,0.6,40,"both",0.217976478975032,-0.591845344274662
"3986",40,1,0.00584343206583832,11.4178842292389,14.9221078394759,79,100,0.217976478975032,-0.591845344274662,40,0,24.8506,50,0.4,0.6,40,"both",0.217976478975032,-0.591845344274662
"3987",40,1,0.00584343206583832,11.4178842292389,14.9221078394759,79,100,0.217976478975032,-0.591845344274662,40,1,11.77503,50,0.4,0.6,40,"both",0.217976478975032,-0.591845344274662
"3988",40,1,0.00584343206583832,11.4178842292389,14.9221078394759,79,100,0.217976478975032,-0.591845344274662,40,0,0.0557999999999996,50,0.4,0.6,40,"both",0.217976478975032,-0.591845344274662
"3989",40,1,0.00584343206583832,11.4178842292389,14.9221078394759,79,100,0.217976478975032,-0.591845344274662,40,0,5.75313,50,0.4,0.6,40,"both",0.217976478975032,-0.591845344274662
"3990",40,1,0.00584343206583832,11.4178842292389,14.9221078394759,79,100,0.217976478975032,-0.591845344274662,40,0,-13.25474,50,0.4,0.6,40,"both",0.217976478975032,-0.591845344274662
"3991",40,1,0.00584343206583832,11.4178842292389,14.9221078394759,79,100,0.217976478975032,-0.591845344274662,40,0,-7.2131,50,0.4,0.6,40,"both",0.217976478975032,-0.591845344274662
"3992",40,1,0.00584343206583832,11.4178842292389,14.9221078394759,79,100,0.217976478975032,-0.591845344274662,40,0,-5.41131,50,0.4,0.6,40,"both",0.217976478975032,-0.591845344274662
"3993",40,1,0.00584343206583832,11.4178842292389,14.9221078394759,79,100,0.217976478975032,-0.591845344274662,40,1,33.7087,50,0.4,0.6,40,"both",0.217976478975032,-0.591845344274662
"3994",40,1,0.00584343206583832,11.4178842292389,14.9221078394759,79,100,0.217976478975032,-0.591845344274662,40,1,-0.903090000000001,50,0.4,0.6,40,"both",0.217976478975032,-0.591845344274662
"3995",40,1,0.00584343206583832,11.4178842292389,14.9221078394759,79,100,0.217976478975032,-0.591845344274662,40,0,-10.18301,50,0.4,0.6,40,"both",0.217976478975032,-0.591845344274662
"3996",40,1,0.00584343206583832,11.4178842292389,14.9221078394759,79,100,0.217976478975032,-0.591845344274662,40,1,22.41668,50,0.4,0.6,40,"both",0.217976478975032,-0.591845344274662
"3997",40,1,0.00584343206583832,11.4178842292389,14.9221078394759,79,100,0.217976478975032,-0.591845344274662,40,0,0.53027,50,0.4,0.6,40,"both",0.217976478975032,-0.591845344274662
"3998",40,1,0.00584343206583832,11.4178842292389,14.9221078394759,79,100,0.217976478975032,-0.591845344274662,40,0,-2.9572,50,0.4,0.6,40,"both",0.217976478975032,-0.591845344274662
"3999",40,1,0.00584343206583832,11.4178842292389,14.9221078394759,79,100,0.217976478975032,-0.591845344274662,40,1,19.33624,50,0.4,0.6,40,"both",0.217976478975032,-0.591845344274662
"4000",40,1,0.00584343206583832,11.4178842292389,14.9221078394759,79,100,0.217976478975032,-0.591845344274662,40,1,25.483,50,0.4,0.6,40,"both",0.217976478975032,-0.591845344274662
"4001",1,2,0.00935945371882542,6.79455462279857,12.7175013685382,2,100,0.217976478975032,-0.591845344274662,41,0,-7.7189869069,50,0.4,0.6,40,"both",0.217976478975032,-0.591845344274662
"4002",1,2,0.00935945371882542,6.79455462279857,12.7175013685382,2,100,0.217976478975032,-0.591845344274662,41,1,7.26494121065,50,0.4,0.6,40,"both",0.217976478975032,-0.591845344274662
"4003",1,2,0.00935945371882542,6.79455462279857,12.7175013685382,2,100,0.217976478975032,-0.591845344274662,41,0,-1.33991798241,50,0.4,0.6,40,"both",0.217976478975032,-0.591845344274662
"4004",1,2,0.00935945371882542,6.79455462279857,12.7175013685382,2,100,0.217976478975032,-0.591845344274662,41,0,0.1707546749,50,0.4,0.6,40,"both",0.217976478975032,-0.591845344274662
"4005",1,2,0.00935945371882542,6.79455462279857,12.7175013685382,2,100,0.217976478975032,-0.591845344274662,41,1,6.17295,50,0.4,0.6,40,"both",0.217976478975032,-0.591845344274662
"4006",1,2,0.00935945371882542,6.79455462279857,12.7175013685382,2,100,0.217976478975032,-0.591845344274662,41,0,-0.242964,50,0.4,0.6,40,"both",0.217976478975032,-0.591845344274662
"4007",1,2,0.00935945371882542,6.79455462279857,12.7175013685382,2,100,0.217976478975032,-0.591845344274662,41,0,-1.303452,50,0.4,0.6,40,"both",0.217976478975032,-0.591845344274662
"4008",1,2,0.00935945371882542,6.79455462279857,12.7175013685382,2,100,0.217976478975032,-0.591845344274662,41,0,-1.97085,50,0.4,0.6,40,"both",0.217976478975032,-0.591845344274662
"4009",1,2,0.00935945371882542,6.79455462279857,12.7175013685382,2,100,0.217976478975032,-0.591845344274662,41,0,-0.277902,50,0.4,0.6,40,"both",0.217976478975032,-0.591845344274662
"4010",1,2,0.00935945371882542,6.79455462279857,12.7175013685382,2,100,0.217976478975032,-0.591845344274662,41,0,5.70616,50,0.4,0.6,40,"both",0.217976478975032,-0.591845344274662
"4011",1,2,0.00935945371882542,6.79455462279857,12.7175013685382,2,100,0.217976478975032,-0.591845344274662,41,0,-1.39854,50,0.4,0.6,40,"both",0.217976478975032,-0.591845344274662
"4012",1,2,0.00935945371882542,6.79455462279857,12.7175013685382,2,100,0.217976478975032,-0.591845344274662,41,0,2.26569,50,0.4,0.6,40,"both",0.217976478975032,-0.591845344274662
"4013",1,2,0.00935945371882542,6.79455462279857,12.7175013685382,2,100,0.217976478975032,-0.591845344274662,41,0,11.93994,50,0.4,0.6,40,"both",0.217976478975032,-0.591845344274662
"4014",1,2,0.00935945371882542,6.79455462279857,12.7175013685382,2,100,0.217976478975032,-0.591845344274662,41,1,14.23333,50,0.4,0.6,40,"both",0.217976478975032,-0.591845344274662
"4015",1,2,0.00935945371882542,6.79455462279857,12.7175013685382,2,100,0.217976478975032,-0.591845344274662,41,0,2.66061,50,0.4,0.6,40,"both",0.217976478975032,-0.591845344274662
"4016",1,2,0.00935945371882542,6.79455462279857,12.7175013685382,2,100,0.217976478975032,-0.591845344274662,41,1,18.24018,50,0.4,0.6,40,"both",0.217976478975032,-0.591845344274662
"4017",1,2,0.00935945371882542,6.79455462279857,12.7175013685382,2,100,0.217976478975032,-0.591845344274662,41,1,12.33796,50,0.4,0.6,40,"both",0.217976478975032,-0.591845344274662
"4018",1,2,0.00935945371882542,6.79455462279857,12.7175013685382,2,100,0.217976478975032,-0.591845344274662,41,1,-0.18876,50,0.4,0.6,40,"both",0.217976478975032,-0.591845344274662
"4019",1,2,0.00935945371882542,6.79455462279857,12.7175013685382,2,100,0.217976478975032,-0.591845344274662,41,0,9.93173,50,0.4,0.6,40,"both",0.217976478975032,-0.591845344274662
"4020",1,2,0.00935945371882542,6.79455462279857,12.7175013685382,2,100,0.217976478975032,-0.591845344274662,41,1,33.8661,50,0.4,0.6,40,"both",0.217976478975032,-0.591845344274662
"4021",1,2,0.00935945371882542,6.79455462279857,12.7175013685382,2,100,0.217976478975032,-0.591845344274662,41,0,8.51829,50,0.4,0.6,40,"both",0.217976478975032,-0.591845344274662
"4022",1,2,0.00935945371882542,6.79455462279857,12.7175013685382,2,100,0.217976478975032,-0.591845344274662,41,1,32.12003,50,0.4,0.6,40,"both",0.217976478975032,-0.591845344274662
"4023",1,2,0.00935945371882542,6.79455462279857,12.7175013685382,2,100,0.217976478975032,-0.591845344274662,41,0,6.47016,50,0.4,0.6,40,"both",0.217976478975032,-0.591845344274662
"4024",1,2,0.00935945371882542,6.79455462279857,12.7175013685382,2,100,0.217976478975032,-0.591845344274662,41,0,8.70833,50,0.4,0.6,40,"both",0.217976478975032,-0.591845344274662
"4025",1,2,0.00935945371882542,6.79455462279857,12.7175013685382,2,100,0.217976478975032,-0.591845344274662,41,0,13.29829,50,0.4,0.6,40,"both",0.217976478975032,-0.591845344274662
"4026",1,2,0.00935945371882542,6.79455462279857,12.7175013685382,2,100,0.217976478975032,-0.591845344274662,41,1,45.73421,50,0.4,0.6,40,"both",0.217976478975032,-0.591845344274662
"4027",1,2,0.00935945371882542,6.79455462279857,12.7175013685382,2,100,0.217976478975032,-0.591845344274662,41,0,22.35763,50,0.4,0.6,40,"both",0.217976478975032,-0.591845344274662
"4028",1,2,0.00935945371882542,6.79455462279857,12.7175013685382,2,100,0.217976478975032,-0.591845344274662,41,0,-2.2031,50,0.4,0.6,40,"both",0.217976478975032,-0.591845344274662
"4029",1,2,0.00935945371882542,6.79455462279857,12.7175013685382,2,100,0.217976478975032,-0.591845344274662,41,0,10.5349,50,0.4,0.6,40,"both",0.217976478975032,-0.591845344274662
"4030",1,2,0.00935945371882542,6.79455462279857,12.7175013685382,2,100,0.217976478975032,-0.591845344274662,41,1,23.27559,50,0.4,0.6,40,"both",0.217976478975032,-0.591845344274662
"4031",1,2,0.00935945371882542,6.79455462279857,12.7175013685382,2,100,0.217976478975032,-0.591845344274662,41,0,4.2626,50,0.4,0.6,40,"both",0.217976478975032,-0.591845344274662
"4032",1,2,0.00935945371882542,6.79455462279857,12.7175013685382,2,100,0.217976478975032,-0.591845344274662,41,1,8.53536,50,0.4,0.6,40,"both",0.217976478975032,-0.591845344274662
"4033",1,2,0.00935945371882542,6.79455462279857,12.7175013685382,2,100,0.217976478975032,-0.591845344274662,41,1,-3.3319,50,0.4,0.6,40,"both",0.217976478975032,-0.591845344274662
"4034",1,2,0.00935945371882542,6.79455462279857,12.7175013685382,2,100,0.217976478975032,-0.591845344274662,41,0,10.54096,50,0.4,0.6,40,"both",0.217976478975032,-0.591845344274662
"4035",1,2,0.00935945371882542,6.79455462279857,12.7175013685382,2,100,0.217976478975032,-0.591845344274662,41,0,-4.7347,50,0.4,0.6,40,"both",0.217976478975032,-0.591845344274662
"4036",1,2,0.00935945371882542,6.79455462279857,12.7175013685382,2,100,0.217976478975032,-0.591845344274662,41,1,-2.89436,50,0.4,0.6,40,"both",0.217976478975032,-0.591845344274662
"4037",1,2,0.00935945371882542,6.79455462279857,12.7175013685382,2,100,0.217976478975032,-0.591845344274662,41,0,19.72099,50,0.4,0.6,40,"both",0.217976478975032,-0.591845344274662
"4038",1,2,0.00935945371882542,6.79455462279857,12.7175013685382,2,100,0.217976478975032,-0.591845344274662,41,1,16.01115,50,0.4,0.6,40,"both",0.217976478975032,-0.591845344274662
"4039",1,2,0.00935945371882542,6.79455462279857,12.7175013685382,2,100,0.217976478975032,-0.591845344274662,41,1,38.27254,50,0.4,0.6,40,"both",0.217976478975032,-0.591845344274662
"4040",1,2,0.00935945371882542,6.79455462279857,12.7175013685382,2,100,0.217976478975032,-0.591845344274662,41,1,22.61329,50,0.4,0.6,40,"both",0.217976478975032,-0.591845344274662
"4041",1,2,0.00935945371882542,6.79455462279857,12.7175013685382,2,100,0.217976478975032,-0.591845344274662,41,1,16.84651,50,0.4,0.6,40,"both",0.217976478975032,-0.591845344274662
"4042",1,2,0.00935945371882542,6.79455462279857,12.7175013685382,2,100,0.217976478975032,-0.591845344274662,41,0,6.49795,50,0.4,0.6,40,"both",0.217976478975032,-0.591845344274662
"4043",1,2,0.00935945371882542,6.79455462279857,12.7175013685382,2,100,0.217976478975032,-0.591845344274662,41,1,21.69664,50,0.4,0.6,40,"both",0.217976478975032,-0.591845344274662
"4044",1,2,0.00935945371882542,6.79455462279857,12.7175013685382,2,100,0.217976478975032,-0.591845344274662,41,1,21.17522,50,0.4,0.6,40,"both",0.217976478975032,-0.591845344274662
"4045",1,2,0.00935945371882542,6.79455462279857,12.7175013685382,2,100,0.217976478975032,-0.591845344274662,41,1,21.37696,50,0.4,0.6,40,"both",0.217976478975032,-0.591845344274662
"4046",1,2,0.00935945371882542,6.79455462279857,12.7175013685382,2,100,0.217976478975032,-0.591845344274662,41,0,1.74758,50,0.4,0.6,40,"both",0.217976478975032,-0.591845344274662
"4047",1,2,0.00935945371882542,6.79455462279857,12.7175013685382,2,100,0.217976478975032,-0.591845344274662,41,0,9.04716,50,0.4,0.6,40,"both",0.217976478975032,-0.591845344274662
"4048",1,2,0.00935945371882542,6.79455462279857,12.7175013685382,2,100,0.217976478975032,-0.591845344274662,41,0,23.002,50,0.4,0.6,40,"both",0.217976478975032,-0.591845344274662
"4049",1,2,0.00935945371882542,6.79455462279857,12.7175013685382,2,100,0.217976478975032,-0.591845344274662,41,1,29.6733,50,0.4,0.6,40,"both",0.217976478975032,-0.591845344274662
"4050",1,2,0.00935945371882542,6.79455462279857,12.7175013685382,2,100,0.217976478975032,-0.591845344274662,41,0,6.58147,50,0.4,0.6,40,"both",0.217976478975032,-0.591845344274662
"4051",1,2,0.00935945371882542,6.79455462279857,12.7175013685382,2,100,0.217976478975032,-0.591845344274662,41,1,37.5639,50,0.4,0.6,40,"both",0.217976478975032,-0.591845344274662
"4052",1,2,0.00935945371882542,6.79455462279857,12.7175013685382,2,100,0.217976478975032,-0.591845344274662,41,1,25.86915,50,0.4,0.6,40,"both",0.217976478975032,-0.591845344274662
"4053",1,2,0.00935945371882542,6.79455462279857,12.7175013685382,2,100,0.217976478975032,-0.591845344274662,41,1,26.9176,50,0.4,0.6,40,"both",0.217976478975032,-0.591845344274662
"4054",1,2,0.00935945371882542,6.79455462279857,12.7175013685382,2,100,0.217976478975032,-0.591845344274662,41,0,12.45415,50,0.4,0.6,40,"both",0.217976478975032,-0.591845344274662
"4055",1,2,0.00935945371882542,6.79455462279857,12.7175013685382,2,100,0.217976478975032,-0.591845344274662,41,1,20.02994,50,0.4,0.6,40,"both",0.217976478975032,-0.591845344274662
"4056",1,2,0.00935945371882542,6.79455462279857,12.7175013685382,2,100,0.217976478975032,-0.591845344274662,41,1,26.6938,50,0.4,0.6,40,"both",0.217976478975032,-0.591845344274662
"4057",1,2,0.00935945371882542,6.79455462279857,12.7175013685382,2,100,0.217976478975032,-0.591845344274662,41,1,31.027,50,0.4,0.6,40,"both",0.217976478975032,-0.591845344274662
"4058",1,2,0.00935945371882542,6.79455462279857,12.7175013685382,2,100,0.217976478975032,-0.591845344274662,41,1,7.13585,50,0.4,0.6,40,"both",0.217976478975032,-0.591845344274662
"4059",1,2,0.00935945371882542,6.79455462279857,12.7175013685382,2,100,0.217976478975032,-0.591845344274662,41,1,3.14303,50,0.4,0.6,40,"both",0.217976478975032,-0.591845344274662
"4060",1,2,0.00935945371882542,6.79455462279857,12.7175013685382,2,100,0.217976478975032,-0.591845344274662,41,1,30.8996,50,0.4,0.6,40,"both",0.217976478975032,-0.591845344274662
"4061",1,2,0.00935945371882542,6.79455462279857,12.7175013685382,2,100,0.217976478975032,-0.591845344274662,41,1,16.68017,50,0.4,0.6,40,"both",0.217976478975032,-0.591845344274662
"4062",1,2,0.00935945371882542,6.79455462279857,12.7175013685382,2,100,0.217976478975032,-0.591845344274662,41,1,29.6716,50,0.4,0.6,40,"both",0.217976478975032,-0.591845344274662
"4063",1,2,0.00935945371882542,6.79455462279857,12.7175013685382,2,100,0.217976478975032,-0.591845344274662,41,1,23.7765,50,0.4,0.6,40,"both",0.217976478975032,-0.591845344274662
"4064",1,2,0.00935945371882542,6.79455462279857,12.7175013685382,2,100,0.217976478975032,-0.591845344274662,41,1,20.78904,50,0.4,0.6,40,"both",0.217976478975032,-0.591845344274662
"4065",1,2,0.00935945371882542,6.79455462279857,12.7175013685382,2,100,0.217976478975032,-0.591845344274662,41,1,22.30969,50,0.4,0.6,40,"both",0.217976478975032,-0.591845344274662
"4066",1,2,0.00935945371882542,6.79455462279857,12.7175013685382,2,100,0.217976478975032,-0.591845344274662,41,1,2.8848,50,0.4,0.6,40,"both",0.217976478975032,-0.591845344274662
"4067",1,2,0.00935945371882542,6.79455462279857,12.7175013685382,2,100,0.217976478975032,-0.591845344274662,41,0,-7.71843,50,0.4,0.6,40,"both",0.217976478975032,-0.591845344274662
"4068",1,2,0.00935945371882542,6.79455462279857,12.7175013685382,2,100,0.217976478975032,-0.591845344274662,41,1,31.0376,50,0.4,0.6,40,"both",0.217976478975032,-0.591845344274662
"4069",1,2,0.00935945371882542,6.79455462279857,12.7175013685382,2,100,0.217976478975032,-0.591845344274662,41,1,20.49222,50,0.4,0.6,40,"both",0.217976478975032,-0.591845344274662
"4070",1,2,0.00935945371882542,6.79455462279857,12.7175013685382,2,100,0.217976478975032,-0.591845344274662,41,0,7.80449,50,0.4,0.6,40,"both",0.217976478975032,-0.591845344274662
"4071",1,2,0.00935945371882542,6.79455462279857,12.7175013685382,2,100,0.217976478975032,-0.591845344274662,41,1,21.77542,50,0.4,0.6,40,"both",0.217976478975032,-0.591845344274662
"4072",1,2,0.00935945371882542,6.79455462279857,12.7175013685382,2,100,0.217976478975032,-0.591845344274662,41,1,0.88843,50,0.4,0.6,40,"both",0.217976478975032,-0.591845344274662
"4073",1,2,0.00935945371882542,6.79455462279857,12.7175013685382,2,100,0.217976478975032,-0.591845344274662,41,0,-1.24858,50,0.4,0.6,40,"both",0.217976478975032,-0.591845344274662
"4074",1,2,0.00935945371882542,6.79455462279857,12.7175013685382,2,100,0.217976478975032,-0.591845344274662,41,0,-1.7026,50,0.4,0.6,40,"both",0.217976478975032,-0.591845344274662
"4075",1,2,0.00935945371882542,6.79455462279857,12.7175013685382,2,100,0.217976478975032,-0.591845344274662,41,0,0.292420000000001,50,0.4,0.6,40,"both",0.217976478975032,-0.591845344274662
"4076",1,2,0.00935945371882542,6.79455462279857,12.7175013685382,2,100,0.217976478975032,-0.591845344274662,41,0,24.6951,50,0.4,0.6,40,"both",0.217976478975032,-0.591845344274662
"4077",1,2,0.00935945371882542,6.79455462279857,12.7175013685382,2,100,0.217976478975032,-0.591845344274662,41,1,23.7021,50,0.4,0.6,40,"both",0.217976478975032,-0.591845344274662
"4078",1,2,0.00935945371882542,6.79455462279857,12.7175013685382,2,100,0.217976478975032,-0.591845344274662,41,0,-3.27781,50,0.4,0.6,40,"both",0.217976478975032,-0.591845344274662
"4079",1,2,0.00935945371882542,6.79455462279857,12.7175013685382,2,100,0.217976478975032,-0.591845344274662,41,0,3.02162,50,0.4,0.6,40,"both",0.217976478975032,-0.591845344274662
"4080",1,2,0.00935945371882542,6.79455462279857,12.7175013685382,2,100,0.217976478975032,-0.591845344274662,41,0,-1.54874,50,0.4,0.6,40,"both",0.217976478975032,-0.591845344274662
"4081",1,2,0.00935945371882542,6.79455462279857,12.7175013685382,2,100,0.217976478975032,-0.591845344274662,41,1,2.831,50,0.4,0.6,40,"both",0.217976478975032,-0.591845344274662
"4082",1,2,0.00935945371882542,6.79455462279857,12.7175013685382,2,100,0.217976478975032,-0.591845344274662,41,0,1.08691,50,0.4,0.6,40,"both",0.217976478975032,-0.591845344274662
"4083",1,2,0.00935945371882542,6.79455462279857,12.7175013685382,2,100,0.217976478975032,-0.591845344274662,41,0,1.5042,50,0.4,0.6,40,"both",0.217976478975032,-0.591845344274662
"4084",1,2,0.00935945371882542,6.79455462279857,12.7175013685382,2,100,0.217976478975032,-0.591845344274662,41,1,2.0939,50,0.4,0.6,40,"both",0.217976478975032,-0.591845344274662
"4085",1,2,0.00935945371882542,6.79455462279857,12.7175013685382,2,100,0.217976478975032,-0.591845344274662,41,1,1.8431,50,0.4,0.6,40,"both",0.217976478975032,-0.591845344274662
"4086",1,2,0.00935945371882542,6.79455462279857,12.7175013685382,2,100,0.217976478975032,-0.591845344274662,41,0,-8.7811,50,0.4,0.6,40,"both",0.217976478975032,-0.591845344274662
"4087",1,2,0.00935945371882542,6.79455462279857,12.7175013685382,2,100,0.217976478975032,-0.591845344274662,41,1,-0.748099999999999,50,0.4,0.6,40,"both",0.217976478975032,-0.591845344274662
"4088",1,2,0.00935945371882542,6.79455462279857,12.7175013685382,2,100,0.217976478975032,-0.591845344274662,41,1,25.55886,50,0.4,0.6,40,"both",0.217976478975032,-0.591845344274662
"4089",1,2,0.00935945371882542,6.79455462279857,12.7175013685382,2,100,0.217976478975032,-0.591845344274662,41,1,23.92637,50,0.4,0.6,40,"both",0.217976478975032,-0.591845344274662
"4090",1,2,0.00935945371882542,6.79455462279857,12.7175013685382,2,100,0.217976478975032,-0.591845344274662,41,1,-2.3097,50,0.4,0.6,40,"both",0.217976478975032,-0.591845344274662
"4091",1,2,0.00935945371882542,6.79455462279857,12.7175013685382,2,100,0.217976478975032,-0.591845344274662,41,1,-12.31675,50,0.4,0.6,40,"both",0.217976478975032,-0.591845344274662
"4092",1,2,0.00935945371882542,6.79455462279857,12.7175013685382,2,100,0.217976478975032,-0.591845344274662,41,1,20.6209,50,0.4,0.6,40,"both",0.217976478975032,-0.591845344274662
"4093",1,2,0.00935945371882542,6.79455462279857,12.7175013685382,2,100,0.217976478975032,-0.591845344274662,41,0,-3.80455,50,0.4,0.6,40,"both",0.217976478975032,-0.591845344274662
"4094",1,2,0.00935945371882542,6.79455462279857,12.7175013685382,2,100,0.217976478975032,-0.591845344274662,41,1,-1.51004,50,0.4,0.6,40,"both",0.217976478975032,-0.591845344274662
"4095",1,2,0.00935945371882542,6.79455462279857,12.7175013685382,2,100,0.217976478975032,-0.591845344274662,41,1,24.51466,50,0.4,0.6,40,"both",0.217976478975032,-0.591845344274662
"4096",1,2,0.00935945371882542,6.79455462279857,12.7175013685382,2,100,0.217976478975032,-0.591845344274662,41,0,3.79472,50,0.4,0.6,40,"both",0.217976478975032,-0.591845344274662
"4097",1,2,0.00935945371882542,6.79455462279857,12.7175013685382,2,100,0.217976478975032,-0.591845344274662,41,0,22.76714,50,0.4,0.6,40,"both",0.217976478975032,-0.591845344274662
"4098",1,2,0.00935945371882542,6.79455462279857,12.7175013685382,2,100,0.217976478975032,-0.591845344274662,41,0,25.99715,50,0.4,0.6,40,"both",0.217976478975032,-0.591845344274662
"4099",1,2,0.00935945371882542,6.79455462279857,12.7175013685382,2,100,0.217976478975032,-0.591845344274662,41,0,-5.67036,50,0.4,0.6,40,"both",0.217976478975032,-0.591845344274662
"4100",1,2,0.00935945371882542,6.79455462279857,12.7175013685382,2,100,0.217976478975032,-0.591845344274662,41,0,-15.81258,50,0.4,0.6,40,"both",0.217976478975032,-0.591845344274662
"4101",2,2,0.0359970983574566,-3.979872737496,12.1829101958302,4,100,0.217976478975032,-0.591845344274662,42,0,-8.8351058232,50,0.4,0.6,40,"both",0.217976478975032,-0.591845344274662
"4102",2,2,0.0359970983574566,-3.979872737496,12.1829101958302,4,100,0.217976478975032,-0.591845344274662,42,1,5.5719577319,50,0.4,0.6,40,"both",0.217976478975032,-0.591845344274662
"4103",2,2,0.0359970983574566,-3.979872737496,12.1829101958302,4,100,0.217976478975032,-0.591845344274662,42,0,-1.0411857307,50,0.4,0.6,40,"both",0.217976478975032,-0.591845344274662
"4104",2,2,0.0359970983574566,-3.979872737496,12.1829101958302,4,100,0.217976478975032,-0.591845344274662,42,0,2.59118111882,50,0.4,0.6,40,"both",0.217976478975032,-0.591845344274662
"4105",2,2,0.0359970983574566,-3.979872737496,12.1829101958302,4,100,0.217976478975032,-0.591845344274662,42,0,8.24311,50,0.4,0.6,40,"both",0.217976478975032,-0.591845344274662
"4106",2,2,0.0359970983574566,-3.979872737496,12.1829101958302,4,100,0.217976478975032,-0.591845344274662,42,0,-5.24298,50,0.4,0.6,40,"both",0.217976478975032,-0.591845344274662
"4107",2,2,0.0359970983574566,-3.979872737496,12.1829101958302,4,100,0.217976478975032,-0.591845344274662,42,1,-6.08688,50,0.4,0.6,40,"both",0.217976478975032,-0.591845344274662
"4108",2,2,0.0359970983574566,-3.979872737496,12.1829101958302,4,100,0.217976478975032,-0.591845344274662,42,1,9.57637439412,50,0.4,0.6,40,"both",0.217976478975032,-0.591845344274662
"4109",2,2,0.0359970983574566,-3.979872737496,12.1829101958302,4,100,0.217976478975032,-0.591845344274662,42,0,3.8584346588,50,0.4,0.6,40,"both",0.217976478975032,-0.591845344274662
"4110",2,2,0.0359970983574566,-3.979872737496,12.1829101958302,4,100,0.217976478975032,-0.591845344274662,42,0,-28.99073,50,0.4,0.6,40,"both",0.217976478975032,-0.591845344274662
"4111",2,2,0.0359970983574566,-3.979872737496,12.1829101958302,4,100,0.217976478975032,-0.591845344274662,42,1,48.4184,50,0.4,0.6,40,"both",0.217976478975032,-0.591845344274662
"4112",2,2,0.0359970983574566,-3.979872737496,12.1829101958302,4,100,0.217976478975032,-0.591845344274662,42,1,33.5114,50,0.4,0.6,40,"both",0.217976478975032,-0.591845344274662
"4113",2,2,0.0359970983574566,-3.979872737496,12.1829101958302,4,100,0.217976478975032,-0.591845344274662,42,1,17.45713,50,0.4,0.6,40,"both",0.217976478975032,-0.591845344274662
"4114",2,2,0.0359970983574566,-3.979872737496,12.1829101958302,4,100,0.217976478975032,-0.591845344274662,42,1,12.66004,50,0.4,0.6,40,"both",0.217976478975032,-0.591845344274662
"4115",2,2,0.0359970983574566,-3.979872737496,12.1829101958302,4,100,0.217976478975032,-0.591845344274662,42,0,-11.72983,50,0.4,0.6,40,"both",0.217976478975032,-0.591845344274662
"4116",2,2,0.0359970983574566,-3.979872737496,12.1829101958302,4,100,0.217976478975032,-0.591845344274662,42,0,-20.71114,50,0.4,0.6,40,"both",0.217976478975032,-0.591845344274662
"4117",2,2,0.0359970983574566,-3.979872737496,12.1829101958302,4,100,0.217976478975032,-0.591845344274662,42,1,12.47889,50,0.4,0.6,40,"both",0.217976478975032,-0.591845344274662
"4118",2,2,0.0359970983574566,-3.979872737496,12.1829101958302,4,100,0.217976478975032,-0.591845344274662,42,0,-1.68475,50,0.4,0.6,40,"both",0.217976478975032,-0.591845344274662
"4119",2,2,0.0359970983574566,-3.979872737496,12.1829101958302,4,100,0.217976478975032,-0.591845344274662,42,1,15.11486,50,0.4,0.6,40,"both",0.217976478975032,-0.591845344274662
"4120",2,2,0.0359970983574566,-3.979872737496,12.1829101958302,4,100,0.217976478975032,-0.591845344274662,42,1,-4.13082,50,0.4,0.6,40,"both",0.217976478975032,-0.591845344274662
"4121",2,2,0.0359970983574566,-3.979872737496,12.1829101958302,4,100,0.217976478975032,-0.591845344274662,42,1,15.51638,50,0.4,0.6,40,"both",0.217976478975032,-0.591845344274662
"4122",2,2,0.0359970983574566,-3.979872737496,12.1829101958302,4,100,0.217976478975032,-0.591845344274662,42,1,13.60829,50,0.4,0.6,40,"both",0.217976478975032,-0.591845344274662
"4123",2,2,0.0359970983574566,-3.979872737496,12.1829101958302,4,100,0.217976478975032,-0.591845344274662,42,0,-16.85519,50,0.4,0.6,40,"both",0.217976478975032,-0.591845344274662
"4124",2,2,0.0359970983574566,-3.979872737496,12.1829101958302,4,100,0.217976478975032,-0.591845344274662,42,1,5.84761,50,0.4,0.6,40,"both",0.217976478975032,-0.591845344274662
"4125",2,2,0.0359970983574566,-3.979872737496,12.1829101958302,4,100,0.217976478975032,-0.591845344274662,42,1,-12.48617,50,0.4,0.6,40,"both",0.217976478975032,-0.591845344274662
"4126",2,2,0.0359970983574566,-3.979872737496,12.1829101958302,4,100,0.217976478975032,-0.591845344274662,42,1,1.3476,50,0.4,0.6,40,"both",0.217976478975032,-0.591845344274662
"4127",2,2,0.0359970983574566,-3.979872737496,12.1829101958302,4,100,0.217976478975032,-0.591845344274662,42,0,-5.78899,50,0.4,0.6,40,"both",0.217976478975032,-0.591845344274662
"4128",2,2,0.0359970983574566,-3.979872737496,12.1829101958302,4,100,0.217976478975032,-0.591845344274662,42,0,-15.64467,50,0.4,0.6,40,"both",0.217976478975032,-0.591845344274662
"4129",2,2,0.0359970983574566,-3.979872737496,12.1829101958302,4,100,0.217976478975032,-0.591845344274662,42,1,3.00008,50,0.4,0.6,40,"both",0.217976478975032,-0.591845344274662
"4130",2,2,0.0359970983574566,-3.979872737496,12.1829101958302,4,100,0.217976478975032,-0.591845344274662,42,1,15.6815849,50,0.4,0.6,40,"both",0.217976478975032,-0.591845344274662
"4131",2,2,0.0359970983574566,-3.979872737496,12.1829101958302,4,100,0.217976478975032,-0.591845344274662,42,0,-9.3501,50,0.4,0.6,40,"both",0.217976478975032,-0.591845344274662
"4132",2,2,0.0359970983574566,-3.979872737496,12.1829101958302,4,100,0.217976478975032,-0.591845344274662,42,1,-0.3887912648,50,0.4,0.6,40,"both",0.217976478975032,-0.591845344274662
"4133",2,2,0.0359970983574566,-3.979872737496,12.1829101958302,4,100,0.217976478975032,-0.591845344274662,42,0,-1.61538,50,0.4,0.6,40,"both",0.217976478975032,-0.591845344274662
"4134",2,2,0.0359970983574566,-3.979872737496,12.1829101958302,4,100,0.217976478975032,-0.591845344274662,42,1,33.00984,50,0.4,0.6,40,"both",0.217976478975032,-0.591845344274662
"4135",2,2,0.0359970983574566,-3.979872737496,12.1829101958302,4,100,0.217976478975032,-0.591845344274662,42,1,-5.8767478,50,0.4,0.6,40,"both",0.217976478975032,-0.591845344274662
"4136",2,2,0.0359970983574566,-3.979872737496,12.1829101958302,4,100,0.217976478975032,-0.591845344274662,42,1,-14.35819,50,0.4,0.6,40,"both",0.217976478975032,-0.591845344274662
"4137",2,2,0.0359970983574566,-3.979872737496,12.1829101958302,4,100,0.217976478975032,-0.591845344274662,42,1,15.56335,50,0.4,0.6,40,"both",0.217976478975032,-0.591845344274662
"4138",2,2,0.0359970983574566,-3.979872737496,12.1829101958302,4,100,0.217976478975032,-0.591845344274662,42,1,33.94517,50,0.4,0.6,40,"both",0.217976478975032,-0.591845344274662
"4139",2,2,0.0359970983574566,-3.979872737496,12.1829101958302,4,100,0.217976478975032,-0.591845344274662,42,1,11.15745,50,0.4,0.6,40,"both",0.217976478975032,-0.591845344274662
"4140",2,2,0.0359970983574566,-3.979872737496,12.1829101958302,4,100,0.217976478975032,-0.591845344274662,42,0,9.46937,50,0.4,0.6,40,"both",0.217976478975032,-0.591845344274662
"4141",2,2,0.0359970983574566,-3.979872737496,12.1829101958302,4,100,0.217976478975032,-0.591845344274662,42,1,10.879479,50,0.4,0.6,40,"both",0.217976478975032,-0.591845344274662
"4142",2,2,0.0359970983574566,-3.979872737496,12.1829101958302,4,100,0.217976478975032,-0.591845344274662,42,1,-26.10883,50,0.4,0.6,40,"both",0.217976478975032,-0.591845344274662
"4143",2,2,0.0359970983574566,-3.979872737496,12.1829101958302,4,100,0.217976478975032,-0.591845344274662,42,0,-10.48849,50,0.4,0.6,40,"both",0.217976478975032,-0.591845344274662
"4144",2,2,0.0359970983574566,-3.979872737496,12.1829101958302,4,100,0.217976478975032,-0.591845344274662,42,0,-26.7504,50,0.4,0.6,40,"both",0.217976478975032,-0.591845344274662
"4145",2,2,0.0359970983574566,-3.979872737496,12.1829101958302,4,100,0.217976478975032,-0.591845344274662,42,0,-16.271338,50,0.4,0.6,40,"both",0.217976478975032,-0.591845344274662
"4146",2,2,0.0359970983574566,-3.979872737496,12.1829101958302,4,100,0.217976478975032,-0.591845344274662,42,1,9.91678,50,0.4,0.6,40,"both",0.217976478975032,-0.591845344274662
"4147",2,2,0.0359970983574566,-3.979872737496,12.1829101958302,4,100,0.217976478975032,-0.591845344274662,42,1,13.11376,50,0.4,0.6,40,"both",0.217976478975032,-0.591845344274662
"4148",2,2,0.0359970983574566,-3.979872737496,12.1829101958302,4,100,0.217976478975032,-0.591845344274662,42,0,-22.94285,50,0.4,0.6,40,"both",0.217976478975032,-0.591845344274662
"4149",2,2,0.0359970983574566,-3.979872737496,12.1829101958302,4,100,0.217976478975032,-0.591845344274662,42,0,-13.929259,50,0.4,0.6,40,"both",0.217976478975032,-0.591845344274662
"4150",2,2,0.0359970983574566,-3.979872737496,12.1829101958302,4,100,0.217976478975032,-0.591845344274662,42,1,14.07404,50,0.4,0.6,40,"both",0.217976478975032,-0.591845344274662
"4151",2,2,0.0359970983574566,-3.979872737496,12.1829101958302,4,100,0.217976478975032,-0.591845344274662,42,1,19.81686,50,0.4,0.6,40,"both",0.217976478975032,-0.591845344274662
"4152",2,2,0.0359970983574566,-3.979872737496,12.1829101958302,4,100,0.217976478975032,-0.591845344274662,42,0,-11.1202403,50,0.4,0.6,40,"both",0.217976478975032,-0.591845344274662
"4153",2,2,0.0359970983574566,-3.979872737496,12.1829101958302,4,100,0.217976478975032,-0.591845344274662,42,1,-11.57085,50,0.4,0.6,40,"both",0.217976478975032,-0.591845344274662
"4154",2,2,0.0359970983574566,-3.979872737496,12.1829101958302,4,100,0.217976478975032,-0.591845344274662,42,1,11.24481,50,0.4,0.6,40,"both",0.217976478975032,-0.591845344274662
"4155",2,2,0.0359970983574566,-3.979872737496,12.1829101958302,4,100,0.217976478975032,-0.591845344274662,42,1,10.118953,50,0.4,0.6,40,"both",0.217976478975032,-0.591845344274662
"4156",2,2,0.0359970983574566,-3.979872737496,12.1829101958302,4,100,0.217976478975032,-0.591845344274662,42,0,-8.0326,50,0.4,0.6,40,"both",0.217976478975032,-0.591845344274662
"4157",2,2,0.0359970983574566,-3.979872737496,12.1829101958302,4,100,0.217976478975032,-0.591845344274662,42,1,22.38169,50,0.4,0.6,40,"both",0.217976478975032,-0.591845344274662
"4158",2,2,0.0359970983574566,-3.979872737496,12.1829101958302,4,100,0.217976478975032,-0.591845344274662,42,1,11.25587,50,0.4,0.6,40,"both",0.217976478975032,-0.591845344274662
"4159",2,2,0.0359970983574566,-3.979872737496,12.1829101958302,4,100,0.217976478975032,-0.591845344274662,42,1,11.81638,50,0.4,0.6,40,"both",0.217976478975032,-0.591845344274662
"4160",2,2,0.0359970983574566,-3.979872737496,12.1829101958302,4,100,0.217976478975032,-0.591845344274662,42,1,10.00431,50,0.4,0.6,40,"both",0.217976478975032,-0.591845344274662
"4161",2,2,0.0359970983574566,-3.979872737496,12.1829101958302,4,100,0.217976478975032,-0.591845344274662,42,0,-13.09512,50,0.4,0.6,40,"both",0.217976478975032,-0.591845344274662
"4162",2,2,0.0359970983574566,-3.979872737496,12.1829101958302,4,100,0.217976478975032,-0.591845344274662,42,1,-0.25431,50,0.4,0.6,40,"both",0.217976478975032,-0.591845344274662
"4163",2,2,0.0359970983574566,-3.979872737496,12.1829101958302,4,100,0.217976478975032,-0.591845344274662,42,1,-13.49014,50,0.4,0.6,40,"both",0.217976478975032,-0.591845344274662
"4164",2,2,0.0359970983574566,-3.979872737496,12.1829101958302,4,100,0.217976478975032,-0.591845344274662,42,0,9.63751,50,0.4,0.6,40,"both",0.217976478975032,-0.591845344274662
"4165",2,2,0.0359970983574566,-3.979872737496,12.1829101958302,4,100,0.217976478975032,-0.591845344274662,42,1,-0.648479999999999,50,0.4,0.6,40,"both",0.217976478975032,-0.591845344274662
"4166",2,2,0.0359970983574566,-3.979872737496,12.1829101958302,4,100,0.217976478975032,-0.591845344274662,42,1,7.84012,50,0.4,0.6,40,"both",0.217976478975032,-0.591845344274662
"4167",2,2,0.0359970983574566,-3.979872737496,12.1829101958302,4,100,0.217976478975032,-0.591845344274662,42,0,-21.96539,50,0.4,0.6,40,"both",0.217976478975032,-0.591845344274662
"4168",2,2,0.0359970983574566,-3.979872737496,12.1829101958302,4,100,0.217976478975032,-0.591845344274662,42,0,-44.39023,50,0.4,0.6,40,"both",0.217976478975032,-0.591845344274662
"4169",2,2,0.0359970983574566,-3.979872737496,12.1829101958302,4,100,0.217976478975032,-0.591845344274662,42,0,-22.3232,50,0.4,0.6,40,"both",0.217976478975032,-0.591845344274662
"4170",2,2,0.0359970983574566,-3.979872737496,12.1829101958302,4,100,0.217976478975032,-0.591845344274662,42,1,10.200833,50,0.4,0.6,40,"both",0.217976478975032,-0.591845344274662
"4171",2,2,0.0359970983574566,-3.979872737496,12.1829101958302,4,100,0.217976478975032,-0.591845344274662,42,1,1.1199,50,0.4,0.6,40,"both",0.217976478975032,-0.591845344274662
"4172",2,2,0.0359970983574566,-3.979872737496,12.1829101958302,4,100,0.217976478975032,-0.591845344274662,42,0,-20.40508,50,0.4,0.6,40,"both",0.217976478975032,-0.591845344274662
"4173",2,2,0.0359970983574566,-3.979872737496,12.1829101958302,4,100,0.217976478975032,-0.591845344274662,42,1,-23.6114,50,0.4,0.6,40,"both",0.217976478975032,-0.591845344274662
"4174",2,2,0.0359970983574566,-3.979872737496,12.1829101958302,4,100,0.217976478975032,-0.591845344274662,42,0,-12.757473,50,0.4,0.6,40,"both",0.217976478975032,-0.591845344274662
"4175",2,2,0.0359970983574566,-3.979872737496,12.1829101958302,4,100,0.217976478975032,-0.591845344274662,42,0,1.3459,50,0.4,0.6,40,"both",0.217976478975032,-0.591845344274662
"4176",2,2,0.0359970983574566,-3.979872737496,12.1829101958302,4,100,0.217976478975032,-0.591845344274662,42,0,-23.7034,50,0.4,0.6,40,"both",0.217976478975032,-0.591845344274662
"4177",2,2,0.0359970983574566,-3.979872737496,12.1829101958302,4,100,0.217976478975032,-0.591845344274662,42,1,9.46025,50,0.4,0.6,40,"both",0.217976478975032,-0.591845344274662
"4178",2,2,0.0359970983574566,-3.979872737496,12.1829101958302,4,100,0.217976478975032,-0.591845344274662,42,0,7.42456,50,0.4,0.6,40,"both",0.217976478975032,-0.591845344274662
"4179",2,2,0.0359970983574566,-3.979872737496,12.1829101958302,4,100,0.217976478975032,-0.591845344274662,42,1,8.90088,50,0.4,0.6,40,"both",0.217976478975032,-0.591845344274662
"4180",2,2,0.0359970983574566,-3.979872737496,12.1829101958302,4,100,0.217976478975032,-0.591845344274662,42,1,21.7295431,50,0.4,0.6,40,"both",0.217976478975032,-0.591845344274662
"4181",2,2,0.0359970983574566,-3.979872737496,12.1829101958302,4,100,0.217976478975032,-0.591845344274662,42,0,-23.6284,50,0.4,0.6,40,"both",0.217976478975032,-0.591845344274662
"4182",2,2,0.0359970983574566,-3.979872737496,12.1829101958302,4,100,0.217976478975032,-0.591845344274662,42,0,-9.40533,50,0.4,0.6,40,"both",0.217976478975032,-0.591845344274662
"4183",2,2,0.0359970983574566,-3.979872737496,12.1829101958302,4,100,0.217976478975032,-0.591845344274662,42,1,13.268398,50,0.4,0.6,40,"both",0.217976478975032,-0.591845344274662
"4184",2,2,0.0359970983574566,-3.979872737496,12.1829101958302,4,100,0.217976478975032,-0.591845344274662,42,0,1.41763,50,0.4,0.6,40,"both",0.217976478975032,-0.591845344274662
"4185",2,2,0.0359970983574566,-3.979872737496,12.1829101958302,4,100,0.217976478975032,-0.591845344274662,42,0,-10.34469,50,0.4,0.6,40,"both",0.217976478975032,-0.591845344274662
"4186",2,2,0.0359970983574566,-3.979872737496,12.1829101958302,4,100,0.217976478975032,-0.591845344274662,42,1,8.267543,50,0.4,0.6,40,"both",0.217976478975032,-0.591845344274662
"4187",2,2,0.0359970983574566,-3.979872737496,12.1829101958302,4,100,0.217976478975032,-0.591845344274662,42,1,8.62729,50,0.4,0.6,40,"both",0.217976478975032,-0.591845344274662
"4188",2,2,0.0359970983574566,-3.979872737496,12.1829101958302,4,100,0.217976478975032,-0.591845344274662,42,1,2.5563,50,0.4,0.6,40,"both",0.217976478975032,-0.591845344274662
"4189",2,2,0.0359970983574566,-3.979872737496,12.1829101958302,4,100,0.217976478975032,-0.591845344274662,42,0,-16.124645,50,0.4,0.6,40,"both",0.217976478975032,-0.591845344274662
"4190",2,2,0.0359970983574566,-3.979872737496,12.1829101958302,4,100,0.217976478975032,-0.591845344274662,42,1,9.8419,50,0.4,0.6,40,"both",0.217976478975032,-0.591845344274662
"4191",2,2,0.0359970983574566,-3.979872737496,12.1829101958302,4,100,0.217976478975032,-0.591845344274662,42,0,-8.39756,50,0.4,0.6,40,"both",0.217976478975032,-0.591845344274662
"4192",2,2,0.0359970983574566,-3.979872737496,12.1829101958302,4,100,0.217976478975032,-0.591845344274662,42,1,11.534286,50,0.4,0.6,40,"both",0.217976478975032,-0.591845344274662
"4193",2,2,0.0359970983574566,-3.979872737496,12.1829101958302,4,100,0.217976478975032,-0.591845344274662,42,0,6.240263,50,0.4,0.6,40,"both",0.217976478975032,-0.591845344274662
"4194",2,2,0.0359970983574566,-3.979872737496,12.1829101958302,4,100,0.217976478975032,-0.591845344274662,42,1,26.898502,50,0.4,0.6,40,"both",0.217976478975032,-0.591845344274662
"4195",2,2,0.0359970983574566,-3.979872737496,12.1829101958302,4,100,0.217976478975032,-0.591845344274662,42,0,-12.95822,50,0.4,0.6,40,"both",0.217976478975032,-0.591845344274662
"4196",2,2,0.0359970983574566,-3.979872737496,12.1829101958302,4,100,0.217976478975032,-0.591845344274662,42,0,-12.02666,50,0.4,0.6,40,"both",0.217976478975032,-0.591845344274662
"4197",2,2,0.0359970983574566,-3.979872737496,12.1829101958302,4,100,0.217976478975032,-0.591845344274662,42,1,14.65691,50,0.4,0.6,40,"both",0.217976478975032,-0.591845344274662
"4198",2,2,0.0359970983574566,-3.979872737496,12.1829101958302,4,100,0.217976478975032,-0.591845344274662,42,1,-12.07401,50,0.4,0.6,40,"both",0.217976478975032,-0.591845344274662
"4199",2,2,0.0359970983574566,-3.979872737496,12.1829101958302,4,100,0.217976478975032,-0.591845344274662,42,0,7.28902,50,0.4,0.6,40,"both",0.217976478975032,-0.591845344274662
"4200",2,2,0.0359970983574566,-3.979872737496,12.1829101958302,4,100,0.217976478975032,-0.591845344274662,42,1,11.38593,50,0.4,0.6,40,"both",0.217976478975032,-0.591845344274662
"4201",3,2,0.000623242494600344,-15.1567001343836,14.278742422331,6,100,0.217976478975032,-0.591845344274662,43,1,-7.4597433807,50,0.4,0.6,40,"both",0.217976478975032,-0.591845344274662
"4202",3,2,0.000623242494600344,-15.1567001343836,14.278742422331,6,100,0.217976478975032,-0.591845344274662,43,1,-11.15292364656,50,0.4,0.6,40,"both",0.217976478975032,-0.591845344274662
"4203",3,2,0.000623242494600344,-15.1567001343836,14.278742422331,6,100,0.217976478975032,-0.591845344274662,43,0,-19.96837297242,50,0.4,0.6,40,"both",0.217976478975032,-0.591845344274662
"4204",3,2,0.000623242494600344,-15.1567001343836,14.278742422331,6,100,0.217976478975032,-0.591845344274662,43,1,-14.096547759,50,0.4,0.6,40,"both",0.217976478975032,-0.591845344274662
"4205",3,2,0.000623242494600344,-15.1567001343836,14.278742422331,6,100,0.217976478975032,-0.591845344274662,43,1,-17.05641,50,0.4,0.6,40,"both",0.217976478975032,-0.591845344274662
"4206",3,2,0.000623242494600344,-15.1567001343836,14.278742422331,6,100,0.217976478975032,-0.591845344274662,43,0,-21.81844,50,0.4,0.6,40,"both",0.217976478975032,-0.591845344274662
"4207",3,2,0.000623242494600344,-15.1567001343836,14.278742422331,6,100,0.217976478975032,-0.591845344274662,43,1,-21.06231,50,0.4,0.6,40,"both",0.217976478975032,-0.591845344274662
"4208",3,2,0.000623242494600344,-15.1567001343836,14.278742422331,6,100,0.217976478975032,-0.591845344274662,43,0,-24.06816,50,0.4,0.6,40,"both",0.217976478975032,-0.591845344274662
"4209",3,2,0.000623242494600344,-15.1567001343836,14.278742422331,6,100,0.217976478975032,-0.591845344274662,43,0,-22.93493,50,0.4,0.6,40,"both",0.217976478975032,-0.591845344274662
"4210",3,2,0.000623242494600344,-15.1567001343836,14.278742422331,6,100,0.217976478975032,-0.591845344274662,43,0,-20.89639,50,0.4,0.6,40,"both",0.217976478975032,-0.591845344274662
"4211",3,2,0.000623242494600344,-15.1567001343836,14.278742422331,6,100,0.217976478975032,-0.591845344274662,43,0,-13.3911,50,0.4,0.6,40,"both",0.217976478975032,-0.591845344274662
"4212",3,2,0.000623242494600344,-15.1567001343836,14.278742422331,6,100,0.217976478975032,-0.591845344274662,43,0,-12.7514485044,50,0.4,0.6,40,"both",0.217976478975032,-0.591845344274662
"4213",3,2,0.000623242494600344,-15.1567001343836,14.278742422331,6,100,0.217976478975032,-0.591845344274662,43,1,-7.7204549983,50,0.4,0.6,40,"both",0.217976478975032,-0.591845344274662
"4214",3,2,0.000623242494600344,-15.1567001343836,14.278742422331,6,100,0.217976478975032,-0.591845344274662,43,1,-8.66103362,50,0.4,0.6,40,"both",0.217976478975032,-0.591845344274662
"4215",3,2,0.000623242494600344,-15.1567001343836,14.278742422331,6,100,0.217976478975032,-0.591845344274662,43,1,-11.73176,50,0.4,0.6,40,"both",0.217976478975032,-0.591845344274662
"4216",3,2,0.000623242494600344,-15.1567001343836,14.278742422331,6,100,0.217976478975032,-0.591845344274662,43,1,-20.44512,50,0.4,0.6,40,"both",0.217976478975032,-0.591845344274662
"4217",3,2,0.000623242494600344,-15.1567001343836,14.278742422331,6,100,0.217976478975032,-0.591845344274662,43,0,-8.36363,50,0.4,0.6,40,"both",0.217976478975032,-0.591845344274662
"4218",3,2,0.000623242494600344,-15.1567001343836,14.278742422331,6,100,0.217976478975032,-0.591845344274662,43,1,-19.49646,50,0.4,0.6,40,"both",0.217976478975032,-0.591845344274662
"4219",3,2,0.000623242494600344,-15.1567001343836,14.278742422331,6,100,0.217976478975032,-0.591845344274662,43,1,-11.97977,50,0.4,0.6,40,"both",0.217976478975032,-0.591845344274662
"4220",3,2,0.000623242494600344,-15.1567001343836,14.278742422331,6,100,0.217976478975032,-0.591845344274662,43,0,-33.5231,50,0.4,0.6,40,"both",0.217976478975032,-0.591845344274662
"4221",3,2,0.000623242494600344,-15.1567001343836,14.278742422331,6,100,0.217976478975032,-0.591845344274662,43,0,-27.35155,50,0.4,0.6,40,"both",0.217976478975032,-0.591845344274662
"4222",3,2,0.000623242494600344,-15.1567001343836,14.278742422331,6,100,0.217976478975032,-0.591845344274662,43,1,-6.8896,50,0.4,0.6,40,"both",0.217976478975032,-0.591845344274662
"4223",3,2,0.000623242494600344,-15.1567001343836,14.278742422331,6,100,0.217976478975032,-0.591845344274662,43,1,-12.27639,50,0.4,0.6,40,"both",0.217976478975032,-0.591845344274662
"4224",3,2,0.000623242494600344,-15.1567001343836,14.278742422331,6,100,0.217976478975032,-0.591845344274662,43,0,-17.15646,50,0.4,0.6,40,"both",0.217976478975032,-0.591845344274662
"4225",3,2,0.000623242494600344,-15.1567001343836,14.278742422331,6,100,0.217976478975032,-0.591845344274662,43,1,-8.2469,50,0.4,0.6,40,"both",0.217976478975032,-0.591845344274662
"4226",3,2,0.000623242494600344,-15.1567001343836,14.278742422331,6,100,0.217976478975032,-0.591845344274662,43,1,-12.0769,50,0.4,0.6,40,"both",0.217976478975032,-0.591845344274662
"4227",3,2,0.000623242494600344,-15.1567001343836,14.278742422331,6,100,0.217976478975032,-0.591845344274662,43,1,-13.63248,50,0.4,0.6,40,"both",0.217976478975032,-0.591845344274662
"4228",3,2,0.000623242494600344,-15.1567001343836,14.278742422331,6,100,0.217976478975032,-0.591845344274662,43,1,-9.49002,50,0.4,0.6,40,"both",0.217976478975032,-0.591845344274662
"4229",3,2,0.000623242494600344,-15.1567001343836,14.278742422331,6,100,0.217976478975032,-0.591845344274662,43,0,-9.04899,50,0.4,0.6,40,"both",0.217976478975032,-0.591845344274662
"4230",3,2,0.000623242494600344,-15.1567001343836,14.278742422331,6,100,0.217976478975032,-0.591845344274662,43,0,-14.20031,50,0.4,0.6,40,"both",0.217976478975032,-0.591845344274662
"4231",3,2,0.000623242494600344,-15.1567001343836,14.278742422331,6,100,0.217976478975032,-0.591845344274662,43,0,-23.06687,50,0.4,0.6,40,"both",0.217976478975032,-0.591845344274662
"4232",3,2,0.000623242494600344,-15.1567001343836,14.278742422331,6,100,0.217976478975032,-0.591845344274662,43,0,-7.20854,50,0.4,0.6,40,"both",0.217976478975032,-0.591845344274662
"4233",3,2,0.000623242494600344,-15.1567001343836,14.278742422331,6,100,0.217976478975032,-0.591845344274662,43,0,4.5002,50,0.4,0.6,40,"both",0.217976478975032,-0.591845344274662
"4234",3,2,0.000623242494600344,-15.1567001343836,14.278742422331,6,100,0.217976478975032,-0.591845344274662,43,1,-22.1368,50,0.4,0.6,40,"both",0.217976478975032,-0.591845344274662
"4235",3,2,0.000623242494600344,-15.1567001343836,14.278742422331,6,100,0.217976478975032,-0.591845344274662,43,0,-17.0207598,50,0.4,0.6,40,"both",0.217976478975032,-0.591845344274662
"4236",3,2,0.000623242494600344,-15.1567001343836,14.278742422331,6,100,0.217976478975032,-0.591845344274662,43,0,4.6442,50,0.4,0.6,40,"both",0.217976478975032,-0.591845344274662
"4237",3,2,0.000623242494600344,-15.1567001343836,14.278742422331,6,100,0.217976478975032,-0.591845344274662,43,0,-31.76407,50,0.4,0.6,40,"both",0.217976478975032,-0.591845344274662
"4238",3,2,0.000623242494600344,-15.1567001343836,14.278742422331,6,100,0.217976478975032,-0.591845344274662,43,1,9.4216,50,0.4,0.6,40,"both",0.217976478975032,-0.591845344274662
"4239",3,2,0.000623242494600344,-15.1567001343836,14.278742422331,6,100,0.217976478975032,-0.591845344274662,43,0,-28.4303,50,0.4,0.6,40,"both",0.217976478975032,-0.591845344274662
"4240",3,2,0.000623242494600344,-15.1567001343836,14.278742422331,6,100,0.217976478975032,-0.591845344274662,43,0,-15.05842937,50,0.4,0.6,40,"both",0.217976478975032,-0.591845344274662
"4241",3,2,0.000623242494600344,-15.1567001343836,14.278742422331,6,100,0.217976478975032,-0.591845344274662,43,0,-29.02755,50,0.4,0.6,40,"both",0.217976478975032,-0.591845344274662
"4242",3,2,0.000623242494600344,-15.1567001343836,14.278742422331,6,100,0.217976478975032,-0.591845344274662,43,0,-19.11976,50,0.4,0.6,40,"both",0.217976478975032,-0.591845344274662
"4243",3,2,0.000623242494600344,-15.1567001343836,14.278742422331,6,100,0.217976478975032,-0.591845344274662,43,1,-9.35154,50,0.4,0.6,40,"both",0.217976478975032,-0.591845344274662
"4244",3,2,0.000623242494600344,-15.1567001343836,14.278742422331,6,100,0.217976478975032,-0.591845344274662,43,0,-13.442879648,50,0.4,0.6,40,"both",0.217976478975032,-0.591845344274662
"4245",3,2,0.000623242494600344,-15.1567001343836,14.278742422331,6,100,0.217976478975032,-0.591845344274662,43,1,-8.70108,50,0.4,0.6,40,"both",0.217976478975032,-0.591845344274662
"4246",3,2,0.000623242494600344,-15.1567001343836,14.278742422331,6,100,0.217976478975032,-0.591845344274662,43,0,-38.6525,50,0.4,0.6,40,"both",0.217976478975032,-0.591845344274662
"4247",3,2,0.000623242494600344,-15.1567001343836,14.278742422331,6,100,0.217976478975032,-0.591845344274662,43,0,-24.77603,50,0.4,0.6,40,"both",0.217976478975032,-0.591845344274662
"4248",3,2,0.000623242494600344,-15.1567001343836,14.278742422331,6,100,0.217976478975032,-0.591845344274662,43,1,-0.3711,50,0.4,0.6,40,"both",0.217976478975032,-0.591845344274662
"4249",3,2,0.000623242494600344,-15.1567001343836,14.278742422331,6,100,0.217976478975032,-0.591845344274662,43,0,-14.1165,50,0.4,0.6,40,"both",0.217976478975032,-0.591845344274662
"4250",3,2,0.000623242494600344,-15.1567001343836,14.278742422331,6,100,0.217976478975032,-0.591845344274662,43,1,-3.3252,50,0.4,0.6,40,"both",0.217976478975032,-0.591845344274662
"4251",3,2,0.000623242494600344,-15.1567001343836,14.278742422331,6,100,0.217976478975032,-0.591845344274662,43,0,-26.3651,50,0.4,0.6,40,"both",0.217976478975032,-0.591845344274662
"4252",3,2,0.000623242494600344,-15.1567001343836,14.278742422331,6,100,0.217976478975032,-0.591845344274662,43,0,-12.94579,50,0.4,0.6,40,"both",0.217976478975032,-0.591845344274662
"4253",3,2,0.000623242494600344,-15.1567001343836,14.278742422331,6,100,0.217976478975032,-0.591845344274662,43,1,-5.23832,50,0.4,0.6,40,"both",0.217976478975032,-0.591845344274662
"4254",3,2,0.000623242494600344,-15.1567001343836,14.278742422331,6,100,0.217976478975032,-0.591845344274662,43,0,-8.10149,50,0.4,0.6,40,"both",0.217976478975032,-0.591845344274662
"4255",3,2,0.000623242494600344,-15.1567001343836,14.278742422331,6,100,0.217976478975032,-0.591845344274662,43,0,-37.0991,50,0.4,0.6,40,"both",0.217976478975032,-0.591845344274662
"4256",3,2,0.000623242494600344,-15.1567001343836,14.278742422331,6,100,0.217976478975032,-0.591845344274662,43,1,-4.7657,50,0.4,0.6,40,"both",0.217976478975032,-0.591845344274662
"4257",3,2,0.000623242494600344,-15.1567001343836,14.278742422331,6,100,0.217976478975032,-0.591845344274662,43,0,-6.87915,50,0.4,0.6,40,"both",0.217976478975032,-0.591845344274662
"4258",3,2,0.000623242494600344,-15.1567001343836,14.278742422331,6,100,0.217976478975032,-0.591845344274662,43,1,-24.8541,50,0.4,0.6,40,"both",0.217976478975032,-0.591845344274662
"4259",3,2,0.000623242494600344,-15.1567001343836,14.278742422331,6,100,0.217976478975032,-0.591845344274662,43,1,8.15388,50,0.4,0.6,40,"both",0.217976478975032,-0.591845344274662
"4260",3,2,0.000623242494600344,-15.1567001343836,14.278742422331,6,100,0.217976478975032,-0.591845344274662,43,1,-14.21946,50,0.4,0.6,40,"both",0.217976478975032,-0.591845344274662
"4261",3,2,0.000623242494600344,-15.1567001343836,14.278742422331,6,100,0.217976478975032,-0.591845344274662,43,1,-4.2525,50,0.4,0.6,40,"both",0.217976478975032,-0.591845344274662
"4262",3,2,0.000623242494600344,-15.1567001343836,14.278742422331,6,100,0.217976478975032,-0.591845344274662,43,0,-28.6898,50,0.4,0.6,40,"both",0.217976478975032,-0.591845344274662
"4263",3,2,0.000623242494600344,-15.1567001343836,14.278742422331,6,100,0.217976478975032,-0.591845344274662,43,1,11.9834,50,0.4,0.6,40,"both",0.217976478975032,-0.591845344274662
"4264",3,2,0.000623242494600344,-15.1567001343836,14.278742422331,6,100,0.217976478975032,-0.591845344274662,43,1,14.98076,50,0.4,0.6,40,"both",0.217976478975032,-0.591845344274662
"4265",3,2,0.000623242494600344,-15.1567001343836,14.278742422331,6,100,0.217976478975032,-0.591845344274662,43,1,-21.26356,50,0.4,0.6,40,"both",0.217976478975032,-0.591845344274662
"4266",3,2,0.000623242494600344,-15.1567001343836,14.278742422331,6,100,0.217976478975032,-0.591845344274662,43,1,-2.1284,50,0.4,0.6,40,"both",0.217976478975032,-0.591845344274662
"4267",3,2,0.000623242494600344,-15.1567001343836,14.278742422331,6,100,0.217976478975032,-0.591845344274662,43,1,23.13025,50,0.4,0.6,40,"both",0.217976478975032,-0.591845344274662
"4268",3,2,0.000623242494600344,-15.1567001343836,14.278742422331,6,100,0.217976478975032,-0.591845344274662,43,0,-35.9052,50,0.4,0.6,40,"both",0.217976478975032,-0.591845344274662
"4269",3,2,0.000623242494600344,-15.1567001343836,14.278742422331,6,100,0.217976478975032,-0.591845344274662,43,0,-44.0118,50,0.4,0.6,40,"both",0.217976478975032,-0.591845344274662
"4270",3,2,0.000623242494600344,-15.1567001343836,14.278742422331,6,100,0.217976478975032,-0.591845344274662,43,1,31.299,50,0.4,0.6,40,"both",0.217976478975032,-0.591845344274662
"4271",3,2,0.000623242494600344,-15.1567001343836,14.278742422331,6,100,0.217976478975032,-0.591845344274662,43,0,-34.1039,50,0.4,0.6,40,"both",0.217976478975032,-0.591845344274662
"4272",3,2,0.000623242494600344,-15.1567001343836,14.278742422331,6,100,0.217976478975032,-0.591845344274662,43,1,-2.2695,50,0.4,0.6,40,"both",0.217976478975032,-0.591845344274662
"4273",3,2,0.000623242494600344,-15.1567001343836,14.278742422331,6,100,0.217976478975032,-0.591845344274662,43,0,-29.9059,50,0.4,0.6,40,"both",0.217976478975032,-0.591845344274662
"4274",3,2,0.000623242494600344,-15.1567001343836,14.278742422331,6,100,0.217976478975032,-0.591845344274662,43,1,-22.43162,50,0.4,0.6,40,"both",0.217976478975032,-0.591845344274662
"4275",3,2,0.000623242494600344,-15.1567001343836,14.278742422331,6,100,0.217976478975032,-0.591845344274662,43,0,-5.56898,50,0.4,0.6,40,"both",0.217976478975032,-0.591845344274662
"4276",3,2,0.000623242494600344,-15.1567001343836,14.278742422331,6,100,0.217976478975032,-0.591845344274662,43,0,-7.22048,50,0.4,0.6,40,"both",0.217976478975032,-0.591845344274662
"4277",3,2,0.000623242494600344,-15.1567001343836,14.278742422331,6,100,0.217976478975032,-0.591845344274662,43,0,-35.8567,50,0.4,0.6,40,"both",0.217976478975032,-0.591845344274662
"4278",3,2,0.000623242494600344,-15.1567001343836,14.278742422331,6,100,0.217976478975032,-0.591845344274662,43,0,-33.523,50,0.4,0.6,40,"both",0.217976478975032,-0.591845344274662
"4279",3,2,0.000623242494600344,-15.1567001343836,14.278742422331,6,100,0.217976478975032,-0.591845344274662,43,0,-20.42107,50,0.4,0.6,40,"both",0.217976478975032,-0.591845344274662
"4280",3,2,0.000623242494600344,-15.1567001343836,14.278742422331,6,100,0.217976478975032,-0.591845344274662,43,0,-4.9879,50,0.4,0.6,40,"both",0.217976478975032,-0.591845344274662
"4281",3,2,0.000623242494600344,-15.1567001343836,14.278742422331,6,100,0.217976478975032,-0.591845344274662,43,0,-14.96957,50,0.4,0.6,40,"both",0.217976478975032,-0.591845344274662
"4282",3,2,0.000623242494600344,-15.1567001343836,14.278742422331,6,100,0.217976478975032,-0.591845344274662,43,1,4.1036,50,0.4,0.6,40,"both",0.217976478975032,-0.591845344274662
"4283",3,2,0.000623242494600344,-15.1567001343836,14.278742422331,6,100,0.217976478975032,-0.591845344274662,43,1,4.62431,50,0.4,0.6,40,"both",0.217976478975032,-0.591845344274662
"4284",3,2,0.000623242494600344,-15.1567001343836,14.278742422331,6,100,0.217976478975032,-0.591845344274662,43,0,-37.8722,50,0.4,0.6,40,"both",0.217976478975032,-0.591845344274662
"4285",3,2,0.000623242494600344,-15.1567001343836,14.278742422331,6,100,0.217976478975032,-0.591845344274662,43,1,-18.64848,50,0.4,0.6,40,"both",0.217976478975032,-0.591845344274662
"4286",3,2,0.000623242494600344,-15.1567001343836,14.278742422331,6,100,0.217976478975032,-0.591845344274662,43,0,-28.2635,50,0.4,0.6,40,"both",0.217976478975032,-0.591845344274662
"4287",3,2,0.000623242494600344,-15.1567001343836,14.278742422331,6,100,0.217976478975032,-0.591845344274662,43,0,-20.14187,50,0.4,0.6,40,"both",0.217976478975032,-0.591845344274662
"4288",3,2,0.000623242494600344,-15.1567001343836,14.278742422331,6,100,0.217976478975032,-0.591845344274662,43,1,6.3964,50,0.4,0.6,40,"both",0.217976478975032,-0.591845344274662
"4289",3,2,0.000623242494600344,-15.1567001343836,14.278742422331,6,100,0.217976478975032,-0.591845344274662,43,0,-23.6413,50,0.4,0.6,40,"both",0.217976478975032,-0.591845344274662
"4290",3,2,0.000623242494600344,-15.1567001343836,14.278742422331,6,100,0.217976478975032,-0.591845344274662,43,1,5.67658,50,0.4,0.6,40,"both",0.217976478975032,-0.591845344274662
"4291",3,2,0.000623242494600344,-15.1567001343836,14.278742422331,6,100,0.217976478975032,-0.591845344274662,43,0,-32.0264,50,0.4,0.6,40,"both",0.217976478975032,-0.591845344274662
"4292",3,2,0.000623242494600344,-15.1567001343836,14.278742422331,6,100,0.217976478975032,-0.591845344274662,43,0,-16.95577,50,0.4,0.6,40,"both",0.217976478975032,-0.591845344274662
"4293",3,2,0.000623242494600344,-15.1567001343836,14.278742422331,6,100,0.217976478975032,-0.591845344274662,43,1,-30.6191,50,0.4,0.6,40,"both",0.217976478975032,-0.591845344274662
"4294",3,2,0.000623242494600344,-15.1567001343836,14.278742422331,6,100,0.217976478975032,-0.591845344274662,43,0,-23.28719,50,0.4,0.6,40,"both",0.217976478975032,-0.591845344274662
"4295",3,2,0.000623242494600344,-15.1567001343836,14.278742422331,6,100,0.217976478975032,-0.591845344274662,43,0,-25.2209,50,0.4,0.6,40,"both",0.217976478975032,-0.591845344274662
"4296",3,2,0.000623242494600344,-15.1567001343836,14.278742422331,6,100,0.217976478975032,-0.591845344274662,43,1,1.7302,50,0.4,0.6,40,"both",0.217976478975032,-0.591845344274662
"4297",3,2,0.000623242494600344,-15.1567001343836,14.278742422331,6,100,0.217976478975032,-0.591845344274662,43,0,-27.7384,50,0.4,0.6,40,"both",0.217976478975032,-0.591845344274662
"4298",3,2,0.000623242494600344,-15.1567001343836,14.278742422331,6,100,0.217976478975032,-0.591845344274662,43,0,-26.8441,50,0.4,0.6,40,"both",0.217976478975032,-0.591845344274662
"4299",3,2,0.000623242494600344,-15.1567001343836,14.278742422331,6,100,0.217976478975032,-0.591845344274662,43,1,6.87345,50,0.4,0.6,40,"both",0.217976478975032,-0.591845344274662
"4300",3,2,0.000623242494600344,-15.1567001343836,14.278742422331,6,100,0.217976478975032,-0.591845344274662,43,0,-29.3153,50,0.4,0.6,40,"both",0.217976478975032,-0.591845344274662
"4301",4,2,0.0212955164083674,-4.18620612494715,12.4985550999171,8,100,0.217976478975032,-0.591845344274662,44,1,6.1315402255,50,0.4,0.6,40,"both",0.217976478975032,-0.591845344274662
"4302",4,2,0.0212955164083674,-4.18620612494715,12.4985550999171,8,100,0.217976478975032,-0.591845344274662,44,0,-8.572627633584,50,0.4,0.6,40,"both",0.217976478975032,-0.591845344274662
"4303",4,2,0.0212955164083674,-4.18620612494715,12.4985550999171,8,100,0.217976478975032,-0.591845344274662,44,0,-2.1067229027,50,0.4,0.6,40,"both",0.217976478975032,-0.591845344274662
"4304",4,2,0.0212955164083674,-4.18620612494715,12.4985550999171,8,100,0.217976478975032,-0.591845344274662,44,1,1.78894962334,50,0.4,0.6,40,"both",0.217976478975032,-0.591845344274662
"4305",4,2,0.0212955164083674,-4.18620612494715,12.4985550999171,8,100,0.217976478975032,-0.591845344274662,44,1,-4.56125,50,0.4,0.6,40,"both",0.217976478975032,-0.591845344274662
"4306",4,2,0.0212955164083674,-4.18620612494715,12.4985550999171,8,100,0.217976478975032,-0.591845344274662,44,1,0.88439,50,0.4,0.6,40,"both",0.217976478975032,-0.591845344274662
"4307",4,2,0.0212955164083674,-4.18620612494715,12.4985550999171,8,100,0.217976478975032,-0.591845344274662,44,0,-5.69724,50,0.4,0.6,40,"both",0.217976478975032,-0.591845344274662
"4308",4,2,0.0212955164083674,-4.18620612494715,12.4985550999171,8,100,0.217976478975032,-0.591845344274662,44,0,-10.69246,50,0.4,0.6,40,"both",0.217976478975032,-0.591845344274662
"4309",4,2,0.0212955164083674,-4.18620612494715,12.4985550999171,8,100,0.217976478975032,-0.591845344274662,44,0,2.43029,50,0.4,0.6,40,"both",0.217976478975032,-0.591845344274662
"4310",4,2,0.0212955164083674,-4.18620612494715,12.4985550999171,8,100,0.217976478975032,-0.591845344274662,44,1,-0.30372,50,0.4,0.6,40,"both",0.217976478975032,-0.591845344274662
"4311",4,2,0.0212955164083674,-4.18620612494715,12.4985550999171,8,100,0.217976478975032,-0.591845344274662,44,1,-3.94455,50,0.4,0.6,40,"both",0.217976478975032,-0.591845344274662
"4312",4,2,0.0212955164083674,-4.18620612494715,12.4985550999171,8,100,0.217976478975032,-0.591845344274662,44,0,-26.6018,50,0.4,0.6,40,"both",0.217976478975032,-0.591845344274662
"4313",4,2,0.0212955164083674,-4.18620612494715,12.4985550999171,8,100,0.217976478975032,-0.591845344274662,44,1,2.9386,50,0.4,0.6,40,"both",0.217976478975032,-0.591845344274662
"4314",4,2,0.0212955164083674,-4.18620612494715,12.4985550999171,8,100,0.217976478975032,-0.591845344274662,44,0,-8.19759,50,0.4,0.6,40,"both",0.217976478975032,-0.591845344274662
"4315",4,2,0.0212955164083674,-4.18620612494715,12.4985550999171,8,100,0.217976478975032,-0.591845344274662,44,0,-3.57952,50,0.4,0.6,40,"both",0.217976478975032,-0.591845344274662
"4316",4,2,0.0212955164083674,-4.18620612494715,12.4985550999171,8,100,0.217976478975032,-0.591845344274662,44,0,-16.45864,50,0.4,0.6,40,"both",0.217976478975032,-0.591845344274662
"4317",4,2,0.0212955164083674,-4.18620612494715,12.4985550999171,8,100,0.217976478975032,-0.591845344274662,44,1,5.78071,50,0.4,0.6,40,"both",0.217976478975032,-0.591845344274662
"4318",4,2,0.0212955164083674,-4.18620612494715,12.4985550999171,8,100,0.217976478975032,-0.591845344274662,44,0,-40.872,50,0.4,0.6,40,"both",0.217976478975032,-0.591845344274662
"4319",4,2,0.0212955164083674,-4.18620612494715,12.4985550999171,8,100,0.217976478975032,-0.591845344274662,44,1,-9.64768,50,0.4,0.6,40,"both",0.217976478975032,-0.591845344274662
"4320",4,2,0.0212955164083674,-4.18620612494715,12.4985550999171,8,100,0.217976478975032,-0.591845344274662,44,1,1.46278,50,0.4,0.6,40,"both",0.217976478975032,-0.591845344274662
"4321",4,2,0.0212955164083674,-4.18620612494715,12.4985550999171,8,100,0.217976478975032,-0.591845344274662,44,1,-5.28118,50,0.4,0.6,40,"both",0.217976478975032,-0.591845344274662
"4322",4,2,0.0212955164083674,-4.18620612494715,12.4985550999171,8,100,0.217976478975032,-0.591845344274662,44,0,-4.59217,50,0.4,0.6,40,"both",0.217976478975032,-0.591845344274662
"4323",4,2,0.0212955164083674,-4.18620612494715,12.4985550999171,8,100,0.217976478975032,-0.591845344274662,44,1,1.57164,50,0.4,0.6,40,"both",0.217976478975032,-0.591845344274662
"4324",4,2,0.0212955164083674,-4.18620612494715,12.4985550999171,8,100,0.217976478975032,-0.591845344274662,44,1,-5.65624,50,0.4,0.6,40,"both",0.217976478975032,-0.591845344274662
"4325",4,2,0.0212955164083674,-4.18620612494715,12.4985550999171,8,100,0.217976478975032,-0.591845344274662,44,0,-2.1758,50,0.4,0.6,40,"both",0.217976478975032,-0.591845344274662
"4326",4,2,0.0212955164083674,-4.18620612494715,12.4985550999171,8,100,0.217976478975032,-0.591845344274662,44,0,-43.31454,50,0.4,0.6,40,"both",0.217976478975032,-0.591845344274662
"4327",4,2,0.0212955164083674,-4.18620612494715,12.4985550999171,8,100,0.217976478975032,-0.591845344274662,44,0,-15.71509,50,0.4,0.6,40,"both",0.217976478975032,-0.591845344274662
"4328",4,2,0.0212955164083674,-4.18620612494715,12.4985550999171,8,100,0.217976478975032,-0.591845344274662,44,0,-11.47206,50,0.4,0.6,40,"both",0.217976478975032,-0.591845344274662
"4329",4,2,0.0212955164083674,-4.18620612494715,12.4985550999171,8,100,0.217976478975032,-0.591845344274662,44,0,3.65263,50,0.4,0.6,40,"both",0.217976478975032,-0.591845344274662
"4330",4,2,0.0212955164083674,-4.18620612494715,12.4985550999171,8,100,0.217976478975032,-0.591845344274662,44,1,21.884798,50,0.4,0.6,40,"both",0.217976478975032,-0.591845344274662
"4331",4,2,0.0212955164083674,-4.18620612494715,12.4985550999171,8,100,0.217976478975032,-0.591845344274662,44,0,-12.76969,50,0.4,0.6,40,"both",0.217976478975032,-0.591845344274662
"4332",4,2,0.0212955164083674,-4.18620612494715,12.4985550999171,8,100,0.217976478975032,-0.591845344274662,44,0,-8.98224,50,0.4,0.6,40,"both",0.217976478975032,-0.591845344274662
"4333",4,2,0.0212955164083674,-4.18620612494715,12.4985550999171,8,100,0.217976478975032,-0.591845344274662,44,1,-6.73993,50,0.4,0.6,40,"both",0.217976478975032,-0.591845344274662
"4334",4,2,0.0212955164083674,-4.18620612494715,12.4985550999171,8,100,0.217976478975032,-0.591845344274662,44,0,-3.44947,50,0.4,0.6,40,"both",0.217976478975032,-0.591845344274662
"4335",4,2,0.0212955164083674,-4.18620612494715,12.4985550999171,8,100,0.217976478975032,-0.591845344274662,44,0,-3.1270228355,50,0.4,0.6,40,"both",0.217976478975032,-0.591845344274662
"4336",4,2,0.0212955164083674,-4.18620612494715,12.4985550999171,8,100,0.217976478975032,-0.591845344274662,44,1,-8.93033,50,0.4,0.6,40,"both",0.217976478975032,-0.591845344274662
"4337",4,2,0.0212955164083674,-4.18620612494715,12.4985550999171,8,100,0.217976478975032,-0.591845344274662,44,0,7.00051,50,0.4,0.6,40,"both",0.217976478975032,-0.591845344274662
"4338",4,2,0.0212955164083674,-4.18620612494715,12.4985550999171,8,100,0.217976478975032,-0.591845344274662,44,1,18.01684,50,0.4,0.6,40,"both",0.217976478975032,-0.591845344274662
"4339",4,2,0.0212955164083674,-4.18620612494715,12.4985550999171,8,100,0.217976478975032,-0.591845344274662,44,1,-2.93277,50,0.4,0.6,40,"both",0.217976478975032,-0.591845344274662
"4340",4,2,0.0212955164083674,-4.18620612494715,12.4985550999171,8,100,0.217976478975032,-0.591845344274662,44,0,12.4292,50,0.4,0.6,40,"both",0.217976478975032,-0.591845344274662
"4341",4,2,0.0212955164083674,-4.18620612494715,12.4985550999171,8,100,0.217976478975032,-0.591845344274662,44,1,38.97133,50,0.4,0.6,40,"both",0.217976478975032,-0.591845344274662
"4342",4,2,0.0212955164083674,-4.18620612494715,12.4985550999171,8,100,0.217976478975032,-0.591845344274662,44,1,-16.16072,50,0.4,0.6,40,"both",0.217976478975032,-0.591845344274662
"4343",4,2,0.0212955164083674,-4.18620612494715,12.4985550999171,8,100,0.217976478975032,-0.591845344274662,44,0,-30.01069,50,0.4,0.6,40,"both",0.217976478975032,-0.591845344274662
"4344",4,2,0.0212955164083674,-4.18620612494715,12.4985550999171,8,100,0.217976478975032,-0.591845344274662,44,1,18.453106,50,0.4,0.6,40,"both",0.217976478975032,-0.591845344274662
"4345",4,2,0.0212955164083674,-4.18620612494715,12.4985550999171,8,100,0.217976478975032,-0.591845344274662,44,1,13.15466,50,0.4,0.6,40,"both",0.217976478975032,-0.591845344274662
"4346",4,2,0.0212955164083674,-4.18620612494715,12.4985550999171,8,100,0.217976478975032,-0.591845344274662,44,0,-27.10594,50,0.4,0.6,40,"both",0.217976478975032,-0.591845344274662
"4347",4,2,0.0212955164083674,-4.18620612494715,12.4985550999171,8,100,0.217976478975032,-0.591845344274662,44,0,-21.54853,50,0.4,0.6,40,"both",0.217976478975032,-0.591845344274662
"4348",4,2,0.0212955164083674,-4.18620612494715,12.4985550999171,8,100,0.217976478975032,-0.591845344274662,44,0,-15.76919,50,0.4,0.6,40,"both",0.217976478975032,-0.591845344274662
"4349",4,2,0.0212955164083674,-4.18620612494715,12.4985550999171,8,100,0.217976478975032,-0.591845344274662,44,0,-18.1489,50,0.4,0.6,40,"both",0.217976478975032,-0.591845344274662
"4350",4,2,0.0212955164083674,-4.18620612494715,12.4985550999171,8,100,0.217976478975032,-0.591845344274662,44,1,14.504596,50,0.4,0.6,40,"both",0.217976478975032,-0.591845344274662
"4351",4,2,0.0212955164083674,-4.18620612494715,12.4985550999171,8,100,0.217976478975032,-0.591845344274662,44,0,17.74718,50,0.4,0.6,40,"both",0.217976478975032,-0.591845344274662
"4352",4,2,0.0212955164083674,-4.18620612494715,12.4985550999171,8,100,0.217976478975032,-0.591845344274662,44,0,-23.7637,50,0.4,0.6,40,"both",0.217976478975032,-0.591845344274662
"4353",4,2,0.0212955164083674,-4.18620612494715,12.4985550999171,8,100,0.217976478975032,-0.591845344274662,44,0,-27.9828,50,0.4,0.6,40,"both",0.217976478975032,-0.591845344274662
"4354",4,2,0.0212955164083674,-4.18620612494715,12.4985550999171,8,100,0.217976478975032,-0.591845344274662,44,1,-11.64236,50,0.4,0.6,40,"both",0.217976478975032,-0.591845344274662
"4355",4,2,0.0212955164083674,-4.18620612494715,12.4985550999171,8,100,0.217976478975032,-0.591845344274662,44,1,33.00796,50,0.4,0.6,40,"both",0.217976478975032,-0.591845344274662
"4356",4,2,0.0212955164083674,-4.18620612494715,12.4985550999171,8,100,0.217976478975032,-0.591845344274662,44,0,0.947620000000001,50,0.4,0.6,40,"both",0.217976478975032,-0.591845344274662
"4357",4,2,0.0212955164083674,-4.18620612494715,12.4985550999171,8,100,0.217976478975032,-0.591845344274662,44,0,-35.21029,50,0.4,0.6,40,"both",0.217976478975032,-0.591845344274662
"4358",4,2,0.0212955164083674,-4.18620612494715,12.4985550999171,8,100,0.217976478975032,-0.591845344274662,44,1,21.266494,50,0.4,0.6,40,"both",0.217976478975032,-0.591845344274662
"4359",4,2,0.0212955164083674,-4.18620612494715,12.4985550999171,8,100,0.217976478975032,-0.591845344274662,44,0,-20.40367,50,0.4,0.6,40,"both",0.217976478975032,-0.591845344274662
"4360",4,2,0.0212955164083674,-4.18620612494715,12.4985550999171,8,100,0.217976478975032,-0.591845344274662,44,1,5.909972,50,0.4,0.6,40,"both",0.217976478975032,-0.591845344274662
"4361",4,2,0.0212955164083674,-4.18620612494715,12.4985550999171,8,100,0.217976478975032,-0.591845344274662,44,0,-17.44576,50,0.4,0.6,40,"both",0.217976478975032,-0.591845344274662
"4362",4,2,0.0212955164083674,-4.18620612494715,12.4985550999171,8,100,0.217976478975032,-0.591845344274662,44,1,11.35144,50,0.4,0.6,40,"both",0.217976478975032,-0.591845344274662
"4363",4,2,0.0212955164083674,-4.18620612494715,12.4985550999171,8,100,0.217976478975032,-0.591845344274662,44,1,-14.18859,50,0.4,0.6,40,"both",0.217976478975032,-0.591845344274662
"4364",4,2,0.0212955164083674,-4.18620612494715,12.4985550999171,8,100,0.217976478975032,-0.591845344274662,44,0,-17.25792,50,0.4,0.6,40,"both",0.217976478975032,-0.591845344274662
"4365",4,2,0.0212955164083674,-4.18620612494715,12.4985550999171,8,100,0.217976478975032,-0.591845344274662,44,0,-26.03484,50,0.4,0.6,40,"both",0.217976478975032,-0.591845344274662
"4366",4,2,0.0212955164083674,-4.18620612494715,12.4985550999171,8,100,0.217976478975032,-0.591845344274662,44,1,6.9215,50,0.4,0.6,40,"both",0.217976478975032,-0.591845344274662
"4367",4,2,0.0212955164083674,-4.18620612494715,12.4985550999171,8,100,0.217976478975032,-0.591845344274662,44,1,20.50707,50,0.4,0.6,40,"both",0.217976478975032,-0.591845344274662
"4368",4,2,0.0212955164083674,-4.18620612494715,12.4985550999171,8,100,0.217976478975032,-0.591845344274662,44,0,-24.17987,50,0.4,0.6,40,"both",0.217976478975032,-0.591845344274662
"4369",4,2,0.0212955164083674,-4.18620612494715,12.4985550999171,8,100,0.217976478975032,-0.591845344274662,44,0,-12.06773,50,0.4,0.6,40,"both",0.217976478975032,-0.591845344274662
"4370",4,2,0.0212955164083674,-4.18620612494715,12.4985550999171,8,100,0.217976478975032,-0.591845344274662,44,1,4.18707,50,0.4,0.6,40,"both",0.217976478975032,-0.591845344274662
"4371",4,2,0.0212955164083674,-4.18620612494715,12.4985550999171,8,100,0.217976478975032,-0.591845344274662,44,1,24.55235,50,0.4,0.6,40,"both",0.217976478975032,-0.591845344274662
"4372",4,2,0.0212955164083674,-4.18620612494715,12.4985550999171,8,100,0.217976478975032,-0.591845344274662,44,0,-21.9068,50,0.4,0.6,40,"both",0.217976478975032,-0.591845344274662
"4373",4,2,0.0212955164083674,-4.18620612494715,12.4985550999171,8,100,0.217976478975032,-0.591845344274662,44,0,-18.89299,50,0.4,0.6,40,"both",0.217976478975032,-0.591845344274662
"4374",4,2,0.0212955164083674,-4.18620612494715,12.4985550999171,8,100,0.217976478975032,-0.591845344274662,44,0,-13.09284,50,0.4,0.6,40,"both",0.217976478975032,-0.591845344274662
"4375",4,2,0.0212955164083674,-4.18620612494715,12.4985550999171,8,100,0.217976478975032,-0.591845344274662,44,1,18.87179,50,0.4,0.6,40,"both",0.217976478975032,-0.591845344274662
"4376",4,2,0.0212955164083674,-4.18620612494715,12.4985550999171,8,100,0.217976478975032,-0.591845344274662,44,1,10.10847,50,0.4,0.6,40,"both",0.217976478975032,-0.591845344274662
"4377",4,2,0.0212955164083674,-4.18620612494715,12.4985550999171,8,100,0.217976478975032,-0.591845344274662,44,0,10.20124,50,0.4,0.6,40,"both",0.217976478975032,-0.591845344274662
"4378",4,2,0.0212955164083674,-4.18620612494715,12.4985550999171,8,100,0.217976478975032,-0.591845344274662,44,0,-18.10446,50,0.4,0.6,40,"both",0.217976478975032,-0.591845344274662
"4379",4,2,0.0212955164083674,-4.18620612494715,12.4985550999171,8,100,0.217976478975032,-0.591845344274662,44,1,13.482648,50,0.4,0.6,40,"both",0.217976478975032,-0.591845344274662
"4380",4,2,0.0212955164083674,-4.18620612494715,12.4985550999171,8,100,0.217976478975032,-0.591845344274662,44,1,8.20638,50,0.4,0.6,40,"both",0.217976478975032,-0.591845344274662
"4381",4,2,0.0212955164083674,-4.18620612494715,12.4985550999171,8,100,0.217976478975032,-0.591845344274662,44,0,-24.13467,50,0.4,0.6,40,"both",0.217976478975032,-0.591845344274662
"4382",4,2,0.0212955164083674,-4.18620612494715,12.4985550999171,8,100,0.217976478975032,-0.591845344274662,44,0,-12.23178,50,0.4,0.6,40,"both",0.217976478975032,-0.591845344274662
"4383",4,2,0.0212955164083674,-4.18620612494715,12.4985550999171,8,100,0.217976478975032,-0.591845344274662,44,1,9.34269,50,0.4,0.6,40,"both",0.217976478975032,-0.591845344274662
"4384",4,2,0.0212955164083674,-4.18620612494715,12.4985550999171,8,100,0.217976478975032,-0.591845344274662,44,1,11.60405,50,0.4,0.6,40,"both",0.217976478975032,-0.591845344274662
"4385",4,2,0.0212955164083674,-4.18620612494715,12.4985550999171,8,100,0.217976478975032,-0.591845344274662,44,0,-19.29705,50,0.4,0.6,40,"both",0.217976478975032,-0.591845344274662
"4386",4,2,0.0212955164083674,-4.18620612494715,12.4985550999171,8,100,0.217976478975032,-0.591845344274662,44,1,11.83652,50,0.4,0.6,40,"both",0.217976478975032,-0.591845344274662
"4387",4,2,0.0212955164083674,-4.18620612494715,12.4985550999171,8,100,0.217976478975032,-0.591845344274662,44,0,5.64058,50,0.4,0.6,40,"both",0.217976478975032,-0.591845344274662
"4388",4,2,0.0212955164083674,-4.18620612494715,12.4985550999171,8,100,0.217976478975032,-0.591845344274662,44,0,-27.80753,50,0.4,0.6,40,"both",0.217976478975032,-0.591845344274662
"4389",4,2,0.0212955164083674,-4.18620612494715,12.4985550999171,8,100,0.217976478975032,-0.591845344274662,44,1,14.48411,50,0.4,0.6,40,"both",0.217976478975032,-0.591845344274662
"4390",4,2,0.0212955164083674,-4.18620612494715,12.4985550999171,8,100,0.217976478975032,-0.591845344274662,44,0,2.15497,50,0.4,0.6,40,"both",0.217976478975032,-0.591845344274662
"4391",4,2,0.0212955164083674,-4.18620612494715,12.4985550999171,8,100,0.217976478975032,-0.591845344274662,44,1,6.2912,50,0.4,0.6,40,"both",0.217976478975032,-0.591845344274662
"4392",4,2,0.0212955164083674,-4.18620612494715,12.4985550999171,8,100,0.217976478975032,-0.591845344274662,44,1,8.99674,50,0.4,0.6,40,"both",0.217976478975032,-0.591845344274662
"4393",4,2,0.0212955164083674,-4.18620612494715,12.4985550999171,8,100,0.217976478975032,-0.591845344274662,44,1,8.26913,50,0.4,0.6,40,"both",0.217976478975032,-0.591845344274662
"4394",4,2,0.0212955164083674,-4.18620612494715,12.4985550999171,8,100,0.217976478975032,-0.591845344274662,44,1,7.77966,50,0.4,0.6,40,"both",0.217976478975032,-0.591845344274662
"4395",4,2,0.0212955164083674,-4.18620612494715,12.4985550999171,8,100,0.217976478975032,-0.591845344274662,44,1,-11.65695,50,0.4,0.6,40,"both",0.217976478975032,-0.591845344274662
"4396",4,2,0.0212955164083674,-4.18620612494715,12.4985550999171,8,100,0.217976478975032,-0.591845344274662,44,1,4.86453,50,0.4,0.6,40,"both",0.217976478975032,-0.591845344274662
"4397",4,2,0.0212955164083674,-4.18620612494715,12.4985550999171,8,100,0.217976478975032,-0.591845344274662,44,0,-19.89751,50,0.4,0.6,40,"both",0.217976478975032,-0.591845344274662
"4398",4,2,0.0212955164083674,-4.18620612494715,12.4985550999171,8,100,0.217976478975032,-0.591845344274662,44,1,9.92304,50,0.4,0.6,40,"both",0.217976478975032,-0.591845344274662
"4399",4,2,0.0212955164083674,-4.18620612494715,12.4985550999171,8,100,0.217976478975032,-0.591845344274662,44,0,11.32039,50,0.4,0.6,40,"both",0.217976478975032,-0.591845344274662
"4400",4,2,0.0212955164083674,-4.18620612494715,12.4985550999171,8,100,0.217976478975032,-0.591845344274662,44,1,7.01138,50,0.4,0.6,40,"both",0.217976478975032,-0.591845344274662
"4401",5,2,0.00316552657408225,-5.27156029650299,18.6064801149055,10,100,0.217976478975032,-0.591845344274662,45,1,9.2433393486,50,0.4,0.6,40,"both",0.217976478975032,-0.591845344274662
"4402",5,2,0.00316552657408225,-5.27156029650299,18.6064801149055,10,100,0.217976478975032,-0.591845344274662,45,0,-5.90488412128,50,0.4,0.6,40,"both",0.217976478975032,-0.591845344274662
"4403",5,2,0.00316552657408225,-5.27156029650299,18.6064801149055,10,100,0.217976478975032,-0.591845344274662,45,1,0.43688421124,50,0.4,0.6,40,"both",0.217976478975032,-0.591845344274662
"4404",5,2,0.00316552657408225,-5.27156029650299,18.6064801149055,10,100,0.217976478975032,-0.591845344274662,45,1,-4.30166703917,50,0.4,0.6,40,"both",0.217976478975032,-0.591845344274662
"4405",5,2,0.00316552657408225,-5.27156029650299,18.6064801149055,10,100,0.217976478975032,-0.591845344274662,45,0,-2.8827,50,0.4,0.6,40,"both",0.217976478975032,-0.591845344274662
"4406",5,2,0.00316552657408225,-5.27156029650299,18.6064801149055,10,100,0.217976478975032,-0.591845344274662,45,0,-12.60787,50,0.4,0.6,40,"both",0.217976478975032,-0.591845344274662
"4407",5,2,0.00316552657408225,-5.27156029650299,18.6064801149055,10,100,0.217976478975032,-0.591845344274662,45,1,-2.21246759981,50,0.4,0.6,40,"both",0.217976478975032,-0.591845344274662
"4408",5,2,0.00316552657408225,-5.27156029650299,18.6064801149055,10,100,0.217976478975032,-0.591845344274662,45,0,-10.91764,50,0.4,0.6,40,"both",0.217976478975032,-0.591845344274662
"4409",5,2,0.00316552657408225,-5.27156029650299,18.6064801149055,10,100,0.217976478975032,-0.591845344274662,45,0,0.78668,50,0.4,0.6,40,"both",0.217976478975032,-0.591845344274662
"4410",5,2,0.00316552657408225,-5.27156029650299,18.6064801149055,10,100,0.217976478975032,-0.591845344274662,45,1,12.55858,50,0.4,0.6,40,"both",0.217976478975032,-0.591845344274662
"4411",5,2,0.00316552657408225,-5.27156029650299,18.6064801149055,10,100,0.217976478975032,-0.591845344274662,45,1,32.88775,50,0.4,0.6,40,"both",0.217976478975032,-0.591845344274662
"4412",5,2,0.00316552657408225,-5.27156029650299,18.6064801149055,10,100,0.217976478975032,-0.591845344274662,45,0,-2.571288,50,0.4,0.6,40,"both",0.217976478975032,-0.591845344274662
"4413",5,2,0.00316552657408225,-5.27156029650299,18.6064801149055,10,100,0.217976478975032,-0.591845344274662,45,0,-9.51133,50,0.4,0.6,40,"both",0.217976478975032,-0.591845344274662
"4414",5,2,0.00316552657408225,-5.27156029650299,18.6064801149055,10,100,0.217976478975032,-0.591845344274662,45,0,-36.25497,50,0.4,0.6,40,"both",0.217976478975032,-0.591845344274662
"4415",5,2,0.00316552657408225,-5.27156029650299,18.6064801149055,10,100,0.217976478975032,-0.591845344274662,45,1,-5.31235,50,0.4,0.6,40,"both",0.217976478975032,-0.591845344274662
"4416",5,2,0.00316552657408225,-5.27156029650299,18.6064801149055,10,100,0.217976478975032,-0.591845344274662,45,0,-23.78174,50,0.4,0.6,40,"both",0.217976478975032,-0.591845344274662
"4417",5,2,0.00316552657408225,-5.27156029650299,18.6064801149055,10,100,0.217976478975032,-0.591845344274662,45,1,1.69361,50,0.4,0.6,40,"both",0.217976478975032,-0.591845344274662
"4418",5,2,0.00316552657408225,-5.27156029650299,18.6064801149055,10,100,0.217976478975032,-0.591845344274662,45,1,1.96691,50,0.4,0.6,40,"both",0.217976478975032,-0.591845344274662
"4419",5,2,0.00316552657408225,-5.27156029650299,18.6064801149055,10,100,0.217976478975032,-0.591845344274662,45,0,-8.55648,50,0.4,0.6,40,"both",0.217976478975032,-0.591845344274662
"4420",5,2,0.00316552657408225,-5.27156029650299,18.6064801149055,10,100,0.217976478975032,-0.591845344274662,45,0,-17.97781,50,0.4,0.6,40,"both",0.217976478975032,-0.591845344274662
"4421",5,2,0.00316552657408225,-5.27156029650299,18.6064801149055,10,100,0.217976478975032,-0.591845344274662,45,1,-10.368232,50,0.4,0.6,40,"both",0.217976478975032,-0.591845344274662
"4422",5,2,0.00316552657408225,-5.27156029650299,18.6064801149055,10,100,0.217976478975032,-0.591845344274662,45,0,-9.46211,50,0.4,0.6,40,"both",0.217976478975032,-0.591845344274662
"4423",5,2,0.00316552657408225,-5.27156029650299,18.6064801149055,10,100,0.217976478975032,-0.591845344274662,45,1,1.3747,50,0.4,0.6,40,"both",0.217976478975032,-0.591845344274662
"4424",5,2,0.00316552657408225,-5.27156029650299,18.6064801149055,10,100,0.217976478975032,-0.591845344274662,45,0,-5.71066,50,0.4,0.6,40,"both",0.217976478975032,-0.591845344274662
"4425",5,2,0.00316552657408225,-5.27156029650299,18.6064801149055,10,100,0.217976478975032,-0.591845344274662,45,0,-6.66672,50,0.4,0.6,40,"both",0.217976478975032,-0.591845344274662
"4426",5,2,0.00316552657408225,-5.27156029650299,18.6064801149055,10,100,0.217976478975032,-0.591845344274662,45,1,-10.74119,50,0.4,0.6,40,"both",0.217976478975032,-0.591845344274662
"4427",5,2,0.00316552657408225,-5.27156029650299,18.6064801149055,10,100,0.217976478975032,-0.591845344274662,45,0,-24.126321,50,0.4,0.6,40,"both",0.217976478975032,-0.591845344274662
"4428",5,2,0.00316552657408225,-5.27156029650299,18.6064801149055,10,100,0.217976478975032,-0.591845344274662,45,1,-2.49085,50,0.4,0.6,40,"both",0.217976478975032,-0.591845344274662
"4429",5,2,0.00316552657408225,-5.27156029650299,18.6064801149055,10,100,0.217976478975032,-0.591845344274662,45,1,-0.58566,50,0.4,0.6,40,"both",0.217976478975032,-0.591845344274662
"4430",5,2,0.00316552657408225,-5.27156029650299,18.6064801149055,10,100,0.217976478975032,-0.591845344274662,45,1,-8.18026,50,0.4,0.6,40,"both",0.217976478975032,-0.591845344274662
"4431",5,2,0.00316552657408225,-5.27156029650299,18.6064801149055,10,100,0.217976478975032,-0.591845344274662,45,0,4.10517,50,0.4,0.6,40,"both",0.217976478975032,-0.591845344274662
"4432",5,2,0.00316552657408225,-5.27156029650299,18.6064801149055,10,100,0.217976478975032,-0.591845344274662,45,1,18.04086,50,0.4,0.6,40,"both",0.217976478975032,-0.591845344274662
"4433",5,2,0.00316552657408225,-5.27156029650299,18.6064801149055,10,100,0.217976478975032,-0.591845344274662,45,0,-2.30852,50,0.4,0.6,40,"both",0.217976478975032,-0.591845344274662
"4434",5,2,0.00316552657408225,-5.27156029650299,18.6064801149055,10,100,0.217976478975032,-0.591845344274662,45,1,-27.74395,50,0.4,0.6,40,"both",0.217976478975032,-0.591845344274662
"4435",5,2,0.00316552657408225,-5.27156029650299,18.6064801149055,10,100,0.217976478975032,-0.591845344274662,45,1,13.51031,50,0.4,0.6,40,"both",0.217976478975032,-0.591845344274662
"4436",5,2,0.00316552657408225,-5.27156029650299,18.6064801149055,10,100,0.217976478975032,-0.591845344274662,45,0,7.28349,50,0.4,0.6,40,"both",0.217976478975032,-0.591845344274662
"4437",5,2,0.00316552657408225,-5.27156029650299,18.6064801149055,10,100,0.217976478975032,-0.591845344274662,45,0,-7.22237,50,0.4,0.6,40,"both",0.217976478975032,-0.591845344274662
"4438",5,2,0.00316552657408225,-5.27156029650299,18.6064801149055,10,100,0.217976478975032,-0.591845344274662,45,1,27.480451,50,0.4,0.6,40,"both",0.217976478975032,-0.591845344274662
"4439",5,2,0.00316552657408225,-5.27156029650299,18.6064801149055,10,100,0.217976478975032,-0.591845344274662,45,1,22.15161,50,0.4,0.6,40,"both",0.217976478975032,-0.591845344274662
"4440",5,2,0.00316552657408225,-5.27156029650299,18.6064801149055,10,100,0.217976478975032,-0.591845344274662,45,1,1.58248,50,0.4,0.6,40,"both",0.217976478975032,-0.591845344274662
"4441",5,2,0.00316552657408225,-5.27156029650299,18.6064801149055,10,100,0.217976478975032,-0.591845344274662,45,0,-12.44775,50,0.4,0.6,40,"both",0.217976478975032,-0.591845344274662
"4442",5,2,0.00316552657408225,-5.27156029650299,18.6064801149055,10,100,0.217976478975032,-0.591845344274662,45,0,-13.38509,50,0.4,0.6,40,"both",0.217976478975032,-0.591845344274662
"4443",5,2,0.00316552657408225,-5.27156029650299,18.6064801149055,10,100,0.217976478975032,-0.591845344274662,45,1,27.14488,50,0.4,0.6,40,"both",0.217976478975032,-0.591845344274662
"4444",5,2,0.00316552657408225,-5.27156029650299,18.6064801149055,10,100,0.217976478975032,-0.591845344274662,45,1,3.18584,50,0.4,0.6,40,"both",0.217976478975032,-0.591845344274662
"4445",5,2,0.00316552657408225,-5.27156029650299,18.6064801149055,10,100,0.217976478975032,-0.591845344274662,45,1,7.20213,50,0.4,0.6,40,"both",0.217976478975032,-0.591845344274662
"4446",5,2,0.00316552657408225,-5.27156029650299,18.6064801149055,10,100,0.217976478975032,-0.591845344274662,45,1,7.66918,50,0.4,0.6,40,"both",0.217976478975032,-0.591845344274662
"4447",5,2,0.00316552657408225,-5.27156029650299,18.6064801149055,10,100,0.217976478975032,-0.591845344274662,45,1,13.259332,50,0.4,0.6,40,"both",0.217976478975032,-0.591845344274662
"4448",5,2,0.00316552657408225,-5.27156029650299,18.6064801149055,10,100,0.217976478975032,-0.591845344274662,45,0,-20.95987,50,0.4,0.6,40,"both",0.217976478975032,-0.591845344274662
"4449",5,2,0.00316552657408225,-5.27156029650299,18.6064801149055,10,100,0.217976478975032,-0.591845344274662,45,0,-22.55311,50,0.4,0.6,40,"both",0.217976478975032,-0.591845344274662
"4450",5,2,0.00316552657408225,-5.27156029650299,18.6064801149055,10,100,0.217976478975032,-0.591845344274662,45,1,-2.11499,50,0.4,0.6,40,"both",0.217976478975032,-0.591845344274662
"4451",5,2,0.00316552657408225,-5.27156029650299,18.6064801149055,10,100,0.217976478975032,-0.591845344274662,45,1,11.6899,50,0.4,0.6,40,"both",0.217976478975032,-0.591845344274662
"4452",5,2,0.00316552657408225,-5.27156029650299,18.6064801149055,10,100,0.217976478975032,-0.591845344274662,45,1,-19.12586,50,0.4,0.6,40,"both",0.217976478975032,-0.591845344274662
"4453",5,2,0.00316552657408225,-5.27156029650299,18.6064801149055,10,100,0.217976478975032,-0.591845344274662,45,1,-4.183699,50,0.4,0.6,40,"both",0.217976478975032,-0.591845344274662
"4454",5,2,0.00316552657408225,-5.27156029650299,18.6064801149055,10,100,0.217976478975032,-0.591845344274662,45,1,1.03227,50,0.4,0.6,40,"both",0.217976478975032,-0.591845344274662
"4455",5,2,0.00316552657408225,-5.27156029650299,18.6064801149055,10,100,0.217976478975032,-0.591845344274662,45,0,-13.08331,50,0.4,0.6,40,"both",0.217976478975032,-0.591845344274662
"4456",5,2,0.00316552657408225,-5.27156029650299,18.6064801149055,10,100,0.217976478975032,-0.591845344274662,45,0,-15.00934,50,0.4,0.6,40,"both",0.217976478975032,-0.591845344274662
"4457",5,2,0.00316552657408225,-5.27156029650299,18.6064801149055,10,100,0.217976478975032,-0.591845344274662,45,0,0.67174,50,0.4,0.6,40,"both",0.217976478975032,-0.591845344274662
"4458",5,2,0.00316552657408225,-5.27156029650299,18.6064801149055,10,100,0.217976478975032,-0.591845344274662,45,0,4.54687,50,0.4,0.6,40,"both",0.217976478975032,-0.591845344274662
"4459",5,2,0.00316552657408225,-5.27156029650299,18.6064801149055,10,100,0.217976478975032,-0.591845344274662,45,1,0.64895,50,0.4,0.6,40,"both",0.217976478975032,-0.591845344274662
"4460",5,2,0.00316552657408225,-5.27156029650299,18.6064801149055,10,100,0.217976478975032,-0.591845344274662,45,0,-11.98753,50,0.4,0.6,40,"both",0.217976478975032,-0.591845344274662
"4461",5,2,0.00316552657408225,-5.27156029650299,18.6064801149055,10,100,0.217976478975032,-0.591845344274662,45,0,6.2167,50,0.4,0.6,40,"both",0.217976478975032,-0.591845344274662
"4462",5,2,0.00316552657408225,-5.27156029650299,18.6064801149055,10,100,0.217976478975032,-0.591845344274662,45,1,28.85826,50,0.4,0.6,40,"both",0.217976478975032,-0.591845344274662
"4463",5,2,0.00316552657408225,-5.27156029650299,18.6064801149055,10,100,0.217976478975032,-0.591845344274662,45,1,14.28774,50,0.4,0.6,40,"both",0.217976478975032,-0.591845344274662
"4464",5,2,0.00316552657408225,-5.27156029650299,18.6064801149055,10,100,0.217976478975032,-0.591845344274662,45,0,2.35923,50,0.4,0.6,40,"both",0.217976478975032,-0.591845344274662
"4465",5,2,0.00316552657408225,-5.27156029650299,18.6064801149055,10,100,0.217976478975032,-0.591845344274662,45,1,17.91202,50,0.4,0.6,40,"both",0.217976478975032,-0.591845344274662
"4466",5,2,0.00316552657408225,-5.27156029650299,18.6064801149055,10,100,0.217976478975032,-0.591845344274662,45,0,-9.61373,50,0.4,0.6,40,"both",0.217976478975032,-0.591845344274662
"4467",5,2,0.00316552657408225,-5.27156029650299,18.6064801149055,10,100,0.217976478975032,-0.591845344274662,45,0,-20.26864,50,0.4,0.6,40,"both",0.217976478975032,-0.591845344274662
"4468",5,2,0.00316552657408225,-5.27156029650299,18.6064801149055,10,100,0.217976478975032,-0.591845344274662,45,1,5.33141,50,0.4,0.6,40,"both",0.217976478975032,-0.591845344274662
"4469",5,2,0.00316552657408225,-5.27156029650299,18.6064801149055,10,100,0.217976478975032,-0.591845344274662,45,0,-12.08022,50,0.4,0.6,40,"both",0.217976478975032,-0.591845344274662
"4470",5,2,0.00316552657408225,-5.27156029650299,18.6064801149055,10,100,0.217976478975032,-0.591845344274662,45,1,8.985899,50,0.4,0.6,40,"both",0.217976478975032,-0.591845344274662
"4471",5,2,0.00316552657408225,-5.27156029650299,18.6064801149055,10,100,0.217976478975032,-0.591845344274662,45,0,-10.0397343,50,0.4,0.6,40,"both",0.217976478975032,-0.591845344274662
"4472",5,2,0.00316552657408225,-5.27156029650299,18.6064801149055,10,100,0.217976478975032,-0.591845344274662,45,0,-16.236274,50,0.4,0.6,40,"both",0.217976478975032,-0.591845344274662
"4473",5,2,0.00316552657408225,-5.27156029650299,18.6064801149055,10,100,0.217976478975032,-0.591845344274662,45,1,-12.05377,50,0.4,0.6,40,"both",0.217976478975032,-0.591845344274662
"4474",5,2,0.00316552657408225,-5.27156029650299,18.6064801149055,10,100,0.217976478975032,-0.591845344274662,45,0,-13.40796,50,0.4,0.6,40,"both",0.217976478975032,-0.591845344274662
"4475",5,2,0.00316552657408225,-5.27156029650299,18.6064801149055,10,100,0.217976478975032,-0.591845344274662,45,1,7.307684,50,0.4,0.6,40,"both",0.217976478975032,-0.591845344274662
"4476",5,2,0.00316552657408225,-5.27156029650299,18.6064801149055,10,100,0.217976478975032,-0.591845344274662,45,1,10.4968026,50,0.4,0.6,40,"both",0.217976478975032,-0.591845344274662
"4477",5,2,0.00316552657408225,-5.27156029650299,18.6064801149055,10,100,0.217976478975032,-0.591845344274662,45,1,1.2495,50,0.4,0.6,40,"both",0.217976478975032,-0.591845344274662
"4478",5,2,0.00316552657408225,-5.27156029650299,18.6064801149055,10,100,0.217976478975032,-0.591845344274662,45,0,-23.73596,50,0.4,0.6,40,"both",0.217976478975032,-0.591845344274662
"4479",5,2,0.00316552657408225,-5.27156029650299,18.6064801149055,10,100,0.217976478975032,-0.591845344274662,45,1,8.87364,50,0.4,0.6,40,"both",0.217976478975032,-0.591845344274662
"4480",5,2,0.00316552657408225,-5.27156029650299,18.6064801149055,10,100,0.217976478975032,-0.591845344274662,45,1,-20.9144,50,0.4,0.6,40,"both",0.217976478975032,-0.591845344274662
"4481",5,2,0.00316552657408225,-5.27156029650299,18.6064801149055,10,100,0.217976478975032,-0.591845344274662,45,0,-21.57991,50,0.4,0.6,40,"both",0.217976478975032,-0.591845344274662
"4482",5,2,0.00316552657408225,-5.27156029650299,18.6064801149055,10,100,0.217976478975032,-0.591845344274662,45,0,6.40941,50,0.4,0.6,40,"both",0.217976478975032,-0.591845344274662
"4483",5,2,0.00316552657408225,-5.27156029650299,18.6064801149055,10,100,0.217976478975032,-0.591845344274662,45,1,5.2304,50,0.4,0.6,40,"both",0.217976478975032,-0.591845344274662
"4484",5,2,0.00316552657408225,-5.27156029650299,18.6064801149055,10,100,0.217976478975032,-0.591845344274662,45,1,-2.11383,50,0.4,0.6,40,"both",0.217976478975032,-0.591845344274662
"4485",5,2,0.00316552657408225,-5.27156029650299,18.6064801149055,10,100,0.217976478975032,-0.591845344274662,45,1,-14.67043,50,0.4,0.6,40,"both",0.217976478975032,-0.591845344274662
"4486",5,2,0.00316552657408225,-5.27156029650299,18.6064801149055,10,100,0.217976478975032,-0.591845344274662,45,1,10.21624,50,0.4,0.6,40,"both",0.217976478975032,-0.591845344274662
"4487",5,2,0.00316552657408225,-5.27156029650299,18.6064801149055,10,100,0.217976478975032,-0.591845344274662,45,1,10.02444,50,0.4,0.6,40,"both",0.217976478975032,-0.591845344274662
"4488",5,2,0.00316552657408225,-5.27156029650299,18.6064801149055,10,100,0.217976478975032,-0.591845344274662,45,1,14.24501,50,0.4,0.6,40,"both",0.217976478975032,-0.591845344274662
"4489",5,2,0.00316552657408225,-5.27156029650299,18.6064801149055,10,100,0.217976478975032,-0.591845344274662,45,1,-19.39284,50,0.4,0.6,40,"both",0.217976478975032,-0.591845344274662
"4490",5,2,0.00316552657408225,-5.27156029650299,18.6064801149055,10,100,0.217976478975032,-0.591845344274662,45,0,-14.16021,50,0.4,0.6,40,"both",0.217976478975032,-0.591845344274662
"4491",5,2,0.00316552657408225,-5.27156029650299,18.6064801149055,10,100,0.217976478975032,-0.591845344274662,45,0,-16.88376,50,0.4,0.6,40,"both",0.217976478975032,-0.591845344274662
"4492",5,2,0.00316552657408225,-5.27156029650299,18.6064801149055,10,100,0.217976478975032,-0.591845344274662,45,1,-8.98919,50,0.4,0.6,40,"both",0.217976478975032,-0.591845344274662
"4493",5,2,0.00316552657408225,-5.27156029650299,18.6064801149055,10,100,0.217976478975032,-0.591845344274662,45,0,-20.18288,50,0.4,0.6,40,"both",0.217976478975032,-0.591845344274662
"4494",5,2,0.00316552657408225,-5.27156029650299,18.6064801149055,10,100,0.217976478975032,-0.591845344274662,45,0,-10.90622,50,0.4,0.6,40,"both",0.217976478975032,-0.591845344274662
"4495",5,2,0.00316552657408225,-5.27156029650299,18.6064801149055,10,100,0.217976478975032,-0.591845344274662,45,1,8.44858,50,0.4,0.6,40,"both",0.217976478975032,-0.591845344274662
"4496",5,2,0.00316552657408225,-5.27156029650299,18.6064801149055,10,100,0.217976478975032,-0.591845344274662,45,1,-8.32718,50,0.4,0.6,40,"both",0.217976478975032,-0.591845344274662
"4497",5,2,0.00316552657408225,-5.27156029650299,18.6064801149055,10,100,0.217976478975032,-0.591845344274662,45,0,-17.48821,50,0.4,0.6,40,"both",0.217976478975032,-0.591845344274662
"4498",5,2,0.00316552657408225,-5.27156029650299,18.6064801149055,10,100,0.217976478975032,-0.591845344274662,45,0,-16.4615,50,0.4,0.6,40,"both",0.217976478975032,-0.591845344274662
"4499",5,2,0.00316552657408225,-5.27156029650299,18.6064801149055,10,100,0.217976478975032,-0.591845344274662,45,1,1.34039,50,0.4,0.6,40,"both",0.217976478975032,-0.591845344274662
"4500",5,2,0.00316552657408225,-5.27156029650299,18.6064801149055,10,100,0.217976478975032,-0.591845344274662,45,1,4.47617,50,0.4,0.6,40,"both",0.217976478975032,-0.591845344274662
"4501",6,2,0.0464813350270348,-13.6757549257852,10.4057185769372,12,100,0.217976478975032,-0.591845344274662,46,1,-8.1445125023,50,0.4,0.6,40,"both",0.217976478975032,-0.591845344274662
"4502",6,2,0.0464813350270348,-13.6757549257852,10.4057185769372,12,100,0.217976478975032,-0.591845344274662,46,1,-9.6337190883,50,0.4,0.6,40,"both",0.217976478975032,-0.591845344274662
"4503",6,2,0.0464813350270348,-13.6757549257852,10.4057185769372,12,100,0.217976478975032,-0.591845344274662,46,0,-15.2694424384,50,0.4,0.6,40,"both",0.217976478975032,-0.591845344274662
"4504",6,2,0.0464813350270348,-13.6757549257852,10.4057185769372,12,100,0.217976478975032,-0.591845344274662,46,1,-7.03931959039,50,0.4,0.6,40,"both",0.217976478975032,-0.591845344274662
"4505",6,2,0.0464813350270348,-13.6757549257852,10.4057185769372,12,100,0.217976478975032,-0.591845344274662,46,1,-13.87221497,50,0.4,0.6,40,"both",0.217976478975032,-0.591845344274662
"4506",6,2,0.0464813350270348,-13.6757549257852,10.4057185769372,12,100,0.217976478975032,-0.591845344274662,46,0,-25.77411,50,0.4,0.6,40,"both",0.217976478975032,-0.591845344274662
"4507",6,2,0.0464813350270348,-13.6757549257852,10.4057185769372,12,100,0.217976478975032,-0.591845344274662,46,1,-10.86836,50,0.4,0.6,40,"both",0.217976478975032,-0.591845344274662
"4508",6,2,0.0464813350270348,-13.6757549257852,10.4057185769372,12,100,0.217976478975032,-0.591845344274662,46,1,-21.37866,50,0.4,0.6,40,"both",0.217976478975032,-0.591845344274662
"4509",6,2,0.0464813350270348,-13.6757549257852,10.4057185769372,12,100,0.217976478975032,-0.591845344274662,46,0,-37.67614,50,0.4,0.6,40,"both",0.217976478975032,-0.591845344274662
"4510",6,2,0.0464813350270348,-13.6757549257852,10.4057185769372,12,100,0.217976478975032,-0.591845344274662,46,1,16.9646,50,0.4,0.6,40,"both",0.217976478975032,-0.591845344274662
"4511",6,2,0.0464813350270348,-13.6757549257852,10.4057185769372,12,100,0.217976478975032,-0.591845344274662,46,0,-20.00051,50,0.4,0.6,40,"both",0.217976478975032,-0.591845344274662
"4512",6,2,0.0464813350270348,-13.6757549257852,10.4057185769372,12,100,0.217976478975032,-0.591845344274662,46,0,-17.34731,50,0.4,0.6,40,"both",0.217976478975032,-0.591845344274662
"4513",6,2,0.0464813350270348,-13.6757549257852,10.4057185769372,12,100,0.217976478975032,-0.591845344274662,46,0,-7.51141,50,0.4,0.6,40,"both",0.217976478975032,-0.591845344274662
"4514",6,2,0.0464813350270348,-13.6757549257852,10.4057185769372,12,100,0.217976478975032,-0.591845344274662,46,1,-15.46767,50,0.4,0.6,40,"both",0.217976478975032,-0.591845344274662
"4515",6,2,0.0464813350270348,-13.6757549257852,10.4057185769372,12,100,0.217976478975032,-0.591845344274662,46,1,8.6818,50,0.4,0.6,40,"both",0.217976478975032,-0.591845344274662
"4516",6,2,0.0464813350270348,-13.6757549257852,10.4057185769372,12,100,0.217976478975032,-0.591845344274662,46,1,-9.94503,50,0.4,0.6,40,"both",0.217976478975032,-0.591845344274662
"4517",6,2,0.0464813350270348,-13.6757549257852,10.4057185769372,12,100,0.217976478975032,-0.591845344274662,46,0,-17.88235555,50,0.4,0.6,40,"both",0.217976478975032,-0.591845344274662
"4518",6,2,0.0464813350270348,-13.6757549257852,10.4057185769372,12,100,0.217976478975032,-0.591845344274662,46,0,-22.45652,50,0.4,0.6,40,"both",0.217976478975032,-0.591845344274662
"4519",6,2,0.0464813350270348,-13.6757549257852,10.4057185769372,12,100,0.217976478975032,-0.591845344274662,46,1,-7.46773,50,0.4,0.6,40,"both",0.217976478975032,-0.591845344274662
"4520",6,2,0.0464813350270348,-13.6757549257852,10.4057185769372,12,100,0.217976478975032,-0.591845344274662,46,0,-23.3774,50,0.4,0.6,40,"both",0.217976478975032,-0.591845344274662
"4521",6,2,0.0464813350270348,-13.6757549257852,10.4057185769372,12,100,0.217976478975032,-0.591845344274662,46,1,-14.46732,50,0.4,0.6,40,"both",0.217976478975032,-0.591845344274662
"4522",6,2,0.0464813350270348,-13.6757549257852,10.4057185769372,12,100,0.217976478975032,-0.591845344274662,46,0,-20.04954,50,0.4,0.6,40,"both",0.217976478975032,-0.591845344274662
"4523",6,2,0.0464813350270348,-13.6757549257852,10.4057185769372,12,100,0.217976478975032,-0.591845344274662,46,0,-13.51909,50,0.4,0.6,40,"both",0.217976478975032,-0.591845344274662
"4524",6,2,0.0464813350270348,-13.6757549257852,10.4057185769372,12,100,0.217976478975032,-0.591845344274662,46,0,-9.85915,50,0.4,0.6,40,"both",0.217976478975032,-0.591845344274662
"4525",6,2,0.0464813350270348,-13.6757549257852,10.4057185769372,12,100,0.217976478975032,-0.591845344274662,46,1,-2.52655,50,0.4,0.6,40,"both",0.217976478975032,-0.591845344274662
"4526",6,2,0.0464813350270348,-13.6757549257852,10.4057185769372,12,100,0.217976478975032,-0.591845344274662,46,1,-20.38771,50,0.4,0.6,40,"both",0.217976478975032,-0.591845344274662
"4527",6,2,0.0464813350270348,-13.6757549257852,10.4057185769372,12,100,0.217976478975032,-0.591845344274662,46,1,2.20639,50,0.4,0.6,40,"both",0.217976478975032,-0.591845344274662
"4528",6,2,0.0464813350270348,-13.6757549257852,10.4057185769372,12,100,0.217976478975032,-0.591845344274662,46,1,-5.32316,50,0.4,0.6,40,"both",0.217976478975032,-0.591845344274662
"4529",6,2,0.0464813350270348,-13.6757549257852,10.4057185769372,12,100,0.217976478975032,-0.591845344274662,46,1,-5.0685,50,0.4,0.6,40,"both",0.217976478975032,-0.591845344274662
"4530",6,2,0.0464813350270348,-13.6757549257852,10.4057185769372,12,100,0.217976478975032,-0.591845344274662,46,1,-3.4886,50,0.4,0.6,40,"both",0.217976478975032,-0.591845344274662
"4531",6,2,0.0464813350270348,-13.6757549257852,10.4057185769372,12,100,0.217976478975032,-0.591845344274662,46,1,-3.6839,50,0.4,0.6,40,"both",0.217976478975032,-0.591845344274662
"4532",6,2,0.0464813350270348,-13.6757549257852,10.4057185769372,12,100,0.217976478975032,-0.591845344274662,46,1,-26.31011,50,0.4,0.6,40,"both",0.217976478975032,-0.591845344274662
"4533",6,2,0.0464813350270348,-13.6757549257852,10.4057185769372,12,100,0.217976478975032,-0.591845344274662,46,1,-3.315,50,0.4,0.6,40,"both",0.217976478975032,-0.591845344274662
"4534",6,2,0.0464813350270348,-13.6757549257852,10.4057185769372,12,100,0.217976478975032,-0.591845344274662,46,0,-33.9054,50,0.4,0.6,40,"both",0.217976478975032,-0.591845344274662
"4535",6,2,0.0464813350270348,-13.6757549257852,10.4057185769372,12,100,0.217976478975032,-0.591845344274662,46,0,-22.78167,50,0.4,0.6,40,"both",0.217976478975032,-0.591845344274662
"4536",6,2,0.0464813350270348,-13.6757549257852,10.4057185769372,12,100,0.217976478975032,-0.591845344274662,46,0,-13.47077,50,0.4,0.6,40,"both",0.217976478975032,-0.591845344274662
"4537",6,2,0.0464813350270348,-13.6757549257852,10.4057185769372,12,100,0.217976478975032,-0.591845344274662,46,0,-3.0901,50,0.4,0.6,40,"both",0.217976478975032,-0.591845344274662
"4538",6,2,0.0464813350270348,-13.6757549257852,10.4057185769372,12,100,0.217976478975032,-0.591845344274662,46,1,-3.8951,50,0.4,0.6,40,"both",0.217976478975032,-0.591845344274662
"4539",6,2,0.0464813350270348,-13.6757549257852,10.4057185769372,12,100,0.217976478975032,-0.591845344274662,46,1,3.60497,50,0.4,0.6,40,"both",0.217976478975032,-0.591845344274662
"4540",6,2,0.0464813350270348,-13.6757549257852,10.4057185769372,12,100,0.217976478975032,-0.591845344274662,46,0,-33.03024,50,0.4,0.6,40,"both",0.217976478975032,-0.591845344274662
"4541",6,2,0.0464813350270348,-13.6757549257852,10.4057185769372,12,100,0.217976478975032,-0.591845344274662,46,1,-6.02871,50,0.4,0.6,40,"both",0.217976478975032,-0.591845344274662
"4542",6,2,0.0464813350270348,-13.6757549257852,10.4057185769372,12,100,0.217976478975032,-0.591845344274662,46,0,0.347799999999999,50,0.4,0.6,40,"both",0.217976478975032,-0.591845344274662
"4543",6,2,0.0464813350270348,-13.6757549257852,10.4057185769372,12,100,0.217976478975032,-0.591845344274662,46,1,4.3516,50,0.4,0.6,40,"both",0.217976478975032,-0.591845344274662
"4544",6,2,0.0464813350270348,-13.6757549257852,10.4057185769372,12,100,0.217976478975032,-0.591845344274662,46,1,-12.64945,50,0.4,0.6,40,"both",0.217976478975032,-0.591845344274662
"4545",6,2,0.0464813350270348,-13.6757549257852,10.4057185769372,12,100,0.217976478975032,-0.591845344274662,46,1,-5.2578,50,0.4,0.6,40,"both",0.217976478975032,-0.591845344274662
"4546",6,2,0.0464813350270348,-13.6757549257852,10.4057185769372,12,100,0.217976478975032,-0.591845344274662,46,1,-20.12045,50,0.4,0.6,40,"both",0.217976478975032,-0.591845344274662
"4547",6,2,0.0464813350270348,-13.6757549257852,10.4057185769372,12,100,0.217976478975032,-0.591845344274662,46,0,-31.2428,50,0.4,0.6,40,"both",0.217976478975032,-0.591845344274662
"4548",6,2,0.0464813350270348,-13.6757549257852,10.4057185769372,12,100,0.217976478975032,-0.591845344274662,46,1,-16.45263,50,0.4,0.6,40,"both",0.217976478975032,-0.591845344274662
"4549",6,2,0.0464813350270348,-13.6757549257852,10.4057185769372,12,100,0.217976478975032,-0.591845344274662,46,1,20.9416,50,0.4,0.6,40,"both",0.217976478975032,-0.591845344274662
"4550",6,2,0.0464813350270348,-13.6757549257852,10.4057185769372,12,100,0.217976478975032,-0.591845344274662,46,0,-14.60701,50,0.4,0.6,40,"both",0.217976478975032,-0.591845344274662
"4551",6,2,0.0464813350270348,-13.6757549257852,10.4057185769372,12,100,0.217976478975032,-0.591845344274662,46,0,-24.6668,50,0.4,0.6,40,"both",0.217976478975032,-0.591845344274662
"4552",6,2,0.0464813350270348,-13.6757549257852,10.4057185769372,12,100,0.217976478975032,-0.591845344274662,46,1,-9.03251,50,0.4,0.6,40,"both",0.217976478975032,-0.591845344274662
"4553",6,2,0.0464813350270348,-13.6757549257852,10.4057185769372,12,100,0.217976478975032,-0.591845344274662,46,1,-5.0515,50,0.4,0.6,40,"both",0.217976478975032,-0.591845344274662
"4554",6,2,0.0464813350270348,-13.6757549257852,10.4057185769372,12,100,0.217976478975032,-0.591845344274662,46,0,-15.53668,50,0.4,0.6,40,"both",0.217976478975032,-0.591845344274662
"4555",6,2,0.0464813350270348,-13.6757549257852,10.4057185769372,12,100,0.217976478975032,-0.591845344274662,46,0,-30.63621,50,0.4,0.6,40,"both",0.217976478975032,-0.591845344274662
"4556",6,2,0.0464813350270348,-13.6757549257852,10.4057185769372,12,100,0.217976478975032,-0.591845344274662,46,0,-23.02195,50,0.4,0.6,40,"both",0.217976478975032,-0.591845344274662
"4557",6,2,0.0464813350270348,-13.6757549257852,10.4057185769372,12,100,0.217976478975032,-0.591845344274662,46,0,-1.2428,50,0.4,0.6,40,"both",0.217976478975032,-0.591845344274662
"4558",6,2,0.0464813350270348,-13.6757549257852,10.4057185769372,12,100,0.217976478975032,-0.591845344274662,46,0,-34.0807,50,0.4,0.6,40,"both",0.217976478975032,-0.591845344274662
"4559",6,2,0.0464813350270348,-13.6757549257852,10.4057185769372,12,100,0.217976478975032,-0.591845344274662,46,0,-19.14915,50,0.4,0.6,40,"both",0.217976478975032,-0.591845344274662
"4560",6,2,0.0464813350270348,-13.6757549257852,10.4057185769372,12,100,0.217976478975032,-0.591845344274662,46,0,-27.5316,50,0.4,0.6,40,"both",0.217976478975032,-0.591845344274662
"4561",6,2,0.0464813350270348,-13.6757549257852,10.4057185769372,12,100,0.217976478975032,-0.591845344274662,46,1,-25.555,50,0.4,0.6,40,"both",0.217976478975032,-0.591845344274662
"4562",6,2,0.0464813350270348,-13.6757549257852,10.4057185769372,12,100,0.217976478975032,-0.591845344274662,46,0,-8.61998,50,0.4,0.6,40,"both",0.217976478975032,-0.591845344274662
"4563",6,2,0.0464813350270348,-13.6757549257852,10.4057185769372,12,100,0.217976478975032,-0.591845344274662,46,1,-26.84222,50,0.4,0.6,40,"both",0.217976478975032,-0.591845344274662
"4564",6,2,0.0464813350270348,-13.6757549257852,10.4057185769372,12,100,0.217976478975032,-0.591845344274662,46,0,-36.0354,50,0.4,0.6,40,"both",0.217976478975032,-0.591845344274662
"4565",6,2,0.0464813350270348,-13.6757549257852,10.4057185769372,12,100,0.217976478975032,-0.591845344274662,46,0,-19.88261,50,0.4,0.6,40,"both",0.217976478975032,-0.591845344274662
"4566",6,2,0.0464813350270348,-13.6757549257852,10.4057185769372,12,100,0.217976478975032,-0.591845344274662,46,1,1.1185,50,0.4,0.6,40,"both",0.217976478975032,-0.591845344274662
"4567",6,2,0.0464813350270348,-13.6757549257852,10.4057185769372,12,100,0.217976478975032,-0.591845344274662,46,0,-29.1934,50,0.4,0.6,40,"both",0.217976478975032,-0.591845344274662
"4568",6,2,0.0464813350270348,-13.6757549257852,10.4057185769372,12,100,0.217976478975032,-0.591845344274662,46,1,1.9126,50,0.4,0.6,40,"both",0.217976478975032,-0.591845344274662
"4569",6,2,0.0464813350270348,-13.6757549257852,10.4057185769372,12,100,0.217976478975032,-0.591845344274662,46,1,-38.6534,50,0.4,0.6,40,"both",0.217976478975032,-0.591845344274662
"4570",6,2,0.0464813350270348,-13.6757549257852,10.4057185769372,12,100,0.217976478975032,-0.591845344274662,46,0,-27.6294,50,0.4,0.6,40,"both",0.217976478975032,-0.591845344274662
"4571",6,2,0.0464813350270348,-13.6757549257852,10.4057185769372,12,100,0.217976478975032,-0.591845344274662,46,1,-7.1209,50,0.4,0.6,40,"both",0.217976478975032,-0.591845344274662
"4572",6,2,0.0464813350270348,-13.6757549257852,10.4057185769372,12,100,0.217976478975032,-0.591845344274662,46,1,1.3559,50,0.4,0.6,40,"both",0.217976478975032,-0.591845344274662
"4573",6,2,0.0464813350270348,-13.6757549257852,10.4057185769372,12,100,0.217976478975032,-0.591845344274662,46,0,-27.0852,50,0.4,0.6,40,"both",0.217976478975032,-0.591845344274662
"4574",6,2,0.0464813350270348,-13.6757549257852,10.4057185769372,12,100,0.217976478975032,-0.591845344274662,46,1,-7.60905,50,0.4,0.6,40,"both",0.217976478975032,-0.591845344274662
"4575",6,2,0.0464813350270348,-13.6757549257852,10.4057185769372,12,100,0.217976478975032,-0.591845344274662,46,1,-9.17286,50,0.4,0.6,40,"both",0.217976478975032,-0.591845344274662
"4576",6,2,0.0464813350270348,-13.6757549257852,10.4057185769372,12,100,0.217976478975032,-0.591845344274662,46,0,-31.1036,50,0.4,0.6,40,"both",0.217976478975032,-0.591845344274662
"4577",6,2,0.0464813350270348,-13.6757549257852,10.4057185769372,12,100,0.217976478975032,-0.591845344274662,46,0,-0.0738999999999983,50,0.4,0.6,40,"both",0.217976478975032,-0.591845344274662
"4578",6,2,0.0464813350270348,-13.6757549257852,10.4057185769372,12,100,0.217976478975032,-0.591845344274662,46,1,-15.86209,50,0.4,0.6,40,"both",0.217976478975032,-0.591845344274662
"4579",6,2,0.0464813350270348,-13.6757549257852,10.4057185769372,12,100,0.217976478975032,-0.591845344274662,46,1,-8.0173,50,0.4,0.6,40,"both",0.217976478975032,-0.591845344274662
"4580",6,2,0.0464813350270348,-13.6757549257852,10.4057185769372,12,100,0.217976478975032,-0.591845344274662,46,1,-5.1017,50,0.4,0.6,40,"both",0.217976478975032,-0.591845344274662
"4581",6,2,0.0464813350270348,-13.6757549257852,10.4057185769372,12,100,0.217976478975032,-0.591845344274662,46,1,-11.24363,50,0.4,0.6,40,"both",0.217976478975032,-0.591845344274662
"4582",6,2,0.0464813350270348,-13.6757549257852,10.4057185769372,12,100,0.217976478975032,-0.591845344274662,46,1,-0.173499999999999,50,0.4,0.6,40,"both",0.217976478975032,-0.591845344274662
"4583",6,2,0.0464813350270348,-13.6757549257852,10.4057185769372,12,100,0.217976478975032,-0.591845344274662,46,0,-19.48682,50,0.4,0.6,40,"both",0.217976478975032,-0.591845344274662
"4584",6,2,0.0464813350270348,-13.6757549257852,10.4057185769372,12,100,0.217976478975032,-0.591845344274662,46,0,-18.18487,50,0.4,0.6,40,"both",0.217976478975032,-0.591845344274662
"4585",6,2,0.0464813350270348,-13.6757549257852,10.4057185769372,12,100,0.217976478975032,-0.591845344274662,46,0,-15.03076,50,0.4,0.6,40,"both",0.217976478975032,-0.591845344274662
"4586",6,2,0.0464813350270348,-13.6757549257852,10.4057185769372,12,100,0.217976478975032,-0.591845344274662,46,1,-7.96428,50,0.4,0.6,40,"both",0.217976478975032,-0.591845344274662
"4587",6,2,0.0464813350270348,-13.6757549257852,10.4057185769372,12,100,0.217976478975032,-0.591845344274662,46,1,-14.07316,50,0.4,0.6,40,"both",0.217976478975032,-0.591845344274662
"4588",6,2,0.0464813350270348,-13.6757549257852,10.4057185769372,12,100,0.217976478975032,-0.591845344274662,46,1,-17.17341,50,0.4,0.6,40,"both",0.217976478975032,-0.591845344274662
"4589",6,2,0.0464813350270348,-13.6757549257852,10.4057185769372,12,100,0.217976478975032,-0.591845344274662,46,1,-9.28214,50,0.4,0.6,40,"both",0.217976478975032,-0.591845344274662
"4590",6,2,0.0464813350270348,-13.6757549257852,10.4057185769372,12,100,0.217976478975032,-0.591845344274662,46,0,-32.4244,50,0.4,0.6,40,"both",0.217976478975032,-0.591845344274662
"4591",6,2,0.0464813350270348,-13.6757549257852,10.4057185769372,12,100,0.217976478975032,-0.591845344274662,46,1,-10.81388,50,0.4,0.6,40,"both",0.217976478975032,-0.591845344274662
"4592",6,2,0.0464813350270348,-13.6757549257852,10.4057185769372,12,100,0.217976478975032,-0.591845344274662,46,1,-8.39762,50,0.4,0.6,40,"both",0.217976478975032,-0.591845344274662
"4593",6,2,0.0464813350270348,-13.6757549257852,10.4057185769372,12,100,0.217976478975032,-0.591845344274662,46,0,-22.01053,50,0.4,0.6,40,"both",0.217976478975032,-0.591845344274662
"4594",6,2,0.0464813350270348,-13.6757549257852,10.4057185769372,12,100,0.217976478975032,-0.591845344274662,46,1,-13.74927,50,0.4,0.6,40,"both",0.217976478975032,-0.591845344274662
"4595",6,2,0.0464813350270348,-13.6757549257852,10.4057185769372,12,100,0.217976478975032,-0.591845344274662,46,0,-13.70488,50,0.4,0.6,40,"both",0.217976478975032,-0.591845344274662
"4596",6,2,0.0464813350270348,-13.6757549257852,10.4057185769372,12,100,0.217976478975032,-0.591845344274662,46,0,-17.98426,50,0.4,0.6,40,"both",0.217976478975032,-0.591845344274662
"4597",6,2,0.0464813350270348,-13.6757549257852,10.4057185769372,12,100,0.217976478975032,-0.591845344274662,46,0,-19.16211,50,0.4,0.6,40,"both",0.217976478975032,-0.591845344274662
"4598",6,2,0.0464813350270348,-13.6757549257852,10.4057185769372,12,100,0.217976478975032,-0.591845344274662,46,1,-12.14924,50,0.4,0.6,40,"both",0.217976478975032,-0.591845344274662
"4599",6,2,0.0464813350270348,-13.6757549257852,10.4057185769372,12,100,0.217976478975032,-0.591845344274662,46,1,-12.44919,50,0.4,0.6,40,"both",0.217976478975032,-0.591845344274662
"4600",6,2,0.0464813350270348,-13.6757549257852,10.4057185769372,12,100,0.217976478975032,-0.591845344274662,46,0,-23.29486,50,0.4,0.6,40,"both",0.217976478975032,-0.591845344274662
"4601",7,2,0.0189535245869836,-22.1016782776141,10.1169726612437,14,100,0.217976478975032,-0.591845344274662,47,1,-9.42799502441,50,0.4,0.6,40,"both",0.217976478975032,-0.591845344274662
"4602",7,2,0.0189535245869836,-22.1016782776141,10.1169726612437,14,100,0.217976478975032,-0.591845344274662,47,0,-12.5814396579,50,0.4,0.6,40,"both",0.217976478975032,-0.591845344274662
"4603",7,2,0.0189535245869836,-22.1016782776141,10.1169726612437,14,100,0.217976478975032,-0.591845344274662,47,1,-2.6791586017,50,0.4,0.6,40,"both",0.217976478975032,-0.591845344274662
"4604",7,2,0.0189535245869836,-22.1016782776141,10.1169726612437,14,100,0.217976478975032,-0.591845344274662,47,1,-9.0992538546,50,0.4,0.6,40,"both",0.217976478975032,-0.591845344274662
"4605",7,2,0.0189535245869836,-22.1016782776141,10.1169726612437,14,100,0.217976478975032,-0.591845344274662,47,0,-26.4522,50,0.4,0.6,40,"both",0.217976478975032,-0.591845344274662
"4606",7,2,0.0189535245869836,-22.1016782776141,10.1169726612437,14,100,0.217976478975032,-0.591845344274662,47,1,-4.96474,50,0.4,0.6,40,"both",0.217976478975032,-0.591845344274662
"4607",7,2,0.0189535245869836,-22.1016782776141,10.1169726612437,14,100,0.217976478975032,-0.591845344274662,47,1,-6.48564,50,0.4,0.6,40,"both",0.217976478975032,-0.591845344274662
"4608",7,2,0.0189535245869836,-22.1016782776141,10.1169726612437,14,100,0.217976478975032,-0.591845344274662,47,0,-22.06818,50,0.4,0.6,40,"both",0.217976478975032,-0.591845344274662
"4609",7,2,0.0189535245869836,-22.1016782776141,10.1169726612437,14,100,0.217976478975032,-0.591845344274662,47,1,-13.08347,50,0.4,0.6,40,"both",0.217976478975032,-0.591845344274662
"4610",7,2,0.0189535245869836,-22.1016782776141,10.1169726612437,14,100,0.217976478975032,-0.591845344274662,47,1,-9.15399,50,0.4,0.6,40,"both",0.217976478975032,-0.591845344274662
"4611",7,2,0.0189535245869836,-22.1016782776141,10.1169726612437,14,100,0.217976478975032,-0.591845344274662,47,1,-17.51846,50,0.4,0.6,40,"both",0.217976478975032,-0.591845344274662
"4612",7,2,0.0189535245869836,-22.1016782776141,10.1169726612437,14,100,0.217976478975032,-0.591845344274662,47,0,-19.2883,50,0.4,0.6,40,"both",0.217976478975032,-0.591845344274662
"4613",7,2,0.0189535245869836,-22.1016782776141,10.1169726612437,14,100,0.217976478975032,-0.591845344274662,47,0,-20.16123,50,0.4,0.6,40,"both",0.217976478975032,-0.591845344274662
"4614",7,2,0.0189535245869836,-22.1016782776141,10.1169726612437,14,100,0.217976478975032,-0.591845344274662,47,0,-11.46998,50,0.4,0.6,40,"both",0.217976478975032,-0.591845344274662
"4615",7,2,0.0189535245869836,-22.1016782776141,10.1169726612437,14,100,0.217976478975032,-0.591845344274662,47,1,-17.37586,50,0.4,0.6,40,"both",0.217976478975032,-0.591845344274662
"4616",7,2,0.0189535245869836,-22.1016782776141,10.1169726612437,14,100,0.217976478975032,-0.591845344274662,47,0,-26.18081,50,0.4,0.6,40,"both",0.217976478975032,-0.591845344274662
"4617",7,2,0.0189535245869836,-22.1016782776141,10.1169726612437,14,100,0.217976478975032,-0.591845344274662,47,0,-26.04981,50,0.4,0.6,40,"both",0.217976478975032,-0.591845344274662
"4618",7,2,0.0189535245869836,-22.1016782776141,10.1169726612437,14,100,0.217976478975032,-0.591845344274662,47,1,-3.87641,50,0.4,0.6,40,"both",0.217976478975032,-0.591845344274662
"4619",7,2,0.0189535245869836,-22.1016782776141,10.1169726612437,14,100,0.217976478975032,-0.591845344274662,47,1,-10.3535,50,0.4,0.6,40,"both",0.217976478975032,-0.591845344274662
"4620",7,2,0.0189535245869836,-22.1016782776141,10.1169726612437,14,100,0.217976478975032,-0.591845344274662,47,0,-31.04882,50,0.4,0.6,40,"both",0.217976478975032,-0.591845344274662
"4621",7,2,0.0189535245869836,-22.1016782776141,10.1169726612437,14,100,0.217976478975032,-0.591845344274662,47,1,-9.99111,50,0.4,0.6,40,"both",0.217976478975032,-0.591845344274662
"4622",7,2,0.0189535245869836,-22.1016782776141,10.1169726612437,14,100,0.217976478975032,-0.591845344274662,47,1,-21.67638,50,0.4,0.6,40,"both",0.217976478975032,-0.591845344274662
"4623",7,2,0.0189535245869836,-22.1016782776141,10.1169726612437,14,100,0.217976478975032,-0.591845344274662,47,1,-25.81436,50,0.4,0.6,40,"both",0.217976478975032,-0.591845344274662
"4624",7,2,0.0189535245869836,-22.1016782776141,10.1169726612437,14,100,0.217976478975032,-0.591845344274662,47,1,-7.6901,50,0.4,0.6,40,"both",0.217976478975032,-0.591845344274662
"4625",7,2,0.0189535245869836,-22.1016782776141,10.1169726612437,14,100,0.217976478975032,-0.591845344274662,47,1,-22.39145,50,0.4,0.6,40,"both",0.217976478975032,-0.591845344274662
"4626",7,2,0.0189535245869836,-22.1016782776141,10.1169726612437,14,100,0.217976478975032,-0.591845344274662,47,0,-36.628,50,0.4,0.6,40,"both",0.217976478975032,-0.591845344274662
"4627",7,2,0.0189535245869836,-22.1016782776141,10.1169726612437,14,100,0.217976478975032,-0.591845344274662,47,1,-6.9627,50,0.4,0.6,40,"both",0.217976478975032,-0.591845344274662
"4628",7,2,0.0189535245869836,-22.1016782776141,10.1169726612437,14,100,0.217976478975032,-0.591845344274662,47,1,-10.87007,50,0.4,0.6,40,"both",0.217976478975032,-0.591845344274662
"4629",7,2,0.0189535245869836,-22.1016782776141,10.1169726612437,14,100,0.217976478975032,-0.591845344274662,47,0,-41.9809,50,0.4,0.6,40,"both",0.217976478975032,-0.591845344274662
"4630",7,2,0.0189535245869836,-22.1016782776141,10.1169726612437,14,100,0.217976478975032,-0.591845344274662,47,0,-26.93226,50,0.4,0.6,40,"both",0.217976478975032,-0.591845344274662
"4631",7,2,0.0189535245869836,-22.1016782776141,10.1169726612437,14,100,0.217976478975032,-0.591845344274662,47,1,-23.91144,50,0.4,0.6,40,"both",0.217976478975032,-0.591845344274662
"4632",7,2,0.0189535245869836,-22.1016782776141,10.1169726612437,14,100,0.217976478975032,-0.591845344274662,47,0,-31.4538,50,0.4,0.6,40,"both",0.217976478975032,-0.591845344274662
"4633",7,2,0.0189535245869836,-22.1016782776141,10.1169726612437,14,100,0.217976478975032,-0.591845344274662,47,1,-12.69522,50,0.4,0.6,40,"both",0.217976478975032,-0.591845344274662
"4634",7,2,0.0189535245869836,-22.1016782776141,10.1169726612437,14,100,0.217976478975032,-0.591845344274662,47,0,-27.82976,50,0.4,0.6,40,"both",0.217976478975032,-0.591845344274662
"4635",7,2,0.0189535245869836,-22.1016782776141,10.1169726612437,14,100,0.217976478975032,-0.591845344274662,47,0,-36.648,50,0.4,0.6,40,"both",0.217976478975032,-0.591845344274662
"4636",7,2,0.0189535245869836,-22.1016782776141,10.1169726612437,14,100,0.217976478975032,-0.591845344274662,47,0,-33.88968,50,0.4,0.6,40,"both",0.217976478975032,-0.591845344274662
"4637",7,2,0.0189535245869836,-22.1016782776141,10.1169726612437,14,100,0.217976478975032,-0.591845344274662,47,1,-15.45587,50,0.4,0.6,40,"both",0.217976478975032,-0.591845344274662
"4638",7,2,0.0189535245869836,-22.1016782776141,10.1169726612437,14,100,0.217976478975032,-0.591845344274662,47,0,-29.29048,50,0.4,0.6,40,"both",0.217976478975032,-0.591845344274662
"4639",7,2,0.0189535245869836,-22.1016782776141,10.1169726612437,14,100,0.217976478975032,-0.591845344274662,47,1,-12.78018,50,0.4,0.6,40,"both",0.217976478975032,-0.591845344274662
"4640",7,2,0.0189535245869836,-22.1016782776141,10.1169726612437,14,100,0.217976478975032,-0.591845344274662,47,1,-17.12442,50,0.4,0.6,40,"both",0.217976478975032,-0.591845344274662
"4641",7,2,0.0189535245869836,-22.1016782776141,10.1169726612437,14,100,0.217976478975032,-0.591845344274662,47,1,-9.03532,50,0.4,0.6,40,"both",0.217976478975032,-0.591845344274662
"4642",7,2,0.0189535245869836,-22.1016782776141,10.1169726612437,14,100,0.217976478975032,-0.591845344274662,47,1,-13.97397,50,0.4,0.6,40,"both",0.217976478975032,-0.591845344274662
"4643",7,2,0.0189535245869836,-22.1016782776141,10.1169726612437,14,100,0.217976478975032,-0.591845344274662,47,0,-25.86394,50,0.4,0.6,40,"both",0.217976478975032,-0.591845344274662
"4644",7,2,0.0189535245869836,-22.1016782776141,10.1169726612437,14,100,0.217976478975032,-0.591845344274662,47,1,-24.43298,50,0.4,0.6,40,"both",0.217976478975032,-0.591845344274662
"4645",7,2,0.0189535245869836,-22.1016782776141,10.1169726612437,14,100,0.217976478975032,-0.591845344274662,47,1,-13.97389,50,0.4,0.6,40,"both",0.217976478975032,-0.591845344274662
"4646",7,2,0.0189535245869836,-22.1016782776141,10.1169726612437,14,100,0.217976478975032,-0.591845344274662,47,0,-30.04174,50,0.4,0.6,40,"both",0.217976478975032,-0.591845344274662
"4647",7,2,0.0189535245869836,-22.1016782776141,10.1169726612437,14,100,0.217976478975032,-0.591845344274662,47,0,-29.91691,50,0.4,0.6,40,"both",0.217976478975032,-0.591845344274662
"4648",7,2,0.0189535245869836,-22.1016782776141,10.1169726612437,14,100,0.217976478975032,-0.591845344274662,47,1,-12.22657,50,0.4,0.6,40,"both",0.217976478975032,-0.591845344274662
"4649",7,2,0.0189535245869836,-22.1016782776141,10.1169726612437,14,100,0.217976478975032,-0.591845344274662,47,0,-27.01242,50,0.4,0.6,40,"both",0.217976478975032,-0.591845344274662
"4650",7,2,0.0189535245869836,-22.1016782776141,10.1169726612437,14,100,0.217976478975032,-0.591845344274662,47,1,-13.65396,50,0.4,0.6,40,"both",0.217976478975032,-0.591845344274662
"4651",7,2,0.0189535245869836,-22.1016782776141,10.1169726612437,14,100,0.217976478975032,-0.591845344274662,47,1,-16.79199,50,0.4,0.6,40,"both",0.217976478975032,-0.591845344274662
"4652",7,2,0.0189535245869836,-22.1016782776141,10.1169726612437,14,100,0.217976478975032,-0.591845344274662,47,0,-24.61338,50,0.4,0.6,40,"both",0.217976478975032,-0.591845344274662
"4653",7,2,0.0189535245869836,-22.1016782776141,10.1169726612437,14,100,0.217976478975032,-0.591845344274662,47,1,-14.79591,50,0.4,0.6,40,"both",0.217976478975032,-0.591845344274662
"4654",7,2,0.0189535245869836,-22.1016782776141,10.1169726612437,14,100,0.217976478975032,-0.591845344274662,47,0,-26.72187,50,0.4,0.6,40,"both",0.217976478975032,-0.591845344274662
"4655",7,2,0.0189535245869836,-22.1016782776141,10.1169726612437,14,100,0.217976478975032,-0.591845344274662,47,1,-14.6592,50,0.4,0.6,40,"both",0.217976478975032,-0.591845344274662
"4656",7,2,0.0189535245869836,-22.1016782776141,10.1169726612437,14,100,0.217976478975032,-0.591845344274662,47,0,-17.22445,50,0.4,0.6,40,"both",0.217976478975032,-0.591845344274662
"4657",7,2,0.0189535245869836,-22.1016782776141,10.1169726612437,14,100,0.217976478975032,-0.591845344274662,47,0,-26.46289,50,0.4,0.6,40,"both",0.217976478975032,-0.591845344274662
"4658",7,2,0.0189535245869836,-22.1016782776141,10.1169726612437,14,100,0.217976478975032,-0.591845344274662,47,1,-17.29522,50,0.4,0.6,40,"both",0.217976478975032,-0.591845344274662
"4659",7,2,0.0189535245869836,-22.1016782776141,10.1169726612437,14,100,0.217976478975032,-0.591845344274662,47,1,-10.26049,50,0.4,0.6,40,"both",0.217976478975032,-0.591845344274662
"4660",7,2,0.0189535245869836,-22.1016782776141,10.1169726612437,14,100,0.217976478975032,-0.591845344274662,47,0,-14.76211,50,0.4,0.6,40,"both",0.217976478975032,-0.591845344274662
"4661",7,2,0.0189535245869836,-22.1016782776141,10.1169726612437,14,100,0.217976478975032,-0.591845344274662,47,0,-27.06725,50,0.4,0.6,40,"both",0.217976478975032,-0.591845344274662
"4662",7,2,0.0189535245869836,-22.1016782776141,10.1169726612437,14,100,0.217976478975032,-0.591845344274662,47,1,-25.55727,50,0.4,0.6,40,"both",0.217976478975032,-0.591845344274662
"4663",7,2,0.0189535245869836,-22.1016782776141,10.1169726612437,14,100,0.217976478975032,-0.591845344274662,47,1,-14.59445,50,0.4,0.6,40,"both",0.217976478975032,-0.591845344274662
"4664",7,2,0.0189535245869836,-22.1016782776141,10.1169726612437,14,100,0.217976478975032,-0.591845344274662,47,0,-11.19132,50,0.4,0.6,40,"both",0.217976478975032,-0.591845344274662
"4665",7,2,0.0189535245869836,-22.1016782776141,10.1169726612437,14,100,0.217976478975032,-0.591845344274662,47,0,-26.30902,50,0.4,0.6,40,"both",0.217976478975032,-0.591845344274662
"4666",7,2,0.0189535245869836,-22.1016782776141,10.1169726612437,14,100,0.217976478975032,-0.591845344274662,47,0,-12.05594,50,0.4,0.6,40,"both",0.217976478975032,-0.591845344274662
"4667",7,2,0.0189535245869836,-22.1016782776141,10.1169726612437,14,100,0.217976478975032,-0.591845344274662,47,0,-10.41277,50,0.4,0.6,40,"both",0.217976478975032,-0.591845344274662
"4668",7,2,0.0189535245869836,-22.1016782776141,10.1169726612437,14,100,0.217976478975032,-0.591845344274662,47,0,-32.6894,50,0.4,0.6,40,"both",0.217976478975032,-0.591845344274662
"4669",7,2,0.0189535245869836,-22.1016782776141,10.1169726612437,14,100,0.217976478975032,-0.591845344274662,47,1,-7.024,50,0.4,0.6,40,"both",0.217976478975032,-0.591845344274662
"4670",7,2,0.0189535245869836,-22.1016782776141,10.1169726612437,14,100,0.217976478975032,-0.591845344274662,47,1,-4.0577,50,0.4,0.6,40,"both",0.217976478975032,-0.591845344274662
"4671",7,2,0.0189535245869836,-22.1016782776141,10.1169726612437,14,100,0.217976478975032,-0.591845344274662,47,1,-26.11576,50,0.4,0.6,40,"both",0.217976478975032,-0.591845344274662
"4672",7,2,0.0189535245869836,-22.1016782776141,10.1169726612437,14,100,0.217976478975032,-0.591845344274662,47,0,-31.6277,50,0.4,0.6,40,"both",0.217976478975032,-0.591845344274662
"4673",7,2,0.0189535245869836,-22.1016782776141,10.1169726612437,14,100,0.217976478975032,-0.591845344274662,47,1,-14.44934,50,0.4,0.6,40,"both",0.217976478975032,-0.591845344274662
"4674",7,2,0.0189535245869836,-22.1016782776141,10.1169726612437,14,100,0.217976478975032,-0.591845344274662,47,0,-28.1969,50,0.4,0.6,40,"both",0.217976478975032,-0.591845344274662
"4675",7,2,0.0189535245869836,-22.1016782776141,10.1169726612437,14,100,0.217976478975032,-0.591845344274662,47,0,-29.49656,50,0.4,0.6,40,"both",0.217976478975032,-0.591845344274662
"4676",7,2,0.0189535245869836,-22.1016782776141,10.1169726612437,14,100,0.217976478975032,-0.591845344274662,47,1,-12.59701,50,0.4,0.6,40,"both",0.217976478975032,-0.591845344274662
"4677",7,2,0.0189535245869836,-22.1016782776141,10.1169726612437,14,100,0.217976478975032,-0.591845344274662,47,1,-28.75619,50,0.4,0.6,40,"both",0.217976478975032,-0.591845344274662
"4678",7,2,0.0189535245869836,-22.1016782776141,10.1169726612437,14,100,0.217976478975032,-0.591845344274662,47,0,-25.03613,50,0.4,0.6,40,"both",0.217976478975032,-0.591845344274662
"4679",7,2,0.0189535245869836,-22.1016782776141,10.1169726612437,14,100,0.217976478975032,-0.591845344274662,47,1,-27.47758,50,0.4,0.6,40,"both",0.217976478975032,-0.591845344274662
"4680",7,2,0.0189535245869836,-22.1016782776141,10.1169726612437,14,100,0.217976478975032,-0.591845344274662,47,1,-13.92325,50,0.4,0.6,40,"both",0.217976478975032,-0.591845344274662
"4681",7,2,0.0189535245869836,-22.1016782776141,10.1169726612437,14,100,0.217976478975032,-0.591845344274662,47,1,-8.6934,50,0.4,0.6,40,"both",0.217976478975032,-0.591845344274662
"4682",7,2,0.0189535245869836,-22.1016782776141,10.1169726612437,14,100,0.217976478975032,-0.591845344274662,47,1,-30.43052,50,0.4,0.6,40,"both",0.217976478975032,-0.591845344274662
"4683",7,2,0.0189535245869836,-22.1016782776141,10.1169726612437,14,100,0.217976478975032,-0.591845344274662,47,1,-11.096,50,0.4,0.6,40,"both",0.217976478975032,-0.591845344274662
"4684",7,2,0.0189535245869836,-22.1016782776141,10.1169726612437,14,100,0.217976478975032,-0.591845344274662,47,0,-13.1964,50,0.4,0.6,40,"both",0.217976478975032,-0.591845344274662
"4685",7,2,0.0189535245869836,-22.1016782776141,10.1169726612437,14,100,0.217976478975032,-0.591845344274662,47,0,-27.7289,50,0.4,0.6,40,"both",0.217976478975032,-0.591845344274662
"4686",7,2,0.0189535245869836,-22.1016782776141,10.1169726612437,14,100,0.217976478975032,-0.591845344274662,47,1,-10.5337,50,0.4,0.6,40,"both",0.217976478975032,-0.591845344274662
"4687",7,2,0.0189535245869836,-22.1016782776141,10.1169726612437,14,100,0.217976478975032,-0.591845344274662,47,1,-28.22055,50,0.4,0.6,40,"both",0.217976478975032,-0.591845344274662
"4688",7,2,0.0189535245869836,-22.1016782776141,10.1169726612437,14,100,0.217976478975032,-0.591845344274662,47,1,-13.7424,50,0.4,0.6,40,"both",0.217976478975032,-0.591845344274662
"4689",7,2,0.0189535245869836,-22.1016782776141,10.1169726612437,14,100,0.217976478975032,-0.591845344274662,47,0,-26.69521,50,0.4,0.6,40,"both",0.217976478975032,-0.591845344274662
"4690",7,2,0.0189535245869836,-22.1016782776141,10.1169726612437,14,100,0.217976478975032,-0.591845344274662,47,0,-35.8169,50,0.4,0.6,40,"both",0.217976478975032,-0.591845344274662
"4691",7,2,0.0189535245869836,-22.1016782776141,10.1169726612437,14,100,0.217976478975032,-0.591845344274662,47,1,-14.41171,50,0.4,0.6,40,"both",0.217976478975032,-0.591845344274662
"4692",7,2,0.0189535245869836,-22.1016782776141,10.1169726612437,14,100,0.217976478975032,-0.591845344274662,47,1,-15.34762,50,0.4,0.6,40,"both",0.217976478975032,-0.591845344274662
"4693",7,2,0.0189535245869836,-22.1016782776141,10.1169726612437,14,100,0.217976478975032,-0.591845344274662,47,0,-35.9004,50,0.4,0.6,40,"both",0.217976478975032,-0.591845344274662
"4694",7,2,0.0189535245869836,-22.1016782776141,10.1169726612437,14,100,0.217976478975032,-0.591845344274662,47,0,-30.77342,50,0.4,0.6,40,"both",0.217976478975032,-0.591845344274662
"4695",7,2,0.0189535245869836,-22.1016782776141,10.1169726612437,14,100,0.217976478975032,-0.591845344274662,47,0,-30.22901,50,0.4,0.6,40,"both",0.217976478975032,-0.591845344274662
"4696",7,2,0.0189535245869836,-22.1016782776141,10.1169726612437,14,100,0.217976478975032,-0.591845344274662,47,1,-14.90279,50,0.4,0.6,40,"both",0.217976478975032,-0.591845344274662
"4697",7,2,0.0189535245869836,-22.1016782776141,10.1169726612437,14,100,0.217976478975032,-0.591845344274662,47,0,-26.18112,50,0.4,0.6,40,"both",0.217976478975032,-0.591845344274662
"4698",7,2,0.0189535245869836,-22.1016782776141,10.1169726612437,14,100,0.217976478975032,-0.591845344274662,47,1,-10.9428,50,0.4,0.6,40,"both",0.217976478975032,-0.591845344274662
"4699",7,2,0.0189535245869836,-22.1016782776141,10.1169726612437,14,100,0.217976478975032,-0.591845344274662,47,0,-33.0807,50,0.4,0.6,40,"both",0.217976478975032,-0.591845344274662
"4700",7,2,0.0189535245869836,-22.1016782776141,10.1169726612437,14,100,0.217976478975032,-0.591845344274662,47,1,-13.13889,50,0.4,0.6,40,"both",0.217976478975032,-0.591845344274662
"4701",8,2,0.00537164715327829,8.69283969044501,13.510344521131,16,100,0.217976478975032,-0.591845344274662,48,0,-5.5615055041,50,0.4,0.6,40,"both",0.217976478975032,-0.591845344274662
"4702",8,2,0.00537164715327829,8.69283969044501,13.510344521131,16,100,0.217976478975032,-0.591845344274662,48,0,7.3881284601,50,0.4,0.6,40,"both",0.217976478975032,-0.591845344274662
"4703",8,2,0.00537164715327829,8.69283969044501,13.510344521131,16,100,0.217976478975032,-0.591845344274662,48,0,7.942670967,50,0.4,0.6,40,"both",0.217976478975032,-0.591845344274662
"4704",8,2,0.00537164715327829,8.69283969044501,13.510344521131,16,100,0.217976478975032,-0.591845344274662,48,1,18.873461709,50,0.4,0.6,40,"both",0.217976478975032,-0.591845344274662
"4705",8,2,0.00537164715327829,8.69283969044501,13.510344521131,16,100,0.217976478975032,-0.591845344274662,48,1,12.71667,50,0.4,0.6,40,"both",0.217976478975032,-0.591845344274662
"4706",8,2,0.00537164715327829,8.69283969044501,13.510344521131,16,100,0.217976478975032,-0.591845344274662,48,1,23.80034,50,0.4,0.6,40,"both",0.217976478975032,-0.591845344274662
"4707",8,2,0.00537164715327829,8.69283969044501,13.510344521131,16,100,0.217976478975032,-0.591845344274662,48,1,33.8387,50,0.4,0.6,40,"both",0.217976478975032,-0.591845344274662
"4708",8,2,0.00537164715327829,8.69283969044501,13.510344521131,16,100,0.217976478975032,-0.591845344274662,48,1,17.33935,50,0.4,0.6,40,"both",0.217976478975032,-0.591845344274662
"4709",8,2,0.00537164715327829,8.69283969044501,13.510344521131,16,100,0.217976478975032,-0.591845344274662,48,0,9.15795,50,0.4,0.6,40,"both",0.217976478975032,-0.591845344274662
"4710",8,2,0.00537164715327829,8.69283969044501,13.510344521131,16,100,0.217976478975032,-0.591845344274662,48,1,8.74663,50,0.4,0.6,40,"both",0.217976478975032,-0.591845344274662
"4711",8,2,0.00537164715327829,8.69283969044501,13.510344521131,16,100,0.217976478975032,-0.591845344274662,48,1,14.76547,50,0.4,0.6,40,"both",0.217976478975032,-0.591845344274662
"4712",8,2,0.00537164715327829,8.69283969044501,13.510344521131,16,100,0.217976478975032,-0.591845344274662,48,0,15.34673,50,0.4,0.6,40,"both",0.217976478975032,-0.591845344274662
"4713",8,2,0.00537164715327829,8.69283969044501,13.510344521131,16,100,0.217976478975032,-0.591845344274662,48,1,6.08685,50,0.4,0.6,40,"both",0.217976478975032,-0.591845344274662
"4714",8,2,0.00537164715327829,8.69283969044501,13.510344521131,16,100,0.217976478975032,-0.591845344274662,48,1,23.73104,50,0.4,0.6,40,"both",0.217976478975032,-0.591845344274662
"4715",8,2,0.00537164715327829,8.69283969044501,13.510344521131,16,100,0.217976478975032,-0.591845344274662,48,1,3.45059,50,0.4,0.6,40,"both",0.217976478975032,-0.591845344274662
"4716",8,2,0.00537164715327829,8.69283969044501,13.510344521131,16,100,0.217976478975032,-0.591845344274662,48,1,24.67468,50,0.4,0.6,40,"both",0.217976478975032,-0.591845344274662
"4717",8,2,0.00537164715327829,8.69283969044501,13.510344521131,16,100,0.217976478975032,-0.591845344274662,48,1,11.450175,50,0.4,0.6,40,"both",0.217976478975032,-0.591845344274662
"4718",8,2,0.00537164715327829,8.69283969044501,13.510344521131,16,100,0.217976478975032,-0.591845344274662,48,0,-27.65965,50,0.4,0.6,40,"both",0.217976478975032,-0.591845344274662
"4719",8,2,0.00537164715327829,8.69283969044501,13.510344521131,16,100,0.217976478975032,-0.591845344274662,48,0,20.03962,50,0.4,0.6,40,"both",0.217976478975032,-0.591845344274662
"4720",8,2,0.00537164715327829,8.69283969044501,13.510344521131,16,100,0.217976478975032,-0.591845344274662,48,1,-1.46562,50,0.4,0.6,40,"both",0.217976478975032,-0.591845344274662
"4721",8,2,0.00537164715327829,8.69283969044501,13.510344521131,16,100,0.217976478975032,-0.591845344274662,48,0,-13.2962,50,0.4,0.6,40,"both",0.217976478975032,-0.591845344274662
"4722",8,2,0.00537164715327829,8.69283969044501,13.510344521131,16,100,0.217976478975032,-0.591845344274662,48,1,16.38751,50,0.4,0.6,40,"both",0.217976478975032,-0.591845344274662
"4723",8,2,0.00537164715327829,8.69283969044501,13.510344521131,16,100,0.217976478975032,-0.591845344274662,48,0,-1.3974198759,50,0.4,0.6,40,"both",0.217976478975032,-0.591845344274662
"4724",8,2,0.00537164715327829,8.69283969044501,13.510344521131,16,100,0.217976478975032,-0.591845344274662,48,1,39.24757,50,0.4,0.6,40,"both",0.217976478975032,-0.591845344274662
"4725",8,2,0.00537164715327829,8.69283969044501,13.510344521131,16,100,0.217976478975032,-0.591845344274662,48,0,-20.55075,50,0.4,0.6,40,"both",0.217976478975032,-0.591845344274662
"4726",8,2,0.00537164715327829,8.69283969044501,13.510344521131,16,100,0.217976478975032,-0.591845344274662,48,0,15.56545,50,0.4,0.6,40,"both",0.217976478975032,-0.591845344274662
"4727",8,2,0.00537164715327829,8.69283969044501,13.510344521131,16,100,0.217976478975032,-0.591845344274662,48,1,24.70653,50,0.4,0.6,40,"both",0.217976478975032,-0.591845344274662
"4728",8,2,0.00537164715327829,8.69283969044501,13.510344521131,16,100,0.217976478975032,-0.591845344274662,48,0,-22.73512,50,0.4,0.6,40,"both",0.217976478975032,-0.591845344274662
"4729",8,2,0.00537164715327829,8.69283969044501,13.510344521131,16,100,0.217976478975032,-0.591845344274662,48,0,-22.30816,50,0.4,0.6,40,"both",0.217976478975032,-0.591845344274662
"4730",8,2,0.00537164715327829,8.69283969044501,13.510344521131,16,100,0.217976478975032,-0.591845344274662,48,1,5.6315022025,50,0.4,0.6,40,"both",0.217976478975032,-0.591845344274662
"4731",8,2,0.00537164715327829,8.69283969044501,13.510344521131,16,100,0.217976478975032,-0.591845344274662,48,1,27.15198,50,0.4,0.6,40,"both",0.217976478975032,-0.591845344274662
"4732",8,2,0.00537164715327829,8.69283969044501,13.510344521131,16,100,0.217976478975032,-0.591845344274662,48,0,-15.05094,50,0.4,0.6,40,"both",0.217976478975032,-0.591845344274662
"4733",8,2,0.00537164715327829,8.69283969044501,13.510344521131,16,100,0.217976478975032,-0.591845344274662,48,0,-4.1752,50,0.4,0.6,40,"both",0.217976478975032,-0.591845344274662
"4734",8,2,0.00537164715327829,8.69283969044501,13.510344521131,16,100,0.217976478975032,-0.591845344274662,48,0,7.55731,50,0.4,0.6,40,"both",0.217976478975032,-0.591845344274662
"4735",8,2,0.00537164715327829,8.69283969044501,13.510344521131,16,100,0.217976478975032,-0.591845344274662,48,0,16.96898,50,0.4,0.6,40,"both",0.217976478975032,-0.591845344274662
"4736",8,2,0.00537164715327829,8.69283969044501,13.510344521131,16,100,0.217976478975032,-0.591845344274662,48,1,28.6303,50,0.4,0.6,40,"both",0.217976478975032,-0.591845344274662
"4737",8,2,0.00537164715327829,8.69283969044501,13.510344521131,16,100,0.217976478975032,-0.591845344274662,48,1,33.57301,50,0.4,0.6,40,"both",0.217976478975032,-0.591845344274662
"4738",8,2,0.00537164715327829,8.69283969044501,13.510344521131,16,100,0.217976478975032,-0.591845344274662,48,0,16.00651,50,0.4,0.6,40,"both",0.217976478975032,-0.591845344274662
"4739",8,2,0.00537164715327829,8.69283969044501,13.510344521131,16,100,0.217976478975032,-0.591845344274662,48,1,27.28578,50,0.4,0.6,40,"both",0.217976478975032,-0.591845344274662
"4740",8,2,0.00537164715327829,8.69283969044501,13.510344521131,16,100,0.217976478975032,-0.591845344274662,48,1,27.62203,50,0.4,0.6,40,"both",0.217976478975032,-0.591845344274662
"4741",8,2,0.00537164715327829,8.69283969044501,13.510344521131,16,100,0.217976478975032,-0.591845344274662,48,1,-0.51892,50,0.4,0.6,40,"both",0.217976478975032,-0.591845344274662
"4742",8,2,0.00537164715327829,8.69283969044501,13.510344521131,16,100,0.217976478975032,-0.591845344274662,48,1,21.24503,50,0.4,0.6,40,"both",0.217976478975032,-0.591845344274662
"4743",8,2,0.00537164715327829,8.69283969044501,13.510344521131,16,100,0.217976478975032,-0.591845344274662,48,1,15.60391,50,0.4,0.6,40,"both",0.217976478975032,-0.591845344274662
"4744",8,2,0.00537164715327829,8.69283969044501,13.510344521131,16,100,0.217976478975032,-0.591845344274662,48,0,13.56414,50,0.4,0.6,40,"both",0.217976478975032,-0.591845344274662
"4745",8,2,0.00537164715327829,8.69283969044501,13.510344521131,16,100,0.217976478975032,-0.591845344274662,48,1,4.93896,50,0.4,0.6,40,"both",0.217976478975032,-0.591845344274662
"4746",8,2,0.00537164715327829,8.69283969044501,13.510344521131,16,100,0.217976478975032,-0.591845344274662,48,0,-17.89519,50,0.4,0.6,40,"both",0.217976478975032,-0.591845344274662
"4747",8,2,0.00537164715327829,8.69283969044501,13.510344521131,16,100,0.217976478975032,-0.591845344274662,48,0,-19.7608,50,0.4,0.6,40,"both",0.217976478975032,-0.591845344274662
"4748",8,2,0.00537164715327829,8.69283969044501,13.510344521131,16,100,0.217976478975032,-0.591845344274662,48,1,28.21257,50,0.4,0.6,40,"both",0.217976478975032,-0.591845344274662
"4749",8,2,0.00537164715327829,8.69283969044501,13.510344521131,16,100,0.217976478975032,-0.591845344274662,48,1,25.03233,50,0.4,0.6,40,"both",0.217976478975032,-0.591845344274662
"4750",8,2,0.00537164715327829,8.69283969044501,13.510344521131,16,100,0.217976478975032,-0.591845344274662,48,0,-14.11755,50,0.4,0.6,40,"both",0.217976478975032,-0.591845344274662
"4751",8,2,0.00537164715327829,8.69283969044501,13.510344521131,16,100,0.217976478975032,-0.591845344274662,48,0,-2.4738,50,0.4,0.6,40,"both",0.217976478975032,-0.591845344274662
"4752",8,2,0.00537164715327829,8.69283969044501,13.510344521131,16,100,0.217976478975032,-0.591845344274662,48,1,33.4336,50,0.4,0.6,40,"both",0.217976478975032,-0.591845344274662
"4753",8,2,0.00537164715327829,8.69283969044501,13.510344521131,16,100,0.217976478975032,-0.591845344274662,48,1,28.41589,50,0.4,0.6,40,"both",0.217976478975032,-0.591845344274662
"4754",8,2,0.00537164715327829,8.69283969044501,13.510344521131,16,100,0.217976478975032,-0.591845344274662,48,1,17.9471,50,0.4,0.6,40,"both",0.217976478975032,-0.591845344274662
"4755",8,2,0.00537164715327829,8.69283969044501,13.510344521131,16,100,0.217976478975032,-0.591845344274662,48,0,-7.85797,50,0.4,0.6,40,"both",0.217976478975032,-0.591845344274662
"4756",8,2,0.00537164715327829,8.69283969044501,13.510344521131,16,100,0.217976478975032,-0.591845344274662,48,0,-3.52169,50,0.4,0.6,40,"both",0.217976478975032,-0.591845344274662
"4757",8,2,0.00537164715327829,8.69283969044501,13.510344521131,16,100,0.217976478975032,-0.591845344274662,48,0,-10.82807,50,0.4,0.6,40,"both",0.217976478975032,-0.591845344274662
"4758",8,2,0.00537164715327829,8.69283969044501,13.510344521131,16,100,0.217976478975032,-0.591845344274662,48,0,-12.72241,50,0.4,0.6,40,"both",0.217976478975032,-0.591845344274662
"4759",8,2,0.00537164715327829,8.69283969044501,13.510344521131,16,100,0.217976478975032,-0.591845344274662,48,0,-1.1746,50,0.4,0.6,40,"both",0.217976478975032,-0.591845344274662
"4760",8,2,0.00537164715327829,8.69283969044501,13.510344521131,16,100,0.217976478975032,-0.591845344274662,48,0,-6.72268,50,0.4,0.6,40,"both",0.217976478975032,-0.591845344274662
"4761",8,2,0.00537164715327829,8.69283969044501,13.510344521131,16,100,0.217976478975032,-0.591845344274662,48,1,-0.16459,50,0.4,0.6,40,"both",0.217976478975032,-0.591845344274662
"4762",8,2,0.00537164715327829,8.69283969044501,13.510344521131,16,100,0.217976478975032,-0.591845344274662,48,0,14.72622,50,0.4,0.6,40,"both",0.217976478975032,-0.591845344274662
"4763",8,2,0.00537164715327829,8.69283969044501,13.510344521131,16,100,0.217976478975032,-0.591845344274662,48,1,19.4035,50,0.4,0.6,40,"both",0.217976478975032,-0.591845344274662
"4764",8,2,0.00537164715327829,8.69283969044501,13.510344521131,16,100,0.217976478975032,-0.591845344274662,48,0,5.82619,50,0.4,0.6,40,"both",0.217976478975032,-0.591845344274662
"4765",8,2,0.00537164715327829,8.69283969044501,13.510344521131,16,100,0.217976478975032,-0.591845344274662,48,1,17.90211,50,0.4,0.6,40,"both",0.217976478975032,-0.591845344274662
"4766",8,2,0.00537164715327829,8.69283969044501,13.510344521131,16,100,0.217976478975032,-0.591845344274662,48,1,23.3698,50,0.4,0.6,40,"both",0.217976478975032,-0.591845344274662
"4767",8,2,0.00537164715327829,8.69283969044501,13.510344521131,16,100,0.217976478975032,-0.591845344274662,48,0,-9.174,50,0.4,0.6,40,"both",0.217976478975032,-0.591845344274662
"4768",8,2,0.00537164715327829,8.69283969044501,13.510344521131,16,100,0.217976478975032,-0.591845344274662,48,0,-4.85978,50,0.4,0.6,40,"both",0.217976478975032,-0.591845344274662
"4769",8,2,0.00537164715327829,8.69283969044501,13.510344521131,16,100,0.217976478975032,-0.591845344274662,48,1,17.65994,50,0.4,0.6,40,"both",0.217976478975032,-0.591845344274662
"4770",8,2,0.00537164715327829,8.69283969044501,13.510344521131,16,100,0.217976478975032,-0.591845344274662,48,0,-7.035,50,0.4,0.6,40,"both",0.217976478975032,-0.591845344274662
"4771",8,2,0.00537164715327829,8.69283969044501,13.510344521131,16,100,0.217976478975032,-0.591845344274662,48,1,25.2849,50,0.4,0.6,40,"both",0.217976478975032,-0.591845344274662
"4772",8,2,0.00537164715327829,8.69283969044501,13.510344521131,16,100,0.217976478975032,-0.591845344274662,48,0,16.92833,50,0.4,0.6,40,"both",0.217976478975032,-0.591845344274662
"4773",8,2,0.00537164715327829,8.69283969044501,13.510344521131,16,100,0.217976478975032,-0.591845344274662,48,1,19.47485,50,0.4,0.6,40,"both",0.217976478975032,-0.591845344274662
"4774",8,2,0.00537164715327829,8.69283969044501,13.510344521131,16,100,0.217976478975032,-0.591845344274662,48,1,16.98057,50,0.4,0.6,40,"both",0.217976478975032,-0.591845344274662
"4775",8,2,0.00537164715327829,8.69283969044501,13.510344521131,16,100,0.217976478975032,-0.591845344274662,48,0,-3.30859,50,0.4,0.6,40,"both",0.217976478975032,-0.591845344274662
"4776",8,2,0.00537164715327829,8.69283969044501,13.510344521131,16,100,0.217976478975032,-0.591845344274662,48,0,-3.96525,50,0.4,0.6,40,"both",0.217976478975032,-0.591845344274662
"4777",8,2,0.00537164715327829,8.69283969044501,13.510344521131,16,100,0.217976478975032,-0.591845344274662,48,1,-5.92367,50,0.4,0.6,40,"both",0.217976478975032,-0.591845344274662
"4778",8,2,0.00537164715327829,8.69283969044501,13.510344521131,16,100,0.217976478975032,-0.591845344274662,48,1,19.46616,50,0.4,0.6,40,"both",0.217976478975032,-0.591845344274662
"4779",8,2,0.00537164715327829,8.69283969044501,13.510344521131,16,100,0.217976478975032,-0.591845344274662,48,0,4.3148,50,0.4,0.6,40,"both",0.217976478975032,-0.591845344274662
"4780",8,2,0.00537164715327829,8.69283969044501,13.510344521131,16,100,0.217976478975032,-0.591845344274662,48,0,22.614,50,0.4,0.6,40,"both",0.217976478975032,-0.591845344274662
"4781",8,2,0.00537164715327829,8.69283969044501,13.510344521131,16,100,0.217976478975032,-0.591845344274662,48,0,2.32683,50,0.4,0.6,40,"both",0.217976478975032,-0.591845344274662
"4782",8,2,0.00537164715327829,8.69283969044501,13.510344521131,16,100,0.217976478975032,-0.591845344274662,48,1,23.16969,50,0.4,0.6,40,"both",0.217976478975032,-0.591845344274662
"4783",8,2,0.00537164715327829,8.69283969044501,13.510344521131,16,100,0.217976478975032,-0.591845344274662,48,1,24.922,50,0.4,0.6,40,"both",0.217976478975032,-0.591845344274662
"4784",8,2,0.00537164715327829,8.69283969044501,13.510344521131,16,100,0.217976478975032,-0.591845344274662,48,0,14.567326,50,0.4,0.6,40,"both",0.217976478975032,-0.591845344274662
"4785",8,2,0.00537164715327829,8.69283969044501,13.510344521131,16,100,0.217976478975032,-0.591845344274662,48,0,-3.16029,50,0.4,0.6,40,"both",0.217976478975032,-0.591845344274662
"4786",8,2,0.00537164715327829,8.69283969044501,13.510344521131,16,100,0.217976478975032,-0.591845344274662,48,0,-6.01022,50,0.4,0.6,40,"both",0.217976478975032,-0.591845344274662
"4787",8,2,0.00537164715327829,8.69283969044501,13.510344521131,16,100,0.217976478975032,-0.591845344274662,48,0,1.74999,50,0.4,0.6,40,"both",0.217976478975032,-0.591845344274662
"4788",8,2,0.00537164715327829,8.69283969044501,13.510344521131,16,100,0.217976478975032,-0.591845344274662,48,0,26.94828,50,0.4,0.6,40,"both",0.217976478975032,-0.591845344274662
"4789",8,2,0.00537164715327829,8.69283969044501,13.510344521131,16,100,0.217976478975032,-0.591845344274662,48,1,24.5679,50,0.4,0.6,40,"both",0.217976478975032,-0.591845344274662
"4790",8,2,0.00537164715327829,8.69283969044501,13.510344521131,16,100,0.217976478975032,-0.591845344274662,48,1,23.55205,50,0.4,0.6,40,"both",0.217976478975032,-0.591845344274662
"4791",8,2,0.00537164715327829,8.69283969044501,13.510344521131,16,100,0.217976478975032,-0.591845344274662,48,1,20.3988,50,0.4,0.6,40,"both",0.217976478975032,-0.591845344274662
"4792",8,2,0.00537164715327829,8.69283969044501,13.510344521131,16,100,0.217976478975032,-0.591845344274662,48,0,-5.4048,50,0.4,0.6,40,"both",0.217976478975032,-0.591845344274662
"4793",8,2,0.00537164715327829,8.69283969044501,13.510344521131,16,100,0.217976478975032,-0.591845344274662,48,0,-5.7817,50,0.4,0.6,40,"both",0.217976478975032,-0.591845344274662
"4794",8,2,0.00537164715327829,8.69283969044501,13.510344521131,16,100,0.217976478975032,-0.591845344274662,48,1,22.68812,50,0.4,0.6,40,"both",0.217976478975032,-0.591845344274662
"4795",8,2,0.00537164715327829,8.69283969044501,13.510344521131,16,100,0.217976478975032,-0.591845344274662,48,1,14.92526,50,0.4,0.6,40,"both",0.217976478975032,-0.591845344274662
"4796",8,2,0.00537164715327829,8.69283969044501,13.510344521131,16,100,0.217976478975032,-0.591845344274662,48,0,-5.818,50,0.4,0.6,40,"both",0.217976478975032,-0.591845344274662
"4797",8,2,0.00537164715327829,8.69283969044501,13.510344521131,16,100,0.217976478975032,-0.591845344274662,48,0,0.9825,50,0.4,0.6,40,"both",0.217976478975032,-0.591845344274662
"4798",8,2,0.00537164715327829,8.69283969044501,13.510344521131,16,100,0.217976478975032,-0.591845344274662,48,0,20.31999,50,0.4,0.6,40,"both",0.217976478975032,-0.591845344274662
"4799",8,2,0.00537164715327829,8.69283969044501,13.510344521131,16,100,0.217976478975032,-0.591845344274662,48,0,1.1194,50,0.4,0.6,40,"both",0.217976478975032,-0.591845344274662
"4800",8,2,0.00537164715327829,8.69283969044501,13.510344521131,16,100,0.217976478975032,-0.591845344274662,48,0,2.83202,50,0.4,0.6,40,"both",0.217976478975032,-0.591845344274662
"4801",9,2,0.0407513585178234,6.46385866266765,4.85329028763895,18,100,0.217976478975032,-0.591845344274662,49,1,8.56854458229,50,0.4,0.6,40,"both",0.217976478975032,-0.591845344274662
"4802",9,2,0.0407513585178234,6.46385866266765,4.85329028763895,18,100,0.217976478975032,-0.591845344274662,49,0,-6.2401147464,50,0.4,0.6,40,"both",0.217976478975032,-0.591845344274662
"4803",9,2,0.0407513585178234,6.46385866266765,4.85329028763895,18,100,0.217976478975032,-0.591845344274662,49,0,-0.9507798228,50,0.4,0.6,40,"both",0.217976478975032,-0.591845344274662
"4804",9,2,0.0407513585178234,6.46385866266765,4.85329028763895,18,100,0.217976478975032,-0.591845344274662,49,0,4.4269525783,50,0.4,0.6,40,"both",0.217976478975032,-0.591845344274662
"4805",9,2,0.0407513585178234,6.46385866266765,4.85329028763895,18,100,0.217976478975032,-0.591845344274662,49,1,2.06697,50,0.4,0.6,40,"both",0.217976478975032,-0.591845344274662
"4806",9,2,0.0407513585178234,6.46385866266765,4.85329028763895,18,100,0.217976478975032,-0.591845344274662,49,0,2.2966147,50,0.4,0.6,40,"both",0.217976478975032,-0.591845344274662
"4807",9,2,0.0407513585178234,6.46385866266765,4.85329028763895,18,100,0.217976478975032,-0.591845344274662,49,1,13.74063,50,0.4,0.6,40,"both",0.217976478975032,-0.591845344274662
"4808",9,2,0.0407513585178234,6.46385866266765,4.85329028763895,18,100,0.217976478975032,-0.591845344274662,49,0,-7.37444,50,0.4,0.6,40,"both",0.217976478975032,-0.591845344274662
"4809",9,2,0.0407513585178234,6.46385866266765,4.85329028763895,18,100,0.217976478975032,-0.591845344274662,49,0,45.31847,50,0.4,0.6,40,"both",0.217976478975032,-0.591845344274662
"4810",9,2,0.0407513585178234,6.46385866266765,4.85329028763895,18,100,0.217976478975032,-0.591845344274662,49,0,-12.53723,50,0.4,0.6,40,"both",0.217976478975032,-0.591845344274662
"4811",9,2,0.0407513585178234,6.46385866266765,4.85329028763895,18,100,0.217976478975032,-0.591845344274662,49,0,-27.73649,50,0.4,0.6,40,"both",0.217976478975032,-0.591845344274662
"4812",9,2,0.0407513585178234,6.46385866266765,4.85329028763895,18,100,0.217976478975032,-0.591845344274662,49,1,21.49775,50,0.4,0.6,40,"both",0.217976478975032,-0.591845344274662
"4813",9,2,0.0407513585178234,6.46385866266765,4.85329028763895,18,100,0.217976478975032,-0.591845344274662,49,0,-1.02496,50,0.4,0.6,40,"both",0.217976478975032,-0.591845344274662
"4814",9,2,0.0407513585178234,6.46385866266765,4.85329028763895,18,100,0.217976478975032,-0.591845344274662,49,0,-0.995228,50,0.4,0.6,40,"both",0.217976478975032,-0.591845344274662
"4815",9,2,0.0407513585178234,6.46385866266765,4.85329028763895,18,100,0.217976478975032,-0.591845344274662,49,0,10.08327,50,0.4,0.6,40,"both",0.217976478975032,-0.591845344274662
"4816",9,2,0.0407513585178234,6.46385866266765,4.85329028763895,18,100,0.217976478975032,-0.591845344274662,49,1,2.7717,50,0.4,0.6,40,"both",0.217976478975032,-0.591845344274662
"4817",9,2,0.0407513585178234,6.46385866266765,4.85329028763895,18,100,0.217976478975032,-0.591845344274662,49,0,8.84009,50,0.4,0.6,40,"both",0.217976478975032,-0.591845344274662
"4818",9,2,0.0407513585178234,6.46385866266765,4.85329028763895,18,100,0.217976478975032,-0.591845344274662,49,0,-3.35311,50,0.4,0.6,40,"both",0.217976478975032,-0.591845344274662
"4819",9,2,0.0407513585178234,6.46385866266765,4.85329028763895,18,100,0.217976478975032,-0.591845344274662,49,1,13.2955,50,0.4,0.6,40,"both",0.217976478975032,-0.591845344274662
"4820",9,2,0.0407513585178234,6.46385866266765,4.85329028763895,18,100,0.217976478975032,-0.591845344274662,49,1,20.67355,50,0.4,0.6,40,"both",0.217976478975032,-0.591845344274662
"4821",9,2,0.0407513585178234,6.46385866266765,4.85329028763895,18,100,0.217976478975032,-0.591845344274662,49,0,9.82791,50,0.4,0.6,40,"both",0.217976478975032,-0.591845344274662
"4822",9,2,0.0407513585178234,6.46385866266765,4.85329028763895,18,100,0.217976478975032,-0.591845344274662,49,0,-2.232435,50,0.4,0.6,40,"both",0.217976478975032,-0.591845344274662
"4823",9,2,0.0407513585178234,6.46385866266765,4.85329028763895,18,100,0.217976478975032,-0.591845344274662,49,0,-0.22349,50,0.4,0.6,40,"both",0.217976478975032,-0.591845344274662
"4824",9,2,0.0407513585178234,6.46385866266765,4.85329028763895,18,100,0.217976478975032,-0.591845344274662,49,0,3.7362,50,0.4,0.6,40,"both",0.217976478975032,-0.591845344274662
"4825",9,2,0.0407513585178234,6.46385866266765,4.85329028763895,18,100,0.217976478975032,-0.591845344274662,49,1,-1.96892,50,0.4,0.6,40,"both",0.217976478975032,-0.591845344274662
"4826",9,2,0.0407513585178234,6.46385866266765,4.85329028763895,18,100,0.217976478975032,-0.591845344274662,49,1,28.6055,50,0.4,0.6,40,"both",0.217976478975032,-0.591845344274662
"4827",9,2,0.0407513585178234,6.46385866266765,4.85329028763895,18,100,0.217976478975032,-0.591845344274662,49,0,4.867,50,0.4,0.6,40,"both",0.217976478975032,-0.591845344274662
"4828",9,2,0.0407513585178234,6.46385866266765,4.85329028763895,18,100,0.217976478975032,-0.591845344274662,49,1,20.7084,50,0.4,0.6,40,"both",0.217976478975032,-0.591845344274662
"4829",9,2,0.0407513585178234,6.46385866266765,4.85329028763895,18,100,0.217976478975032,-0.591845344274662,49,1,18.29368,50,0.4,0.6,40,"both",0.217976478975032,-0.591845344274662
"4830",9,2,0.0407513585178234,6.46385866266765,4.85329028763895,18,100,0.217976478975032,-0.591845344274662,49,1,5.23882,50,0.4,0.6,40,"both",0.217976478975032,-0.591845344274662
"4831",9,2,0.0407513585178234,6.46385866266765,4.85329028763895,18,100,0.217976478975032,-0.591845344274662,49,1,4.78336,50,0.4,0.6,40,"both",0.217976478975032,-0.591845344274662
"4832",9,2,0.0407513585178234,6.46385866266765,4.85329028763895,18,100,0.217976478975032,-0.591845344274662,49,0,1.01001,50,0.4,0.6,40,"both",0.217976478975032,-0.591845344274662
"4833",9,2,0.0407513585178234,6.46385866266765,4.85329028763895,18,100,0.217976478975032,-0.591845344274662,49,1,14.86048,50,0.4,0.6,40,"both",0.217976478975032,-0.591845344274662
"4834",9,2,0.0407513585178234,6.46385866266765,4.85329028763895,18,100,0.217976478975032,-0.591845344274662,49,1,16.7545,50,0.4,0.6,40,"both",0.217976478975032,-0.591845344274662
"4835",9,2,0.0407513585178234,6.46385866266765,4.85329028763895,18,100,0.217976478975032,-0.591845344274662,49,0,-2.13836,50,0.4,0.6,40,"both",0.217976478975032,-0.591845344274662
"4836",9,2,0.0407513585178234,6.46385866266765,4.85329028763895,18,100,0.217976478975032,-0.591845344274662,49,1,21.12845,50,0.4,0.6,40,"both",0.217976478975032,-0.591845344274662
"4837",9,2,0.0407513585178234,6.46385866266765,4.85329028763895,18,100,0.217976478975032,-0.591845344274662,49,1,7.15773,50,0.4,0.6,40,"both",0.217976478975032,-0.591845344274662
"4838",9,2,0.0407513585178234,6.46385866266765,4.85329028763895,18,100,0.217976478975032,-0.591845344274662,49,1,17.73046,50,0.4,0.6,40,"both",0.217976478975032,-0.591845344274662
"4839",9,2,0.0407513585178234,6.46385866266765,4.85329028763895,18,100,0.217976478975032,-0.591845344274662,49,1,8.24629,50,0.4,0.6,40,"both",0.217976478975032,-0.591845344274662
"4840",9,2,0.0407513585178234,6.46385866266765,4.85329028763895,18,100,0.217976478975032,-0.591845344274662,49,1,12.09952,50,0.4,0.6,40,"both",0.217976478975032,-0.591845344274662
"4841",9,2,0.0407513585178234,6.46385866266765,4.85329028763895,18,100,0.217976478975032,-0.591845344274662,49,1,12.45593,50,0.4,0.6,40,"both",0.217976478975032,-0.591845344274662
"4842",9,2,0.0407513585178234,6.46385866266765,4.85329028763895,18,100,0.217976478975032,-0.591845344274662,49,1,2.42682,50,0.4,0.6,40,"both",0.217976478975032,-0.591845344274662
"4843",9,2,0.0407513585178234,6.46385866266765,4.85329028763895,18,100,0.217976478975032,-0.591845344274662,49,0,2.06772,50,0.4,0.6,40,"both",0.217976478975032,-0.591845344274662
"4844",9,2,0.0407513585178234,6.46385866266765,4.85329028763895,18,100,0.217976478975032,-0.591845344274662,49,1,14.93776,50,0.4,0.6,40,"both",0.217976478975032,-0.591845344274662
"4845",9,2,0.0407513585178234,6.46385866266765,4.85329028763895,18,100,0.217976478975032,-0.591845344274662,49,0,-0.78612,50,0.4,0.6,40,"both",0.217976478975032,-0.591845344274662
"4846",9,2,0.0407513585178234,6.46385866266765,4.85329028763895,18,100,0.217976478975032,-0.591845344274662,49,0,-3.66365,50,0.4,0.6,40,"both",0.217976478975032,-0.591845344274662
"4847",9,2,0.0407513585178234,6.46385866266765,4.85329028763895,18,100,0.217976478975032,-0.591845344274662,49,0,-1.54306,50,0.4,0.6,40,"both",0.217976478975032,-0.591845344274662
"4848",9,2,0.0407513585178234,6.46385866266765,4.85329028763895,18,100,0.217976478975032,-0.591845344274662,49,0,-0.757149999999999,50,0.4,0.6,40,"both",0.217976478975032,-0.591845344274662
"4849",9,2,0.0407513585178234,6.46385866266765,4.85329028763895,18,100,0.217976478975032,-0.591845344274662,49,0,2.83626,50,0.4,0.6,40,"both",0.217976478975032,-0.591845344274662
"4850",9,2,0.0407513585178234,6.46385866266765,4.85329028763895,18,100,0.217976478975032,-0.591845344274662,49,0,10.53859,50,0.4,0.6,40,"both",0.217976478975032,-0.591845344274662
"4851",9,2,0.0407513585178234,6.46385866266765,4.85329028763895,18,100,0.217976478975032,-0.591845344274662,49,1,2.2959,50,0.4,0.6,40,"both",0.217976478975032,-0.591845344274662
"4852",9,2,0.0407513585178234,6.46385866266765,4.85329028763895,18,100,0.217976478975032,-0.591845344274662,49,0,20.25984,50,0.4,0.6,40,"both",0.217976478975032,-0.591845344274662
"4853",9,2,0.0407513585178234,6.46385866266765,4.85329028763895,18,100,0.217976478975032,-0.591845344274662,49,0,-2.30057,50,0.4,0.6,40,"both",0.217976478975032,-0.591845344274662
"4854",9,2,0.0407513585178234,6.46385866266765,4.85329028763895,18,100,0.217976478975032,-0.591845344274662,49,1,1.23767,50,0.4,0.6,40,"both",0.217976478975032,-0.591845344274662
"4855",9,2,0.0407513585178234,6.46385866266765,4.85329028763895,18,100,0.217976478975032,-0.591845344274662,49,1,7.73669,50,0.4,0.6,40,"both",0.217976478975032,-0.591845344274662
"4856",9,2,0.0407513585178234,6.46385866266765,4.85329028763895,18,100,0.217976478975032,-0.591845344274662,49,1,11.32665,50,0.4,0.6,40,"both",0.217976478975032,-0.591845344274662
"4857",9,2,0.0407513585178234,6.46385866266765,4.85329028763895,18,100,0.217976478975032,-0.591845344274662,49,0,-2.95436,50,0.4,0.6,40,"both",0.217976478975032,-0.591845344274662
"4858",9,2,0.0407513585178234,6.46385866266765,4.85329028763895,18,100,0.217976478975032,-0.591845344274662,49,0,2.3159,50,0.4,0.6,40,"both",0.217976478975032,-0.591845344274662
"4859",9,2,0.0407513585178234,6.46385866266765,4.85329028763895,18,100,0.217976478975032,-0.591845344274662,49,0,-2.40053,50,0.4,0.6,40,"both",0.217976478975032,-0.591845344274662
"4860",9,2,0.0407513585178234,6.46385866266765,4.85329028763895,18,100,0.217976478975032,-0.591845344274662,49,0,-2.91177,50,0.4,0.6,40,"both",0.217976478975032,-0.591845344274662
"4861",9,2,0.0407513585178234,6.46385866266765,4.85329028763895,18,100,0.217976478975032,-0.591845344274662,49,1,11.38259,50,0.4,0.6,40,"both",0.217976478975032,-0.591845344274662
"4862",9,2,0.0407513585178234,6.46385866266765,4.85329028763895,18,100,0.217976478975032,-0.591845344274662,49,0,-0.74917,50,0.4,0.6,40,"both",0.217976478975032,-0.591845344274662
"4863",9,2,0.0407513585178234,6.46385866266765,4.85329028763895,18,100,0.217976478975032,-0.591845344274662,49,1,9.16878,50,0.4,0.6,40,"both",0.217976478975032,-0.591845344274662
"4864",9,2,0.0407513585178234,6.46385866266765,4.85329028763895,18,100,0.217976478975032,-0.591845344274662,49,1,1.08772,50,0.4,0.6,40,"both",0.217976478975032,-0.591845344274662
"4865",9,2,0.0407513585178234,6.46385866266765,4.85329028763895,18,100,0.217976478975032,-0.591845344274662,49,1,10.26574,50,0.4,0.6,40,"both",0.217976478975032,-0.591845344274662
"4866",9,2,0.0407513585178234,6.46385866266765,4.85329028763895,18,100,0.217976478975032,-0.591845344274662,49,1,13.63326,50,0.4,0.6,40,"both",0.217976478975032,-0.591845344274662
"4867",9,2,0.0407513585178234,6.46385866266765,4.85329028763895,18,100,0.217976478975032,-0.591845344274662,49,1,15.33696,50,0.4,0.6,40,"both",0.217976478975032,-0.591845344274662
"4868",9,2,0.0407513585178234,6.46385866266765,4.85329028763895,18,100,0.217976478975032,-0.591845344274662,49,1,10.21586,50,0.4,0.6,40,"both",0.217976478975032,-0.591845344274662
"4869",9,2,0.0407513585178234,6.46385866266765,4.85329028763895,18,100,0.217976478975032,-0.591845344274662,49,0,0.60856,50,0.4,0.6,40,"both",0.217976478975032,-0.591845344274662
"4870",9,2,0.0407513585178234,6.46385866266765,4.85329028763895,18,100,0.217976478975032,-0.591845344274662,49,0,-8.45517,50,0.4,0.6,40,"both",0.217976478975032,-0.591845344274662
"4871",9,2,0.0407513585178234,6.46385866266765,4.85329028763895,18,100,0.217976478975032,-0.591845344274662,49,1,9.68786,50,0.4,0.6,40,"both",0.217976478975032,-0.591845344274662
"4872",9,2,0.0407513585178234,6.46385866266765,4.85329028763895,18,100,0.217976478975032,-0.591845344274662,49,0,3.46017,50,0.4,0.6,40,"both",0.217976478975032,-0.591845344274662
"4873",9,2,0.0407513585178234,6.46385866266765,4.85329028763895,18,100,0.217976478975032,-0.591845344274662,49,0,-0.0608800000000005,50,0.4,0.6,40,"both",0.217976478975032,-0.591845344274662
"4874",9,2,0.0407513585178234,6.46385866266765,4.85329028763895,18,100,0.217976478975032,-0.591845344274662,49,1,8.67529,50,0.4,0.6,40,"both",0.217976478975032,-0.591845344274662
"4875",9,2,0.0407513585178234,6.46385866266765,4.85329028763895,18,100,0.217976478975032,-0.591845344274662,49,0,8.63751,50,0.4,0.6,40,"both",0.217976478975032,-0.591845344274662
"4876",9,2,0.0407513585178234,6.46385866266765,4.85329028763895,18,100,0.217976478975032,-0.591845344274662,49,0,3.2253,50,0.4,0.6,40,"both",0.217976478975032,-0.591845344274662
"4877",9,2,0.0407513585178234,6.46385866266765,4.85329028763895,18,100,0.217976478975032,-0.591845344274662,49,1,9.70868,50,0.4,0.6,40,"both",0.217976478975032,-0.591845344274662
"4878",9,2,0.0407513585178234,6.46385866266765,4.85329028763895,18,100,0.217976478975032,-0.591845344274662,49,1,12.23683,50,0.4,0.6,40,"both",0.217976478975032,-0.591845344274662
"4879",9,2,0.0407513585178234,6.46385866266765,4.85329028763895,18,100,0.217976478975032,-0.591845344274662,49,1,11.20139,50,0.4,0.6,40,"both",0.217976478975032,-0.591845344274662
"4880",9,2,0.0407513585178234,6.46385866266765,4.85329028763895,18,100,0.217976478975032,-0.591845344274662,49,1,10.16696,50,0.4,0.6,40,"both",0.217976478975032,-0.591845344274662
"4881",9,2,0.0407513585178234,6.46385866266765,4.85329028763895,18,100,0.217976478975032,-0.591845344274662,49,1,2.14121,50,0.4,0.6,40,"both",0.217976478975032,-0.591845344274662
"4882",9,2,0.0407513585178234,6.46385866266765,4.85329028763895,18,100,0.217976478975032,-0.591845344274662,49,0,-0.58338,50,0.4,0.6,40,"both",0.217976478975032,-0.591845344274662
"4883",9,2,0.0407513585178234,6.46385866266765,4.85329028763895,18,100,0.217976478975032,-0.591845344274662,49,1,7.44123,50,0.4,0.6,40,"both",0.217976478975032,-0.591845344274662
"4884",9,2,0.0407513585178234,6.46385866266765,4.85329028763895,18,100,0.217976478975032,-0.591845344274662,49,0,-3.20605,50,0.4,0.6,40,"both",0.217976478975032,-0.591845344274662
"4885",9,2,0.0407513585178234,6.46385866266765,4.85329028763895,18,100,0.217976478975032,-0.591845344274662,49,0,3.16916,50,0.4,0.6,40,"both",0.217976478975032,-0.591845344274662
"4886",9,2,0.0407513585178234,6.46385866266765,4.85329028763895,18,100,0.217976478975032,-0.591845344274662,49,1,6.42681,50,0.4,0.6,40,"both",0.217976478975032,-0.591845344274662
"4887",9,2,0.0407513585178234,6.46385866266765,4.85329028763895,18,100,0.217976478975032,-0.591845344274662,49,0,-0.96387,50,0.4,0.6,40,"both",0.217976478975032,-0.591845344274662
"4888",9,2,0.0407513585178234,6.46385866266765,4.85329028763895,18,100,0.217976478975032,-0.591845344274662,49,1,14.13898,50,0.4,0.6,40,"both",0.217976478975032,-0.591845344274662
"4889",9,2,0.0407513585178234,6.46385866266765,4.85329028763895,18,100,0.217976478975032,-0.591845344274662,49,1,9.11386,50,0.4,0.6,40,"both",0.217976478975032,-0.591845344274662
"4890",9,2,0.0407513585178234,6.46385866266765,4.85329028763895,18,100,0.217976478975032,-0.591845344274662,49,1,6.86185,50,0.4,0.6,40,"both",0.217976478975032,-0.591845344274662
"4891",9,2,0.0407513585178234,6.46385866266765,4.85329028763895,18,100,0.217976478975032,-0.591845344274662,49,0,9.85229,50,0.4,0.6,40,"both",0.217976478975032,-0.591845344274662
"4892",9,2,0.0407513585178234,6.46385866266765,4.85329028763895,18,100,0.217976478975032,-0.591845344274662,49,0,0.91949,50,0.4,0.6,40,"both",0.217976478975032,-0.591845344274662
"4893",9,2,0.0407513585178234,6.46385866266765,4.85329028763895,18,100,0.217976478975032,-0.591845344274662,49,1,9.90608,50,0.4,0.6,40,"both",0.217976478975032,-0.591845344274662
"4894",9,2,0.0407513585178234,6.46385866266765,4.85329028763895,18,100,0.217976478975032,-0.591845344274662,49,0,3.31536,50,0.4,0.6,40,"both",0.217976478975032,-0.591845344274662
"4895",9,2,0.0407513585178234,6.46385866266765,4.85329028763895,18,100,0.217976478975032,-0.591845344274662,49,0,-1.58037,50,0.4,0.6,40,"both",0.217976478975032,-0.591845344274662
"4896",9,2,0.0407513585178234,6.46385866266765,4.85329028763895,18,100,0.217976478975032,-0.591845344274662,49,0,0.79488,50,0.4,0.6,40,"both",0.217976478975032,-0.591845344274662
"4897",9,2,0.0407513585178234,6.46385866266765,4.85329028763895,18,100,0.217976478975032,-0.591845344274662,49,1,7.10897,50,0.4,0.6,40,"both",0.217976478975032,-0.591845344274662
"4898",9,2,0.0407513585178234,6.46385866266765,4.85329028763895,18,100,0.217976478975032,-0.591845344274662,49,1,-0.3614,50,0.4,0.6,40,"both",0.217976478975032,-0.591845344274662
"4899",9,2,0.0407513585178234,6.46385866266765,4.85329028763895,18,100,0.217976478975032,-0.591845344274662,49,0,2.39045,50,0.4,0.6,40,"both",0.217976478975032,-0.591845344274662
"4900",9,2,0.0407513585178234,6.46385866266765,4.85329028763895,18,100,0.217976478975032,-0.591845344274662,49,1,1.36111,50,0.4,0.6,40,"both",0.217976478975032,-0.591845344274662
"4901",10,2,0.0722810741823483,3.48089294918022,6.39808159526472,20,100,0.217976478975032,-0.591845344274662,50,1,9.1535484858,50,0.4,0.6,40,"both",0.217976478975032,-0.591845344274662
"4902",10,2,0.0722810741823483,3.48089294918022,6.39808159526472,20,100,0.217976478975032,-0.591845344274662,50,0,-10.9231090491,50,0.4,0.6,40,"both",0.217976478975032,-0.591845344274662
"4903",10,2,0.0722810741823483,3.48089294918022,6.39808159526472,20,100,0.217976478975032,-0.591845344274662,50,0,-2.63973257096,50,0.4,0.6,40,"both",0.217976478975032,-0.591845344274662
"4904",10,2,0.0722810741823483,3.48089294918022,6.39808159526472,20,100,0.217976478975032,-0.591845344274662,50,1,4.05580630532,50,0.4,0.6,40,"both",0.217976478975032,-0.591845344274662
"4905",10,2,0.0722810741823483,3.48089294918022,6.39808159526472,20,100,0.217976478975032,-0.591845344274662,50,1,-0.22509,50,0.4,0.6,40,"both",0.217976478975032,-0.591845344274662
"4906",10,2,0.0722810741823483,3.48089294918022,6.39808159526472,20,100,0.217976478975032,-0.591845344274662,50,0,-7.11178,50,0.4,0.6,40,"both",0.217976478975032,-0.591845344274662
"4907",10,2,0.0722810741823483,3.48089294918022,6.39808159526472,20,100,0.217976478975032,-0.591845344274662,50,1,12.570719,50,0.4,0.6,40,"both",0.217976478975032,-0.591845344274662
"4908",10,2,0.0722810741823483,3.48089294918022,6.39808159526472,20,100,0.217976478975032,-0.591845344274662,50,0,2.770157,50,0.4,0.6,40,"both",0.217976478975032,-0.591845344274662
"4909",10,2,0.0722810741823483,3.48089294918022,6.39808159526472,20,100,0.217976478975032,-0.591845344274662,50,0,-1.622394,50,0.4,0.6,40,"both",0.217976478975032,-0.591845344274662
"4910",10,2,0.0722810741823483,3.48089294918022,6.39808159526472,20,100,0.217976478975032,-0.591845344274662,50,1,-18.97152,50,0.4,0.6,40,"both",0.217976478975032,-0.591845344274662
"4911",10,2,0.0722810741823483,3.48089294918022,6.39808159526472,20,100,0.217976478975032,-0.591845344274662,50,1,6.0977,50,0.4,0.6,40,"both",0.217976478975032,-0.591845344274662
"4912",10,2,0.0722810741823483,3.48089294918022,6.39808159526472,20,100,0.217976478975032,-0.591845344274662,50,0,18.79885,50,0.4,0.6,40,"both",0.217976478975032,-0.591845344274662
"4913",10,2,0.0722810741823483,3.48089294918022,6.39808159526472,20,100,0.217976478975032,-0.591845344274662,50,1,14.0374,50,0.4,0.6,40,"both",0.217976478975032,-0.591845344274662
"4914",10,2,0.0722810741823483,3.48089294918022,6.39808159526472,20,100,0.217976478975032,-0.591845344274662,50,0,-24.2985,50,0.4,0.6,40,"both",0.217976478975032,-0.591845344274662
"4915",10,2,0.0722810741823483,3.48089294918022,6.39808159526472,20,100,0.217976478975032,-0.591845344274662,50,1,-0.1352,50,0.4,0.6,40,"both",0.217976478975032,-0.591845344274662
"4916",10,2,0.0722810741823483,3.48089294918022,6.39808159526472,20,100,0.217976478975032,-0.591845344274662,50,0,-4.96083,50,0.4,0.6,40,"both",0.217976478975032,-0.591845344274662
"4917",10,2,0.0722810741823483,3.48089294918022,6.39808159526472,20,100,0.217976478975032,-0.591845344274662,50,1,3.33854,50,0.4,0.6,40,"both",0.217976478975032,-0.591845344274662
"4918",10,2,0.0722810741823483,3.48089294918022,6.39808159526472,20,100,0.217976478975032,-0.591845344274662,50,1,29.02961,50,0.4,0.6,40,"both",0.217976478975032,-0.591845344274662
"4919",10,2,0.0722810741823483,3.48089294918022,6.39808159526472,20,100,0.217976478975032,-0.591845344274662,50,1,2.749183,50,0.4,0.6,40,"both",0.217976478975032,-0.591845344274662
"4920",10,2,0.0722810741823483,3.48089294918022,6.39808159526472,20,100,0.217976478975032,-0.591845344274662,50,0,-6.2069897,50,0.4,0.6,40,"both",0.217976478975032,-0.591845344274662
"4921",10,2,0.0722810741823483,3.48089294918022,6.39808159526472,20,100,0.217976478975032,-0.591845344274662,50,0,2.28508,50,0.4,0.6,40,"both",0.217976478975032,-0.591845344274662
"4922",10,2,0.0722810741823483,3.48089294918022,6.39808159526472,20,100,0.217976478975032,-0.591845344274662,50,1,-0.58053,50,0.4,0.6,40,"both",0.217976478975032,-0.591845344274662
"4923",10,2,0.0722810741823483,3.48089294918022,6.39808159526472,20,100,0.217976478975032,-0.591845344274662,50,0,-5.82459,50,0.4,0.6,40,"both",0.217976478975032,-0.591845344274662
"4924",10,2,0.0722810741823483,3.48089294918022,6.39808159526472,20,100,0.217976478975032,-0.591845344274662,50,0,-11.917138,50,0.4,0.6,40,"both",0.217976478975032,-0.591845344274662
"4925",10,2,0.0722810741823483,3.48089294918022,6.39808159526472,20,100,0.217976478975032,-0.591845344274662,50,0,-5.63553,50,0.4,0.6,40,"both",0.217976478975032,-0.591845344274662
"4926",10,2,0.0722810741823483,3.48089294918022,6.39808159526472,20,100,0.217976478975032,-0.591845344274662,50,0,-36.17733,50,0.4,0.6,40,"both",0.217976478975032,-0.591845344274662
"4927",10,2,0.0722810741823483,3.48089294918022,6.39808159526472,20,100,0.217976478975032,-0.591845344274662,50,1,10.97577,50,0.4,0.6,40,"both",0.217976478975032,-0.591845344274662
"4928",10,2,0.0722810741823483,3.48089294918022,6.39808159526472,20,100,0.217976478975032,-0.591845344274662,50,1,3.592443,50,0.4,0.6,40,"both",0.217976478975032,-0.591845344274662
"4929",10,2,0.0722810741823483,3.48089294918022,6.39808159526472,20,100,0.217976478975032,-0.591845344274662,50,1,6.6496864,50,0.4,0.6,40,"both",0.217976478975032,-0.591845344274662
"4930",10,2,0.0722810741823483,3.48089294918022,6.39808159526472,20,100,0.217976478975032,-0.591845344274662,50,0,-3.230518,50,0.4,0.6,40,"both",0.217976478975032,-0.591845344274662
"4931",10,2,0.0722810741823483,3.48089294918022,6.39808159526472,20,100,0.217976478975032,-0.591845344274662,50,1,2.056689,50,0.4,0.6,40,"both",0.217976478975032,-0.591845344274662
"4932",10,2,0.0722810741823483,3.48089294918022,6.39808159526472,20,100,0.217976478975032,-0.591845344274662,50,1,2.8717883,50,0.4,0.6,40,"both",0.217976478975032,-0.591845344274662
"4933",10,2,0.0722810741823483,3.48089294918022,6.39808159526472,20,100,0.217976478975032,-0.591845344274662,50,0,0.954954,50,0.4,0.6,40,"both",0.217976478975032,-0.591845344274662
"4934",10,2,0.0722810741823483,3.48089294918022,6.39808159526472,20,100,0.217976478975032,-0.591845344274662,50,1,2.9234,50,0.4,0.6,40,"both",0.217976478975032,-0.591845344274662
"4935",10,2,0.0722810741823483,3.48089294918022,6.39808159526472,20,100,0.217976478975032,-0.591845344274662,50,0,-1.451026,50,0.4,0.6,40,"both",0.217976478975032,-0.591845344274662
"4936",10,2,0.0722810741823483,3.48089294918022,6.39808159526472,20,100,0.217976478975032,-0.591845344274662,50,1,3.83913,50,0.4,0.6,40,"both",0.217976478975032,-0.591845344274662
"4937",10,2,0.0722810741823483,3.48089294918022,6.39808159526472,20,100,0.217976478975032,-0.591845344274662,50,1,-6.37571,50,0.4,0.6,40,"both",0.217976478975032,-0.591845344274662
"4938",10,2,0.0722810741823483,3.48089294918022,6.39808159526472,20,100,0.217976478975032,-0.591845344274662,50,0,-4.139155,50,0.4,0.6,40,"both",0.217976478975032,-0.591845344274662
"4939",10,2,0.0722810741823483,3.48089294918022,6.39808159526472,20,100,0.217976478975032,-0.591845344274662,50,1,2.22192,50,0.4,0.6,40,"both",0.217976478975032,-0.591845344274662
"4940",10,2,0.0722810741823483,3.48089294918022,6.39808159526472,20,100,0.217976478975032,-0.591845344274662,50,0,2.880034,50,0.4,0.6,40,"both",0.217976478975032,-0.591845344274662
"4941",10,2,0.0722810741823483,3.48089294918022,6.39808159526472,20,100,0.217976478975032,-0.591845344274662,50,1,4.07816,50,0.4,0.6,40,"both",0.217976478975032,-0.591845344274662
"4942",10,2,0.0722810741823483,3.48089294918022,6.39808159526472,20,100,0.217976478975032,-0.591845344274662,50,0,-3.77439,50,0.4,0.6,40,"both",0.217976478975032,-0.591845344274662
"4943",10,2,0.0722810741823483,3.48089294918022,6.39808159526472,20,100,0.217976478975032,-0.591845344274662,50,0,1.752716,50,0.4,0.6,40,"both",0.217976478975032,-0.591845344274662
"4944",10,2,0.0722810741823483,3.48089294918022,6.39808159526472,20,100,0.217976478975032,-0.591845344274662,50,1,-4.02451,50,0.4,0.6,40,"both",0.217976478975032,-0.591845344274662
"4945",10,2,0.0722810741823483,3.48089294918022,6.39808159526472,20,100,0.217976478975032,-0.591845344274662,50,0,-10.146501,50,0.4,0.6,40,"both",0.217976478975032,-0.591845344274662
"4946",10,2,0.0722810741823483,3.48089294918022,6.39808159526472,20,100,0.217976478975032,-0.591845344274662,50,1,3.98819,50,0.4,0.6,40,"both",0.217976478975032,-0.591845344274662
"4947",10,2,0.0722810741823483,3.48089294918022,6.39808159526472,20,100,0.217976478975032,-0.591845344274662,50,0,-1.75608,50,0.4,0.6,40,"both",0.217976478975032,-0.591845344274662
"4948",10,2,0.0722810741823483,3.48089294918022,6.39808159526472,20,100,0.217976478975032,-0.591845344274662,50,1,1.5352491,50,0.4,0.6,40,"both",0.217976478975032,-0.591845344274662
"4949",10,2,0.0722810741823483,3.48089294918022,6.39808159526472,20,100,0.217976478975032,-0.591845344274662,50,0,-7.81025,50,0.4,0.6,40,"both",0.217976478975032,-0.591845344274662
"4950",10,2,0.0722810741823483,3.48089294918022,6.39808159526472,20,100,0.217976478975032,-0.591845344274662,50,0,2.440936,50,0.4,0.6,40,"both",0.217976478975032,-0.591845344274662
"4951",10,2,0.0722810741823483,3.48089294918022,6.39808159526472,20,100,0.217976478975032,-0.591845344274662,50,1,7.76124,50,0.4,0.6,40,"both",0.217976478975032,-0.591845344274662
"4952",10,2,0.0722810741823483,3.48089294918022,6.39808159526472,20,100,0.217976478975032,-0.591845344274662,50,1,4.464555,50,0.4,0.6,40,"both",0.217976478975032,-0.591845344274662
"4953",10,2,0.0722810741823483,3.48089294918022,6.39808159526472,20,100,0.217976478975032,-0.591845344274662,50,1,7.241292,50,0.4,0.6,40,"both",0.217976478975032,-0.591845344274662
"4954",10,2,0.0722810741823483,3.48089294918022,6.39808159526472,20,100,0.217976478975032,-0.591845344274662,50,1,-2.450065,50,0.4,0.6,40,"both",0.217976478975032,-0.591845344274662
"4955",10,2,0.0722810741823483,3.48089294918022,6.39808159526472,20,100,0.217976478975032,-0.591845344274662,50,0,-1.921762,50,0.4,0.6,40,"both",0.217976478975032,-0.591845344274662
"4956",10,2,0.0722810741823483,3.48089294918022,6.39808159526472,20,100,0.217976478975032,-0.591845344274662,50,0,2.900004,50,0.4,0.6,40,"both",0.217976478975032,-0.591845344274662
"4957",10,2,0.0722810741823483,3.48089294918022,6.39808159526472,20,100,0.217976478975032,-0.591845344274662,50,0,7.6927,50,0.4,0.6,40,"both",0.217976478975032,-0.591845344274662
"4958",10,2,0.0722810741823483,3.48089294918022,6.39808159526472,20,100,0.217976478975032,-0.591845344274662,50,1,2.0772733,50,0.4,0.6,40,"both",0.217976478975032,-0.591845344274662
"4959",10,2,0.0722810741823483,3.48089294918022,6.39808159526472,20,100,0.217976478975032,-0.591845344274662,50,0,-3.143475,50,0.4,0.6,40,"both",0.217976478975032,-0.591845344274662
"4960",10,2,0.0722810741823483,3.48089294918022,6.39808159526472,20,100,0.217976478975032,-0.591845344274662,50,0,6.56512,50,0.4,0.6,40,"both",0.217976478975032,-0.591845344274662
"4961",10,2,0.0722810741823483,3.48089294918022,6.39808159526472,20,100,0.217976478975032,-0.591845344274662,50,1,4.26442,50,0.4,0.6,40,"both",0.217976478975032,-0.591845344274662
"4962",10,2,0.0722810741823483,3.48089294918022,6.39808159526472,20,100,0.217976478975032,-0.591845344274662,50,0,-0.893481,50,0.4,0.6,40,"both",0.217976478975032,-0.591845344274662
"4963",10,2,0.0722810741823483,3.48089294918022,6.39808159526472,20,100,0.217976478975032,-0.591845344274662,50,1,4.1694,50,0.4,0.6,40,"both",0.217976478975032,-0.591845344274662
"4964",10,2,0.0722810741823483,3.48089294918022,6.39808159526472,20,100,0.217976478975032,-0.591845344274662,50,0,2.680349,50,0.4,0.6,40,"both",0.217976478975032,-0.591845344274662
"4965",10,2,0.0722810741823483,3.48089294918022,6.39808159526472,20,100,0.217976478975032,-0.591845344274662,50,1,7.93795,50,0.4,0.6,40,"both",0.217976478975032,-0.591845344274662
"4966",10,2,0.0722810741823483,3.48089294918022,6.39808159526472,20,100,0.217976478975032,-0.591845344274662,50,0,6.56608,50,0.4,0.6,40,"both",0.217976478975032,-0.591845344274662
"4967",10,2,0.0722810741823483,3.48089294918022,6.39808159526472,20,100,0.217976478975032,-0.591845344274662,50,1,5.90367,50,0.4,0.6,40,"both",0.217976478975032,-0.591845344274662
"4968",10,2,0.0722810741823483,3.48089294918022,6.39808159526472,20,100,0.217976478975032,-0.591845344274662,50,0,7.3075,50,0.4,0.6,40,"both",0.217976478975032,-0.591845344274662
"4969",10,2,0.0722810741823483,3.48089294918022,6.39808159526472,20,100,0.217976478975032,-0.591845344274662,50,0,-0.67076,50,0.4,0.6,40,"both",0.217976478975032,-0.591845344274662
"4970",10,2,0.0722810741823483,3.48089294918022,6.39808159526472,20,100,0.217976478975032,-0.591845344274662,50,0,-0.63082,50,0.4,0.6,40,"both",0.217976478975032,-0.591845344274662
"4971",10,2,0.0722810741823483,3.48089294918022,6.39808159526472,20,100,0.217976478975032,-0.591845344274662,50,1,16.652296,50,0.4,0.6,40,"both",0.217976478975032,-0.591845344274662
"4972",10,2,0.0722810741823483,3.48089294918022,6.39808159526472,20,100,0.217976478975032,-0.591845344274662,50,0,-1.03245,50,0.4,0.6,40,"both",0.217976478975032,-0.591845344274662
"4973",10,2,0.0722810741823483,3.48089294918022,6.39808159526472,20,100,0.217976478975032,-0.591845344274662,50,1,7.066389,50,0.4,0.6,40,"both",0.217976478975032,-0.591845344274662
"4974",10,2,0.0722810741823483,3.48089294918022,6.39808159526472,20,100,0.217976478975032,-0.591845344274662,50,0,0.7251,50,0.4,0.6,40,"both",0.217976478975032,-0.591845344274662
"4975",10,2,0.0722810741823483,3.48089294918022,6.39808159526472,20,100,0.217976478975032,-0.591845344274662,50,1,3.70791,50,0.4,0.6,40,"both",0.217976478975032,-0.591845344274662
"4976",10,2,0.0722810741823483,3.48089294918022,6.39808159526472,20,100,0.217976478975032,-0.591845344274662,50,0,1.8756483,50,0.4,0.6,40,"both",0.217976478975032,-0.591845344274662
"4977",10,2,0.0722810741823483,3.48089294918022,6.39808159526472,20,100,0.217976478975032,-0.591845344274662,50,1,-3.54638,50,0.4,0.6,40,"both",0.217976478975032,-0.591845344274662
"4978",10,2,0.0722810741823483,3.48089294918022,6.39808159526472,20,100,0.217976478975032,-0.591845344274662,50,1,-1.562219,50,0.4,0.6,40,"both",0.217976478975032,-0.591845344274662
"4979",10,2,0.0722810741823483,3.48089294918022,6.39808159526472,20,100,0.217976478975032,-0.591845344274662,50,0,6.38945,50,0.4,0.6,40,"both",0.217976478975032,-0.591845344274662
"4980",10,2,0.0722810741823483,3.48089294918022,6.39808159526472,20,100,0.217976478975032,-0.591845344274662,50,0,-3.65524,50,0.4,0.6,40,"both",0.217976478975032,-0.591845344274662
"4981",10,2,0.0722810741823483,3.48089294918022,6.39808159526472,20,100,0.217976478975032,-0.591845344274662,50,0,-2.089682,50,0.4,0.6,40,"both",0.217976478975032,-0.591845344274662
"4982",10,2,0.0722810741823483,3.48089294918022,6.39808159526472,20,100,0.217976478975032,-0.591845344274662,50,1,-3.01463,50,0.4,0.6,40,"both",0.217976478975032,-0.591845344274662
"4983",10,2,0.0722810741823483,3.48089294918022,6.39808159526472,20,100,0.217976478975032,-0.591845344274662,50,1,14.39449,50,0.4,0.6,40,"both",0.217976478975032,-0.591845344274662
"4984",10,2,0.0722810741823483,3.48089294918022,6.39808159526472,20,100,0.217976478975032,-0.591845344274662,50,0,2.627632,50,0.4,0.6,40,"both",0.217976478975032,-0.591845344274662
"4985",10,2,0.0722810741823483,3.48089294918022,6.39808159526472,20,100,0.217976478975032,-0.591845344274662,50,0,3.741558,50,0.4,0.6,40,"both",0.217976478975032,-0.591845344274662
"4986",10,2,0.0722810741823483,3.48089294918022,6.39808159526472,20,100,0.217976478975032,-0.591845344274662,50,0,-8.2881254,50,0.4,0.6,40,"both",0.217976478975032,-0.591845344274662
"4987",10,2,0.0722810741823483,3.48089294918022,6.39808159526472,20,100,0.217976478975032,-0.591845344274662,50,0,-2.266188,50,0.4,0.6,40,"both",0.217976478975032,-0.591845344274662
"4988",10,2,0.0722810741823483,3.48089294918022,6.39808159526472,20,100,0.217976478975032,-0.591845344274662,50,0,-18.525462,50,0.4,0.6,40,"both",0.217976478975032,-0.591845344274662
"4989",10,2,0.0722810741823483,3.48089294918022,6.39808159526472,20,100,0.217976478975032,-0.591845344274662,50,1,10.726254,50,0.4,0.6,40,"both",0.217976478975032,-0.591845344274662
"4990",10,2,0.0722810741823483,3.48089294918022,6.39808159526472,20,100,0.217976478975032,-0.591845344274662,50,1,16.723183,50,0.4,0.6,40,"both",0.217976478975032,-0.591845344274662
"4991",10,2,0.0722810741823483,3.48089294918022,6.39808159526472,20,100,0.217976478975032,-0.591845344274662,50,0,-5.694643,50,0.4,0.6,40,"both",0.217976478975032,-0.591845344274662
"4992",10,2,0.0722810741823483,3.48089294918022,6.39808159526472,20,100,0.217976478975032,-0.591845344274662,50,0,-4.10053,50,0.4,0.6,40,"both",0.217976478975032,-0.591845344274662
"4993",10,2,0.0722810741823483,3.48089294918022,6.39808159526472,20,100,0.217976478975032,-0.591845344274662,50,1,12.70752,50,0.4,0.6,40,"both",0.217976478975032,-0.591845344274662
"4994",10,2,0.0722810741823483,3.48089294918022,6.39808159526472,20,100,0.217976478975032,-0.591845344274662,50,1,8.27146,50,0.4,0.6,40,"both",0.217976478975032,-0.591845344274662
"4995",10,2,0.0722810741823483,3.48089294918022,6.39808159526472,20,100,0.217976478975032,-0.591845344274662,50,1,14.99585,50,0.4,0.6,40,"both",0.217976478975032,-0.591845344274662
"4996",10,2,0.0722810741823483,3.48089294918022,6.39808159526472,20,100,0.217976478975032,-0.591845344274662,50,0,-5.20811,50,0.4,0.6,40,"both",0.217976478975032,-0.591845344274662
"4997",10,2,0.0722810741823483,3.48089294918022,6.39808159526472,20,100,0.217976478975032,-0.591845344274662,50,0,4.39679,50,0.4,0.6,40,"both",0.217976478975032,-0.591845344274662
"4998",10,2,0.0722810741823483,3.48089294918022,6.39808159526472,20,100,0.217976478975032,-0.591845344274662,50,1,6.284782,50,0.4,0.6,40,"both",0.217976478975032,-0.591845344274662
"4999",10,2,0.0722810741823483,3.48089294918022,6.39808159526472,20,100,0.217976478975032,-0.591845344274662,50,0,-3.36899,50,0.4,0.6,40,"both",0.217976478975032,-0.591845344274662
"5000",10,2,0.0722810741823483,3.48089294918022,6.39808159526472,20,100,0.217976478975032,-0.591845344274662,50,0,-2.1992,50,0.4,0.6,40,"both",0.217976478975032,-0.591845344274662
"5001",11,2,0.0469958608120442,-9.07267490913564,13.043446614919,22,100,0.217976478975032,-0.591845344274662,51,1,-9.17728067169,50,0.4,0.6,40,"both",0.217976478975032,-0.591845344274662
"5002",11,2,0.0469958608120442,-9.07267490913564,13.043446614919,22,100,0.217976478975032,-0.591845344274662,51,1,-13.2985505479,50,0.4,0.6,40,"both",0.217976478975032,-0.591845344274662
"5003",11,2,0.0469958608120442,-9.07267490913564,13.043446614919,22,100,0.217976478975032,-0.591845344274662,51,1,-21.57616780533,50,0.4,0.6,40,"both",0.217976478975032,-0.591845344274662
"5004",11,2,0.0469958608120442,-9.07267490913564,13.043446614919,22,100,0.217976478975032,-0.591845344274662,51,1,-25.07810967,50,0.4,0.6,40,"both",0.217976478975032,-0.591845344274662
"5005",11,2,0.0469958608120442,-9.07267490913564,13.043446614919,22,100,0.217976478975032,-0.591845344274662,51,0,-26.10514,50,0.4,0.6,40,"both",0.217976478975032,-0.591845344274662
"5006",11,2,0.0469958608120442,-9.07267490913564,13.043446614919,22,100,0.217976478975032,-0.591845344274662,51,0,-19.82865,50,0.4,0.6,40,"both",0.217976478975032,-0.591845344274662
"5007",11,2,0.0469958608120442,-9.07267490913564,13.043446614919,22,100,0.217976478975032,-0.591845344274662,51,1,-12.25050069,50,0.4,0.6,40,"both",0.217976478975032,-0.591845344274662
"5008",11,2,0.0469958608120442,-9.07267490913564,13.043446614919,22,100,0.217976478975032,-0.591845344274662,51,0,-10.63096,50,0.4,0.6,40,"both",0.217976478975032,-0.591845344274662
"5009",11,2,0.0469958608120442,-9.07267490913564,13.043446614919,22,100,0.217976478975032,-0.591845344274662,51,1,-11.9575854685,50,0.4,0.6,40,"both",0.217976478975032,-0.591845344274662
"5010",11,2,0.0469958608120442,-9.07267490913564,13.043446614919,22,100,0.217976478975032,-0.591845344274662,51,1,-0.899600000000001,50,0.4,0.6,40,"both",0.217976478975032,-0.591845344274662
"5011",11,2,0.0469958608120442,-9.07267490913564,13.043446614919,22,100,0.217976478975032,-0.591845344274662,51,1,0.477270000000001,50,0.4,0.6,40,"both",0.217976478975032,-0.591845344274662
"5012",11,2,0.0469958608120442,-9.07267490913564,13.043446614919,22,100,0.217976478975032,-0.591845344274662,51,0,-22.519976972,50,0.4,0.6,40,"both",0.217976478975032,-0.591845344274662
"5013",11,2,0.0469958608120442,-9.07267490913564,13.043446614919,22,100,0.217976478975032,-0.591845344274662,51,1,-1.4516,50,0.4,0.6,40,"both",0.217976478975032,-0.591845344274662
"5014",11,2,0.0469958608120442,-9.07267490913564,13.043446614919,22,100,0.217976478975032,-0.591845344274662,51,0,-29.5451,50,0.4,0.6,40,"both",0.217976478975032,-0.591845344274662
"5015",11,2,0.0469958608120442,-9.07267490913564,13.043446614919,22,100,0.217976478975032,-0.591845344274662,51,1,-10.30249,50,0.4,0.6,40,"both",0.217976478975032,-0.591845344274662
"5016",11,2,0.0469958608120442,-9.07267490913564,13.043446614919,22,100,0.217976478975032,-0.591845344274662,51,0,-17.45033,50,0.4,0.6,40,"both",0.217976478975032,-0.591845344274662
"5017",11,2,0.0469958608120442,-9.07267490913564,13.043446614919,22,100,0.217976478975032,-0.591845344274662,51,1,7.7021,50,0.4,0.6,40,"both",0.217976478975032,-0.591845344274662
"5018",11,2,0.0469958608120442,-9.07267490913564,13.043446614919,22,100,0.217976478975032,-0.591845344274662,51,1,-5.6536,50,0.4,0.6,40,"both",0.217976478975032,-0.591845344274662
"5019",11,2,0.0469958608120442,-9.07267490913564,13.043446614919,22,100,0.217976478975032,-0.591845344274662,51,0,-20.78645,50,0.4,0.6,40,"both",0.217976478975032,-0.591845344274662
"5020",11,2,0.0469958608120442,-9.07267490913564,13.043446614919,22,100,0.217976478975032,-0.591845344274662,51,0,-32.5179,50,0.4,0.6,40,"both",0.217976478975032,-0.591845344274662
"5021",11,2,0.0469958608120442,-9.07267490913564,13.043446614919,22,100,0.217976478975032,-0.591845344274662,51,1,-23.33922,50,0.4,0.6,40,"both",0.217976478975032,-0.591845344274662
"5022",11,2,0.0469958608120442,-9.07267490913564,13.043446614919,22,100,0.217976478975032,-0.591845344274662,51,1,-10.75536,50,0.4,0.6,40,"both",0.217976478975032,-0.591845344274662
"5023",11,2,0.0469958608120442,-9.07267490913564,13.043446614919,22,100,0.217976478975032,-0.591845344274662,51,0,-31.0535,50,0.4,0.6,40,"both",0.217976478975032,-0.591845344274662
"5024",11,2,0.0469958608120442,-9.07267490913564,13.043446614919,22,100,0.217976478975032,-0.591845344274662,51,0,-24.66964,50,0.4,0.6,40,"both",0.217976478975032,-0.591845344274662
"5025",11,2,0.0469958608120442,-9.07267490913564,13.043446614919,22,100,0.217976478975032,-0.591845344274662,51,0,-4.6532,50,0.4,0.6,40,"both",0.217976478975032,-0.591845344274662
"5026",11,2,0.0469958608120442,-9.07267490913564,13.043446614919,22,100,0.217976478975032,-0.591845344274662,51,0,-28.5413,50,0.4,0.6,40,"both",0.217976478975032,-0.591845344274662
"5027",11,2,0.0469958608120442,-9.07267490913564,13.043446614919,22,100,0.217976478975032,-0.591845344274662,51,0,-13.62178,50,0.4,0.6,40,"both",0.217976478975032,-0.591845344274662
"5028",11,2,0.0469958608120442,-9.07267490913564,13.043446614919,22,100,0.217976478975032,-0.591845344274662,51,0,-7.1252,50,0.4,0.6,40,"both",0.217976478975032,-0.591845344274662
"5029",11,2,0.0469958608120442,-9.07267490913564,13.043446614919,22,100,0.217976478975032,-0.591845344274662,51,1,-7.0743,50,0.4,0.6,40,"both",0.217976478975032,-0.591845344274662
"5030",11,2,0.0469958608120442,-9.07267490913564,13.043446614919,22,100,0.217976478975032,-0.591845344274662,51,1,-1.82557,50,0.4,0.6,40,"both",0.217976478975032,-0.591845344274662
"5031",11,2,0.0469958608120442,-9.07267490913564,13.043446614919,22,100,0.217976478975032,-0.591845344274662,51,0,-0.20668,50,0.4,0.6,40,"both",0.217976478975032,-0.591845344274662
"5032",11,2,0.0469958608120442,-9.07267490913564,13.043446614919,22,100,0.217976478975032,-0.591845344274662,51,0,-32.29348,50,0.4,0.6,40,"both",0.217976478975032,-0.591845344274662
"5033",11,2,0.0469958608120442,-9.07267490913564,13.043446614919,22,100,0.217976478975032,-0.591845344274662,51,1,-20.40881,50,0.4,0.6,40,"both",0.217976478975032,-0.591845344274662
"5034",11,2,0.0469958608120442,-9.07267490913564,13.043446614919,22,100,0.217976478975032,-0.591845344274662,51,0,-7.89296,50,0.4,0.6,40,"both",0.217976478975032,-0.591845344274662
"5035",11,2,0.0469958608120442,-9.07267490913564,13.043446614919,22,100,0.217976478975032,-0.591845344274662,51,1,4.154112,50,0.4,0.6,40,"both",0.217976478975032,-0.591845344274662
"5036",11,2,0.0469958608120442,-9.07267490913564,13.043446614919,22,100,0.217976478975032,-0.591845344274662,51,0,-20.60256,50,0.4,0.6,40,"both",0.217976478975032,-0.591845344274662
"5037",11,2,0.0469958608120442,-9.07267490913564,13.043446614919,22,100,0.217976478975032,-0.591845344274662,51,0,-25.3444,50,0.4,0.6,40,"both",0.217976478975032,-0.591845344274662
"5038",11,2,0.0469958608120442,-9.07267490913564,13.043446614919,22,100,0.217976478975032,-0.591845344274662,51,1,-1.6136,50,0.4,0.6,40,"both",0.217976478975032,-0.591845344274662
"5039",11,2,0.0469958608120442,-9.07267490913564,13.043446614919,22,100,0.217976478975032,-0.591845344274662,51,0,-20.926,50,0.4,0.6,40,"both",0.217976478975032,-0.591845344274662
"5040",11,2,0.0469958608120442,-9.07267490913564,13.043446614919,22,100,0.217976478975032,-0.591845344274662,51,0,-17.58914,50,0.4,0.6,40,"both",0.217976478975032,-0.591845344274662
"5041",11,2,0.0469958608120442,-9.07267490913564,13.043446614919,22,100,0.217976478975032,-0.591845344274662,51,0,-12.17886334,50,0.4,0.6,40,"both",0.217976478975032,-0.591845344274662
"5042",11,2,0.0469958608120442,-9.07267490913564,13.043446614919,22,100,0.217976478975032,-0.591845344274662,51,1,17.55799,50,0.4,0.6,40,"both",0.217976478975032,-0.591845344274662
"5043",11,2,0.0469958608120442,-9.07267490913564,13.043446614919,22,100,0.217976478975032,-0.591845344274662,51,1,-3.58279,50,0.4,0.6,40,"both",0.217976478975032,-0.591845344274662
"5044",11,2,0.0469958608120442,-9.07267490913564,13.043446614919,22,100,0.217976478975032,-0.591845344274662,51,1,-28.7442,50,0.4,0.6,40,"both",0.217976478975032,-0.591845344274662
"5045",11,2,0.0469958608120442,-9.07267490913564,13.043446614919,22,100,0.217976478975032,-0.591845344274662,51,0,-25.5333,50,0.4,0.6,40,"both",0.217976478975032,-0.591845344274662
"5046",11,2,0.0469958608120442,-9.07267490913564,13.043446614919,22,100,0.217976478975032,-0.591845344274662,51,0,-21.91977,50,0.4,0.6,40,"both",0.217976478975032,-0.591845344274662
"5047",11,2,0.0469958608120442,-9.07267490913564,13.043446614919,22,100,0.217976478975032,-0.591845344274662,51,0,-21.80358,50,0.4,0.6,40,"both",0.217976478975032,-0.591845344274662
"5048",11,2,0.0469958608120442,-9.07267490913564,13.043446614919,22,100,0.217976478975032,-0.591845344274662,51,0,-12.53413,50,0.4,0.6,40,"both",0.217976478975032,-0.591845344274662
"5049",11,2,0.0469958608120442,-9.07267490913564,13.043446614919,22,100,0.217976478975032,-0.591845344274662,51,0,-19.58228,50,0.4,0.6,40,"both",0.217976478975032,-0.591845344274662
"5050",11,2,0.0469958608120442,-9.07267490913564,13.043446614919,22,100,0.217976478975032,-0.591845344274662,51,0,-3.5561,50,0.4,0.6,40,"both",0.217976478975032,-0.591845344274662
"5051",11,2,0.0469958608120442,-9.07267490913564,13.043446614919,22,100,0.217976478975032,-0.591845344274662,51,0,-27.8788,50,0.4,0.6,40,"both",0.217976478975032,-0.591845344274662
"5052",11,2,0.0469958608120442,-9.07267490913564,13.043446614919,22,100,0.217976478975032,-0.591845344274662,51,1,-29.0064,50,0.4,0.6,40,"both",0.217976478975032,-0.591845344274662
"5053",11,2,0.0469958608120442,-9.07267490913564,13.043446614919,22,100,0.217976478975032,-0.591845344274662,51,1,13.83853,50,0.4,0.6,40,"both",0.217976478975032,-0.591845344274662
"5054",11,2,0.0469958608120442,-9.07267490913564,13.043446614919,22,100,0.217976478975032,-0.591845344274662,51,0,-24.98415,50,0.4,0.6,40,"both",0.217976478975032,-0.591845344274662
"5055",11,2,0.0469958608120442,-9.07267490913564,13.043446614919,22,100,0.217976478975032,-0.591845344274662,51,1,11.75247,50,0.4,0.6,40,"both",0.217976478975032,-0.591845344274662
"5056",11,2,0.0469958608120442,-9.07267490913564,13.043446614919,22,100,0.217976478975032,-0.591845344274662,51,0,5.37601,50,0.4,0.6,40,"both",0.217976478975032,-0.591845344274662
"5057",11,2,0.0469958608120442,-9.07267490913564,13.043446614919,22,100,0.217976478975032,-0.591845344274662,51,0,-14.30945,50,0.4,0.6,40,"both",0.217976478975032,-0.591845344274662
"5058",11,2,0.0469958608120442,-9.07267490913564,13.043446614919,22,100,0.217976478975032,-0.591845344274662,51,0,-8.797939966,50,0.4,0.6,40,"both",0.217976478975032,-0.591845344274662
"5059",11,2,0.0469958608120442,-9.07267490913564,13.043446614919,22,100,0.217976478975032,-0.591845344274662,51,1,-2.89498,50,0.4,0.6,40,"both",0.217976478975032,-0.591845344274662
"5060",11,2,0.0469958608120442,-9.07267490913564,13.043446614919,22,100,0.217976478975032,-0.591845344274662,51,1,-0.38926,50,0.4,0.6,40,"both",0.217976478975032,-0.591845344274662
"5061",11,2,0.0469958608120442,-9.07267490913564,13.043446614919,22,100,0.217976478975032,-0.591845344274662,51,1,-16.26056,50,0.4,0.6,40,"both",0.217976478975032,-0.591845344274662
"5062",11,2,0.0469958608120442,-9.07267490913564,13.043446614919,22,100,0.217976478975032,-0.591845344274662,51,1,3.7428,50,0.4,0.6,40,"both",0.217976478975032,-0.591845344274662
"5063",11,2,0.0469958608120442,-9.07267490913564,13.043446614919,22,100,0.217976478975032,-0.591845344274662,51,1,0.483779999999999,50,0.4,0.6,40,"both",0.217976478975032,-0.591845344274662
"5064",11,2,0.0469958608120442,-9.07267490913564,13.043446614919,22,100,0.217976478975032,-0.591845344274662,51,0,-11.44741,50,0.4,0.6,40,"both",0.217976478975032,-0.591845344274662
"5065",11,2,0.0469958608120442,-9.07267490913564,13.043446614919,22,100,0.217976478975032,-0.591845344274662,51,0,-41.3679,50,0.4,0.6,40,"both",0.217976478975032,-0.591845344274662
"5066",11,2,0.0469958608120442,-9.07267490913564,13.043446614919,22,100,0.217976478975032,-0.591845344274662,51,1,7.7604,50,0.4,0.6,40,"both",0.217976478975032,-0.591845344274662
"5067",11,2,0.0469958608120442,-9.07267490913564,13.043446614919,22,100,0.217976478975032,-0.591845344274662,51,1,7.21102,50,0.4,0.6,40,"both",0.217976478975032,-0.591845344274662
"5068",11,2,0.0469958608120442,-9.07267490913564,13.043446614919,22,100,0.217976478975032,-0.591845344274662,51,1,-1.8366,50,0.4,0.6,40,"both",0.217976478975032,-0.591845344274662
"5069",11,2,0.0469958608120442,-9.07267490913564,13.043446614919,22,100,0.217976478975032,-0.591845344274662,51,1,-8.86171,50,0.4,0.6,40,"both",0.217976478975032,-0.591845344274662
"5070",11,2,0.0469958608120442,-9.07267490913564,13.043446614919,22,100,0.217976478975032,-0.591845344274662,51,0,-2.37829,50,0.4,0.6,40,"both",0.217976478975032,-0.591845344274662
"5071",11,2,0.0469958608120442,-9.07267490913564,13.043446614919,22,100,0.217976478975032,-0.591845344274662,51,1,-3.86243,50,0.4,0.6,40,"both",0.217976478975032,-0.591845344274662
"5072",11,2,0.0469958608120442,-9.07267490913564,13.043446614919,22,100,0.217976478975032,-0.591845344274662,51,0,-0.62313,50,0.4,0.6,40,"both",0.217976478975032,-0.591845344274662
"5073",11,2,0.0469958608120442,-9.07267490913564,13.043446614919,22,100,0.217976478975032,-0.591845344274662,51,0,-18.02029,50,0.4,0.6,40,"both",0.217976478975032,-0.591845344274662
"5074",11,2,0.0469958608120442,-9.07267490913564,13.043446614919,22,100,0.217976478975032,-0.591845344274662,51,1,8.55969,50,0.4,0.6,40,"both",0.217976478975032,-0.591845344274662
"5075",11,2,0.0469958608120442,-9.07267490913564,13.043446614919,22,100,0.217976478975032,-0.591845344274662,51,1,-28.2334,50,0.4,0.6,40,"both",0.217976478975032,-0.591845344274662
"5076",11,2,0.0469958608120442,-9.07267490913564,13.043446614919,22,100,0.217976478975032,-0.591845344274662,51,0,-19.79559,50,0.4,0.6,40,"both",0.217976478975032,-0.591845344274662
"5077",11,2,0.0469958608120442,-9.07267490913564,13.043446614919,22,100,0.217976478975032,-0.591845344274662,51,0,-18.57839,50,0.4,0.6,40,"both",0.217976478975032,-0.591845344274662
"5078",11,2,0.0469958608120442,-9.07267490913564,13.043446614919,22,100,0.217976478975032,-0.591845344274662,51,0,-18.29024,50,0.4,0.6,40,"both",0.217976478975032,-0.591845344274662
"5079",11,2,0.0469958608120442,-9.07267490913564,13.043446614919,22,100,0.217976478975032,-0.591845344274662,51,0,-22.7051,50,0.4,0.6,40,"both",0.217976478975032,-0.591845344274662
"5080",11,2,0.0469958608120442,-9.07267490913564,13.043446614919,22,100,0.217976478975032,-0.591845344274662,51,1,-40.6466,50,0.4,0.6,40,"both",0.217976478975032,-0.591845344274662
"5081",11,2,0.0469958608120442,-9.07267490913564,13.043446614919,22,100,0.217976478975032,-0.591845344274662,51,0,12.244,50,0.4,0.6,40,"both",0.217976478975032,-0.591845344274662
"5082",11,2,0.0469958608120442,-9.07267490913564,13.043446614919,22,100,0.217976478975032,-0.591845344274662,51,1,-1.15425,50,0.4,0.6,40,"both",0.217976478975032,-0.591845344274662
"5083",11,2,0.0469958608120442,-9.07267490913564,13.043446614919,22,100,0.217976478975032,-0.591845344274662,51,1,6.78791,50,0.4,0.6,40,"both",0.217976478975032,-0.591845344274662
"5084",11,2,0.0469958608120442,-9.07267490913564,13.043446614919,22,100,0.217976478975032,-0.591845344274662,51,1,-15.25233,50,0.4,0.6,40,"both",0.217976478975032,-0.591845344274662
"5085",11,2,0.0469958608120442,-9.07267490913564,13.043446614919,22,100,0.217976478975032,-0.591845344274662,51,0,-16.23573,50,0.4,0.6,40,"both",0.217976478975032,-0.591845344274662
"5086",11,2,0.0469958608120442,-9.07267490913564,13.043446614919,22,100,0.217976478975032,-0.591845344274662,51,1,-15.34098,50,0.4,0.6,40,"both",0.217976478975032,-0.591845344274662
"5087",11,2,0.0469958608120442,-9.07267490913564,13.043446614919,22,100,0.217976478975032,-0.591845344274662,51,1,4.639,50,0.4,0.6,40,"both",0.217976478975032,-0.591845344274662
"5088",11,2,0.0469958608120442,-9.07267490913564,13.043446614919,22,100,0.217976478975032,-0.591845344274662,51,0,-19.76946,50,0.4,0.6,40,"both",0.217976478975032,-0.591845344274662
"5089",11,2,0.0469958608120442,-9.07267490913564,13.043446614919,22,100,0.217976478975032,-0.591845344274662,51,1,-5.02053,50,0.4,0.6,40,"both",0.217976478975032,-0.591845344274662
"5090",11,2,0.0469958608120442,-9.07267490913564,13.043446614919,22,100,0.217976478975032,-0.591845344274662,51,0,-16.26588,50,0.4,0.6,40,"both",0.217976478975032,-0.591845344274662
"5091",11,2,0.0469958608120442,-9.07267490913564,13.043446614919,22,100,0.217976478975032,-0.591845344274662,51,1,20.5425,50,0.4,0.6,40,"both",0.217976478975032,-0.591845344274662
"5092",11,2,0.0469958608120442,-9.07267490913564,13.043446614919,22,100,0.217976478975032,-0.591845344274662,51,1,-4.76897,50,0.4,0.6,40,"both",0.217976478975032,-0.591845344274662
"5093",11,2,0.0469958608120442,-9.07267490913564,13.043446614919,22,100,0.217976478975032,-0.591845344274662,51,1,-12.61739,50,0.4,0.6,40,"both",0.217976478975032,-0.591845344274662
"5094",11,2,0.0469958608120442,-9.07267490913564,13.043446614919,22,100,0.217976478975032,-0.591845344274662,51,1,-1.93215,50,0.4,0.6,40,"both",0.217976478975032,-0.591845344274662
"5095",11,2,0.0469958608120442,-9.07267490913564,13.043446614919,22,100,0.217976478975032,-0.591845344274662,51,1,-7.05299,50,0.4,0.6,40,"both",0.217976478975032,-0.591845344274662
"5096",11,2,0.0469958608120442,-9.07267490913564,13.043446614919,22,100,0.217976478975032,-0.591845344274662,51,0,-16.34301,50,0.4,0.6,40,"both",0.217976478975032,-0.591845344274662
"5097",11,2,0.0469958608120442,-9.07267490913564,13.043446614919,22,100,0.217976478975032,-0.591845344274662,51,0,-18.67005,50,0.4,0.6,40,"both",0.217976478975032,-0.591845344274662
"5098",11,2,0.0469958608120442,-9.07267490913564,13.043446614919,22,100,0.217976478975032,-0.591845344274662,51,0,-15.69454,50,0.4,0.6,40,"both",0.217976478975032,-0.591845344274662
"5099",11,2,0.0469958608120442,-9.07267490913564,13.043446614919,22,100,0.217976478975032,-0.591845344274662,51,0,-16.94786,50,0.4,0.6,40,"both",0.217976478975032,-0.591845344274662
"5100",11,2,0.0469958608120442,-9.07267490913564,13.043446614919,22,100,0.217976478975032,-0.591845344274662,51,0,-17.23874,50,0.4,0.6,40,"both",0.217976478975032,-0.591845344274662
"5101",12,2,0.0404637261584247,9.08951720085501,7.62683983372214,24,100,0.217976478975032,-0.591845344274662,52,1,7.7662094857,50,0.4,0.6,40,"both",0.217976478975032,-0.591845344274662
"5102",12,2,0.0404637261584247,9.08951720085501,7.62683983372214,24,100,0.217976478975032,-0.591845344274662,52,0,-7.35524756706,50,0.4,0.6,40,"both",0.217976478975032,-0.591845344274662
"5103",12,2,0.0404637261584247,9.08951720085501,7.62683983372214,24,100,0.217976478975032,-0.591845344274662,52,1,1.59626250253,50,0.4,0.6,40,"both",0.217976478975032,-0.591845344274662
"5104",12,2,0.0404637261584247,9.08951720085501,7.62683983372214,24,100,0.217976478975032,-0.591845344274662,52,0,-4.31133774141,50,0.4,0.6,40,"both",0.217976478975032,-0.591845344274662
"5105",12,2,0.0404637261584247,9.08951720085501,7.62683983372214,24,100,0.217976478975032,-0.591845344274662,52,0,7.42167,50,0.4,0.6,40,"both",0.217976478975032,-0.591845344274662
"5106",12,2,0.0404637261584247,9.08951720085501,7.62683983372214,24,100,0.217976478975032,-0.591845344274662,52,0,-6.14737,50,0.4,0.6,40,"both",0.217976478975032,-0.591845344274662
"5107",12,2,0.0404637261584247,9.08951720085501,7.62683983372214,24,100,0.217976478975032,-0.591845344274662,52,1,6.4658120027,50,0.4,0.6,40,"both",0.217976478975032,-0.591845344274662
"5108",12,2,0.0404637261584247,9.08951720085501,7.62683983372214,24,100,0.217976478975032,-0.591845344274662,52,0,-1.2778,50,0.4,0.6,40,"both",0.217976478975032,-0.591845344274662
"5109",12,2,0.0404637261584247,9.08951720085501,7.62683983372214,24,100,0.217976478975032,-0.591845344274662,52,1,7.35871,50,0.4,0.6,40,"both",0.217976478975032,-0.591845344274662
"5110",12,2,0.0404637261584247,9.08951720085501,7.62683983372214,24,100,0.217976478975032,-0.591845344274662,52,1,0.77212,50,0.4,0.6,40,"both",0.217976478975032,-0.591845344274662
"5111",12,2,0.0404637261584247,9.08951720085501,7.62683983372214,24,100,0.217976478975032,-0.591845344274662,52,0,11.07084,50,0.4,0.6,40,"both",0.217976478975032,-0.591845344274662
"5112",12,2,0.0404637261584247,9.08951720085501,7.62683983372214,24,100,0.217976478975032,-0.591845344274662,52,0,6.85109,50,0.4,0.6,40,"both",0.217976478975032,-0.591845344274662
"5113",12,2,0.0404637261584247,9.08951720085501,7.62683983372214,24,100,0.217976478975032,-0.591845344274662,52,0,-6.23433,50,0.4,0.6,40,"both",0.217976478975032,-0.591845344274662
"5114",12,2,0.0404637261584247,9.08951720085501,7.62683983372214,24,100,0.217976478975032,-0.591845344274662,52,1,33.3703,50,0.4,0.6,40,"both",0.217976478975032,-0.591845344274662
"5115",12,2,0.0404637261584247,9.08951720085501,7.62683983372214,24,100,0.217976478975032,-0.591845344274662,52,1,21.45223,50,0.4,0.6,40,"both",0.217976478975032,-0.591845344274662
"5116",12,2,0.0404637261584247,9.08951720085501,7.62683983372214,24,100,0.217976478975032,-0.591845344274662,52,0,6.29453,50,0.4,0.6,40,"both",0.217976478975032,-0.591845344274662
"5117",12,2,0.0404637261584247,9.08951720085501,7.62683983372214,24,100,0.217976478975032,-0.591845344274662,52,0,7.7132547018,50,0.4,0.6,40,"both",0.217976478975032,-0.591845344274662
"5118",12,2,0.0404637261584247,9.08951720085501,7.62683983372214,24,100,0.217976478975032,-0.591845344274662,52,1,36.3004,50,0.4,0.6,40,"both",0.217976478975032,-0.591845344274662
"5119",12,2,0.0404637261584247,9.08951720085501,7.62683983372214,24,100,0.217976478975032,-0.591845344274662,52,1,20.34999,50,0.4,0.6,40,"both",0.217976478975032,-0.591845344274662
"5120",12,2,0.0404637261584247,9.08951720085501,7.62683983372214,24,100,0.217976478975032,-0.591845344274662,52,0,1.49958,50,0.4,0.6,40,"both",0.217976478975032,-0.591845344274662
"5121",12,2,0.0404637261584247,9.08951720085501,7.62683983372214,24,100,0.217976478975032,-0.591845344274662,52,1,20.58255,50,0.4,0.6,40,"both",0.217976478975032,-0.591845344274662
"5122",12,2,0.0404637261584247,9.08951720085501,7.62683983372214,24,100,0.217976478975032,-0.591845344274662,52,0,32.4417,50,0.4,0.6,40,"both",0.217976478975032,-0.591845344274662
"5123",12,2,0.0404637261584247,9.08951720085501,7.62683983372214,24,100,0.217976478975032,-0.591845344274662,52,1,1.70237,50,0.4,0.6,40,"both",0.217976478975032,-0.591845344274662
"5124",12,2,0.0404637261584247,9.08951720085501,7.62683983372214,24,100,0.217976478975032,-0.591845344274662,52,1,19.84056,50,0.4,0.6,40,"both",0.217976478975032,-0.591845344274662
"5125",12,2,0.0404637261584247,9.08951720085501,7.62683983372214,24,100,0.217976478975032,-0.591845344274662,52,0,-8.706233,50,0.4,0.6,40,"both",0.217976478975032,-0.591845344274662
"5126",12,2,0.0404637261584247,9.08951720085501,7.62683983372214,24,100,0.217976478975032,-0.591845344274662,52,1,19.81562,50,0.4,0.6,40,"both",0.217976478975032,-0.591845344274662
"5127",12,2,0.0404637261584247,9.08951720085501,7.62683983372214,24,100,0.217976478975032,-0.591845344274662,52,0,-8.27776,50,0.4,0.6,40,"both",0.217976478975032,-0.591845344274662
"5128",12,2,0.0404637261584247,9.08951720085501,7.62683983372214,24,100,0.217976478975032,-0.591845344274662,52,0,6.67016,50,0.4,0.6,40,"both",0.217976478975032,-0.591845344274662
"5129",12,2,0.0404637261584247,9.08951720085501,7.62683983372214,24,100,0.217976478975032,-0.591845344274662,52,0,-4.80923,50,0.4,0.6,40,"both",0.217976478975032,-0.591845344274662
"5130",12,2,0.0404637261584247,9.08951720085501,7.62683983372214,24,100,0.217976478975032,-0.591845344274662,52,1,17.05984,50,0.4,0.6,40,"both",0.217976478975032,-0.591845344274662
"5131",12,2,0.0404637261584247,9.08951720085501,7.62683983372214,24,100,0.217976478975032,-0.591845344274662,52,0,2.46127,50,0.4,0.6,40,"both",0.217976478975032,-0.591845344274662
"5132",12,2,0.0404637261584247,9.08951720085501,7.62683983372214,24,100,0.217976478975032,-0.591845344274662,52,0,1.60679,50,0.4,0.6,40,"both",0.217976478975032,-0.591845344274662
"5133",12,2,0.0404637261584247,9.08951720085501,7.62683983372214,24,100,0.217976478975032,-0.591845344274662,52,1,0.60079,50,0.4,0.6,40,"both",0.217976478975032,-0.591845344274662
"5134",12,2,0.0404637261584247,9.08951720085501,7.62683983372214,24,100,0.217976478975032,-0.591845344274662,52,0,-25.82624,50,0.4,0.6,40,"both",0.217976478975032,-0.591845344274662
"5135",12,2,0.0404637261584247,9.08951720085501,7.62683983372214,24,100,0.217976478975032,-0.591845344274662,52,1,23.07204,50,0.4,0.6,40,"both",0.217976478975032,-0.591845344274662
"5136",12,2,0.0404637261584247,9.08951720085501,7.62683983372214,24,100,0.217976478975032,-0.591845344274662,52,1,17.72638,50,0.4,0.6,40,"both",0.217976478975032,-0.591845344274662
"5137",12,2,0.0404637261584247,9.08951720085501,7.62683983372214,24,100,0.217976478975032,-0.591845344274662,52,1,10.81649,50,0.4,0.6,40,"both",0.217976478975032,-0.591845344274662
"5138",12,2,0.0404637261584247,9.08951720085501,7.62683983372214,24,100,0.217976478975032,-0.591845344274662,52,1,9.91846,50,0.4,0.6,40,"both",0.217976478975032,-0.591845344274662
"5139",12,2,0.0404637261584247,9.08951720085501,7.62683983372214,24,100,0.217976478975032,-0.591845344274662,52,0,1.68905,50,0.4,0.6,40,"both",0.217976478975032,-0.591845344274662
"5140",12,2,0.0404637261584247,9.08951720085501,7.62683983372214,24,100,0.217976478975032,-0.591845344274662,52,0,-0.19997,50,0.4,0.6,40,"both",0.217976478975032,-0.591845344274662
"5141",12,2,0.0404637261584247,9.08951720085501,7.62683983372214,24,100,0.217976478975032,-0.591845344274662,52,1,16.48705,50,0.4,0.6,40,"both",0.217976478975032,-0.591845344274662
"5142",12,2,0.0404637261584247,9.08951720085501,7.62683983372214,24,100,0.217976478975032,-0.591845344274662,52,1,20.20803,50,0.4,0.6,40,"both",0.217976478975032,-0.591845344274662
"5143",12,2,0.0404637261584247,9.08951720085501,7.62683983372214,24,100,0.217976478975032,-0.591845344274662,52,1,20.84365,50,0.4,0.6,40,"both",0.217976478975032,-0.591845344274662
"5144",12,2,0.0404637261584247,9.08951720085501,7.62683983372214,24,100,0.217976478975032,-0.591845344274662,52,1,10.37222,50,0.4,0.6,40,"both",0.217976478975032,-0.591845344274662
"5145",12,2,0.0404637261584247,9.08951720085501,7.62683983372214,24,100,0.217976478975032,-0.591845344274662,52,0,12.31424,50,0.4,0.6,40,"both",0.217976478975032,-0.591845344274662
"5146",12,2,0.0404637261584247,9.08951720085501,7.62683983372214,24,100,0.217976478975032,-0.591845344274662,52,0,2.24459,50,0.4,0.6,40,"both",0.217976478975032,-0.591845344274662
"5147",12,2,0.0404637261584247,9.08951720085501,7.62683983372214,24,100,0.217976478975032,-0.591845344274662,52,0,-5.14701,50,0.4,0.6,40,"both",0.217976478975032,-0.591845344274662
"5148",12,2,0.0404637261584247,9.08951720085501,7.62683983372214,24,100,0.217976478975032,-0.591845344274662,52,0,12.51261,50,0.4,0.6,40,"both",0.217976478975032,-0.591845344274662
"5149",12,2,0.0404637261584247,9.08951720085501,7.62683983372214,24,100,0.217976478975032,-0.591845344274662,52,1,4.3676,50,0.4,0.6,40,"both",0.217976478975032,-0.591845344274662
"5150",12,2,0.0404637261584247,9.08951720085501,7.62683983372214,24,100,0.217976478975032,-0.591845344274662,52,0,-0.204870000000001,50,0.4,0.6,40,"both",0.217976478975032,-0.591845344274662
"5151",12,2,0.0404637261584247,9.08951720085501,7.62683983372214,24,100,0.217976478975032,-0.591845344274662,52,1,23.0906,50,0.4,0.6,40,"both",0.217976478975032,-0.591845344274662
"5152",12,2,0.0404637261584247,9.08951720085501,7.62683983372214,24,100,0.217976478975032,-0.591845344274662,52,1,18.94947,50,0.4,0.6,40,"both",0.217976478975032,-0.591845344274662
"5153",12,2,0.0404637261584247,9.08951720085501,7.62683983372214,24,100,0.217976478975032,-0.591845344274662,52,0,6.43881,50,0.4,0.6,40,"both",0.217976478975032,-0.591845344274662
"5154",12,2,0.0404637261584247,9.08951720085501,7.62683983372214,24,100,0.217976478975032,-0.591845344274662,52,1,18.10052,50,0.4,0.6,40,"both",0.217976478975032,-0.591845344274662
"5155",12,2,0.0404637261584247,9.08951720085501,7.62683983372214,24,100,0.217976478975032,-0.591845344274662,52,0,16.25441,50,0.4,0.6,40,"both",0.217976478975032,-0.591845344274662
"5156",12,2,0.0404637261584247,9.08951720085501,7.62683983372214,24,100,0.217976478975032,-0.591845344274662,52,0,6.15432,50,0.4,0.6,40,"both",0.217976478975032,-0.591845344274662
"5157",12,2,0.0404637261584247,9.08951720085501,7.62683983372214,24,100,0.217976478975032,-0.591845344274662,52,1,2.77134,50,0.4,0.6,40,"both",0.217976478975032,-0.591845344274662
"5158",12,2,0.0404637261584247,9.08951720085501,7.62683983372214,24,100,0.217976478975032,-0.591845344274662,52,0,0.1243,50,0.4,0.6,40,"both",0.217976478975032,-0.591845344274662
"5159",12,2,0.0404637261584247,9.08951720085501,7.62683983372214,24,100,0.217976478975032,-0.591845344274662,52,1,2.88393,50,0.4,0.6,40,"both",0.217976478975032,-0.591845344274662
"5160",12,2,0.0404637261584247,9.08951720085501,7.62683983372214,24,100,0.217976478975032,-0.591845344274662,52,1,22.69378,50,0.4,0.6,40,"both",0.217976478975032,-0.591845344274662
"5161",12,2,0.0404637261584247,9.08951720085501,7.62683983372214,24,100,0.217976478975032,-0.591845344274662,52,0,2.84202,50,0.4,0.6,40,"both",0.217976478975032,-0.591845344274662
"5162",12,2,0.0404637261584247,9.08951720085501,7.62683983372214,24,100,0.217976478975032,-0.591845344274662,52,1,20.04781,50,0.4,0.6,40,"both",0.217976478975032,-0.591845344274662
"5163",12,2,0.0404637261584247,9.08951720085501,7.62683983372214,24,100,0.217976478975032,-0.591845344274662,52,0,0.34997,50,0.4,0.6,40,"both",0.217976478975032,-0.591845344274662
"5164",12,2,0.0404637261584247,9.08951720085501,7.62683983372214,24,100,0.217976478975032,-0.591845344274662,52,1,23.26575,50,0.4,0.6,40,"both",0.217976478975032,-0.591845344274662
"5165",12,2,0.0404637261584247,9.08951720085501,7.62683983372214,24,100,0.217976478975032,-0.591845344274662,52,1,20.9045,50,0.4,0.6,40,"both",0.217976478975032,-0.591845344274662
"5166",12,2,0.0404637261584247,9.08951720085501,7.62683983372214,24,100,0.217976478975032,-0.591845344274662,52,1,4.30366,50,0.4,0.6,40,"both",0.217976478975032,-0.591845344274662
"5167",12,2,0.0404637261584247,9.08951720085501,7.62683983372214,24,100,0.217976478975032,-0.591845344274662,52,0,-2.61869,50,0.4,0.6,40,"both",0.217976478975032,-0.591845344274662
"5168",12,2,0.0404637261584247,9.08951720085501,7.62683983372214,24,100,0.217976478975032,-0.591845344274662,52,0,-0.60843,50,0.4,0.6,40,"both",0.217976478975032,-0.591845344274662
"5169",12,2,0.0404637261584247,9.08951720085501,7.62683983372214,24,100,0.217976478975032,-0.591845344274662,52,0,-6.48744,50,0.4,0.6,40,"both",0.217976478975032,-0.591845344274662
"5170",12,2,0.0404637261584247,9.08951720085501,7.62683983372214,24,100,0.217976478975032,-0.591845344274662,52,0,-0.578399999999999,50,0.4,0.6,40,"both",0.217976478975032,-0.591845344274662
"5171",12,2,0.0404637261584247,9.08951720085501,7.62683983372214,24,100,0.217976478975032,-0.591845344274662,52,1,18.20453,50,0.4,0.6,40,"both",0.217976478975032,-0.591845344274662
"5172",12,2,0.0404637261584247,9.08951720085501,7.62683983372214,24,100,0.217976478975032,-0.591845344274662,52,0,14.73576,50,0.4,0.6,40,"both",0.217976478975032,-0.591845344274662
"5173",12,2,0.0404637261584247,9.08951720085501,7.62683983372214,24,100,0.217976478975032,-0.591845344274662,52,1,22.11439,50,0.4,0.6,40,"both",0.217976478975032,-0.591845344274662
"5174",12,2,0.0404637261584247,9.08951720085501,7.62683983372214,24,100,0.217976478975032,-0.591845344274662,52,0,-1.9438,50,0.4,0.6,40,"both",0.217976478975032,-0.591845344274662
"5175",12,2,0.0404637261584247,9.08951720085501,7.62683983372214,24,100,0.217976478975032,-0.591845344274662,52,0,7.83199,50,0.4,0.6,40,"both",0.217976478975032,-0.591845344274662
"5176",12,2,0.0404637261584247,9.08951720085501,7.62683983372214,24,100,0.217976478975032,-0.591845344274662,52,1,18.68459,50,0.4,0.6,40,"both",0.217976478975032,-0.591845344274662
"5177",12,2,0.0404637261584247,9.08951720085501,7.62683983372214,24,100,0.217976478975032,-0.591845344274662,52,0,1.17676,50,0.4,0.6,40,"both",0.217976478975032,-0.591845344274662
"5178",12,2,0.0404637261584247,9.08951720085501,7.62683983372214,24,100,0.217976478975032,-0.591845344274662,52,1,12.50044,50,0.4,0.6,40,"both",0.217976478975032,-0.591845344274662
"5179",12,2,0.0404637261584247,9.08951720085501,7.62683983372214,24,100,0.217976478975032,-0.591845344274662,52,1,20.61535,50,0.4,0.6,40,"both",0.217976478975032,-0.591845344274662
"5180",12,2,0.0404637261584247,9.08951720085501,7.62683983372214,24,100,0.217976478975032,-0.591845344274662,52,0,3.04897,50,0.4,0.6,40,"both",0.217976478975032,-0.591845344274662
"5181",12,2,0.0404637261584247,9.08951720085501,7.62683983372214,24,100,0.217976478975032,-0.591845344274662,52,0,1.19313,50,0.4,0.6,40,"both",0.217976478975032,-0.591845344274662
"5182",12,2,0.0404637261584247,9.08951720085501,7.62683983372214,24,100,0.217976478975032,-0.591845344274662,52,0,-1.2078,50,0.4,0.6,40,"both",0.217976478975032,-0.591845344274662
"5183",12,2,0.0404637261584247,9.08951720085501,7.62683983372214,24,100,0.217976478975032,-0.591845344274662,52,1,13.04354,50,0.4,0.6,40,"both",0.217976478975032,-0.591845344274662
"5184",12,2,0.0404637261584247,9.08951720085501,7.62683983372214,24,100,0.217976478975032,-0.591845344274662,52,1,12.77982,50,0.4,0.6,40,"both",0.217976478975032,-0.591845344274662
"5185",12,2,0.0404637261584247,9.08951720085501,7.62683983372214,24,100,0.217976478975032,-0.591845344274662,52,1,15.10574,50,0.4,0.6,40,"both",0.217976478975032,-0.591845344274662
"5186",12,2,0.0404637261584247,9.08951720085501,7.62683983372214,24,100,0.217976478975032,-0.591845344274662,52,0,3.5063,50,0.4,0.6,40,"both",0.217976478975032,-0.591845344274662
"5187",12,2,0.0404637261584247,9.08951720085501,7.62683983372214,24,100,0.217976478975032,-0.591845344274662,52,0,0.0595499999999998,50,0.4,0.6,40,"both",0.217976478975032,-0.591845344274662
"5188",12,2,0.0404637261584247,9.08951720085501,7.62683983372214,24,100,0.217976478975032,-0.591845344274662,52,0,2.27785,50,0.4,0.6,40,"both",0.217976478975032,-0.591845344274662
"5189",12,2,0.0404637261584247,9.08951720085501,7.62683983372214,24,100,0.217976478975032,-0.591845344274662,52,1,15.98982,50,0.4,0.6,40,"both",0.217976478975032,-0.591845344274662
"5190",12,2,0.0404637261584247,9.08951720085501,7.62683983372214,24,100,0.217976478975032,-0.591845344274662,52,1,1.90516,50,0.4,0.6,40,"both",0.217976478975032,-0.591845344274662
"5191",12,2,0.0404637261584247,9.08951720085501,7.62683983372214,24,100,0.217976478975032,-0.591845344274662,52,1,13.78438,50,0.4,0.6,40,"both",0.217976478975032,-0.591845344274662
"5192",12,2,0.0404637261584247,9.08951720085501,7.62683983372214,24,100,0.217976478975032,-0.591845344274662,52,0,2.32664,50,0.4,0.6,40,"both",0.217976478975032,-0.591845344274662
"5193",12,2,0.0404637261584247,9.08951720085501,7.62683983372214,24,100,0.217976478975032,-0.591845344274662,52,1,16.05723,50,0.4,0.6,40,"both",0.217976478975032,-0.591845344274662
"5194",12,2,0.0404637261584247,9.08951720085501,7.62683983372214,24,100,0.217976478975032,-0.591845344274662,52,0,4.94391,50,0.4,0.6,40,"both",0.217976478975032,-0.591845344274662
"5195",12,2,0.0404637261584247,9.08951720085501,7.62683983372214,24,100,0.217976478975032,-0.591845344274662,52,0,-3.53686,50,0.4,0.6,40,"both",0.217976478975032,-0.591845344274662
"5196",12,2,0.0404637261584247,9.08951720085501,7.62683983372214,24,100,0.217976478975032,-0.591845344274662,52,0,-1.0621,50,0.4,0.6,40,"both",0.217976478975032,-0.591845344274662
"5197",12,2,0.0404637261584247,9.08951720085501,7.62683983372214,24,100,0.217976478975032,-0.591845344274662,52,0,3.28322,50,0.4,0.6,40,"both",0.217976478975032,-0.591845344274662
"5198",12,2,0.0404637261584247,9.08951720085501,7.62683983372214,24,100,0.217976478975032,-0.591845344274662,52,1,17.11337,50,0.4,0.6,40,"both",0.217976478975032,-0.591845344274662
"5199",12,2,0.0404637261584247,9.08951720085501,7.62683983372214,24,100,0.217976478975032,-0.591845344274662,52,0,3.1673,50,0.4,0.6,40,"both",0.217976478975032,-0.591845344274662
"5200",12,2,0.0404637261584247,9.08951720085501,7.62683983372214,24,100,0.217976478975032,-0.591845344274662,52,0,13.79058,50,0.4,0.6,40,"both",0.217976478975032,-0.591845344274662
"5201",13,2,0.0117907570898169,-22.4295707376163,8.51763053487194,26,100,0.217976478975032,-0.591845344274662,53,1,-8.9772831407,50,0.4,0.6,40,"both",0.217976478975032,-0.591845344274662
"5202",13,2,0.0117907570898169,-22.4295707376163,8.51763053487194,26,100,0.217976478975032,-0.591845344274662,53,1,-10.1577146461,50,0.4,0.6,40,"both",0.217976478975032,-0.591845344274662
"5203",13,2,0.0117907570898169,-22.4295707376163,8.51763053487194,26,100,0.217976478975032,-0.591845344274662,53,1,-15.443229801,50,0.4,0.6,40,"both",0.217976478975032,-0.591845344274662
"5204",13,2,0.0117907570898169,-22.4295707376163,8.51763053487194,26,100,0.217976478975032,-0.591845344274662,53,0,-21.401641813,50,0.4,0.6,40,"both",0.217976478975032,-0.591845344274662
"5205",13,2,0.0117907570898169,-22.4295707376163,8.51763053487194,26,100,0.217976478975032,-0.591845344274662,53,1,37.0289,50,0.4,0.6,40,"both",0.217976478975032,-0.591845344274662
"5206",13,2,0.0117907570898169,-22.4295707376163,8.51763053487194,26,100,0.217976478975032,-0.591845344274662,53,1,-16.95793,50,0.4,0.6,40,"both",0.217976478975032,-0.591845344274662
"5207",13,2,0.0117907570898169,-22.4295707376163,8.51763053487194,26,100,0.217976478975032,-0.591845344274662,53,0,-36.5593,50,0.4,0.6,40,"both",0.217976478975032,-0.591845344274662
"5208",13,2,0.0117907570898169,-22.4295707376163,8.51763053487194,26,100,0.217976478975032,-0.591845344274662,53,0,-32.10765,50,0.4,0.6,40,"both",0.217976478975032,-0.591845344274662
"5209",13,2,0.0117907570898169,-22.4295707376163,8.51763053487194,26,100,0.217976478975032,-0.591845344274662,53,1,-9.2415,50,0.4,0.6,40,"both",0.217976478975032,-0.591845344274662
"5210",13,2,0.0117907570898169,-22.4295707376163,8.51763053487194,26,100,0.217976478975032,-0.591845344274662,53,0,-30.35408,50,0.4,0.6,40,"both",0.217976478975032,-0.591845344274662
"5211",13,2,0.0117907570898169,-22.4295707376163,8.51763053487194,26,100,0.217976478975032,-0.591845344274662,53,1,-15.53287,50,0.4,0.6,40,"both",0.217976478975032,-0.591845344274662
"5212",13,2,0.0117907570898169,-22.4295707376163,8.51763053487194,26,100,0.217976478975032,-0.591845344274662,53,0,-26.60505,50,0.4,0.6,40,"both",0.217976478975032,-0.591845344274662
"5213",13,2,0.0117907570898169,-22.4295707376163,8.51763053487194,26,100,0.217976478975032,-0.591845344274662,53,0,-23.75562,50,0.4,0.6,40,"both",0.217976478975032,-0.591845344274662
"5214",13,2,0.0117907570898169,-22.4295707376163,8.51763053487194,26,100,0.217976478975032,-0.591845344274662,53,1,-10.76851,50,0.4,0.6,40,"both",0.217976478975032,-0.591845344274662
"5215",13,2,0.0117907570898169,-22.4295707376163,8.51763053487194,26,100,0.217976478975032,-0.591845344274662,53,0,-17.90389,50,0.4,0.6,40,"both",0.217976478975032,-0.591845344274662
"5216",13,2,0.0117907570898169,-22.4295707376163,8.51763053487194,26,100,0.217976478975032,-0.591845344274662,53,1,-14.48899,50,0.4,0.6,40,"both",0.217976478975032,-0.591845344274662
"5217",13,2,0.0117907570898169,-22.4295707376163,8.51763053487194,26,100,0.217976478975032,-0.591845344274662,53,1,-21.49011,50,0.4,0.6,40,"both",0.217976478975032,-0.591845344274662
"5218",13,2,0.0117907570898169,-22.4295707376163,8.51763053487194,26,100,0.217976478975032,-0.591845344274662,53,0,-22.38004,50,0.4,0.6,40,"both",0.217976478975032,-0.591845344274662
"5219",13,2,0.0117907570898169,-22.4295707376163,8.51763053487194,26,100,0.217976478975032,-0.591845344274662,53,1,-12.66249,50,0.4,0.6,40,"both",0.217976478975032,-0.591845344274662
"5220",13,2,0.0117907570898169,-22.4295707376163,8.51763053487194,26,100,0.217976478975032,-0.591845344274662,53,1,-16.44438,50,0.4,0.6,40,"both",0.217976478975032,-0.591845344274662
"5221",13,2,0.0117907570898169,-22.4295707376163,8.51763053487194,26,100,0.217976478975032,-0.591845344274662,53,1,-24.48667,50,0.4,0.6,40,"both",0.217976478975032,-0.591845344274662
"5222",13,2,0.0117907570898169,-22.4295707376163,8.51763053487194,26,100,0.217976478975032,-0.591845344274662,53,1,-27.75987,50,0.4,0.6,40,"both",0.217976478975032,-0.591845344274662
"5223",13,2,0.0117907570898169,-22.4295707376163,8.51763053487194,26,100,0.217976478975032,-0.591845344274662,53,1,-11.24065,50,0.4,0.6,40,"both",0.217976478975032,-0.591845344274662
"5224",13,2,0.0117907570898169,-22.4295707376163,8.51763053487194,26,100,0.217976478975032,-0.591845344274662,53,1,-16.11044,50,0.4,0.6,40,"both",0.217976478975032,-0.591845344274662
"5225",13,2,0.0117907570898169,-22.4295707376163,8.51763053487194,26,100,0.217976478975032,-0.591845344274662,53,0,-42.9928,50,0.4,0.6,40,"both",0.217976478975032,-0.591845344274662
"5226",13,2,0.0117907570898169,-22.4295707376163,8.51763053487194,26,100,0.217976478975032,-0.591845344274662,53,1,-16.47064,50,0.4,0.6,40,"both",0.217976478975032,-0.591845344274662
"5227",13,2,0.0117907570898169,-22.4295707376163,8.51763053487194,26,100,0.217976478975032,-0.591845344274662,53,1,-17.56556,50,0.4,0.6,40,"both",0.217976478975032,-0.591845344274662
"5228",13,2,0.0117907570898169,-22.4295707376163,8.51763053487194,26,100,0.217976478975032,-0.591845344274662,53,1,-15.36603,50,0.4,0.6,40,"both",0.217976478975032,-0.591845344274662
"5229",13,2,0.0117907570898169,-22.4295707376163,8.51763053487194,26,100,0.217976478975032,-0.591845344274662,53,1,-15.49081,50,0.4,0.6,40,"both",0.217976478975032,-0.591845344274662
"5230",13,2,0.0117907570898169,-22.4295707376163,8.51763053487194,26,100,0.217976478975032,-0.591845344274662,53,1,-24.5856,50,0.4,0.6,40,"both",0.217976478975032,-0.591845344274662
"5231",13,2,0.0117907570898169,-22.4295707376163,8.51763053487194,26,100,0.217976478975032,-0.591845344274662,53,0,-28.11795,50,0.4,0.6,40,"both",0.217976478975032,-0.591845344274662
"5232",13,2,0.0117907570898169,-22.4295707376163,8.51763053487194,26,100,0.217976478975032,-0.591845344274662,53,0,-25.1299,50,0.4,0.6,40,"both",0.217976478975032,-0.591845344274662
"5233",13,2,0.0117907570898169,-22.4295707376163,8.51763053487194,26,100,0.217976478975032,-0.591845344274662,53,0,-28.54089,50,0.4,0.6,40,"both",0.217976478975032,-0.591845344274662
"5234",13,2,0.0117907570898169,-22.4295707376163,8.51763053487194,26,100,0.217976478975032,-0.591845344274662,53,1,-17.84512,50,0.4,0.6,40,"both",0.217976478975032,-0.591845344274662
"5235",13,2,0.0117907570898169,-22.4295707376163,8.51763053487194,26,100,0.217976478975032,-0.591845344274662,53,0,-23.70264,50,0.4,0.6,40,"both",0.217976478975032,-0.591845344274662
"5236",13,2,0.0117907570898169,-22.4295707376163,8.51763053487194,26,100,0.217976478975032,-0.591845344274662,53,1,-18.13374,50,0.4,0.6,40,"both",0.217976478975032,-0.591845344274662
"5237",13,2,0.0117907570898169,-22.4295707376163,8.51763053487194,26,100,0.217976478975032,-0.591845344274662,53,0,-29.77985,50,0.4,0.6,40,"both",0.217976478975032,-0.591845344274662
"5238",13,2,0.0117907570898169,-22.4295707376163,8.51763053487194,26,100,0.217976478975032,-0.591845344274662,53,1,-24.74922,50,0.4,0.6,40,"both",0.217976478975032,-0.591845344274662
"5239",13,2,0.0117907570898169,-22.4295707376163,8.51763053487194,26,100,0.217976478975032,-0.591845344274662,53,1,-13.0626,50,0.4,0.6,40,"both",0.217976478975032,-0.591845344274662
"5240",13,2,0.0117907570898169,-22.4295707376163,8.51763053487194,26,100,0.217976478975032,-0.591845344274662,53,0,-27.24329,50,0.4,0.6,40,"both",0.217976478975032,-0.591845344274662
"5241",13,2,0.0117907570898169,-22.4295707376163,8.51763053487194,26,100,0.217976478975032,-0.591845344274662,53,1,-26.78115,50,0.4,0.6,40,"both",0.217976478975032,-0.591845344274662
"5242",13,2,0.0117907570898169,-22.4295707376163,8.51763053487194,26,100,0.217976478975032,-0.591845344274662,53,0,-29.61935,50,0.4,0.6,40,"both",0.217976478975032,-0.591845344274662
"5243",13,2,0.0117907570898169,-22.4295707376163,8.51763053487194,26,100,0.217976478975032,-0.591845344274662,53,1,-17.78132,50,0.4,0.6,40,"both",0.217976478975032,-0.591845344274662
"5244",13,2,0.0117907570898169,-22.4295707376163,8.51763053487194,26,100,0.217976478975032,-0.591845344274662,53,0,-17.97471,50,0.4,0.6,40,"both",0.217976478975032,-0.591845344274662
"5245",13,2,0.0117907570898169,-22.4295707376163,8.51763053487194,26,100,0.217976478975032,-0.591845344274662,53,1,-30.51391,50,0.4,0.6,40,"both",0.217976478975032,-0.591845344274662
"5246",13,2,0.0117907570898169,-22.4295707376163,8.51763053487194,26,100,0.217976478975032,-0.591845344274662,53,0,-30.88535,50,0.4,0.6,40,"both",0.217976478975032,-0.591845344274662
"5247",13,2,0.0117907570898169,-22.4295707376163,8.51763053487194,26,100,0.217976478975032,-0.591845344274662,53,1,-13.60071,50,0.4,0.6,40,"both",0.217976478975032,-0.591845344274662
"5248",13,2,0.0117907570898169,-22.4295707376163,8.51763053487194,26,100,0.217976478975032,-0.591845344274662,53,1,-14.2521,50,0.4,0.6,40,"both",0.217976478975032,-0.591845344274662
"5249",13,2,0.0117907570898169,-22.4295707376163,8.51763053487194,26,100,0.217976478975032,-0.591845344274662,53,1,-17.82863,50,0.4,0.6,40,"both",0.217976478975032,-0.591845344274662
"5250",13,2,0.0117907570898169,-22.4295707376163,8.51763053487194,26,100,0.217976478975032,-0.591845344274662,53,0,-16.37274,50,0.4,0.6,40,"both",0.217976478975032,-0.591845344274662
"5251",13,2,0.0117907570898169,-22.4295707376163,8.51763053487194,26,100,0.217976478975032,-0.591845344274662,53,0,-26.06035,50,0.4,0.6,40,"both",0.217976478975032,-0.591845344274662
"5252",13,2,0.0117907570898169,-22.4295707376163,8.51763053487194,26,100,0.217976478975032,-0.591845344274662,53,0,-21.46094,50,0.4,0.6,40,"both",0.217976478975032,-0.591845344274662
"5253",13,2,0.0117907570898169,-22.4295707376163,8.51763053487194,26,100,0.217976478975032,-0.591845344274662,53,0,-18.33323,50,0.4,0.6,40,"both",0.217976478975032,-0.591845344274662
"5254",13,2,0.0117907570898169,-22.4295707376163,8.51763053487194,26,100,0.217976478975032,-0.591845344274662,53,1,-13.4157,50,0.4,0.6,40,"both",0.217976478975032,-0.591845344274662
"5255",13,2,0.0117907570898169,-22.4295707376163,8.51763053487194,26,100,0.217976478975032,-0.591845344274662,53,1,-25.58415,50,0.4,0.6,40,"both",0.217976478975032,-0.591845344274662
"5256",13,2,0.0117907570898169,-22.4295707376163,8.51763053487194,26,100,0.217976478975032,-0.591845344274662,53,1,-11.6753,50,0.4,0.6,40,"both",0.217976478975032,-0.591845344274662
"5257",13,2,0.0117907570898169,-22.4295707376163,8.51763053487194,26,100,0.217976478975032,-0.591845344274662,53,0,-19.30974,50,0.4,0.6,40,"both",0.217976478975032,-0.591845344274662
"5258",13,2,0.0117907570898169,-22.4295707376163,8.51763053487194,26,100,0.217976478975032,-0.591845344274662,53,0,-15.33558,50,0.4,0.6,40,"both",0.217976478975032,-0.591845344274662
"5259",13,2,0.0117907570898169,-22.4295707376163,8.51763053487194,26,100,0.217976478975032,-0.591845344274662,53,1,-20.01766,50,0.4,0.6,40,"both",0.217976478975032,-0.591845344274662
"5260",13,2,0.0117907570898169,-22.4295707376163,8.51763053487194,26,100,0.217976478975032,-0.591845344274662,53,0,-34.0698,50,0.4,0.6,40,"both",0.217976478975032,-0.591845344274662
"5261",13,2,0.0117907570898169,-22.4295707376163,8.51763053487194,26,100,0.217976478975032,-0.591845344274662,53,1,-10.9685,50,0.4,0.6,40,"both",0.217976478975032,-0.591845344274662
"5262",13,2,0.0117907570898169,-22.4295707376163,8.51763053487194,26,100,0.217976478975032,-0.591845344274662,53,1,-18.82999,50,0.4,0.6,40,"both",0.217976478975032,-0.591845344274662
"5263",13,2,0.0117907570898169,-22.4295707376163,8.51763053487194,26,100,0.217976478975032,-0.591845344274662,53,0,-35.8525,50,0.4,0.6,40,"both",0.217976478975032,-0.591845344274662
"5264",13,2,0.0117907570898169,-22.4295707376163,8.51763053487194,26,100,0.217976478975032,-0.591845344274662,53,0,-29.60979,50,0.4,0.6,40,"both",0.217976478975032,-0.591845344274662
"5265",13,2,0.0117907570898169,-22.4295707376163,8.51763053487194,26,100,0.217976478975032,-0.591845344274662,53,1,-29.85046,50,0.4,0.6,40,"both",0.217976478975032,-0.591845344274662
"5266",13,2,0.0117907570898169,-22.4295707376163,8.51763053487194,26,100,0.217976478975032,-0.591845344274662,53,0,-27.80356,50,0.4,0.6,40,"both",0.217976478975032,-0.591845344274662
"5267",13,2,0.0117907570898169,-22.4295707376163,8.51763053487194,26,100,0.217976478975032,-0.591845344274662,53,1,-13.78872,50,0.4,0.6,40,"both",0.217976478975032,-0.591845344274662
"5268",13,2,0.0117907570898169,-22.4295707376163,8.51763053487194,26,100,0.217976478975032,-0.591845344274662,53,0,-33.653,50,0.4,0.6,40,"both",0.217976478975032,-0.591845344274662
"5269",13,2,0.0117907570898169,-22.4295707376163,8.51763053487194,26,100,0.217976478975032,-0.591845344274662,53,1,-33.6142,50,0.4,0.6,40,"both",0.217976478975032,-0.591845344274662
"5270",13,2,0.0117907570898169,-22.4295707376163,8.51763053487194,26,100,0.217976478975032,-0.591845344274662,53,0,-30.306,50,0.4,0.6,40,"both",0.217976478975032,-0.591845344274662
"5271",13,2,0.0117907570898169,-22.4295707376163,8.51763053487194,26,100,0.217976478975032,-0.591845344274662,53,0,-21.37986,50,0.4,0.6,40,"both",0.217976478975032,-0.591845344274662
"5272",13,2,0.0117907570898169,-22.4295707376163,8.51763053487194,26,100,0.217976478975032,-0.591845344274662,53,1,-14.17753,50,0.4,0.6,40,"both",0.217976478975032,-0.591845344274662
"5273",13,2,0.0117907570898169,-22.4295707376163,8.51763053487194,26,100,0.217976478975032,-0.591845344274662,53,1,-30.24516,50,0.4,0.6,40,"both",0.217976478975032,-0.591845344274662
"5274",13,2,0.0117907570898169,-22.4295707376163,8.51763053487194,26,100,0.217976478975032,-0.591845344274662,53,1,-15.08397,50,0.4,0.6,40,"both",0.217976478975032,-0.591845344274662
"5275",13,2,0.0117907570898169,-22.4295707376163,8.51763053487194,26,100,0.217976478975032,-0.591845344274662,53,0,-27.57438,50,0.4,0.6,40,"both",0.217976478975032,-0.591845344274662
"5276",13,2,0.0117907570898169,-22.4295707376163,8.51763053487194,26,100,0.217976478975032,-0.591845344274662,53,0,-33.80273,50,0.4,0.6,40,"both",0.217976478975032,-0.591845344274662
"5277",13,2,0.0117907570898169,-22.4295707376163,8.51763053487194,26,100,0.217976478975032,-0.591845344274662,53,0,-29.36119,50,0.4,0.6,40,"both",0.217976478975032,-0.591845344274662
"5278",13,2,0.0117907570898169,-22.4295707376163,8.51763053487194,26,100,0.217976478975032,-0.591845344274662,53,1,-13.89954,50,0.4,0.6,40,"both",0.217976478975032,-0.591845344274662
"5279",13,2,0.0117907570898169,-22.4295707376163,8.51763053487194,26,100,0.217976478975032,-0.591845344274662,53,1,-16.57986,50,0.4,0.6,40,"both",0.217976478975032,-0.591845344274662
"5280",13,2,0.0117907570898169,-22.4295707376163,8.51763053487194,26,100,0.217976478975032,-0.591845344274662,53,1,-16.84659,50,0.4,0.6,40,"both",0.217976478975032,-0.591845344274662
"5281",13,2,0.0117907570898169,-22.4295707376163,8.51763053487194,26,100,0.217976478975032,-0.591845344274662,53,1,-28.04571,50,0.4,0.6,40,"both",0.217976478975032,-0.591845344274662
"5282",13,2,0.0117907570898169,-22.4295707376163,8.51763053487194,26,100,0.217976478975032,-0.591845344274662,53,0,-18.59475,50,0.4,0.6,40,"both",0.217976478975032,-0.591845344274662
"5283",13,2,0.0117907570898169,-22.4295707376163,8.51763053487194,26,100,0.217976478975032,-0.591845344274662,53,0,-31.78412,50,0.4,0.6,40,"both",0.217976478975032,-0.591845344274662
"5284",13,2,0.0117907570898169,-22.4295707376163,8.51763053487194,26,100,0.217976478975032,-0.591845344274662,53,1,-14.46881,50,0.4,0.6,40,"both",0.217976478975032,-0.591845344274662
"5285",13,2,0.0117907570898169,-22.4295707376163,8.51763053487194,26,100,0.217976478975032,-0.591845344274662,53,1,-13.2835,50,0.4,0.6,40,"both",0.217976478975032,-0.591845344274662
"5286",13,2,0.0117907570898169,-22.4295707376163,8.51763053487194,26,100,0.217976478975032,-0.591845344274662,53,1,-16.92103,50,0.4,0.6,40,"both",0.217976478975032,-0.591845344274662
"5287",13,2,0.0117907570898169,-22.4295707376163,8.51763053487194,26,100,0.217976478975032,-0.591845344274662,53,0,-34.20067,50,0.4,0.6,40,"both",0.217976478975032,-0.591845344274662
"5288",13,2,0.0117907570898169,-22.4295707376163,8.51763053487194,26,100,0.217976478975032,-0.591845344274662,53,0,-18.02603,50,0.4,0.6,40,"both",0.217976478975032,-0.591845344274662
"5289",13,2,0.0117907570898169,-22.4295707376163,8.51763053487194,26,100,0.217976478975032,-0.591845344274662,53,0,-27.6978,50,0.4,0.6,40,"both",0.217976478975032,-0.591845344274662
"5290",13,2,0.0117907570898169,-22.4295707376163,8.51763053487194,26,100,0.217976478975032,-0.591845344274662,53,0,-33.4467,50,0.4,0.6,40,"both",0.217976478975032,-0.591845344274662
"5291",13,2,0.0117907570898169,-22.4295707376163,8.51763053487194,26,100,0.217976478975032,-0.591845344274662,53,1,-16.17814,50,0.4,0.6,40,"both",0.217976478975032,-0.591845344274662
"5292",13,2,0.0117907570898169,-22.4295707376163,8.51763053487194,26,100,0.217976478975032,-0.591845344274662,53,0,-30.40437,50,0.4,0.6,40,"both",0.217976478975032,-0.591845344274662
"5293",13,2,0.0117907570898169,-22.4295707376163,8.51763053487194,26,100,0.217976478975032,-0.591845344274662,53,1,-14.08035,50,0.4,0.6,40,"both",0.217976478975032,-0.591845344274662
"5294",13,2,0.0117907570898169,-22.4295707376163,8.51763053487194,26,100,0.217976478975032,-0.591845344274662,53,0,-32.8441,50,0.4,0.6,40,"both",0.217976478975032,-0.591845344274662
"5295",13,2,0.0117907570898169,-22.4295707376163,8.51763053487194,26,100,0.217976478975032,-0.591845344274662,53,1,-13.50197,50,0.4,0.6,40,"both",0.217976478975032,-0.591845344274662
"5296",13,2,0.0117907570898169,-22.4295707376163,8.51763053487194,26,100,0.217976478975032,-0.591845344274662,53,1,-13.66526,50,0.4,0.6,40,"both",0.217976478975032,-0.591845344274662
"5297",13,2,0.0117907570898169,-22.4295707376163,8.51763053487194,26,100,0.217976478975032,-0.591845344274662,53,1,-15.88131,50,0.4,0.6,40,"both",0.217976478975032,-0.591845344274662
"5298",13,2,0.0117907570898169,-22.4295707376163,8.51763053487194,26,100,0.217976478975032,-0.591845344274662,53,1,-15.56566,50,0.4,0.6,40,"both",0.217976478975032,-0.591845344274662
"5299",13,2,0.0117907570898169,-22.4295707376163,8.51763053487194,26,100,0.217976478975032,-0.591845344274662,53,0,-27.98262,50,0.4,0.6,40,"both",0.217976478975032,-0.591845344274662
"5300",13,2,0.0117907570898169,-22.4295707376163,8.51763053487194,26,100,0.217976478975032,-0.591845344274662,53,0,-22.12198,50,0.4,0.6,40,"both",0.217976478975032,-0.591845344274662
"5301",14,2,0.000770997409911159,-4.49443992194091,8.57145270508087,28,100,0.217976478975032,-0.591845344274662,54,0,-12.3281077591,50,0.4,0.6,40,"both",0.217976478975032,-0.591845344274662
"5302",14,2,0.000770997409911159,-4.49443992194091,8.57145270508087,28,100,0.217976478975032,-0.591845344274662,54,1,5.71783890692,50,0.4,0.6,40,"both",0.217976478975032,-0.591845344274662
"5303",14,2,0.000770997409911159,-4.49443992194091,8.57145270508087,28,100,0.217976478975032,-0.591845344274662,54,1,-1.53854115553,50,0.4,0.6,40,"both",0.217976478975032,-0.591845344274662
"5304",14,2,0.000770997409911159,-4.49443992194091,8.57145270508087,28,100,0.217976478975032,-0.591845344274662,54,0,-5.76561556886,50,0.4,0.6,40,"both",0.217976478975032,-0.591845344274662
"5305",14,2,0.000770997409911159,-4.49443992194091,8.57145270508087,28,100,0.217976478975032,-0.591845344274662,54,0,-2.4093762396,50,0.4,0.6,40,"both",0.217976478975032,-0.591845344274662
"5306",14,2,0.000770997409911159,-4.49443992194091,8.57145270508087,28,100,0.217976478975032,-0.591845344274662,54,1,3.23845,50,0.4,0.6,40,"both",0.217976478975032,-0.591845344274662
"5307",14,2,0.000770997409911159,-4.49443992194091,8.57145270508087,28,100,0.217976478975032,-0.591845344274662,54,0,-16.40828,50,0.4,0.6,40,"both",0.217976478975032,-0.591845344274662
"5308",14,2,0.000770997409911159,-4.49443992194091,8.57145270508087,28,100,0.217976478975032,-0.591845344274662,54,0,-4.10306,50,0.4,0.6,40,"both",0.217976478975032,-0.591845344274662
"5309",14,2,0.000770997409911159,-4.49443992194091,8.57145270508087,28,100,0.217976478975032,-0.591845344274662,54,0,-7.04973,50,0.4,0.6,40,"both",0.217976478975032,-0.591845344274662
"5310",14,2,0.000770997409911159,-4.49443992194091,8.57145270508087,28,100,0.217976478975032,-0.591845344274662,54,1,-0.96958,50,0.4,0.6,40,"both",0.217976478975032,-0.591845344274662
"5311",14,2,0.000770997409911159,-4.49443992194091,8.57145270508087,28,100,0.217976478975032,-0.591845344274662,54,1,0.45951,50,0.4,0.6,40,"both",0.217976478975032,-0.591845344274662
"5312",14,2,0.000770997409911159,-4.49443992194091,8.57145270508087,28,100,0.217976478975032,-0.591845344274662,54,0,-2.1549348,50,0.4,0.6,40,"both",0.217976478975032,-0.591845344274662
"5313",14,2,0.000770997409911159,-4.49443992194091,8.57145270508087,28,100,0.217976478975032,-0.591845344274662,54,1,-4.35584,50,0.4,0.6,40,"both",0.217976478975032,-0.591845344274662
"5314",14,2,0.000770997409911159,-4.49443992194091,8.57145270508087,28,100,0.217976478975032,-0.591845344274662,54,0,-19.746,50,0.4,0.6,40,"both",0.217976478975032,-0.591845344274662
"5315",14,2,0.000770997409911159,-4.49443992194091,8.57145270508087,28,100,0.217976478975032,-0.591845344274662,54,0,-31.2621,50,0.4,0.6,40,"both",0.217976478975032,-0.591845344274662
"5316",14,2,0.000770997409911159,-4.49443992194091,8.57145270508087,28,100,0.217976478975032,-0.591845344274662,54,0,-8.15444,50,0.4,0.6,40,"both",0.217976478975032,-0.591845344274662
"5317",14,2,0.000770997409911159,-4.49443992194091,8.57145270508087,28,100,0.217976478975032,-0.591845344274662,54,1,-5.5572,50,0.4,0.6,40,"both",0.217976478975032,-0.591845344274662
"5318",14,2,0.000770997409911159,-4.49443992194091,8.57145270508087,28,100,0.217976478975032,-0.591845344274662,54,1,4.776563,50,0.4,0.6,40,"both",0.217976478975032,-0.591845344274662
"5319",14,2,0.000770997409911159,-4.49443992194091,8.57145270508087,28,100,0.217976478975032,-0.591845344274662,54,1,4.31231,50,0.4,0.6,40,"both",0.217976478975032,-0.591845344274662
"5320",14,2,0.000770997409911159,-4.49443992194091,8.57145270508087,28,100,0.217976478975032,-0.591845344274662,54,0,-7.192581,50,0.4,0.6,40,"both",0.217976478975032,-0.591845344274662
"5321",14,2,0.000770997409911159,-4.49443992194091,8.57145270508087,28,100,0.217976478975032,-0.591845344274662,54,1,1.312506,50,0.4,0.6,40,"both",0.217976478975032,-0.591845344274662
"5322",14,2,0.000770997409911159,-4.49443992194091,8.57145270508087,28,100,0.217976478975032,-0.591845344274662,54,0,0.0462199999999999,50,0.4,0.6,40,"both",0.217976478975032,-0.591845344274662
"5323",14,2,0.000770997409911159,-4.49443992194091,8.57145270508087,28,100,0.217976478975032,-0.591845344274662,54,0,-3.99122,50,0.4,0.6,40,"both",0.217976478975032,-0.591845344274662
"5324",14,2,0.000770997409911159,-4.49443992194091,8.57145270508087,28,100,0.217976478975032,-0.591845344274662,54,1,0.10078,50,0.4,0.6,40,"both",0.217976478975032,-0.591845344274662
"5325",14,2,0.000770997409911159,-4.49443992194091,8.57145270508087,28,100,0.217976478975032,-0.591845344274662,54,0,-4.80943,50,0.4,0.6,40,"both",0.217976478975032,-0.591845344274662
"5326",14,2,0.000770997409911159,-4.49443992194091,8.57145270508087,28,100,0.217976478975032,-0.591845344274662,54,1,-13.29631,50,0.4,0.6,40,"both",0.217976478975032,-0.591845344274662
"5327",14,2,0.000770997409911159,-4.49443992194091,8.57145270508087,28,100,0.217976478975032,-0.591845344274662,54,0,-13.130516,50,0.4,0.6,40,"both",0.217976478975032,-0.591845344274662
"5328",14,2,0.000770997409911159,-4.49443992194091,8.57145270508087,28,100,0.217976478975032,-0.591845344274662,54,1,-15.53341,50,0.4,0.6,40,"both",0.217976478975032,-0.591845344274662
"5329",14,2,0.000770997409911159,-4.49443992194091,8.57145270508087,28,100,0.217976478975032,-0.591845344274662,54,1,4.19353,50,0.4,0.6,40,"both",0.217976478975032,-0.591845344274662
"5330",14,2,0.000770997409911159,-4.49443992194091,8.57145270508087,28,100,0.217976478975032,-0.591845344274662,54,1,0.91516,50,0.4,0.6,40,"both",0.217976478975032,-0.591845344274662
"5331",14,2,0.000770997409911159,-4.49443992194091,8.57145270508087,28,100,0.217976478975032,-0.591845344274662,54,1,-3.40904,50,0.4,0.6,40,"both",0.217976478975032,-0.591845344274662
"5332",14,2,0.000770997409911159,-4.49443992194091,8.57145270508087,28,100,0.217976478975032,-0.591845344274662,54,1,8.80097,50,0.4,0.6,40,"both",0.217976478975032,-0.591845344274662
"5333",14,2,0.000770997409911159,-4.49443992194091,8.57145270508087,28,100,0.217976478975032,-0.591845344274662,54,0,-1.07891,50,0.4,0.6,40,"both",0.217976478975032,-0.591845344274662
"5334",14,2,0.000770997409911159,-4.49443992194091,8.57145270508087,28,100,0.217976478975032,-0.591845344274662,54,1,-12.13892,50,0.4,0.6,40,"both",0.217976478975032,-0.591845344274662
"5335",14,2,0.000770997409911159,-4.49443992194091,8.57145270508087,28,100,0.217976478975032,-0.591845344274662,54,0,-13.56398,50,0.4,0.6,40,"both",0.217976478975032,-0.591845344274662
"5336",14,2,0.000770997409911159,-4.49443992194091,8.57145270508087,28,100,0.217976478975032,-0.591845344274662,54,1,-10.97947,50,0.4,0.6,40,"both",0.217976478975032,-0.591845344274662
"5337",14,2,0.000770997409911159,-4.49443992194091,8.57145270508087,28,100,0.217976478975032,-0.591845344274662,54,1,1.06932,50,0.4,0.6,40,"both",0.217976478975032,-0.591845344274662
"5338",14,2,0.000770997409911159,-4.49443992194091,8.57145270508087,28,100,0.217976478975032,-0.591845344274662,54,1,-16.78163,50,0.4,0.6,40,"both",0.217976478975032,-0.591845344274662
"5339",14,2,0.000770997409911159,-4.49443992194091,8.57145270508087,28,100,0.217976478975032,-0.591845344274662,54,0,-8.12703,50,0.4,0.6,40,"both",0.217976478975032,-0.591845344274662
"5340",14,2,0.000770997409911159,-4.49443992194091,8.57145270508087,28,100,0.217976478975032,-0.591845344274662,54,1,0.18222,50,0.4,0.6,40,"both",0.217976478975032,-0.591845344274662
"5341",14,2,0.000770997409911159,-4.49443992194091,8.57145270508087,28,100,0.217976478975032,-0.591845344274662,54,0,-7.27855,50,0.4,0.6,40,"both",0.217976478975032,-0.591845344274662
"5342",14,2,0.000770997409911159,-4.49443992194091,8.57145270508087,28,100,0.217976478975032,-0.591845344274662,54,1,6.69482,50,0.4,0.6,40,"both",0.217976478975032,-0.591845344274662
"5343",14,2,0.000770997409911159,-4.49443992194091,8.57145270508087,28,100,0.217976478975032,-0.591845344274662,54,0,-2.3275,50,0.4,0.6,40,"both",0.217976478975032,-0.591845344274662
"5344",14,2,0.000770997409911159,-4.49443992194091,8.57145270508087,28,100,0.217976478975032,-0.591845344274662,54,1,1.05807,50,0.4,0.6,40,"both",0.217976478975032,-0.591845344274662
"5345",14,2,0.000770997409911159,-4.49443992194091,8.57145270508087,28,100,0.217976478975032,-0.591845344274662,54,1,1.270067,50,0.4,0.6,40,"both",0.217976478975032,-0.591845344274662
"5346",14,2,0.000770997409911159,-4.49443992194091,8.57145270508087,28,100,0.217976478975032,-0.591845344274662,54,0,-7.48594,50,0.4,0.6,40,"both",0.217976478975032,-0.591845344274662
"5347",14,2,0.000770997409911159,-4.49443992194091,8.57145270508087,28,100,0.217976478975032,-0.591845344274662,54,1,-5.01279,50,0.4,0.6,40,"both",0.217976478975032,-0.591845344274662
"5348",14,2,0.000770997409911159,-4.49443992194091,8.57145270508087,28,100,0.217976478975032,-0.591845344274662,54,1,7.01795,50,0.4,0.6,40,"both",0.217976478975032,-0.591845344274662
"5349",14,2,0.000770997409911159,-4.49443992194091,8.57145270508087,28,100,0.217976478975032,-0.591845344274662,54,0,-26.80562,50,0.4,0.6,40,"both",0.217976478975032,-0.591845344274662
"5350",14,2,0.000770997409911159,-4.49443992194091,8.57145270508087,28,100,0.217976478975032,-0.591845344274662,54,1,-4.08472,50,0.4,0.6,40,"both",0.217976478975032,-0.591845344274662
"5351",14,2,0.000770997409911159,-4.49443992194091,8.57145270508087,28,100,0.217976478975032,-0.591845344274662,54,0,-6.25088,50,0.4,0.6,40,"both",0.217976478975032,-0.591845344274662
"5352",14,2,0.000770997409911159,-4.49443992194091,8.57145270508087,28,100,0.217976478975032,-0.591845344274662,54,1,3.09987,50,0.4,0.6,40,"both",0.217976478975032,-0.591845344274662
"5353",14,2,0.000770997409911159,-4.49443992194091,8.57145270508087,28,100,0.217976478975032,-0.591845344274662,54,1,13.86522,50,0.4,0.6,40,"both",0.217976478975032,-0.591845344274662
"5354",14,2,0.000770997409911159,-4.49443992194091,8.57145270508087,28,100,0.217976478975032,-0.591845344274662,54,1,-13.84725,50,0.4,0.6,40,"both",0.217976478975032,-0.591845344274662
"5355",14,2,0.000770997409911159,-4.49443992194091,8.57145270508087,28,100,0.217976478975032,-0.591845344274662,54,1,0.11918,50,0.4,0.6,40,"both",0.217976478975032,-0.591845344274662
"5356",14,2,0.000770997409911159,-4.49443992194091,8.57145270508087,28,100,0.217976478975032,-0.591845344274662,54,1,-2.30416,50,0.4,0.6,40,"both",0.217976478975032,-0.591845344274662
"5357",14,2,0.000770997409911159,-4.49443992194091,8.57145270508087,28,100,0.217976478975032,-0.591845344274662,54,1,12.77684,50,0.4,0.6,40,"both",0.217976478975032,-0.591845344274662
"5358",14,2,0.000770997409911159,-4.49443992194091,8.57145270508087,28,100,0.217976478975032,-0.591845344274662,54,0,-13.17679,50,0.4,0.6,40,"both",0.217976478975032,-0.591845344274662
"5359",14,2,0.000770997409911159,-4.49443992194091,8.57145270508087,28,100,0.217976478975032,-0.591845344274662,54,0,1.47008,50,0.4,0.6,40,"both",0.217976478975032,-0.591845344274662
"5360",14,2,0.000770997409911159,-4.49443992194091,8.57145270508087,28,100,0.217976478975032,-0.591845344274662,54,1,4.96863,50,0.4,0.6,40,"both",0.217976478975032,-0.591845344274662
"5361",14,2,0.000770997409911159,-4.49443992194091,8.57145270508087,28,100,0.217976478975032,-0.591845344274662,54,1,-0.17592,50,0.4,0.6,40,"both",0.217976478975032,-0.591845344274662
"5362",14,2,0.000770997409911159,-4.49443992194091,8.57145270508087,28,100,0.217976478975032,-0.591845344274662,54,0,-20.32353,50,0.4,0.6,40,"both",0.217976478975032,-0.591845344274662
"5363",14,2,0.000770997409911159,-4.49443992194091,8.57145270508087,28,100,0.217976478975032,-0.591845344274662,54,0,-14.42827,50,0.4,0.6,40,"both",0.217976478975032,-0.591845344274662
"5364",14,2,0.000770997409911159,-4.49443992194091,8.57145270508087,28,100,0.217976478975032,-0.591845344274662,54,0,-5.66122,50,0.4,0.6,40,"both",0.217976478975032,-0.591845344274662
"5365",14,2,0.000770997409911159,-4.49443992194091,8.57145270508087,28,100,0.217976478975032,-0.591845344274662,54,1,-0.14565,50,0.4,0.6,40,"both",0.217976478975032,-0.591845344274662
"5366",14,2,0.000770997409911159,-4.49443992194091,8.57145270508087,28,100,0.217976478975032,-0.591845344274662,54,1,-0.17133,50,0.4,0.6,40,"both",0.217976478975032,-0.591845344274662
"5367",14,2,0.000770997409911159,-4.49443992194091,8.57145270508087,28,100,0.217976478975032,-0.591845344274662,54,1,-3.2663,50,0.4,0.6,40,"both",0.217976478975032,-0.591845344274662
"5368",14,2,0.000770997409911159,-4.49443992194091,8.57145270508087,28,100,0.217976478975032,-0.591845344274662,54,0,-1.82113,50,0.4,0.6,40,"both",0.217976478975032,-0.591845344274662
"5369",14,2,0.000770997409911159,-4.49443992194091,8.57145270508087,28,100,0.217976478975032,-0.591845344274662,54,0,0.85301,50,0.4,0.6,40,"both",0.217976478975032,-0.591845344274662
"5370",14,2,0.000770997409911159,-4.49443992194091,8.57145270508087,28,100,0.217976478975032,-0.591845344274662,54,0,-21.9712,50,0.4,0.6,40,"both",0.217976478975032,-0.591845344274662
"5371",14,2,0.000770997409911159,-4.49443992194091,8.57145270508087,28,100,0.217976478975032,-0.591845344274662,54,0,-13.35681,50,0.4,0.6,40,"both",0.217976478975032,-0.591845344274662
"5372",14,2,0.000770997409911159,-4.49443992194091,8.57145270508087,28,100,0.217976478975032,-0.591845344274662,54,1,7.82647,50,0.4,0.6,40,"both",0.217976478975032,-0.591845344274662
"5373",14,2,0.000770997409911159,-4.49443992194091,8.57145270508087,28,100,0.217976478975032,-0.591845344274662,54,1,4.55176,50,0.4,0.6,40,"both",0.217976478975032,-0.591845344274662
"5374",14,2,0.000770997409911159,-4.49443992194091,8.57145270508087,28,100,0.217976478975032,-0.591845344274662,54,0,-14.22461,50,0.4,0.6,40,"both",0.217976478975032,-0.591845344274662
"5375",14,2,0.000770997409911159,-4.49443992194091,8.57145270508087,28,100,0.217976478975032,-0.591845344274662,54,0,-0.93801,50,0.4,0.6,40,"both",0.217976478975032,-0.591845344274662
"5376",14,2,0.000770997409911159,-4.49443992194091,8.57145270508087,28,100,0.217976478975032,-0.591845344274662,54,1,-7.44482,50,0.4,0.6,40,"both",0.217976478975032,-0.591845344274662
"5377",14,2,0.000770997409911159,-4.49443992194091,8.57145270508087,28,100,0.217976478975032,-0.591845344274662,54,1,-2.11039,50,0.4,0.6,40,"both",0.217976478975032,-0.591845344274662
"5378",14,2,0.000770997409911159,-4.49443992194091,8.57145270508087,28,100,0.217976478975032,-0.591845344274662,54,1,-11.10334,50,0.4,0.6,40,"both",0.217976478975032,-0.591845344274662
"5379",14,2,0.000770997409911159,-4.49443992194091,8.57145270508087,28,100,0.217976478975032,-0.591845344274662,54,1,6.11137,50,0.4,0.6,40,"both",0.217976478975032,-0.591845344274662
"5380",14,2,0.000770997409911159,-4.49443992194091,8.57145270508087,28,100,0.217976478975032,-0.591845344274662,54,0,-15.95082,50,0.4,0.6,40,"both",0.217976478975032,-0.591845344274662
"5381",14,2,0.000770997409911159,-4.49443992194091,8.57145270508087,28,100,0.217976478975032,-0.591845344274662,54,0,-16.72664,50,0.4,0.6,40,"both",0.217976478975032,-0.591845344274662
"5382",14,2,0.000770997409911159,-4.49443992194091,8.57145270508087,28,100,0.217976478975032,-0.591845344274662,54,1,3.53024,50,0.4,0.6,40,"both",0.217976478975032,-0.591845344274662
"5383",14,2,0.000770997409911159,-4.49443992194091,8.57145270508087,28,100,0.217976478975032,-0.591845344274662,54,1,8.61678,50,0.4,0.6,40,"both",0.217976478975032,-0.591845344274662
"5384",14,2,0.000770997409911159,-4.49443992194091,8.57145270508087,28,100,0.217976478975032,-0.591845344274662,54,1,4.87244,50,0.4,0.6,40,"both",0.217976478975032,-0.591845344274662
"5385",14,2,0.000770997409911159,-4.49443992194091,8.57145270508087,28,100,0.217976478975032,-0.591845344274662,54,0,-17.61867,50,0.4,0.6,40,"both",0.217976478975032,-0.591845344274662
"5386",14,2,0.000770997409911159,-4.49443992194091,8.57145270508087,28,100,0.217976478975032,-0.591845344274662,54,0,-10.85048,50,0.4,0.6,40,"both",0.217976478975032,-0.591845344274662
"5387",14,2,0.000770997409911159,-4.49443992194091,8.57145270508087,28,100,0.217976478975032,-0.591845344274662,54,0,-1.18236,50,0.4,0.6,40,"both",0.217976478975032,-0.591845344274662
"5388",14,2,0.000770997409911159,-4.49443992194091,8.57145270508087,28,100,0.217976478975032,-0.591845344274662,54,0,-16.73654,50,0.4,0.6,40,"both",0.217976478975032,-0.591845344274662
"5389",14,2,0.000770997409911159,-4.49443992194091,8.57145270508087,28,100,0.217976478975032,-0.591845344274662,54,1,7.04081,50,0.4,0.6,40,"both",0.217976478975032,-0.591845344274662
"5390",14,2,0.000770997409911159,-4.49443992194091,8.57145270508087,28,100,0.217976478975032,-0.591845344274662,54,0,-3.00604,50,0.4,0.6,40,"both",0.217976478975032,-0.591845344274662
"5391",14,2,0.000770997409911159,-4.49443992194091,8.57145270508087,28,100,0.217976478975032,-0.591845344274662,54,0,-13.09438,50,0.4,0.6,40,"both",0.217976478975032,-0.591845344274662
"5392",14,2,0.000770997409911159,-4.49443992194091,8.57145270508087,28,100,0.217976478975032,-0.591845344274662,54,1,-2.78468,50,0.4,0.6,40,"both",0.217976478975032,-0.591845344274662
"5393",14,2,0.000770997409911159,-4.49443992194091,8.57145270508087,28,100,0.217976478975032,-0.591845344274662,54,1,-12.29103,50,0.4,0.6,40,"both",0.217976478975032,-0.591845344274662
"5394",14,2,0.000770997409911159,-4.49443992194091,8.57145270508087,28,100,0.217976478975032,-0.591845344274662,54,1,0.57967,50,0.4,0.6,40,"both",0.217976478975032,-0.591845344274662
"5395",14,2,0.000770997409911159,-4.49443992194091,8.57145270508087,28,100,0.217976478975032,-0.591845344274662,54,0,-2.56538,50,0.4,0.6,40,"both",0.217976478975032,-0.591845344274662
"5396",14,2,0.000770997409911159,-4.49443992194091,8.57145270508087,28,100,0.217976478975032,-0.591845344274662,54,1,2.85449,50,0.4,0.6,40,"both",0.217976478975032,-0.591845344274662
"5397",14,2,0.000770997409911159,-4.49443992194091,8.57145270508087,28,100,0.217976478975032,-0.591845344274662,54,0,-15.45326,50,0.4,0.6,40,"both",0.217976478975032,-0.591845344274662
"5398",14,2,0.000770997409911159,-4.49443992194091,8.57145270508087,28,100,0.217976478975032,-0.591845344274662,54,0,-18.17239,50,0.4,0.6,40,"both",0.217976478975032,-0.591845344274662
"5399",14,2,0.000770997409911159,-4.49443992194091,8.57145270508087,28,100,0.217976478975032,-0.591845344274662,54,0,-16.8142,50,0.4,0.6,40,"both",0.217976478975032,-0.591845344274662
"5400",14,2,0.000770997409911159,-4.49443992194091,8.57145270508087,28,100,0.217976478975032,-0.591845344274662,54,1,3.75308,50,0.4,0.6,40,"both",0.217976478975032,-0.591845344274662
"5401",15,2,0.0257466949337391,-28.709594600859,11.9409901286427,30,100,0.217976478975032,-0.591845344274662,55,1,-9.2900348937,50,0.4,0.6,40,"both",0.217976478975032,-0.591845344274662
"5402",15,2,0.0257466949337391,-28.709594600859,11.9409901286427,30,100,0.217976478975032,-0.591845344274662,55,1,-6.2164009746,50,0.4,0.6,40,"both",0.217976478975032,-0.591845344274662
"5403",15,2,0.0257466949337391,-28.709594600859,11.9409901286427,30,100,0.217976478975032,-0.591845344274662,55,1,-12.968659113,50,0.4,0.6,40,"both",0.217976478975032,-0.591845344274662
"5404",15,2,0.0257466949337391,-28.709594600859,11.9409901286427,30,100,0.217976478975032,-0.591845344274662,55,0,-21.98208393,50,0.4,0.6,40,"both",0.217976478975032,-0.591845344274662
"5405",15,2,0.0257466949337391,-28.709594600859,11.9409901286427,30,100,0.217976478975032,-0.591845344274662,55,1,-16.17670352,50,0.4,0.6,40,"both",0.217976478975032,-0.591845344274662
"5406",15,2,0.0257466949337391,-28.709594600859,11.9409901286427,30,100,0.217976478975032,-0.591845344274662,55,1,-17.13872,50,0.4,0.6,40,"both",0.217976478975032,-0.591845344274662
"5407",15,2,0.0257466949337391,-28.709594600859,11.9409901286427,30,100,0.217976478975032,-0.591845344274662,55,0,-28.8011,50,0.4,0.6,40,"both",0.217976478975032,-0.591845344274662
"5408",15,2,0.0257466949337391,-28.709594600859,11.9409901286427,30,100,0.217976478975032,-0.591845344274662,55,0,-29.47042,50,0.4,0.6,40,"both",0.217976478975032,-0.591845344274662
"5409",15,2,0.0257466949337391,-28.709594600859,11.9409901286427,30,100,0.217976478975032,-0.591845344274662,55,1,-18.67038,50,0.4,0.6,40,"both",0.217976478975032,-0.591845344274662
"5410",15,2,0.0257466949337391,-28.709594600859,11.9409901286427,30,100,0.217976478975032,-0.591845344274662,55,1,-18.29988,50,0.4,0.6,40,"both",0.217976478975032,-0.591845344274662
"5411",15,2,0.0257466949337391,-28.709594600859,11.9409901286427,30,100,0.217976478975032,-0.591845344274662,55,1,-17.11633,50,0.4,0.6,40,"both",0.217976478975032,-0.591845344274662
"5412",15,2,0.0257466949337391,-28.709594600859,11.9409901286427,30,100,0.217976478975032,-0.591845344274662,55,1,-26.04856,50,0.4,0.6,40,"both",0.217976478975032,-0.591845344274662
"5413",15,2,0.0257466949337391,-28.709594600859,11.9409901286427,30,100,0.217976478975032,-0.591845344274662,55,0,-29.80443,50,0.4,0.6,40,"both",0.217976478975032,-0.591845344274662
"5414",15,2,0.0257466949337391,-28.709594600859,11.9409901286427,30,100,0.217976478975032,-0.591845344274662,55,1,-12.633,50,0.4,0.6,40,"both",0.217976478975032,-0.591845344274662
"5415",15,2,0.0257466949337391,-28.709594600859,11.9409901286427,30,100,0.217976478975032,-0.591845344274662,55,1,-16.06502,50,0.4,0.6,40,"both",0.217976478975032,-0.591845344274662
"5416",15,2,0.0257466949337391,-28.709594600859,11.9409901286427,30,100,0.217976478975032,-0.591845344274662,55,0,-25.4417,50,0.4,0.6,40,"both",0.217976478975032,-0.591845344274662
"5417",15,2,0.0257466949337391,-28.709594600859,11.9409901286427,30,100,0.217976478975032,-0.591845344274662,55,0,-26.47466,50,0.4,0.6,40,"both",0.217976478975032,-0.591845344274662
"5418",15,2,0.0257466949337391,-28.709594600859,11.9409901286427,30,100,0.217976478975032,-0.591845344274662,55,1,-8.9892,50,0.4,0.6,40,"both",0.217976478975032,-0.591845344274662
"5419",15,2,0.0257466949337391,-28.709594600859,11.9409901286427,30,100,0.217976478975032,-0.591845344274662,55,0,-32.2989,50,0.4,0.6,40,"both",0.217976478975032,-0.591845344274662
"5420",15,2,0.0257466949337391,-28.709594600859,11.9409901286427,30,100,0.217976478975032,-0.591845344274662,55,1,-21.26239,50,0.4,0.6,40,"both",0.217976478975032,-0.591845344274662
"5421",15,2,0.0257466949337391,-28.709594600859,11.9409901286427,30,100,0.217976478975032,-0.591845344274662,55,0,-29.65895,50,0.4,0.6,40,"both",0.217976478975032,-0.591845344274662
"5422",15,2,0.0257466949337391,-28.709594600859,11.9409901286427,30,100,0.217976478975032,-0.591845344274662,55,0,-32.18855,50,0.4,0.6,40,"both",0.217976478975032,-0.591845344274662
"5423",15,2,0.0257466949337391,-28.709594600859,11.9409901286427,30,100,0.217976478975032,-0.591845344274662,55,1,-16.47795,50,0.4,0.6,40,"both",0.217976478975032,-0.591845344274662
"5424",15,2,0.0257466949337391,-28.709594600859,11.9409901286427,30,100,0.217976478975032,-0.591845344274662,55,0,-17.07061,50,0.4,0.6,40,"both",0.217976478975032,-0.591845344274662
"5425",15,2,0.0257466949337391,-28.709594600859,11.9409901286427,30,100,0.217976478975032,-0.591845344274662,55,1,-28.75477,50,0.4,0.6,40,"both",0.217976478975032,-0.591845344274662
"5426",15,2,0.0257466949337391,-28.709594600859,11.9409901286427,30,100,0.217976478975032,-0.591845344274662,55,1,-30.20338,50,0.4,0.6,40,"both",0.217976478975032,-0.591845344274662
"5427",15,2,0.0257466949337391,-28.709594600859,11.9409901286427,30,100,0.217976478975032,-0.591845344274662,55,1,-23.33271,50,0.4,0.6,40,"both",0.217976478975032,-0.591845344274662
"5428",15,2,0.0257466949337391,-28.709594600859,11.9409901286427,30,100,0.217976478975032,-0.591845344274662,55,1,-29.83595,50,0.4,0.6,40,"both",0.217976478975032,-0.591845344274662
"5429",15,2,0.0257466949337391,-28.709594600859,11.9409901286427,30,100,0.217976478975032,-0.591845344274662,55,1,-9.4525,50,0.4,0.6,40,"both",0.217976478975032,-0.591845344274662
"5430",15,2,0.0257466949337391,-28.709594600859,11.9409901286427,30,100,0.217976478975032,-0.591845344274662,55,0,-29.81129,50,0.4,0.6,40,"both",0.217976478975032,-0.591845344274662
"5431",15,2,0.0257466949337391,-28.709594600859,11.9409901286427,30,100,0.217976478975032,-0.591845344274662,55,1,-29.76483,50,0.4,0.6,40,"both",0.217976478975032,-0.591845344274662
"5432",15,2,0.0257466949337391,-28.709594600859,11.9409901286427,30,100,0.217976478975032,-0.591845344274662,55,1,-34.63673,50,0.4,0.6,40,"both",0.217976478975032,-0.591845344274662
"5433",15,2,0.0257466949337391,-28.709594600859,11.9409901286427,30,100,0.217976478975032,-0.591845344274662,55,1,-20.25247,50,0.4,0.6,40,"both",0.217976478975032,-0.591845344274662
"5434",15,2,0.0257466949337391,-28.709594600859,11.9409901286427,30,100,0.217976478975032,-0.591845344274662,55,1,-18.88473,50,0.4,0.6,40,"both",0.217976478975032,-0.591845344274662
"5435",15,2,0.0257466949337391,-28.709594600859,11.9409901286427,30,100,0.217976478975032,-0.591845344274662,55,1,-21.74592,50,0.4,0.6,40,"both",0.217976478975032,-0.591845344274662
"5436",15,2,0.0257466949337391,-28.709594600859,11.9409901286427,30,100,0.217976478975032,-0.591845344274662,55,0,-35.98601,50,0.4,0.6,40,"both",0.217976478975032,-0.591845344274662
"5437",15,2,0.0257466949337391,-28.709594600859,11.9409901286427,30,100,0.217976478975032,-0.591845344274662,55,1,-19.88253,50,0.4,0.6,40,"both",0.217976478975032,-0.591845344274662
"5438",15,2,0.0257466949337391,-28.709594600859,11.9409901286427,30,100,0.217976478975032,-0.591845344274662,55,0,-22.29257,50,0.4,0.6,40,"both",0.217976478975032,-0.591845344274662
"5439",15,2,0.0257466949337391,-28.709594600859,11.9409901286427,30,100,0.217976478975032,-0.591845344274662,55,0,-28.92027,50,0.4,0.6,40,"both",0.217976478975032,-0.591845344274662
"5440",15,2,0.0257466949337391,-28.709594600859,11.9409901286427,30,100,0.217976478975032,-0.591845344274662,55,1,-20.69553,50,0.4,0.6,40,"both",0.217976478975032,-0.591845344274662
"5441",15,2,0.0257466949337391,-28.709594600859,11.9409901286427,30,100,0.217976478975032,-0.591845344274662,55,1,-21.50106,50,0.4,0.6,40,"both",0.217976478975032,-0.591845344274662
"5442",15,2,0.0257466949337391,-28.709594600859,11.9409901286427,30,100,0.217976478975032,-0.591845344274662,55,1,-16.02534,50,0.4,0.6,40,"both",0.217976478975032,-0.591845344274662
"5443",15,2,0.0257466949337391,-28.709594600859,11.9409901286427,30,100,0.217976478975032,-0.591845344274662,55,1,-31.28818,50,0.4,0.6,40,"both",0.217976478975032,-0.591845344274662
"5444",15,2,0.0257466949337391,-28.709594600859,11.9409901286427,30,100,0.217976478975032,-0.591845344274662,55,1,-38.66697,50,0.4,0.6,40,"both",0.217976478975032,-0.591845344274662
"5445",15,2,0.0257466949337391,-28.709594600859,11.9409901286427,30,100,0.217976478975032,-0.591845344274662,55,1,-15.3541,50,0.4,0.6,40,"both",0.217976478975032,-0.591845344274662
"5446",15,2,0.0257466949337391,-28.709594600859,11.9409901286427,30,100,0.217976478975032,-0.591845344274662,55,1,-15.3332,50,0.4,0.6,40,"both",0.217976478975032,-0.591845344274662
"5447",15,2,0.0257466949337391,-28.709594600859,11.9409901286427,30,100,0.217976478975032,-0.591845344274662,55,1,-39.5225,50,0.4,0.6,40,"both",0.217976478975032,-0.591845344274662
"5448",15,2,0.0257466949337391,-28.709594600859,11.9409901286427,30,100,0.217976478975032,-0.591845344274662,55,1,-41.2081,50,0.4,0.6,40,"both",0.217976478975032,-0.591845344274662
"5449",15,2,0.0257466949337391,-28.709594600859,11.9409901286427,30,100,0.217976478975032,-0.591845344274662,55,1,-8.4739,50,0.4,0.6,40,"both",0.217976478975032,-0.591845344274662
"5450",15,2,0.0257466949337391,-28.709594600859,11.9409901286427,30,100,0.217976478975032,-0.591845344274662,55,1,-2.2283,50,0.4,0.6,40,"both",0.217976478975032,-0.591845344274662
"5451",15,2,0.0257466949337391,-28.709594600859,11.9409901286427,30,100,0.217976478975032,-0.591845344274662,55,1,14.3418,50,0.4,0.6,40,"both",0.217976478975032,-0.591845344274662
"5452",15,2,0.0257466949337391,-28.709594600859,11.9409901286427,30,100,0.217976478975032,-0.591845344274662,55,1,-10.3176,50,0.4,0.6,40,"both",0.217976478975032,-0.591845344274662
"5453",15,2,0.0257466949337391,-28.709594600859,11.9409901286427,30,100,0.217976478975032,-0.591845344274662,55,0,-37.82642,50,0.4,0.6,40,"both",0.217976478975032,-0.591845344274662
"5454",15,2,0.0257466949337391,-28.709594600859,11.9409901286427,30,100,0.217976478975032,-0.591845344274662,55,1,-38.37038,50,0.4,0.6,40,"both",0.217976478975032,-0.591845344274662
"5455",15,2,0.0257466949337391,-28.709594600859,11.9409901286427,30,100,0.217976478975032,-0.591845344274662,55,1,-18.8544,50,0.4,0.6,40,"both",0.217976478975032,-0.591845344274662
"5456",15,2,0.0257466949337391,-28.709594600859,11.9409901286427,30,100,0.217976478975032,-0.591845344274662,55,0,-40.85361,50,0.4,0.6,40,"both",0.217976478975032,-0.591845344274662
"5457",15,2,0.0257466949337391,-28.709594600859,11.9409901286427,30,100,0.217976478975032,-0.591845344274662,55,0,-46.6979,50,0.4,0.6,40,"both",0.217976478975032,-0.591845344274662
"5458",15,2,0.0257466949337391,-28.709594600859,11.9409901286427,30,100,0.217976478975032,-0.591845344274662,55,0,-15.2756,50,0.4,0.6,40,"both",0.217976478975032,-0.591845344274662
"5459",15,2,0.0257466949337391,-28.709594600859,11.9409901286427,30,100,0.217976478975032,-0.591845344274662,55,1,-13.1878,50,0.4,0.6,40,"both",0.217976478975032,-0.591845344274662
"5460",15,2,0.0257466949337391,-28.709594600859,11.9409901286427,30,100,0.217976478975032,-0.591845344274662,55,1,-21.8319,50,0.4,0.6,40,"both",0.217976478975032,-0.591845344274662
"5461",15,2,0.0257466949337391,-28.709594600859,11.9409901286427,30,100,0.217976478975032,-0.591845344274662,55,1,-15.3025,50,0.4,0.6,40,"both",0.217976478975032,-0.591845344274662
"5462",15,2,0.0257466949337391,-28.709594600859,11.9409901286427,30,100,0.217976478975032,-0.591845344274662,55,0,-42.2622,50,0.4,0.6,40,"both",0.217976478975032,-0.591845344274662
"5463",15,2,0.0257466949337391,-28.709594600859,11.9409901286427,30,100,0.217976478975032,-0.591845344274662,55,1,-32.1439728,50,0.4,0.6,40,"both",0.217976478975032,-0.591845344274662
"5464",15,2,0.0257466949337391,-28.709594600859,11.9409901286427,30,100,0.217976478975032,-0.591845344274662,55,1,-18.7325,50,0.4,0.6,40,"both",0.217976478975032,-0.591845344274662
"5465",15,2,0.0257466949337391,-28.709594600859,11.9409901286427,30,100,0.217976478975032,-0.591845344274662,55,0,-38.23804,50,0.4,0.6,40,"both",0.217976478975032,-0.591845344274662
"5466",15,2,0.0257466949337391,-28.709594600859,11.9409901286427,30,100,0.217976478975032,-0.591845344274662,55,1,-24.10087,50,0.4,0.6,40,"both",0.217976478975032,-0.591845344274662
"5467",15,2,0.0257466949337391,-28.709594600859,11.9409901286427,30,100,0.217976478975032,-0.591845344274662,55,0,-42.8118,50,0.4,0.6,40,"both",0.217976478975032,-0.591845344274662
"5468",15,2,0.0257466949337391,-28.709594600859,11.9409901286427,30,100,0.217976478975032,-0.591845344274662,55,0,-46.4117,50,0.4,0.6,40,"both",0.217976478975032,-0.591845344274662
"5469",15,2,0.0257466949337391,-28.709594600859,11.9409901286427,30,100,0.217976478975032,-0.591845344274662,55,1,-16.2656,50,0.4,0.6,40,"both",0.217976478975032,-0.591845344274662
"5470",15,2,0.0257466949337391,-28.709594600859,11.9409901286427,30,100,0.217976478975032,-0.591845344274662,55,0,-46.9852,50,0.4,0.6,40,"both",0.217976478975032,-0.591845344274662
"5471",15,2,0.0257466949337391,-28.709594600859,11.9409901286427,30,100,0.217976478975032,-0.591845344274662,55,1,-17.3579,50,0.4,0.6,40,"both",0.217976478975032,-0.591845344274662
"5472",15,2,0.0257466949337391,-28.709594600859,11.9409901286427,30,100,0.217976478975032,-0.591845344274662,55,1,-7.9262,50,0.4,0.6,40,"both",0.217976478975032,-0.591845344274662
"5473",15,2,0.0257466949337391,-28.709594600859,11.9409901286427,30,100,0.217976478975032,-0.591845344274662,55,1,-43.98164,50,0.4,0.6,40,"both",0.217976478975032,-0.591845344274662
"5474",15,2,0.0257466949337391,-28.709594600859,11.9409901286427,30,100,0.217976478975032,-0.591845344274662,55,0,-32.900903,50,0.4,0.6,40,"both",0.217976478975032,-0.591845344274662
"5475",15,2,0.0257466949337391,-28.709594600859,11.9409901286427,30,100,0.217976478975032,-0.591845344274662,55,1,-26.4948,50,0.4,0.6,40,"both",0.217976478975032,-0.591845344274662
"5476",15,2,0.0257466949337391,-28.709594600859,11.9409901286427,30,100,0.217976478975032,-0.591845344274662,55,0,-32.5353573,50,0.4,0.6,40,"both",0.217976478975032,-0.591845344274662
"5477",15,2,0.0257466949337391,-28.709594600859,11.9409901286427,30,100,0.217976478975032,-0.591845344274662,55,1,-20.0278,50,0.4,0.6,40,"both",0.217976478975032,-0.591845344274662
"5478",15,2,0.0257466949337391,-28.709594600859,11.9409901286427,30,100,0.217976478975032,-0.591845344274662,55,0,-39.79693,50,0.4,0.6,40,"both",0.217976478975032,-0.591845344274662
"5479",15,2,0.0257466949337391,-28.709594600859,11.9409901286427,30,100,0.217976478975032,-0.591845344274662,55,1,-18.4556,50,0.4,0.6,40,"both",0.217976478975032,-0.591845344274662
"5480",15,2,0.0257466949337391,-28.709594600859,11.9409901286427,30,100,0.217976478975032,-0.591845344274662,55,1,-14.2721,50,0.4,0.6,40,"both",0.217976478975032,-0.591845344274662
"5481",15,2,0.0257466949337391,-28.709594600859,11.9409901286427,30,100,0.217976478975032,-0.591845344274662,55,0,-42.1123,50,0.4,0.6,40,"both",0.217976478975032,-0.591845344274662
"5482",15,2,0.0257466949337391,-28.709594600859,11.9409901286427,30,100,0.217976478975032,-0.591845344274662,55,0,-40.7787,50,0.4,0.6,40,"both",0.217976478975032,-0.591845344274662
"5483",15,2,0.0257466949337391,-28.709594600859,11.9409901286427,30,100,0.217976478975032,-0.591845344274662,55,1,-20.366,50,0.4,0.6,40,"both",0.217976478975032,-0.591845344274662
"5484",15,2,0.0257466949337391,-28.709594600859,11.9409901286427,30,100,0.217976478975032,-0.591845344274662,55,1,-18.5239,50,0.4,0.6,40,"both",0.217976478975032,-0.591845344274662
"5485",15,2,0.0257466949337391,-28.709594600859,11.9409901286427,30,100,0.217976478975032,-0.591845344274662,55,0,-32.81941,50,0.4,0.6,40,"both",0.217976478975032,-0.591845344274662
"5486",15,2,0.0257466949337391,-28.709594600859,11.9409901286427,30,100,0.217976478975032,-0.591845344274662,55,0,-43.0905,50,0.4,0.6,40,"both",0.217976478975032,-0.591845344274662
"5487",15,2,0.0257466949337391,-28.709594600859,11.9409901286427,30,100,0.217976478975032,-0.591845344274662,55,0,-43.5829,50,0.4,0.6,40,"both",0.217976478975032,-0.591845344274662
"5488",15,2,0.0257466949337391,-28.709594600859,11.9409901286427,30,100,0.217976478975032,-0.591845344274662,55,0,-42.3492,50,0.4,0.6,40,"both",0.217976478975032,-0.591845344274662
"5489",15,2,0.0257466949337391,-28.709594600859,11.9409901286427,30,100,0.217976478975032,-0.591845344274662,55,0,-39.4361,50,0.4,0.6,40,"both",0.217976478975032,-0.591845344274662
"5490",15,2,0.0257466949337391,-28.709594600859,11.9409901286427,30,100,0.217976478975032,-0.591845344274662,55,1,-17.2005,50,0.4,0.6,40,"both",0.217976478975032,-0.591845344274662
"5491",15,2,0.0257466949337391,-28.709594600859,11.9409901286427,30,100,0.217976478975032,-0.591845344274662,55,0,-18.0035,50,0.4,0.6,40,"both",0.217976478975032,-0.591845344274662
"5492",15,2,0.0257466949337391,-28.709594600859,11.9409901286427,30,100,0.217976478975032,-0.591845344274662,55,1,-19.24642,50,0.4,0.6,40,"both",0.217976478975032,-0.591845344274662
"5493",15,2,0.0257466949337391,-28.709594600859,11.9409901286427,30,100,0.217976478975032,-0.591845344274662,55,0,-41.42877,50,0.4,0.6,40,"both",0.217976478975032,-0.591845344274662
"5494",15,2,0.0257466949337391,-28.709594600859,11.9409901286427,30,100,0.217976478975032,-0.591845344274662,55,0,-44.6854,50,0.4,0.6,40,"both",0.217976478975032,-0.591845344274662
"5495",15,2,0.0257466949337391,-28.709594600859,11.9409901286427,30,100,0.217976478975032,-0.591845344274662,55,0,-16.7509,50,0.4,0.6,40,"both",0.217976478975032,-0.591845344274662
"5496",15,2,0.0257466949337391,-28.709594600859,11.9409901286427,30,100,0.217976478975032,-0.591845344274662,55,0,-14.0809,50,0.4,0.6,40,"both",0.217976478975032,-0.591845344274662
"5497",15,2,0.0257466949337391,-28.709594600859,11.9409901286427,30,100,0.217976478975032,-0.591845344274662,55,1,-18.8104,50,0.4,0.6,40,"both",0.217976478975032,-0.591845344274662
"5498",15,2,0.0257466949337391,-28.709594600859,11.9409901286427,30,100,0.217976478975032,-0.591845344274662,55,1,-22.17924,50,0.4,0.6,40,"both",0.217976478975032,-0.591845344274662
"5499",15,2,0.0257466949337391,-28.709594600859,11.9409901286427,30,100,0.217976478975032,-0.591845344274662,55,1,-41.2643,50,0.4,0.6,40,"both",0.217976478975032,-0.591845344274662
"5500",15,2,0.0257466949337391,-28.709594600859,11.9409901286427,30,100,0.217976478975032,-0.591845344274662,55,1,-25.90892,50,0.4,0.6,40,"both",0.217976478975032,-0.591845344274662
"5501",16,2,0.0163560809430878,-4.86885143315419,12.679329091281,32,100,0.217976478975032,-0.591845344274662,56,1,-6.359812687,50,0.4,0.6,40,"both",0.217976478975032,-0.591845344274662
"5502",16,2,0.0163560809430878,-4.86885143315419,12.679329091281,32,100,0.217976478975032,-0.591845344274662,56,0,-9.2905219307,50,0.4,0.6,40,"both",0.217976478975032,-0.591845344274662
"5503",16,2,0.0163560809430878,-4.86885143315419,12.679329091281,32,100,0.217976478975032,-0.591845344274662,56,1,-2.0206899489,50,0.4,0.6,40,"both",0.217976478975032,-0.591845344274662
"5504",16,2,0.0163560809430878,-4.86885143315419,12.679329091281,32,100,0.217976478975032,-0.591845344274662,56,0,-9.70019578781,50,0.4,0.6,40,"both",0.217976478975032,-0.591845344274662
"5505",16,2,0.0163560809430878,-4.86885143315419,12.679329091281,32,100,0.217976478975032,-0.591845344274662,56,1,-3.12031,50,0.4,0.6,40,"both",0.217976478975032,-0.591845344274662
"5506",16,2,0.0163560809430878,-4.86885143315419,12.679329091281,32,100,0.217976478975032,-0.591845344274662,56,0,-0.55873,50,0.4,0.6,40,"both",0.217976478975032,-0.591845344274662
"5507",16,2,0.0163560809430878,-4.86885143315419,12.679329091281,32,100,0.217976478975032,-0.591845344274662,56,0,-5.0374439887,50,0.4,0.6,40,"both",0.217976478975032,-0.591845344274662
"5508",16,2,0.0163560809430878,-4.86885143315419,12.679329091281,32,100,0.217976478975032,-0.591845344274662,56,1,-2.7082768592,50,0.4,0.6,40,"both",0.217976478975032,-0.591845344274662
"5509",16,2,0.0163560809430878,-4.86885143315419,12.679329091281,32,100,0.217976478975032,-0.591845344274662,56,1,3.48178,50,0.4,0.6,40,"both",0.217976478975032,-0.591845344274662
"5510",16,2,0.0163560809430878,-4.86885143315419,12.679329091281,32,100,0.217976478975032,-0.591845344274662,56,1,-6.674,50,0.4,0.6,40,"both",0.217976478975032,-0.591845344274662
"5511",16,2,0.0163560809430878,-4.86885143315419,12.679329091281,32,100,0.217976478975032,-0.591845344274662,56,0,-8.94012,50,0.4,0.6,40,"both",0.217976478975032,-0.591845344274662
"5512",16,2,0.0163560809430878,-4.86885143315419,12.679329091281,32,100,0.217976478975032,-0.591845344274662,56,1,-6.38357201206,50,0.4,0.6,40,"both",0.217976478975032,-0.591845344274662
"5513",16,2,0.0163560809430878,-4.86885143315419,12.679329091281,32,100,0.217976478975032,-0.591845344274662,56,0,-6.4076610887,50,0.4,0.6,40,"both",0.217976478975032,-0.591845344274662
"5514",16,2,0.0163560809430878,-4.86885143315419,12.679329091281,32,100,0.217976478975032,-0.591845344274662,56,1,-11.29184,50,0.4,0.6,40,"both",0.217976478975032,-0.591845344274662
"5515",16,2,0.0163560809430878,-4.86885143315419,12.679329091281,32,100,0.217976478975032,-0.591845344274662,56,0,-25.60379,50,0.4,0.6,40,"both",0.217976478975032,-0.591845344274662
"5516",16,2,0.0163560809430878,-4.86885143315419,12.679329091281,32,100,0.217976478975032,-0.591845344274662,56,1,0.92839,50,0.4,0.6,40,"both",0.217976478975032,-0.591845344274662
"5517",16,2,0.0163560809430878,-4.86885143315419,12.679329091281,32,100,0.217976478975032,-0.591845344274662,56,0,-4.7226,50,0.4,0.6,40,"both",0.217976478975032,-0.591845344274662
"5518",16,2,0.0163560809430878,-4.86885143315419,12.679329091281,32,100,0.217976478975032,-0.591845344274662,56,1,-7.31979,50,0.4,0.6,40,"both",0.217976478975032,-0.591845344274662
"5519",16,2,0.0163560809430878,-4.86885143315419,12.679329091281,32,100,0.217976478975032,-0.591845344274662,56,0,-2.8129,50,0.4,0.6,40,"both",0.217976478975032,-0.591845344274662
"5520",16,2,0.0163560809430878,-4.86885143315419,12.679329091281,32,100,0.217976478975032,-0.591845344274662,56,0,-6.7686939944,50,0.4,0.6,40,"both",0.217976478975032,-0.591845344274662
"5521",16,2,0.0163560809430878,-4.86885143315419,12.679329091281,32,100,0.217976478975032,-0.591845344274662,56,0,-15.17273,50,0.4,0.6,40,"both",0.217976478975032,-0.591845344274662
"5522",16,2,0.0163560809430878,-4.86885143315419,12.679329091281,32,100,0.217976478975032,-0.591845344274662,56,1,-27.05271,50,0.4,0.6,40,"both",0.217976478975032,-0.591845344274662
"5523",16,2,0.0163560809430878,-4.86885143315419,12.679329091281,32,100,0.217976478975032,-0.591845344274662,56,0,-9.449,50,0.4,0.6,40,"both",0.217976478975032,-0.591845344274662
"5524",16,2,0.0163560809430878,-4.86885143315419,12.679329091281,32,100,0.217976478975032,-0.591845344274662,56,1,8.39936,50,0.4,0.6,40,"both",0.217976478975032,-0.591845344274662
"5525",16,2,0.0163560809430878,-4.86885143315419,12.679329091281,32,100,0.217976478975032,-0.591845344274662,56,0,-3.93983712903,50,0.4,0.6,40,"both",0.217976478975032,-0.591845344274662
"5526",16,2,0.0163560809430878,-4.86885143315419,12.679329091281,32,100,0.217976478975032,-0.591845344274662,56,0,-10.49205,50,0.4,0.6,40,"both",0.217976478975032,-0.591845344274662
"5527",16,2,0.0163560809430878,-4.86885143315419,12.679329091281,32,100,0.217976478975032,-0.591845344274662,56,1,-8.26559,50,0.4,0.6,40,"both",0.217976478975032,-0.591845344274662
"5528",16,2,0.0163560809430878,-4.86885143315419,12.679329091281,32,100,0.217976478975032,-0.591845344274662,56,1,29.599781,50,0.4,0.6,40,"both",0.217976478975032,-0.591845344274662
"5529",16,2,0.0163560809430878,-4.86885143315419,12.679329091281,32,100,0.217976478975032,-0.591845344274662,56,0,-26.74526,50,0.4,0.6,40,"both",0.217976478975032,-0.591845344274662
"5530",16,2,0.0163560809430878,-4.86885143315419,12.679329091281,32,100,0.217976478975032,-0.591845344274662,56,1,-12.51222,50,0.4,0.6,40,"both",0.217976478975032,-0.591845344274662
"5531",16,2,0.0163560809430878,-4.86885143315419,12.679329091281,32,100,0.217976478975032,-0.591845344274662,56,1,11.3659,50,0.4,0.6,40,"both",0.217976478975032,-0.591845344274662
"5532",16,2,0.0163560809430878,-4.86885143315419,12.679329091281,32,100,0.217976478975032,-0.591845344274662,56,0,-6.056600015994,50,0.4,0.6,40,"both",0.217976478975032,-0.591845344274662
"5533",16,2,0.0163560809430878,-4.86885143315419,12.679329091281,32,100,0.217976478975032,-0.591845344274662,56,0,-9.24844,50,0.4,0.6,40,"both",0.217976478975032,-0.591845344274662
"5534",16,2,0.0163560809430878,-4.86885143315419,12.679329091281,32,100,0.217976478975032,-0.591845344274662,56,0,-17.34873,50,0.4,0.6,40,"both",0.217976478975032,-0.591845344274662
"5535",16,2,0.0163560809430878,-4.86885143315419,12.679329091281,32,100,0.217976478975032,-0.591845344274662,56,0,-22.27629,50,0.4,0.6,40,"both",0.217976478975032,-0.591845344274662
"5536",16,2,0.0163560809430878,-4.86885143315419,12.679329091281,32,100,0.217976478975032,-0.591845344274662,56,1,1.75706,50,0.4,0.6,40,"both",0.217976478975032,-0.591845344274662
"5537",16,2,0.0163560809430878,-4.86885143315419,12.679329091281,32,100,0.217976478975032,-0.591845344274662,56,0,-11.83778,50,0.4,0.6,40,"both",0.217976478975032,-0.591845344274662
"5538",16,2,0.0163560809430878,-4.86885143315419,12.679329091281,32,100,0.217976478975032,-0.591845344274662,56,0,-21.44133,50,0.4,0.6,40,"both",0.217976478975032,-0.591845344274662
"5539",16,2,0.0163560809430878,-4.86885143315419,12.679329091281,32,100,0.217976478975032,-0.591845344274662,56,1,11.68536,50,0.4,0.6,40,"both",0.217976478975032,-0.591845344274662
"5540",16,2,0.0163560809430878,-4.86885143315419,12.679329091281,32,100,0.217976478975032,-0.591845344274662,56,0,-4.42304486775,50,0.4,0.6,40,"both",0.217976478975032,-0.591845344274662
"5541",16,2,0.0163560809430878,-4.86885143315419,12.679329091281,32,100,0.217976478975032,-0.591845344274662,56,1,-0.31306,50,0.4,0.6,40,"both",0.217976478975032,-0.591845344274662
"5542",16,2,0.0163560809430878,-4.86885143315419,12.679329091281,32,100,0.217976478975032,-0.591845344274662,56,1,-11.85147,50,0.4,0.6,40,"both",0.217976478975032,-0.591845344274662
"5543",16,2,0.0163560809430878,-4.86885143315419,12.679329091281,32,100,0.217976478975032,-0.591845344274662,56,0,-9.86114,50,0.4,0.6,40,"both",0.217976478975032,-0.591845344274662
"5544",16,2,0.0163560809430878,-4.86885143315419,12.679329091281,32,100,0.217976478975032,-0.591845344274662,56,0,-9.79176,50,0.4,0.6,40,"both",0.217976478975032,-0.591845344274662
"5545",16,2,0.0163560809430878,-4.86885143315419,12.679329091281,32,100,0.217976478975032,-0.591845344274662,56,1,-11.76386,50,0.4,0.6,40,"both",0.217976478975032,-0.591845344274662
"5546",16,2,0.0163560809430878,-4.86885143315419,12.679329091281,32,100,0.217976478975032,-0.591845344274662,56,0,-10.26766,50,0.4,0.6,40,"both",0.217976478975032,-0.591845344274662
"5547",16,2,0.0163560809430878,-4.86885143315419,12.679329091281,32,100,0.217976478975032,-0.591845344274662,56,1,3.45238,50,0.4,0.6,40,"both",0.217976478975032,-0.591845344274662
"5548",16,2,0.0163560809430878,-4.86885143315419,12.679329091281,32,100,0.217976478975032,-0.591845344274662,56,0,-7.49261,50,0.4,0.6,40,"both",0.217976478975032,-0.591845344274662
"5549",16,2,0.0163560809430878,-4.86885143315419,12.679329091281,32,100,0.217976478975032,-0.591845344274662,56,1,11.82835,50,0.4,0.6,40,"both",0.217976478975032,-0.591845344274662
"5550",16,2,0.0163560809430878,-4.86885143315419,12.679329091281,32,100,0.217976478975032,-0.591845344274662,56,0,-16.58187,50,0.4,0.6,40,"both",0.217976478975032,-0.591845344274662
"5551",16,2,0.0163560809430878,-4.86885143315419,12.679329091281,32,100,0.217976478975032,-0.591845344274662,56,0,-11.1448,50,0.4,0.6,40,"both",0.217976478975032,-0.591845344274662
"5552",16,2,0.0163560809430878,-4.86885143315419,12.679329091281,32,100,0.217976478975032,-0.591845344274662,56,0,-16.03708,50,0.4,0.6,40,"both",0.217976478975032,-0.591845344274662
"5553",16,2,0.0163560809430878,-4.86885143315419,12.679329091281,32,100,0.217976478975032,-0.591845344274662,56,1,-13.39167,50,0.4,0.6,40,"both",0.217976478975032,-0.591845344274662
"5554",16,2,0.0163560809430878,-4.86885143315419,12.679329091281,32,100,0.217976478975032,-0.591845344274662,56,0,-16.79419,50,0.4,0.6,40,"both",0.217976478975032,-0.591845344274662
"5555",16,2,0.0163560809430878,-4.86885143315419,12.679329091281,32,100,0.217976478975032,-0.591845344274662,56,0,0.71752,50,0.4,0.6,40,"both",0.217976478975032,-0.591845344274662
"5556",16,2,0.0163560809430878,-4.86885143315419,12.679329091281,32,100,0.217976478975032,-0.591845344274662,56,0,-23.40044,50,0.4,0.6,40,"both",0.217976478975032,-0.591845344274662
"5557",16,2,0.0163560809430878,-4.86885143315419,12.679329091281,32,100,0.217976478975032,-0.591845344274662,56,0,-14.47506,50,0.4,0.6,40,"both",0.217976478975032,-0.591845344274662
"5558",16,2,0.0163560809430878,-4.86885143315419,12.679329091281,32,100,0.217976478975032,-0.591845344274662,56,0,-10.67327,50,0.4,0.6,40,"both",0.217976478975032,-0.591845344274662
"5559",16,2,0.0163560809430878,-4.86885143315419,12.679329091281,32,100,0.217976478975032,-0.591845344274662,56,1,6.014909,50,0.4,0.6,40,"both",0.217976478975032,-0.591845344274662
"5560",16,2,0.0163560809430878,-4.86885143315419,12.679329091281,32,100,0.217976478975032,-0.591845344274662,56,0,-0.63656,50,0.4,0.6,40,"both",0.217976478975032,-0.591845344274662
"5561",16,2,0.0163560809430878,-4.86885143315419,12.679329091281,32,100,0.217976478975032,-0.591845344274662,56,1,6.826324,50,0.4,0.6,40,"both",0.217976478975032,-0.591845344274662
"5562",16,2,0.0163560809430878,-4.86885143315419,12.679329091281,32,100,0.217976478975032,-0.591845344274662,56,0,-10.40098,50,0.4,0.6,40,"both",0.217976478975032,-0.591845344274662
"5563",16,2,0.0163560809430878,-4.86885143315419,12.679329091281,32,100,0.217976478975032,-0.591845344274662,56,0,-6.18105,50,0.4,0.6,40,"both",0.217976478975032,-0.591845344274662
"5564",16,2,0.0163560809430878,-4.86885143315419,12.679329091281,32,100,0.217976478975032,-0.591845344274662,56,1,3.78487,50,0.4,0.6,40,"both",0.217976478975032,-0.591845344274662
"5565",16,2,0.0163560809430878,-4.86885143315419,12.679329091281,32,100,0.217976478975032,-0.591845344274662,56,0,14.103938,50,0.4,0.6,40,"both",0.217976478975032,-0.591845344274662
"5566",16,2,0.0163560809430878,-4.86885143315419,12.679329091281,32,100,0.217976478975032,-0.591845344274662,56,1,-10.07858,50,0.4,0.6,40,"both",0.217976478975032,-0.591845344274662
"5567",16,2,0.0163560809430878,-4.86885143315419,12.679329091281,32,100,0.217976478975032,-0.591845344274662,56,0,-4.36228,50,0.4,0.6,40,"both",0.217976478975032,-0.591845344274662
"5568",16,2,0.0163560809430878,-4.86885143315419,12.679329091281,32,100,0.217976478975032,-0.591845344274662,56,1,17.22152,50,0.4,0.6,40,"both",0.217976478975032,-0.591845344274662
"5569",16,2,0.0163560809430878,-4.86885143315419,12.679329091281,32,100,0.217976478975032,-0.591845344274662,56,0,-13.57504,50,0.4,0.6,40,"both",0.217976478975032,-0.591845344274662
"5570",16,2,0.0163560809430878,-4.86885143315419,12.679329091281,32,100,0.217976478975032,-0.591845344274662,56,1,3.8492092,50,0.4,0.6,40,"both",0.217976478975032,-0.591845344274662
"5571",16,2,0.0163560809430878,-4.86885143315419,12.679329091281,32,100,0.217976478975032,-0.591845344274662,56,1,-6.742207,50,0.4,0.6,40,"both",0.217976478975032,-0.591845344274662
"5572",16,2,0.0163560809430878,-4.86885143315419,12.679329091281,32,100,0.217976478975032,-0.591845344274662,56,1,2.205111,50,0.4,0.6,40,"both",0.217976478975032,-0.591845344274662
"5573",16,2,0.0163560809430878,-4.86885143315419,12.679329091281,32,100,0.217976478975032,-0.591845344274662,56,1,10.32815,50,0.4,0.6,40,"both",0.217976478975032,-0.591845344274662
"5574",16,2,0.0163560809430878,-4.86885143315419,12.679329091281,32,100,0.217976478975032,-0.591845344274662,56,1,1.79984,50,0.4,0.6,40,"both",0.217976478975032,-0.591845344274662
"5575",16,2,0.0163560809430878,-4.86885143315419,12.679329091281,32,100,0.217976478975032,-0.591845344274662,56,1,4.25717,50,0.4,0.6,40,"both",0.217976478975032,-0.591845344274662
"5576",16,2,0.0163560809430878,-4.86885143315419,12.679329091281,32,100,0.217976478975032,-0.591845344274662,56,1,7.21491,50,0.4,0.6,40,"both",0.217976478975032,-0.591845344274662
"5577",16,2,0.0163560809430878,-4.86885143315419,12.679329091281,32,100,0.217976478975032,-0.591845344274662,56,1,3.52882,50,0.4,0.6,40,"both",0.217976478975032,-0.591845344274662
"5578",16,2,0.0163560809430878,-4.86885143315419,12.679329091281,32,100,0.217976478975032,-0.591845344274662,56,0,-12.02197,50,0.4,0.6,40,"both",0.217976478975032,-0.591845344274662
"5579",16,2,0.0163560809430878,-4.86885143315419,12.679329091281,32,100,0.217976478975032,-0.591845344274662,56,1,3.10483,50,0.4,0.6,40,"both",0.217976478975032,-0.591845344274662
"5580",16,2,0.0163560809430878,-4.86885143315419,12.679329091281,32,100,0.217976478975032,-0.591845344274662,56,1,2.33675,50,0.4,0.6,40,"both",0.217976478975032,-0.591845344274662
"5581",16,2,0.0163560809430878,-4.86885143315419,12.679329091281,32,100,0.217976478975032,-0.591845344274662,56,0,-8.52705,50,0.4,0.6,40,"both",0.217976478975032,-0.591845344274662
"5582",16,2,0.0163560809430878,-4.86885143315419,12.679329091281,32,100,0.217976478975032,-0.591845344274662,56,1,6.900301,50,0.4,0.6,40,"both",0.217976478975032,-0.591845344274662
"5583",16,2,0.0163560809430878,-4.86885143315419,12.679329091281,32,100,0.217976478975032,-0.591845344274662,56,1,5.21423,50,0.4,0.6,40,"both",0.217976478975032,-0.591845344274662
"5584",16,2,0.0163560809430878,-4.86885143315419,12.679329091281,32,100,0.217976478975032,-0.591845344274662,56,0,-6.99403,50,0.4,0.6,40,"both",0.217976478975032,-0.591845344274662
"5585",16,2,0.0163560809430878,-4.86885143315419,12.679329091281,32,100,0.217976478975032,-0.591845344274662,56,1,0.86949,50,0.4,0.6,40,"both",0.217976478975032,-0.591845344274662
"5586",16,2,0.0163560809430878,-4.86885143315419,12.679329091281,32,100,0.217976478975032,-0.591845344274662,56,0,-6.82816,50,0.4,0.6,40,"both",0.217976478975032,-0.591845344274662
"5587",16,2,0.0163560809430878,-4.86885143315419,12.679329091281,32,100,0.217976478975032,-0.591845344274662,56,1,1.44239,50,0.4,0.6,40,"both",0.217976478975032,-0.591845344274662
"5588",16,2,0.0163560809430878,-4.86885143315419,12.679329091281,32,100,0.217976478975032,-0.591845344274662,56,1,0.59689,50,0.4,0.6,40,"both",0.217976478975032,-0.591845344274662
"5589",16,2,0.0163560809430878,-4.86885143315419,12.679329091281,32,100,0.217976478975032,-0.591845344274662,56,1,0.53037,50,0.4,0.6,40,"both",0.217976478975032,-0.591845344274662
"5590",16,2,0.0163560809430878,-4.86885143315419,12.679329091281,32,100,0.217976478975032,-0.591845344274662,56,0,-9.99001,50,0.4,0.6,40,"both",0.217976478975032,-0.591845344274662
"5591",16,2,0.0163560809430878,-4.86885143315419,12.679329091281,32,100,0.217976478975032,-0.591845344274662,56,0,1.58891,50,0.4,0.6,40,"both",0.217976478975032,-0.591845344274662
"5592",16,2,0.0163560809430878,-4.86885143315419,12.679329091281,32,100,0.217976478975032,-0.591845344274662,56,1,1.28782,50,0.4,0.6,40,"both",0.217976478975032,-0.591845344274662
"5593",16,2,0.0163560809430878,-4.86885143315419,12.679329091281,32,100,0.217976478975032,-0.591845344274662,56,1,-1.76976,50,0.4,0.6,40,"both",0.217976478975032,-0.591845344274662
"5594",16,2,0.0163560809430878,-4.86885143315419,12.679329091281,32,100,0.217976478975032,-0.591845344274662,56,1,6.21153,50,0.4,0.6,40,"both",0.217976478975032,-0.591845344274662
"5595",16,2,0.0163560809430878,-4.86885143315419,12.679329091281,32,100,0.217976478975032,-0.591845344274662,56,0,-10.30555,50,0.4,0.6,40,"both",0.217976478975032,-0.591845344274662
"5596",16,2,0.0163560809430878,-4.86885143315419,12.679329091281,32,100,0.217976478975032,-0.591845344274662,56,0,-5.23654,50,0.4,0.6,40,"both",0.217976478975032,-0.591845344274662
"5597",16,2,0.0163560809430878,-4.86885143315419,12.679329091281,32,100,0.217976478975032,-0.591845344274662,56,1,1.83718,50,0.4,0.6,40,"both",0.217976478975032,-0.591845344274662
"5598",16,2,0.0163560809430878,-4.86885143315419,12.679329091281,32,100,0.217976478975032,-0.591845344274662,56,1,-7.66222,50,0.4,0.6,40,"both",0.217976478975032,-0.591845344274662
"5599",16,2,0.0163560809430878,-4.86885143315419,12.679329091281,32,100,0.217976478975032,-0.591845344274662,56,0,-14.7979,50,0.4,0.6,40,"both",0.217976478975032,-0.591845344274662
"5600",16,2,0.0163560809430878,-4.86885143315419,12.679329091281,32,100,0.217976478975032,-0.591845344274662,56,1,0.25597,50,0.4,0.6,40,"both",0.217976478975032,-0.591845344274662
"5601",17,2,0.00626871841250016,-5.65090102789049,10.5052826420389,34,100,0.217976478975032,-0.591845344274662,57,1,9.19926694903,50,0.4,0.6,40,"both",0.217976478975032,-0.591845344274662
"5602",17,2,0.00626871841250016,-5.65090102789049,10.5052826420389,34,100,0.217976478975032,-0.591845344274662,57,0,-6.3406187553,50,0.4,0.6,40,"both",0.217976478975032,-0.591845344274662
"5603",17,2,0.00626871841250016,-5.65090102789049,10.5052826420389,34,100,0.217976478975032,-0.591845344274662,57,1,0.6663223767,50,0.4,0.6,40,"both",0.217976478975032,-0.591845344274662
"5604",17,2,0.00626871841250016,-5.65090102789049,10.5052826420389,34,100,0.217976478975032,-0.591845344274662,57,1,-3.13287414916,50,0.4,0.6,40,"both",0.217976478975032,-0.591845344274662
"5605",17,2,0.00626871841250016,-5.65090102789049,10.5052826420389,34,100,0.217976478975032,-0.591845344274662,57,1,2.2843,50,0.4,0.6,40,"both",0.217976478975032,-0.591845344274662
"5606",17,2,0.00626871841250016,-5.65090102789049,10.5052826420389,34,100,0.217976478975032,-0.591845344274662,57,0,1.33857,50,0.4,0.6,40,"both",0.217976478975032,-0.591845344274662
"5607",17,2,0.00626871841250016,-5.65090102789049,10.5052826420389,34,100,0.217976478975032,-0.591845344274662,57,1,-3.05429,50,0.4,0.6,40,"both",0.217976478975032,-0.591845344274662
"5608",17,2,0.00626871841250016,-5.65090102789049,10.5052826420389,34,100,0.217976478975032,-0.591845344274662,57,0,-11.4145084365,50,0.4,0.6,40,"both",0.217976478975032,-0.591845344274662
"5609",17,2,0.00626871841250016,-5.65090102789049,10.5052826420389,34,100,0.217976478975032,-0.591845344274662,57,0,7.59178,50,0.4,0.6,40,"both",0.217976478975032,-0.591845344274662
"5610",17,2,0.00626871841250016,-5.65090102789049,10.5052826420389,34,100,0.217976478975032,-0.591845344274662,57,0,-4.22169852958,50,0.4,0.6,40,"both",0.217976478975032,-0.591845344274662
"5611",17,2,0.00626871841250016,-5.65090102789049,10.5052826420389,34,100,0.217976478975032,-0.591845344274662,57,1,17.68647,50,0.4,0.6,40,"both",0.217976478975032,-0.591845344274662
"5612",17,2,0.00626871841250016,-5.65090102789049,10.5052826420389,34,100,0.217976478975032,-0.591845344274662,57,1,26.55387,50,0.4,0.6,40,"both",0.217976478975032,-0.591845344274662
"5613",17,2,0.00626871841250016,-5.65090102789049,10.5052826420389,34,100,0.217976478975032,-0.591845344274662,57,1,-3.3857467738,50,0.4,0.6,40,"both",0.217976478975032,-0.591845344274662
"5614",17,2,0.00626871841250016,-5.65090102789049,10.5052826420389,34,100,0.217976478975032,-0.591845344274662,57,1,-4.5502289735,50,0.4,0.6,40,"both",0.217976478975032,-0.591845344274662
"5615",17,2,0.00626871841250016,-5.65090102789049,10.5052826420389,34,100,0.217976478975032,-0.591845344274662,57,1,28.69994,50,0.4,0.6,40,"both",0.217976478975032,-0.591845344274662
"5616",17,2,0.00626871841250016,-5.65090102789049,10.5052826420389,34,100,0.217976478975032,-0.591845344274662,57,0,-6.0184043054,50,0.4,0.6,40,"both",0.217976478975032,-0.591845344274662
"5617",17,2,0.00626871841250016,-5.65090102789049,10.5052826420389,34,100,0.217976478975032,-0.591845344274662,57,0,-33.254,50,0.4,0.6,40,"both",0.217976478975032,-0.591845344274662
"5618",17,2,0.00626871841250016,-5.65090102789049,10.5052826420389,34,100,0.217976478975032,-0.591845344274662,57,1,-2.90804,50,0.4,0.6,40,"both",0.217976478975032,-0.591845344274662
"5619",17,2,0.00626871841250016,-5.65090102789049,10.5052826420389,34,100,0.217976478975032,-0.591845344274662,57,1,18.8652,50,0.4,0.6,40,"both",0.217976478975032,-0.591845344274662
"5620",17,2,0.00626871841250016,-5.65090102789049,10.5052826420389,34,100,0.217976478975032,-0.591845344274662,57,1,5.6551737,50,0.4,0.6,40,"both",0.217976478975032,-0.591845344274662
"5621",17,2,0.00626871841250016,-5.65090102789049,10.5052826420389,34,100,0.217976478975032,-0.591845344274662,57,1,-7.7153,50,0.4,0.6,40,"both",0.217976478975032,-0.591845344274662
"5622",17,2,0.00626871841250016,-5.65090102789049,10.5052826420389,34,100,0.217976478975032,-0.591845344274662,57,1,9.89057,50,0.4,0.6,40,"both",0.217976478975032,-0.591845344274662
"5623",17,2,0.00626871841250016,-5.65090102789049,10.5052826420389,34,100,0.217976478975032,-0.591845344274662,57,0,-7.4569602535,50,0.4,0.6,40,"both",0.217976478975032,-0.591845344274662
"5624",17,2,0.00626871841250016,-5.65090102789049,10.5052826420389,34,100,0.217976478975032,-0.591845344274662,57,0,-0.546930000000001,50,0.4,0.6,40,"both",0.217976478975032,-0.591845344274662
"5625",17,2,0.00626871841250016,-5.65090102789049,10.5052826420389,34,100,0.217976478975032,-0.591845344274662,57,1,10.1817,50,0.4,0.6,40,"both",0.217976478975032,-0.591845344274662
"5626",17,2,0.00626871841250016,-5.65090102789049,10.5052826420389,34,100,0.217976478975032,-0.591845344274662,57,1,9.76002,50,0.4,0.6,40,"both",0.217976478975032,-0.591845344274662
"5627",17,2,0.00626871841250016,-5.65090102789049,10.5052826420389,34,100,0.217976478975032,-0.591845344274662,57,0,-25.1989,50,0.4,0.6,40,"both",0.217976478975032,-0.591845344274662
"5628",17,2,0.00626871841250016,-5.65090102789049,10.5052826420389,34,100,0.217976478975032,-0.591845344274662,57,1,21.01329,50,0.4,0.6,40,"both",0.217976478975032,-0.591845344274662
"5629",17,2,0.00626871841250016,-5.65090102789049,10.5052826420389,34,100,0.217976478975032,-0.591845344274662,57,0,-15.28247,50,0.4,0.6,40,"both",0.217976478975032,-0.591845344274662
"5630",17,2,0.00626871841250016,-5.65090102789049,10.5052826420389,34,100,0.217976478975032,-0.591845344274662,57,0,-29.04001,50,0.4,0.6,40,"both",0.217976478975032,-0.591845344274662
"5631",17,2,0.00626871841250016,-5.65090102789049,10.5052826420389,34,100,0.217976478975032,-0.591845344274662,57,1,6.1988,50,0.4,0.6,40,"both",0.217976478975032,-0.591845344274662
"5632",17,2,0.00626871841250016,-5.65090102789049,10.5052826420389,34,100,0.217976478975032,-0.591845344274662,57,0,-16.81122,50,0.4,0.6,40,"both",0.217976478975032,-0.591845344274662
"5633",17,2,0.00626871841250016,-5.65090102789049,10.5052826420389,34,100,0.217976478975032,-0.591845344274662,57,1,15.2313,50,0.4,0.6,40,"both",0.217976478975032,-0.591845344274662
"5634",17,2,0.00626871841250016,-5.65090102789049,10.5052826420389,34,100,0.217976478975032,-0.591845344274662,57,1,-7.86095,50,0.4,0.6,40,"both",0.217976478975032,-0.591845344274662
"5635",17,2,0.00626871841250016,-5.65090102789049,10.5052826420389,34,100,0.217976478975032,-0.591845344274662,57,0,7.26326,50,0.4,0.6,40,"both",0.217976478975032,-0.591845344274662
"5636",17,2,0.00626871841250016,-5.65090102789049,10.5052826420389,34,100,0.217976478975032,-0.591845344274662,57,0,-26.29806,50,0.4,0.6,40,"both",0.217976478975032,-0.591845344274662
"5637",17,2,0.00626871841250016,-5.65090102789049,10.5052826420389,34,100,0.217976478975032,-0.591845344274662,57,1,9.75991,50,0.4,0.6,40,"both",0.217976478975032,-0.591845344274662
"5638",17,2,0.00626871841250016,-5.65090102789049,10.5052826420389,34,100,0.217976478975032,-0.591845344274662,57,1,1.11754,50,0.4,0.6,40,"both",0.217976478975032,-0.591845344274662
"5639",17,2,0.00626871841250016,-5.65090102789049,10.5052826420389,34,100,0.217976478975032,-0.591845344274662,57,1,0.75508,50,0.4,0.6,40,"both",0.217976478975032,-0.591845344274662
"5640",17,2,0.00626871841250016,-5.65090102789049,10.5052826420389,34,100,0.217976478975032,-0.591845344274662,57,1,8.11625,50,0.4,0.6,40,"both",0.217976478975032,-0.591845344274662
"5641",17,2,0.00626871841250016,-5.65090102789049,10.5052826420389,34,100,0.217976478975032,-0.591845344274662,57,1,10.06252,50,0.4,0.6,40,"both",0.217976478975032,-0.591845344274662
"5642",17,2,0.00626871841250016,-5.65090102789049,10.5052826420389,34,100,0.217976478975032,-0.591845344274662,57,1,1.46382,50,0.4,0.6,40,"both",0.217976478975032,-0.591845344274662
"5643",17,2,0.00626871841250016,-5.65090102789049,10.5052826420389,34,100,0.217976478975032,-0.591845344274662,57,0,-17.20487,50,0.4,0.6,40,"both",0.217976478975032,-0.591845344274662
"5644",17,2,0.00626871841250016,-5.65090102789049,10.5052826420389,34,100,0.217976478975032,-0.591845344274662,57,1,7.116,50,0.4,0.6,40,"both",0.217976478975032,-0.591845344274662
"5645",17,2,0.00626871841250016,-5.65090102789049,10.5052826420389,34,100,0.217976478975032,-0.591845344274662,57,0,-12.41068,50,0.4,0.6,40,"both",0.217976478975032,-0.591845344274662
"5646",17,2,0.00626871841250016,-5.65090102789049,10.5052826420389,34,100,0.217976478975032,-0.591845344274662,57,0,3.38213,50,0.4,0.6,40,"both",0.217976478975032,-0.591845344274662
"5647",17,2,0.00626871841250016,-5.65090102789049,10.5052826420389,34,100,0.217976478975032,-0.591845344274662,57,1,-11.15326,50,0.4,0.6,40,"both",0.217976478975032,-0.591845344274662
"5648",17,2,0.00626871841250016,-5.65090102789049,10.5052826420389,34,100,0.217976478975032,-0.591845344274662,57,0,-13.044838,50,0.4,0.6,40,"both",0.217976478975032,-0.591845344274662
"5649",17,2,0.00626871841250016,-5.65090102789049,10.5052826420389,34,100,0.217976478975032,-0.591845344274662,57,1,3.67833,50,0.4,0.6,40,"both",0.217976478975032,-0.591845344274662
"5650",17,2,0.00626871841250016,-5.65090102789049,10.5052826420389,34,100,0.217976478975032,-0.591845344274662,57,1,5.02509,50,0.4,0.6,40,"both",0.217976478975032,-0.591845344274662
"5651",17,2,0.00626871841250016,-5.65090102789049,10.5052826420389,34,100,0.217976478975032,-0.591845344274662,57,0,-13.55633,50,0.4,0.6,40,"both",0.217976478975032,-0.591845344274662
"5652",17,2,0.00626871841250016,-5.65090102789049,10.5052826420389,34,100,0.217976478975032,-0.591845344274662,57,1,-3.62615,50,0.4,0.6,40,"both",0.217976478975032,-0.591845344274662
"5653",17,2,0.00626871841250016,-5.65090102789049,10.5052826420389,34,100,0.217976478975032,-0.591845344274662,57,1,2.86465,50,0.4,0.6,40,"both",0.217976478975032,-0.591845344274662
"5654",17,2,0.00626871841250016,-5.65090102789049,10.5052826420389,34,100,0.217976478975032,-0.591845344274662,57,1,-12.0607,50,0.4,0.6,40,"both",0.217976478975032,-0.591845344274662
"5655",17,2,0.00626871841250016,-5.65090102789049,10.5052826420389,34,100,0.217976478975032,-0.591845344274662,57,1,6.58755,50,0.4,0.6,40,"both",0.217976478975032,-0.591845344274662
"5656",17,2,0.00626871841250016,-5.65090102789049,10.5052826420389,34,100,0.217976478975032,-0.591845344274662,57,1,5.14165,50,0.4,0.6,40,"both",0.217976478975032,-0.591845344274662
"5657",17,2,0.00626871841250016,-5.65090102789049,10.5052826420389,34,100,0.217976478975032,-0.591845344274662,57,1,0.48438,50,0.4,0.6,40,"both",0.217976478975032,-0.591845344274662
"5658",17,2,0.00626871841250016,-5.65090102789049,10.5052826420389,34,100,0.217976478975032,-0.591845344274662,57,1,1.78357,50,0.4,0.6,40,"both",0.217976478975032,-0.591845344274662
"5659",17,2,0.00626871841250016,-5.65090102789049,10.5052826420389,34,100,0.217976478975032,-0.591845344274662,57,1,6.9894,50,0.4,0.6,40,"both",0.217976478975032,-0.591845344274662
"5660",17,2,0.00626871841250016,-5.65090102789049,10.5052826420389,34,100,0.217976478975032,-0.591845344274662,57,1,6.87586,50,0.4,0.6,40,"both",0.217976478975032,-0.591845344274662
"5661",17,2,0.00626871841250016,-5.65090102789049,10.5052826420389,34,100,0.217976478975032,-0.591845344274662,57,1,7.80845,50,0.4,0.6,40,"both",0.217976478975032,-0.591845344274662
"5662",17,2,0.00626871841250016,-5.65090102789049,10.5052826420389,34,100,0.217976478975032,-0.591845344274662,57,0,-16.62173,50,0.4,0.6,40,"both",0.217976478975032,-0.591845344274662
"5663",17,2,0.00626871841250016,-5.65090102789049,10.5052826420389,34,100,0.217976478975032,-0.591845344274662,57,1,4.08681,50,0.4,0.6,40,"both",0.217976478975032,-0.591845344274662
"5664",17,2,0.00626871841250016,-5.65090102789049,10.5052826420389,34,100,0.217976478975032,-0.591845344274662,57,0,-10.27022,50,0.4,0.6,40,"both",0.217976478975032,-0.591845344274662
"5665",17,2,0.00626871841250016,-5.65090102789049,10.5052826420389,34,100,0.217976478975032,-0.591845344274662,57,0,-0.98916,50,0.4,0.6,40,"both",0.217976478975032,-0.591845344274662
"5666",17,2,0.00626871841250016,-5.65090102789049,10.5052826420389,34,100,0.217976478975032,-0.591845344274662,57,1,1.13943,50,0.4,0.6,40,"both",0.217976478975032,-0.591845344274662
"5667",17,2,0.00626871841250016,-5.65090102789049,10.5052826420389,34,100,0.217976478975032,-0.591845344274662,57,0,-2.11411,50,0.4,0.6,40,"both",0.217976478975032,-0.591845344274662
"5668",17,2,0.00626871841250016,-5.65090102789049,10.5052826420389,34,100,0.217976478975032,-0.591845344274662,57,1,5.72813,50,0.4,0.6,40,"both",0.217976478975032,-0.591845344274662
"5669",17,2,0.00626871841250016,-5.65090102789049,10.5052826420389,34,100,0.217976478975032,-0.591845344274662,57,0,-10.32418,50,0.4,0.6,40,"both",0.217976478975032,-0.591845344274662
"5670",17,2,0.00626871841250016,-5.65090102789049,10.5052826420389,34,100,0.217976478975032,-0.591845344274662,57,1,-11.47702,50,0.4,0.6,40,"both",0.217976478975032,-0.591845344274662
"5671",17,2,0.00626871841250016,-5.65090102789049,10.5052826420389,34,100,0.217976478975032,-0.591845344274662,57,1,3.743,50,0.4,0.6,40,"both",0.217976478975032,-0.591845344274662
"5672",17,2,0.00626871841250016,-5.65090102789049,10.5052826420389,34,100,0.217976478975032,-0.591845344274662,57,0,2.35468,50,0.4,0.6,40,"both",0.217976478975032,-0.591845344274662
"5673",17,2,0.00626871841250016,-5.65090102789049,10.5052826420389,34,100,0.217976478975032,-0.591845344274662,57,1,4.78022,50,0.4,0.6,40,"both",0.217976478975032,-0.591845344274662
"5674",17,2,0.00626871841250016,-5.65090102789049,10.5052826420389,34,100,0.217976478975032,-0.591845344274662,57,0,-12.60479,50,0.4,0.6,40,"both",0.217976478975032,-0.591845344274662
"5675",17,2,0.00626871841250016,-5.65090102789049,10.5052826420389,34,100,0.217976478975032,-0.591845344274662,57,0,-11.92464,50,0.4,0.6,40,"both",0.217976478975032,-0.591845344274662
"5676",17,2,0.00626871841250016,-5.65090102789049,10.5052826420389,34,100,0.217976478975032,-0.591845344274662,57,0,-11.05304,50,0.4,0.6,40,"both",0.217976478975032,-0.591845344274662
"5677",17,2,0.00626871841250016,-5.65090102789049,10.5052826420389,34,100,0.217976478975032,-0.591845344274662,57,0,-12.05319,50,0.4,0.6,40,"both",0.217976478975032,-0.591845344274662
"5678",17,2,0.00626871841250016,-5.65090102789049,10.5052826420389,34,100,0.217976478975032,-0.591845344274662,57,0,-10.69721,50,0.4,0.6,40,"both",0.217976478975032,-0.591845344274662
"5679",17,2,0.00626871841250016,-5.65090102789049,10.5052826420389,34,100,0.217976478975032,-0.591845344274662,57,1,-1.78603,50,0.4,0.6,40,"both",0.217976478975032,-0.591845344274662
"5680",17,2,0.00626871841250016,-5.65090102789049,10.5052826420389,34,100,0.217976478975032,-0.591845344274662,57,0,-15.12565,50,0.4,0.6,40,"both",0.217976478975032,-0.591845344274662
"5681",17,2,0.00626871841250016,-5.65090102789049,10.5052826420389,34,100,0.217976478975032,-0.591845344274662,57,1,1.68213,50,0.4,0.6,40,"both",0.217976478975032,-0.591845344274662
"5682",17,2,0.00626871841250016,-5.65090102789049,10.5052826420389,34,100,0.217976478975032,-0.591845344274662,57,0,-13.39646,50,0.4,0.6,40,"both",0.217976478975032,-0.591845344274662
"5683",17,2,0.00626871841250016,-5.65090102789049,10.5052826420389,34,100,0.217976478975032,-0.591845344274662,57,0,-12.83289,50,0.4,0.6,40,"both",0.217976478975032,-0.591845344274662
"5684",17,2,0.00626871841250016,-5.65090102789049,10.5052826420389,34,100,0.217976478975032,-0.591845344274662,57,1,1.23087,50,0.4,0.6,40,"both",0.217976478975032,-0.591845344274662
"5685",17,2,0.00626871841250016,-5.65090102789049,10.5052826420389,34,100,0.217976478975032,-0.591845344274662,57,0,2.11273,50,0.4,0.6,40,"both",0.217976478975032,-0.591845344274662
"5686",17,2,0.00626871841250016,-5.65090102789049,10.5052826420389,34,100,0.217976478975032,-0.591845344274662,57,0,-12.54693,50,0.4,0.6,40,"both",0.217976478975032,-0.591845344274662
"5687",17,2,0.00626871841250016,-5.65090102789049,10.5052826420389,34,100,0.217976478975032,-0.591845344274662,57,1,7.06499,50,0.4,0.6,40,"both",0.217976478975032,-0.591845344274662
"5688",17,2,0.00626871841250016,-5.65090102789049,10.5052826420389,34,100,0.217976478975032,-0.591845344274662,57,0,-7.78153,50,0.4,0.6,40,"both",0.217976478975032,-0.591845344274662
"5689",17,2,0.00626871841250016,-5.65090102789049,10.5052826420389,34,100,0.217976478975032,-0.591845344274662,57,0,-9.576818,50,0.4,0.6,40,"both",0.217976478975032,-0.591845344274662
"5690",17,2,0.00626871841250016,-5.65090102789049,10.5052826420389,34,100,0.217976478975032,-0.591845344274662,57,1,-0.9601,50,0.4,0.6,40,"both",0.217976478975032,-0.591845344274662
"5691",17,2,0.00626871841250016,-5.65090102789049,10.5052826420389,34,100,0.217976478975032,-0.591845344274662,57,1,-13.58559,50,0.4,0.6,40,"both",0.217976478975032,-0.591845344274662
"5692",17,2,0.00626871841250016,-5.65090102789049,10.5052826420389,34,100,0.217976478975032,-0.591845344274662,57,0,7.0574,50,0.4,0.6,40,"both",0.217976478975032,-0.591845344274662
"5693",17,2,0.00626871841250016,-5.65090102789049,10.5052826420389,34,100,0.217976478975032,-0.591845344274662,57,0,-13.69198,50,0.4,0.6,40,"both",0.217976478975032,-0.591845344274662
"5694",17,2,0.00626871841250016,-5.65090102789049,10.5052826420389,34,100,0.217976478975032,-0.591845344274662,57,1,2.98239,50,0.4,0.6,40,"both",0.217976478975032,-0.591845344274662
"5695",17,2,0.00626871841250016,-5.65090102789049,10.5052826420389,34,100,0.217976478975032,-0.591845344274662,57,0,2.63448,50,0.4,0.6,40,"both",0.217976478975032,-0.591845344274662
"5696",17,2,0.00626871841250016,-5.65090102789049,10.5052826420389,34,100,0.217976478975032,-0.591845344274662,57,1,5.50402,50,0.4,0.6,40,"both",0.217976478975032,-0.591845344274662
"5697",17,2,0.00626871841250016,-5.65090102789049,10.5052826420389,34,100,0.217976478975032,-0.591845344274662,57,0,-14.45993,50,0.4,0.6,40,"both",0.217976478975032,-0.591845344274662
"5698",17,2,0.00626871841250016,-5.65090102789049,10.5052826420389,34,100,0.217976478975032,-0.591845344274662,57,0,-19.02904,50,0.4,0.6,40,"both",0.217976478975032,-0.591845344274662
"5699",17,2,0.00626871841250016,-5.65090102789049,10.5052826420389,34,100,0.217976478975032,-0.591845344274662,57,1,2.13082,50,0.4,0.6,40,"both",0.217976478975032,-0.591845344274662
"5700",17,2,0.00626871841250016,-5.65090102789049,10.5052826420389,34,100,0.217976478975032,-0.591845344274662,57,1,5.83718,50,0.4,0.6,40,"both",0.217976478975032,-0.591845344274662
"5701",18,2,0.00202868555169857,-6.80308780956288,13.6993771341507,36,100,0.217976478975032,-0.591845344274662,58,0,-8.58392582579,50,0.4,0.6,40,"both",0.217976478975032,-0.591845344274662
"5702",18,2,0.00202868555169857,-6.80308780956288,13.6993771341507,36,100,0.217976478975032,-0.591845344274662,58,1,5.6853210625,50,0.4,0.6,40,"both",0.217976478975032,-0.591845344274662
"5703",18,2,0.00202868555169857,-6.80308780956288,13.6993771341507,36,100,0.217976478975032,-0.591845344274662,58,0,-0.156404592899,50,0.4,0.6,40,"both",0.217976478975032,-0.591845344274662
"5704",18,2,0.00202868555169857,-6.80308780956288,13.6993771341507,36,100,0.217976478975032,-0.591845344274662,58,1,0.435087042119,50,0.4,0.6,40,"both",0.217976478975032,-0.591845344274662
"5705",18,2,0.00202868555169857,-6.80308780956288,13.6993771341507,36,100,0.217976478975032,-0.591845344274662,58,1,9.21547,50,0.4,0.6,40,"both",0.217976478975032,-0.591845344274662
"5706",18,2,0.00202868555169857,-6.80308780956288,13.6993771341507,36,100,0.217976478975032,-0.591845344274662,58,0,-1.45656,50,0.4,0.6,40,"both",0.217976478975032,-0.591845344274662
"5707",18,2,0.00202868555169857,-6.80308780956288,13.6993771341507,36,100,0.217976478975032,-0.591845344274662,58,1,5.040874,50,0.4,0.6,40,"both",0.217976478975032,-0.591845344274662
"5708",18,2,0.00202868555169857,-6.80308780956288,13.6993771341507,36,100,0.217976478975032,-0.591845344274662,58,1,3.542415,50,0.4,0.6,40,"both",0.217976478975032,-0.591845344274662
"5709",18,2,0.00202868555169857,-6.80308780956288,13.6993771341507,36,100,0.217976478975032,-0.591845344274662,58,1,2.144062,50,0.4,0.6,40,"both",0.217976478975032,-0.591845344274662
"5710",18,2,0.00202868555169857,-6.80308780956288,13.6993771341507,36,100,0.217976478975032,-0.591845344274662,58,0,-0.667116,50,0.4,0.6,40,"both",0.217976478975032,-0.591845344274662
"5711",18,2,0.00202868555169857,-6.80308780956288,13.6993771341507,36,100,0.217976478975032,-0.591845344274662,58,1,1.495092,50,0.4,0.6,40,"both",0.217976478975032,-0.591845344274662
"5712",18,2,0.00202868555169857,-6.80308780956288,13.6993771341507,36,100,0.217976478975032,-0.591845344274662,58,1,4.29594,50,0.4,0.6,40,"both",0.217976478975032,-0.591845344274662
"5713",18,2,0.00202868555169857,-6.80308780956288,13.6993771341507,36,100,0.217976478975032,-0.591845344274662,58,1,2.419058,50,0.4,0.6,40,"both",0.217976478975032,-0.591845344274662
"5714",18,2,0.00202868555169857,-6.80308780956288,13.6993771341507,36,100,0.217976478975032,-0.591845344274662,58,1,-1.05239,50,0.4,0.6,40,"both",0.217976478975032,-0.591845344274662
"5715",18,2,0.00202868555169857,-6.80308780956288,13.6993771341507,36,100,0.217976478975032,-0.591845344274662,58,0,-12.19988,50,0.4,0.6,40,"both",0.217976478975032,-0.591845344274662
"5716",18,2,0.00202868555169857,-6.80308780956288,13.6993771341507,36,100,0.217976478975032,-0.591845344274662,58,0,-0.946866,50,0.4,0.6,40,"both",0.217976478975032,-0.591845344274662
"5717",18,2,0.00202868555169857,-6.80308780956288,13.6993771341507,36,100,0.217976478975032,-0.591845344274662,58,1,5.33618,50,0.4,0.6,40,"both",0.217976478975032,-0.591845344274662
"5718",18,2,0.00202868555169857,-6.80308780956288,13.6993771341507,36,100,0.217976478975032,-0.591845344274662,58,0,3.64012,50,0.4,0.6,40,"both",0.217976478975032,-0.591845344274662
"5719",18,2,0.00202868555169857,-6.80308780956288,13.6993771341507,36,100,0.217976478975032,-0.591845344274662,58,1,-0.28595153748,50,0.4,0.6,40,"both",0.217976478975032,-0.591845344274662
"5720",18,2,0.00202868555169857,-6.80308780956288,13.6993771341507,36,100,0.217976478975032,-0.591845344274662,58,1,1.215811,50,0.4,0.6,40,"both",0.217976478975032,-0.591845344274662
"5721",18,2,0.00202868555169857,-6.80308780956288,13.6993771341507,36,100,0.217976478975032,-0.591845344274662,58,1,1.45704,50,0.4,0.6,40,"both",0.217976478975032,-0.591845344274662
"5722",18,2,0.00202868555169857,-6.80308780956288,13.6993771341507,36,100,0.217976478975032,-0.591845344274662,58,1,2.366703,50,0.4,0.6,40,"both",0.217976478975032,-0.591845344274662
"5723",18,2,0.00202868555169857,-6.80308780956288,13.6993771341507,36,100,0.217976478975032,-0.591845344274662,58,1,3.89693,50,0.4,0.6,40,"both",0.217976478975032,-0.591845344274662
"5724",18,2,0.00202868555169857,-6.80308780956288,13.6993771341507,36,100,0.217976478975032,-0.591845344274662,58,0,-9.37423,50,0.4,0.6,40,"both",0.217976478975032,-0.591845344274662
"5725",18,2,0.00202868555169857,-6.80308780956288,13.6993771341507,36,100,0.217976478975032,-0.591845344274662,58,1,2.513798,50,0.4,0.6,40,"both",0.217976478975032,-0.591845344274662
"5726",18,2,0.00202868555169857,-6.80308780956288,13.6993771341507,36,100,0.217976478975032,-0.591845344274662,58,1,-2.6302,50,0.4,0.6,40,"both",0.217976478975032,-0.591845344274662
"5727",18,2,0.00202868555169857,-6.80308780956288,13.6993771341507,36,100,0.217976478975032,-0.591845344274662,58,1,-4.84744,50,0.4,0.6,40,"both",0.217976478975032,-0.591845344274662
"5728",18,2,0.00202868555169857,-6.80308780956288,13.6993771341507,36,100,0.217976478975032,-0.591845344274662,58,1,-4.38144,50,0.4,0.6,40,"both",0.217976478975032,-0.591845344274662
"5729",18,2,0.00202868555169857,-6.80308780956288,13.6993771341507,36,100,0.217976478975032,-0.591845344274662,58,0,3.36021,50,0.4,0.6,40,"both",0.217976478975032,-0.591845344274662
"5730",18,2,0.00202868555169857,-6.80308780956288,13.6993771341507,36,100,0.217976478975032,-0.591845344274662,58,0,-33.1636,50,0.4,0.6,40,"both",0.217976478975032,-0.591845344274662
"5731",18,2,0.00202868555169857,-6.80308780956288,13.6993771341507,36,100,0.217976478975032,-0.591845344274662,58,0,-7.94706,50,0.4,0.6,40,"both",0.217976478975032,-0.591845344274662
"5732",18,2,0.00202868555169857,-6.80308780956288,13.6993771341507,36,100,0.217976478975032,-0.591845344274662,58,0,-11.00587,50,0.4,0.6,40,"both",0.217976478975032,-0.591845344274662
"5733",18,2,0.00202868555169857,-6.80308780956288,13.6993771341507,36,100,0.217976478975032,-0.591845344274662,58,1,8.97404,50,0.4,0.6,40,"both",0.217976478975032,-0.591845344274662
"5734",18,2,0.00202868555169857,-6.80308780956288,13.6993771341507,36,100,0.217976478975032,-0.591845344274662,58,0,-9.45147,50,0.4,0.6,40,"both",0.217976478975032,-0.591845344274662
"5735",18,2,0.00202868555169857,-6.80308780956288,13.6993771341507,36,100,0.217976478975032,-0.591845344274662,58,0,7.16281,50,0.4,0.6,40,"both",0.217976478975032,-0.591845344274662
"5736",18,2,0.00202868555169857,-6.80308780956288,13.6993771341507,36,100,0.217976478975032,-0.591845344274662,58,1,-9.4639,50,0.4,0.6,40,"both",0.217976478975032,-0.591845344274662
"5737",18,2,0.00202868555169857,-6.80308780956288,13.6993771341507,36,100,0.217976478975032,-0.591845344274662,58,0,1.476503,50,0.4,0.6,40,"both",0.217976478975032,-0.591845344274662
"5738",18,2,0.00202868555169857,-6.80308780956288,13.6993771341507,36,100,0.217976478975032,-0.591845344274662,58,0,-16.82096,50,0.4,0.6,40,"both",0.217976478975032,-0.591845344274662
"5739",18,2,0.00202868555169857,-6.80308780956288,13.6993771341507,36,100,0.217976478975032,-0.591845344274662,58,1,3.45787,50,0.4,0.6,40,"both",0.217976478975032,-0.591845344274662
"5740",18,2,0.00202868555169857,-6.80308780956288,13.6993771341507,36,100,0.217976478975032,-0.591845344274662,58,1,7.67028,50,0.4,0.6,40,"both",0.217976478975032,-0.591845344274662
"5741",18,2,0.00202868555169857,-6.80308780956288,13.6993771341507,36,100,0.217976478975032,-0.591845344274662,58,1,-14.36506,50,0.4,0.6,40,"both",0.217976478975032,-0.591845344274662
"5742",18,2,0.00202868555169857,-6.80308780956288,13.6993771341507,36,100,0.217976478975032,-0.591845344274662,58,1,-13.09092,50,0.4,0.6,40,"both",0.217976478975032,-0.591845344274662
"5743",18,2,0.00202868555169857,-6.80308780956288,13.6993771341507,36,100,0.217976478975032,-0.591845344274662,58,0,-1.67795,50,0.4,0.6,40,"both",0.217976478975032,-0.591845344274662
"5744",18,2,0.00202868555169857,-6.80308780956288,13.6993771341507,36,100,0.217976478975032,-0.591845344274662,58,0,-30.86457,50,0.4,0.6,40,"both",0.217976478975032,-0.591845344274662
"5745",18,2,0.00202868555169857,-6.80308780956288,13.6993771341507,36,100,0.217976478975032,-0.591845344274662,58,1,-12.32558,50,0.4,0.6,40,"both",0.217976478975032,-0.591845344274662
"5746",18,2,0.00202868555169857,-6.80308780956288,13.6993771341507,36,100,0.217976478975032,-0.591845344274662,58,1,-8.5319269138,50,0.4,0.6,40,"both",0.217976478975032,-0.591845344274662
"5747",18,2,0.00202868555169857,-6.80308780956288,13.6993771341507,36,100,0.217976478975032,-0.591845344274662,58,0,-46.51645,50,0.4,0.6,40,"both",0.217976478975032,-0.591845344274662
"5748",18,2,0.00202868555169857,-6.80308780956288,13.6993771341507,36,100,0.217976478975032,-0.591845344274662,58,0,-11.82823,50,0.4,0.6,40,"both",0.217976478975032,-0.591845344274662
"5749",18,2,0.00202868555169857,-6.80308780956288,13.6993771341507,36,100,0.217976478975032,-0.591845344274662,58,0,-8.13668,50,0.4,0.6,40,"both",0.217976478975032,-0.591845344274662
"5750",18,2,0.00202868555169857,-6.80308780956288,13.6993771341507,36,100,0.217976478975032,-0.591845344274662,58,0,-7.90810407052,50,0.4,0.6,40,"both",0.217976478975032,-0.591845344274662
"5751",18,2,0.00202868555169857,-6.80308780956288,13.6993771341507,36,100,0.217976478975032,-0.591845344274662,58,1,-13.31408,50,0.4,0.6,40,"both",0.217976478975032,-0.591845344274662
"5752",18,2,0.00202868555169857,-6.80308780956288,13.6993771341507,36,100,0.217976478975032,-0.591845344274662,58,1,14.9526,50,0.4,0.6,40,"both",0.217976478975032,-0.591845344274662
"5753",18,2,0.00202868555169857,-6.80308780956288,13.6993771341507,36,100,0.217976478975032,-0.591845344274662,58,1,-15.83408,50,0.4,0.6,40,"both",0.217976478975032,-0.591845344274662
"5754",18,2,0.00202868555169857,-6.80308780956288,13.6993771341507,36,100,0.217976478975032,-0.591845344274662,58,0,2.5423,50,0.4,0.6,40,"both",0.217976478975032,-0.591845344274662
"5755",18,2,0.00202868555169857,-6.80308780956288,13.6993771341507,36,100,0.217976478975032,-0.591845344274662,58,1,18.74143,50,0.4,0.6,40,"both",0.217976478975032,-0.591845344274662
"5756",18,2,0.00202868555169857,-6.80308780956288,13.6993771341507,36,100,0.217976478975032,-0.591845344274662,58,0,-1.47374,50,0.4,0.6,40,"both",0.217976478975032,-0.591845344274662
"5757",18,2,0.00202868555169857,-6.80308780956288,13.6993771341507,36,100,0.217976478975032,-0.591845344274662,58,0,-40.66518,50,0.4,0.6,40,"both",0.217976478975032,-0.591845344274662
"5758",18,2,0.00202868555169857,-6.80308780956288,13.6993771341507,36,100,0.217976478975032,-0.591845344274662,58,1,11.460003,50,0.4,0.6,40,"both",0.217976478975032,-0.591845344274662
"5759",18,2,0.00202868555169857,-6.80308780956288,13.6993771341507,36,100,0.217976478975032,-0.591845344274662,58,1,-1.7426,50,0.4,0.6,40,"both",0.217976478975032,-0.591845344274662
"5760",18,2,0.00202868555169857,-6.80308780956288,13.6993771341507,36,100,0.217976478975032,-0.591845344274662,58,1,28.07976,50,0.4,0.6,40,"both",0.217976478975032,-0.591845344274662
"5761",18,2,0.00202868555169857,-6.80308780956288,13.6993771341507,36,100,0.217976478975032,-0.591845344274662,58,0,-4.1193,50,0.4,0.6,40,"both",0.217976478975032,-0.591845344274662
"5762",18,2,0.00202868555169857,-6.80308780956288,13.6993771341507,36,100,0.217976478975032,-0.591845344274662,58,0,-33.79204,50,0.4,0.6,40,"both",0.217976478975032,-0.591845344274662
"5763",18,2,0.00202868555169857,-6.80308780956288,13.6993771341507,36,100,0.217976478975032,-0.591845344274662,58,1,12.735111,50,0.4,0.6,40,"both",0.217976478975032,-0.591845344274662
"5764",18,2,0.00202868555169857,-6.80308780956288,13.6993771341507,36,100,0.217976478975032,-0.591845344274662,58,0,-32.5663,50,0.4,0.6,40,"both",0.217976478975032,-0.591845344274662
"5765",18,2,0.00202868555169857,-6.80308780956288,13.6993771341507,36,100,0.217976478975032,-0.591845344274662,58,1,15.86704,50,0.4,0.6,40,"both",0.217976478975032,-0.591845344274662
"5766",18,2,0.00202868555169857,-6.80308780956288,13.6993771341507,36,100,0.217976478975032,-0.591845344274662,58,1,25.157377,50,0.4,0.6,40,"both",0.217976478975032,-0.591845344274662
"5767",18,2,0.00202868555169857,-6.80308780956288,13.6993771341507,36,100,0.217976478975032,-0.591845344274662,58,1,-13.11225,50,0.4,0.6,40,"both",0.217976478975032,-0.591845344274662
"5768",18,2,0.00202868555169857,-6.80308780956288,13.6993771341507,36,100,0.217976478975032,-0.591845344274662,58,1,20.67944,50,0.4,0.6,40,"both",0.217976478975032,-0.591845344274662
"5769",18,2,0.00202868555169857,-6.80308780956288,13.6993771341507,36,100,0.217976478975032,-0.591845344274662,58,0,10.54235,50,0.4,0.6,40,"both",0.217976478975032,-0.591845344274662
"5770",18,2,0.00202868555169857,-6.80308780956288,13.6993771341507,36,100,0.217976478975032,-0.591845344274662,58,0,-25.06193,50,0.4,0.6,40,"both",0.217976478975032,-0.591845344274662
"5771",18,2,0.00202868555169857,-6.80308780956288,13.6993771341507,36,100,0.217976478975032,-0.591845344274662,58,0,-22.67733,50,0.4,0.6,40,"both",0.217976478975032,-0.591845344274662
"5772",18,2,0.00202868555169857,-6.80308780956288,13.6993771341507,36,100,0.217976478975032,-0.591845344274662,58,0,-20.98477,50,0.4,0.6,40,"both",0.217976478975032,-0.591845344274662
"5773",18,2,0.00202868555169857,-6.80308780956288,13.6993771341507,36,100,0.217976478975032,-0.591845344274662,58,1,0.694799999999999,50,0.4,0.6,40,"both",0.217976478975032,-0.591845344274662
"5774",18,2,0.00202868555169857,-6.80308780956288,13.6993771341507,36,100,0.217976478975032,-0.591845344274662,58,1,17.76899,50,0.4,0.6,40,"both",0.217976478975032,-0.591845344274662
"5775",18,2,0.00202868555169857,-6.80308780956288,13.6993771341507,36,100,0.217976478975032,-0.591845344274662,58,0,-2.5852,50,0.4,0.6,40,"both",0.217976478975032,-0.591845344274662
"5776",18,2,0.00202868555169857,-6.80308780956288,13.6993771341507,36,100,0.217976478975032,-0.591845344274662,58,0,-28.0369,50,0.4,0.6,40,"both",0.217976478975032,-0.591845344274662
"5777",18,2,0.00202868555169857,-6.80308780956288,13.6993771341507,36,100,0.217976478975032,-0.591845344274662,58,1,5.52712,50,0.4,0.6,40,"both",0.217976478975032,-0.591845344274662
"5778",18,2,0.00202868555169857,-6.80308780956288,13.6993771341507,36,100,0.217976478975032,-0.591845344274662,58,1,12.892005,50,0.4,0.6,40,"both",0.217976478975032,-0.591845344274662
"5779",18,2,0.00202868555169857,-6.80308780956288,13.6993771341507,36,100,0.217976478975032,-0.591845344274662,58,0,-12.02254,50,0.4,0.6,40,"both",0.217976478975032,-0.591845344274662
"5780",18,2,0.00202868555169857,-6.80308780956288,13.6993771341507,36,100,0.217976478975032,-0.591845344274662,58,0,-33.57854,50,0.4,0.6,40,"both",0.217976478975032,-0.591845344274662
"5781",18,2,0.00202868555169857,-6.80308780956288,13.6993771341507,36,100,0.217976478975032,-0.591845344274662,58,0,-16.6399,50,0.4,0.6,40,"both",0.217976478975032,-0.591845344274662
"5782",18,2,0.00202868555169857,-6.80308780956288,13.6993771341507,36,100,0.217976478975032,-0.591845344274662,58,1,8.55096,50,0.4,0.6,40,"both",0.217976478975032,-0.591845344274662
"5783",18,2,0.00202868555169857,-6.80308780956288,13.6993771341507,36,100,0.217976478975032,-0.591845344274662,58,0,-30.33179,50,0.4,0.6,40,"both",0.217976478975032,-0.591845344274662
"5784",18,2,0.00202868555169857,-6.80308780956288,13.6993771341507,36,100,0.217976478975032,-0.591845344274662,58,0,3.82984,50,0.4,0.6,40,"both",0.217976478975032,-0.591845344274662
"5785",18,2,0.00202868555169857,-6.80308780956288,13.6993771341507,36,100,0.217976478975032,-0.591845344274662,58,1,14.306982,50,0.4,0.6,40,"both",0.217976478975032,-0.591845344274662
"5786",18,2,0.00202868555169857,-6.80308780956288,13.6993771341507,36,100,0.217976478975032,-0.591845344274662,58,1,9.5028,50,0.4,0.6,40,"both",0.217976478975032,-0.591845344274662
"5787",18,2,0.00202868555169857,-6.80308780956288,13.6993771341507,36,100,0.217976478975032,-0.591845344274662,58,1,-1.23929,50,0.4,0.6,40,"both",0.217976478975032,-0.591845344274662
"5788",18,2,0.00202868555169857,-6.80308780956288,13.6993771341507,36,100,0.217976478975032,-0.591845344274662,58,1,5.55228,50,0.4,0.6,40,"both",0.217976478975032,-0.591845344274662
"5789",18,2,0.00202868555169857,-6.80308780956288,13.6993771341507,36,100,0.217976478975032,-0.591845344274662,58,0,-16.51746,50,0.4,0.6,40,"both",0.217976478975032,-0.591845344274662
"5790",18,2,0.00202868555169857,-6.80308780956288,13.6993771341507,36,100,0.217976478975032,-0.591845344274662,58,1,9.08704,50,0.4,0.6,40,"both",0.217976478975032,-0.591845344274662
"5791",18,2,0.00202868555169857,-6.80308780956288,13.6993771341507,36,100,0.217976478975032,-0.591845344274662,58,1,9.36873,50,0.4,0.6,40,"both",0.217976478975032,-0.591845344274662
"5792",18,2,0.00202868555169857,-6.80308780956288,13.6993771341507,36,100,0.217976478975032,-0.591845344274662,58,0,7.64358,50,0.4,0.6,40,"both",0.217976478975032,-0.591845344274662
"5793",18,2,0.00202868555169857,-6.80308780956288,13.6993771341507,36,100,0.217976478975032,-0.591845344274662,58,0,5.1322,50,0.4,0.6,40,"both",0.217976478975032,-0.591845344274662
"5794",18,2,0.00202868555169857,-6.80308780956288,13.6993771341507,36,100,0.217976478975032,-0.591845344274662,58,0,11.81215,50,0.4,0.6,40,"both",0.217976478975032,-0.591845344274662
"5795",18,2,0.00202868555169857,-6.80308780956288,13.6993771341507,36,100,0.217976478975032,-0.591845344274662,58,0,-16.1743,50,0.4,0.6,40,"both",0.217976478975032,-0.591845344274662
"5796",18,2,0.00202868555169857,-6.80308780956288,13.6993771341507,36,100,0.217976478975032,-0.591845344274662,58,1,17.95613,50,0.4,0.6,40,"both",0.217976478975032,-0.591845344274662
"5797",18,2,0.00202868555169857,-6.80308780956288,13.6993771341507,36,100,0.217976478975032,-0.591845344274662,58,0,6.6221,50,0.4,0.6,40,"both",0.217976478975032,-0.591845344274662
"5798",18,2,0.00202868555169857,-6.80308780956288,13.6993771341507,36,100,0.217976478975032,-0.591845344274662,58,0,-18.5984,50,0.4,0.6,40,"both",0.217976478975032,-0.591845344274662
"5799",18,2,0.00202868555169857,-6.80308780956288,13.6993771341507,36,100,0.217976478975032,-0.591845344274662,58,0,-18.50483,50,0.4,0.6,40,"both",0.217976478975032,-0.591845344274662
"5800",18,2,0.00202868555169857,-6.80308780956288,13.6993771341507,36,100,0.217976478975032,-0.591845344274662,58,0,-18.6363,50,0.4,0.6,40,"both",0.217976478975032,-0.591845344274662
"5801",19,2,0.00429330624903829,5.26585524283071,7.60569422659719,38,100,0.217976478975032,-0.591845344274662,59,0,9.3607746817,50,0.4,0.6,40,"both",0.217976478975032,-0.591845344274662
"5802",19,2,0.00429330624903829,5.26585524283071,7.60569422659719,38,100,0.217976478975032,-0.591845344274662,59,1,10.80684507402,50,0.4,0.6,40,"both",0.217976478975032,-0.591845344274662
"5803",19,2,0.00429330624903829,5.26585524283071,7.60569422659719,38,100,0.217976478975032,-0.591845344274662,59,0,0.7966918139,50,0.4,0.6,40,"both",0.217976478975032,-0.591845344274662
"5804",19,2,0.00429330624903829,5.26585524283071,7.60569422659719,38,100,0.217976478975032,-0.591845344274662,59,1,9.3401586844,50,0.4,0.6,40,"both",0.217976478975032,-0.591845344274662
"5805",19,2,0.00429330624903829,5.26585524283071,7.60569422659719,38,100,0.217976478975032,-0.591845344274662,59,1,25.76431,50,0.4,0.6,40,"both",0.217976478975032,-0.591845344274662
"5806",19,2,0.00429330624903829,5.26585524283071,7.60569422659719,38,100,0.217976478975032,-0.591845344274662,59,0,7.31284,50,0.4,0.6,40,"both",0.217976478975032,-0.591845344274662
"5807",19,2,0.00429330624903829,5.26585524283071,7.60569422659719,38,100,0.217976478975032,-0.591845344274662,59,0,-5.99237,50,0.4,0.6,40,"both",0.217976478975032,-0.591845344274662
"5808",19,2,0.00429330624903829,5.26585524283071,7.60569422659719,38,100,0.217976478975032,-0.591845344274662,59,1,6.70231,50,0.4,0.6,40,"both",0.217976478975032,-0.591845344274662
"5809",19,2,0.00429330624903829,5.26585524283071,7.60569422659719,38,100,0.217976478975032,-0.591845344274662,59,1,11.22954,50,0.4,0.6,40,"both",0.217976478975032,-0.591845344274662
"5810",19,2,0.00429330624903829,5.26585524283071,7.60569422659719,38,100,0.217976478975032,-0.591845344274662,59,1,14.76321,50,0.4,0.6,40,"both",0.217976478975032,-0.591845344274662
"5811",19,2,0.00429330624903829,5.26585524283071,7.60569422659719,38,100,0.217976478975032,-0.591845344274662,59,0,6.34114,50,0.4,0.6,40,"both",0.217976478975032,-0.591845344274662
"5812",19,2,0.00429330624903829,5.26585524283071,7.60569422659719,38,100,0.217976478975032,-0.591845344274662,59,1,-0.4619,50,0.4,0.6,40,"both",0.217976478975032,-0.591845344274662
"5813",19,2,0.00429330624903829,5.26585524283071,7.60569422659719,38,100,0.217976478975032,-0.591845344274662,59,1,11.18162,50,0.4,0.6,40,"both",0.217976478975032,-0.591845344274662
"5814",19,2,0.00429330624903829,5.26585524283071,7.60569422659719,38,100,0.217976478975032,-0.591845344274662,59,0,-5.7609,50,0.4,0.6,40,"both",0.217976478975032,-0.591845344274662
"5815",19,2,0.00429330624903829,5.26585524283071,7.60569422659719,38,100,0.217976478975032,-0.591845344274662,59,1,5.96678,50,0.4,0.6,40,"both",0.217976478975032,-0.591845344274662
"5816",19,2,0.00429330624903829,5.26585524283071,7.60569422659719,38,100,0.217976478975032,-0.591845344274662,59,1,5.17736,50,0.4,0.6,40,"both",0.217976478975032,-0.591845344274662
"5817",19,2,0.00429330624903829,5.26585524283071,7.60569422659719,38,100,0.217976478975032,-0.591845344274662,59,1,16.76473,50,0.4,0.6,40,"both",0.217976478975032,-0.591845344274662
"5818",19,2,0.00429330624903829,5.26585524283071,7.60569422659719,38,100,0.217976478975032,-0.591845344274662,59,1,6.98218,50,0.4,0.6,40,"both",0.217976478975032,-0.591845344274662
"5819",19,2,0.00429330624903829,5.26585524283071,7.60569422659719,38,100,0.217976478975032,-0.591845344274662,59,1,-11.490607,50,0.4,0.6,40,"both",0.217976478975032,-0.591845344274662
"5820",19,2,0.00429330624903829,5.26585524283071,7.60569422659719,38,100,0.217976478975032,-0.591845344274662,59,0,1.873807,50,0.4,0.6,40,"both",0.217976478975032,-0.591845344274662
"5821",19,2,0.00429330624903829,5.26585524283071,7.60569422659719,38,100,0.217976478975032,-0.591845344274662,59,0,-3.56545051532,50,0.4,0.6,40,"both",0.217976478975032,-0.591845344274662
"5822",19,2,0.00429330624903829,5.26585524283071,7.60569422659719,38,100,0.217976478975032,-0.591845344274662,59,0,-1.05045,50,0.4,0.6,40,"both",0.217976478975032,-0.591845344274662
"5823",19,2,0.00429330624903829,5.26585524283071,7.60569422659719,38,100,0.217976478975032,-0.591845344274662,59,0,7.02393,50,0.4,0.6,40,"both",0.217976478975032,-0.591845344274662
"5824",19,2,0.00429330624903829,5.26585524283071,7.60569422659719,38,100,0.217976478975032,-0.591845344274662,59,1,13.43405,50,0.4,0.6,40,"both",0.217976478975032,-0.591845344274662
"5825",19,2,0.00429330624903829,5.26585524283071,7.60569422659719,38,100,0.217976478975032,-0.591845344274662,59,0,4.2659261006,50,0.4,0.6,40,"both",0.217976478975032,-0.591845344274662
"5826",19,2,0.00429330624903829,5.26585524283071,7.60569422659719,38,100,0.217976478975032,-0.591845344274662,59,1,17.50863,50,0.4,0.6,40,"both",0.217976478975032,-0.591845344274662
"5827",19,2,0.00429330624903829,5.26585524283071,7.60569422659719,38,100,0.217976478975032,-0.591845344274662,59,0,-29.04305,50,0.4,0.6,40,"both",0.217976478975032,-0.591845344274662
"5828",19,2,0.00429330624903829,5.26585524283071,7.60569422659719,38,100,0.217976478975032,-0.591845344274662,59,1,4.9675966605,50,0.4,0.6,40,"both",0.217976478975032,-0.591845344274662
"5829",19,2,0.00429330624903829,5.26585524283071,7.60569422659719,38,100,0.217976478975032,-0.591845344274662,59,0,3.8461659813,50,0.4,0.6,40,"both",0.217976478975032,-0.591845344274662
"5830",19,2,0.00429330624903829,5.26585524283071,7.60569422659719,38,100,0.217976478975032,-0.591845344274662,59,0,5.17554,50,0.4,0.6,40,"both",0.217976478975032,-0.591845344274662
"5831",19,2,0.00429330624903829,5.26585524283071,7.60569422659719,38,100,0.217976478975032,-0.591845344274662,59,0,4.0663,50,0.4,0.6,40,"both",0.217976478975032,-0.591845344274662
"5832",19,2,0.00429330624903829,5.26585524283071,7.60569422659719,38,100,0.217976478975032,-0.591845344274662,59,0,1.72482,50,0.4,0.6,40,"both",0.217976478975032,-0.591845344274662
"5833",19,2,0.00429330624903829,5.26585524283071,7.60569422659719,38,100,0.217976478975032,-0.591845344274662,59,0,10.44573,50,0.4,0.6,40,"both",0.217976478975032,-0.591845344274662
"5834",19,2,0.00429330624903829,5.26585524283071,7.60569422659719,38,100,0.217976478975032,-0.591845344274662,59,1,16.16588,50,0.4,0.6,40,"both",0.217976478975032,-0.591845344274662
"5835",19,2,0.00429330624903829,5.26585524283071,7.60569422659719,38,100,0.217976478975032,-0.591845344274662,59,1,6.45237,50,0.4,0.6,40,"both",0.217976478975032,-0.591845344274662
"5836",19,2,0.00429330624903829,5.26585524283071,7.60569422659719,38,100,0.217976478975032,-0.591845344274662,59,1,1.43885,50,0.4,0.6,40,"both",0.217976478975032,-0.591845344274662
"5837",19,2,0.00429330624903829,5.26585524283071,7.60569422659719,38,100,0.217976478975032,-0.591845344274662,59,1,4.60716,50,0.4,0.6,40,"both",0.217976478975032,-0.591845344274662
"5838",19,2,0.00429330624903829,5.26585524283071,7.60569422659719,38,100,0.217976478975032,-0.591845344274662,59,1,10.40094,50,0.4,0.6,40,"both",0.217976478975032,-0.591845344274662
"5839",19,2,0.00429330624903829,5.26585524283071,7.60569422659719,38,100,0.217976478975032,-0.591845344274662,59,0,9.33547,50,0.4,0.6,40,"both",0.217976478975032,-0.591845344274662
"5840",19,2,0.00429330624903829,5.26585524283071,7.60569422659719,38,100,0.217976478975032,-0.591845344274662,59,0,-9.38331,50,0.4,0.6,40,"both",0.217976478975032,-0.591845344274662
"5841",19,2,0.00429330624903829,5.26585524283071,7.60569422659719,38,100,0.217976478975032,-0.591845344274662,59,0,-9.81268,50,0.4,0.6,40,"both",0.217976478975032,-0.591845344274662
"5842",19,2,0.00429330624903829,5.26585524283071,7.60569422659719,38,100,0.217976478975032,-0.591845344274662,59,1,13.60465,50,0.4,0.6,40,"both",0.217976478975032,-0.591845344274662
"5843",19,2,0.00429330624903829,5.26585524283071,7.60569422659719,38,100,0.217976478975032,-0.591845344274662,59,1,7.95996,50,0.4,0.6,40,"both",0.217976478975032,-0.591845344274662
"5844",19,2,0.00429330624903829,5.26585524283071,7.60569422659719,38,100,0.217976478975032,-0.591845344274662,59,0,-5.78601,50,0.4,0.6,40,"both",0.217976478975032,-0.591845344274662
"5845",19,2,0.00429330624903829,5.26585524283071,7.60569422659719,38,100,0.217976478975032,-0.591845344274662,59,0,-7.17217,50,0.4,0.6,40,"both",0.217976478975032,-0.591845344274662
"5846",19,2,0.00429330624903829,5.26585524283071,7.60569422659719,38,100,0.217976478975032,-0.591845344274662,59,0,4.389022,50,0.4,0.6,40,"both",0.217976478975032,-0.591845344274662
"5847",19,2,0.00429330624903829,5.26585524283071,7.60569422659719,38,100,0.217976478975032,-0.591845344274662,59,1,5.76879,50,0.4,0.6,40,"both",0.217976478975032,-0.591845344274662
"5848",19,2,0.00429330624903829,5.26585524283071,7.60569422659719,38,100,0.217976478975032,-0.591845344274662,59,0,-10.40529,50,0.4,0.6,40,"both",0.217976478975032,-0.591845344274662
"5849",19,2,0.00429330624903829,5.26585524283071,7.60569422659719,38,100,0.217976478975032,-0.591845344274662,59,0,1.93501,50,0.4,0.6,40,"both",0.217976478975032,-0.591845344274662
"5850",19,2,0.00429330624903829,5.26585524283071,7.60569422659719,38,100,0.217976478975032,-0.591845344274662,59,1,10.06848,50,0.4,0.6,40,"both",0.217976478975032,-0.591845344274662
"5851",19,2,0.00429330624903829,5.26585524283071,7.60569422659719,38,100,0.217976478975032,-0.591845344274662,59,0,1.25479,50,0.4,0.6,40,"both",0.217976478975032,-0.591845344274662
"5852",19,2,0.00429330624903829,5.26585524283071,7.60569422659719,38,100,0.217976478975032,-0.591845344274662,59,1,16.443,50,0.4,0.6,40,"both",0.217976478975032,-0.591845344274662
"5853",19,2,0.00429330624903829,5.26585524283071,7.60569422659719,38,100,0.217976478975032,-0.591845344274662,59,0,9.91131,50,0.4,0.6,40,"both",0.217976478975032,-0.591845344274662
"5854",19,2,0.00429330624903829,5.26585524283071,7.60569422659719,38,100,0.217976478975032,-0.591845344274662,59,1,12.12491,50,0.4,0.6,40,"both",0.217976478975032,-0.591845344274662
"5855",19,2,0.00429330624903829,5.26585524283071,7.60569422659719,38,100,0.217976478975032,-0.591845344274662,59,1,12.65471,50,0.4,0.6,40,"both",0.217976478975032,-0.591845344274662
"5856",19,2,0.00429330624903829,5.26585524283071,7.60569422659719,38,100,0.217976478975032,-0.591845344274662,59,1,9.72516,50,0.4,0.6,40,"both",0.217976478975032,-0.591845344274662
"5857",19,2,0.00429330624903829,5.26585524283071,7.60569422659719,38,100,0.217976478975032,-0.591845344274662,59,0,0.8614,50,0.4,0.6,40,"both",0.217976478975032,-0.591845344274662
"5858",19,2,0.00429330624903829,5.26585524283071,7.60569422659719,38,100,0.217976478975032,-0.591845344274662,59,0,11.67541,50,0.4,0.6,40,"both",0.217976478975032,-0.591845344274662
"5859",19,2,0.00429330624903829,5.26585524283071,7.60569422659719,38,100,0.217976478975032,-0.591845344274662,59,1,14.91645,50,0.4,0.6,40,"both",0.217976478975032,-0.591845344274662
"5860",19,2,0.00429330624903829,5.26585524283071,7.60569422659719,38,100,0.217976478975032,-0.591845344274662,59,0,1.28002,50,0.4,0.6,40,"both",0.217976478975032,-0.591845344274662
"5861",19,2,0.00429330624903829,5.26585524283071,7.60569422659719,38,100,0.217976478975032,-0.591845344274662,59,1,10.74203,50,0.4,0.6,40,"both",0.217976478975032,-0.591845344274662
"5862",19,2,0.00429330624903829,5.26585524283071,7.60569422659719,38,100,0.217976478975032,-0.591845344274662,59,1,7.89067,50,0.4,0.6,40,"both",0.217976478975032,-0.591845344274662
"5863",19,2,0.00429330624903829,5.26585524283071,7.60569422659719,38,100,0.217976478975032,-0.591845344274662,59,1,-0.42495,50,0.4,0.6,40,"both",0.217976478975032,-0.591845344274662
"5864",19,2,0.00429330624903829,5.26585524283071,7.60569422659719,38,100,0.217976478975032,-0.591845344274662,59,0,-0.96543,50,0.4,0.6,40,"both",0.217976478975032,-0.591845344274662
"5865",19,2,0.00429330624903829,5.26585524283071,7.60569422659719,38,100,0.217976478975032,-0.591845344274662,59,0,0.90086,50,0.4,0.6,40,"both",0.217976478975032,-0.591845344274662
"5866",19,2,0.00429330624903829,5.26585524283071,7.60569422659719,38,100,0.217976478975032,-0.591845344274662,59,0,10.4323,50,0.4,0.6,40,"both",0.217976478975032,-0.591845344274662
"5867",19,2,0.00429330624903829,5.26585524283071,7.60569422659719,38,100,0.217976478975032,-0.591845344274662,59,0,-3.62322,50,0.4,0.6,40,"both",0.217976478975032,-0.591845344274662
"5868",19,2,0.00429330624903829,5.26585524283071,7.60569422659719,38,100,0.217976478975032,-0.591845344274662,59,1,2.78075,50,0.4,0.6,40,"both",0.217976478975032,-0.591845344274662
"5869",19,2,0.00429330624903829,5.26585524283071,7.60569422659719,38,100,0.217976478975032,-0.591845344274662,59,0,9.27085,50,0.4,0.6,40,"both",0.217976478975032,-0.591845344274662
"5870",19,2,0.00429330624903829,5.26585524283071,7.60569422659719,38,100,0.217976478975032,-0.591845344274662,59,0,0.88874,50,0.4,0.6,40,"both",0.217976478975032,-0.591845344274662
"5871",19,2,0.00429330624903829,5.26585524283071,7.60569422659719,38,100,0.217976478975032,-0.591845344274662,59,0,1.03207,50,0.4,0.6,40,"both",0.217976478975032,-0.591845344274662
"5872",19,2,0.00429330624903829,5.26585524283071,7.60569422659719,38,100,0.217976478975032,-0.591845344274662,59,0,-0.000490000000000101,50,0.4,0.6,40,"both",0.217976478975032,-0.591845344274662
"5873",19,2,0.00429330624903829,5.26585524283071,7.60569422659719,38,100,0.217976478975032,-0.591845344274662,59,1,14.86355,50,0.4,0.6,40,"both",0.217976478975032,-0.591845344274662
"5874",19,2,0.00429330624903829,5.26585524283071,7.60569422659719,38,100,0.217976478975032,-0.591845344274662,59,0,-3.19751,50,0.4,0.6,40,"both",0.217976478975032,-0.591845344274662
"5875",19,2,0.00429330624903829,5.26585524283071,7.60569422659719,38,100,0.217976478975032,-0.591845344274662,59,0,-0.32187,50,0.4,0.6,40,"both",0.217976478975032,-0.591845344274662
"5876",19,2,0.00429330624903829,5.26585524283071,7.60569422659719,38,100,0.217976478975032,-0.591845344274662,59,1,13.05239,50,0.4,0.6,40,"both",0.217976478975032,-0.591845344274662
"5877",19,2,0.00429330624903829,5.26585524283071,7.60569422659719,38,100,0.217976478975032,-0.591845344274662,59,0,-2.69645,50,0.4,0.6,40,"both",0.217976478975032,-0.591845344274662
"5878",19,2,0.00429330624903829,5.26585524283071,7.60569422659719,38,100,0.217976478975032,-0.591845344274662,59,0,9.08209,50,0.4,0.6,40,"both",0.217976478975032,-0.591845344274662
"5879",19,2,0.00429330624903829,5.26585524283071,7.60569422659719,38,100,0.217976478975032,-0.591845344274662,59,1,17.68045,50,0.4,0.6,40,"both",0.217976478975032,-0.591845344274662
"5880",19,2,0.00429330624903829,5.26585524283071,7.60569422659719,38,100,0.217976478975032,-0.591845344274662,59,1,14.78185,50,0.4,0.6,40,"both",0.217976478975032,-0.591845344274662
"5881",19,2,0.00429330624903829,5.26585524283071,7.60569422659719,38,100,0.217976478975032,-0.591845344274662,59,1,11.31504,50,0.4,0.6,40,"both",0.217976478975032,-0.591845344274662
"5882",19,2,0.00429330624903829,5.26585524283071,7.60569422659719,38,100,0.217976478975032,-0.591845344274662,59,1,11.29947,50,0.4,0.6,40,"both",0.217976478975032,-0.591845344274662
"5883",19,2,0.00429330624903829,5.26585524283071,7.60569422659719,38,100,0.217976478975032,-0.591845344274662,59,1,10.32725,50,0.4,0.6,40,"both",0.217976478975032,-0.591845344274662
"5884",19,2,0.00429330624903829,5.26585524283071,7.60569422659719,38,100,0.217976478975032,-0.591845344274662,59,0,-0.636880000000001,50,0.4,0.6,40,"both",0.217976478975032,-0.591845344274662
"5885",19,2,0.00429330624903829,5.26585524283071,7.60569422659719,38,100,0.217976478975032,-0.591845344274662,59,1,12.26457,50,0.4,0.6,40,"both",0.217976478975032,-0.591845344274662
"5886",19,2,0.00429330624903829,5.26585524283071,7.60569422659719,38,100,0.217976478975032,-0.591845344274662,59,1,-0.92429,50,0.4,0.6,40,"both",0.217976478975032,-0.591845344274662
"5887",19,2,0.00429330624903829,5.26585524283071,7.60569422659719,38,100,0.217976478975032,-0.591845344274662,59,1,10.68106,50,0.4,0.6,40,"both",0.217976478975032,-0.591845344274662
"5888",19,2,0.00429330624903829,5.26585524283071,7.60569422659719,38,100,0.217976478975032,-0.591845344274662,59,1,9.95096,50,0.4,0.6,40,"both",0.217976478975032,-0.591845344274662
"5889",19,2,0.00429330624903829,5.26585524283071,7.60569422659719,38,100,0.217976478975032,-0.591845344274662,59,1,2.34508,50,0.4,0.6,40,"both",0.217976478975032,-0.591845344274662
"5890",19,2,0.00429330624903829,5.26585524283071,7.60569422659719,38,100,0.217976478975032,-0.591845344274662,59,1,7.57845,50,0.4,0.6,40,"both",0.217976478975032,-0.591845344274662
"5891",19,2,0.00429330624903829,5.26585524283071,7.60569422659719,38,100,0.217976478975032,-0.591845344274662,59,1,1.7689,50,0.4,0.6,40,"both",0.217976478975032,-0.591845344274662
"5892",19,2,0.00429330624903829,5.26585524283071,7.60569422659719,38,100,0.217976478975032,-0.591845344274662,59,1,9.43965,50,0.4,0.6,40,"both",0.217976478975032,-0.591845344274662
"5893",19,2,0.00429330624903829,5.26585524283071,7.60569422659719,38,100,0.217976478975032,-0.591845344274662,59,1,11.80201,50,0.4,0.6,40,"both",0.217976478975032,-0.591845344274662
"5894",19,2,0.00429330624903829,5.26585524283071,7.60569422659719,38,100,0.217976478975032,-0.591845344274662,59,1,11.7185,50,0.4,0.6,40,"both",0.217976478975032,-0.591845344274662
"5895",19,2,0.00429330624903829,5.26585524283071,7.60569422659719,38,100,0.217976478975032,-0.591845344274662,59,0,-0.678850000000001,50,0.4,0.6,40,"both",0.217976478975032,-0.591845344274662
"5896",19,2,0.00429330624903829,5.26585524283071,7.60569422659719,38,100,0.217976478975032,-0.591845344274662,59,1,10.00698,50,0.4,0.6,40,"both",0.217976478975032,-0.591845344274662
"5897",19,2,0.00429330624903829,5.26585524283071,7.60569422659719,38,100,0.217976478975032,-0.591845344274662,59,0,8.81715,50,0.4,0.6,40,"both",0.217976478975032,-0.591845344274662
"5898",19,2,0.00429330624903829,5.26585524283071,7.60569422659719,38,100,0.217976478975032,-0.591845344274662,59,1,12.73076,50,0.4,0.6,40,"both",0.217976478975032,-0.591845344274662
"5899",19,2,0.00429330624903829,5.26585524283071,7.60569422659719,38,100,0.217976478975032,-0.591845344274662,59,1,12.22886,50,0.4,0.6,40,"both",0.217976478975032,-0.591845344274662
"5900",19,2,0.00429330624903829,5.26585524283071,7.60569422659719,38,100,0.217976478975032,-0.591845344274662,59,1,10.71482,50,0.4,0.6,40,"both",0.217976478975032,-0.591845344274662
"5901",20,2,0.00179664825262815,-3.07522019752093,9.81420792558746,40,100,0.217976478975032,-0.591845344274662,60,1,8.7360593376,50,0.4,0.6,40,"both",0.217976478975032,-0.591845344274662
"5902",20,2,0.00179664825262815,-3.07522019752093,9.81420792558746,40,100,0.217976478975032,-0.591845344274662,60,1,-6.4098075488,50,0.4,0.6,40,"both",0.217976478975032,-0.591845344274662
"5903",20,2,0.00179664825262815,-3.07522019752093,9.81420792558746,40,100,0.217976478975032,-0.591845344274662,60,0,-13.5632218618,50,0.4,0.6,40,"both",0.217976478975032,-0.591845344274662
"5904",20,2,0.00179664825262815,-3.07522019752093,9.81420792558746,40,100,0.217976478975032,-0.591845344274662,60,0,-7.2047676332,50,0.4,0.6,40,"both",0.217976478975032,-0.591845344274662
"5905",20,2,0.00179664825262815,-3.07522019752093,9.81420792558746,40,100,0.217976478975032,-0.591845344274662,60,0,-0.9699233617,50,0.4,0.6,40,"both",0.217976478975032,-0.591845344274662
"5906",20,2,0.00179664825262815,-3.07522019752093,9.81420792558746,40,100,0.217976478975032,-0.591845344274662,60,0,-46.60714,50,0.4,0.6,40,"both",0.217976478975032,-0.591845344274662
"5907",20,2,0.00179664825262815,-3.07522019752093,9.81420792558746,40,100,0.217976478975032,-0.591845344274662,60,1,2.87796382082,50,0.4,0.6,40,"both",0.217976478975032,-0.591845344274662
"5908",20,2,0.00179664825262815,-3.07522019752093,9.81420792558746,40,100,0.217976478975032,-0.591845344274662,60,1,5.84948,50,0.4,0.6,40,"both",0.217976478975032,-0.591845344274662
"5909",20,2,0.00179664825262815,-3.07522019752093,9.81420792558746,40,100,0.217976478975032,-0.591845344274662,60,1,7.6837,50,0.4,0.6,40,"both",0.217976478975032,-0.591845344274662
"5910",20,2,0.00179664825262815,-3.07522019752093,9.81420792558746,40,100,0.217976478975032,-0.591845344274662,60,0,-11.43275,50,0.4,0.6,40,"both",0.217976478975032,-0.591845344274662
"5911",20,2,0.00179664825262815,-3.07522019752093,9.81420792558746,40,100,0.217976478975032,-0.591845344274662,60,1,-3.370455,50,0.4,0.6,40,"both",0.217976478975032,-0.591845344274662
"5912",20,2,0.00179664825262815,-3.07522019752093,9.81420792558746,40,100,0.217976478975032,-0.591845344274662,60,0,-7.38669,50,0.4,0.6,40,"both",0.217976478975032,-0.591845344274662
"5913",20,2,0.00179664825262815,-3.07522019752093,9.81420792558746,40,100,0.217976478975032,-0.591845344274662,60,0,-0.59907,50,0.4,0.6,40,"both",0.217976478975032,-0.591845344274662
"5914",20,2,0.00179664825262815,-3.07522019752093,9.81420792558746,40,100,0.217976478975032,-0.591845344274662,60,1,6.12637,50,0.4,0.6,40,"both",0.217976478975032,-0.591845344274662
"5915",20,2,0.00179664825262815,-3.07522019752093,9.81420792558746,40,100,0.217976478975032,-0.591845344274662,60,0,-10.77955,50,0.4,0.6,40,"both",0.217976478975032,-0.591845344274662
"5916",20,2,0.00179664825262815,-3.07522019752093,9.81420792558746,40,100,0.217976478975032,-0.591845344274662,60,1,11.07455,50,0.4,0.6,40,"both",0.217976478975032,-0.591845344274662
"5917",20,2,0.00179664825262815,-3.07522019752093,9.81420792558746,40,100,0.217976478975032,-0.591845344274662,60,0,-2.855678,50,0.4,0.6,40,"both",0.217976478975032,-0.591845344274662
"5918",20,2,0.00179664825262815,-3.07522019752093,9.81420792558746,40,100,0.217976478975032,-0.591845344274662,60,1,-9.12063,50,0.4,0.6,40,"both",0.217976478975032,-0.591845344274662
"5919",20,2,0.00179664825262815,-3.07522019752093,9.81420792558746,40,100,0.217976478975032,-0.591845344274662,60,0,-22.15914,50,0.4,0.6,40,"both",0.217976478975032,-0.591845344274662
"5920",20,2,0.00179664825262815,-3.07522019752093,9.81420792558746,40,100,0.217976478975032,-0.591845344274662,60,1,-2.7617621995,50,0.4,0.6,40,"both",0.217976478975032,-0.591845344274662
"5921",20,2,0.00179664825262815,-3.07522019752093,9.81420792558746,40,100,0.217976478975032,-0.591845344274662,60,1,0.73273,50,0.4,0.6,40,"both",0.217976478975032,-0.591845344274662
"5922",20,2,0.00179664825262815,-3.07522019752093,9.81420792558746,40,100,0.217976478975032,-0.591845344274662,60,0,-0.814959999999999,50,0.4,0.6,40,"both",0.217976478975032,-0.591845344274662
"5923",20,2,0.00179664825262815,-3.07522019752093,9.81420792558746,40,100,0.217976478975032,-0.591845344274662,60,1,6.81334,50,0.4,0.6,40,"both",0.217976478975032,-0.591845344274662
"5924",20,2,0.00179664825262815,-3.07522019752093,9.81420792558746,40,100,0.217976478975032,-0.591845344274662,60,0,-11.22575,50,0.4,0.6,40,"both",0.217976478975032,-0.591845344274662
"5925",20,2,0.00179664825262815,-3.07522019752093,9.81420792558746,40,100,0.217976478975032,-0.591845344274662,60,1,5.18274,50,0.4,0.6,40,"both",0.217976478975032,-0.591845344274662
"5926",20,2,0.00179664825262815,-3.07522019752093,9.81420792558746,40,100,0.217976478975032,-0.591845344274662,60,1,2.09965,50,0.4,0.6,40,"both",0.217976478975032,-0.591845344274662
"5927",20,2,0.00179664825262815,-3.07522019752093,9.81420792558746,40,100,0.217976478975032,-0.591845344274662,60,1,2.538517,50,0.4,0.6,40,"both",0.217976478975032,-0.591845344274662
"5928",20,2,0.00179664825262815,-3.07522019752093,9.81420792558746,40,100,0.217976478975032,-0.591845344274662,60,1,27.28084,50,0.4,0.6,40,"both",0.217976478975032,-0.591845344274662
"5929",20,2,0.00179664825262815,-3.07522019752093,9.81420792558746,40,100,0.217976478975032,-0.591845344274662,60,1,6.1571,50,0.4,0.6,40,"both",0.217976478975032,-0.591845344274662
"5930",20,2,0.00179664825262815,-3.07522019752093,9.81420792558746,40,100,0.217976478975032,-0.591845344274662,60,0,-2.88254,50,0.4,0.6,40,"both",0.217976478975032,-0.591845344274662
"5931",20,2,0.00179664825262815,-3.07522019752093,9.81420792558746,40,100,0.217976478975032,-0.591845344274662,60,1,1.73923,50,0.4,0.6,40,"both",0.217976478975032,-0.591845344274662
"5932",20,2,0.00179664825262815,-3.07522019752093,9.81420792558746,40,100,0.217976478975032,-0.591845344274662,60,1,6.12389,50,0.4,0.6,40,"both",0.217976478975032,-0.591845344274662
"5933",20,2,0.00179664825262815,-3.07522019752093,9.81420792558746,40,100,0.217976478975032,-0.591845344274662,60,1,-13.19369,50,0.4,0.6,40,"both",0.217976478975032,-0.591845344274662
"5934",20,2,0.00179664825262815,-3.07522019752093,9.81420792558746,40,100,0.217976478975032,-0.591845344274662,60,0,-13.69632,50,0.4,0.6,40,"both",0.217976478975032,-0.591845344274662
"5935",20,2,0.00179664825262815,-3.07522019752093,9.81420792558746,40,100,0.217976478975032,-0.591845344274662,60,0,-3.0654,50,0.4,0.6,40,"both",0.217976478975032,-0.591845344274662
"5936",20,2,0.00179664825262815,-3.07522019752093,9.81420792558746,40,100,0.217976478975032,-0.591845344274662,60,1,0.45355,50,0.4,0.6,40,"both",0.217976478975032,-0.591845344274662
"5937",20,2,0.00179664825262815,-3.07522019752093,9.81420792558746,40,100,0.217976478975032,-0.591845344274662,60,0,-12.58809,50,0.4,0.6,40,"both",0.217976478975032,-0.591845344274662
"5938",20,2,0.00179664825262815,-3.07522019752093,9.81420792558746,40,100,0.217976478975032,-0.591845344274662,60,1,7.14899,50,0.4,0.6,40,"both",0.217976478975032,-0.591845344274662
"5939",20,2,0.00179664825262815,-3.07522019752093,9.81420792558746,40,100,0.217976478975032,-0.591845344274662,60,0,-11.66309,50,0.4,0.6,40,"both",0.217976478975032,-0.591845344274662
"5940",20,2,0.00179664825262815,-3.07522019752093,9.81420792558746,40,100,0.217976478975032,-0.591845344274662,60,1,2.58945,50,0.4,0.6,40,"both",0.217976478975032,-0.591845344274662
"5941",20,2,0.00179664825262815,-3.07522019752093,9.81420792558746,40,100,0.217976478975032,-0.591845344274662,60,1,2.1945,50,0.4,0.6,40,"both",0.217976478975032,-0.591845344274662
"5942",20,2,0.00179664825262815,-3.07522019752093,9.81420792558746,40,100,0.217976478975032,-0.591845344274662,60,0,-20.49489,50,0.4,0.6,40,"both",0.217976478975032,-0.591845344274662
"5943",20,2,0.00179664825262815,-3.07522019752093,9.81420792558746,40,100,0.217976478975032,-0.591845344274662,60,1,-6.60507,50,0.4,0.6,40,"both",0.217976478975032,-0.591845344274662
"5944",20,2,0.00179664825262815,-3.07522019752093,9.81420792558746,40,100,0.217976478975032,-0.591845344274662,60,1,1.23127,50,0.4,0.6,40,"both",0.217976478975032,-0.591845344274662
"5945",20,2,0.00179664825262815,-3.07522019752093,9.81420792558746,40,100,0.217976478975032,-0.591845344274662,60,1,5.67178,50,0.4,0.6,40,"both",0.217976478975032,-0.591845344274662
"5946",20,2,0.00179664825262815,-3.07522019752093,9.81420792558746,40,100,0.217976478975032,-0.591845344274662,60,0,-11.88144,50,0.4,0.6,40,"both",0.217976478975032,-0.591845344274662
"5947",20,2,0.00179664825262815,-3.07522019752093,9.81420792558746,40,100,0.217976478975032,-0.591845344274662,60,0,-8.27955,50,0.4,0.6,40,"both",0.217976478975032,-0.591845344274662
"5948",20,2,0.00179664825262815,-3.07522019752093,9.81420792558746,40,100,0.217976478975032,-0.591845344274662,60,0,5.75643,50,0.4,0.6,40,"both",0.217976478975032,-0.591845344274662
"5949",20,2,0.00179664825262815,-3.07522019752093,9.81420792558746,40,100,0.217976478975032,-0.591845344274662,60,0,-15.87265,50,0.4,0.6,40,"both",0.217976478975032,-0.591845344274662
"5950",20,2,0.00179664825262815,-3.07522019752093,9.81420792558746,40,100,0.217976478975032,-0.591845344274662,60,0,-7.6803,50,0.4,0.6,40,"both",0.217976478975032,-0.591845344274662
"5951",20,2,0.00179664825262815,-3.07522019752093,9.81420792558746,40,100,0.217976478975032,-0.591845344274662,60,1,-9.51597,50,0.4,0.6,40,"both",0.217976478975032,-0.591845344274662
"5952",20,2,0.00179664825262815,-3.07522019752093,9.81420792558746,40,100,0.217976478975032,-0.591845344274662,60,0,-13.15987,50,0.4,0.6,40,"both",0.217976478975032,-0.591845344274662
"5953",20,2,0.00179664825262815,-3.07522019752093,9.81420792558746,40,100,0.217976478975032,-0.591845344274662,60,0,-16.37383,50,0.4,0.6,40,"both",0.217976478975032,-0.591845344274662
"5954",20,2,0.00179664825262815,-3.07522019752093,9.81420792558746,40,100,0.217976478975032,-0.591845344274662,60,1,-10.75565,50,0.4,0.6,40,"both",0.217976478975032,-0.591845344274662
"5955",20,2,0.00179664825262815,-3.07522019752093,9.81420792558746,40,100,0.217976478975032,-0.591845344274662,60,1,2.24156,50,0.4,0.6,40,"both",0.217976478975032,-0.591845344274662
"5956",20,2,0.00179664825262815,-3.07522019752093,9.81420792558746,40,100,0.217976478975032,-0.591845344274662,60,0,-16.31076,50,0.4,0.6,40,"both",0.217976478975032,-0.591845344274662
"5957",20,2,0.00179664825262815,-3.07522019752093,9.81420792558746,40,100,0.217976478975032,-0.591845344274662,60,1,4.94408,50,0.4,0.6,40,"both",0.217976478975032,-0.591845344274662
"5958",20,2,0.00179664825262815,-3.07522019752093,9.81420792558746,40,100,0.217976478975032,-0.591845344274662,60,0,0.18367,50,0.4,0.6,40,"both",0.217976478975032,-0.591845344274662
"5959",20,2,0.00179664825262815,-3.07522019752093,9.81420792558746,40,100,0.217976478975032,-0.591845344274662,60,0,-5.400464,50,0.4,0.6,40,"both",0.217976478975032,-0.591845344274662
"5960",20,2,0.00179664825262815,-3.07522019752093,9.81420792558746,40,100,0.217976478975032,-0.591845344274662,60,0,-10.98953,50,0.4,0.6,40,"both",0.217976478975032,-0.591845344274662
"5961",20,2,0.00179664825262815,-3.07522019752093,9.81420792558746,40,100,0.217976478975032,-0.591845344274662,60,0,-9.37608,50,0.4,0.6,40,"both",0.217976478975032,-0.591845344274662
"5962",20,2,0.00179664825262815,-3.07522019752093,9.81420792558746,40,100,0.217976478975032,-0.591845344274662,60,0,-12.93812,50,0.4,0.6,40,"both",0.217976478975032,-0.591845344274662
"5963",20,2,0.00179664825262815,-3.07522019752093,9.81420792558746,40,100,0.217976478975032,-0.591845344274662,60,0,-11.36597,50,0.4,0.6,40,"both",0.217976478975032,-0.591845344274662
"5964",20,2,0.00179664825262815,-3.07522019752093,9.81420792558746,40,100,0.217976478975032,-0.591845344274662,60,1,1.17745,50,0.4,0.6,40,"both",0.217976478975032,-0.591845344274662
"5965",20,2,0.00179664825262815,-3.07522019752093,9.81420792558746,40,100,0.217976478975032,-0.591845344274662,60,0,1.25188,50,0.4,0.6,40,"both",0.217976478975032,-0.591845344274662
"5966",20,2,0.00179664825262815,-3.07522019752093,9.81420792558746,40,100,0.217976478975032,-0.591845344274662,60,0,-9.60159,50,0.4,0.6,40,"both",0.217976478975032,-0.591845344274662
"5967",20,2,0.00179664825262815,-3.07522019752093,9.81420792558746,40,100,0.217976478975032,-0.591845344274662,60,0,2.78335,50,0.4,0.6,40,"both",0.217976478975032,-0.591845344274662
"5968",20,2,0.00179664825262815,-3.07522019752093,9.81420792558746,40,100,0.217976478975032,-0.591845344274662,60,0,-0.27793,50,0.4,0.6,40,"both",0.217976478975032,-0.591845344274662
"5969",20,2,0.00179664825262815,-3.07522019752093,9.81420792558746,40,100,0.217976478975032,-0.591845344274662,60,0,-6.73524,50,0.4,0.6,40,"both",0.217976478975032,-0.591845344274662
"5970",20,2,0.00179664825262815,-3.07522019752093,9.81420792558746,40,100,0.217976478975032,-0.591845344274662,60,1,8.11509,50,0.4,0.6,40,"both",0.217976478975032,-0.591845344274662
"5971",20,2,0.00179664825262815,-3.07522019752093,9.81420792558746,40,100,0.217976478975032,-0.591845344274662,60,0,0.51502,50,0.4,0.6,40,"both",0.217976478975032,-0.591845344274662
"5972",20,2,0.00179664825262815,-3.07522019752093,9.81420792558746,40,100,0.217976478975032,-0.591845344274662,60,1,-8.936003,50,0.4,0.6,40,"both",0.217976478975032,-0.591845344274662
"5973",20,2,0.00179664825262815,-3.07522019752093,9.81420792558746,40,100,0.217976478975032,-0.591845344274662,60,1,6.50306,50,0.4,0.6,40,"both",0.217976478975032,-0.591845344274662
"5974",20,2,0.00179664825262815,-3.07522019752093,9.81420792558746,40,100,0.217976478975032,-0.591845344274662,60,1,16.42009,50,0.4,0.6,40,"both",0.217976478975032,-0.591845344274662
"5975",20,2,0.00179664825262815,-3.07522019752093,9.81420792558746,40,100,0.217976478975032,-0.591845344274662,60,0,-5.926462,50,0.4,0.6,40,"both",0.217976478975032,-0.591845344274662
"5976",20,2,0.00179664825262815,-3.07522019752093,9.81420792558746,40,100,0.217976478975032,-0.591845344274662,60,0,-8.92593,50,0.4,0.6,40,"both",0.217976478975032,-0.591845344274662
"5977",20,2,0.00179664825262815,-3.07522019752093,9.81420792558746,40,100,0.217976478975032,-0.591845344274662,60,1,3.811919,50,0.4,0.6,40,"both",0.217976478975032,-0.591845344274662
"5978",20,2,0.00179664825262815,-3.07522019752093,9.81420792558746,40,100,0.217976478975032,-0.591845344274662,60,1,-4.16132,50,0.4,0.6,40,"both",0.217976478975032,-0.591845344274662
"5979",20,2,0.00179664825262815,-3.07522019752093,9.81420792558746,40,100,0.217976478975032,-0.591845344274662,60,1,15.57067,50,0.4,0.6,40,"both",0.217976478975032,-0.591845344274662
"5980",20,2,0.00179664825262815,-3.07522019752093,9.81420792558746,40,100,0.217976478975032,-0.591845344274662,60,0,4.31922,50,0.4,0.6,40,"both",0.217976478975032,-0.591845344274662
"5981",20,2,0.00179664825262815,-3.07522019752093,9.81420792558746,40,100,0.217976478975032,-0.591845344274662,60,0,-7.81646,50,0.4,0.6,40,"both",0.217976478975032,-0.591845344274662
"5982",20,2,0.00179664825262815,-3.07522019752093,9.81420792558746,40,100,0.217976478975032,-0.591845344274662,60,0,-11.83378,50,0.4,0.6,40,"both",0.217976478975032,-0.591845344274662
"5983",20,2,0.00179664825262815,-3.07522019752093,9.81420792558746,40,100,0.217976478975032,-0.591845344274662,60,1,-6.20869,50,0.4,0.6,40,"both",0.217976478975032,-0.591845344274662
"5984",20,2,0.00179664825262815,-3.07522019752093,9.81420792558746,40,100,0.217976478975032,-0.591845344274662,60,0,-10.090428,50,0.4,0.6,40,"both",0.217976478975032,-0.591845344274662
"5985",20,2,0.00179664825262815,-3.07522019752093,9.81420792558746,40,100,0.217976478975032,-0.591845344274662,60,1,4.010872,50,0.4,0.6,40,"both",0.217976478975032,-0.591845344274662
"5986",20,2,0.00179664825262815,-3.07522019752093,9.81420792558746,40,100,0.217976478975032,-0.591845344274662,60,1,6.87757,50,0.4,0.6,40,"both",0.217976478975032,-0.591845344274662
"5987",20,2,0.00179664825262815,-3.07522019752093,9.81420792558746,40,100,0.217976478975032,-0.591845344274662,60,0,8.079623,50,0.4,0.6,40,"both",0.217976478975032,-0.591845344274662
"5988",20,2,0.00179664825262815,-3.07522019752093,9.81420792558746,40,100,0.217976478975032,-0.591845344274662,60,0,-10.43788,50,0.4,0.6,40,"both",0.217976478975032,-0.591845344274662
"5989",20,2,0.00179664825262815,-3.07522019752093,9.81420792558746,40,100,0.217976478975032,-0.591845344274662,60,0,-10.89635,50,0.4,0.6,40,"both",0.217976478975032,-0.591845344274662
"5990",20,2,0.00179664825262815,-3.07522019752093,9.81420792558746,40,100,0.217976478975032,-0.591845344274662,60,1,-12.46166,50,0.4,0.6,40,"both",0.217976478975032,-0.591845344274662
"5991",20,2,0.00179664825262815,-3.07522019752093,9.81420792558746,40,100,0.217976478975032,-0.591845344274662,60,0,0.50088,50,0.4,0.6,40,"both",0.217976478975032,-0.591845344274662
"5992",20,2,0.00179664825262815,-3.07522019752093,9.81420792558746,40,100,0.217976478975032,-0.591845344274662,60,1,-9.45006,50,0.4,0.6,40,"both",0.217976478975032,-0.591845344274662
"5993",20,2,0.00179664825262815,-3.07522019752093,9.81420792558746,40,100,0.217976478975032,-0.591845344274662,60,0,-5.392072,50,0.4,0.6,40,"both",0.217976478975032,-0.591845344274662
"5994",20,2,0.00179664825262815,-3.07522019752093,9.81420792558746,40,100,0.217976478975032,-0.591845344274662,60,0,1.10176,50,0.4,0.6,40,"both",0.217976478975032,-0.591845344274662
"5995",20,2,0.00179664825262815,-3.07522019752093,9.81420792558746,40,100,0.217976478975032,-0.591845344274662,60,0,-13.98261,50,0.4,0.6,40,"both",0.217976478975032,-0.591845344274662
"5996",20,2,0.00179664825262815,-3.07522019752093,9.81420792558746,40,100,0.217976478975032,-0.591845344274662,60,0,2.79971,50,0.4,0.6,40,"both",0.217976478975032,-0.591845344274662
"5997",20,2,0.00179664825262815,-3.07522019752093,9.81420792558746,40,100,0.217976478975032,-0.591845344274662,60,1,7.24314,50,0.4,0.6,40,"both",0.217976478975032,-0.591845344274662
"5998",20,2,0.00179664825262815,-3.07522019752093,9.81420792558746,40,100,0.217976478975032,-0.591845344274662,60,1,7.43596,50,0.4,0.6,40,"both",0.217976478975032,-0.591845344274662
"5999",20,2,0.00179664825262815,-3.07522019752093,9.81420792558746,40,100,0.217976478975032,-0.591845344274662,60,0,-16.72466,50,0.4,0.6,40,"both",0.217976478975032,-0.591845344274662
"6000",20,2,0.00179664825262815,-3.07522019752093,9.81420792558746,40,100,0.217976478975032,-0.591845344274662,60,0,-15.83116,50,0.4,0.6,40,"both",0.217976478975032,-0.591845344274662
"6001",21,2,0.00737587610061484,-22.7307682706282,23.4623060309004,42,100,0.217976478975032,-0.591845344274662,61,1,-8.2052571759,50,0.4,0.6,40,"both",0.217976478975032,-0.591845344274662
"6002",21,2,0.00737587610061484,-22.7307682706282,23.4623060309004,42,100,0.217976478975032,-0.591845344274662,61,1,-11.5123704252,50,0.4,0.6,40,"both",0.217976478975032,-0.591845344274662
"6003",21,2,0.00737587610061484,-22.7307682706282,23.4623060309004,42,100,0.217976478975032,-0.591845344274662,61,1,-20.679628299,50,0.4,0.6,40,"both",0.217976478975032,-0.591845344274662
"6004",21,2,0.00737587610061484,-22.7307682706282,23.4623060309004,42,100,0.217976478975032,-0.591845344274662,61,0,-23.616314307,50,0.4,0.6,40,"both",0.217976478975032,-0.591845344274662
"6005",21,2,0.00737587610061484,-22.7307682706282,23.4623060309004,42,100,0.217976478975032,-0.591845344274662,61,1,-19.0144773563,50,0.4,0.6,40,"both",0.217976478975032,-0.591845344274662
"6006",21,2,0.00737587610061484,-22.7307682706282,23.4623060309004,42,100,0.217976478975032,-0.591845344274662,61,1,-9.78747,50,0.4,0.6,40,"both",0.217976478975032,-0.591845344274662
"6007",21,2,0.00737587610061484,-22.7307682706282,23.4623060309004,42,100,0.217976478975032,-0.591845344274662,61,0,-23.00704,50,0.4,0.6,40,"both",0.217976478975032,-0.591845344274662
"6008",21,2,0.00737587610061484,-22.7307682706282,23.4623060309004,42,100,0.217976478975032,-0.591845344274662,61,0,-20.2908279,50,0.4,0.6,40,"both",0.217976478975032,-0.591845344274662
"6009",21,2,0.00737587610061484,-22.7307682706282,23.4623060309004,42,100,0.217976478975032,-0.591845344274662,61,1,-18.25611,50,0.4,0.6,40,"both",0.217976478975032,-0.591845344274662
"6010",21,2,0.00737587610061484,-22.7307682706282,23.4623060309004,42,100,0.217976478975032,-0.591845344274662,61,1,-15.91811,50,0.4,0.6,40,"both",0.217976478975032,-0.591845344274662
"6011",21,2,0.00737587610061484,-22.7307682706282,23.4623060309004,42,100,0.217976478975032,-0.591845344274662,61,0,-19.53821,50,0.4,0.6,40,"both",0.217976478975032,-0.591845344274662
"6012",21,2,0.00737587610061484,-22.7307682706282,23.4623060309004,42,100,0.217976478975032,-0.591845344274662,61,0,-13.3624,50,0.4,0.6,40,"both",0.217976478975032,-0.591845344274662
"6013",21,2,0.00737587610061484,-22.7307682706282,23.4623060309004,42,100,0.217976478975032,-0.591845344274662,61,0,-46.3493,50,0.4,0.6,40,"both",0.217976478975032,-0.591845344274662
"6014",21,2,0.00737587610061484,-22.7307682706282,23.4623060309004,42,100,0.217976478975032,-0.591845344274662,61,1,-17.71853259,50,0.4,0.6,40,"both",0.217976478975032,-0.591845344274662
"6015",21,2,0.00737587610061484,-22.7307682706282,23.4623060309004,42,100,0.217976478975032,-0.591845344274662,61,1,7.0986,50,0.4,0.6,40,"both",0.217976478975032,-0.591845344274662
"6016",21,2,0.00737587610061484,-22.7307682706282,23.4623060309004,42,100,0.217976478975032,-0.591845344274662,61,1,-5.995,50,0.4,0.6,40,"both",0.217976478975032,-0.591845344274662
"6017",21,2,0.00737587610061484,-22.7307682706282,23.4623060309004,42,100,0.217976478975032,-0.591845344274662,61,1,-16.44779,50,0.4,0.6,40,"both",0.217976478975032,-0.591845344274662
"6018",21,2,0.00737587610061484,-22.7307682706282,23.4623060309004,42,100,0.217976478975032,-0.591845344274662,61,1,-26.47718,50,0.4,0.6,40,"both",0.217976478975032,-0.591845344274662
"6019",21,2,0.00737587610061484,-22.7307682706282,23.4623060309004,42,100,0.217976478975032,-0.591845344274662,61,0,-19.4032,50,0.4,0.6,40,"both",0.217976478975032,-0.591845344274662
"6020",21,2,0.00737587610061484,-22.7307682706282,23.4623060309004,42,100,0.217976478975032,-0.591845344274662,61,1,-1.35,50,0.4,0.6,40,"both",0.217976478975032,-0.591845344274662
"6021",21,2,0.00737587610061484,-22.7307682706282,23.4623060309004,42,100,0.217976478975032,-0.591845344274662,61,1,-14.72769,50,0.4,0.6,40,"both",0.217976478975032,-0.591845344274662
"6022",21,2,0.00737587610061484,-22.7307682706282,23.4623060309004,42,100,0.217976478975032,-0.591845344274662,61,1,-19.40278,50,0.4,0.6,40,"both",0.217976478975032,-0.591845344274662
"6023",21,2,0.00737587610061484,-22.7307682706282,23.4623060309004,42,100,0.217976478975032,-0.591845344274662,61,1,-9.4077,50,0.4,0.6,40,"both",0.217976478975032,-0.591845344274662
"6024",21,2,0.00737587610061484,-22.7307682706282,23.4623060309004,42,100,0.217976478975032,-0.591845344274662,61,1,-2.7937,50,0.4,0.6,40,"both",0.217976478975032,-0.591845344274662
"6025",21,2,0.00737587610061484,-22.7307682706282,23.4623060309004,42,100,0.217976478975032,-0.591845344274662,61,0,-23.34049,50,0.4,0.6,40,"both",0.217976478975032,-0.591845344274662
"6026",21,2,0.00737587610061484,-22.7307682706282,23.4623060309004,42,100,0.217976478975032,-0.591845344274662,61,1,-23.67985,50,0.4,0.6,40,"both",0.217976478975032,-0.591845344274662
"6027",21,2,0.00737587610061484,-22.7307682706282,23.4623060309004,42,100,0.217976478975032,-0.591845344274662,61,1,-5.464,50,0.4,0.6,40,"both",0.217976478975032,-0.591845344274662
"6028",21,2,0.00737587610061484,-22.7307682706282,23.4623060309004,42,100,0.217976478975032,-0.591845344274662,61,1,-32.5612,50,0.4,0.6,40,"both",0.217976478975032,-0.591845344274662
"6029",21,2,0.00737587610061484,-22.7307682706282,23.4623060309004,42,100,0.217976478975032,-0.591845344274662,61,0,-31.8161,50,0.4,0.6,40,"both",0.217976478975032,-0.591845344274662
"6030",21,2,0.00737587610061484,-22.7307682706282,23.4623060309004,42,100,0.217976478975032,-0.591845344274662,61,0,-35.85809,50,0.4,0.6,40,"both",0.217976478975032,-0.591845344274662
"6031",21,2,0.00737587610061484,-22.7307682706282,23.4623060309004,42,100,0.217976478975032,-0.591845344274662,61,0,-40.8494,50,0.4,0.6,40,"both",0.217976478975032,-0.591845344274662
"6032",21,2,0.00737587610061484,-22.7307682706282,23.4623060309004,42,100,0.217976478975032,-0.591845344274662,61,1,-11.2668,50,0.4,0.6,40,"both",0.217976478975032,-0.591845344274662
"6033",21,2,0.00737587610061484,-22.7307682706282,23.4623060309004,42,100,0.217976478975032,-0.591845344274662,61,1,-15.87217,50,0.4,0.6,40,"both",0.217976478975032,-0.591845344274662
"6034",21,2,0.00737587610061484,-22.7307682706282,23.4623060309004,42,100,0.217976478975032,-0.591845344274662,61,1,-28.56494,50,0.4,0.6,40,"both",0.217976478975032,-0.591845344274662
"6035",21,2,0.00737587610061484,-22.7307682706282,23.4623060309004,42,100,0.217976478975032,-0.591845344274662,61,1,-28.91819,50,0.4,0.6,40,"both",0.217976478975032,-0.591845344274662
"6036",21,2,0.00737587610061484,-22.7307682706282,23.4623060309004,42,100,0.217976478975032,-0.591845344274662,61,0,-39.727,50,0.4,0.6,40,"both",0.217976478975032,-0.591845344274662
"6037",21,2,0.00737587610061484,-22.7307682706282,23.4623060309004,42,100,0.217976478975032,-0.591845344274662,61,1,-18.79495,50,0.4,0.6,40,"both",0.217976478975032,-0.591845344274662
"6038",21,2,0.00737587610061484,-22.7307682706282,23.4623060309004,42,100,0.217976478975032,-0.591845344274662,61,1,-19.4872,50,0.4,0.6,40,"both",0.217976478975032,-0.591845344274662
"6039",21,2,0.00737587610061484,-22.7307682706282,23.4623060309004,42,100,0.217976478975032,-0.591845344274662,61,1,-15.39861,50,0.4,0.6,40,"both",0.217976478975032,-0.591845344274662
"6040",21,2,0.00737587610061484,-22.7307682706282,23.4623060309004,42,100,0.217976478975032,-0.591845344274662,61,1,-19.1361,50,0.4,0.6,40,"both",0.217976478975032,-0.591845344274662
"6041",21,2,0.00737587610061484,-22.7307682706282,23.4623060309004,42,100,0.217976478975032,-0.591845344274662,61,0,-33.54351,50,0.4,0.6,40,"both",0.217976478975032,-0.591845344274662
"6042",21,2,0.00737587610061484,-22.7307682706282,23.4623060309004,42,100,0.217976478975032,-0.591845344274662,61,1,-18.06717,50,0.4,0.6,40,"both",0.217976478975032,-0.591845344274662
"6043",21,2,0.00737587610061484,-22.7307682706282,23.4623060309004,42,100,0.217976478975032,-0.591845344274662,61,0,-20.78587,50,0.4,0.6,40,"both",0.217976478975032,-0.591845344274662
"6044",21,2,0.00737587610061484,-22.7307682706282,23.4623060309004,42,100,0.217976478975032,-0.591845344274662,61,0,-34.1406,50,0.4,0.6,40,"both",0.217976478975032,-0.591845344274662
"6045",21,2,0.00737587610061484,-22.7307682706282,23.4623060309004,42,100,0.217976478975032,-0.591845344274662,61,0,-37.5551,50,0.4,0.6,40,"both",0.217976478975032,-0.591845344274662
"6046",21,2,0.00737587610061484,-22.7307682706282,23.4623060309004,42,100,0.217976478975032,-0.591845344274662,61,1,-15.89393,50,0.4,0.6,40,"both",0.217976478975032,-0.591845344274662
"6047",21,2,0.00737587610061484,-22.7307682706282,23.4623060309004,42,100,0.217976478975032,-0.591845344274662,61,0,-39.2139,50,0.4,0.6,40,"both",0.217976478975032,-0.591845344274662
"6048",21,2,0.00737587610061484,-22.7307682706282,23.4623060309004,42,100,0.217976478975032,-0.591845344274662,61,1,-25.4963435,50,0.4,0.6,40,"both",0.217976478975032,-0.591845344274662
"6049",21,2,0.00737587610061484,-22.7307682706282,23.4623060309004,42,100,0.217976478975032,-0.591845344274662,61,1,-19.09591,50,0.4,0.6,40,"both",0.217976478975032,-0.591845344274662
"6050",21,2,0.00737587610061484,-22.7307682706282,23.4623060309004,42,100,0.217976478975032,-0.591845344274662,61,0,-38.2937,50,0.4,0.6,40,"both",0.217976478975032,-0.591845344274662
"6051",21,2,0.00737587610061484,-22.7307682706282,23.4623060309004,42,100,0.217976478975032,-0.591845344274662,61,0,-22.13075,50,0.4,0.6,40,"both",0.217976478975032,-0.591845344274662
"6052",21,2,0.00737587610061484,-22.7307682706282,23.4623060309004,42,100,0.217976478975032,-0.591845344274662,61,0,-36.6865,50,0.4,0.6,40,"both",0.217976478975032,-0.591845344274662
"6053",21,2,0.00737587610061484,-22.7307682706282,23.4623060309004,42,100,0.217976478975032,-0.591845344274662,61,0,-15.27008,50,0.4,0.6,40,"both",0.217976478975032,-0.591845344274662
"6054",21,2,0.00737587610061484,-22.7307682706282,23.4623060309004,42,100,0.217976478975032,-0.591845344274662,61,0,-37.2866,50,0.4,0.6,40,"both",0.217976478975032,-0.591845344274662
"6055",21,2,0.00737587610061484,-22.7307682706282,23.4623060309004,42,100,0.217976478975032,-0.591845344274662,61,0,-26.41855,50,0.4,0.6,40,"both",0.217976478975032,-0.591845344274662
"6056",21,2,0.00737587610061484,-22.7307682706282,23.4623060309004,42,100,0.217976478975032,-0.591845344274662,61,0,-34.34198,50,0.4,0.6,40,"both",0.217976478975032,-0.591845344274662
"6057",21,2,0.00737587610061484,-22.7307682706282,23.4623060309004,42,100,0.217976478975032,-0.591845344274662,61,0,-32.76996,50,0.4,0.6,40,"both",0.217976478975032,-0.591845344274662
"6058",21,2,0.00737587610061484,-22.7307682706282,23.4623060309004,42,100,0.217976478975032,-0.591845344274662,61,0,-15.83735,50,0.4,0.6,40,"both",0.217976478975032,-0.591845344274662
"6059",21,2,0.00737587610061484,-22.7307682706282,23.4623060309004,42,100,0.217976478975032,-0.591845344274662,61,0,-36.9901,50,0.4,0.6,40,"both",0.217976478975032,-0.591845344274662
"6060",21,2,0.00737587610061484,-22.7307682706282,23.4623060309004,42,100,0.217976478975032,-0.591845344274662,61,1,-26.87118,50,0.4,0.6,40,"both",0.217976478975032,-0.591845344274662
"6061",21,2,0.00737587610061484,-22.7307682706282,23.4623060309004,42,100,0.217976478975032,-0.591845344274662,61,1,-32.31585,50,0.4,0.6,40,"both",0.217976478975032,-0.591845344274662
"6062",21,2,0.00737587610061484,-22.7307682706282,23.4623060309004,42,100,0.217976478975032,-0.591845344274662,61,1,-16.07112,50,0.4,0.6,40,"both",0.217976478975032,-0.591845344274662
"6063",21,2,0.00737587610061484,-22.7307682706282,23.4623060309004,42,100,0.217976478975032,-0.591845344274662,61,1,-31.45986,50,0.4,0.6,40,"both",0.217976478975032,-0.591845344274662
"6064",21,2,0.00737587610061484,-22.7307682706282,23.4623060309004,42,100,0.217976478975032,-0.591845344274662,61,0,-42.4291,50,0.4,0.6,40,"both",0.217976478975032,-0.591845344274662
"6065",21,2,0.00737587610061484,-22.7307682706282,23.4623060309004,42,100,0.217976478975032,-0.591845344274662,61,1,-9.7027,50,0.4,0.6,40,"both",0.217976478975032,-0.591845344274662
"6066",21,2,0.00737587610061484,-22.7307682706282,23.4623060309004,42,100,0.217976478975032,-0.591845344274662,61,1,-18.76397,50,0.4,0.6,40,"both",0.217976478975032,-0.591845344274662
"6067",21,2,0.00737587610061484,-22.7307682706282,23.4623060309004,42,100,0.217976478975032,-0.591845344274662,61,0,-11.5545,50,0.4,0.6,40,"both",0.217976478975032,-0.591845344274662
"6068",21,2,0.00737587610061484,-22.7307682706282,23.4623060309004,42,100,0.217976478975032,-0.591845344274662,61,0,-38.9455,50,0.4,0.6,40,"both",0.217976478975032,-0.591845344274662
"6069",21,2,0.00737587610061484,-22.7307682706282,23.4623060309004,42,100,0.217976478975032,-0.591845344274662,61,1,-16.92137,50,0.4,0.6,40,"both",0.217976478975032,-0.591845344274662
"6070",21,2,0.00737587610061484,-22.7307682706282,23.4623060309004,42,100,0.217976478975032,-0.591845344274662,61,0,-14.85345,50,0.4,0.6,40,"both",0.217976478975032,-0.591845344274662
"6071",21,2,0.00737587610061484,-22.7307682706282,23.4623060309004,42,100,0.217976478975032,-0.591845344274662,61,0,-19.49666,50,0.4,0.6,40,"both",0.217976478975032,-0.591845344274662
"6072",21,2,0.00737587610061484,-22.7307682706282,23.4623060309004,42,100,0.217976478975032,-0.591845344274662,61,1,-15.26376,50,0.4,0.6,40,"both",0.217976478975032,-0.591845344274662
"6073",21,2,0.00737587610061484,-22.7307682706282,23.4623060309004,42,100,0.217976478975032,-0.591845344274662,61,0,-43.7547,50,0.4,0.6,40,"both",0.217976478975032,-0.591845344274662
"6074",21,2,0.00737587610061484,-22.7307682706282,23.4623060309004,42,100,0.217976478975032,-0.591845344274662,61,0,-12.5954,50,0.4,0.6,40,"both",0.217976478975032,-0.591845344274662
"6075",21,2,0.00737587610061484,-22.7307682706282,23.4623060309004,42,100,0.217976478975032,-0.591845344274662,61,0,-13.41671,50,0.4,0.6,40,"both",0.217976478975032,-0.591845344274662
"6076",21,2,0.00737587610061484,-22.7307682706282,23.4623060309004,42,100,0.217976478975032,-0.591845344274662,61,0,-41.002,50,0.4,0.6,40,"both",0.217976478975032,-0.591845344274662
"6077",21,2,0.00737587610061484,-22.7307682706282,23.4623060309004,42,100,0.217976478975032,-0.591845344274662,61,0,-14.8278,50,0.4,0.6,40,"both",0.217976478975032,-0.591845344274662
"6078",21,2,0.00737587610061484,-22.7307682706282,23.4623060309004,42,100,0.217976478975032,-0.591845344274662,61,0,-0.209099999999999,50,0.4,0.6,40,"both",0.217976478975032,-0.591845344274662
"6079",21,2,0.00737587610061484,-22.7307682706282,23.4623060309004,42,100,0.217976478975032,-0.591845344274662,61,1,4.3998,50,0.4,0.6,40,"both",0.217976478975032,-0.591845344274662
"6080",21,2,0.00737587610061484,-22.7307682706282,23.4623060309004,42,100,0.217976478975032,-0.591845344274662,61,0,-30.0518,50,0.4,0.6,40,"both",0.217976478975032,-0.591845344274662
"6081",21,2,0.00737587610061484,-22.7307682706282,23.4623060309004,42,100,0.217976478975032,-0.591845344274662,61,1,-17.43148,50,0.4,0.6,40,"both",0.217976478975032,-0.591845344274662
"6082",21,2,0.00737587610061484,-22.7307682706282,23.4623060309004,42,100,0.217976478975032,-0.591845344274662,61,1,4.0625,50,0.4,0.6,40,"both",0.217976478975032,-0.591845344274662
"6083",21,2,0.00737587610061484,-22.7307682706282,23.4623060309004,42,100,0.217976478975032,-0.591845344274662,61,0,-5.4238,50,0.4,0.6,40,"both",0.217976478975032,-0.591845344274662
"6084",21,2,0.00737587610061484,-22.7307682706282,23.4623060309004,42,100,0.217976478975032,-0.591845344274662,61,1,-32.2267,50,0.4,0.6,40,"both",0.217976478975032,-0.591845344274662
"6085",21,2,0.00737587610061484,-22.7307682706282,23.4623060309004,42,100,0.217976478975032,-0.591845344274662,61,0,-33.4443,50,0.4,0.6,40,"both",0.217976478975032,-0.591845344274662
"6086",21,2,0.00737587610061484,-22.7307682706282,23.4623060309004,42,100,0.217976478975032,-0.591845344274662,61,0,-31.6348,50,0.4,0.6,40,"both",0.217976478975032,-0.591845344274662
"6087",21,2,0.00737587610061484,-22.7307682706282,23.4623060309004,42,100,0.217976478975032,-0.591845344274662,61,0,-34.45907,50,0.4,0.6,40,"both",0.217976478975032,-0.591845344274662
"6088",21,2,0.00737587610061484,-22.7307682706282,23.4623060309004,42,100,0.217976478975032,-0.591845344274662,61,1,-2.4694,50,0.4,0.6,40,"both",0.217976478975032,-0.591845344274662
"6089",21,2,0.00737587610061484,-22.7307682706282,23.4623060309004,42,100,0.217976478975032,-0.591845344274662,61,0,-33.7083,50,0.4,0.6,40,"both",0.217976478975032,-0.591845344274662
"6090",21,2,0.00737587610061484,-22.7307682706282,23.4623060309004,42,100,0.217976478975032,-0.591845344274662,61,1,-18.64239,50,0.4,0.6,40,"both",0.217976478975032,-0.591845344274662
"6091",21,2,0.00737587610061484,-22.7307682706282,23.4623060309004,42,100,0.217976478975032,-0.591845344274662,61,1,-18.45507,50,0.4,0.6,40,"both",0.217976478975032,-0.591845344274662
"6092",21,2,0.00737587610061484,-22.7307682706282,23.4623060309004,42,100,0.217976478975032,-0.591845344274662,61,1,-13.79577,50,0.4,0.6,40,"both",0.217976478975032,-0.591845344274662
"6093",21,2,0.00737587610061484,-22.7307682706282,23.4623060309004,42,100,0.217976478975032,-0.591845344274662,61,0,-32.8989,50,0.4,0.6,40,"both",0.217976478975032,-0.591845344274662
"6094",21,2,0.00737587610061484,-22.7307682706282,23.4623060309004,42,100,0.217976478975032,-0.591845344274662,61,0,-9.3934,50,0.4,0.6,40,"both",0.217976478975032,-0.591845344274662
"6095",21,2,0.00737587610061484,-22.7307682706282,23.4623060309004,42,100,0.217976478975032,-0.591845344274662,61,1,-2.9589,50,0.4,0.6,40,"both",0.217976478975032,-0.591845344274662
"6096",21,2,0.00737587610061484,-22.7307682706282,23.4623060309004,42,100,0.217976478975032,-0.591845344274662,61,1,-6.0705,50,0.4,0.6,40,"both",0.217976478975032,-0.591845344274662
"6097",21,2,0.00737587610061484,-22.7307682706282,23.4623060309004,42,100,0.217976478975032,-0.591845344274662,61,0,-42.6763,50,0.4,0.6,40,"both",0.217976478975032,-0.591845344274662
"6098",21,2,0.00737587610061484,-22.7307682706282,23.4623060309004,42,100,0.217976478975032,-0.591845344274662,61,1,-8.8934,50,0.4,0.6,40,"both",0.217976478975032,-0.591845344274662
"6099",21,2,0.00737587610061484,-22.7307682706282,23.4623060309004,42,100,0.217976478975032,-0.591845344274662,61,1,-7.0854,50,0.4,0.6,40,"both",0.217976478975032,-0.591845344274662
"6100",21,2,0.00737587610061484,-22.7307682706282,23.4623060309004,42,100,0.217976478975032,-0.591845344274662,61,0,-36.8595,50,0.4,0.6,40,"both",0.217976478975032,-0.591845344274662
"6101",22,2,0.0142317569076613,0.398182306334502,8.61126666226427,44,100,0.217976478975032,-0.591845344274662,62,1,7.76162501004,50,0.4,0.6,40,"both",0.217976478975032,-0.591845344274662
"6102",22,2,0.0142317569076613,0.398182306334502,8.61126666226427,44,100,0.217976478975032,-0.591845344274662,62,0,-6.8320822982,50,0.4,0.6,40,"both",0.217976478975032,-0.591845344274662
"6103",22,2,0.0142317569076613,0.398182306334502,8.61126666226427,44,100,0.217976478975032,-0.591845344274662,62,1,3.115493188,50,0.4,0.6,40,"both",0.217976478975032,-0.591845344274662
"6104",22,2,0.0142317569076613,0.398182306334502,8.61126666226427,44,100,0.217976478975032,-0.591845344274662,62,1,-2.3246866231,50,0.4,0.6,40,"both",0.217976478975032,-0.591845344274662
"6105",22,2,0.0142317569076613,0.398182306334502,8.61126666226427,44,100,0.217976478975032,-0.591845344274662,62,0,-12.26304,50,0.4,0.6,40,"both",0.217976478975032,-0.591845344274662
"6106",22,2,0.0142317569076613,0.398182306334502,8.61126666226427,44,100,0.217976478975032,-0.591845344274662,62,1,-2.51813,50,0.4,0.6,40,"both",0.217976478975032,-0.591845344274662
"6107",22,2,0.0142317569076613,0.398182306334502,8.61126666226427,44,100,0.217976478975032,-0.591845344274662,62,0,-6.44351,50,0.4,0.6,40,"both",0.217976478975032,-0.591845344274662
"6108",22,2,0.0142317569076613,0.398182306334502,8.61126666226427,44,100,0.217976478975032,-0.591845344274662,62,0,-21.26568,50,0.4,0.6,40,"both",0.217976478975032,-0.591845344274662
"6109",22,2,0.0142317569076613,0.398182306334502,8.61126666226427,44,100,0.217976478975032,-0.591845344274662,62,0,2.10862,50,0.4,0.6,40,"both",0.217976478975032,-0.591845344274662
"6110",22,2,0.0142317569076613,0.398182306334502,8.61126666226427,44,100,0.217976478975032,-0.591845344274662,62,1,1.07464,50,0.4,0.6,40,"both",0.217976478975032,-0.591845344274662
"6111",22,2,0.0142317569076613,0.398182306334502,8.61126666226427,44,100,0.217976478975032,-0.591845344274662,62,0,2.3186,50,0.4,0.6,40,"both",0.217976478975032,-0.591845344274662
"6112",22,2,0.0142317569076613,0.398182306334502,8.61126666226427,44,100,0.217976478975032,-0.591845344274662,62,1,9.51342,50,0.4,0.6,40,"both",0.217976478975032,-0.591845344274662
"6113",22,2,0.0142317569076613,0.398182306334502,8.61126666226427,44,100,0.217976478975032,-0.591845344274662,62,0,-13.216783,50,0.4,0.6,40,"both",0.217976478975032,-0.591845344274662
"6114",22,2,0.0142317569076613,0.398182306334502,8.61126666226427,44,100,0.217976478975032,-0.591845344274662,62,1,16.59987,50,0.4,0.6,40,"both",0.217976478975032,-0.591845344274662
"6115",22,2,0.0142317569076613,0.398182306334502,8.61126666226427,44,100,0.217976478975032,-0.591845344274662,62,1,21.9908,50,0.4,0.6,40,"both",0.217976478975032,-0.591845344274662
"6116",22,2,0.0142317569076613,0.398182306334502,8.61126666226427,44,100,0.217976478975032,-0.591845344274662,62,0,-7.50479,50,0.4,0.6,40,"both",0.217976478975032,-0.591845344274662
"6117",22,2,0.0142317569076613,0.398182306334502,8.61126666226427,44,100,0.217976478975032,-0.591845344274662,62,0,-7.20652,50,0.4,0.6,40,"both",0.217976478975032,-0.591845344274662
"6118",22,2,0.0142317569076613,0.398182306334502,8.61126666226427,44,100,0.217976478975032,-0.591845344274662,62,1,0.0103465042,50,0.4,0.6,40,"both",0.217976478975032,-0.591845344274662
"6119",22,2,0.0142317569076613,0.398182306334502,8.61126666226427,44,100,0.217976478975032,-0.591845344274662,62,1,-13.54842,50,0.4,0.6,40,"both",0.217976478975032,-0.591845344274662
"6120",22,2,0.0142317569076613,0.398182306334502,8.61126666226427,44,100,0.217976478975032,-0.591845344274662,62,0,-23.94381,50,0.4,0.6,40,"both",0.217976478975032,-0.591845344274662
"6121",22,2,0.0142317569076613,0.398182306334502,8.61126666226427,44,100,0.217976478975032,-0.591845344274662,62,0,13.30131,50,0.4,0.6,40,"both",0.217976478975032,-0.591845344274662
"6122",22,2,0.0142317569076613,0.398182306334502,8.61126666226427,44,100,0.217976478975032,-0.591845344274662,62,0,-1.08624278656,50,0.4,0.6,40,"both",0.217976478975032,-0.591845344274662
"6123",22,2,0.0142317569076613,0.398182306334502,8.61126666226427,44,100,0.217976478975032,-0.591845344274662,62,1,-0.34098,50,0.4,0.6,40,"both",0.217976478975032,-0.591845344274662
"6124",22,2,0.0142317569076613,0.398182306334502,8.61126666226427,44,100,0.217976478975032,-0.591845344274662,62,1,30.68297,50,0.4,0.6,40,"both",0.217976478975032,-0.591845344274662
"6125",22,2,0.0142317569076613,0.398182306334502,8.61126666226427,44,100,0.217976478975032,-0.591845344274662,62,0,-9.50311,50,0.4,0.6,40,"both",0.217976478975032,-0.591845344274662
"6126",22,2,0.0142317569076613,0.398182306334502,8.61126666226427,44,100,0.217976478975032,-0.591845344274662,62,1,-0.978870000000001,50,0.4,0.6,40,"both",0.217976478975032,-0.591845344274662
"6127",22,2,0.0142317569076613,0.398182306334502,8.61126666226427,44,100,0.217976478975032,-0.591845344274662,62,1,1.15562,50,0.4,0.6,40,"both",0.217976478975032,-0.591845344274662
"6128",22,2,0.0142317569076613,0.398182306334502,8.61126666226427,44,100,0.217976478975032,-0.591845344274662,62,0,-6.48086,50,0.4,0.6,40,"both",0.217976478975032,-0.591845344274662
"6129",22,2,0.0142317569076613,0.398182306334502,8.61126666226427,44,100,0.217976478975032,-0.591845344274662,62,1,6.1751,50,0.4,0.6,40,"both",0.217976478975032,-0.591845344274662
"6130",22,2,0.0142317569076613,0.398182306334502,8.61126666226427,44,100,0.217976478975032,-0.591845344274662,62,0,-12.89076,50,0.4,0.6,40,"both",0.217976478975032,-0.591845344274662
"6131",22,2,0.0142317569076613,0.398182306334502,8.61126666226427,44,100,0.217976478975032,-0.591845344274662,62,1,3.96872,50,0.4,0.6,40,"both",0.217976478975032,-0.591845344274662
"6132",22,2,0.0142317569076613,0.398182306334502,8.61126666226427,44,100,0.217976478975032,-0.591845344274662,62,1,7.54755,50,0.4,0.6,40,"both",0.217976478975032,-0.591845344274662
"6133",22,2,0.0142317569076613,0.398182306334502,8.61126666226427,44,100,0.217976478975032,-0.591845344274662,62,0,-4.79257,50,0.4,0.6,40,"both",0.217976478975032,-0.591845344274662
"6134",22,2,0.0142317569076613,0.398182306334502,8.61126666226427,44,100,0.217976478975032,-0.591845344274662,62,0,-12.42004,50,0.4,0.6,40,"both",0.217976478975032,-0.591845344274662
"6135",22,2,0.0142317569076613,0.398182306334502,8.61126666226427,44,100,0.217976478975032,-0.591845344274662,62,0,-1.11424,50,0.4,0.6,40,"both",0.217976478975032,-0.591845344274662
"6136",22,2,0.0142317569076613,0.398182306334502,8.61126666226427,44,100,0.217976478975032,-0.591845344274662,62,1,3.08824,50,0.4,0.6,40,"both",0.217976478975032,-0.591845344274662
"6137",22,2,0.0142317569076613,0.398182306334502,8.61126666226427,44,100,0.217976478975032,-0.591845344274662,62,1,8.654633,50,0.4,0.6,40,"both",0.217976478975032,-0.591845344274662
"6138",22,2,0.0142317569076613,0.398182306334502,8.61126666226427,44,100,0.217976478975032,-0.591845344274662,62,1,5.768501,50,0.4,0.6,40,"both",0.217976478975032,-0.591845344274662
"6139",22,2,0.0142317569076613,0.398182306334502,8.61126666226427,44,100,0.217976478975032,-0.591845344274662,62,1,4.983422,50,0.4,0.6,40,"both",0.217976478975032,-0.591845344274662
"6140",22,2,0.0142317569076613,0.398182306334502,8.61126666226427,44,100,0.217976478975032,-0.591845344274662,62,0,-9.15171,50,0.4,0.6,40,"both",0.217976478975032,-0.591845344274662
"6141",22,2,0.0142317569076613,0.398182306334502,8.61126666226427,44,100,0.217976478975032,-0.591845344274662,62,0,-9.4084,50,0.4,0.6,40,"both",0.217976478975032,-0.591845344274662
"6142",22,2,0.0142317569076613,0.398182306334502,8.61126666226427,44,100,0.217976478975032,-0.591845344274662,62,0,-4.23069,50,0.4,0.6,40,"both",0.217976478975032,-0.591845344274662
"6143",22,2,0.0142317569076613,0.398182306334502,8.61126666226427,44,100,0.217976478975032,-0.591845344274662,62,0,-4.76636,50,0.4,0.6,40,"both",0.217976478975032,-0.591845344274662
"6144",22,2,0.0142317569076613,0.398182306334502,8.61126666226427,44,100,0.217976478975032,-0.591845344274662,62,1,2.79903,50,0.4,0.6,40,"both",0.217976478975032,-0.591845344274662
"6145",22,2,0.0142317569076613,0.398182306334502,8.61126666226427,44,100,0.217976478975032,-0.591845344274662,62,0,-5.34703,50,0.4,0.6,40,"both",0.217976478975032,-0.591845344274662
"6146",22,2,0.0142317569076613,0.398182306334502,8.61126666226427,44,100,0.217976478975032,-0.591845344274662,62,1,-1.41217,50,0.4,0.6,40,"both",0.217976478975032,-0.591845344274662
"6147",22,2,0.0142317569076613,0.398182306334502,8.61126666226427,44,100,0.217976478975032,-0.591845344274662,62,0,-4.22622,50,0.4,0.6,40,"both",0.217976478975032,-0.591845344274662
"6148",22,2,0.0142317569076613,0.398182306334502,8.61126666226427,44,100,0.217976478975032,-0.591845344274662,62,1,-4.23221,50,0.4,0.6,40,"both",0.217976478975032,-0.591845344274662
"6149",22,2,0.0142317569076613,0.398182306334502,8.61126666226427,44,100,0.217976478975032,-0.591845344274662,62,0,-2.007085,50,0.4,0.6,40,"both",0.217976478975032,-0.591845344274662
"6150",22,2,0.0142317569076613,0.398182306334502,8.61126666226427,44,100,0.217976478975032,-0.591845344274662,62,0,-12.03692,50,0.4,0.6,40,"both",0.217976478975032,-0.591845344274662
"6151",22,2,0.0142317569076613,0.398182306334502,8.61126666226427,44,100,0.217976478975032,-0.591845344274662,62,0,1.39794,50,0.4,0.6,40,"both",0.217976478975032,-0.591845344274662
"6152",22,2,0.0142317569076613,0.398182306334502,8.61126666226427,44,100,0.217976478975032,-0.591845344274662,62,0,-4.33813,50,0.4,0.6,40,"both",0.217976478975032,-0.591845344274662
"6153",22,2,0.0142317569076613,0.398182306334502,8.61126666226427,44,100,0.217976478975032,-0.591845344274662,62,0,-6.162537,50,0.4,0.6,40,"both",0.217976478975032,-0.591845344274662
"6154",22,2,0.0142317569076613,0.398182306334502,8.61126666226427,44,100,0.217976478975032,-0.591845344274662,62,0,-5.19418,50,0.4,0.6,40,"both",0.217976478975032,-0.591845344274662
"6155",22,2,0.0142317569076613,0.398182306334502,8.61126666226427,44,100,0.217976478975032,-0.591845344274662,62,0,-5.5903,50,0.4,0.6,40,"both",0.217976478975032,-0.591845344274662
"6156",22,2,0.0142317569076613,0.398182306334502,8.61126666226427,44,100,0.217976478975032,-0.591845344274662,62,0,-5.36939,50,0.4,0.6,40,"both",0.217976478975032,-0.591845344274662
"6157",22,2,0.0142317569076613,0.398182306334502,8.61126666226427,44,100,0.217976478975032,-0.591845344274662,62,0,0.24897,50,0.4,0.6,40,"both",0.217976478975032,-0.591845344274662
"6158",22,2,0.0142317569076613,0.398182306334502,8.61126666226427,44,100,0.217976478975032,-0.591845344274662,62,1,1.57857,50,0.4,0.6,40,"both",0.217976478975032,-0.591845344274662
"6159",22,2,0.0142317569076613,0.398182306334502,8.61126666226427,44,100,0.217976478975032,-0.591845344274662,62,1,-1.97559,50,0.4,0.6,40,"both",0.217976478975032,-0.591845344274662
"6160",22,2,0.0142317569076613,0.398182306334502,8.61126666226427,44,100,0.217976478975032,-0.591845344274662,62,0,-3.11542,50,0.4,0.6,40,"both",0.217976478975032,-0.591845344274662
"6161",22,2,0.0142317569076613,0.398182306334502,8.61126666226427,44,100,0.217976478975032,-0.591845344274662,62,1,-2.855435,50,0.4,0.6,40,"both",0.217976478975032,-0.591845344274662
"6162",22,2,0.0142317569076613,0.398182306334502,8.61126666226427,44,100,0.217976478975032,-0.591845344274662,62,1,3.26869,50,0.4,0.6,40,"both",0.217976478975032,-0.591845344274662
"6163",22,2,0.0142317569076613,0.398182306334502,8.61126666226427,44,100,0.217976478975032,-0.591845344274662,62,0,-5.34536,50,0.4,0.6,40,"both",0.217976478975032,-0.591845344274662
"6164",22,2,0.0142317569076613,0.398182306334502,8.61126666226427,44,100,0.217976478975032,-0.591845344274662,62,1,0.99284,50,0.4,0.6,40,"both",0.217976478975032,-0.591845344274662
"6165",22,2,0.0142317569076613,0.398182306334502,8.61126666226427,44,100,0.217976478975032,-0.591845344274662,62,1,1.491434,50,0.4,0.6,40,"both",0.217976478975032,-0.591845344274662
"6166",22,2,0.0142317569076613,0.398182306334502,8.61126666226427,44,100,0.217976478975032,-0.591845344274662,62,0,1.740133,50,0.4,0.6,40,"both",0.217976478975032,-0.591845344274662
"6167",22,2,0.0142317569076613,0.398182306334502,8.61126666226427,44,100,0.217976478975032,-0.591845344274662,62,1,2.695292,50,0.4,0.6,40,"both",0.217976478975032,-0.591845344274662
"6168",22,2,0.0142317569076613,0.398182306334502,8.61126666226427,44,100,0.217976478975032,-0.591845344274662,62,0,-5.4789,50,0.4,0.6,40,"both",0.217976478975032,-0.591845344274662
"6169",22,2,0.0142317569076613,0.398182306334502,8.61126666226427,44,100,0.217976478975032,-0.591845344274662,62,0,-3.675238,50,0.4,0.6,40,"both",0.217976478975032,-0.591845344274662
"6170",22,2,0.0142317569076613,0.398182306334502,8.61126666226427,44,100,0.217976478975032,-0.591845344274662,62,0,1.68877,50,0.4,0.6,40,"both",0.217976478975032,-0.591845344274662
"6171",22,2,0.0142317569076613,0.398182306334502,8.61126666226427,44,100,0.217976478975032,-0.591845344274662,62,1,-4.2382,50,0.4,0.6,40,"both",0.217976478975032,-0.591845344274662
"6172",22,2,0.0142317569076613,0.398182306334502,8.61126666226427,44,100,0.217976478975032,-0.591845344274662,62,1,2.19783,50,0.4,0.6,40,"both",0.217976478975032,-0.591845344274662
"6173",22,2,0.0142317569076613,0.398182306334502,8.61126666226427,44,100,0.217976478975032,-0.591845344274662,62,1,2.93715,50,0.4,0.6,40,"both",0.217976478975032,-0.591845344274662
"6174",22,2,0.0142317569076613,0.398182306334502,8.61126666226427,44,100,0.217976478975032,-0.591845344274662,62,1,1.777583,50,0.4,0.6,40,"both",0.217976478975032,-0.591845344274662
"6175",22,2,0.0142317569076613,0.398182306334502,8.61126666226427,44,100,0.217976478975032,-0.591845344274662,62,0,1.224231,50,0.4,0.6,40,"both",0.217976478975032,-0.591845344274662
"6176",22,2,0.0142317569076613,0.398182306334502,8.61126666226427,44,100,0.217976478975032,-0.591845344274662,62,0,-4.66297,50,0.4,0.6,40,"both",0.217976478975032,-0.591845344274662
"6177",22,2,0.0142317569076613,0.398182306334502,8.61126666226427,44,100,0.217976478975032,-0.591845344274662,62,0,-3.9125086,50,0.4,0.6,40,"both",0.217976478975032,-0.591845344274662
"6178",22,2,0.0142317569076613,0.398182306334502,8.61126666226427,44,100,0.217976478975032,-0.591845344274662,62,0,0.83951,50,0.4,0.6,40,"both",0.217976478975032,-0.591845344274662
"6179",22,2,0.0142317569076613,0.398182306334502,8.61126666226427,44,100,0.217976478975032,-0.591845344274662,62,1,-5.2945,50,0.4,0.6,40,"both",0.217976478975032,-0.591845344274662
"6180",22,2,0.0142317569076613,0.398182306334502,8.61126666226427,44,100,0.217976478975032,-0.591845344274662,62,0,-7.69118,50,0.4,0.6,40,"both",0.217976478975032,-0.591845344274662
"6181",22,2,0.0142317569076613,0.398182306334502,8.61126666226427,44,100,0.217976478975032,-0.591845344274662,62,0,-4.4991,50,0.4,0.6,40,"both",0.217976478975032,-0.591845344274662
"6182",22,2,0.0142317569076613,0.398182306334502,8.61126666226427,44,100,0.217976478975032,-0.591845344274662,62,1,2.987329,50,0.4,0.6,40,"both",0.217976478975032,-0.591845344274662
"6183",22,2,0.0142317569076613,0.398182306334502,8.61126666226427,44,100,0.217976478975032,-0.591845344274662,62,1,-2.801559,50,0.4,0.6,40,"both",0.217976478975032,-0.591845344274662
"6184",22,2,0.0142317569076613,0.398182306334502,8.61126666226427,44,100,0.217976478975032,-0.591845344274662,62,0,-6.36491,50,0.4,0.6,40,"both",0.217976478975032,-0.591845344274662
"6185",22,2,0.0142317569076613,0.398182306334502,8.61126666226427,44,100,0.217976478975032,-0.591845344274662,62,0,4.078819,50,0.4,0.6,40,"both",0.217976478975032,-0.591845344274662
"6186",22,2,0.0142317569076613,0.398182306334502,8.61126666226427,44,100,0.217976478975032,-0.591845344274662,62,1,2.42384,50,0.4,0.6,40,"both",0.217976478975032,-0.591845344274662
"6187",22,2,0.0142317569076613,0.398182306334502,8.61126666226427,44,100,0.217976478975032,-0.591845344274662,62,0,1.29054,50,0.4,0.6,40,"both",0.217976478975032,-0.591845344274662
"6188",22,2,0.0142317569076613,0.398182306334502,8.61126666226427,44,100,0.217976478975032,-0.591845344274662,62,1,3.202069,50,0.4,0.6,40,"both",0.217976478975032,-0.591845344274662
"6189",22,2,0.0142317569076613,0.398182306334502,8.61126666226427,44,100,0.217976478975032,-0.591845344274662,62,0,-3.066176,50,0.4,0.6,40,"both",0.217976478975032,-0.591845344274662
"6190",22,2,0.0142317569076613,0.398182306334502,8.61126666226427,44,100,0.217976478975032,-0.591845344274662,62,1,-5.47903,50,0.4,0.6,40,"both",0.217976478975032,-0.591845344274662
"6191",22,2,0.0142317569076613,0.398182306334502,8.61126666226427,44,100,0.217976478975032,-0.591845344274662,62,0,4.943142,50,0.4,0.6,40,"both",0.217976478975032,-0.591845344274662
"6192",22,2,0.0142317569076613,0.398182306334502,8.61126666226427,44,100,0.217976478975032,-0.591845344274662,62,0,-4.342952,50,0.4,0.6,40,"both",0.217976478975032,-0.591845344274662
"6193",22,2,0.0142317569076613,0.398182306334502,8.61126666226427,44,100,0.217976478975032,-0.591845344274662,62,0,3.435409,50,0.4,0.6,40,"both",0.217976478975032,-0.591845344274662
"6194",22,2,0.0142317569076613,0.398182306334502,8.61126666226427,44,100,0.217976478975032,-0.591845344274662,62,0,-3.33445,50,0.4,0.6,40,"both",0.217976478975032,-0.591845344274662
"6195",22,2,0.0142317569076613,0.398182306334502,8.61126666226427,44,100,0.217976478975032,-0.591845344274662,62,1,-6.6370826,50,0.4,0.6,40,"both",0.217976478975032,-0.591845344274662
"6196",22,2,0.0142317569076613,0.398182306334502,8.61126666226427,44,100,0.217976478975032,-0.591845344274662,62,1,3.48833,50,0.4,0.6,40,"both",0.217976478975032,-0.591845344274662
"6197",22,2,0.0142317569076613,0.398182306334502,8.61126666226427,44,100,0.217976478975032,-0.591845344274662,62,0,-2.084864,50,0.4,0.6,40,"both",0.217976478975032,-0.591845344274662
"6198",22,2,0.0142317569076613,0.398182306334502,8.61126666226427,44,100,0.217976478975032,-0.591845344274662,62,0,-7.444354,50,0.4,0.6,40,"both",0.217976478975032,-0.591845344274662
"6199",22,2,0.0142317569076613,0.398182306334502,8.61126666226427,44,100,0.217976478975032,-0.591845344274662,62,0,-3.175404,50,0.4,0.6,40,"both",0.217976478975032,-0.591845344274662
"6200",22,2,0.0142317569076613,0.398182306334502,8.61126666226427,44,100,0.217976478975032,-0.591845344274662,62,1,-6.231766,50,0.4,0.6,40,"both",0.217976478975032,-0.591845344274662
"6201",23,2,0.00504473764281013,2.6934928663144,9.11269360657178,46,100,0.217976478975032,-0.591845344274662,63,0,7.139731618441,50,0.4,0.6,40,"both",0.217976478975032,-0.591845344274662
"6202",23,2,0.00504473764281013,2.6934928663144,9.11269360657178,46,100,0.217976478975032,-0.591845344274662,63,1,9.31426109024,50,0.4,0.6,40,"both",0.217976478975032,-0.591845344274662
"6203",23,2,0.00504473764281013,2.6934928663144,9.11269360657178,46,100,0.217976478975032,-0.591845344274662,63,0,3.0192574301,50,0.4,0.6,40,"both",0.217976478975032,-0.591845344274662
"6204",23,2,0.00504473764281013,2.6934928663144,9.11269360657178,46,100,0.217976478975032,-0.591845344274662,63,1,6.61030513281,50,0.4,0.6,40,"both",0.217976478975032,-0.591845344274662
"6205",23,2,0.00504473764281013,2.6934928663144,9.11269360657178,46,100,0.217976478975032,-0.591845344274662,63,0,-6.89101,50,0.4,0.6,40,"both",0.217976478975032,-0.591845344274662
"6206",23,2,0.00504473764281013,2.6934928663144,9.11269360657178,46,100,0.217976478975032,-0.591845344274662,63,1,6.85163,50,0.4,0.6,40,"both",0.217976478975032,-0.591845344274662
"6207",23,2,0.00504473764281013,2.6934928663144,9.11269360657178,46,100,0.217976478975032,-0.591845344274662,63,1,11.327985,50,0.4,0.6,40,"both",0.217976478975032,-0.591845344274662
"6208",23,2,0.00504473764281013,2.6934928663144,9.11269360657178,46,100,0.217976478975032,-0.591845344274662,63,1,7.21207,50,0.4,0.6,40,"both",0.217976478975032,-0.591845344274662
"6209",23,2,0.00504473764281013,2.6934928663144,9.11269360657178,46,100,0.217976478975032,-0.591845344274662,63,0,6.45966,50,0.4,0.6,40,"both",0.217976478975032,-0.591845344274662
"6210",23,2,0.00504473764281013,2.6934928663144,9.11269360657178,46,100,0.217976478975032,-0.591845344274662,63,0,-4.41195,50,0.4,0.6,40,"both",0.217976478975032,-0.591845344274662
"6211",23,2,0.00504473764281013,2.6934928663144,9.11269360657178,46,100,0.217976478975032,-0.591845344274662,63,1,8.08159,50,0.4,0.6,40,"both",0.217976478975032,-0.591845344274662
"6212",23,2,0.00504473764281013,2.6934928663144,9.11269360657178,46,100,0.217976478975032,-0.591845344274662,63,0,-6.05518,50,0.4,0.6,40,"both",0.217976478975032,-0.591845344274662
"6213",23,2,0.00504473764281013,2.6934928663144,9.11269360657178,46,100,0.217976478975032,-0.591845344274662,63,0,-5.2895,50,0.4,0.6,40,"both",0.217976478975032,-0.591845344274662
"6214",23,2,0.00504473764281013,2.6934928663144,9.11269360657178,46,100,0.217976478975032,-0.591845344274662,63,0,4.25487,50,0.4,0.6,40,"both",0.217976478975032,-0.591845344274662
"6215",23,2,0.00504473764281013,2.6934928663144,9.11269360657178,46,100,0.217976478975032,-0.591845344274662,63,0,-3.87247,50,0.4,0.6,40,"both",0.217976478975032,-0.591845344274662
"6216",23,2,0.00504473764281013,2.6934928663144,9.11269360657178,46,100,0.217976478975032,-0.591845344274662,63,1,1.8142,50,0.4,0.6,40,"both",0.217976478975032,-0.591845344274662
"6217",23,2,0.00504473764281013,2.6934928663144,9.11269360657178,46,100,0.217976478975032,-0.591845344274662,63,1,4.44911,50,0.4,0.6,40,"both",0.217976478975032,-0.591845344274662
"6218",23,2,0.00504473764281013,2.6934928663144,9.11269360657178,46,100,0.217976478975032,-0.591845344274662,63,0,10.08908,50,0.4,0.6,40,"both",0.217976478975032,-0.591845344274662
"6219",23,2,0.00504473764281013,2.6934928663144,9.11269360657178,46,100,0.217976478975032,-0.591845344274662,63,1,9.24676,50,0.4,0.6,40,"both",0.217976478975032,-0.591845344274662
"6220",23,2,0.00504473764281013,2.6934928663144,9.11269360657178,46,100,0.217976478975032,-0.591845344274662,63,1,17.559601,50,0.4,0.6,40,"both",0.217976478975032,-0.591845344274662
"6221",23,2,0.00504473764281013,2.6934928663144,9.11269360657178,46,100,0.217976478975032,-0.591845344274662,63,0,0.59076,50,0.4,0.6,40,"both",0.217976478975032,-0.591845344274662
"6222",23,2,0.00504473764281013,2.6934928663144,9.11269360657178,46,100,0.217976478975032,-0.591845344274662,63,1,18.47351,50,0.4,0.6,40,"both",0.217976478975032,-0.591845344274662
"6223",23,2,0.00504473764281013,2.6934928663144,9.11269360657178,46,100,0.217976478975032,-0.591845344274662,63,1,15.95607,50,0.4,0.6,40,"both",0.217976478975032,-0.591845344274662
"6224",23,2,0.00504473764281013,2.6934928663144,9.11269360657178,46,100,0.217976478975032,-0.591845344274662,63,0,9.43843,50,0.4,0.6,40,"both",0.217976478975032,-0.591845344274662
"6225",23,2,0.00504473764281013,2.6934928663144,9.11269360657178,46,100,0.217976478975032,-0.591845344274662,63,1,11.49875,50,0.4,0.6,40,"both",0.217976478975032,-0.591845344274662
"6226",23,2,0.00504473764281013,2.6934928663144,9.11269360657178,46,100,0.217976478975032,-0.591845344274662,63,0,-3.25928,50,0.4,0.6,40,"both",0.217976478975032,-0.591845344274662
"6227",23,2,0.00504473764281013,2.6934928663144,9.11269360657178,46,100,0.217976478975032,-0.591845344274662,63,1,20.30126,50,0.4,0.6,40,"both",0.217976478975032,-0.591845344274662
"6228",23,2,0.00504473764281013,2.6934928663144,9.11269360657178,46,100,0.217976478975032,-0.591845344274662,63,1,1.0393,50,0.4,0.6,40,"both",0.217976478975032,-0.591845344274662
"6229",23,2,0.00504473764281013,2.6934928663144,9.11269360657178,46,100,0.217976478975032,-0.591845344274662,63,1,14.01529,50,0.4,0.6,40,"both",0.217976478975032,-0.591845344274662
"6230",23,2,0.00504473764281013,2.6934928663144,9.11269360657178,46,100,0.217976478975032,-0.591845344274662,63,1,9.98842,50,0.4,0.6,40,"both",0.217976478975032,-0.591845344274662
"6231",23,2,0.00504473764281013,2.6934928663144,9.11269360657178,46,100,0.217976478975032,-0.591845344274662,63,0,5.509826,50,0.4,0.6,40,"both",0.217976478975032,-0.591845344274662
"6232",23,2,0.00504473764281013,2.6934928663144,9.11269360657178,46,100,0.217976478975032,-0.591845344274662,63,1,13.70774,50,0.4,0.6,40,"both",0.217976478975032,-0.591845344274662
"6233",23,2,0.00504473764281013,2.6934928663144,9.11269360657178,46,100,0.217976478975032,-0.591845344274662,63,0,3.16989,50,0.4,0.6,40,"both",0.217976478975032,-0.591845344274662
"6234",23,2,0.00504473764281013,2.6934928663144,9.11269360657178,46,100,0.217976478975032,-0.591845344274662,63,1,10.62051,50,0.4,0.6,40,"both",0.217976478975032,-0.591845344274662
"6235",23,2,0.00504473764281013,2.6934928663144,9.11269360657178,46,100,0.217976478975032,-0.591845344274662,63,1,6.58227,50,0.4,0.6,40,"both",0.217976478975032,-0.591845344274662
"6236",23,2,0.00504473764281013,2.6934928663144,9.11269360657178,46,100,0.217976478975032,-0.591845344274662,63,1,9.96747,50,0.4,0.6,40,"both",0.217976478975032,-0.591845344274662
"6237",23,2,0.00504473764281013,2.6934928663144,9.11269360657178,46,100,0.217976478975032,-0.591845344274662,63,1,10.85733,50,0.4,0.6,40,"both",0.217976478975032,-0.591845344274662
"6238",23,2,0.00504473764281013,2.6934928663144,9.11269360657178,46,100,0.217976478975032,-0.591845344274662,63,1,-2.22668,50,0.4,0.6,40,"both",0.217976478975032,-0.591845344274662
"6239",23,2,0.00504473764281013,2.6934928663144,9.11269360657178,46,100,0.217976478975032,-0.591845344274662,63,0,-4.16673,50,0.4,0.6,40,"both",0.217976478975032,-0.591845344274662
"6240",23,2,0.00504473764281013,2.6934928663144,9.11269360657178,46,100,0.217976478975032,-0.591845344274662,63,0,10.38772,50,0.4,0.6,40,"both",0.217976478975032,-0.591845344274662
"6241",23,2,0.00504473764281013,2.6934928663144,9.11269360657178,46,100,0.217976478975032,-0.591845344274662,63,0,-10.838702,50,0.4,0.6,40,"both",0.217976478975032,-0.591845344274662
"6242",23,2,0.00504473764281013,2.6934928663144,9.11269360657178,46,100,0.217976478975032,-0.591845344274662,63,0,-8.37806,50,0.4,0.6,40,"both",0.217976478975032,-0.591845344274662
"6243",23,2,0.00504473764281013,2.6934928663144,9.11269360657178,46,100,0.217976478975032,-0.591845344274662,63,0,6.85537,50,0.4,0.6,40,"both",0.217976478975032,-0.591845344274662
"6244",23,2,0.00504473764281013,2.6934928663144,9.11269360657178,46,100,0.217976478975032,-0.591845344274662,63,1,9.43014,50,0.4,0.6,40,"both",0.217976478975032,-0.591845344274662
"6245",23,2,0.00504473764281013,2.6934928663144,9.11269360657178,46,100,0.217976478975032,-0.591845344274662,63,1,-4.01517,50,0.4,0.6,40,"both",0.217976478975032,-0.591845344274662
"6246",23,2,0.00504473764281013,2.6934928663144,9.11269360657178,46,100,0.217976478975032,-0.591845344274662,63,0,0.49273,50,0.4,0.6,40,"both",0.217976478975032,-0.591845344274662
"6247",23,2,0.00504473764281013,2.6934928663144,9.11269360657178,46,100,0.217976478975032,-0.591845344274662,63,0,-5.86581,50,0.4,0.6,40,"both",0.217976478975032,-0.591845344274662
"6248",23,2,0.00504473764281013,2.6934928663144,9.11269360657178,46,100,0.217976478975032,-0.591845344274662,63,1,13.05359,50,0.4,0.6,40,"both",0.217976478975032,-0.591845344274662
"6249",23,2,0.00504473764281013,2.6934928663144,9.11269360657178,46,100,0.217976478975032,-0.591845344274662,63,0,-2.99002,50,0.4,0.6,40,"both",0.217976478975032,-0.591845344274662
"6250",23,2,0.00504473764281013,2.6934928663144,9.11269360657178,46,100,0.217976478975032,-0.591845344274662,63,0,-10.85751,50,0.4,0.6,40,"both",0.217976478975032,-0.591845344274662
"6251",23,2,0.00504473764281013,2.6934928663144,9.11269360657178,46,100,0.217976478975032,-0.591845344274662,63,1,6.903544,50,0.4,0.6,40,"both",0.217976478975032,-0.591845344274662
"6252",23,2,0.00504473764281013,2.6934928663144,9.11269360657178,46,100,0.217976478975032,-0.591845344274662,63,0,-3.25202,50,0.4,0.6,40,"both",0.217976478975032,-0.591845344274662
"6253",23,2,0.00504473764281013,2.6934928663144,9.11269360657178,46,100,0.217976478975032,-0.591845344274662,63,1,-1.0182,50,0.4,0.6,40,"both",0.217976478975032,-0.591845344274662
"6254",23,2,0.00504473764281013,2.6934928663144,9.11269360657178,46,100,0.217976478975032,-0.591845344274662,63,1,7.92107,50,0.4,0.6,40,"both",0.217976478975032,-0.591845344274662
"6255",23,2,0.00504473764281013,2.6934928663144,9.11269360657178,46,100,0.217976478975032,-0.591845344274662,63,0,15.30691,50,0.4,0.6,40,"both",0.217976478975032,-0.591845344274662
"6256",23,2,0.00504473764281013,2.6934928663144,9.11269360657178,46,100,0.217976478975032,-0.591845344274662,63,1,7.53754,50,0.4,0.6,40,"both",0.217976478975032,-0.591845344274662
"6257",23,2,0.00504473764281013,2.6934928663144,9.11269360657178,46,100,0.217976478975032,-0.591845344274662,63,0,9.60035,50,0.4,0.6,40,"both",0.217976478975032,-0.591845344274662
"6258",23,2,0.00504473764281013,2.6934928663144,9.11269360657178,46,100,0.217976478975032,-0.591845344274662,63,0,9.60397,50,0.4,0.6,40,"both",0.217976478975032,-0.591845344274662
"6259",23,2,0.00504473764281013,2.6934928663144,9.11269360657178,46,100,0.217976478975032,-0.591845344274662,63,0,15.41925,50,0.4,0.6,40,"both",0.217976478975032,-0.591845344274662
"6260",23,2,0.00504473764281013,2.6934928663144,9.11269360657178,46,100,0.217976478975032,-0.591845344274662,63,1,9.16758,50,0.4,0.6,40,"both",0.217976478975032,-0.591845344274662
"6261",23,2,0.00504473764281013,2.6934928663144,9.11269360657178,46,100,0.217976478975032,-0.591845344274662,63,1,24.01171,50,0.4,0.6,40,"both",0.217976478975032,-0.591845344274662
"6262",23,2,0.00504473764281013,2.6934928663144,9.11269360657178,46,100,0.217976478975032,-0.591845344274662,63,1,12.14648,50,0.4,0.6,40,"both",0.217976478975032,-0.591845344274662
"6263",23,2,0.00504473764281013,2.6934928663144,9.11269360657178,46,100,0.217976478975032,-0.591845344274662,63,1,9.66318,50,0.4,0.6,40,"both",0.217976478975032,-0.591845344274662
"6264",23,2,0.00504473764281013,2.6934928663144,9.11269360657178,46,100,0.217976478975032,-0.591845344274662,63,1,11.69041,50,0.4,0.6,40,"both",0.217976478975032,-0.591845344274662
"6265",23,2,0.00504473764281013,2.6934928663144,9.11269360657178,46,100,0.217976478975032,-0.591845344274662,63,0,-4.20425,50,0.4,0.6,40,"both",0.217976478975032,-0.591845344274662
"6266",23,2,0.00504473764281013,2.6934928663144,9.11269360657178,46,100,0.217976478975032,-0.591845344274662,63,1,17.42504,50,0.4,0.6,40,"both",0.217976478975032,-0.591845344274662
"6267",23,2,0.00504473764281013,2.6934928663144,9.11269360657178,46,100,0.217976478975032,-0.591845344274662,63,1,11.62678,50,0.4,0.6,40,"both",0.217976478975032,-0.591845344274662
"6268",23,2,0.00504473764281013,2.6934928663144,9.11269360657178,46,100,0.217976478975032,-0.591845344274662,63,1,-8.18063,50,0.4,0.6,40,"both",0.217976478975032,-0.591845344274662
"6269",23,2,0.00504473764281013,2.6934928663144,9.11269360657178,46,100,0.217976478975032,-0.591845344274662,63,0,-5.54291,50,0.4,0.6,40,"both",0.217976478975032,-0.591845344274662
"6270",23,2,0.00504473764281013,2.6934928663144,9.11269360657178,46,100,0.217976478975032,-0.591845344274662,63,0,-2.69916,50,0.4,0.6,40,"both",0.217976478975032,-0.591845344274662
"6271",23,2,0.00504473764281013,2.6934928663144,9.11269360657178,46,100,0.217976478975032,-0.591845344274662,63,1,8.00649,50,0.4,0.6,40,"both",0.217976478975032,-0.591845344274662
"6272",23,2,0.00504473764281013,2.6934928663144,9.11269360657178,46,100,0.217976478975032,-0.591845344274662,63,1,12.97238,50,0.4,0.6,40,"both",0.217976478975032,-0.591845344274662
"6273",23,2,0.00504473764281013,2.6934928663144,9.11269360657178,46,100,0.217976478975032,-0.591845344274662,63,1,10.17037,50,0.4,0.6,40,"both",0.217976478975032,-0.591845344274662
"6274",23,2,0.00504473764281013,2.6934928663144,9.11269360657178,46,100,0.217976478975032,-0.591845344274662,63,1,10.3577,50,0.4,0.6,40,"both",0.217976478975032,-0.591845344274662
"6275",23,2,0.00504473764281013,2.6934928663144,9.11269360657178,46,100,0.217976478975032,-0.591845344274662,63,0,-3.67322,50,0.4,0.6,40,"both",0.217976478975032,-0.591845344274662
"6276",23,2,0.00504473764281013,2.6934928663144,9.11269360657178,46,100,0.217976478975032,-0.591845344274662,63,1,-7.18957,50,0.4,0.6,40,"both",0.217976478975032,-0.591845344274662
"6277",23,2,0.00504473764281013,2.6934928663144,9.11269360657178,46,100,0.217976478975032,-0.591845344274662,63,0,-8.93447,50,0.4,0.6,40,"both",0.217976478975032,-0.591845344274662
"6278",23,2,0.00504473764281013,2.6934928663144,9.11269360657178,46,100,0.217976478975032,-0.591845344274662,63,1,13.34419,50,0.4,0.6,40,"both",0.217976478975032,-0.591845344274662
"6279",23,2,0.00504473764281013,2.6934928663144,9.11269360657178,46,100,0.217976478975032,-0.591845344274662,63,0,-7.12773,50,0.4,0.6,40,"both",0.217976478975032,-0.591845344274662
"6280",23,2,0.00504473764281013,2.6934928663144,9.11269360657178,46,100,0.217976478975032,-0.591845344274662,63,1,9.8668357,50,0.4,0.6,40,"both",0.217976478975032,-0.591845344274662
"6281",23,2,0.00504473764281013,2.6934928663144,9.11269360657178,46,100,0.217976478975032,-0.591845344274662,63,1,12.65485,50,0.4,0.6,40,"both",0.217976478975032,-0.591845344274662
"6282",23,2,0.00504473764281013,2.6934928663144,9.11269360657178,46,100,0.217976478975032,-0.591845344274662,63,0,-3.62311,50,0.4,0.6,40,"both",0.217976478975032,-0.591845344274662
"6283",23,2,0.00504473764281013,2.6934928663144,9.11269360657178,46,100,0.217976478975032,-0.591845344274662,63,1,9.99554,50,0.4,0.6,40,"both",0.217976478975032,-0.591845344274662
"6284",23,2,0.00504473764281013,2.6934928663144,9.11269360657178,46,100,0.217976478975032,-0.591845344274662,63,1,2.74946,50,0.4,0.6,40,"both",0.217976478975032,-0.591845344274662
"6285",23,2,0.00504473764281013,2.6934928663144,9.11269360657178,46,100,0.217976478975032,-0.591845344274662,63,1,7.1229,50,0.4,0.6,40,"both",0.217976478975032,-0.591845344274662
"6286",23,2,0.00504473764281013,2.6934928663144,9.11269360657178,46,100,0.217976478975032,-0.591845344274662,63,1,10.66324,50,0.4,0.6,40,"both",0.217976478975032,-0.591845344274662
"6287",23,2,0.00504473764281013,2.6934928663144,9.11269360657178,46,100,0.217976478975032,-0.591845344274662,63,1,-3.69056,50,0.4,0.6,40,"both",0.217976478975032,-0.591845344274662
"6288",23,2,0.00504473764281013,2.6934928663144,9.11269360657178,46,100,0.217976478975032,-0.591845344274662,63,1,5.261092,50,0.4,0.6,40,"both",0.217976478975032,-0.591845344274662
"6289",23,2,0.00504473764281013,2.6934928663144,9.11269360657178,46,100,0.217976478975032,-0.591845344274662,63,1,15.80546,50,0.4,0.6,40,"both",0.217976478975032,-0.591845344274662
"6290",23,2,0.00504473764281013,2.6934928663144,9.11269360657178,46,100,0.217976478975032,-0.591845344274662,63,1,0.39841,50,0.4,0.6,40,"both",0.217976478975032,-0.591845344274662
"6291",23,2,0.00504473764281013,2.6934928663144,9.11269360657178,46,100,0.217976478975032,-0.591845344274662,63,0,-3.17499,50,0.4,0.6,40,"both",0.217976478975032,-0.591845344274662
"6292",23,2,0.00504473764281013,2.6934928663144,9.11269360657178,46,100,0.217976478975032,-0.591845344274662,63,1,-12.45503,50,0.4,0.6,40,"both",0.217976478975032,-0.591845344274662
"6293",23,2,0.00504473764281013,2.6934928663144,9.11269360657178,46,100,0.217976478975032,-0.591845344274662,63,1,3.534431,50,0.4,0.6,40,"both",0.217976478975032,-0.591845344274662
"6294",23,2,0.00504473764281013,2.6934928663144,9.11269360657178,46,100,0.217976478975032,-0.591845344274662,63,1,8.19352,50,0.4,0.6,40,"both",0.217976478975032,-0.591845344274662
"6295",23,2,0.00504473764281013,2.6934928663144,9.11269360657178,46,100,0.217976478975032,-0.591845344274662,63,1,3.46786,50,0.4,0.6,40,"both",0.217976478975032,-0.591845344274662
"6296",23,2,0.00504473764281013,2.6934928663144,9.11269360657178,46,100,0.217976478975032,-0.591845344274662,63,0,-7.10519,50,0.4,0.6,40,"both",0.217976478975032,-0.591845344274662
"6297",23,2,0.00504473764281013,2.6934928663144,9.11269360657178,46,100,0.217976478975032,-0.591845344274662,63,0,7.812647,50,0.4,0.6,40,"both",0.217976478975032,-0.591845344274662
"6298",23,2,0.00504473764281013,2.6934928663144,9.11269360657178,46,100,0.217976478975032,-0.591845344274662,63,1,5.681952,50,0.4,0.6,40,"both",0.217976478975032,-0.591845344274662
"6299",23,2,0.00504473764281013,2.6934928663144,9.11269360657178,46,100,0.217976478975032,-0.591845344274662,63,1,10.61882,50,0.4,0.6,40,"both",0.217976478975032,-0.591845344274662
"6300",23,2,0.00504473764281013,2.6934928663144,9.11269360657178,46,100,0.217976478975032,-0.591845344274662,63,0,4.15302,50,0.4,0.6,40,"both",0.217976478975032,-0.591845344274662
"6301",24,2,0.0029153578162061,-12.510618032659,9.50241099194567,48,100,0.217976478975032,-0.591845344274662,64,1,-7.137685902,50,0.4,0.6,40,"both",0.217976478975032,-0.591845344274662
"6302",24,2,0.0029153578162061,-12.510618032659,9.50241099194567,48,100,0.217976478975032,-0.591845344274662,64,0,-9.89985970769,50,0.4,0.6,40,"both",0.217976478975032,-0.591845344274662
"6303",24,2,0.0029153578162061,-12.510618032659,9.50241099194567,48,100,0.217976478975032,-0.591845344274662,64,1,-1.3880487783,50,0.4,0.6,40,"both",0.217976478975032,-0.591845344274662
"6304",24,2,0.0029153578162061,-12.510618032659,9.50241099194567,48,100,0.217976478975032,-0.591845344274662,64,0,-7.809317475,50,0.4,0.6,40,"both",0.217976478975032,-0.591845344274662
"6305",24,2,0.0029153578162061,-12.510618032659,9.50241099194567,48,100,0.217976478975032,-0.591845344274662,64,1,-4.70788239158,50,0.4,0.6,40,"both",0.217976478975032,-0.591845344274662
"6306",24,2,0.0029153578162061,-12.510618032659,9.50241099194567,48,100,0.217976478975032,-0.591845344274662,64,1,-4.96311,50,0.4,0.6,40,"both",0.217976478975032,-0.591845344274662
"6307",24,2,0.0029153578162061,-12.510618032659,9.50241099194567,48,100,0.217976478975032,-0.591845344274662,64,1,16.78605,50,0.4,0.6,40,"both",0.217976478975032,-0.591845344274662
"6308",24,2,0.0029153578162061,-12.510618032659,9.50241099194567,48,100,0.217976478975032,-0.591845344274662,64,0,-24.06839,50,0.4,0.6,40,"both",0.217976478975032,-0.591845344274662
"6309",24,2,0.0029153578162061,-12.510618032659,9.50241099194567,48,100,0.217976478975032,-0.591845344274662,64,1,-1.48352,50,0.4,0.6,40,"both",0.217976478975032,-0.591845344274662
"6310",24,2,0.0029153578162061,-12.510618032659,9.50241099194567,48,100,0.217976478975032,-0.591845344274662,64,0,-5.87018,50,0.4,0.6,40,"both",0.217976478975032,-0.591845344274662
"6311",24,2,0.0029153578162061,-12.510618032659,9.50241099194567,48,100,0.217976478975032,-0.591845344274662,64,1,-11.77615,50,0.4,0.6,40,"both",0.217976478975032,-0.591845344274662
"6312",24,2,0.0029153578162061,-12.510618032659,9.50241099194567,48,100,0.217976478975032,-0.591845344274662,64,0,-4.88104,50,0.4,0.6,40,"both",0.217976478975032,-0.591845344274662
"6313",24,2,0.0029153578162061,-12.510618032659,9.50241099194567,48,100,0.217976478975032,-0.591845344274662,64,1,-15.36846,50,0.4,0.6,40,"both",0.217976478975032,-0.591845344274662
"6314",24,2,0.0029153578162061,-12.510618032659,9.50241099194567,48,100,0.217976478975032,-0.591845344274662,64,0,-9.3215046771,50,0.4,0.6,40,"both",0.217976478975032,-0.591845344274662
"6315",24,2,0.0029153578162061,-12.510618032659,9.50241099194567,48,100,0.217976478975032,-0.591845344274662,64,1,-7.5583530206,50,0.4,0.6,40,"both",0.217976478975032,-0.591845344274662
"6316",24,2,0.0029153578162061,-12.510618032659,9.50241099194567,48,100,0.217976478975032,-0.591845344274662,64,1,-15.02836,50,0.4,0.6,40,"both",0.217976478975032,-0.591845344274662
"6317",24,2,0.0029153578162061,-12.510618032659,9.50241099194567,48,100,0.217976478975032,-0.591845344274662,64,1,-12.0834,50,0.4,0.6,40,"both",0.217976478975032,-0.591845344274662
"6318",24,2,0.0029153578162061,-12.510618032659,9.50241099194567,48,100,0.217976478975032,-0.591845344274662,64,1,9.633,50,0.4,0.6,40,"both",0.217976478975032,-0.591845344274662
"6319",24,2,0.0029153578162061,-12.510618032659,9.50241099194567,48,100,0.217976478975032,-0.591845344274662,64,0,-31.05648,50,0.4,0.6,40,"both",0.217976478975032,-0.591845344274662
"6320",24,2,0.0029153578162061,-12.510618032659,9.50241099194567,48,100,0.217976478975032,-0.591845344274662,64,1,-14.008123872,50,0.4,0.6,40,"both",0.217976478975032,-0.591845344274662
"6321",24,2,0.0029153578162061,-12.510618032659,9.50241099194567,48,100,0.217976478975032,-0.591845344274662,64,0,-10.452,50,0.4,0.6,40,"both",0.217976478975032,-0.591845344274662
"6322",24,2,0.0029153578162061,-12.510618032659,9.50241099194567,48,100,0.217976478975032,-0.591845344274662,64,1,4.083,50,0.4,0.6,40,"both",0.217976478975032,-0.591845344274662
"6323",24,2,0.0029153578162061,-12.510618032659,9.50241099194567,48,100,0.217976478975032,-0.591845344274662,64,0,-15.418992334,50,0.4,0.6,40,"both",0.217976478975032,-0.591845344274662
"6324",24,2,0.0029153578162061,-12.510618032659,9.50241099194567,48,100,0.217976478975032,-0.591845344274662,64,1,4.4923,50,0.4,0.6,40,"both",0.217976478975032,-0.591845344274662
"6325",24,2,0.0029153578162061,-12.510618032659,9.50241099194567,48,100,0.217976478975032,-0.591845344274662,64,0,-19.0114,50,0.4,0.6,40,"both",0.217976478975032,-0.591845344274662
"6326",24,2,0.0029153578162061,-12.510618032659,9.50241099194567,48,100,0.217976478975032,-0.591845344274662,64,0,-35.9411,50,0.4,0.6,40,"both",0.217976478975032,-0.591845344274662
"6327",24,2,0.0029153578162061,-12.510618032659,9.50241099194567,48,100,0.217976478975032,-0.591845344274662,64,0,-6.1026,50,0.4,0.6,40,"both",0.217976478975032,-0.591845344274662
"6328",24,2,0.0029153578162061,-12.510618032659,9.50241099194567,48,100,0.217976478975032,-0.591845344274662,64,1,19.7627,50,0.4,0.6,40,"both",0.217976478975032,-0.591845344274662
"6329",24,2,0.0029153578162061,-12.510618032659,9.50241099194567,48,100,0.217976478975032,-0.591845344274662,64,1,-0.33441,50,0.4,0.6,40,"both",0.217976478975032,-0.591845344274662
"6330",24,2,0.0029153578162061,-12.510618032659,9.50241099194567,48,100,0.217976478975032,-0.591845344274662,64,0,-19.01795,50,0.4,0.6,40,"both",0.217976478975032,-0.591845344274662
"6331",24,2,0.0029153578162061,-12.510618032659,9.50241099194567,48,100,0.217976478975032,-0.591845344274662,64,1,-16.7518,50,0.4,0.6,40,"both",0.217976478975032,-0.591845344274662
"6332",24,2,0.0029153578162061,-12.510618032659,9.50241099194567,48,100,0.217976478975032,-0.591845344274662,64,1,-2.98416,50,0.4,0.6,40,"both",0.217976478975032,-0.591845344274662
"6333",24,2,0.0029153578162061,-12.510618032659,9.50241099194567,48,100,0.217976478975032,-0.591845344274662,64,1,20.0862,50,0.4,0.6,40,"both",0.217976478975032,-0.591845344274662
"6334",24,2,0.0029153578162061,-12.510618032659,9.50241099194567,48,100,0.217976478975032,-0.591845344274662,64,0,-13.43947,50,0.4,0.6,40,"both",0.217976478975032,-0.591845344274662
"6335",24,2,0.0029153578162061,-12.510618032659,9.50241099194567,48,100,0.217976478975032,-0.591845344274662,64,1,-21.78222,50,0.4,0.6,40,"both",0.217976478975032,-0.591845344274662
"6336",24,2,0.0029153578162061,-12.510618032659,9.50241099194567,48,100,0.217976478975032,-0.591845344274662,64,1,31.6438,50,0.4,0.6,40,"both",0.217976478975032,-0.591845344274662
"6337",24,2,0.0029153578162061,-12.510618032659,9.50241099194567,48,100,0.217976478975032,-0.591845344274662,64,0,-28.3725,50,0.4,0.6,40,"both",0.217976478975032,-0.591845344274662
"6338",24,2,0.0029153578162061,-12.510618032659,9.50241099194567,48,100,0.217976478975032,-0.591845344274662,64,0,-20.22141,50,0.4,0.6,40,"both",0.217976478975032,-0.591845344274662
"6339",24,2,0.0029153578162061,-12.510618032659,9.50241099194567,48,100,0.217976478975032,-0.591845344274662,64,0,-20.58241,50,0.4,0.6,40,"both",0.217976478975032,-0.591845344274662
"6340",24,2,0.0029153578162061,-12.510618032659,9.50241099194567,48,100,0.217976478975032,-0.591845344274662,64,0,-17.78134,50,0.4,0.6,40,"both",0.217976478975032,-0.591845344274662
"6341",24,2,0.0029153578162061,-12.510618032659,9.50241099194567,48,100,0.217976478975032,-0.591845344274662,64,1,4.2713,50,0.4,0.6,40,"both",0.217976478975032,-0.591845344274662
"6342",24,2,0.0029153578162061,-12.510618032659,9.50241099194567,48,100,0.217976478975032,-0.591845344274662,64,1,-17.55031,50,0.4,0.6,40,"both",0.217976478975032,-0.591845344274662
"6343",24,2,0.0029153578162061,-12.510618032659,9.50241099194567,48,100,0.217976478975032,-0.591845344274662,64,1,4.6027,50,0.4,0.6,40,"both",0.217976478975032,-0.591845344274662
"6344",24,2,0.0029153578162061,-12.510618032659,9.50241099194567,48,100,0.217976478975032,-0.591845344274662,64,0,-35.3541,50,0.4,0.6,40,"both",0.217976478975032,-0.591845344274662
"6345",24,2,0.0029153578162061,-12.510618032659,9.50241099194567,48,100,0.217976478975032,-0.591845344274662,64,0,-31.2531,50,0.4,0.6,40,"both",0.217976478975032,-0.591845344274662
"6346",24,2,0.0029153578162061,-12.510618032659,9.50241099194567,48,100,0.217976478975032,-0.591845344274662,64,0,-20.6443,50,0.4,0.6,40,"both",0.217976478975032,-0.591845344274662
"6347",24,2,0.0029153578162061,-12.510618032659,9.50241099194567,48,100,0.217976478975032,-0.591845344274662,64,1,13.67589,50,0.4,0.6,40,"both",0.217976478975032,-0.591845344274662
"6348",24,2,0.0029153578162061,-12.510618032659,9.50241099194567,48,100,0.217976478975032,-0.591845344274662,64,0,-3.4044,50,0.4,0.6,40,"both",0.217976478975032,-0.591845344274662
"6349",24,2,0.0029153578162061,-12.510618032659,9.50241099194567,48,100,0.217976478975032,-0.591845344274662,64,1,0.426500000000001,50,0.4,0.6,40,"both",0.217976478975032,-0.591845344274662
"6350",24,2,0.0029153578162061,-12.510618032659,9.50241099194567,48,100,0.217976478975032,-0.591845344274662,64,0,-34.4626,50,0.4,0.6,40,"both",0.217976478975032,-0.591845344274662
"6351",24,2,0.0029153578162061,-12.510618032659,9.50241099194567,48,100,0.217976478975032,-0.591845344274662,64,1,2.6468,50,0.4,0.6,40,"both",0.217976478975032,-0.591845344274662
"6352",24,2,0.0029153578162061,-12.510618032659,9.50241099194567,48,100,0.217976478975032,-0.591845344274662,64,1,-6.33554,50,0.4,0.6,40,"both",0.217976478975032,-0.591845344274662
"6353",24,2,0.0029153578162061,-12.510618032659,9.50241099194567,48,100,0.217976478975032,-0.591845344274662,64,0,-31.2801,50,0.4,0.6,40,"both",0.217976478975032,-0.591845344274662
"6354",24,2,0.0029153578162061,-12.510618032659,9.50241099194567,48,100,0.217976478975032,-0.591845344274662,64,1,-1.0217,50,0.4,0.6,40,"both",0.217976478975032,-0.591845344274662
"6355",24,2,0.0029153578162061,-12.510618032659,9.50241099194567,48,100,0.217976478975032,-0.591845344274662,64,0,-28.8296,50,0.4,0.6,40,"both",0.217976478975032,-0.591845344274662
"6356",24,2,0.0029153578162061,-12.510618032659,9.50241099194567,48,100,0.217976478975032,-0.591845344274662,64,0,-20.05007,50,0.4,0.6,40,"both",0.217976478975032,-0.591845344274662
"6357",24,2,0.0029153578162061,-12.510618032659,9.50241099194567,48,100,0.217976478975032,-0.591845344274662,64,0,-26.0524,50,0.4,0.6,40,"both",0.217976478975032,-0.591845344274662
"6358",24,2,0.0029153578162061,-12.510618032659,9.50241099194567,48,100,0.217976478975032,-0.591845344274662,64,0,-24.7219,50,0.4,0.6,40,"both",0.217976478975032,-0.591845344274662
"6359",24,2,0.0029153578162061,-12.510618032659,9.50241099194567,48,100,0.217976478975032,-0.591845344274662,64,0,-26.614,50,0.4,0.6,40,"both",0.217976478975032,-0.591845344274662
"6360",24,2,0.0029153578162061,-12.510618032659,9.50241099194567,48,100,0.217976478975032,-0.591845344274662,64,0,-18.93158,50,0.4,0.6,40,"both",0.217976478975032,-0.591845344274662
"6361",24,2,0.0029153578162061,-12.510618032659,9.50241099194567,48,100,0.217976478975032,-0.591845344274662,64,0,-17.99528,50,0.4,0.6,40,"both",0.217976478975032,-0.591845344274662
"6362",24,2,0.0029153578162061,-12.510618032659,9.50241099194567,48,100,0.217976478975032,-0.591845344274662,64,1,-0.280900000000001,50,0.4,0.6,40,"both",0.217976478975032,-0.591845344274662
"6363",24,2,0.0029153578162061,-12.510618032659,9.50241099194567,48,100,0.217976478975032,-0.591845344274662,64,1,1.27657,50,0.4,0.6,40,"both",0.217976478975032,-0.591845344274662
"6364",24,2,0.0029153578162061,-12.510618032659,9.50241099194567,48,100,0.217976478975032,-0.591845344274662,64,1,-2.55506,50,0.4,0.6,40,"both",0.217976478975032,-0.591845344274662
"6365",24,2,0.0029153578162061,-12.510618032659,9.50241099194567,48,100,0.217976478975032,-0.591845344274662,64,0,-25.6651,50,0.4,0.6,40,"both",0.217976478975032,-0.591845344274662
"6366",24,2,0.0029153578162061,-12.510618032659,9.50241099194567,48,100,0.217976478975032,-0.591845344274662,64,1,0.67291,50,0.4,0.6,40,"both",0.217976478975032,-0.591845344274662
"6367",24,2,0.0029153578162061,-12.510618032659,9.50241099194567,48,100,0.217976478975032,-0.591845344274662,64,1,2.37065,50,0.4,0.6,40,"both",0.217976478975032,-0.591845344274662
"6368",24,2,0.0029153578162061,-12.510618032659,9.50241099194567,48,100,0.217976478975032,-0.591845344274662,64,1,-4.50435,50,0.4,0.6,40,"both",0.217976478975032,-0.591845344274662
"6369",24,2,0.0029153578162061,-12.510618032659,9.50241099194567,48,100,0.217976478975032,-0.591845344274662,64,0,-21.75995,50,0.4,0.6,40,"both",0.217976478975032,-0.591845344274662
"6370",24,2,0.0029153578162061,-12.510618032659,9.50241099194567,48,100,0.217976478975032,-0.591845344274662,64,1,-2.79811,50,0.4,0.6,40,"both",0.217976478975032,-0.591845344274662
"6371",24,2,0.0029153578162061,-12.510618032659,9.50241099194567,48,100,0.217976478975032,-0.591845344274662,64,0,-21.53259,50,0.4,0.6,40,"both",0.217976478975032,-0.591845344274662
"6372",24,2,0.0029153578162061,-12.510618032659,9.50241099194567,48,100,0.217976478975032,-0.591845344274662,64,1,-1.80058,50,0.4,0.6,40,"both",0.217976478975032,-0.591845344274662
"6373",24,2,0.0029153578162061,-12.510618032659,9.50241099194567,48,100,0.217976478975032,-0.591845344274662,64,0,-18.9466,50,0.4,0.6,40,"both",0.217976478975032,-0.591845344274662
"6374",24,2,0.0029153578162061,-12.510618032659,9.50241099194567,48,100,0.217976478975032,-0.591845344274662,64,0,-21.45943,50,0.4,0.6,40,"both",0.217976478975032,-0.591845344274662
"6375",24,2,0.0029153578162061,-12.510618032659,9.50241099194567,48,100,0.217976478975032,-0.591845344274662,64,1,-18.48316,50,0.4,0.6,40,"both",0.217976478975032,-0.591845344274662
"6376",24,2,0.0029153578162061,-12.510618032659,9.50241099194567,48,100,0.217976478975032,-0.591845344274662,64,1,-11.8229,50,0.4,0.6,40,"both",0.217976478975032,-0.591845344274662
"6377",24,2,0.0029153578162061,-12.510618032659,9.50241099194567,48,100,0.217976478975032,-0.591845344274662,64,1,-24.8041,50,0.4,0.6,40,"both",0.217976478975032,-0.591845344274662
"6378",24,2,0.0029153578162061,-12.510618032659,9.50241099194567,48,100,0.217976478975032,-0.591845344274662,64,1,-0.91573,50,0.4,0.6,40,"both",0.217976478975032,-0.591845344274662
"6379",24,2,0.0029153578162061,-12.510618032659,9.50241099194567,48,100,0.217976478975032,-0.591845344274662,64,0,-22.7946,50,0.4,0.6,40,"both",0.217976478975032,-0.591845344274662
"6380",24,2,0.0029153578162061,-12.510618032659,9.50241099194567,48,100,0.217976478975032,-0.591845344274662,64,1,-3.29879,50,0.4,0.6,40,"both",0.217976478975032,-0.591845344274662
"6381",24,2,0.0029153578162061,-12.510618032659,9.50241099194567,48,100,0.217976478975032,-0.591845344274662,64,1,-9.5098,50,0.4,0.6,40,"both",0.217976478975032,-0.591845344274662
"6382",24,2,0.0029153578162061,-12.510618032659,9.50241099194567,48,100,0.217976478975032,-0.591845344274662,64,1,-21.84859,50,0.4,0.6,40,"both",0.217976478975032,-0.591845344274662
"6383",24,2,0.0029153578162061,-12.510618032659,9.50241099194567,48,100,0.217976478975032,-0.591845344274662,64,0,-26.081,50,0.4,0.6,40,"both",0.217976478975032,-0.591845344274662
"6384",24,2,0.0029153578162061,-12.510618032659,9.50241099194567,48,100,0.217976478975032,-0.591845344274662,64,0,-27.7262,50,0.4,0.6,40,"both",0.217976478975032,-0.591845344274662
"6385",24,2,0.0029153578162061,-12.510618032659,9.50241099194567,48,100,0.217976478975032,-0.591845344274662,64,0,-21.4857,50,0.4,0.6,40,"both",0.217976478975032,-0.591845344274662
"6386",24,2,0.0029153578162061,-12.510618032659,9.50241099194567,48,100,0.217976478975032,-0.591845344274662,64,0,-22.17158,50,0.4,0.6,40,"both",0.217976478975032,-0.591845344274662
"6387",24,2,0.0029153578162061,-12.510618032659,9.50241099194567,48,100,0.217976478975032,-0.591845344274662,64,0,-23.3228,50,0.4,0.6,40,"both",0.217976478975032,-0.591845344274662
"6388",24,2,0.0029153578162061,-12.510618032659,9.50241099194567,48,100,0.217976478975032,-0.591845344274662,64,0,-22.93134,50,0.4,0.6,40,"both",0.217976478975032,-0.591845344274662
"6389",24,2,0.0029153578162061,-12.510618032659,9.50241099194567,48,100,0.217976478975032,-0.591845344274662,64,0,-2.4177,50,0.4,0.6,40,"both",0.217976478975032,-0.591845344274662
"6390",24,2,0.0029153578162061,-12.510618032659,9.50241099194567,48,100,0.217976478975032,-0.591845344274662,64,1,-24.11046,50,0.4,0.6,40,"both",0.217976478975032,-0.591845344274662
"6391",24,2,0.0029153578162061,-12.510618032659,9.50241099194567,48,100,0.217976478975032,-0.591845344274662,64,0,-4.60381,50,0.4,0.6,40,"both",0.217976478975032,-0.591845344274662
"6392",24,2,0.0029153578162061,-12.510618032659,9.50241099194567,48,100,0.217976478975032,-0.591845344274662,64,1,-17.93997,50,0.4,0.6,40,"both",0.217976478975032,-0.591845344274662
"6393",24,2,0.0029153578162061,-12.510618032659,9.50241099194567,48,100,0.217976478975032,-0.591845344274662,64,0,-26.3999,50,0.4,0.6,40,"both",0.217976478975032,-0.591845344274662
"6394",24,2,0.0029153578162061,-12.510618032659,9.50241099194567,48,100,0.217976478975032,-0.591845344274662,64,1,-18.59537,50,0.4,0.6,40,"both",0.217976478975032,-0.591845344274662
"6395",24,2,0.0029153578162061,-12.510618032659,9.50241099194567,48,100,0.217976478975032,-0.591845344274662,64,0,-22.1476,50,0.4,0.6,40,"both",0.217976478975032,-0.591845344274662
"6396",24,2,0.0029153578162061,-12.510618032659,9.50241099194567,48,100,0.217976478975032,-0.591845344274662,64,1,-2.1176,50,0.4,0.6,40,"both",0.217976478975032,-0.591845344274662
"6397",24,2,0.0029153578162061,-12.510618032659,9.50241099194567,48,100,0.217976478975032,-0.591845344274662,64,0,-25.5864,50,0.4,0.6,40,"both",0.217976478975032,-0.591845344274662
"6398",24,2,0.0029153578162061,-12.510618032659,9.50241099194567,48,100,0.217976478975032,-0.591845344274662,64,1,-5.49836,50,0.4,0.6,40,"both",0.217976478975032,-0.591845344274662
"6399",24,2,0.0029153578162061,-12.510618032659,9.50241099194567,48,100,0.217976478975032,-0.591845344274662,64,1,-1.6381,50,0.4,0.6,40,"both",0.217976478975032,-0.591845344274662
"6400",24,2,0.0029153578162061,-12.510618032659,9.50241099194567,48,100,0.217976478975032,-0.591845344274662,64,0,-0.1029,50,0.4,0.6,40,"both",0.217976478975032,-0.591845344274662
"6401",25,2,0.00394548381209412,-9.59463565934934,12.9116362735113,50,100,0.217976478975032,-0.591845344274662,65,0,8.90884480672,50,0.4,0.6,40,"both",0.217976478975032,-0.591845344274662
"6402",25,2,0.00394548381209412,-9.59463565934934,12.9116362735113,50,100,0.217976478975032,-0.591845344274662,65,1,12.130197356729,50,0.4,0.6,40,"both",0.217976478975032,-0.591845344274662
"6403",25,2,0.00394548381209412,-9.59463565934934,12.9116362735113,50,100,0.217976478975032,-0.591845344274662,65,1,1.0975322862,50,0.4,0.6,40,"both",0.217976478975032,-0.591845344274662
"6404",25,2,0.00394548381209412,-9.59463565934934,12.9116362735113,50,100,0.217976478975032,-0.591845344274662,65,1,-2.8587234453,50,0.4,0.6,40,"both",0.217976478975032,-0.591845344274662
"6405",25,2,0.00394548381209412,-9.59463565934934,12.9116362735113,50,100,0.217976478975032,-0.591845344274662,65,0,-6.75562910135,50,0.4,0.6,40,"both",0.217976478975032,-0.591845344274662
"6406",25,2,0.00394548381209412,-9.59463565934934,12.9116362735113,50,100,0.217976478975032,-0.591845344274662,65,1,-3.28827833946,50,0.4,0.6,40,"both",0.217976478975032,-0.591845344274662
"6407",25,2,0.00394548381209412,-9.59463565934934,12.9116362735113,50,100,0.217976478975032,-0.591845344274662,65,1,-9.5113,50,0.4,0.6,40,"both",0.217976478975032,-0.591845344274662
"6408",25,2,0.00394548381209412,-9.59463565934934,12.9116362735113,50,100,0.217976478975032,-0.591845344274662,65,1,-6.3125,50,0.4,0.6,40,"both",0.217976478975032,-0.591845344274662
"6409",25,2,0.00394548381209412,-9.59463565934934,12.9116362735113,50,100,0.217976478975032,-0.591845344274662,65,1,-2.65465,50,0.4,0.6,40,"both",0.217976478975032,-0.591845344274662
"6410",25,2,0.00394548381209412,-9.59463565934934,12.9116362735113,50,100,0.217976478975032,-0.591845344274662,65,0,-16.656114977,50,0.4,0.6,40,"both",0.217976478975032,-0.591845344274662
"6411",25,2,0.00394548381209412,-9.59463565934934,12.9116362735113,50,100,0.217976478975032,-0.591845344274662,65,1,-13.4464656678,50,0.4,0.6,40,"both",0.217976478975032,-0.591845344274662
"6412",25,2,0.00394548381209412,-9.59463565934934,12.9116362735113,50,100,0.217976478975032,-0.591845344274662,65,0,-26.34046,50,0.4,0.6,40,"both",0.217976478975032,-0.591845344274662
"6413",25,2,0.00394548381209412,-9.59463565934934,12.9116362735113,50,100,0.217976478975032,-0.591845344274662,65,0,-19.82912,50,0.4,0.6,40,"both",0.217976478975032,-0.591845344274662
"6414",25,2,0.00394548381209412,-9.59463565934934,12.9116362735113,50,100,0.217976478975032,-0.591845344274662,65,0,-26.52833,50,0.4,0.6,40,"both",0.217976478975032,-0.591845344274662
"6415",25,2,0.00394548381209412,-9.59463565934934,12.9116362735113,50,100,0.217976478975032,-0.591845344274662,65,1,-16.30666,50,0.4,0.6,40,"both",0.217976478975032,-0.591845344274662
"6416",25,2,0.00394548381209412,-9.59463565934934,12.9116362735113,50,100,0.217976478975032,-0.591845344274662,65,0,-8.02784,50,0.4,0.6,40,"both",0.217976478975032,-0.591845344274662
"6417",25,2,0.00394548381209412,-9.59463565934934,12.9116362735113,50,100,0.217976478975032,-0.591845344274662,65,1,-7.7743,50,0.4,0.6,40,"both",0.217976478975032,-0.591845344274662
"6418",25,2,0.00394548381209412,-9.59463565934934,12.9116362735113,50,100,0.217976478975032,-0.591845344274662,65,0,-19.93459,50,0.4,0.6,40,"both",0.217976478975032,-0.591845344274662
"6419",25,2,0.00394548381209412,-9.59463565934934,12.9116362735113,50,100,0.217976478975032,-0.591845344274662,65,1,-5.71992,50,0.4,0.6,40,"both",0.217976478975032,-0.591845344274662
"6420",25,2,0.00394548381209412,-9.59463565934934,12.9116362735113,50,100,0.217976478975032,-0.591845344274662,65,0,-16.85337,50,0.4,0.6,40,"both",0.217976478975032,-0.591845344274662
"6421",25,2,0.00394548381209412,-9.59463565934934,12.9116362735113,50,100,0.217976478975032,-0.591845344274662,65,0,-28.09172,50,0.4,0.6,40,"both",0.217976478975032,-0.591845344274662
"6422",25,2,0.00394548381209412,-9.59463565934934,12.9116362735113,50,100,0.217976478975032,-0.591845344274662,65,1,-17.0872,50,0.4,0.6,40,"both",0.217976478975032,-0.591845344274662
"6423",25,2,0.00394548381209412,-9.59463565934934,12.9116362735113,50,100,0.217976478975032,-0.591845344274662,65,0,-17.69042,50,0.4,0.6,40,"both",0.217976478975032,-0.591845344274662
"6424",25,2,0.00394548381209412,-9.59463565934934,12.9116362735113,50,100,0.217976478975032,-0.591845344274662,65,0,-22.12481,50,0.4,0.6,40,"both",0.217976478975032,-0.591845344274662
"6425",25,2,0.00394548381209412,-9.59463565934934,12.9116362735113,50,100,0.217976478975032,-0.591845344274662,65,1,-21.19303,50,0.4,0.6,40,"both",0.217976478975032,-0.591845344274662
"6426",25,2,0.00394548381209412,-9.59463565934934,12.9116362735113,50,100,0.217976478975032,-0.591845344274662,65,1,-21.67071,50,0.4,0.6,40,"both",0.217976478975032,-0.591845344274662
"6427",25,2,0.00394548381209412,-9.59463565934934,12.9116362735113,50,100,0.217976478975032,-0.591845344274662,65,0,-20.33944,50,0.4,0.6,40,"both",0.217976478975032,-0.591845344274662
"6428",25,2,0.00394548381209412,-9.59463565934934,12.9116362735113,50,100,0.217976478975032,-0.591845344274662,65,0,-44.2165,50,0.4,0.6,40,"both",0.217976478975032,-0.591845344274662
"6429",25,2,0.00394548381209412,-9.59463565934934,12.9116362735113,50,100,0.217976478975032,-0.591845344274662,65,1,0.353700000000002,50,0.4,0.6,40,"both",0.217976478975032,-0.591845344274662
"6430",25,2,0.00394548381209412,-9.59463565934934,12.9116362735113,50,100,0.217976478975032,-0.591845344274662,65,1,0.7156,50,0.4,0.6,40,"both",0.217976478975032,-0.591845344274662
"6431",25,2,0.00394548381209412,-9.59463565934934,12.9116362735113,50,100,0.217976478975032,-0.591845344274662,65,0,-20.6656,50,0.4,0.6,40,"both",0.217976478975032,-0.591845344274662
"6432",25,2,0.00394548381209412,-9.59463565934934,12.9116362735113,50,100,0.217976478975032,-0.591845344274662,65,1,3.59463,50,0.4,0.6,40,"both",0.217976478975032,-0.591845344274662
"6433",25,2,0.00394548381209412,-9.59463565934934,12.9116362735113,50,100,0.217976478975032,-0.591845344274662,65,0,-17.51354,50,0.4,0.6,40,"both",0.217976478975032,-0.591845344274662
"6434",25,2,0.00394548381209412,-9.59463565934934,12.9116362735113,50,100,0.217976478975032,-0.591845344274662,65,0,-15.02531,50,0.4,0.6,40,"both",0.217976478975032,-0.591845344274662
"6435",25,2,0.00394548381209412,-9.59463565934934,12.9116362735113,50,100,0.217976478975032,-0.591845344274662,65,0,-4.19357,50,0.4,0.6,40,"both",0.217976478975032,-0.591845344274662
"6436",25,2,0.00394548381209412,-9.59463565934934,12.9116362735113,50,100,0.217976478975032,-0.591845344274662,65,0,-20.5588,50,0.4,0.6,40,"both",0.217976478975032,-0.591845344274662
"6437",25,2,0.00394548381209412,-9.59463565934934,12.9116362735113,50,100,0.217976478975032,-0.591845344274662,65,1,-12.07538272,50,0.4,0.6,40,"both",0.217976478975032,-0.591845344274662
"6438",25,2,0.00394548381209412,-9.59463565934934,12.9116362735113,50,100,0.217976478975032,-0.591845344274662,65,1,-2.6185,50,0.4,0.6,40,"both",0.217976478975032,-0.591845344274662
"6439",25,2,0.00394548381209412,-9.59463565934934,12.9116362735113,50,100,0.217976478975032,-0.591845344274662,65,1,-6.64111,50,0.4,0.6,40,"both",0.217976478975032,-0.591845344274662
"6440",25,2,0.00394548381209412,-9.59463565934934,12.9116362735113,50,100,0.217976478975032,-0.591845344274662,65,0,-15.84027,50,0.4,0.6,40,"both",0.217976478975032,-0.591845344274662
"6441",25,2,0.00394548381209412,-9.59463565934934,12.9116362735113,50,100,0.217976478975032,-0.591845344274662,65,1,2.0164,50,0.4,0.6,40,"both",0.217976478975032,-0.591845344274662
"6442",25,2,0.00394548381209412,-9.59463565934934,12.9116362735113,50,100,0.217976478975032,-0.591845344274662,65,0,-15.82741,50,0.4,0.6,40,"both",0.217976478975032,-0.591845344274662
"6443",25,2,0.00394548381209412,-9.59463565934934,12.9116362735113,50,100,0.217976478975032,-0.591845344274662,65,0,-8.0427,50,0.4,0.6,40,"both",0.217976478975032,-0.591845344274662
"6444",25,2,0.00394548381209412,-9.59463565934934,12.9116362735113,50,100,0.217976478975032,-0.591845344274662,65,1,-17.32419,50,0.4,0.6,40,"both",0.217976478975032,-0.591845344274662
"6445",25,2,0.00394548381209412,-9.59463565934934,12.9116362735113,50,100,0.217976478975032,-0.591845344274662,65,1,3.2093,50,0.4,0.6,40,"both",0.217976478975032,-0.591845344274662
"6446",25,2,0.00394548381209412,-9.59463565934934,12.9116362735113,50,100,0.217976478975032,-0.591845344274662,65,0,-15.03831,50,0.4,0.6,40,"both",0.217976478975032,-0.591845344274662
"6447",25,2,0.00394548381209412,-9.59463565934934,12.9116362735113,50,100,0.217976478975032,-0.591845344274662,65,1,-5.21806,50,0.4,0.6,40,"both",0.217976478975032,-0.591845344274662
"6448",25,2,0.00394548381209412,-9.59463565934934,12.9116362735113,50,100,0.217976478975032,-0.591845344274662,65,1,-12.64021,50,0.4,0.6,40,"both",0.217976478975032,-0.591845344274662
"6449",25,2,0.00394548381209412,-9.59463565934934,12.9116362735113,50,100,0.217976478975032,-0.591845344274662,65,0,-21.83355,50,0.4,0.6,40,"both",0.217976478975032,-0.591845344274662
"6450",25,2,0.00394548381209412,-9.59463565934934,12.9116362735113,50,100,0.217976478975032,-0.591845344274662,65,1,-10.69805,50,0.4,0.6,40,"both",0.217976478975032,-0.591845344274662
"6451",25,2,0.00394548381209412,-9.59463565934934,12.9116362735113,50,100,0.217976478975032,-0.591845344274662,65,0,-4.61904,50,0.4,0.6,40,"both",0.217976478975032,-0.591845344274662
"6452",25,2,0.00394548381209412,-9.59463565934934,12.9116362735113,50,100,0.217976478975032,-0.591845344274662,65,1,6.7683,50,0.4,0.6,40,"both",0.217976478975032,-0.591845344274662
"6453",25,2,0.00394548381209412,-9.59463565934934,12.9116362735113,50,100,0.217976478975032,-0.591845344274662,65,0,-19.96949,50,0.4,0.6,40,"both",0.217976478975032,-0.591845344274662
"6454",25,2,0.00394548381209412,-9.59463565934934,12.9116362735113,50,100,0.217976478975032,-0.591845344274662,65,0,-25.9598,50,0.4,0.6,40,"both",0.217976478975032,-0.591845344274662
"6455",25,2,0.00394548381209412,-9.59463565934934,12.9116362735113,50,100,0.217976478975032,-0.591845344274662,65,1,-12.48707,50,0.4,0.6,40,"both",0.217976478975032,-0.591845344274662
"6456",25,2,0.00394548381209412,-9.59463565934934,12.9116362735113,50,100,0.217976478975032,-0.591845344274662,65,0,-27.8363,50,0.4,0.6,40,"both",0.217976478975032,-0.591845344274662
"6457",25,2,0.00394548381209412,-9.59463565934934,12.9116362735113,50,100,0.217976478975032,-0.591845344274662,65,0,-9.09755,50,0.4,0.6,40,"both",0.217976478975032,-0.591845344274662
"6458",25,2,0.00394548381209412,-9.59463565934934,12.9116362735113,50,100,0.217976478975032,-0.591845344274662,65,1,5.56106,50,0.4,0.6,40,"both",0.217976478975032,-0.591845344274662
"6459",25,2,0.00394548381209412,-9.59463565934934,12.9116362735113,50,100,0.217976478975032,-0.591845344274662,65,0,-6.79264,50,0.4,0.6,40,"both",0.217976478975032,-0.591845344274662
"6460",25,2,0.00394548381209412,-9.59463565934934,12.9116362735113,50,100,0.217976478975032,-0.591845344274662,65,0,-2.84113,50,0.4,0.6,40,"both",0.217976478975032,-0.591845344274662
"6461",25,2,0.00394548381209412,-9.59463565934934,12.9116362735113,50,100,0.217976478975032,-0.591845344274662,65,0,-33.325,50,0.4,0.6,40,"both",0.217976478975032,-0.591845344274662
"6462",25,2,0.00394548381209412,-9.59463565934934,12.9116362735113,50,100,0.217976478975032,-0.591845344274662,65,1,-11.68509,50,0.4,0.6,40,"both",0.217976478975032,-0.591845344274662
"6463",25,2,0.00394548381209412,-9.59463565934934,12.9116362735113,50,100,0.217976478975032,-0.591845344274662,65,1,-11.1247,50,0.4,0.6,40,"both",0.217976478975032,-0.591845344274662
"6464",25,2,0.00394548381209412,-9.59463565934934,12.9116362735113,50,100,0.217976478975032,-0.591845344274662,65,0,-36.6157,50,0.4,0.6,40,"both",0.217976478975032,-0.591845344274662
"6465",25,2,0.00394548381209412,-9.59463565934934,12.9116362735113,50,100,0.217976478975032,-0.591845344274662,65,0,-4.73016,50,0.4,0.6,40,"both",0.217976478975032,-0.591845344274662
"6466",25,2,0.00394548381209412,-9.59463565934934,12.9116362735113,50,100,0.217976478975032,-0.591845344274662,65,1,2.40346,50,0.4,0.6,40,"both",0.217976478975032,-0.591845344274662
"6467",25,2,0.00394548381209412,-9.59463565934934,12.9116362735113,50,100,0.217976478975032,-0.591845344274662,65,0,-33.2696,50,0.4,0.6,40,"both",0.217976478975032,-0.591845344274662
"6468",25,2,0.00394548381209412,-9.59463565934934,12.9116362735113,50,100,0.217976478975032,-0.591845344274662,65,0,-27.2468,50,0.4,0.6,40,"both",0.217976478975032,-0.591845344274662
"6469",25,2,0.00394548381209412,-9.59463565934934,12.9116362735113,50,100,0.217976478975032,-0.591845344274662,65,1,-1.92591,50,0.4,0.6,40,"both",0.217976478975032,-0.591845344274662
"6470",25,2,0.00394548381209412,-9.59463565934934,12.9116362735113,50,100,0.217976478975032,-0.591845344274662,65,1,-0.18571,50,0.4,0.6,40,"both",0.217976478975032,-0.591845344274662
"6471",25,2,0.00394548381209412,-9.59463565934934,12.9116362735113,50,100,0.217976478975032,-0.591845344274662,65,1,-5.56049,50,0.4,0.6,40,"both",0.217976478975032,-0.591845344274662
"6472",25,2,0.00394548381209412,-9.59463565934934,12.9116362735113,50,100,0.217976478975032,-0.591845344274662,65,0,-18.32693,50,0.4,0.6,40,"both",0.217976478975032,-0.591845344274662
"6473",25,2,0.00394548381209412,-9.59463565934934,12.9116362735113,50,100,0.217976478975032,-0.591845344274662,65,0,-22.32186,50,0.4,0.6,40,"both",0.217976478975032,-0.591845344274662
"6474",25,2,0.00394548381209412,-9.59463565934934,12.9116362735113,50,100,0.217976478975032,-0.591845344274662,65,1,-20.23493,50,0.4,0.6,40,"both",0.217976478975032,-0.591845344274662
"6475",25,2,0.00394548381209412,-9.59463565934934,12.9116362735113,50,100,0.217976478975032,-0.591845344274662,65,0,-15.48768,50,0.4,0.6,40,"both",0.217976478975032,-0.591845344274662
"6476",25,2,0.00394548381209412,-9.59463565934934,12.9116362735113,50,100,0.217976478975032,-0.591845344274662,65,1,-16.88183,50,0.4,0.6,40,"both",0.217976478975032,-0.591845344274662
"6477",25,2,0.00394548381209412,-9.59463565934934,12.9116362735113,50,100,0.217976478975032,-0.591845344274662,65,1,-0.985000000000001,50,0.4,0.6,40,"both",0.217976478975032,-0.591845344274662
"6478",25,2,0.00394548381209412,-9.59463565934934,12.9116362735113,50,100,0.217976478975032,-0.591845344274662,65,0,-28.4016,50,0.4,0.6,40,"both",0.217976478975032,-0.591845344274662
"6479",25,2,0.00394548381209412,-9.59463565934934,12.9116362735113,50,100,0.217976478975032,-0.591845344274662,65,1,-28.2971,50,0.4,0.6,40,"both",0.217976478975032,-0.591845344274662
"6480",25,2,0.00394548381209412,-9.59463565934934,12.9116362735113,50,100,0.217976478975032,-0.591845344274662,65,1,-5.10176,50,0.4,0.6,40,"both",0.217976478975032,-0.591845344274662
"6481",25,2,0.00394548381209412,-9.59463565934934,12.9116362735113,50,100,0.217976478975032,-0.591845344274662,65,1,-20.43232,50,0.4,0.6,40,"both",0.217976478975032,-0.591845344274662
"6482",25,2,0.00394548381209412,-9.59463565934934,12.9116362735113,50,100,0.217976478975032,-0.591845344274662,65,1,-1.1267,50,0.4,0.6,40,"both",0.217976478975032,-0.591845344274662
"6483",25,2,0.00394548381209412,-9.59463565934934,12.9116362735113,50,100,0.217976478975032,-0.591845344274662,65,1,2.1211,50,0.4,0.6,40,"both",0.217976478975032,-0.591845344274662
"6484",25,2,0.00394548381209412,-9.59463565934934,12.9116362735113,50,100,0.217976478975032,-0.591845344274662,65,1,6.0866,50,0.4,0.6,40,"both",0.217976478975032,-0.591845344274662
"6485",25,2,0.00394548381209412,-9.59463565934934,12.9116362735113,50,100,0.217976478975032,-0.591845344274662,65,1,-4.51442,50,0.4,0.6,40,"both",0.217976478975032,-0.591845344274662
"6486",25,2,0.00394548381209412,-9.59463565934934,12.9116362735113,50,100,0.217976478975032,-0.591845344274662,65,0,-21.53265,50,0.4,0.6,40,"both",0.217976478975032,-0.591845344274662
"6487",25,2,0.00394548381209412,-9.59463565934934,12.9116362735113,50,100,0.217976478975032,-0.591845344274662,65,1,-3.05576,50,0.4,0.6,40,"both",0.217976478975032,-0.591845344274662
"6488",25,2,0.00394548381209412,-9.59463565934934,12.9116362735113,50,100,0.217976478975032,-0.591845344274662,65,0,-20.58484,50,0.4,0.6,40,"both",0.217976478975032,-0.591845344274662
"6489",25,2,0.00394548381209412,-9.59463565934934,12.9116362735113,50,100,0.217976478975032,-0.591845344274662,65,1,-5.14092,50,0.4,0.6,40,"both",0.217976478975032,-0.591845344274662
"6490",25,2,0.00394548381209412,-9.59463565934934,12.9116362735113,50,100,0.217976478975032,-0.591845344274662,65,0,-13.18777,50,0.4,0.6,40,"both",0.217976478975032,-0.591845344274662
"6491",25,2,0.00394548381209412,-9.59463565934934,12.9116362735113,50,100,0.217976478975032,-0.591845344274662,65,0,-8.81709,50,0.4,0.6,40,"both",0.217976478975032,-0.591845344274662
"6492",25,2,0.00394548381209412,-9.59463565934934,12.9116362735113,50,100,0.217976478975032,-0.591845344274662,65,0,-6.52113,50,0.4,0.6,40,"both",0.217976478975032,-0.591845344274662
"6493",25,2,0.00394548381209412,-9.59463565934934,12.9116362735113,50,100,0.217976478975032,-0.591845344274662,65,1,0.200699999999999,50,0.4,0.6,40,"both",0.217976478975032,-0.591845344274662
"6494",25,2,0.00394548381209412,-9.59463565934934,12.9116362735113,50,100,0.217976478975032,-0.591845344274662,65,1,-2.73356,50,0.4,0.6,40,"both",0.217976478975032,-0.591845344274662
"6495",25,2,0.00394548381209412,-9.59463565934934,12.9116362735113,50,100,0.217976478975032,-0.591845344274662,65,1,-15.4701,50,0.4,0.6,40,"both",0.217976478975032,-0.591845344274662
"6496",25,2,0.00394548381209412,-9.59463565934934,12.9116362735113,50,100,0.217976478975032,-0.591845344274662,65,0,-2.4534,50,0.4,0.6,40,"both",0.217976478975032,-0.591845344274662
"6497",25,2,0.00394548381209412,-9.59463565934934,12.9116362735113,50,100,0.217976478975032,-0.591845344274662,65,1,3.6189,50,0.4,0.6,40,"both",0.217976478975032,-0.591845344274662
"6498",25,2,0.00394548381209412,-9.59463565934934,12.9116362735113,50,100,0.217976478975032,-0.591845344274662,65,0,-17.10093,50,0.4,0.6,40,"both",0.217976478975032,-0.591845344274662
"6499",25,2,0.00394548381209412,-9.59463565934934,12.9116362735113,50,100,0.217976478975032,-0.591845344274662,65,1,-21.98837,50,0.4,0.6,40,"both",0.217976478975032,-0.591845344274662
"6500",25,2,0.00394548381209412,-9.59463565934934,12.9116362735113,50,100,0.217976478975032,-0.591845344274662,65,1,7.0292,50,0.4,0.6,40,"both",0.217976478975032,-0.591845344274662
"6501",26,2,0.00428405597306211,-15.0123005956628,20.6834429807342,52,100,0.217976478975032,-0.591845344274662,66,1,7.6412173529,50,0.4,0.6,40,"both",0.217976478975032,-0.591845344274662
"6502",26,2,0.00428405597306211,-15.0123005956628,20.6834429807342,52,100,0.217976478975032,-0.591845344274662,66,1,-6.59963601192,50,0.4,0.6,40,"both",0.217976478975032,-0.591845344274662
"6503",26,2,0.00428405597306211,-15.0123005956628,20.6834429807342,52,100,0.217976478975032,-0.591845344274662,66,1,-15.6332056849,50,0.4,0.6,40,"both",0.217976478975032,-0.591845344274662
"6504",26,2,0.00428405597306211,-15.0123005956628,20.6834429807342,52,100,0.217976478975032,-0.591845344274662,66,1,-21.908802814,50,0.4,0.6,40,"both",0.217976478975032,-0.591845344274662
"6505",26,2,0.00428405597306211,-15.0123005956628,20.6834429807342,52,100,0.217976478975032,-0.591845344274662,66,1,8.06282,50,0.4,0.6,40,"both",0.217976478975032,-0.591845344274662
"6506",26,2,0.00428405597306211,-15.0123005956628,20.6834429807342,52,100,0.217976478975032,-0.591845344274662,66,1,5.8628,50,0.4,0.6,40,"both",0.217976478975032,-0.591845344274662
"6507",26,2,0.00428405597306211,-15.0123005956628,20.6834429807342,52,100,0.217976478975032,-0.591845344274662,66,1,-41.2539,50,0.4,0.6,40,"both",0.217976478975032,-0.591845344274662
"6508",26,2,0.00428405597306211,-15.0123005956628,20.6834429807342,52,100,0.217976478975032,-0.591845344274662,66,0,-37.127971116,50,0.4,0.6,40,"both",0.217976478975032,-0.591845344274662
"6509",26,2,0.00428405597306211,-15.0123005956628,20.6834429807342,52,100,0.217976478975032,-0.591845344274662,66,1,11.02807,50,0.4,0.6,40,"both",0.217976478975032,-0.591845344274662
"6510",26,2,0.00428405597306211,-15.0123005956628,20.6834429807342,52,100,0.217976478975032,-0.591845344274662,66,1,-21.6946,50,0.4,0.6,40,"both",0.217976478975032,-0.591845344274662
"6511",26,2,0.00428405597306211,-15.0123005956628,20.6834429807342,52,100,0.217976478975032,-0.591845344274662,66,0,-44.94117,50,0.4,0.6,40,"both",0.217976478975032,-0.591845344274662
"6512",26,2,0.00428405597306211,-15.0123005956628,20.6834429807342,52,100,0.217976478975032,-0.591845344274662,66,0,-38.7338,50,0.4,0.6,40,"both",0.217976478975032,-0.591845344274662
"6513",26,2,0.00428405597306211,-15.0123005956628,20.6834429807342,52,100,0.217976478975032,-0.591845344274662,66,0,-37.92761,50,0.4,0.6,40,"both",0.217976478975032,-0.591845344274662
"6514",26,2,0.00428405597306211,-15.0123005956628,20.6834429807342,52,100,0.217976478975032,-0.591845344274662,66,0,-31.9232,50,0.4,0.6,40,"both",0.217976478975032,-0.591845344274662
"6515",26,2,0.00428405597306211,-15.0123005956628,20.6834429807342,52,100,0.217976478975032,-0.591845344274662,66,0,-22.83066,50,0.4,0.6,40,"both",0.217976478975032,-0.591845344274662
"6516",26,2,0.00428405597306211,-15.0123005956628,20.6834429807342,52,100,0.217976478975032,-0.591845344274662,66,1,-33.06453,50,0.4,0.6,40,"both",0.217976478975032,-0.591845344274662
"6517",26,2,0.00428405597306211,-15.0123005956628,20.6834429807342,52,100,0.217976478975032,-0.591845344274662,66,1,2.0256,50,0.4,0.6,40,"both",0.217976478975032,-0.591845344274662
"6518",26,2,0.00428405597306211,-15.0123005956628,20.6834429807342,52,100,0.217976478975032,-0.591845344274662,66,0,-39.7725,50,0.4,0.6,40,"both",0.217976478975032,-0.591845344274662
"6519",26,2,0.00428405597306211,-15.0123005956628,20.6834429807342,52,100,0.217976478975032,-0.591845344274662,66,0,-23.27773,50,0.4,0.6,40,"both",0.217976478975032,-0.591845344274662
"6520",26,2,0.00428405597306211,-15.0123005956628,20.6834429807342,52,100,0.217976478975032,-0.591845344274662,66,1,-38.1337,50,0.4,0.6,40,"both",0.217976478975032,-0.591845344274662
"6521",26,2,0.00428405597306211,-15.0123005956628,20.6834429807342,52,100,0.217976478975032,-0.591845344274662,66,0,-24.80623452,50,0.4,0.6,40,"both",0.217976478975032,-0.591845344274662
"6522",26,2,0.00428405597306211,-15.0123005956628,20.6834429807342,52,100,0.217976478975032,-0.591845344274662,66,1,7.8021,50,0.4,0.6,40,"both",0.217976478975032,-0.591845344274662
"6523",26,2,0.00428405597306211,-15.0123005956628,20.6834429807342,52,100,0.217976478975032,-0.591845344274662,66,1,-23.21080706,50,0.4,0.6,40,"both",0.217976478975032,-0.591845344274662
"6524",26,2,0.00428405597306211,-15.0123005956628,20.6834429807342,52,100,0.217976478975032,-0.591845344274662,66,1,-3.0771,50,0.4,0.6,40,"both",0.217976478975032,-0.591845344274662
"6525",26,2,0.00428405597306211,-15.0123005956628,20.6834429807342,52,100,0.217976478975032,-0.591845344274662,66,0,1.5936,50,0.4,0.6,40,"both",0.217976478975032,-0.591845344274662
"6526",26,2,0.00428405597306211,-15.0123005956628,20.6834429807342,52,100,0.217976478975032,-0.591845344274662,66,1,-12.3148,50,0.4,0.6,40,"both",0.217976478975032,-0.591845344274662
"6527",26,2,0.00428405597306211,-15.0123005956628,20.6834429807342,52,100,0.217976478975032,-0.591845344274662,66,0,-13.50888,50,0.4,0.6,40,"both",0.217976478975032,-0.591845344274662
"6528",26,2,0.00428405597306211,-15.0123005956628,20.6834429807342,52,100,0.217976478975032,-0.591845344274662,66,0,-48.2748,50,0.4,0.6,40,"both",0.217976478975032,-0.591845344274662
"6529",26,2,0.00428405597306211,-15.0123005956628,20.6834429807342,52,100,0.217976478975032,-0.591845344274662,66,1,-4.1181,50,0.4,0.6,40,"both",0.217976478975032,-0.591845344274662
"6530",26,2,0.00428405597306211,-15.0123005956628,20.6834429807342,52,100,0.217976478975032,-0.591845344274662,66,0,-33.8402,50,0.4,0.6,40,"both",0.217976478975032,-0.591845344274662
"6531",26,2,0.00428405597306211,-15.0123005956628,20.6834429807342,52,100,0.217976478975032,-0.591845344274662,66,0,-46.5826,50,0.4,0.6,40,"both",0.217976478975032,-0.591845344274662
"6532",26,2,0.00428405597306211,-15.0123005956628,20.6834429807342,52,100,0.217976478975032,-0.591845344274662,66,0,-43.1383,50,0.4,0.6,40,"both",0.217976478975032,-0.591845344274662
"6533",26,2,0.00428405597306211,-15.0123005956628,20.6834429807342,52,100,0.217976478975032,-0.591845344274662,66,1,8.1515,50,0.4,0.6,40,"both",0.217976478975032,-0.591845344274662
"6534",26,2,0.00428405597306211,-15.0123005956628,20.6834429807342,52,100,0.217976478975032,-0.591845344274662,66,0,-46.4867,50,0.4,0.6,40,"both",0.217976478975032,-0.591845344274662
"6535",26,2,0.00428405597306211,-15.0123005956628,20.6834429807342,52,100,0.217976478975032,-0.591845344274662,66,1,-23.5823,50,0.4,0.6,40,"both",0.217976478975032,-0.591845344274662
"6536",26,2,0.00428405597306211,-15.0123005956628,20.6834429807342,52,100,0.217976478975032,-0.591845344274662,66,1,-22.46109071,50,0.4,0.6,40,"both",0.217976478975032,-0.591845344274662
"6537",26,2,0.00428405597306211,-15.0123005956628,20.6834429807342,52,100,0.217976478975032,-0.591845344274662,66,1,-9.8816,50,0.4,0.6,40,"both",0.217976478975032,-0.591845344274662
"6538",26,2,0.00428405597306211,-15.0123005956628,20.6834429807342,52,100,0.217976478975032,-0.591845344274662,66,0,-22.18344,50,0.4,0.6,40,"both",0.217976478975032,-0.591845344274662
"6539",26,2,0.00428405597306211,-15.0123005956628,20.6834429807342,52,100,0.217976478975032,-0.591845344274662,66,0,-34.9625,50,0.4,0.6,40,"both",0.217976478975032,-0.591845344274662
"6540",26,2,0.00428405597306211,-15.0123005956628,20.6834429807342,52,100,0.217976478975032,-0.591845344274662,66,0,-37.8783,50,0.4,0.6,40,"both",0.217976478975032,-0.591845344274662
"6541",26,2,0.00428405597306211,-15.0123005956628,20.6834429807342,52,100,0.217976478975032,-0.591845344274662,66,0,-12.5422,50,0.4,0.6,40,"both",0.217976478975032,-0.591845344274662
"6542",26,2,0.00428405597306211,-15.0123005956628,20.6834429807342,52,100,0.217976478975032,-0.591845344274662,66,1,-1.4009,50,0.4,0.6,40,"both",0.217976478975032,-0.591845344274662
"6543",26,2,0.00428405597306211,-15.0123005956628,20.6834429807342,52,100,0.217976478975032,-0.591845344274662,66,1,-32.90872,50,0.4,0.6,40,"both",0.217976478975032,-0.591845344274662
"6544",26,2,0.00428405597306211,-15.0123005956628,20.6834429807342,52,100,0.217976478975032,-0.591845344274662,66,1,-2.6862,50,0.4,0.6,40,"both",0.217976478975032,-0.591845344274662
"6545",26,2,0.00428405597306211,-15.0123005956628,20.6834429807342,52,100,0.217976478975032,-0.591845344274662,66,1,8.3468,50,0.4,0.6,40,"both",0.217976478975032,-0.591845344274662
"6546",26,2,0.00428405597306211,-15.0123005956628,20.6834429807342,52,100,0.217976478975032,-0.591845344274662,66,0,-44.9173,50,0.4,0.6,40,"both",0.217976478975032,-0.591845344274662
"6547",26,2,0.00428405597306211,-15.0123005956628,20.6834429807342,52,100,0.217976478975032,-0.591845344274662,66,0,-45.5137,50,0.4,0.6,40,"both",0.217976478975032,-0.591845344274662
"6548",26,2,0.00428405597306211,-15.0123005956628,20.6834429807342,52,100,0.217976478975032,-0.591845344274662,66,1,7.9449,50,0.4,0.6,40,"both",0.217976478975032,-0.591845344274662
"6549",26,2,0.00428405597306211,-15.0123005956628,20.6834429807342,52,100,0.217976478975032,-0.591845344274662,66,1,-8.625,50,0.4,0.6,40,"both",0.217976478975032,-0.591845344274662
"6550",26,2,0.00428405597306211,-15.0123005956628,20.6834429807342,52,100,0.217976478975032,-0.591845344274662,66,0,-49.0963,50,0.4,0.6,40,"both",0.217976478975032,-0.591845344274662
"6551",26,2,0.00428405597306211,-15.0123005956628,20.6834429807342,52,100,0.217976478975032,-0.591845344274662,66,1,6.5831,50,0.4,0.6,40,"both",0.217976478975032,-0.591845344274662
"6552",26,2,0.00428405597306211,-15.0123005956628,20.6834429807342,52,100,0.217976478975032,-0.591845344274662,66,1,5.177,50,0.4,0.6,40,"both",0.217976478975032,-0.591845344274662
"6553",26,2,0.00428405597306211,-15.0123005956628,20.6834429807342,52,100,0.217976478975032,-0.591845344274662,66,1,-7.6672,50,0.4,0.6,40,"both",0.217976478975032,-0.591845344274662
"6554",26,2,0.00428405597306211,-15.0123005956628,20.6834429807342,52,100,0.217976478975032,-0.591845344274662,66,0,-9.8333,50,0.4,0.6,40,"both",0.217976478975032,-0.591845344274662
"6555",26,2,0.00428405597306211,-15.0123005956628,20.6834429807342,52,100,0.217976478975032,-0.591845344274662,66,0,-4.9815,50,0.4,0.6,40,"both",0.217976478975032,-0.591845344274662
"6556",26,2,0.00428405597306211,-15.0123005956628,20.6834429807342,52,100,0.217976478975032,-0.591845344274662,66,0,-36.00539,50,0.4,0.6,40,"both",0.217976478975032,-0.591845344274662
"6557",26,2,0.00428405597306211,-15.0123005956628,20.6834429807342,52,100,0.217976478975032,-0.591845344274662,66,1,-8.328,50,0.4,0.6,40,"both",0.217976478975032,-0.591845344274662
"6558",26,2,0.00428405597306211,-15.0123005956628,20.6834429807342,52,100,0.217976478975032,-0.591845344274662,66,0,-29.0185,50,0.4,0.6,40,"both",0.217976478975032,-0.591845344274662
"6559",26,2,0.00428405597306211,-15.0123005956628,20.6834429807342,52,100,0.217976478975032,-0.591845344274662,66,1,-10.684,50,0.4,0.6,40,"both",0.217976478975032,-0.591845344274662
"6560",26,2,0.00428405597306211,-15.0123005956628,20.6834429807342,52,100,0.217976478975032,-0.591845344274662,66,0,-29.8391,50,0.4,0.6,40,"both",0.217976478975032,-0.591845344274662
"6561",26,2,0.00428405597306211,-15.0123005956628,20.6834429807342,52,100,0.217976478975032,-0.591845344274662,66,0,-1.5445,50,0.4,0.6,40,"both",0.217976478975032,-0.591845344274662
"6562",26,2,0.00428405597306211,-15.0123005956628,20.6834429807342,52,100,0.217976478975032,-0.591845344274662,66,0,-40.5461,50,0.4,0.6,40,"both",0.217976478975032,-0.591845344274662
"6563",26,2,0.00428405597306211,-15.0123005956628,20.6834429807342,52,100,0.217976478975032,-0.591845344274662,66,0,-34.0343,50,0.4,0.6,40,"both",0.217976478975032,-0.591845344274662
"6564",26,2,0.00428405597306211,-15.0123005956628,20.6834429807342,52,100,0.217976478975032,-0.591845344274662,66,0,-36.0658,50,0.4,0.6,40,"both",0.217976478975032,-0.591845344274662
"6565",26,2,0.00428405597306211,-15.0123005956628,20.6834429807342,52,100,0.217976478975032,-0.591845344274662,66,0,-0.133099999999999,50,0.4,0.6,40,"both",0.217976478975032,-0.591845344274662
"6566",26,2,0.00428405597306211,-15.0123005956628,20.6834429807342,52,100,0.217976478975032,-0.591845344274662,66,1,1.6737,50,0.4,0.6,40,"both",0.217976478975032,-0.591845344274662
"6567",26,2,0.00428405597306211,-15.0123005956628,20.6834429807342,52,100,0.217976478975032,-0.591845344274662,66,0,-29.7852,50,0.4,0.6,40,"both",0.217976478975032,-0.591845344274662
"6568",26,2,0.00428405597306211,-15.0123005956628,20.6834429807342,52,100,0.217976478975032,-0.591845344274662,66,1,-1.6582,50,0.4,0.6,40,"both",0.217976478975032,-0.591845344274662
"6569",26,2,0.00428405597306211,-15.0123005956628,20.6834429807342,52,100,0.217976478975032,-0.591845344274662,66,0,-25.6408,50,0.4,0.6,40,"both",0.217976478975032,-0.591845344274662
"6570",26,2,0.00428405597306211,-15.0123005956628,20.6834429807342,52,100,0.217976478975032,-0.591845344274662,66,0,-32.5859,50,0.4,0.6,40,"both",0.217976478975032,-0.591845344274662
"6571",26,2,0.00428405597306211,-15.0123005956628,20.6834429807342,52,100,0.217976478975032,-0.591845344274662,66,1,-37.0947,50,0.4,0.6,40,"both",0.217976478975032,-0.591845344274662
"6572",26,2,0.00428405597306211,-15.0123005956628,20.6834429807342,52,100,0.217976478975032,-0.591845344274662,66,0,-40.7358,50,0.4,0.6,40,"both",0.217976478975032,-0.591845344274662
"6573",26,2,0.00428405597306211,-15.0123005956628,20.6834429807342,52,100,0.217976478975032,-0.591845344274662,66,0,-29.5587,50,0.4,0.6,40,"both",0.217976478975032,-0.591845344274662
"6574",26,2,0.00428405597306211,-15.0123005956628,20.6834429807342,52,100,0.217976478975032,-0.591845344274662,66,1,-18.1083,50,0.4,0.6,40,"both",0.217976478975032,-0.591845344274662
"6575",26,2,0.00428405597306211,-15.0123005956628,20.6834429807342,52,100,0.217976478975032,-0.591845344274662,66,1,16.3759,50,0.4,0.6,40,"both",0.217976478975032,-0.591845344274662
"6576",26,2,0.00428405597306211,-15.0123005956628,20.6834429807342,52,100,0.217976478975032,-0.591845344274662,66,0,-2.7923,50,0.4,0.6,40,"both",0.217976478975032,-0.591845344274662
"6577",26,2,0.00428405597306211,-15.0123005956628,20.6834429807342,52,100,0.217976478975032,-0.591845344274662,66,1,-11.4128,50,0.4,0.6,40,"both",0.217976478975032,-0.591845344274662
"6578",26,2,0.00428405597306211,-15.0123005956628,20.6834429807342,52,100,0.217976478975032,-0.591845344274662,66,0,3.4456,50,0.4,0.6,40,"both",0.217976478975032,-0.591845344274662
"6579",26,2,0.00428405597306211,-15.0123005956628,20.6834429807342,52,100,0.217976478975032,-0.591845344274662,66,0,2.6089,50,0.4,0.6,40,"both",0.217976478975032,-0.591845344274662
"6580",26,2,0.00428405597306211,-15.0123005956628,20.6834429807342,52,100,0.217976478975032,-0.591845344274662,66,1,-4.64013,50,0.4,0.6,40,"both",0.217976478975032,-0.591845344274662
"6581",26,2,0.00428405597306211,-15.0123005956628,20.6834429807342,52,100,0.217976478975032,-0.591845344274662,66,1,-5.2156,50,0.4,0.6,40,"both",0.217976478975032,-0.591845344274662
"6582",26,2,0.00428405597306211,-15.0123005956628,20.6834429807342,52,100,0.217976478975032,-0.591845344274662,66,0,10.46,50,0.4,0.6,40,"both",0.217976478975032,-0.591845344274662
"6583",26,2,0.00428405597306211,-15.0123005956628,20.6834429807342,52,100,0.217976478975032,-0.591845344274662,66,0,13.8746,50,0.4,0.6,40,"both",0.217976478975032,-0.591845344274662
"6584",26,2,0.00428405597306211,-15.0123005956628,20.6834429807342,52,100,0.217976478975032,-0.591845344274662,66,1,29.8073,50,0.4,0.6,40,"both",0.217976478975032,-0.591845344274662
"6585",26,2,0.00428405597306211,-15.0123005956628,20.6834429807342,52,100,0.217976478975032,-0.591845344274662,66,1,-0.594899999999999,50,0.4,0.6,40,"both",0.217976478975032,-0.591845344274662
"6586",26,2,0.00428405597306211,-15.0123005956628,20.6834429807342,52,100,0.217976478975032,-0.591845344274662,66,0,-6.80023,50,0.4,0.6,40,"both",0.217976478975032,-0.591845344274662
"6587",26,2,0.00428405597306211,-15.0123005956628,20.6834429807342,52,100,0.217976478975032,-0.591845344274662,66,0,-30.3991,50,0.4,0.6,40,"both",0.217976478975032,-0.591845344274662
"6588",26,2,0.00428405597306211,-15.0123005956628,20.6834429807342,52,100,0.217976478975032,-0.591845344274662,66,1,1.099,50,0.4,0.6,40,"both",0.217976478975032,-0.591845344274662
"6589",26,2,0.00428405597306211,-15.0123005956628,20.6834429807342,52,100,0.217976478975032,-0.591845344274662,66,1,-5.4314,50,0.4,0.6,40,"both",0.217976478975032,-0.591845344274662
"6590",26,2,0.00428405597306211,-15.0123005956628,20.6834429807342,52,100,0.217976478975032,-0.591845344274662,66,0,-22.6905,50,0.4,0.6,40,"both",0.217976478975032,-0.591845344274662
"6591",26,2,0.00428405597306211,-15.0123005956628,20.6834429807342,52,100,0.217976478975032,-0.591845344274662,66,1,-1.1583,50,0.4,0.6,40,"both",0.217976478975032,-0.591845344274662
"6592",26,2,0.00428405597306211,-15.0123005956628,20.6834429807342,52,100,0.217976478975032,-0.591845344274662,66,1,3.5796,50,0.4,0.6,40,"both",0.217976478975032,-0.591845344274662
"6593",26,2,0.00428405597306211,-15.0123005956628,20.6834429807342,52,100,0.217976478975032,-0.591845344274662,66,0,-7.08187,50,0.4,0.6,40,"both",0.217976478975032,-0.591845344274662
"6594",26,2,0.00428405597306211,-15.0123005956628,20.6834429807342,52,100,0.217976478975032,-0.591845344274662,66,0,-48.6334,50,0.4,0.6,40,"both",0.217976478975032,-0.591845344274662
"6595",26,2,0.00428405597306211,-15.0123005956628,20.6834429807342,52,100,0.217976478975032,-0.591845344274662,66,0,-38.1484,50,0.4,0.6,40,"both",0.217976478975032,-0.591845344274662
"6596",26,2,0.00428405597306211,-15.0123005956628,20.6834429807342,52,100,0.217976478975032,-0.591845344274662,66,0,-12.24946,50,0.4,0.6,40,"both",0.217976478975032,-0.591845344274662
"6597",26,2,0.00428405597306211,-15.0123005956628,20.6834429807342,52,100,0.217976478975032,-0.591845344274662,66,0,-40.3292,50,0.4,0.6,40,"both",0.217976478975032,-0.591845344274662
"6598",26,2,0.00428405597306211,-15.0123005956628,20.6834429807342,52,100,0.217976478975032,-0.591845344274662,66,1,-6.3715,50,0.4,0.6,40,"both",0.217976478975032,-0.591845344274662
"6599",26,2,0.00428405597306211,-15.0123005956628,20.6834429807342,52,100,0.217976478975032,-0.591845344274662,66,1,-31.5175,50,0.4,0.6,40,"both",0.217976478975032,-0.591845344274662
"6600",26,2,0.00428405597306211,-15.0123005956628,20.6834429807342,52,100,0.217976478975032,-0.591845344274662,66,0,-35.6287,50,0.4,0.6,40,"both",0.217976478975032,-0.591845344274662
"6601",27,2,0.000654667341801611,4.61167372374965,24.7477984180014,54,100,0.217976478975032,-0.591845344274662,67,0,-6.1356324623,50,0.4,0.6,40,"both",0.217976478975032,-0.591845344274662
"6602",27,2,0.000654667341801611,4.61167372374965,24.7477984180014,54,100,0.217976478975032,-0.591845344274662,67,1,7.0769958904,50,0.4,0.6,40,"both",0.217976478975032,-0.591845344274662
"6603",27,2,0.000654667341801611,4.61167372374965,24.7477984180014,54,100,0.217976478975032,-0.591845344274662,67,0,0.0444059099,50,0.4,0.6,40,"both",0.217976478975032,-0.591845344274662
"6604",27,2,0.000654667341801611,4.61167372374965,24.7477984180014,54,100,0.217976478975032,-0.591845344274662,67,0,3.96616528749,50,0.4,0.6,40,"both",0.217976478975032,-0.591845344274662
"6605",27,2,0.000654667341801611,4.61167372374965,24.7477984180014,54,100,0.217976478975032,-0.591845344274662,67,1,4.44881,50,0.4,0.6,40,"both",0.217976478975032,-0.591845344274662
"6606",27,2,0.000654667341801611,4.61167372374965,24.7477984180014,54,100,0.217976478975032,-0.591845344274662,67,0,4.42884,50,0.4,0.6,40,"both",0.217976478975032,-0.591845344274662
"6607",27,2,0.000654667341801611,4.61167372374965,24.7477984180014,54,100,0.217976478975032,-0.591845344274662,67,1,12.45419,50,0.4,0.6,40,"both",0.217976478975032,-0.591845344274662
"6608",27,2,0.000654667341801611,4.61167372374965,24.7477984180014,54,100,0.217976478975032,-0.591845344274662,67,0,5.619008948,50,0.4,0.6,40,"both",0.217976478975032,-0.591845344274662
"6609",27,2,0.000654667341801611,4.61167372374965,24.7477984180014,54,100,0.217976478975032,-0.591845344274662,67,1,5.33232,50,0.4,0.6,40,"both",0.217976478975032,-0.591845344274662
"6610",27,2,0.000654667341801611,4.61167372374965,24.7477984180014,54,100,0.217976478975032,-0.591845344274662,67,1,16.68531,50,0.4,0.6,40,"both",0.217976478975032,-0.591845344274662
"6611",27,2,0.000654667341801611,4.61167372374965,24.7477984180014,54,100,0.217976478975032,-0.591845344274662,67,0,2.21332,50,0.4,0.6,40,"both",0.217976478975032,-0.591845344274662
"6612",27,2,0.000654667341801611,4.61167372374965,24.7477984180014,54,100,0.217976478975032,-0.591845344274662,67,0,8.29522,50,0.4,0.6,40,"both",0.217976478975032,-0.591845344274662
"6613",27,2,0.000654667341801611,4.61167372374965,24.7477984180014,54,100,0.217976478975032,-0.591845344274662,67,1,23.5634,50,0.4,0.6,40,"both",0.217976478975032,-0.591845344274662
"6614",27,2,0.000654667341801611,4.61167372374965,24.7477984180014,54,100,0.217976478975032,-0.591845344274662,67,1,33.654,50,0.4,0.6,40,"both",0.217976478975032,-0.591845344274662
"6615",27,2,0.000654667341801611,4.61167372374965,24.7477984180014,54,100,0.217976478975032,-0.591845344274662,67,1,15.00603,50,0.4,0.6,40,"both",0.217976478975032,-0.591845344274662
"6616",27,2,0.000654667341801611,4.61167372374965,24.7477984180014,54,100,0.217976478975032,-0.591845344274662,67,0,19.24792,50,0.4,0.6,40,"both",0.217976478975032,-0.591845344274662
"6617",27,2,0.000654667341801611,4.61167372374965,24.7477984180014,54,100,0.217976478975032,-0.591845344274662,67,1,4.92214,50,0.4,0.6,40,"both",0.217976478975032,-0.591845344274662
"6618",27,2,0.000654667341801611,4.61167372374965,24.7477984180014,54,100,0.217976478975032,-0.591845344274662,67,0,6.501077676,50,0.4,0.6,40,"both",0.217976478975032,-0.591845344274662
"6619",27,2,0.000654667341801611,4.61167372374965,24.7477984180014,54,100,0.217976478975032,-0.591845344274662,67,0,-6.09724,50,0.4,0.6,40,"both",0.217976478975032,-0.591845344274662
"6620",27,2,0.000654667341801611,4.61167372374965,24.7477984180014,54,100,0.217976478975032,-0.591845344274662,67,0,1.86975,50,0.4,0.6,40,"both",0.217976478975032,-0.591845344274662
"6621",27,2,0.000654667341801611,4.61167372374965,24.7477984180014,54,100,0.217976478975032,-0.591845344274662,67,0,2.85847,50,0.4,0.6,40,"both",0.217976478975032,-0.591845344274662
"6622",27,2,0.000654667341801611,4.61167372374965,24.7477984180014,54,100,0.217976478975032,-0.591845344274662,67,1,9.21274,50,0.4,0.6,40,"both",0.217976478975032,-0.591845344274662
"6623",27,2,0.000654667341801611,4.61167372374965,24.7477984180014,54,100,0.217976478975032,-0.591845344274662,67,1,42.09081,50,0.4,0.6,40,"both",0.217976478975032,-0.591845344274662
"6624",27,2,0.000654667341801611,4.61167372374965,24.7477984180014,54,100,0.217976478975032,-0.591845344274662,67,0,2.12244,50,0.4,0.6,40,"both",0.217976478975032,-0.591845344274662
"6625",27,2,0.000654667341801611,4.61167372374965,24.7477984180014,54,100,0.217976478975032,-0.591845344274662,67,1,4.63587,50,0.4,0.6,40,"both",0.217976478975032,-0.591845344274662
"6626",27,2,0.000654667341801611,4.61167372374965,24.7477984180014,54,100,0.217976478975032,-0.591845344274662,67,0,-3.38958,50,0.4,0.6,40,"both",0.217976478975032,-0.591845344274662
"6627",27,2,0.000654667341801611,4.61167372374965,24.7477984180014,54,100,0.217976478975032,-0.591845344274662,67,0,-2.87997,50,0.4,0.6,40,"both",0.217976478975032,-0.591845344274662
"6628",27,2,0.000654667341801611,4.61167372374965,24.7477984180014,54,100,0.217976478975032,-0.591845344274662,67,1,11.05294,50,0.4,0.6,40,"both",0.217976478975032,-0.591845344274662
"6629",27,2,0.000654667341801611,4.61167372374965,24.7477984180014,54,100,0.217976478975032,-0.591845344274662,67,1,-3.66846,50,0.4,0.6,40,"both",0.217976478975032,-0.591845344274662
"6630",27,2,0.000654667341801611,4.61167372374965,24.7477984180014,54,100,0.217976478975032,-0.591845344274662,67,1,-6.84897,50,0.4,0.6,40,"both",0.217976478975032,-0.591845344274662
"6631",27,2,0.000654667341801611,4.61167372374965,24.7477984180014,54,100,0.217976478975032,-0.591845344274662,67,0,-23.4658,50,0.4,0.6,40,"both",0.217976478975032,-0.591845344274662
"6632",27,2,0.000654667341801611,4.61167372374965,24.7477984180014,54,100,0.217976478975032,-0.591845344274662,67,0,3.43548,50,0.4,0.6,40,"both",0.217976478975032,-0.591845344274662
"6633",27,2,0.000654667341801611,4.61167372374965,24.7477984180014,54,100,0.217976478975032,-0.591845344274662,67,0,-7.56665,50,0.4,0.6,40,"both",0.217976478975032,-0.591845344274662
"6634",27,2,0.000654667341801611,4.61167372374965,24.7477984180014,54,100,0.217976478975032,-0.591845344274662,67,1,39.43447,50,0.4,0.6,40,"both",0.217976478975032,-0.591845344274662
"6635",27,2,0.000654667341801611,4.61167372374965,24.7477984180014,54,100,0.217976478975032,-0.591845344274662,67,0,16.08079,50,0.4,0.6,40,"both",0.217976478975032,-0.591845344274662
"6636",27,2,0.000654667341801611,4.61167372374965,24.7477984180014,54,100,0.217976478975032,-0.591845344274662,67,0,-4.92554,50,0.4,0.6,40,"both",0.217976478975032,-0.591845344274662
"6637",27,2,0.000654667341801611,4.61167372374965,24.7477984180014,54,100,0.217976478975032,-0.591845344274662,67,0,-6.90041,50,0.4,0.6,40,"both",0.217976478975032,-0.591845344274662
"6638",27,2,0.000654667341801611,4.61167372374965,24.7477984180014,54,100,0.217976478975032,-0.591845344274662,67,0,-25.6206,50,0.4,0.6,40,"both",0.217976478975032,-0.591845344274662
"6639",27,2,0.000654667341801611,4.61167372374965,24.7477984180014,54,100,0.217976478975032,-0.591845344274662,67,0,-19.77384,50,0.4,0.6,40,"both",0.217976478975032,-0.591845344274662
"6640",27,2,0.000654667341801611,4.61167372374965,24.7477984180014,54,100,0.217976478975032,-0.591845344274662,67,1,21.3915,50,0.4,0.6,40,"both",0.217976478975032,-0.591845344274662
"6641",27,2,0.000654667341801611,4.61167372374965,24.7477984180014,54,100,0.217976478975032,-0.591845344274662,67,0,-11.47808,50,0.4,0.6,40,"both",0.217976478975032,-0.591845344274662
"6642",27,2,0.000654667341801611,4.61167372374965,24.7477984180014,54,100,0.217976478975032,-0.591845344274662,67,1,12.91049,50,0.4,0.6,40,"both",0.217976478975032,-0.591845344274662
"6643",27,2,0.000654667341801611,4.61167372374965,24.7477984180014,54,100,0.217976478975032,-0.591845344274662,67,1,-2.33191,50,0.4,0.6,40,"both",0.217976478975032,-0.591845344274662
"6644",27,2,0.000654667341801611,4.61167372374965,24.7477984180014,54,100,0.217976478975032,-0.591845344274662,67,1,6.63097,50,0.4,0.6,40,"both",0.217976478975032,-0.591845344274662
"6645",27,2,0.000654667341801611,4.61167372374965,24.7477984180014,54,100,0.217976478975032,-0.591845344274662,67,1,32.05869,50,0.4,0.6,40,"both",0.217976478975032,-0.591845344274662
"6646",27,2,0.000654667341801611,4.61167372374965,24.7477984180014,54,100,0.217976478975032,-0.591845344274662,67,0,-15.3031,50,0.4,0.6,40,"both",0.217976478975032,-0.591845344274662
"6647",27,2,0.000654667341801611,4.61167372374965,24.7477984180014,54,100,0.217976478975032,-0.591845344274662,67,0,10.45678,50,0.4,0.6,40,"both",0.217976478975032,-0.591845344274662
"6648",27,2,0.000654667341801611,4.61167372374965,24.7477984180014,54,100,0.217976478975032,-0.591845344274662,67,1,-5.93932,50,0.4,0.6,40,"both",0.217976478975032,-0.591845344274662
"6649",27,2,0.000654667341801611,4.61167372374965,24.7477984180014,54,100,0.217976478975032,-0.591845344274662,67,1,22.19437,50,0.4,0.6,40,"both",0.217976478975032,-0.591845344274662
"6650",27,2,0.000654667341801611,4.61167372374965,24.7477984180014,54,100,0.217976478975032,-0.591845344274662,67,1,19.30647,50,0.4,0.6,40,"both",0.217976478975032,-0.591845344274662
"6651",27,2,0.000654667341801611,4.61167372374965,24.7477984180014,54,100,0.217976478975032,-0.591845344274662,67,1,-11.3556,50,0.4,0.6,40,"both",0.217976478975032,-0.591845344274662
"6652",27,2,0.000654667341801611,4.61167372374965,24.7477984180014,54,100,0.217976478975032,-0.591845344274662,67,0,15.56591,50,0.4,0.6,40,"both",0.217976478975032,-0.591845344274662
"6653",27,2,0.000654667341801611,4.61167372374965,24.7477984180014,54,100,0.217976478975032,-0.591845344274662,67,0,-12.78441,50,0.4,0.6,40,"both",0.217976478975032,-0.591845344274662
"6654",27,2,0.000654667341801611,4.61167372374965,24.7477984180014,54,100,0.217976478975032,-0.591845344274662,67,0,15.16951,50,0.4,0.6,40,"both",0.217976478975032,-0.591845344274662
"6655",27,2,0.000654667341801611,4.61167372374965,24.7477984180014,54,100,0.217976478975032,-0.591845344274662,67,1,24.35067,50,0.4,0.6,40,"both",0.217976478975032,-0.591845344274662
"6656",27,2,0.000654667341801611,4.61167372374965,24.7477984180014,54,100,0.217976478975032,-0.591845344274662,67,0,-38.89623,50,0.4,0.6,40,"both",0.217976478975032,-0.591845344274662
"6657",27,2,0.000654667341801611,4.61167372374965,24.7477984180014,54,100,0.217976478975032,-0.591845344274662,67,0,-10.93926,50,0.4,0.6,40,"both",0.217976478975032,-0.591845344274662
"6658",27,2,0.000654667341801611,4.61167372374965,24.7477984180014,54,100,0.217976478975032,-0.591845344274662,67,0,-4.8023,50,0.4,0.6,40,"both",0.217976478975032,-0.591845344274662
"6659",27,2,0.000654667341801611,4.61167372374965,24.7477984180014,54,100,0.217976478975032,-0.591845344274662,67,1,37.84171,50,0.4,0.6,40,"both",0.217976478975032,-0.591845344274662
"6660",27,2,0.000654667341801611,4.61167372374965,24.7477984180014,54,100,0.217976478975032,-0.591845344274662,67,1,-15.51794,50,0.4,0.6,40,"both",0.217976478975032,-0.591845344274662
"6661",27,2,0.000654667341801611,4.61167372374965,24.7477984180014,54,100,0.217976478975032,-0.591845344274662,67,1,27.44221,50,0.4,0.6,40,"both",0.217976478975032,-0.591845344274662
"6662",27,2,0.000654667341801611,4.61167372374965,24.7477984180014,54,100,0.217976478975032,-0.591845344274662,67,0,-13.85002,50,0.4,0.6,40,"both",0.217976478975032,-0.591845344274662
"6663",27,2,0.000654667341801611,4.61167372374965,24.7477984180014,54,100,0.217976478975032,-0.591845344274662,67,0,20.64941,50,0.4,0.6,40,"both",0.217976478975032,-0.591845344274662
"6664",27,2,0.000654667341801611,4.61167372374965,24.7477984180014,54,100,0.217976478975032,-0.591845344274662,67,1,22.18462,50,0.4,0.6,40,"both",0.217976478975032,-0.591845344274662
"6665",27,2,0.000654667341801611,4.61167372374965,24.7477984180014,54,100,0.217976478975032,-0.591845344274662,67,1,17.49336,50,0.4,0.6,40,"both",0.217976478975032,-0.591845344274662
"6666",27,2,0.000654667341801611,4.61167372374965,24.7477984180014,54,100,0.217976478975032,-0.591845344274662,67,1,24.7244,50,0.4,0.6,40,"both",0.217976478975032,-0.591845344274662
"6667",27,2,0.000654667341801611,4.61167372374965,24.7477984180014,54,100,0.217976478975032,-0.591845344274662,67,1,23.05772,50,0.4,0.6,40,"both",0.217976478975032,-0.591845344274662
"6668",27,2,0.000654667341801611,4.61167372374965,24.7477984180014,54,100,0.217976478975032,-0.591845344274662,67,0,-13.7372,50,0.4,0.6,40,"both",0.217976478975032,-0.591845344274662
"6669",27,2,0.000654667341801611,4.61167372374965,24.7477984180014,54,100,0.217976478975032,-0.591845344274662,67,0,1.4652,50,0.4,0.6,40,"both",0.217976478975032,-0.591845344274662
"6670",27,2,0.000654667341801611,4.61167372374965,24.7477984180014,54,100,0.217976478975032,-0.591845344274662,67,1,20.96155,50,0.4,0.6,40,"both",0.217976478975032,-0.591845344274662
"6671",27,2,0.000654667341801611,4.61167372374965,24.7477984180014,54,100,0.217976478975032,-0.591845344274662,67,1,-11.09879,50,0.4,0.6,40,"both",0.217976478975032,-0.591845344274662
"6672",27,2,0.000654667341801611,4.61167372374965,24.7477984180014,54,100,0.217976478975032,-0.591845344274662,67,0,35.7831,50,0.4,0.6,40,"both",0.217976478975032,-0.591845344274662
"6673",27,2,0.000654667341801611,4.61167372374965,24.7477984180014,54,100,0.217976478975032,-0.591845344274662,67,0,17.47316,50,0.4,0.6,40,"both",0.217976478975032,-0.591845344274662
"6674",27,2,0.000654667341801611,4.61167372374965,24.7477984180014,54,100,0.217976478975032,-0.591845344274662,67,1,17.07862,50,0.4,0.6,40,"both",0.217976478975032,-0.591845344274662
"6675",27,2,0.000654667341801611,4.61167372374965,24.7477984180014,54,100,0.217976478975032,-0.591845344274662,67,0,-11.22367,50,0.4,0.6,40,"both",0.217976478975032,-0.591845344274662
"6676",27,2,0.000654667341801611,4.61167372374965,24.7477984180014,54,100,0.217976478975032,-0.591845344274662,67,0,-35.73984,50,0.4,0.6,40,"both",0.217976478975032,-0.591845344274662
"6677",27,2,0.000654667341801611,4.61167372374965,24.7477984180014,54,100,0.217976478975032,-0.591845344274662,67,1,-6.98971,50,0.4,0.6,40,"both",0.217976478975032,-0.591845344274662
"6678",27,2,0.000654667341801611,4.61167372374965,24.7477984180014,54,100,0.217976478975032,-0.591845344274662,67,1,1.54738,50,0.4,0.6,40,"both",0.217976478975032,-0.591845344274662
"6679",27,2,0.000654667341801611,4.61167372374965,24.7477984180014,54,100,0.217976478975032,-0.591845344274662,67,1,25.13663,50,0.4,0.6,40,"both",0.217976478975032,-0.591845344274662
"6680",27,2,0.000654667341801611,4.61167372374965,24.7477984180014,54,100,0.217976478975032,-0.591845344274662,67,1,-8.52476,50,0.4,0.6,40,"both",0.217976478975032,-0.591845344274662
"6681",27,2,0.000654667341801611,4.61167372374965,24.7477984180014,54,100,0.217976478975032,-0.591845344274662,67,1,18.83331,50,0.4,0.6,40,"both",0.217976478975032,-0.591845344274662
"6682",27,2,0.000654667341801611,4.61167372374965,24.7477984180014,54,100,0.217976478975032,-0.591845344274662,67,0,-23.38521,50,0.4,0.6,40,"both",0.217976478975032,-0.591845344274662
"6683",27,2,0.000654667341801611,4.61167372374965,24.7477984180014,54,100,0.217976478975032,-0.591845344274662,67,0,-19.49002,50,0.4,0.6,40,"both",0.217976478975032,-0.591845344274662
"6684",27,2,0.000654667341801611,4.61167372374965,24.7477984180014,54,100,0.217976478975032,-0.591845344274662,67,0,18.91419,50,0.4,0.6,40,"both",0.217976478975032,-0.591845344274662
"6685",27,2,0.000654667341801611,4.61167372374965,24.7477984180014,54,100,0.217976478975032,-0.591845344274662,67,1,32.80157,50,0.4,0.6,40,"both",0.217976478975032,-0.591845344274662
"6686",27,2,0.000654667341801611,4.61167372374965,24.7477984180014,54,100,0.217976478975032,-0.591845344274662,67,0,-11.7833,50,0.4,0.6,40,"both",0.217976478975032,-0.591845344274662
"6687",27,2,0.000654667341801611,4.61167372374965,24.7477984180014,54,100,0.217976478975032,-0.591845344274662,67,1,28.28145,50,0.4,0.6,40,"both",0.217976478975032,-0.591845344274662
"6688",27,2,0.000654667341801611,4.61167372374965,24.7477984180014,54,100,0.217976478975032,-0.591845344274662,67,0,-30.03479,50,0.4,0.6,40,"both",0.217976478975032,-0.591845344274662
"6689",27,2,0.000654667341801611,4.61167372374965,24.7477984180014,54,100,0.217976478975032,-0.591845344274662,67,1,17.94045,50,0.4,0.6,40,"both",0.217976478975032,-0.591845344274662
"6690",27,2,0.000654667341801611,4.61167372374965,24.7477984180014,54,100,0.217976478975032,-0.591845344274662,67,1,25.28724,50,0.4,0.6,40,"both",0.217976478975032,-0.591845344274662
"6691",27,2,0.000654667341801611,4.61167372374965,24.7477984180014,54,100,0.217976478975032,-0.591845344274662,67,1,32.51231,50,0.4,0.6,40,"both",0.217976478975032,-0.591845344274662
"6692",27,2,0.000654667341801611,4.61167372374965,24.7477984180014,54,100,0.217976478975032,-0.591845344274662,67,1,16.68443,50,0.4,0.6,40,"both",0.217976478975032,-0.591845344274662
"6693",27,2,0.000654667341801611,4.61167372374965,24.7477984180014,54,100,0.217976478975032,-0.591845344274662,67,0,-18.725808,50,0.4,0.6,40,"both",0.217976478975032,-0.591845344274662
"6694",27,2,0.000654667341801611,4.61167372374965,24.7477984180014,54,100,0.217976478975032,-0.591845344274662,67,1,-6.3469,50,0.4,0.6,40,"both",0.217976478975032,-0.591845344274662
"6695",27,2,0.000654667341801611,4.61167372374965,24.7477984180014,54,100,0.217976478975032,-0.591845344274662,67,0,-29.19595,50,0.4,0.6,40,"both",0.217976478975032,-0.591845344274662
"6696",27,2,0.000654667341801611,4.61167372374965,24.7477984180014,54,100,0.217976478975032,-0.591845344274662,67,1,-2.60317,50,0.4,0.6,40,"both",0.217976478975032,-0.591845344274662
"6697",27,2,0.000654667341801611,4.61167372374965,24.7477984180014,54,100,0.217976478975032,-0.591845344274662,67,0,-25.93194,50,0.4,0.6,40,"both",0.217976478975032,-0.591845344274662
"6698",27,2,0.000654667341801611,4.61167372374965,24.7477984180014,54,100,0.217976478975032,-0.591845344274662,67,0,27.00747,50,0.4,0.6,40,"both",0.217976478975032,-0.591845344274662
"6699",27,2,0.000654667341801611,4.61167372374965,24.7477984180014,54,100,0.217976478975032,-0.591845344274662,67,0,-30.72795,50,0.4,0.6,40,"both",0.217976478975032,-0.591845344274662
"6700",27,2,0.000654667341801611,4.61167372374965,24.7477984180014,54,100,0.217976478975032,-0.591845344274662,67,0,-27.87632,50,0.4,0.6,40,"both",0.217976478975032,-0.591845344274662
"6701",28,2,0.0359521535211181,5.62724512225344,18.4651233679019,56,100,0.217976478975032,-0.591845344274662,68,0,9.5063877837,50,0.4,0.6,40,"both",0.217976478975032,-0.591845344274662
"6702",28,2,0.0359521535211181,5.62724512225344,18.4651233679019,56,100,0.217976478975032,-0.591845344274662,68,1,12.84128704393,50,0.4,0.6,40,"both",0.217976478975032,-0.591845344274662
"6703",28,2,0.0359521535211181,5.62724512225344,18.4651233679019,56,100,0.217976478975032,-0.591845344274662,68,1,1.4431702837,50,0.4,0.6,40,"both",0.217976478975032,-0.591845344274662
"6704",28,2,0.0359521535211181,5.62724512225344,18.4651233679019,56,100,0.217976478975032,-0.591845344274662,68,1,-3.145706834,50,0.4,0.6,40,"both",0.217976478975032,-0.591845344274662
"6705",28,2,0.0359521535211181,5.62724512225344,18.4651233679019,56,100,0.217976478975032,-0.591845344274662,68,0,-1.577,50,0.4,0.6,40,"both",0.217976478975032,-0.591845344274662
"6706",28,2,0.0359521535211181,5.62724512225344,18.4651233679019,56,100,0.217976478975032,-0.591845344274662,68,0,-17.65304,50,0.4,0.6,40,"both",0.217976478975032,-0.591845344274662
"6707",28,2,0.0359521535211181,5.62724512225344,18.4651233679019,56,100,0.217976478975032,-0.591845344274662,68,1,-0.5352081102,50,0.4,0.6,40,"both",0.217976478975032,-0.591845344274662
"6708",28,2,0.0359521535211181,5.62724512225344,18.4651233679019,56,100,0.217976478975032,-0.591845344274662,68,0,-9.01785,50,0.4,0.6,40,"both",0.217976478975032,-0.591845344274662
"6709",28,2,0.0359521535211181,5.62724512225344,18.4651233679019,56,100,0.217976478975032,-0.591845344274662,68,1,-3.02667452704,50,0.4,0.6,40,"both",0.217976478975032,-0.591845344274662
"6710",28,2,0.0359521535211181,5.62724512225344,18.4651233679019,56,100,0.217976478975032,-0.591845344274662,68,0,17.00231,50,0.4,0.6,40,"both",0.217976478975032,-0.591845344274662
"6711",28,2,0.0359521535211181,5.62724512225344,18.4651233679019,56,100,0.217976478975032,-0.591845344274662,68,0,-7.6086,50,0.4,0.6,40,"both",0.217976478975032,-0.591845344274662
"6712",28,2,0.0359521535211181,5.62724512225344,18.4651233679019,56,100,0.217976478975032,-0.591845344274662,68,0,2.213574742,50,0.4,0.6,40,"both",0.217976478975032,-0.591845344274662
"6713",28,2,0.0359521535211181,5.62724512225344,18.4651233679019,56,100,0.217976478975032,-0.591845344274662,68,0,4.7799434967,50,0.4,0.6,40,"both",0.217976478975032,-0.591845344274662
"6714",28,2,0.0359521535211181,5.62724512225344,18.4651233679019,56,100,0.217976478975032,-0.591845344274662,68,1,7.403464928,50,0.4,0.6,40,"both",0.217976478975032,-0.591845344274662
"6715",28,2,0.0359521535211181,5.62724512225344,18.4651233679019,56,100,0.217976478975032,-0.591845344274662,68,1,5.6664644138,50,0.4,0.6,40,"both",0.217976478975032,-0.591845344274662
"6716",28,2,0.0359521535211181,5.62724512225344,18.4651233679019,56,100,0.217976478975032,-0.591845344274662,68,0,-38.7339,50,0.4,0.6,40,"both",0.217976478975032,-0.591845344274662
"6717",28,2,0.0359521535211181,5.62724512225344,18.4651233679019,56,100,0.217976478975032,-0.591845344274662,68,0,2.275538177,50,0.4,0.6,40,"both",0.217976478975032,-0.591845344274662
"6718",28,2,0.0359521535211181,5.62724512225344,18.4651233679019,56,100,0.217976478975032,-0.591845344274662,68,0,2.7974735442,50,0.4,0.6,40,"both",0.217976478975032,-0.591845344274662
"6719",28,2,0.0359521535211181,5.62724512225344,18.4651233679019,56,100,0.217976478975032,-0.591845344274662,68,1,-10.481103,50,0.4,0.6,40,"both",0.217976478975032,-0.591845344274662
"6720",28,2,0.0359521535211181,5.62724512225344,18.4651233679019,56,100,0.217976478975032,-0.591845344274662,68,0,4.6132083842,50,0.4,0.6,40,"both",0.217976478975032,-0.591845344274662
"6721",28,2,0.0359521535211181,5.62724512225344,18.4651233679019,56,100,0.217976478975032,-0.591845344274662,68,1,27.2454,50,0.4,0.6,40,"both",0.217976478975032,-0.591845344274662
"6722",28,2,0.0359521535211181,5.62724512225344,18.4651233679019,56,100,0.217976478975032,-0.591845344274662,68,0,6.1800159862,50,0.4,0.6,40,"both",0.217976478975032,-0.591845344274662
"6723",28,2,0.0359521535211181,5.62724512225344,18.4651233679019,56,100,0.217976478975032,-0.591845344274662,68,1,8.7084149131,50,0.4,0.6,40,"both",0.217976478975032,-0.591845344274662
"6724",28,2,0.0359521535211181,5.62724512225344,18.4651233679019,56,100,0.217976478975032,-0.591845344274662,68,1,42.37964,50,0.4,0.6,40,"both",0.217976478975032,-0.591845344274662
"6725",28,2,0.0359521535211181,5.62724512225344,18.4651233679019,56,100,0.217976478975032,-0.591845344274662,68,0,-2.41277,50,0.4,0.6,40,"both",0.217976478975032,-0.591845344274662
"6726",28,2,0.0359521535211181,5.62724512225344,18.4651233679019,56,100,0.217976478975032,-0.591845344274662,68,0,7.2295400319,50,0.4,0.6,40,"both",0.217976478975032,-0.591845344274662
"6727",28,2,0.0359521535211181,5.62724512225344,18.4651233679019,56,100,0.217976478975032,-0.591845344274662,68,1,9.0757335478,50,0.4,0.6,40,"both",0.217976478975032,-0.591845344274662
"6728",28,2,0.0359521535211181,5.62724512225344,18.4651233679019,56,100,0.217976478975032,-0.591845344274662,68,0,5.05628164644,50,0.4,0.6,40,"both",0.217976478975032,-0.591845344274662
"6729",28,2,0.0359521535211181,5.62724512225344,18.4651233679019,56,100,0.217976478975032,-0.591845344274662,68,1,9.897311705,50,0.4,0.6,40,"both",0.217976478975032,-0.591845344274662
"6730",28,2,0.0359521535211181,5.62724512225344,18.4651233679019,56,100,0.217976478975032,-0.591845344274662,68,1,40.6903,50,0.4,0.6,40,"both",0.217976478975032,-0.591845344274662
"6731",28,2,0.0359521535211181,5.62724512225344,18.4651233679019,56,100,0.217976478975032,-0.591845344274662,68,1,15.79983,50,0.4,0.6,40,"both",0.217976478975032,-0.591845344274662
"6732",28,2,0.0359521535211181,5.62724512225344,18.4651233679019,56,100,0.217976478975032,-0.591845344274662,68,0,3.7376296626,50,0.4,0.6,40,"both",0.217976478975032,-0.591845344274662
"6733",28,2,0.0359521535211181,5.62724512225344,18.4651233679019,56,100,0.217976478975032,-0.591845344274662,68,1,33.65968,50,0.4,0.6,40,"both",0.217976478975032,-0.591845344274662
"6734",28,2,0.0359521535211181,5.62724512225344,18.4651233679019,56,100,0.217976478975032,-0.591845344274662,68,1,18.47821,50,0.4,0.6,40,"both",0.217976478975032,-0.591845344274662
"6735",28,2,0.0359521535211181,5.62724512225344,18.4651233679019,56,100,0.217976478975032,-0.591845344274662,68,0,6.71246,50,0.4,0.6,40,"both",0.217976478975032,-0.591845344274662
"6736",28,2,0.0359521535211181,5.62724512225344,18.4651233679019,56,100,0.217976478975032,-0.591845344274662,68,0,6.8509332013,50,0.4,0.6,40,"both",0.217976478975032,-0.591845344274662
"6737",28,2,0.0359521535211181,5.62724512225344,18.4651233679019,56,100,0.217976478975032,-0.591845344274662,68,1,15.15661,50,0.4,0.6,40,"both",0.217976478975032,-0.591845344274662
"6738",28,2,0.0359521535211181,5.62724512225344,18.4651233679019,56,100,0.217976478975032,-0.591845344274662,68,0,8.01466778113,50,0.4,0.6,40,"both",0.217976478975032,-0.591845344274662
"6739",28,2,0.0359521535211181,5.62724512225344,18.4651233679019,56,100,0.217976478975032,-0.591845344274662,68,0,-4.95704,50,0.4,0.6,40,"both",0.217976478975032,-0.591845344274662
"6740",28,2,0.0359521535211181,5.62724512225344,18.4651233679019,56,100,0.217976478975032,-0.591845344274662,68,1,8.66228,50,0.4,0.6,40,"both",0.217976478975032,-0.591845344274662
"6741",28,2,0.0359521535211181,5.62724512225344,18.4651233679019,56,100,0.217976478975032,-0.591845344274662,68,1,5.76082,50,0.4,0.6,40,"both",0.217976478975032,-0.591845344274662
"6742",28,2,0.0359521535211181,5.62724512225344,18.4651233679019,56,100,0.217976478975032,-0.591845344274662,68,0,-1.05341,50,0.4,0.6,40,"both",0.217976478975032,-0.591845344274662
"6743",28,2,0.0359521535211181,5.62724512225344,18.4651233679019,56,100,0.217976478975032,-0.591845344274662,68,1,0.99198,50,0.4,0.6,40,"both",0.217976478975032,-0.591845344274662
"6744",28,2,0.0359521535211181,5.62724512225344,18.4651233679019,56,100,0.217976478975032,-0.591845344274662,68,0,-29.81385,50,0.4,0.6,40,"both",0.217976478975032,-0.591845344274662
"6745",28,2,0.0359521535211181,5.62724512225344,18.4651233679019,56,100,0.217976478975032,-0.591845344274662,68,0,-13.26129,50,0.4,0.6,40,"both",0.217976478975032,-0.591845344274662
"6746",28,2,0.0359521535211181,5.62724512225344,18.4651233679019,56,100,0.217976478975032,-0.591845344274662,68,1,6.04139,50,0.4,0.6,40,"both",0.217976478975032,-0.591845344274662
"6747",28,2,0.0359521535211181,5.62724512225344,18.4651233679019,56,100,0.217976478975032,-0.591845344274662,68,1,12.96485,50,0.4,0.6,40,"both",0.217976478975032,-0.591845344274662
"6748",28,2,0.0359521535211181,5.62724512225344,18.4651233679019,56,100,0.217976478975032,-0.591845344274662,68,1,46.73151,50,0.4,0.6,40,"both",0.217976478975032,-0.591845344274662
"6749",28,2,0.0359521535211181,5.62724512225344,18.4651233679019,56,100,0.217976478975032,-0.591845344274662,68,1,28.9744,50,0.4,0.6,40,"both",0.217976478975032,-0.591845344274662
"6750",28,2,0.0359521535211181,5.62724512225344,18.4651233679019,56,100,0.217976478975032,-0.591845344274662,68,1,0.457400000000001,50,0.4,0.6,40,"both",0.217976478975032,-0.591845344274662
"6751",28,2,0.0359521535211181,5.62724512225344,18.4651233679019,56,100,0.217976478975032,-0.591845344274662,68,1,4.19832646618,50,0.4,0.6,40,"both",0.217976478975032,-0.591845344274662
"6752",28,2,0.0359521535211181,5.62724512225344,18.4651233679019,56,100,0.217976478975032,-0.591845344274662,68,0,-2.2211,50,0.4,0.6,40,"both",0.217976478975032,-0.591845344274662
"6753",28,2,0.0359521535211181,5.62724512225344,18.4651233679019,56,100,0.217976478975032,-0.591845344274662,68,1,9.411986,50,0.4,0.6,40,"both",0.217976478975032,-0.591845344274662
"6754",28,2,0.0359521535211181,5.62724512225344,18.4651233679019,56,100,0.217976478975032,-0.591845344274662,68,1,-7.80805,50,0.4,0.6,40,"both",0.217976478975032,-0.591845344274662
"6755",28,2,0.0359521535211181,5.62724512225344,18.4651233679019,56,100,0.217976478975032,-0.591845344274662,68,1,23.42003,50,0.4,0.6,40,"both",0.217976478975032,-0.591845344274662
"6756",28,2,0.0359521535211181,5.62724512225344,18.4651233679019,56,100,0.217976478975032,-0.591845344274662,68,0,-13.48034,50,0.4,0.6,40,"both",0.217976478975032,-0.591845344274662
"6757",28,2,0.0359521535211181,5.62724512225344,18.4651233679019,56,100,0.217976478975032,-0.591845344274662,68,0,-6.26668,50,0.4,0.6,40,"both",0.217976478975032,-0.591845344274662
"6758",28,2,0.0359521535211181,5.62724512225344,18.4651233679019,56,100,0.217976478975032,-0.591845344274662,68,0,-13.51539,50,0.4,0.6,40,"both",0.217976478975032,-0.591845344274662
"6759",28,2,0.0359521535211181,5.62724512225344,18.4651233679019,56,100,0.217976478975032,-0.591845344274662,68,1,15.14134,50,0.4,0.6,40,"both",0.217976478975032,-0.591845344274662
"6760",28,2,0.0359521535211181,5.62724512225344,18.4651233679019,56,100,0.217976478975032,-0.591845344274662,68,1,15.1413,50,0.4,0.6,40,"both",0.217976478975032,-0.591845344274662
"6761",28,2,0.0359521535211181,5.62724512225344,18.4651233679019,56,100,0.217976478975032,-0.591845344274662,68,0,17.83749,50,0.4,0.6,40,"both",0.217976478975032,-0.591845344274662
"6762",28,2,0.0359521535211181,5.62724512225344,18.4651233679019,56,100,0.217976478975032,-0.591845344274662,68,1,18.67026,50,0.4,0.6,40,"both",0.217976478975032,-0.591845344274662
"6763",28,2,0.0359521535211181,5.62724512225344,18.4651233679019,56,100,0.217976478975032,-0.591845344274662,68,1,11.56822,50,0.4,0.6,40,"both",0.217976478975032,-0.591845344274662
"6764",28,2,0.0359521535211181,5.62724512225344,18.4651233679019,56,100,0.217976478975032,-0.591845344274662,68,0,-4.90266,50,0.4,0.6,40,"both",0.217976478975032,-0.591845344274662
"6765",28,2,0.0359521535211181,5.62724512225344,18.4651233679019,56,100,0.217976478975032,-0.591845344274662,68,1,-3.61846,50,0.4,0.6,40,"both",0.217976478975032,-0.591845344274662
"6766",28,2,0.0359521535211181,5.62724512225344,18.4651233679019,56,100,0.217976478975032,-0.591845344274662,68,0,13.813757,50,0.4,0.6,40,"both",0.217976478975032,-0.591845344274662
"6767",28,2,0.0359521535211181,5.62724512225344,18.4651233679019,56,100,0.217976478975032,-0.591845344274662,68,0,22.03002,50,0.4,0.6,40,"both",0.217976478975032,-0.591845344274662
"6768",28,2,0.0359521535211181,5.62724512225344,18.4651233679019,56,100,0.217976478975032,-0.591845344274662,68,1,-18.079599,50,0.4,0.6,40,"both",0.217976478975032,-0.591845344274662
"6769",28,2,0.0359521535211181,5.62724512225344,18.4651233679019,56,100,0.217976478975032,-0.591845344274662,68,1,7.7738,50,0.4,0.6,40,"both",0.217976478975032,-0.591845344274662
"6770",28,2,0.0359521535211181,5.62724512225344,18.4651233679019,56,100,0.217976478975032,-0.591845344274662,68,0,-41.87571,50,0.4,0.6,40,"both",0.217976478975032,-0.591845344274662
"6771",28,2,0.0359521535211181,5.62724512225344,18.4651233679019,56,100,0.217976478975032,-0.591845344274662,68,0,-11.80364,50,0.4,0.6,40,"both",0.217976478975032,-0.591845344274662
"6772",28,2,0.0359521535211181,5.62724512225344,18.4651233679019,56,100,0.217976478975032,-0.591845344274662,68,0,13.68926,50,0.4,0.6,40,"both",0.217976478975032,-0.591845344274662
"6773",28,2,0.0359521535211181,5.62724512225344,18.4651233679019,56,100,0.217976478975032,-0.591845344274662,68,1,3.8496081408,50,0.4,0.6,40,"both",0.217976478975032,-0.591845344274662
"6774",28,2,0.0359521535211181,5.62724512225344,18.4651233679019,56,100,0.217976478975032,-0.591845344274662,68,1,-13.3264,50,0.4,0.6,40,"both",0.217976478975032,-0.591845344274662
"6775",28,2,0.0359521535211181,5.62724512225344,18.4651233679019,56,100,0.217976478975032,-0.591845344274662,68,0,-19.96785,50,0.4,0.6,40,"both",0.217976478975032,-0.591845344274662
"6776",28,2,0.0359521535211181,5.62724512225344,18.4651233679019,56,100,0.217976478975032,-0.591845344274662,68,0,-18.04338,50,0.4,0.6,40,"both",0.217976478975032,-0.591845344274662
"6777",28,2,0.0359521535211181,5.62724512225344,18.4651233679019,56,100,0.217976478975032,-0.591845344274662,68,0,-3.03432,50,0.4,0.6,40,"both",0.217976478975032,-0.591845344274662
"6778",28,2,0.0359521535211181,5.62724512225344,18.4651233679019,56,100,0.217976478975032,-0.591845344274662,68,0,-27.072585,50,0.4,0.6,40,"both",0.217976478975032,-0.591845344274662
"6779",28,2,0.0359521535211181,5.62724512225344,18.4651233679019,56,100,0.217976478975032,-0.591845344274662,68,1,33.62423,50,0.4,0.6,40,"both",0.217976478975032,-0.591845344274662
"6780",28,2,0.0359521535211181,5.62724512225344,18.4651233679019,56,100,0.217976478975032,-0.591845344274662,68,0,-36.7334,50,0.4,0.6,40,"both",0.217976478975032,-0.591845344274662
"6781",28,2,0.0359521535211181,5.62724512225344,18.4651233679019,56,100,0.217976478975032,-0.591845344274662,68,1,-8.80777,50,0.4,0.6,40,"both",0.217976478975032,-0.591845344274662
"6782",28,2,0.0359521535211181,5.62724512225344,18.4651233679019,56,100,0.217976478975032,-0.591845344274662,68,1,42.21736,50,0.4,0.6,40,"both",0.217976478975032,-0.591845344274662
"6783",28,2,0.0359521535211181,5.62724512225344,18.4651233679019,56,100,0.217976478975032,-0.591845344274662,68,1,19.17815,50,0.4,0.6,40,"both",0.217976478975032,-0.591845344274662
"6784",28,2,0.0359521535211181,5.62724512225344,18.4651233679019,56,100,0.217976478975032,-0.591845344274662,68,1,-10.59722,50,0.4,0.6,40,"both",0.217976478975032,-0.591845344274662
"6785",28,2,0.0359521535211181,5.62724512225344,18.4651233679019,56,100,0.217976478975032,-0.591845344274662,68,1,1.47497650023,50,0.4,0.6,40,"both",0.217976478975032,-0.591845344274662
"6786",28,2,0.0359521535211181,5.62724512225344,18.4651233679019,56,100,0.217976478975032,-0.591845344274662,68,1,14.48938,50,0.4,0.6,40,"both",0.217976478975032,-0.591845344274662
"6787",28,2,0.0359521535211181,5.62724512225344,18.4651233679019,56,100,0.217976478975032,-0.591845344274662,68,1,18.9381,50,0.4,0.6,40,"both",0.217976478975032,-0.591845344274662
"6788",28,2,0.0359521535211181,5.62724512225344,18.4651233679019,56,100,0.217976478975032,-0.591845344274662,68,1,34.307355,50,0.4,0.6,40,"both",0.217976478975032,-0.591845344274662
"6789",28,2,0.0359521535211181,5.62724512225344,18.4651233679019,56,100,0.217976478975032,-0.591845344274662,68,1,-29.4795621,50,0.4,0.6,40,"both",0.217976478975032,-0.591845344274662
"6790",28,2,0.0359521535211181,5.62724512225344,18.4651233679019,56,100,0.217976478975032,-0.591845344274662,68,1,25.8349,50,0.4,0.6,40,"both",0.217976478975032,-0.591845344274662
"6791",28,2,0.0359521535211181,5.62724512225344,18.4651233679019,56,100,0.217976478975032,-0.591845344274662,68,0,-33.8904,50,0.4,0.6,40,"both",0.217976478975032,-0.591845344274662
"6792",28,2,0.0359521535211181,5.62724512225344,18.4651233679019,56,100,0.217976478975032,-0.591845344274662,68,0,-23.68111,50,0.4,0.6,40,"both",0.217976478975032,-0.591845344274662
"6793",28,2,0.0359521535211181,5.62724512225344,18.4651233679019,56,100,0.217976478975032,-0.591845344274662,68,1,-13.96931,50,0.4,0.6,40,"both",0.217976478975032,-0.591845344274662
"6794",28,2,0.0359521535211181,5.62724512225344,18.4651233679019,56,100,0.217976478975032,-0.591845344274662,68,0,8.2848007,50,0.4,0.6,40,"both",0.217976478975032,-0.591845344274662
"6795",28,2,0.0359521535211181,5.62724512225344,18.4651233679019,56,100,0.217976478975032,-0.591845344274662,68,0,-26.51723,50,0.4,0.6,40,"both",0.217976478975032,-0.591845344274662
"6796",28,2,0.0359521535211181,5.62724512225344,18.4651233679019,56,100,0.217976478975032,-0.591845344274662,68,0,26.439616,50,0.4,0.6,40,"both",0.217976478975032,-0.591845344274662
"6797",28,2,0.0359521535211181,5.62724512225344,18.4651233679019,56,100,0.217976478975032,-0.591845344274662,68,1,11.0158,50,0.4,0.6,40,"both",0.217976478975032,-0.591845344274662
"6798",28,2,0.0359521535211181,5.62724512225344,18.4651233679019,56,100,0.217976478975032,-0.591845344274662,68,0,-20.27093,50,0.4,0.6,40,"both",0.217976478975032,-0.591845344274662
"6799",28,2,0.0359521535211181,5.62724512225344,18.4651233679019,56,100,0.217976478975032,-0.591845344274662,68,0,-7.16789,50,0.4,0.6,40,"both",0.217976478975032,-0.591845344274662
"6800",28,2,0.0359521535211181,5.62724512225344,18.4651233679019,56,100,0.217976478975032,-0.591845344274662,68,1,13.74456,50,0.4,0.6,40,"both",0.217976478975032,-0.591845344274662
"6801",29,2,0.0227985893904866,11.6243739417364,8.74356030116274,58,100,0.217976478975032,-0.591845344274662,69,1,9.7659454933,50,0.4,0.6,40,"both",0.217976478975032,-0.591845344274662
"6802",29,2,0.0227985893904866,11.6243739417364,8.74356030116274,58,100,0.217976478975032,-0.591845344274662,69,0,-6.5922001923,50,0.4,0.6,40,"both",0.217976478975032,-0.591845344274662
"6803",29,2,0.0227985893904866,11.6243739417364,8.74356030116274,58,100,0.217976478975032,-0.591845344274662,69,0,2.52074120371,50,0.4,0.6,40,"both",0.217976478975032,-0.591845344274662
"6804",29,2,0.0227985893904866,11.6243739417364,8.74356030116274,58,100,0.217976478975032,-0.591845344274662,69,0,5.9239109889,50,0.4,0.6,40,"both",0.217976478975032,-0.591845344274662
"6805",29,2,0.0227985893904866,11.6243739417364,8.74356030116274,58,100,0.217976478975032,-0.591845344274662,69,1,37.15348,50,0.4,0.6,40,"both",0.217976478975032,-0.591845344274662
"6806",29,2,0.0227985893904866,11.6243739417364,8.74356030116274,58,100,0.217976478975032,-0.591845344274662,69,0,-2.338205,50,0.4,0.6,40,"both",0.217976478975032,-0.591845344274662
"6807",29,2,0.0227985893904866,11.6243739417364,8.74356030116274,58,100,0.217976478975032,-0.591845344274662,69,0,14.77204,50,0.4,0.6,40,"both",0.217976478975032,-0.591845344274662
"6808",29,2,0.0227985893904866,11.6243739417364,8.74356030116274,58,100,0.217976478975032,-0.591845344274662,69,0,-18.5531,50,0.4,0.6,40,"both",0.217976478975032,-0.591845344274662
"6809",29,2,0.0227985893904866,11.6243739417364,8.74356030116274,58,100,0.217976478975032,-0.591845344274662,69,0,-0.881180000000001,50,0.4,0.6,40,"both",0.217976478975032,-0.591845344274662
"6810",29,2,0.0227985893904866,11.6243739417364,8.74356030116274,58,100,0.217976478975032,-0.591845344274662,69,0,-2.17124,50,0.4,0.6,40,"both",0.217976478975032,-0.591845344274662
"6811",29,2,0.0227985893904866,11.6243739417364,8.74356030116274,58,100,0.217976478975032,-0.591845344274662,69,1,19.532637188,50,0.4,0.6,40,"both",0.217976478975032,-0.591845344274662
"6812",29,2,0.0227985893904866,11.6243739417364,8.74356030116274,58,100,0.217976478975032,-0.591845344274662,69,0,9.80767,50,0.4,0.6,40,"both",0.217976478975032,-0.591845344274662
"6813",29,2,0.0227985893904866,11.6243739417364,8.74356030116274,58,100,0.217976478975032,-0.591845344274662,69,1,15.36974,50,0.4,0.6,40,"both",0.217976478975032,-0.591845344274662
"6814",29,2,0.0227985893904866,11.6243739417364,8.74356030116274,58,100,0.217976478975032,-0.591845344274662,69,0,4.00899,50,0.4,0.6,40,"both",0.217976478975032,-0.591845344274662
"6815",29,2,0.0227985893904866,11.6243739417364,8.74356030116274,58,100,0.217976478975032,-0.591845344274662,69,1,31.52957,50,0.4,0.6,40,"both",0.217976478975032,-0.591845344274662
"6816",29,2,0.0227985893904866,11.6243739417364,8.74356030116274,58,100,0.217976478975032,-0.591845344274662,69,1,27.3558,50,0.4,0.6,40,"both",0.217976478975032,-0.591845344274662
"6817",29,2,0.0227985893904866,11.6243739417364,8.74356030116274,58,100,0.217976478975032,-0.591845344274662,69,1,17.52351,50,0.4,0.6,40,"both",0.217976478975032,-0.591845344274662
"6818",29,2,0.0227985893904866,11.6243739417364,8.74356030116274,58,100,0.217976478975032,-0.591845344274662,69,0,2.96415,50,0.4,0.6,40,"both",0.217976478975032,-0.591845344274662
"6819",29,2,0.0227985893904866,11.6243739417364,8.74356030116274,58,100,0.217976478975032,-0.591845344274662,69,0,20.47183,50,0.4,0.6,40,"both",0.217976478975032,-0.591845344274662
"6820",29,2,0.0227985893904866,11.6243739417364,8.74356030116274,58,100,0.217976478975032,-0.591845344274662,69,0,15.25857,50,0.4,0.6,40,"both",0.217976478975032,-0.591845344274662
"6821",29,2,0.0227985893904866,11.6243739417364,8.74356030116274,58,100,0.217976478975032,-0.591845344274662,69,1,23.41197,50,0.4,0.6,40,"both",0.217976478975032,-0.591845344274662
"6822",29,2,0.0227985893904866,11.6243739417364,8.74356030116274,58,100,0.217976478975032,-0.591845344274662,69,1,9.6017,50,0.4,0.6,40,"both",0.217976478975032,-0.591845344274662
"6823",29,2,0.0227985893904866,11.6243739417364,8.74356030116274,58,100,0.217976478975032,-0.591845344274662,69,1,28.65531,50,0.4,0.6,40,"both",0.217976478975032,-0.591845344274662
"6824",29,2,0.0227985893904866,11.6243739417364,8.74356030116274,58,100,0.217976478975032,-0.591845344274662,69,0,6.87804,50,0.4,0.6,40,"both",0.217976478975032,-0.591845344274662
"6825",29,2,0.0227985893904866,11.6243739417364,8.74356030116274,58,100,0.217976478975032,-0.591845344274662,69,0,22.48764,50,0.4,0.6,40,"both",0.217976478975032,-0.591845344274662
"6826",29,2,0.0227985893904866,11.6243739417364,8.74356030116274,58,100,0.217976478975032,-0.591845344274662,69,1,24.22874,50,0.4,0.6,40,"both",0.217976478975032,-0.591845344274662
"6827",29,2,0.0227985893904866,11.6243739417364,8.74356030116274,58,100,0.217976478975032,-0.591845344274662,69,1,23.18557,50,0.4,0.6,40,"both",0.217976478975032,-0.591845344274662
"6828",29,2,0.0227985893904866,11.6243739417364,8.74356030116274,58,100,0.217976478975032,-0.591845344274662,69,1,26.5489,50,0.4,0.6,40,"both",0.217976478975032,-0.591845344274662
"6829",29,2,0.0227985893904866,11.6243739417364,8.74356030116274,58,100,0.217976478975032,-0.591845344274662,69,0,-9.2366,50,0.4,0.6,40,"both",0.217976478975032,-0.591845344274662
"6830",29,2,0.0227985893904866,11.6243739417364,8.74356030116274,58,100,0.217976478975032,-0.591845344274662,69,0,13.29645,50,0.4,0.6,40,"both",0.217976478975032,-0.591845344274662
"6831",29,2,0.0227985893904866,11.6243739417364,8.74356030116274,58,100,0.217976478975032,-0.591845344274662,69,0,6.23672,50,0.4,0.6,40,"both",0.217976478975032,-0.591845344274662
"6832",29,2,0.0227985893904866,11.6243739417364,8.74356030116274,58,100,0.217976478975032,-0.591845344274662,69,0,0.974509999999999,50,0.4,0.6,40,"both",0.217976478975032,-0.591845344274662
"6833",29,2,0.0227985893904866,11.6243739417364,8.74356030116274,58,100,0.217976478975032,-0.591845344274662,69,1,22.14043,50,0.4,0.6,40,"both",0.217976478975032,-0.591845344274662
"6834",29,2,0.0227985893904866,11.6243739417364,8.74356030116274,58,100,0.217976478975032,-0.591845344274662,69,1,21.6115,50,0.4,0.6,40,"both",0.217976478975032,-0.591845344274662
"6835",29,2,0.0227985893904866,11.6243739417364,8.74356030116274,58,100,0.217976478975032,-0.591845344274662,69,1,20.28154,50,0.4,0.6,40,"both",0.217976478975032,-0.591845344274662
"6836",29,2,0.0227985893904866,11.6243739417364,8.74356030116274,58,100,0.217976478975032,-0.591845344274662,69,1,25.55533,50,0.4,0.6,40,"both",0.217976478975032,-0.591845344274662
"6837",29,2,0.0227985893904866,11.6243739417364,8.74356030116274,58,100,0.217976478975032,-0.591845344274662,69,1,23.99541,50,0.4,0.6,40,"both",0.217976478975032,-0.591845344274662
"6838",29,2,0.0227985893904866,11.6243739417364,8.74356030116274,58,100,0.217976478975032,-0.591845344274662,69,0,7.26396,50,0.4,0.6,40,"both",0.217976478975032,-0.591845344274662
"6839",29,2,0.0227985893904866,11.6243739417364,8.74356030116274,58,100,0.217976478975032,-0.591845344274662,69,1,7.0016,50,0.4,0.6,40,"both",0.217976478975032,-0.591845344274662
"6840",29,2,0.0227985893904866,11.6243739417364,8.74356030116274,58,100,0.217976478975032,-0.591845344274662,69,1,8.58935,50,0.4,0.6,40,"both",0.217976478975032,-0.591845344274662
"6841",29,2,0.0227985893904866,11.6243739417364,8.74356030116274,58,100,0.217976478975032,-0.591845344274662,69,1,3.9228,50,0.4,0.6,40,"both",0.217976478975032,-0.591845344274662
"6842",29,2,0.0227985893904866,11.6243739417364,8.74356030116274,58,100,0.217976478975032,-0.591845344274662,69,0,22.88792,50,0.4,0.6,40,"both",0.217976478975032,-0.591845344274662
"6843",29,2,0.0227985893904866,11.6243739417364,8.74356030116274,58,100,0.217976478975032,-0.591845344274662,69,1,21.41987,50,0.4,0.6,40,"both",0.217976478975032,-0.591845344274662
"6844",29,2,0.0227985893904866,11.6243739417364,8.74356030116274,58,100,0.217976478975032,-0.591845344274662,69,0,0.562900000000001,50,0.4,0.6,40,"both",0.217976478975032,-0.591845344274662
"6845",29,2,0.0227985893904866,11.6243739417364,8.74356030116274,58,100,0.217976478975032,-0.591845344274662,69,1,3.09607,50,0.4,0.6,40,"both",0.217976478975032,-0.591845344274662
"6846",29,2,0.0227985893904866,11.6243739417364,8.74356030116274,58,100,0.217976478975032,-0.591845344274662,69,0,-0.4024,50,0.4,0.6,40,"both",0.217976478975032,-0.591845344274662
"6847",29,2,0.0227985893904866,11.6243739417364,8.74356030116274,58,100,0.217976478975032,-0.591845344274662,69,0,-2.4473,50,0.4,0.6,40,"both",0.217976478975032,-0.591845344274662
"6848",29,2,0.0227985893904866,11.6243739417364,8.74356030116274,58,100,0.217976478975032,-0.591845344274662,69,1,2.9302,50,0.4,0.6,40,"both",0.217976478975032,-0.591845344274662
"6849",29,2,0.0227985893904866,11.6243739417364,8.74356030116274,58,100,0.217976478975032,-0.591845344274662,69,0,-9.0029,50,0.4,0.6,40,"both",0.217976478975032,-0.591845344274662
"6850",29,2,0.0227985893904866,11.6243739417364,8.74356030116274,58,100,0.217976478975032,-0.591845344274662,69,0,-11.10363,50,0.4,0.6,40,"both",0.217976478975032,-0.591845344274662
"6851",29,2,0.0227985893904866,11.6243739417364,8.74356030116274,58,100,0.217976478975032,-0.591845344274662,69,1,25.00323,50,0.4,0.6,40,"both",0.217976478975032,-0.591845344274662
"6852",29,2,0.0227985893904866,11.6243739417364,8.74356030116274,58,100,0.217976478975032,-0.591845344274662,69,0,23.4747,50,0.4,0.6,40,"both",0.217976478975032,-0.591845344274662
"6853",29,2,0.0227985893904866,11.6243739417364,8.74356030116274,58,100,0.217976478975032,-0.591845344274662,69,0,6.44737,50,0.4,0.6,40,"both",0.217976478975032,-0.591845344274662
"6854",29,2,0.0227985893904866,11.6243739417364,8.74356030116274,58,100,0.217976478975032,-0.591845344274662,69,1,31.5874,50,0.4,0.6,40,"both",0.217976478975032,-0.591845344274662
"6855",29,2,0.0227985893904866,11.6243739417364,8.74356030116274,58,100,0.217976478975032,-0.591845344274662,69,0,4.59175,50,0.4,0.6,40,"both",0.217976478975032,-0.591845344274662
"6856",29,2,0.0227985893904866,11.6243739417364,8.74356030116274,58,100,0.217976478975032,-0.591845344274662,69,1,5.39432,50,0.4,0.6,40,"both",0.217976478975032,-0.591845344274662
"6857",29,2,0.0227985893904866,11.6243739417364,8.74356030116274,58,100,0.217976478975032,-0.591845344274662,69,1,22.4876,50,0.4,0.6,40,"both",0.217976478975032,-0.591845344274662
"6858",29,2,0.0227985893904866,11.6243739417364,8.74356030116274,58,100,0.217976478975032,-0.591845344274662,69,0,-8.14214,50,0.4,0.6,40,"both",0.217976478975032,-0.591845344274662
"6859",29,2,0.0227985893904866,11.6243739417364,8.74356030116274,58,100,0.217976478975032,-0.591845344274662,69,1,2.5874,50,0.4,0.6,40,"both",0.217976478975032,-0.591845344274662
"6860",29,2,0.0227985893904866,11.6243739417364,8.74356030116274,58,100,0.217976478975032,-0.591845344274662,69,0,-9.59906,50,0.4,0.6,40,"both",0.217976478975032,-0.591845344274662
"6861",29,2,0.0227985893904866,11.6243739417364,8.74356030116274,58,100,0.217976478975032,-0.591845344274662,69,0,21.8406,50,0.4,0.6,40,"both",0.217976478975032,-0.591845344274662
"6862",29,2,0.0227985893904866,11.6243739417364,8.74356030116274,58,100,0.217976478975032,-0.591845344274662,69,0,4.55119,50,0.4,0.6,40,"both",0.217976478975032,-0.591845344274662
"6863",29,2,0.0227985893904866,11.6243739417364,8.74356030116274,58,100,0.217976478975032,-0.591845344274662,69,1,30.074,50,0.4,0.6,40,"both",0.217976478975032,-0.591845344274662
"6864",29,2,0.0227985893904866,11.6243739417364,8.74356030116274,58,100,0.217976478975032,-0.591845344274662,69,1,44.0453,50,0.4,0.6,40,"both",0.217976478975032,-0.591845344274662
"6865",29,2,0.0227985893904866,11.6243739417364,8.74356030116274,58,100,0.217976478975032,-0.591845344274662,69,1,22.16782,50,0.4,0.6,40,"both",0.217976478975032,-0.591845344274662
"6866",29,2,0.0227985893904866,11.6243739417364,8.74356030116274,58,100,0.217976478975032,-0.591845344274662,69,0,-3.8195,50,0.4,0.6,40,"both",0.217976478975032,-0.591845344274662
"6867",29,2,0.0227985893904866,11.6243739417364,8.74356030116274,58,100,0.217976478975032,-0.591845344274662,69,1,27.6477,50,0.4,0.6,40,"both",0.217976478975032,-0.591845344274662
"6868",29,2,0.0227985893904866,11.6243739417364,8.74356030116274,58,100,0.217976478975032,-0.591845344274662,69,1,15.78537,50,0.4,0.6,40,"both",0.217976478975032,-0.591845344274662
"6869",29,2,0.0227985893904866,11.6243739417364,8.74356030116274,58,100,0.217976478975032,-0.591845344274662,69,0,0.569100000000001,50,0.4,0.6,40,"both",0.217976478975032,-0.591845344274662
"6870",29,2,0.0227985893904866,11.6243739417364,8.74356030116274,58,100,0.217976478975032,-0.591845344274662,69,0,4.75747,50,0.4,0.6,40,"both",0.217976478975032,-0.591845344274662
"6871",29,2,0.0227985893904866,11.6243739417364,8.74356030116274,58,100,0.217976478975032,-0.591845344274662,69,1,25.1838,50,0.4,0.6,40,"both",0.217976478975032,-0.591845344274662
"6872",29,2,0.0227985893904866,11.6243739417364,8.74356030116274,58,100,0.217976478975032,-0.591845344274662,69,0,16.34413,50,0.4,0.6,40,"both",0.217976478975032,-0.591845344274662
"6873",29,2,0.0227985893904866,11.6243739417364,8.74356030116274,58,100,0.217976478975032,-0.591845344274662,69,0,5.4194,50,0.4,0.6,40,"both",0.217976478975032,-0.591845344274662
"6874",29,2,0.0227985893904866,11.6243739417364,8.74356030116274,58,100,0.217976478975032,-0.591845344274662,69,0,2.86166,50,0.4,0.6,40,"both",0.217976478975032,-0.591845344274662
"6875",29,2,0.0227985893904866,11.6243739417364,8.74356030116274,58,100,0.217976478975032,-0.591845344274662,69,1,28.06553,50,0.4,0.6,40,"both",0.217976478975032,-0.591845344274662
"6876",29,2,0.0227985893904866,11.6243739417364,8.74356030116274,58,100,0.217976478975032,-0.591845344274662,69,0,0.372299999999999,50,0.4,0.6,40,"both",0.217976478975032,-0.591845344274662
"6877",29,2,0.0227985893904866,11.6243739417364,8.74356030116274,58,100,0.217976478975032,-0.591845344274662,69,0,-0.5783,50,0.4,0.6,40,"both",0.217976478975032,-0.591845344274662
"6878",29,2,0.0227985893904866,11.6243739417364,8.74356030116274,58,100,0.217976478975032,-0.591845344274662,69,0,-0.424799999999999,50,0.4,0.6,40,"both",0.217976478975032,-0.591845344274662
"6879",29,2,0.0227985893904866,11.6243739417364,8.74356030116274,58,100,0.217976478975032,-0.591845344274662,69,1,23.2721,50,0.4,0.6,40,"both",0.217976478975032,-0.591845344274662
"6880",29,2,0.0227985893904866,11.6243739417364,8.74356030116274,58,100,0.217976478975032,-0.591845344274662,69,0,0.6168,50,0.4,0.6,40,"both",0.217976478975032,-0.591845344274662
"6881",29,2,0.0227985893904866,11.6243739417364,8.74356030116274,58,100,0.217976478975032,-0.591845344274662,69,1,25.5149,50,0.4,0.6,40,"both",0.217976478975032,-0.591845344274662
"6882",29,2,0.0227985893904866,11.6243739417364,8.74356030116274,58,100,0.217976478975032,-0.591845344274662,69,1,22.4359,50,0.4,0.6,40,"both",0.217976478975032,-0.591845344274662
"6883",29,2,0.0227985893904866,11.6243739417364,8.74356030116274,58,100,0.217976478975032,-0.591845344274662,69,1,19.99227,50,0.4,0.6,40,"both",0.217976478975032,-0.591845344274662
"6884",29,2,0.0227985893904866,11.6243739417364,8.74356030116274,58,100,0.217976478975032,-0.591845344274662,69,1,20.91391,50,0.4,0.6,40,"both",0.217976478975032,-0.591845344274662
"6885",29,2,0.0227985893904866,11.6243739417364,8.74356030116274,58,100,0.217976478975032,-0.591845344274662,69,1,18.57562,50,0.4,0.6,40,"both",0.217976478975032,-0.591845344274662
"6886",29,2,0.0227985893904866,11.6243739417364,8.74356030116274,58,100,0.217976478975032,-0.591845344274662,69,1,27.3234,50,0.4,0.6,40,"both",0.217976478975032,-0.591845344274662
"6887",29,2,0.0227985893904866,11.6243739417364,8.74356030116274,58,100,0.217976478975032,-0.591845344274662,69,0,2.9622,50,0.4,0.6,40,"both",0.217976478975032,-0.591845344274662
"6888",29,2,0.0227985893904866,11.6243739417364,8.74356030116274,58,100,0.217976478975032,-0.591845344274662,69,0,0.137359999999999,50,0.4,0.6,40,"both",0.217976478975032,-0.591845344274662
"6889",29,2,0.0227985893904866,11.6243739417364,8.74356030116274,58,100,0.217976478975032,-0.591845344274662,69,0,0.866100000000001,50,0.4,0.6,40,"both",0.217976478975032,-0.591845344274662
"6890",29,2,0.0227985893904866,11.6243739417364,8.74356030116274,58,100,0.217976478975032,-0.591845344274662,69,0,16.93051,50,0.4,0.6,40,"both",0.217976478975032,-0.591845344274662
"6891",29,2,0.0227985893904866,11.6243739417364,8.74356030116274,58,100,0.217976478975032,-0.591845344274662,69,1,25.6844,50,0.4,0.6,40,"both",0.217976478975032,-0.591845344274662
"6892",29,2,0.0227985893904866,11.6243739417364,8.74356030116274,58,100,0.217976478975032,-0.591845344274662,69,1,19.51078,50,0.4,0.6,40,"both",0.217976478975032,-0.591845344274662
"6893",29,2,0.0227985893904866,11.6243739417364,8.74356030116274,58,100,0.217976478975032,-0.591845344274662,69,0,23.7374,50,0.4,0.6,40,"both",0.217976478975032,-0.591845344274662
"6894",29,2,0.0227985893904866,11.6243739417364,8.74356030116274,58,100,0.217976478975032,-0.591845344274662,69,0,4.74477,50,0.4,0.6,40,"both",0.217976478975032,-0.591845344274662
"6895",29,2,0.0227985893904866,11.6243739417364,8.74356030116274,58,100,0.217976478975032,-0.591845344274662,69,1,26.1948,50,0.4,0.6,40,"both",0.217976478975032,-0.591845344274662
"6896",29,2,0.0227985893904866,11.6243739417364,8.74356030116274,58,100,0.217976478975032,-0.591845344274662,69,1,0.978530000000001,50,0.4,0.6,40,"both",0.217976478975032,-0.591845344274662
"6897",29,2,0.0227985893904866,11.6243739417364,8.74356030116274,58,100,0.217976478975032,-0.591845344274662,69,1,26.9234,50,0.4,0.6,40,"both",0.217976478975032,-0.591845344274662
"6898",29,2,0.0227985893904866,11.6243739417364,8.74356030116274,58,100,0.217976478975032,-0.591845344274662,69,0,5.50732,50,0.4,0.6,40,"both",0.217976478975032,-0.591845344274662
"6899",29,2,0.0227985893904866,11.6243739417364,8.74356030116274,58,100,0.217976478975032,-0.591845344274662,69,1,25.6464,50,0.4,0.6,40,"both",0.217976478975032,-0.591845344274662
"6900",29,2,0.0227985893904866,11.6243739417364,8.74356030116274,58,100,0.217976478975032,-0.591845344274662,69,0,2.85402,50,0.4,0.6,40,"both",0.217976478975032,-0.591845344274662
"6901",30,2,0.0155764989729343,8.38205549369014,15.1153841721984,60,100,0.217976478975032,-0.591845344274662,70,1,9.42692963698,50,0.4,0.6,40,"both",0.217976478975032,-0.591845344274662
"6902",30,2,0.0155764989729343,8.38205549369014,15.1153841721984,60,100,0.217976478975032,-0.591845344274662,70,0,-5.79704037977,50,0.4,0.6,40,"both",0.217976478975032,-0.591845344274662
"6903",30,2,0.0155764989729343,8.38205549369014,15.1153841721984,60,100,0.217976478975032,-0.591845344274662,70,1,0.21008182992,50,0.4,0.6,40,"both",0.217976478975032,-0.591845344274662
"6904",30,2,0.0155764989729343,8.38205549369014,15.1153841721984,60,100,0.217976478975032,-0.591845344274662,70,1,-1.1873992232,50,0.4,0.6,40,"both",0.217976478975032,-0.591845344274662
"6905",30,2,0.0155764989729343,8.38205549369014,15.1153841721984,60,100,0.217976478975032,-0.591845344274662,70,0,-7.11571,50,0.4,0.6,40,"both",0.217976478975032,-0.591845344274662
"6906",30,2,0.0155764989729343,8.38205549369014,15.1153841721984,60,100,0.217976478975032,-0.591845344274662,70,0,-4.40411,50,0.4,0.6,40,"both",0.217976478975032,-0.591845344274662
"6907",30,2,0.0155764989729343,8.38205549369014,15.1153841721984,60,100,0.217976478975032,-0.591845344274662,70,1,0.10138,50,0.4,0.6,40,"both",0.217976478975032,-0.591845344274662
"6908",30,2,0.0155764989729343,8.38205549369014,15.1153841721984,60,100,0.217976478975032,-0.591845344274662,70,0,0.24713,50,0.4,0.6,40,"both",0.217976478975032,-0.591845344274662
"6909",30,2,0.0155764989729343,8.38205549369014,15.1153841721984,60,100,0.217976478975032,-0.591845344274662,70,0,-3.63496,50,0.4,0.6,40,"both",0.217976478975032,-0.591845344274662
"6910",30,2,0.0155764989729343,8.38205549369014,15.1153841721984,60,100,0.217976478975032,-0.591845344274662,70,0,-10.09757,50,0.4,0.6,40,"both",0.217976478975032,-0.591845344274662
"6911",30,2,0.0155764989729343,8.38205549369014,15.1153841721984,60,100,0.217976478975032,-0.591845344274662,70,0,-1.1936899,50,0.4,0.6,40,"both",0.217976478975032,-0.591845344274662
"6912",30,2,0.0155764989729343,8.38205549369014,15.1153841721984,60,100,0.217976478975032,-0.591845344274662,70,1,26.16308,50,0.4,0.6,40,"both",0.217976478975032,-0.591845344274662
"6913",30,2,0.0155764989729343,8.38205549369014,15.1153841721984,60,100,0.217976478975032,-0.591845344274662,70,1,25.91702,50,0.4,0.6,40,"both",0.217976478975032,-0.591845344274662
"6914",30,2,0.0155764989729343,8.38205549369014,15.1153841721984,60,100,0.217976478975032,-0.591845344274662,70,0,-15.20812,50,0.4,0.6,40,"both",0.217976478975032,-0.591845344274662
"6915",30,2,0.0155764989729343,8.38205549369014,15.1153841721984,60,100,0.217976478975032,-0.591845344274662,70,0,-5.90996,50,0.4,0.6,40,"both",0.217976478975032,-0.591845344274662
"6916",30,2,0.0155764989729343,8.38205549369014,15.1153841721984,60,100,0.217976478975032,-0.591845344274662,70,1,-3.73884,50,0.4,0.6,40,"both",0.217976478975032,-0.591845344274662
"6917",30,2,0.0155764989729343,8.38205549369014,15.1153841721984,60,100,0.217976478975032,-0.591845344274662,70,1,7.0491,50,0.4,0.6,40,"both",0.217976478975032,-0.591845344274662
"6918",30,2,0.0155764989729343,8.38205549369014,15.1153841721984,60,100,0.217976478975032,-0.591845344274662,70,0,7.03418,50,0.4,0.6,40,"both",0.217976478975032,-0.591845344274662
"6919",30,2,0.0155764989729343,8.38205549369014,15.1153841721984,60,100,0.217976478975032,-0.591845344274662,70,1,6.790522,50,0.4,0.6,40,"both",0.217976478975032,-0.591845344274662
"6920",30,2,0.0155764989729343,8.38205549369014,15.1153841721984,60,100,0.217976478975032,-0.591845344274662,70,0,-2.42813,50,0.4,0.6,40,"both",0.217976478975032,-0.591845344274662
"6921",30,2,0.0155764989729343,8.38205549369014,15.1153841721984,60,100,0.217976478975032,-0.591845344274662,70,0,-4.9521051,50,0.4,0.6,40,"both",0.217976478975032,-0.591845344274662
"6922",30,2,0.0155764989729343,8.38205549369014,15.1153841721984,60,100,0.217976478975032,-0.591845344274662,70,0,4.24124,50,0.4,0.6,40,"both",0.217976478975032,-0.591845344274662
"6923",30,2,0.0155764989729343,8.38205549369014,15.1153841721984,60,100,0.217976478975032,-0.591845344274662,70,0,3.983252,50,0.4,0.6,40,"both",0.217976478975032,-0.591845344274662
"6924",30,2,0.0155764989729343,8.38205549369014,15.1153841721984,60,100,0.217976478975032,-0.591845344274662,70,0,-1.57107,50,0.4,0.6,40,"both",0.217976478975032,-0.591845344274662
"6925",30,2,0.0155764989729343,8.38205549369014,15.1153841721984,60,100,0.217976478975032,-0.591845344274662,70,0,11.65572,50,0.4,0.6,40,"both",0.217976478975032,-0.591845344274662
"6926",30,2,0.0155764989729343,8.38205549369014,15.1153841721984,60,100,0.217976478975032,-0.591845344274662,70,1,11.659003,50,0.4,0.6,40,"both",0.217976478975032,-0.591845344274662
"6927",30,2,0.0155764989729343,8.38205549369014,15.1153841721984,60,100,0.217976478975032,-0.591845344274662,70,1,2.800461,50,0.4,0.6,40,"both",0.217976478975032,-0.591845344274662
"6928",30,2,0.0155764989729343,8.38205549369014,15.1153841721984,60,100,0.217976478975032,-0.591845344274662,70,1,22.00162,50,0.4,0.6,40,"both",0.217976478975032,-0.591845344274662
"6929",30,2,0.0155764989729343,8.38205549369014,15.1153841721984,60,100,0.217976478975032,-0.591845344274662,70,0,2.55688,50,0.4,0.6,40,"both",0.217976478975032,-0.591845344274662
"6930",30,2,0.0155764989729343,8.38205549369014,15.1153841721984,60,100,0.217976478975032,-0.591845344274662,70,0,21.39836,50,0.4,0.6,40,"both",0.217976478975032,-0.591845344274662
"6931",30,2,0.0155764989729343,8.38205549369014,15.1153841721984,60,100,0.217976478975032,-0.591845344274662,70,1,30.9092,50,0.4,0.6,40,"both",0.217976478975032,-0.591845344274662
"6932",30,2,0.0155764989729343,8.38205549369014,15.1153841721984,60,100,0.217976478975032,-0.591845344274662,70,0,7.0370072917,50,0.4,0.6,40,"both",0.217976478975032,-0.591845344274662
"6933",30,2,0.0155764989729343,8.38205549369014,15.1153841721984,60,100,0.217976478975032,-0.591845344274662,70,1,9.786339045,50,0.4,0.6,40,"both",0.217976478975032,-0.591845344274662
"6934",30,2,0.0155764989729343,8.38205549369014,15.1153841721984,60,100,0.217976478975032,-0.591845344274662,70,0,-9.14826,50,0.4,0.6,40,"both",0.217976478975032,-0.591845344274662
"6935",30,2,0.0155764989729343,8.38205549369014,15.1153841721984,60,100,0.217976478975032,-0.591845344274662,70,0,-8.6491,50,0.4,0.6,40,"both",0.217976478975032,-0.591845344274662
"6936",30,2,0.0155764989729343,8.38205549369014,15.1153841721984,60,100,0.217976478975032,-0.591845344274662,70,0,16.88615,50,0.4,0.6,40,"both",0.217976478975032,-0.591845344274662
"6937",30,2,0.0155764989729343,8.38205549369014,15.1153841721984,60,100,0.217976478975032,-0.591845344274662,70,0,-11.86095,50,0.4,0.6,40,"both",0.217976478975032,-0.591845344274662
"6938",30,2,0.0155764989729343,8.38205549369014,15.1153841721984,60,100,0.217976478975032,-0.591845344274662,70,1,19.29783,50,0.4,0.6,40,"both",0.217976478975032,-0.591845344274662
"6939",30,2,0.0155764989729343,8.38205549369014,15.1153841721984,60,100,0.217976478975032,-0.591845344274662,70,0,-9.46869,50,0.4,0.6,40,"both",0.217976478975032,-0.591845344274662
"6940",30,2,0.0155764989729343,8.38205549369014,15.1153841721984,60,100,0.217976478975032,-0.591845344274662,70,1,11.94362,50,0.4,0.6,40,"both",0.217976478975032,-0.591845344274662
"6941",30,2,0.0155764989729343,8.38205549369014,15.1153841721984,60,100,0.217976478975032,-0.591845344274662,70,1,-2.10783,50,0.4,0.6,40,"both",0.217976478975032,-0.591845344274662
"6942",30,2,0.0155764989729343,8.38205549369014,15.1153841721984,60,100,0.217976478975032,-0.591845344274662,70,1,15.53474,50,0.4,0.6,40,"both",0.217976478975032,-0.591845344274662
"6943",30,2,0.0155764989729343,8.38205549369014,15.1153841721984,60,100,0.217976478975032,-0.591845344274662,70,0,20.6224,50,0.4,0.6,40,"both",0.217976478975032,-0.591845344274662
"6944",30,2,0.0155764989729343,8.38205549369014,15.1153841721984,60,100,0.217976478975032,-0.591845344274662,70,1,26.06825,50,0.4,0.6,40,"both",0.217976478975032,-0.591845344274662
"6945",30,2,0.0155764989729343,8.38205549369014,15.1153841721984,60,100,0.217976478975032,-0.591845344274662,70,0,-4.74008,50,0.4,0.6,40,"both",0.217976478975032,-0.591845344274662
"6946",30,2,0.0155764989729343,8.38205549369014,15.1153841721984,60,100,0.217976478975032,-0.591845344274662,70,1,9.12945,50,0.4,0.6,40,"both",0.217976478975032,-0.591845344274662
"6947",30,2,0.0155764989729343,8.38205549369014,15.1153841721984,60,100,0.217976478975032,-0.591845344274662,70,0,-2.39321,50,0.4,0.6,40,"both",0.217976478975032,-0.591845344274662
"6948",30,2,0.0155764989729343,8.38205549369014,15.1153841721984,60,100,0.217976478975032,-0.591845344274662,70,0,-18.87103,50,0.4,0.6,40,"both",0.217976478975032,-0.591845344274662
"6949",30,2,0.0155764989729343,8.38205549369014,15.1153841721984,60,100,0.217976478975032,-0.591845344274662,70,0,13.12363,50,0.4,0.6,40,"both",0.217976478975032,-0.591845344274662
"6950",30,2,0.0155764989729343,8.38205549369014,15.1153841721984,60,100,0.217976478975032,-0.591845344274662,70,0,-8.73331,50,0.4,0.6,40,"both",0.217976478975032,-0.591845344274662
"6951",30,2,0.0155764989729343,8.38205549369014,15.1153841721984,60,100,0.217976478975032,-0.591845344274662,70,0,-11.4498,50,0.4,0.6,40,"both",0.217976478975032,-0.591845344274662
"6952",30,2,0.0155764989729343,8.38205549369014,15.1153841721984,60,100,0.217976478975032,-0.591845344274662,70,1,18.89571,50,0.4,0.6,40,"both",0.217976478975032,-0.591845344274662
"6953",30,2,0.0155764989729343,8.38205549369014,15.1153841721984,60,100,0.217976478975032,-0.591845344274662,70,0,-5.749,50,0.4,0.6,40,"both",0.217976478975032,-0.591845344274662
"6954",30,2,0.0155764989729343,8.38205549369014,15.1153841721984,60,100,0.217976478975032,-0.591845344274662,70,1,23.85437,50,0.4,0.6,40,"both",0.217976478975032,-0.591845344274662
"6955",30,2,0.0155764989729343,8.38205549369014,15.1153841721984,60,100,0.217976478975032,-0.591845344274662,70,1,10.54325,50,0.4,0.6,40,"both",0.217976478975032,-0.591845344274662
"6956",30,2,0.0155764989729343,8.38205549369014,15.1153841721984,60,100,0.217976478975032,-0.591845344274662,70,0,-8.77729,50,0.4,0.6,40,"both",0.217976478975032,-0.591845344274662
"6957",30,2,0.0155764989729343,8.38205549369014,15.1153841721984,60,100,0.217976478975032,-0.591845344274662,70,0,18.49538,50,0.4,0.6,40,"both",0.217976478975032,-0.591845344274662
"6958",30,2,0.0155764989729343,8.38205549369014,15.1153841721984,60,100,0.217976478975032,-0.591845344274662,70,1,12.63684,50,0.4,0.6,40,"both",0.217976478975032,-0.591845344274662
"6959",30,2,0.0155764989729343,8.38205549369014,15.1153841721984,60,100,0.217976478975032,-0.591845344274662,70,1,16.49907,50,0.4,0.6,40,"both",0.217976478975032,-0.591845344274662
"6960",30,2,0.0155764989729343,8.38205549369014,15.1153841721984,60,100,0.217976478975032,-0.591845344274662,70,1,30.76431,50,0.4,0.6,40,"both",0.217976478975032,-0.591845344274662
"6961",30,2,0.0155764989729343,8.38205549369014,15.1153841721984,60,100,0.217976478975032,-0.591845344274662,70,1,-0.470600000000001,50,0.4,0.6,40,"both",0.217976478975032,-0.591845344274662
"6962",30,2,0.0155764989729343,8.38205549369014,15.1153841721984,60,100,0.217976478975032,-0.591845344274662,70,1,23.52909,50,0.4,0.6,40,"both",0.217976478975032,-0.591845344274662
"6963",30,2,0.0155764989729343,8.38205549369014,15.1153841721984,60,100,0.217976478975032,-0.591845344274662,70,0,-6.15989,50,0.4,0.6,40,"both",0.217976478975032,-0.591845344274662
"6964",30,2,0.0155764989729343,8.38205549369014,15.1153841721984,60,100,0.217976478975032,-0.591845344274662,70,0,0.0536500000000011,50,0.4,0.6,40,"both",0.217976478975032,-0.591845344274662
"6965",30,2,0.0155764989729343,8.38205549369014,15.1153841721984,60,100,0.217976478975032,-0.591845344274662,70,0,-4.3586,50,0.4,0.6,40,"both",0.217976478975032,-0.591845344274662
"6966",30,2,0.0155764989729343,8.38205549369014,15.1153841721984,60,100,0.217976478975032,-0.591845344274662,70,0,-3.15524,50,0.4,0.6,40,"both",0.217976478975032,-0.591845344274662
"6967",30,2,0.0155764989729343,8.38205549369014,15.1153841721984,60,100,0.217976478975032,-0.591845344274662,70,1,37.66878,50,0.4,0.6,40,"both",0.217976478975032,-0.591845344274662
"6968",30,2,0.0155764989729343,8.38205549369014,15.1153841721984,60,100,0.217976478975032,-0.591845344274662,70,1,25.47858,50,0.4,0.6,40,"both",0.217976478975032,-0.591845344274662
"6969",30,2,0.0155764989729343,8.38205549369014,15.1153841721984,60,100,0.217976478975032,-0.591845344274662,70,1,19.15915,50,0.4,0.6,40,"both",0.217976478975032,-0.591845344274662
"6970",30,2,0.0155764989729343,8.38205549369014,15.1153841721984,60,100,0.217976478975032,-0.591845344274662,70,1,18.69909,50,0.4,0.6,40,"both",0.217976478975032,-0.591845344274662
"6971",30,2,0.0155764989729343,8.38205549369014,15.1153841721984,60,100,0.217976478975032,-0.591845344274662,70,0,-3.82972,50,0.4,0.6,40,"both",0.217976478975032,-0.591845344274662
"6972",30,2,0.0155764989729343,8.38205549369014,15.1153841721984,60,100,0.217976478975032,-0.591845344274662,70,0,-9.19064,50,0.4,0.6,40,"both",0.217976478975032,-0.591845344274662
"6973",30,2,0.0155764989729343,8.38205549369014,15.1153841721984,60,100,0.217976478975032,-0.591845344274662,70,1,0.0636399999999995,50,0.4,0.6,40,"both",0.217976478975032,-0.591845344274662
"6974",30,2,0.0155764989729343,8.38205549369014,15.1153841721984,60,100,0.217976478975032,-0.591845344274662,70,1,14.11839,50,0.4,0.6,40,"both",0.217976478975032,-0.591845344274662
"6975",30,2,0.0155764989729343,8.38205549369014,15.1153841721984,60,100,0.217976478975032,-0.591845344274662,70,0,16.48833,50,0.4,0.6,40,"both",0.217976478975032,-0.591845344274662
"6976",30,2,0.0155764989729343,8.38205549369014,15.1153841721984,60,100,0.217976478975032,-0.591845344274662,70,0,-5.52196,50,0.4,0.6,40,"both",0.217976478975032,-0.591845344274662
"6977",30,2,0.0155764989729343,8.38205549369014,15.1153841721984,60,100,0.217976478975032,-0.591845344274662,70,1,20.24642,50,0.4,0.6,40,"both",0.217976478975032,-0.591845344274662
"6978",30,2,0.0155764989729343,8.38205549369014,15.1153841721984,60,100,0.217976478975032,-0.591845344274662,70,0,5.62436,50,0.4,0.6,40,"both",0.217976478975032,-0.591845344274662
"6979",30,2,0.0155764989729343,8.38205549369014,15.1153841721984,60,100,0.217976478975032,-0.591845344274662,70,0,-4.82937,50,0.4,0.6,40,"both",0.217976478975032,-0.591845344274662
"6980",30,2,0.0155764989729343,8.38205549369014,15.1153841721984,60,100,0.217976478975032,-0.591845344274662,70,1,20.31434,50,0.4,0.6,40,"both",0.217976478975032,-0.591845344274662
"6981",30,2,0.0155764989729343,8.38205549369014,15.1153841721984,60,100,0.217976478975032,-0.591845344274662,70,0,23.18265,50,0.4,0.6,40,"both",0.217976478975032,-0.591845344274662
"6982",30,2,0.0155764989729343,8.38205549369014,15.1153841721984,60,100,0.217976478975032,-0.591845344274662,70,1,27.44709,50,0.4,0.6,40,"both",0.217976478975032,-0.591845344274662
"6983",30,2,0.0155764989729343,8.38205549369014,15.1153841721984,60,100,0.217976478975032,-0.591845344274662,70,1,32.91597,50,0.4,0.6,40,"both",0.217976478975032,-0.591845344274662
"6984",30,2,0.0155764989729343,8.38205549369014,15.1153841721984,60,100,0.217976478975032,-0.591845344274662,70,0,0.6586,50,0.4,0.6,40,"both",0.217976478975032,-0.591845344274662
"6985",30,2,0.0155764989729343,8.38205549369014,15.1153841721984,60,100,0.217976478975032,-0.591845344274662,70,0,1.2266,50,0.4,0.6,40,"both",0.217976478975032,-0.591845344274662
"6986",30,2,0.0155764989729343,8.38205549369014,15.1153841721984,60,100,0.217976478975032,-0.591845344274662,70,1,22.4461,50,0.4,0.6,40,"both",0.217976478975032,-0.591845344274662
"6987",30,2,0.0155764989729343,8.38205549369014,15.1153841721984,60,100,0.217976478975032,-0.591845344274662,70,1,15.44048,50,0.4,0.6,40,"both",0.217976478975032,-0.591845344274662
"6988",30,2,0.0155764989729343,8.38205549369014,15.1153841721984,60,100,0.217976478975032,-0.591845344274662,70,1,23.18602,50,0.4,0.6,40,"both",0.217976478975032,-0.591845344274662
"6989",30,2,0.0155764989729343,8.38205549369014,15.1153841721984,60,100,0.217976478975032,-0.591845344274662,70,0,-0.76065,50,0.4,0.6,40,"both",0.217976478975032,-0.591845344274662
"6990",30,2,0.0155764989729343,8.38205549369014,15.1153841721984,60,100,0.217976478975032,-0.591845344274662,70,1,20.15546,50,0.4,0.6,40,"both",0.217976478975032,-0.591845344274662
"6991",30,2,0.0155764989729343,8.38205549369014,15.1153841721984,60,100,0.217976478975032,-0.591845344274662,70,1,19.82046,50,0.4,0.6,40,"both",0.217976478975032,-0.591845344274662
"6992",30,2,0.0155764989729343,8.38205549369014,15.1153841721984,60,100,0.217976478975032,-0.591845344274662,70,0,-5.8056,50,0.4,0.6,40,"both",0.217976478975032,-0.591845344274662
"6993",30,2,0.0155764989729343,8.38205549369014,15.1153841721984,60,100,0.217976478975032,-0.591845344274662,70,1,14.88001,50,0.4,0.6,40,"both",0.217976478975032,-0.591845344274662
"6994",30,2,0.0155764989729343,8.38205549369014,15.1153841721984,60,100,0.217976478975032,-0.591845344274662,70,1,-8.21995,50,0.4,0.6,40,"both",0.217976478975032,-0.591845344274662
"6995",30,2,0.0155764989729343,8.38205549369014,15.1153841721984,60,100,0.217976478975032,-0.591845344274662,70,1,18.76658,50,0.4,0.6,40,"both",0.217976478975032,-0.591845344274662
"6996",30,2,0.0155764989729343,8.38205549369014,15.1153841721984,60,100,0.217976478975032,-0.591845344274662,70,1,15.83957,50,0.4,0.6,40,"both",0.217976478975032,-0.591845344274662
"6997",30,2,0.0155764989729343,8.38205549369014,15.1153841721984,60,100,0.217976478975032,-0.591845344274662,70,1,16.57787,50,0.4,0.6,40,"both",0.217976478975032,-0.591845344274662
"6998",30,2,0.0155764989729343,8.38205549369014,15.1153841721984,60,100,0.217976478975032,-0.591845344274662,70,1,20.85831,50,0.4,0.6,40,"both",0.217976478975032,-0.591845344274662
"6999",30,2,0.0155764989729343,8.38205549369014,15.1153841721984,60,100,0.217976478975032,-0.591845344274662,70,0,-13.45418,50,0.4,0.6,40,"both",0.217976478975032,-0.591845344274662
"7000",30,2,0.0155764989729343,8.38205549369014,15.1153841721984,60,100,0.217976478975032,-0.591845344274662,70,0,21.228,50,0.4,0.6,40,"both",0.217976478975032,-0.591845344274662
"7001",31,2,0.00973386306199008,-29.1201807126385,9.0120732699372,62,100,0.217976478975032,-0.591845344274662,71,1,-8.9958087698,50,0.4,0.6,40,"both",0.217976478975032,-0.591845344274662
"7002",31,2,0.00973386306199008,-29.1201807126385,9.0120732699372,62,100,0.217976478975032,-0.591845344274662,71,1,-7.8014704524,50,0.4,0.6,40,"both",0.217976478975032,-0.591845344274662
"7003",31,2,0.00973386306199008,-29.1201807126385,9.0120732699372,62,100,0.217976478975032,-0.591845344274662,71,1,-15.972392439,50,0.4,0.6,40,"both",0.217976478975032,-0.591845344274662
"7004",31,2,0.00973386306199008,-29.1201807126385,9.0120732699372,62,100,0.217976478975032,-0.591845344274662,71,0,-23.505222444,50,0.4,0.6,40,"both",0.217976478975032,-0.591845344274662
"7005",31,2,0.00973386306199008,-29.1201807126385,9.0120732699372,62,100,0.217976478975032,-0.591845344274662,71,1,-20.97139,50,0.4,0.6,40,"both",0.217976478975032,-0.591845344274662
"7006",31,2,0.00973386306199008,-29.1201807126385,9.0120732699372,62,100,0.217976478975032,-0.591845344274662,71,1,16.203,50,0.4,0.6,40,"both",0.217976478975032,-0.591845344274662
"7007",31,2,0.00973386306199008,-29.1201807126385,9.0120732699372,62,100,0.217976478975032,-0.591845344274662,71,1,-13.20681,50,0.4,0.6,40,"both",0.217976478975032,-0.591845344274662
"7008",31,2,0.00973386306199008,-29.1201807126385,9.0120732699372,62,100,0.217976478975032,-0.591845344274662,71,1,-25.94064,50,0.4,0.6,40,"both",0.217976478975032,-0.591845344274662
"7009",31,2,0.00973386306199008,-29.1201807126385,9.0120732699372,62,100,0.217976478975032,-0.591845344274662,71,1,-28.92779,50,0.4,0.6,40,"both",0.217976478975032,-0.591845344274662
"7010",31,2,0.00973386306199008,-29.1201807126385,9.0120732699372,62,100,0.217976478975032,-0.591845344274662,71,1,-1.8371,50,0.4,0.6,40,"both",0.217976478975032,-0.591845344274662
"7011",31,2,0.00973386306199008,-29.1201807126385,9.0120732699372,62,100,0.217976478975032,-0.591845344274662,71,1,21.6434,50,0.4,0.6,40,"both",0.217976478975032,-0.591845344274662
"7012",31,2,0.00973386306199008,-29.1201807126385,9.0120732699372,62,100,0.217976478975032,-0.591845344274662,71,1,-27.25887,50,0.4,0.6,40,"both",0.217976478975032,-0.591845344274662
"7013",31,2,0.00973386306199008,-29.1201807126385,9.0120732699372,62,100,0.217976478975032,-0.591845344274662,71,1,-16.87378,50,0.4,0.6,40,"both",0.217976478975032,-0.591845344274662
"7014",31,2,0.00973386306199008,-29.1201807126385,9.0120732699372,62,100,0.217976478975032,-0.591845344274662,71,1,-13.6888,50,0.4,0.6,40,"both",0.217976478975032,-0.591845344274662
"7015",31,2,0.00973386306199008,-29.1201807126385,9.0120732699372,62,100,0.217976478975032,-0.591845344274662,71,0,-37.92403,50,0.4,0.6,40,"both",0.217976478975032,-0.591845344274662
"7016",31,2,0.00973386306199008,-29.1201807126385,9.0120732699372,62,100,0.217976478975032,-0.591845344274662,71,0,-32.28874,50,0.4,0.6,40,"both",0.217976478975032,-0.591845344274662
"7017",31,2,0.00973386306199008,-29.1201807126385,9.0120732699372,62,100,0.217976478975032,-0.591845344274662,71,1,-24.41833,50,0.4,0.6,40,"both",0.217976478975032,-0.591845344274662
"7018",31,2,0.00973386306199008,-29.1201807126385,9.0120732699372,62,100,0.217976478975032,-0.591845344274662,71,1,-31.27735,50,0.4,0.6,40,"both",0.217976478975032,-0.591845344274662
"7019",31,2,0.00973386306199008,-29.1201807126385,9.0120732699372,62,100,0.217976478975032,-0.591845344274662,71,0,-27.48365,50,0.4,0.6,40,"both",0.217976478975032,-0.591845344274662
"7020",31,2,0.00973386306199008,-29.1201807126385,9.0120732699372,62,100,0.217976478975032,-0.591845344274662,71,0,-49.5677,50,0.4,0.6,40,"both",0.217976478975032,-0.591845344274662
"7021",31,2,0.00973386306199008,-29.1201807126385,9.0120732699372,62,100,0.217976478975032,-0.591845344274662,71,0,-30.35586,50,0.4,0.6,40,"both",0.217976478975032,-0.591845344274662
"7022",31,2,0.00973386306199008,-29.1201807126385,9.0120732699372,62,100,0.217976478975032,-0.591845344274662,71,1,-29.277,50,0.4,0.6,40,"both",0.217976478975032,-0.591845344274662
"7023",31,2,0.00973386306199008,-29.1201807126385,9.0120732699372,62,100,0.217976478975032,-0.591845344274662,71,0,-23.33143,50,0.4,0.6,40,"both",0.217976478975032,-0.591845344274662
"7024",31,2,0.00973386306199008,-29.1201807126385,9.0120732699372,62,100,0.217976478975032,-0.591845344274662,71,1,-21.80092,50,0.4,0.6,40,"both",0.217976478975032,-0.591845344274662
"7025",31,2,0.00973386306199008,-29.1201807126385,9.0120732699372,62,100,0.217976478975032,-0.591845344274662,71,0,-28.86412,50,0.4,0.6,40,"both",0.217976478975032,-0.591845344274662
"7026",31,2,0.00973386306199008,-29.1201807126385,9.0120732699372,62,100,0.217976478975032,-0.591845344274662,71,0,-39.38285,50,0.4,0.6,40,"both",0.217976478975032,-0.591845344274662
"7027",31,2,0.00973386306199008,-29.1201807126385,9.0120732699372,62,100,0.217976478975032,-0.591845344274662,71,0,-45.8174,50,0.4,0.6,40,"both",0.217976478975032,-0.591845344274662
"7028",31,2,0.00973386306199008,-29.1201807126385,9.0120732699372,62,100,0.217976478975032,-0.591845344274662,71,1,-32.88079,50,0.4,0.6,40,"both",0.217976478975032,-0.591845344274662
"7029",31,2,0.00973386306199008,-29.1201807126385,9.0120732699372,62,100,0.217976478975032,-0.591845344274662,71,1,-32.05599,50,0.4,0.6,40,"both",0.217976478975032,-0.591845344274662
"7030",31,2,0.00973386306199008,-29.1201807126385,9.0120732699372,62,100,0.217976478975032,-0.591845344274662,71,1,-19.5239,50,0.4,0.6,40,"both",0.217976478975032,-0.591845344274662
"7031",31,2,0.00973386306199008,-29.1201807126385,9.0120732699372,62,100,0.217976478975032,-0.591845344274662,71,0,-43.3921,50,0.4,0.6,40,"both",0.217976478975032,-0.591845344274662
"7032",31,2,0.00973386306199008,-29.1201807126385,9.0120732699372,62,100,0.217976478975032,-0.591845344274662,71,1,-20.63868,50,0.4,0.6,40,"both",0.217976478975032,-0.591845344274662
"7033",31,2,0.00973386306199008,-29.1201807126385,9.0120732699372,62,100,0.217976478975032,-0.591845344274662,71,0,-42.12474,50,0.4,0.6,40,"both",0.217976478975032,-0.591845344274662
"7034",31,2,0.00973386306199008,-29.1201807126385,9.0120732699372,62,100,0.217976478975032,-0.591845344274662,71,0,-35.90985,50,0.4,0.6,40,"both",0.217976478975032,-0.591845344274662
"7035",31,2,0.00973386306199008,-29.1201807126385,9.0120732699372,62,100,0.217976478975032,-0.591845344274662,71,0,-35.46871,50,0.4,0.6,40,"both",0.217976478975032,-0.591845344274662
"7036",31,2,0.00973386306199008,-29.1201807126385,9.0120732699372,62,100,0.217976478975032,-0.591845344274662,71,0,-34.85283,50,0.4,0.6,40,"both",0.217976478975032,-0.591845344274662
"7037",31,2,0.00973386306199008,-29.1201807126385,9.0120732699372,62,100,0.217976478975032,-0.591845344274662,71,0,-36.34681,50,0.4,0.6,40,"both",0.217976478975032,-0.591845344274662
"7038",31,2,0.00973386306199008,-29.1201807126385,9.0120732699372,62,100,0.217976478975032,-0.591845344274662,71,0,-38.88339,50,0.4,0.6,40,"both",0.217976478975032,-0.591845344274662
"7039",31,2,0.00973386306199008,-29.1201807126385,9.0120732699372,62,100,0.217976478975032,-0.591845344274662,71,1,-27.57178,50,0.4,0.6,40,"both",0.217976478975032,-0.591845344274662
"7040",31,2,0.00973386306199008,-29.1201807126385,9.0120732699372,62,100,0.217976478975032,-0.591845344274662,71,1,-21.3436,50,0.4,0.6,40,"both",0.217976478975032,-0.591845344274662
"7041",31,2,0.00973386306199008,-29.1201807126385,9.0120732699372,62,100,0.217976478975032,-0.591845344274662,71,1,-24.29746,50,0.4,0.6,40,"both",0.217976478975032,-0.591845344274662
"7042",31,2,0.00973386306199008,-29.1201807126385,9.0120732699372,62,100,0.217976478975032,-0.591845344274662,71,0,-29.93023,50,0.4,0.6,40,"both",0.217976478975032,-0.591845344274662
"7043",31,2,0.00973386306199008,-29.1201807126385,9.0120732699372,62,100,0.217976478975032,-0.591845344274662,71,0,-25.62502,50,0.4,0.6,40,"both",0.217976478975032,-0.591845344274662
"7044",31,2,0.00973386306199008,-29.1201807126385,9.0120732699372,62,100,0.217976478975032,-0.591845344274662,71,0,-33.37934,50,0.4,0.6,40,"both",0.217976478975032,-0.591845344274662
"7045",31,2,0.00973386306199008,-29.1201807126385,9.0120732699372,62,100,0.217976478975032,-0.591845344274662,71,1,-31.97196,50,0.4,0.6,40,"both",0.217976478975032,-0.591845344274662
"7046",31,2,0.00973386306199008,-29.1201807126385,9.0120732699372,62,100,0.217976478975032,-0.591845344274662,71,1,-21.89445,50,0.4,0.6,40,"both",0.217976478975032,-0.591845344274662
"7047",31,2,0.00973386306199008,-29.1201807126385,9.0120732699372,62,100,0.217976478975032,-0.591845344274662,71,0,-35.58092,50,0.4,0.6,40,"both",0.217976478975032,-0.591845344274662
"7048",31,2,0.00973386306199008,-29.1201807126385,9.0120732699372,62,100,0.217976478975032,-0.591845344274662,71,1,-16.6427,50,0.4,0.6,40,"both",0.217976478975032,-0.591845344274662
"7049",31,2,0.00973386306199008,-29.1201807126385,9.0120732699372,62,100,0.217976478975032,-0.591845344274662,71,0,-37.28363,50,0.4,0.6,40,"both",0.217976478975032,-0.591845344274662
"7050",31,2,0.00973386306199008,-29.1201807126385,9.0120732699372,62,100,0.217976478975032,-0.591845344274662,71,0,-26.2298,50,0.4,0.6,40,"both",0.217976478975032,-0.591845344274662
"7051",31,2,0.00973386306199008,-29.1201807126385,9.0120732699372,62,100,0.217976478975032,-0.591845344274662,71,1,-18.41376,50,0.4,0.6,40,"both",0.217976478975032,-0.591845344274662
"7052",31,2,0.00973386306199008,-29.1201807126385,9.0120732699372,62,100,0.217976478975032,-0.591845344274662,71,0,-33.17478,50,0.4,0.6,40,"both",0.217976478975032,-0.591845344274662
"7053",31,2,0.00973386306199008,-29.1201807126385,9.0120732699372,62,100,0.217976478975032,-0.591845344274662,71,1,-31.86668,50,0.4,0.6,40,"both",0.217976478975032,-0.591845344274662
"7054",31,2,0.00973386306199008,-29.1201807126385,9.0120732699372,62,100,0.217976478975032,-0.591845344274662,71,1,-23.65492,50,0.4,0.6,40,"both",0.217976478975032,-0.591845344274662
"7055",31,2,0.00973386306199008,-29.1201807126385,9.0120732699372,62,100,0.217976478975032,-0.591845344274662,71,0,-36.04493,50,0.4,0.6,40,"both",0.217976478975032,-0.591845344274662
"7056",31,2,0.00973386306199008,-29.1201807126385,9.0120732699372,62,100,0.217976478975032,-0.591845344274662,71,1,-35.48971,50,0.4,0.6,40,"both",0.217976478975032,-0.591845344274662
"7057",31,2,0.00973386306199008,-29.1201807126385,9.0120732699372,62,100,0.217976478975032,-0.591845344274662,71,1,-19.93999,50,0.4,0.6,40,"both",0.217976478975032,-0.591845344274662
"7058",31,2,0.00973386306199008,-29.1201807126385,9.0120732699372,62,100,0.217976478975032,-0.591845344274662,71,1,-22.61956,50,0.4,0.6,40,"both",0.217976478975032,-0.591845344274662
"7059",31,2,0.00973386306199008,-29.1201807126385,9.0120732699372,62,100,0.217976478975032,-0.591845344274662,71,1,-19.77872,50,0.4,0.6,40,"both",0.217976478975032,-0.591845344274662
"7060",31,2,0.00973386306199008,-29.1201807126385,9.0120732699372,62,100,0.217976478975032,-0.591845344274662,71,0,-37.43838,50,0.4,0.6,40,"both",0.217976478975032,-0.591845344274662
"7061",31,2,0.00973386306199008,-29.1201807126385,9.0120732699372,62,100,0.217976478975032,-0.591845344274662,71,0,-35.51777,50,0.4,0.6,40,"both",0.217976478975032,-0.591845344274662
"7062",31,2,0.00973386306199008,-29.1201807126385,9.0120732699372,62,100,0.217976478975032,-0.591845344274662,71,0,-35.99956,50,0.4,0.6,40,"both",0.217976478975032,-0.591845344274662
"7063",31,2,0.00973386306199008,-29.1201807126385,9.0120732699372,62,100,0.217976478975032,-0.591845344274662,71,0,-24.74792,50,0.4,0.6,40,"both",0.217976478975032,-0.591845344274662
"7064",31,2,0.00973386306199008,-29.1201807126385,9.0120732699372,62,100,0.217976478975032,-0.591845344274662,71,0,-22.85676,50,0.4,0.6,40,"both",0.217976478975032,-0.591845344274662
"7065",31,2,0.00973386306199008,-29.1201807126385,9.0120732699372,62,100,0.217976478975032,-0.591845344274662,71,0,-34.74008,50,0.4,0.6,40,"both",0.217976478975032,-0.591845344274662
"7066",31,2,0.00973386306199008,-29.1201807126385,9.0120732699372,62,100,0.217976478975032,-0.591845344274662,71,0,-37.32147,50,0.4,0.6,40,"both",0.217976478975032,-0.591845344274662
"7067",31,2,0.00973386306199008,-29.1201807126385,9.0120732699372,62,100,0.217976478975032,-0.591845344274662,71,1,-22.25673,50,0.4,0.6,40,"both",0.217976478975032,-0.591845344274662
"7068",31,2,0.00973386306199008,-29.1201807126385,9.0120732699372,62,100,0.217976478975032,-0.591845344274662,71,0,-35.33624,50,0.4,0.6,40,"both",0.217976478975032,-0.591845344274662
"7069",31,2,0.00973386306199008,-29.1201807126385,9.0120732699372,62,100,0.217976478975032,-0.591845344274662,71,0,-36.90997,50,0.4,0.6,40,"both",0.217976478975032,-0.591845344274662
"7070",31,2,0.00973386306199008,-29.1201807126385,9.0120732699372,62,100,0.217976478975032,-0.591845344274662,71,1,-20.69295,50,0.4,0.6,40,"both",0.217976478975032,-0.591845344274662
"7071",31,2,0.00973386306199008,-29.1201807126385,9.0120732699372,62,100,0.217976478975032,-0.591845344274662,71,0,-35.17876,50,0.4,0.6,40,"both",0.217976478975032,-0.591845344274662
"7072",31,2,0.00973386306199008,-29.1201807126385,9.0120732699372,62,100,0.217976478975032,-0.591845344274662,71,1,-23.74818,50,0.4,0.6,40,"both",0.217976478975032,-0.591845344274662
"7073",31,2,0.00973386306199008,-29.1201807126385,9.0120732699372,62,100,0.217976478975032,-0.591845344274662,71,0,-34.54774,50,0.4,0.6,40,"both",0.217976478975032,-0.591845344274662
"7074",31,2,0.00973386306199008,-29.1201807126385,9.0120732699372,62,100,0.217976478975032,-0.591845344274662,71,1,-36.79178,50,0.4,0.6,40,"both",0.217976478975032,-0.591845344274662
"7075",31,2,0.00973386306199008,-29.1201807126385,9.0120732699372,62,100,0.217976478975032,-0.591845344274662,71,1,-25.44286,50,0.4,0.6,40,"both",0.217976478975032,-0.591845344274662
"7076",31,2,0.00973386306199008,-29.1201807126385,9.0120732699372,62,100,0.217976478975032,-0.591845344274662,71,1,-22.22474,50,0.4,0.6,40,"both",0.217976478975032,-0.591845344274662
"7077",31,2,0.00973386306199008,-29.1201807126385,9.0120732699372,62,100,0.217976478975032,-0.591845344274662,71,1,-37.9983,50,0.4,0.6,40,"both",0.217976478975032,-0.591845344274662
"7078",31,2,0.00973386306199008,-29.1201807126385,9.0120732699372,62,100,0.217976478975032,-0.591845344274662,71,0,-35.08554,50,0.4,0.6,40,"both",0.217976478975032,-0.591845344274662
"7079",31,2,0.00973386306199008,-29.1201807126385,9.0120732699372,62,100,0.217976478975032,-0.591845344274662,71,0,-33.18141,50,0.4,0.6,40,"both",0.217976478975032,-0.591845344274662
"7080",31,2,0.00973386306199008,-29.1201807126385,9.0120732699372,62,100,0.217976478975032,-0.591845344274662,71,1,-36.99994,50,0.4,0.6,40,"both",0.217976478975032,-0.591845344274662
"7081",31,2,0.00973386306199008,-29.1201807126385,9.0120732699372,62,100,0.217976478975032,-0.591845344274662,71,0,-35.75313,50,0.4,0.6,40,"both",0.217976478975032,-0.591845344274662
"7082",31,2,0.00973386306199008,-29.1201807126385,9.0120732699372,62,100,0.217976478975032,-0.591845344274662,71,1,-23.30808,50,0.4,0.6,40,"both",0.217976478975032,-0.591845344274662
"7083",31,2,0.00973386306199008,-29.1201807126385,9.0120732699372,62,100,0.217976478975032,-0.591845344274662,71,0,-36.94947,50,0.4,0.6,40,"both",0.217976478975032,-0.591845344274662
"7084",31,2,0.00973386306199008,-29.1201807126385,9.0120732699372,62,100,0.217976478975032,-0.591845344274662,71,1,-24.1325,50,0.4,0.6,40,"both",0.217976478975032,-0.591845344274662
"7085",31,2,0.00973386306199008,-29.1201807126385,9.0120732699372,62,100,0.217976478975032,-0.591845344274662,71,1,-22.24787,50,0.4,0.6,40,"both",0.217976478975032,-0.591845344274662
"7086",31,2,0.00973386306199008,-29.1201807126385,9.0120732699372,62,100,0.217976478975032,-0.591845344274662,71,1,-21.58576,50,0.4,0.6,40,"both",0.217976478975032,-0.591845344274662
"7087",31,2,0.00973386306199008,-29.1201807126385,9.0120732699372,62,100,0.217976478975032,-0.591845344274662,71,0,-38.08305,50,0.4,0.6,40,"both",0.217976478975032,-0.591845344274662
"7088",31,2,0.00973386306199008,-29.1201807126385,9.0120732699372,62,100,0.217976478975032,-0.591845344274662,71,1,-21.69984,50,0.4,0.6,40,"both",0.217976478975032,-0.591845344274662
"7089",31,2,0.00973386306199008,-29.1201807126385,9.0120732699372,62,100,0.217976478975032,-0.591845344274662,71,1,-23.21681,50,0.4,0.6,40,"both",0.217976478975032,-0.591845344274662
"7090",31,2,0.00973386306199008,-29.1201807126385,9.0120732699372,62,100,0.217976478975032,-0.591845344274662,71,0,-32.81211,50,0.4,0.6,40,"both",0.217976478975032,-0.591845344274662
"7091",31,2,0.00973386306199008,-29.1201807126385,9.0120732699372,62,100,0.217976478975032,-0.591845344274662,71,1,-22.23898,50,0.4,0.6,40,"both",0.217976478975032,-0.591845344274662
"7092",31,2,0.00973386306199008,-29.1201807126385,9.0120732699372,62,100,0.217976478975032,-0.591845344274662,71,0,-25.08273,50,0.4,0.6,40,"both",0.217976478975032,-0.591845344274662
"7093",31,2,0.00973386306199008,-29.1201807126385,9.0120732699372,62,100,0.217976478975032,-0.591845344274662,71,0,-24.51781,50,0.4,0.6,40,"both",0.217976478975032,-0.591845344274662
"7094",31,2,0.00973386306199008,-29.1201807126385,9.0120732699372,62,100,0.217976478975032,-0.591845344274662,71,1,-24.24809,50,0.4,0.6,40,"both",0.217976478975032,-0.591845344274662
"7095",31,2,0.00973386306199008,-29.1201807126385,9.0120732699372,62,100,0.217976478975032,-0.591845344274662,71,1,-22.43149,50,0.4,0.6,40,"both",0.217976478975032,-0.591845344274662
"7096",31,2,0.00973386306199008,-29.1201807126385,9.0120732699372,62,100,0.217976478975032,-0.591845344274662,71,1,-33.66849,50,0.4,0.6,40,"both",0.217976478975032,-0.591845344274662
"7097",31,2,0.00973386306199008,-29.1201807126385,9.0120732699372,62,100,0.217976478975032,-0.591845344274662,71,1,-21.94346,50,0.4,0.6,40,"both",0.217976478975032,-0.591845344274662
"7098",31,2,0.00973386306199008,-29.1201807126385,9.0120732699372,62,100,0.217976478975032,-0.591845344274662,71,1,-20.96395,50,0.4,0.6,40,"both",0.217976478975032,-0.591845344274662
"7099",31,2,0.00973386306199008,-29.1201807126385,9.0120732699372,62,100,0.217976478975032,-0.591845344274662,71,1,-33.26035,50,0.4,0.6,40,"both",0.217976478975032,-0.591845344274662
"7100",31,2,0.00973386306199008,-29.1201807126385,9.0120732699372,62,100,0.217976478975032,-0.591845344274662,71,1,-16.5586,50,0.4,0.6,40,"both",0.217976478975032,-0.591845344274662
"7101",32,2,0.00703047331585529,28.0088038342126,12.2330024344659,64,100,0.217976478975032,-0.591845344274662,72,0,9.270108223321,50,0.4,0.6,40,"both",0.217976478975032,-0.591845344274662
"7102",32,2,0.00703047331585529,28.0088038342126,12.2330024344659,64,100,0.217976478975032,-0.591845344274662,72,0,9.5967688852,50,0.4,0.6,40,"both",0.217976478975032,-0.591845344274662
"7103",32,2,0.00703047331585529,28.0088038342126,12.2330024344659,64,100,0.217976478975032,-0.591845344274662,72,0,18.0719972644,50,0.4,0.6,40,"both",0.217976478975032,-0.591845344274662
"7104",32,2,0.00703047331585529,28.0088038342126,12.2330024344659,64,100,0.217976478975032,-0.591845344274662,72,0,24.60193743,50,0.4,0.6,40,"both",0.217976478975032,-0.591845344274662
"7105",32,2,0.00703047331585529,28.0088038342126,12.2330024344659,64,100,0.217976478975032,-0.591845344274662,72,1,30.39812,50,0.4,0.6,40,"both",0.217976478975032,-0.591845344274662
"7106",32,2,0.00703047331585529,28.0088038342126,12.2330024344659,64,100,0.217976478975032,-0.591845344274662,72,0,20.44098,50,0.4,0.6,40,"both",0.217976478975032,-0.591845344274662
"7107",32,2,0.00703047331585529,28.0088038342126,12.2330024344659,64,100,0.217976478975032,-0.591845344274662,72,1,22.4814,50,0.4,0.6,40,"both",0.217976478975032,-0.591845344274662
"7108",32,2,0.00703047331585529,28.0088038342126,12.2330024344659,64,100,0.217976478975032,-0.591845344274662,72,0,-19.43466,50,0.4,0.6,40,"both",0.217976478975032,-0.591845344274662
"7109",32,2,0.00703047331585529,28.0088038342126,12.2330024344659,64,100,0.217976478975032,-0.591845344274662,72,1,28.59236,50,0.4,0.6,40,"both",0.217976478975032,-0.591845344274662
"7110",32,2,0.00703047331585529,28.0088038342126,12.2330024344659,64,100,0.217976478975032,-0.591845344274662,72,1,20.09323,50,0.4,0.6,40,"both",0.217976478975032,-0.591845344274662
"7111",32,2,0.00703047331585529,28.0088038342126,12.2330024344659,64,100,0.217976478975032,-0.591845344274662,72,1,28.78634,50,0.4,0.6,40,"both",0.217976478975032,-0.591845344274662
"7112",32,2,0.00703047331585529,28.0088038342126,12.2330024344659,64,100,0.217976478975032,-0.591845344274662,72,0,-39.7268,50,0.4,0.6,40,"both",0.217976478975032,-0.591845344274662
"7113",32,2,0.00703047331585529,28.0088038342126,12.2330024344659,64,100,0.217976478975032,-0.591845344274662,72,1,28.28467,50,0.4,0.6,40,"both",0.217976478975032,-0.591845344274662
"7114",32,2,0.00703047331585529,28.0088038342126,12.2330024344659,64,100,0.217976478975032,-0.591845344274662,72,0,-14.4368,50,0.4,0.6,40,"both",0.217976478975032,-0.591845344274662
"7115",32,2,0.00703047331585529,28.0088038342126,12.2330024344659,64,100,0.217976478975032,-0.591845344274662,72,0,9.957,50,0.4,0.6,40,"both",0.217976478975032,-0.591845344274662
"7116",32,2,0.00703047331585529,28.0088038342126,12.2330024344659,64,100,0.217976478975032,-0.591845344274662,72,1,27.20354,50,0.4,0.6,40,"both",0.217976478975032,-0.591845344274662
"7117",32,2,0.00703047331585529,28.0088038342126,12.2330024344659,64,100,0.217976478975032,-0.591845344274662,72,0,18.61596,50,0.4,0.6,40,"both",0.217976478975032,-0.591845344274662
"7118",32,2,0.00703047331585529,28.0088038342126,12.2330024344659,64,100,0.217976478975032,-0.591845344274662,72,1,28.20456,50,0.4,0.6,40,"both",0.217976478975032,-0.591845344274662
"7119",32,2,0.00703047331585529,28.0088038342126,12.2330024344659,64,100,0.217976478975032,-0.591845344274662,72,0,25.27779,50,0.4,0.6,40,"both",0.217976478975032,-0.591845344274662
"7120",32,2,0.00703047331585529,28.0088038342126,12.2330024344659,64,100,0.217976478975032,-0.591845344274662,72,0,28.44159,50,0.4,0.6,40,"both",0.217976478975032,-0.591845344274662
"7121",32,2,0.00703047331585529,28.0088038342126,12.2330024344659,64,100,0.217976478975032,-0.591845344274662,72,0,-24.829,50,0.4,0.6,40,"both",0.217976478975032,-0.591845344274662
"7122",32,2,0.00703047331585529,28.0088038342126,12.2330024344659,64,100,0.217976478975032,-0.591845344274662,72,0,24.36653,50,0.4,0.6,40,"both",0.217976478975032,-0.591845344274662
"7123",32,2,0.00703047331585529,28.0088038342126,12.2330024344659,64,100,0.217976478975032,-0.591845344274662,72,0,15.93135,50,0.4,0.6,40,"both",0.217976478975032,-0.591845344274662
"7124",32,2,0.00703047331585529,28.0088038342126,12.2330024344659,64,100,0.217976478975032,-0.591845344274662,72,1,29.95129,50,0.4,0.6,40,"both",0.217976478975032,-0.591845344274662
"7125",32,2,0.00703047331585529,28.0088038342126,12.2330024344659,64,100,0.217976478975032,-0.591845344274662,72,0,24.8425,50,0.4,0.6,40,"both",0.217976478975032,-0.591845344274662
"7126",32,2,0.00703047331585529,28.0088038342126,12.2330024344659,64,100,0.217976478975032,-0.591845344274662,72,0,29.52579,50,0.4,0.6,40,"both",0.217976478975032,-0.591845344274662
"7127",32,2,0.00703047331585529,28.0088038342126,12.2330024344659,64,100,0.217976478975032,-0.591845344274662,72,1,15.99786,50,0.4,0.6,40,"both",0.217976478975032,-0.591845344274662
"7128",32,2,0.00703047331585529,28.0088038342126,12.2330024344659,64,100,0.217976478975032,-0.591845344274662,72,0,9.01485,50,0.4,0.6,40,"both",0.217976478975032,-0.591845344274662
"7129",32,2,0.00703047331585529,28.0088038342126,12.2330024344659,64,100,0.217976478975032,-0.591845344274662,72,0,26.04249,50,0.4,0.6,40,"both",0.217976478975032,-0.591845344274662
"7130",32,2,0.00703047331585529,28.0088038342126,12.2330024344659,64,100,0.217976478975032,-0.591845344274662,72,1,25.3342422,50,0.4,0.6,40,"both",0.217976478975032,-0.591845344274662
"7131",32,2,0.00703047331585529,28.0088038342126,12.2330024344659,64,100,0.217976478975032,-0.591845344274662,72,1,19.485,50,0.4,0.6,40,"both",0.217976478975032,-0.591845344274662
"7132",32,2,0.00703047331585529,28.0088038342126,12.2330024344659,64,100,0.217976478975032,-0.591845344274662,72,1,27.46413,50,0.4,0.6,40,"both",0.217976478975032,-0.591845344274662
"7133",32,2,0.00703047331585529,28.0088038342126,12.2330024344659,64,100,0.217976478975032,-0.591845344274662,72,1,12.74295,50,0.4,0.6,40,"both",0.217976478975032,-0.591845344274662
"7134",32,2,0.00703047331585529,28.0088038342126,12.2330024344659,64,100,0.217976478975032,-0.591845344274662,72,1,31.80061,50,0.4,0.6,40,"both",0.217976478975032,-0.591845344274662
"7135",32,2,0.00703047331585529,28.0088038342126,12.2330024344659,64,100,0.217976478975032,-0.591845344274662,72,1,36.2874,50,0.4,0.6,40,"both",0.217976478975032,-0.591845344274662
"7136",32,2,0.00703047331585529,28.0088038342126,12.2330024344659,64,100,0.217976478975032,-0.591845344274662,72,0,13.1066,50,0.4,0.6,40,"both",0.217976478975032,-0.591845344274662
"7137",32,2,0.00703047331585529,28.0088038342126,12.2330024344659,64,100,0.217976478975032,-0.591845344274662,72,0,19.24337,50,0.4,0.6,40,"both",0.217976478975032,-0.591845344274662
"7138",32,2,0.00703047331585529,28.0088038342126,12.2330024344659,64,100,0.217976478975032,-0.591845344274662,72,0,11.3662,50,0.4,0.6,40,"both",0.217976478975032,-0.591845344274662
"7139",32,2,0.00703047331585529,28.0088038342126,12.2330024344659,64,100,0.217976478975032,-0.591845344274662,72,0,-13.4009,50,0.4,0.6,40,"both",0.217976478975032,-0.591845344274662
"7140",32,2,0.00703047331585529,28.0088038342126,12.2330024344659,64,100,0.217976478975032,-0.591845344274662,72,1,38.7218,50,0.4,0.6,40,"both",0.217976478975032,-0.591845344274662
"7141",32,2,0.00703047331585529,28.0088038342126,12.2330024344659,64,100,0.217976478975032,-0.591845344274662,72,0,34.5289,50,0.4,0.6,40,"both",0.217976478975032,-0.591845344274662
"7142",32,2,0.00703047331585529,28.0088038342126,12.2330024344659,64,100,0.217976478975032,-0.591845344274662,72,0,36.4377,50,0.4,0.6,40,"both",0.217976478975032,-0.591845344274662
"7143",32,2,0.00703047331585529,28.0088038342126,12.2330024344659,64,100,0.217976478975032,-0.591845344274662,72,0,47.8421,50,0.4,0.6,40,"both",0.217976478975032,-0.591845344274662
"7144",32,2,0.00703047331585529,28.0088038342126,12.2330024344659,64,100,0.217976478975032,-0.591845344274662,72,0,25.1763556,50,0.4,0.6,40,"both",0.217976478975032,-0.591845344274662
"7145",32,2,0.00703047331585529,28.0088038342126,12.2330024344659,64,100,0.217976478975032,-0.591845344274662,72,1,32.14755,50,0.4,0.6,40,"both",0.217976478975032,-0.591845344274662
"7146",32,2,0.00703047331585529,28.0088038342126,12.2330024344659,64,100,0.217976478975032,-0.591845344274662,72,0,27.89565,50,0.4,0.6,40,"both",0.217976478975032,-0.591845344274662
"7147",32,2,0.00703047331585529,28.0088038342126,12.2330024344659,64,100,0.217976478975032,-0.591845344274662,72,1,26.2701038,50,0.4,0.6,40,"both",0.217976478975032,-0.591845344274662
"7148",32,2,0.00703047331585529,28.0088038342126,12.2330024344659,64,100,0.217976478975032,-0.591845344274662,72,1,29.8004,50,0.4,0.6,40,"both",0.217976478975032,-0.591845344274662
"7149",32,2,0.00703047331585529,28.0088038342126,12.2330024344659,64,100,0.217976478975032,-0.591845344274662,72,0,18.37184,50,0.4,0.6,40,"both",0.217976478975032,-0.591845344274662
"7150",32,2,0.00703047331585529,28.0088038342126,12.2330024344659,64,100,0.217976478975032,-0.591845344274662,72,0,-6.0614,50,0.4,0.6,40,"both",0.217976478975032,-0.591845344274662
"7151",32,2,0.00703047331585529,28.0088038342126,12.2330024344659,64,100,0.217976478975032,-0.591845344274662,72,0,-0.00600000000000023,50,0.4,0.6,40,"both",0.217976478975032,-0.591845344274662
"7152",32,2,0.00703047331585529,28.0088038342126,12.2330024344659,64,100,0.217976478975032,-0.591845344274662,72,0,7.2002,50,0.4,0.6,40,"both",0.217976478975032,-0.591845344274662
"7153",32,2,0.00703047331585529,28.0088038342126,12.2330024344659,64,100,0.217976478975032,-0.591845344274662,72,0,40.3694,50,0.4,0.6,40,"both",0.217976478975032,-0.591845344274662
"7154",32,2,0.00703047331585529,28.0088038342126,12.2330024344659,64,100,0.217976478975032,-0.591845344274662,72,0,27.3162144,50,0.4,0.6,40,"both",0.217976478975032,-0.591845344274662
"7155",32,2,0.00703047331585529,28.0088038342126,12.2330024344659,64,100,0.217976478975032,-0.591845344274662,72,1,49.4144,50,0.4,0.6,40,"both",0.217976478975032,-0.591845344274662
"7156",32,2,0.00703047331585529,28.0088038342126,12.2330024344659,64,100,0.217976478975032,-0.591845344274662,72,1,47.8786,50,0.4,0.6,40,"both",0.217976478975032,-0.591845344274662
"7157",32,2,0.00703047331585529,28.0088038342126,12.2330024344659,64,100,0.217976478975032,-0.591845344274662,72,1,45.849,50,0.4,0.6,40,"both",0.217976478975032,-0.591845344274662
"7158",32,2,0.00703047331585529,28.0088038342126,12.2330024344659,64,100,0.217976478975032,-0.591845344274662,72,0,11.5127,50,0.4,0.6,40,"both",0.217976478975032,-0.591845344274662
"7159",32,2,0.00703047331585529,28.0088038342126,12.2330024344659,64,100,0.217976478975032,-0.591845344274662,72,0,32.33967,50,0.4,0.6,40,"both",0.217976478975032,-0.591845344274662
"7160",32,2,0.00703047331585529,28.0088038342126,12.2330024344659,64,100,0.217976478975032,-0.591845344274662,72,1,46.9942,50,0.4,0.6,40,"both",0.217976478975032,-0.591845344274662
"7161",32,2,0.00703047331585529,28.0088038342126,12.2330024344659,64,100,0.217976478975032,-0.591845344274662,72,1,39.1329,50,0.4,0.6,40,"both",0.217976478975032,-0.591845344274662
"7162",32,2,0.00703047331585529,28.0088038342126,12.2330024344659,64,100,0.217976478975032,-0.591845344274662,72,0,-0.614500000000003,50,0.4,0.6,40,"both",0.217976478975032,-0.591845344274662
"7163",32,2,0.00703047331585529,28.0088038342126,12.2330024344659,64,100,0.217976478975032,-0.591845344274662,72,0,39.5287,50,0.4,0.6,40,"both",0.217976478975032,-0.591845344274662
"7164",32,2,0.00703047331585529,28.0088038342126,12.2330024344659,64,100,0.217976478975032,-0.591845344274662,72,0,14.40282,50,0.4,0.6,40,"both",0.217976478975032,-0.591845344274662
"7165",32,2,0.00703047331585529,28.0088038342126,12.2330024344659,64,100,0.217976478975032,-0.591845344274662,72,0,3.6238,50,0.4,0.6,40,"both",0.217976478975032,-0.591845344274662
"7166",32,2,0.00703047331585529,28.0088038342126,12.2330024344659,64,100,0.217976478975032,-0.591845344274662,72,0,9.5444,50,0.4,0.6,40,"both",0.217976478975032,-0.591845344274662
"7167",32,2,0.00703047331585529,28.0088038342126,12.2330024344659,64,100,0.217976478975032,-0.591845344274662,72,0,28.6430893,50,0.4,0.6,40,"both",0.217976478975032,-0.591845344274662
"7168",32,2,0.00703047331585529,28.0088038342126,12.2330024344659,64,100,0.217976478975032,-0.591845344274662,72,0,9.4666,50,0.4,0.6,40,"both",0.217976478975032,-0.591845344274662
"7169",32,2,0.00703047331585529,28.0088038342126,12.2330024344659,64,100,0.217976478975032,-0.591845344274662,72,1,30.7529619,50,0.4,0.6,40,"both",0.217976478975032,-0.591845344274662
"7170",32,2,0.00703047331585529,28.0088038342126,12.2330024344659,64,100,0.217976478975032,-0.591845344274662,72,1,49.6087,50,0.4,0.6,40,"both",0.217976478975032,-0.591845344274662
"7171",32,2,0.00703047331585529,28.0088038342126,12.2330024344659,64,100,0.217976478975032,-0.591845344274662,72,0,13.32342,50,0.4,0.6,40,"both",0.217976478975032,-0.591845344274662
"7172",32,2,0.00703047331585529,28.0088038342126,12.2330024344659,64,100,0.217976478975032,-0.591845344274662,72,1,15.0195,50,0.4,0.6,40,"both",0.217976478975032,-0.591845344274662
"7173",32,2,0.00703047331585529,28.0088038342126,12.2330024344659,64,100,0.217976478975032,-0.591845344274662,72,1,28.5729218,50,0.4,0.6,40,"both",0.217976478975032,-0.591845344274662
"7174",32,2,0.00703047331585529,28.0088038342126,12.2330024344659,64,100,0.217976478975032,-0.591845344274662,72,0,5.8168,50,0.4,0.6,40,"both",0.217976478975032,-0.591845344274662
"7175",32,2,0.00703047331585529,28.0088038342126,12.2330024344659,64,100,0.217976478975032,-0.591845344274662,72,1,16.4824,50,0.4,0.6,40,"both",0.217976478975032,-0.591845344274662
"7176",32,2,0.00703047331585529,28.0088038342126,12.2330024344659,64,100,0.217976478975032,-0.591845344274662,72,0,27.8867849,50,0.4,0.6,40,"both",0.217976478975032,-0.591845344274662
"7177",32,2,0.00703047331585529,28.0088038342126,12.2330024344659,64,100,0.217976478975032,-0.591845344274662,72,1,42.1355,50,0.4,0.6,40,"both",0.217976478975032,-0.591845344274662
"7178",32,2,0.00703047331585529,28.0088038342126,12.2330024344659,64,100,0.217976478975032,-0.591845344274662,72,0,21.8323,50,0.4,0.6,40,"both",0.217976478975032,-0.591845344274662
"7179",32,2,0.00703047331585529,28.0088038342126,12.2330024344659,64,100,0.217976478975032,-0.591845344274662,72,1,43.2303,50,0.4,0.6,40,"both",0.217976478975032,-0.591845344274662
"7180",32,2,0.00703047331585529,28.0088038342126,12.2330024344659,64,100,0.217976478975032,-0.591845344274662,72,0,9.5789,50,0.4,0.6,40,"both",0.217976478975032,-0.591845344274662
"7181",32,2,0.00703047331585529,28.0088038342126,12.2330024344659,64,100,0.217976478975032,-0.591845344274662,72,1,36.2949,50,0.4,0.6,40,"both",0.217976478975032,-0.591845344274662
"7182",32,2,0.00703047331585529,28.0088038342126,12.2330024344659,64,100,0.217976478975032,-0.591845344274662,72,0,21.2434,50,0.4,0.6,40,"both",0.217976478975032,-0.591845344274662
"7183",32,2,0.00703047331585529,28.0088038342126,12.2330024344659,64,100,0.217976478975032,-0.591845344274662,72,1,41.7263,50,0.4,0.6,40,"both",0.217976478975032,-0.591845344274662
"7184",32,2,0.00703047331585529,28.0088038342126,12.2330024344659,64,100,0.217976478975032,-0.591845344274662,72,1,48.4074,50,0.4,0.6,40,"both",0.217976478975032,-0.591845344274662
"7185",32,2,0.00703047331585529,28.0088038342126,12.2330024344659,64,100,0.217976478975032,-0.591845344274662,72,0,3.9483,50,0.4,0.6,40,"both",0.217976478975032,-0.591845344274662
"7186",32,2,0.00703047331585529,28.0088038342126,12.2330024344659,64,100,0.217976478975032,-0.591845344274662,72,0,15.7213,50,0.4,0.6,40,"both",0.217976478975032,-0.591845344274662
"7187",32,2,0.00703047331585529,28.0088038342126,12.2330024344659,64,100,0.217976478975032,-0.591845344274662,72,1,44.6519,50,0.4,0.6,40,"both",0.217976478975032,-0.591845344274662
"7188",32,2,0.00703047331585529,28.0088038342126,12.2330024344659,64,100,0.217976478975032,-0.591845344274662,72,0,35.1271,50,0.4,0.6,40,"both",0.217976478975032,-0.591845344274662
"7189",32,2,0.00703047331585529,28.0088038342126,12.2330024344659,64,100,0.217976478975032,-0.591845344274662,72,1,14.4966,50,0.4,0.6,40,"both",0.217976478975032,-0.591845344274662
"7190",32,2,0.00703047331585529,28.0088038342126,12.2330024344659,64,100,0.217976478975032,-0.591845344274662,72,1,46.4123,50,0.4,0.6,40,"both",0.217976478975032,-0.591845344274662
"7191",32,2,0.00703047331585529,28.0088038342126,12.2330024344659,64,100,0.217976478975032,-0.591845344274662,72,0,12.0996,50,0.4,0.6,40,"both",0.217976478975032,-0.591845344274662
"7192",32,2,0.00703047331585529,28.0088038342126,12.2330024344659,64,100,0.217976478975032,-0.591845344274662,72,0,32.8986,50,0.4,0.6,40,"both",0.217976478975032,-0.591845344274662
"7193",32,2,0.00703047331585529,28.0088038342126,12.2330024344659,64,100,0.217976478975032,-0.591845344274662,72,0,11.3551,50,0.4,0.6,40,"both",0.217976478975032,-0.591845344274662
"7194",32,2,0.00703047331585529,28.0088038342126,12.2330024344659,64,100,0.217976478975032,-0.591845344274662,72,0,10.6113,50,0.4,0.6,40,"both",0.217976478975032,-0.591845344274662
"7195",32,2,0.00703047331585529,28.0088038342126,12.2330024344659,64,100,0.217976478975032,-0.591845344274662,72,0,37.8975,50,0.4,0.6,40,"both",0.217976478975032,-0.591845344274662
"7196",32,2,0.00703047331585529,28.0088038342126,12.2330024344659,64,100,0.217976478975032,-0.591845344274662,72,1,49.6631,50,0.4,0.6,40,"both",0.217976478975032,-0.591845344274662
"7197",32,2,0.00703047331585529,28.0088038342126,12.2330024344659,64,100,0.217976478975032,-0.591845344274662,72,1,43.6993,50,0.4,0.6,40,"both",0.217976478975032,-0.591845344274662
"7198",32,2,0.00703047331585529,28.0088038342126,12.2330024344659,64,100,0.217976478975032,-0.591845344274662,72,0,16.9279,50,0.4,0.6,40,"both",0.217976478975032,-0.591845344274662
"7199",32,2,0.00703047331585529,28.0088038342126,12.2330024344659,64,100,0.217976478975032,-0.591845344274662,72,0,4.9739,50,0.4,0.6,40,"both",0.217976478975032,-0.591845344274662
"7200",32,2,0.00703047331585529,28.0088038342126,12.2330024344659,64,100,0.217976478975032,-0.591845344274662,72,1,10.5677,50,0.4,0.6,40,"both",0.217976478975032,-0.591845344274662
"7201",33,2,0.0396311189596271,-4.59678713267221,15.3510792644914,66,100,0.217976478975032,-0.591845344274662,73,0,9.1967668718,50,0.4,0.6,40,"both",0.217976478975032,-0.591845344274662
"7202",33,2,0.0396311189596271,-4.59678713267221,15.3510792644914,66,100,0.217976478975032,-0.591845344274662,73,1,10.62051713168,50,0.4,0.6,40,"both",0.217976478975032,-0.591845344274662
"7203",33,2,0.0396311189596271,-4.59678713267221,15.3510792644914,66,100,0.217976478975032,-0.591845344274662,73,1,2.0337165186,50,0.4,0.6,40,"both",0.217976478975032,-0.591845344274662
"7204",33,2,0.0396311189596271,-4.59678713267221,15.3510792644914,66,100,0.217976478975032,-0.591845344274662,73,1,-2.68308955218,50,0.4,0.6,40,"both",0.217976478975032,-0.591845344274662
"7205",33,2,0.0396311189596271,-4.59678713267221,15.3510792644914,66,100,0.217976478975032,-0.591845344274662,73,1,-7.4922536808,50,0.4,0.6,40,"both",0.217976478975032,-0.591845344274662
"7206",33,2,0.0396311189596271,-4.59678713267221,15.3510792644914,66,100,0.217976478975032,-0.591845344274662,73,1,-11.6374920361,50,0.4,0.6,40,"both",0.217976478975032,-0.591845344274662
"7207",33,2,0.0396311189596271,-4.59678713267221,15.3510792644914,66,100,0.217976478975032,-0.591845344274662,73,0,-15.799697569,50,0.4,0.6,40,"both",0.217976478975032,-0.591845344274662
"7208",33,2,0.0396311189596271,-4.59678713267221,15.3510792644914,66,100,0.217976478975032,-0.591845344274662,73,0,-36.8774,50,0.4,0.6,40,"both",0.217976478975032,-0.591845344274662
"7209",33,2,0.0396311189596271,-4.59678713267221,15.3510792644914,66,100,0.217976478975032,-0.591845344274662,73,1,-15.713,50,0.4,0.6,40,"both",0.217976478975032,-0.591845344274662
"7210",33,2,0.0396311189596271,-4.59678713267221,15.3510792644914,66,100,0.217976478975032,-0.591845344274662,73,0,-24.62339,50,0.4,0.6,40,"both",0.217976478975032,-0.591845344274662
"7211",33,2,0.0396311189596271,-4.59678713267221,15.3510792644914,66,100,0.217976478975032,-0.591845344274662,73,0,13.7099,50,0.4,0.6,40,"both",0.217976478975032,-0.591845344274662
"7212",33,2,0.0396311189596271,-4.59678713267221,15.3510792644914,66,100,0.217976478975032,-0.591845344274662,73,1,23.7591,50,0.4,0.6,40,"both",0.217976478975032,-0.591845344274662
"7213",33,2,0.0396311189596271,-4.59678713267221,15.3510792644914,66,100,0.217976478975032,-0.591845344274662,73,0,-33.1511,50,0.4,0.6,40,"both",0.217976478975032,-0.591845344274662
"7214",33,2,0.0396311189596271,-4.59678713267221,15.3510792644914,66,100,0.217976478975032,-0.591845344274662,73,0,12.21767,50,0.4,0.6,40,"both",0.217976478975032,-0.591845344274662
"7215",33,2,0.0396311189596271,-4.59678713267221,15.3510792644914,66,100,0.217976478975032,-0.591845344274662,73,1,46.146,50,0.4,0.6,40,"both",0.217976478975032,-0.591845344274662
"7216",33,2,0.0396311189596271,-4.59678713267221,15.3510792644914,66,100,0.217976478975032,-0.591845344274662,73,1,11.66428,50,0.4,0.6,40,"both",0.217976478975032,-0.591845344274662
"7217",33,2,0.0396311189596271,-4.59678713267221,15.3510792644914,66,100,0.217976478975032,-0.591845344274662,73,0,-6.8944486273,50,0.4,0.6,40,"both",0.217976478975032,-0.591845344274662
"7218",33,2,0.0396311189596271,-4.59678713267221,15.3510792644914,66,100,0.217976478975032,-0.591845344274662,73,1,-5.68460338458,50,0.4,0.6,40,"both",0.217976478975032,-0.591845344274662
"7219",33,2,0.0396311189596271,-4.59678713267221,15.3510792644914,66,100,0.217976478975032,-0.591845344274662,73,1,17.95689,50,0.4,0.6,40,"both",0.217976478975032,-0.591845344274662
"7220",33,2,0.0396311189596271,-4.59678713267221,15.3510792644914,66,100,0.217976478975032,-0.591845344274662,73,0,-28.18572,50,0.4,0.6,40,"both",0.217976478975032,-0.591845344274662
"7221",33,2,0.0396311189596271,-4.59678713267221,15.3510792644914,66,100,0.217976478975032,-0.591845344274662,73,1,38.9613,50,0.4,0.6,40,"both",0.217976478975032,-0.591845344274662
"7222",33,2,0.0396311189596271,-4.59678713267221,15.3510792644914,66,100,0.217976478975032,-0.591845344274662,73,1,16.12556,50,0.4,0.6,40,"both",0.217976478975032,-0.591845344274662
"7223",33,2,0.0396311189596271,-4.59678713267221,15.3510792644914,66,100,0.217976478975032,-0.591845344274662,73,0,-36.58823,50,0.4,0.6,40,"both",0.217976478975032,-0.591845344274662
"7224",33,2,0.0396311189596271,-4.59678713267221,15.3510792644914,66,100,0.217976478975032,-0.591845344274662,73,0,-20.26823,50,0.4,0.6,40,"both",0.217976478975032,-0.591845344274662
"7225",33,2,0.0396311189596271,-4.59678713267221,15.3510792644914,66,100,0.217976478975032,-0.591845344274662,73,0,-36.1661,50,0.4,0.6,40,"both",0.217976478975032,-0.591845344274662
"7226",33,2,0.0396311189596271,-4.59678713267221,15.3510792644914,66,100,0.217976478975032,-0.591845344274662,73,0,-44.93683,50,0.4,0.6,40,"both",0.217976478975032,-0.591845344274662
"7227",33,2,0.0396311189596271,-4.59678713267221,15.3510792644914,66,100,0.217976478975032,-0.591845344274662,73,0,-21.37728,50,0.4,0.6,40,"both",0.217976478975032,-0.591845344274662
"7228",33,2,0.0396311189596271,-4.59678713267221,15.3510792644914,66,100,0.217976478975032,-0.591845344274662,73,0,-26.72063,50,0.4,0.6,40,"both",0.217976478975032,-0.591845344274662
"7229",33,2,0.0396311189596271,-4.59678713267221,15.3510792644914,66,100,0.217976478975032,-0.591845344274662,73,0,-15.87,50,0.4,0.6,40,"both",0.217976478975032,-0.591845344274662
"7230",33,2,0.0396311189596271,-4.59678713267221,15.3510792644914,66,100,0.217976478975032,-0.591845344274662,73,0,4.43577,50,0.4,0.6,40,"both",0.217976478975032,-0.591845344274662
"7231",33,2,0.0396311189596271,-4.59678713267221,15.3510792644914,66,100,0.217976478975032,-0.591845344274662,73,0,-16.06566,50,0.4,0.6,40,"both",0.217976478975032,-0.591845344274662
"7232",33,2,0.0396311189596271,-4.59678713267221,15.3510792644914,66,100,0.217976478975032,-0.591845344274662,73,1,12.25277,50,0.4,0.6,40,"both",0.217976478975032,-0.591845344274662
"7233",33,2,0.0396311189596271,-4.59678713267221,15.3510792644914,66,100,0.217976478975032,-0.591845344274662,73,1,3.9367,50,0.4,0.6,40,"both",0.217976478975032,-0.591845344274662
"7234",33,2,0.0396311189596271,-4.59678713267221,15.3510792644914,66,100,0.217976478975032,-0.591845344274662,73,0,-29.245468,50,0.4,0.6,40,"both",0.217976478975032,-0.591845344274662
"7235",33,2,0.0396311189596271,-4.59678713267221,15.3510792644914,66,100,0.217976478975032,-0.591845344274662,73,0,-41.9298,50,0.4,0.6,40,"both",0.217976478975032,-0.591845344274662
"7236",33,2,0.0396311189596271,-4.59678713267221,15.3510792644914,66,100,0.217976478975032,-0.591845344274662,73,0,-14.90742,50,0.4,0.6,40,"both",0.217976478975032,-0.591845344274662
"7237",33,2,0.0396311189596271,-4.59678713267221,15.3510792644914,66,100,0.217976478975032,-0.591845344274662,73,0,1.28893,50,0.4,0.6,40,"both",0.217976478975032,-0.591845344274662
"7238",33,2,0.0396311189596271,-4.59678713267221,15.3510792644914,66,100,0.217976478975032,-0.591845344274662,73,0,-7.89617,50,0.4,0.6,40,"both",0.217976478975032,-0.591845344274662
"7239",33,2,0.0396311189596271,-4.59678713267221,15.3510792644914,66,100,0.217976478975032,-0.591845344274662,73,1,30.55842,50,0.4,0.6,40,"both",0.217976478975032,-0.591845344274662
"7240",33,2,0.0396311189596271,-4.59678713267221,15.3510792644914,66,100,0.217976478975032,-0.591845344274662,73,0,-20.34458,50,0.4,0.6,40,"both",0.217976478975032,-0.591845344274662
"7241",33,2,0.0396311189596271,-4.59678713267221,15.3510792644914,66,100,0.217976478975032,-0.591845344274662,73,1,21.85542,50,0.4,0.6,40,"both",0.217976478975032,-0.591845344274662
"7242",33,2,0.0396311189596271,-4.59678713267221,15.3510792644914,66,100,0.217976478975032,-0.591845344274662,73,0,-22.0645,50,0.4,0.6,40,"both",0.217976478975032,-0.591845344274662
"7243",33,2,0.0396311189596271,-4.59678713267221,15.3510792644914,66,100,0.217976478975032,-0.591845344274662,73,1,13.8956,50,0.4,0.6,40,"both",0.217976478975032,-0.591845344274662
"7244",33,2,0.0396311189596271,-4.59678713267221,15.3510792644914,66,100,0.217976478975032,-0.591845344274662,73,1,-15.14635,50,0.4,0.6,40,"both",0.217976478975032,-0.591845344274662
"7245",33,2,0.0396311189596271,-4.59678713267221,15.3510792644914,66,100,0.217976478975032,-0.591845344274662,73,1,14.06041,50,0.4,0.6,40,"both",0.217976478975032,-0.591845344274662
"7246",33,2,0.0396311189596271,-4.59678713267221,15.3510792644914,66,100,0.217976478975032,-0.591845344274662,73,1,17.08844,50,0.4,0.6,40,"both",0.217976478975032,-0.591845344274662
"7247",33,2,0.0396311189596271,-4.59678713267221,15.3510792644914,66,100,0.217976478975032,-0.591845344274662,73,1,12.10616,50,0.4,0.6,40,"both",0.217976478975032,-0.591845344274662
"7248",33,2,0.0396311189596271,-4.59678713267221,15.3510792644914,66,100,0.217976478975032,-0.591845344274662,73,0,9.73725,50,0.4,0.6,40,"both",0.217976478975032,-0.591845344274662
"7249",33,2,0.0396311189596271,-4.59678713267221,15.3510792644914,66,100,0.217976478975032,-0.591845344274662,73,1,26.793809,50,0.4,0.6,40,"both",0.217976478975032,-0.591845344274662
"7250",33,2,0.0396311189596271,-4.59678713267221,15.3510792644914,66,100,0.217976478975032,-0.591845344274662,73,1,-19.94957,50,0.4,0.6,40,"both",0.217976478975032,-0.591845344274662
"7251",33,2,0.0396311189596271,-4.59678713267221,15.3510792644914,66,100,0.217976478975032,-0.591845344274662,73,1,33.28173,50,0.4,0.6,40,"both",0.217976478975032,-0.591845344274662
"7252",33,2,0.0396311189596271,-4.59678713267221,15.3510792644914,66,100,0.217976478975032,-0.591845344274662,73,0,-16.74736,50,0.4,0.6,40,"both",0.217976478975032,-0.591845344274662
"7253",33,2,0.0396311189596271,-4.59678713267221,15.3510792644914,66,100,0.217976478975032,-0.591845344274662,73,0,-11.1661,50,0.4,0.6,40,"both",0.217976478975032,-0.591845344274662
"7254",33,2,0.0396311189596271,-4.59678713267221,15.3510792644914,66,100,0.217976478975032,-0.591845344274662,73,1,14.92236,50,0.4,0.6,40,"both",0.217976478975032,-0.591845344274662
"7255",33,2,0.0396311189596271,-4.59678713267221,15.3510792644914,66,100,0.217976478975032,-0.591845344274662,73,1,15.0212,50,0.4,0.6,40,"both",0.217976478975032,-0.591845344274662
"7256",33,2,0.0396311189596271,-4.59678713267221,15.3510792644914,66,100,0.217976478975032,-0.591845344274662,73,0,9.02768,50,0.4,0.6,40,"both",0.217976478975032,-0.591845344274662
"7257",33,2,0.0396311189596271,-4.59678713267221,15.3510792644914,66,100,0.217976478975032,-0.591845344274662,73,0,-25.0461,50,0.4,0.6,40,"both",0.217976478975032,-0.591845344274662
"7258",33,2,0.0396311189596271,-4.59678713267221,15.3510792644914,66,100,0.217976478975032,-0.591845344274662,73,0,-20.220383,50,0.4,0.6,40,"both",0.217976478975032,-0.591845344274662
"7259",33,2,0.0396311189596271,-4.59678713267221,15.3510792644914,66,100,0.217976478975032,-0.591845344274662,73,0,-21.82075,50,0.4,0.6,40,"both",0.217976478975032,-0.591845344274662
"7260",33,2,0.0396311189596271,-4.59678713267221,15.3510792644914,66,100,0.217976478975032,-0.591845344274662,73,1,16.83061,50,0.4,0.6,40,"both",0.217976478975032,-0.591845344274662
"7261",33,2,0.0396311189596271,-4.59678713267221,15.3510792644914,66,100,0.217976478975032,-0.591845344274662,73,0,-18.05792,50,0.4,0.6,40,"both",0.217976478975032,-0.591845344274662
"7262",33,2,0.0396311189596271,-4.59678713267221,15.3510792644914,66,100,0.217976478975032,-0.591845344274662,73,1,-16.123752,50,0.4,0.6,40,"both",0.217976478975032,-0.591845344274662
"7263",33,2,0.0396311189596271,-4.59678713267221,15.3510792644914,66,100,0.217976478975032,-0.591845344274662,73,0,-26.94816,50,0.4,0.6,40,"both",0.217976478975032,-0.591845344274662
"7264",33,2,0.0396311189596271,-4.59678713267221,15.3510792644914,66,100,0.217976478975032,-0.591845344274662,73,1,16.0626,50,0.4,0.6,40,"both",0.217976478975032,-0.591845344274662
"7265",33,2,0.0396311189596271,-4.59678713267221,15.3510792644914,66,100,0.217976478975032,-0.591845344274662,73,0,11.45025,50,0.4,0.6,40,"both",0.217976478975032,-0.591845344274662
"7266",33,2,0.0396311189596271,-4.59678713267221,15.3510792644914,66,100,0.217976478975032,-0.591845344274662,73,1,-20.51503,50,0.4,0.6,40,"both",0.217976478975032,-0.591845344274662
"7267",33,2,0.0396311189596271,-4.59678713267221,15.3510792644914,66,100,0.217976478975032,-0.591845344274662,73,1,28.35456,50,0.4,0.6,40,"both",0.217976478975032,-0.591845344274662
"7268",33,2,0.0396311189596271,-4.59678713267221,15.3510792644914,66,100,0.217976478975032,-0.591845344274662,73,0,-17.16255,50,0.4,0.6,40,"both",0.217976478975032,-0.591845344274662
"7269",33,2,0.0396311189596271,-4.59678713267221,15.3510792644914,66,100,0.217976478975032,-0.591845344274662,73,0,-18.51469,50,0.4,0.6,40,"both",0.217976478975032,-0.591845344274662
"7270",33,2,0.0396311189596271,-4.59678713267221,15.3510792644914,66,100,0.217976478975032,-0.591845344274662,73,1,16.19533,50,0.4,0.6,40,"both",0.217976478975032,-0.591845344274662
"7271",33,2,0.0396311189596271,-4.59678713267221,15.3510792644914,66,100,0.217976478975032,-0.591845344274662,73,0,-25.68448,50,0.4,0.6,40,"both",0.217976478975032,-0.591845344274662
"7272",33,2,0.0396311189596271,-4.59678713267221,15.3510792644914,66,100,0.217976478975032,-0.591845344274662,73,0,-31.72519,50,0.4,0.6,40,"both",0.217976478975032,-0.591845344274662
"7273",33,2,0.0396311189596271,-4.59678713267221,15.3510792644914,66,100,0.217976478975032,-0.591845344274662,73,0,-35.6414,50,0.4,0.6,40,"both",0.217976478975032,-0.591845344274662
"7274",33,2,0.0396311189596271,-4.59678713267221,15.3510792644914,66,100,0.217976478975032,-0.591845344274662,73,0,-21.9707,50,0.4,0.6,40,"both",0.217976478975032,-0.591845344274662
"7275",33,2,0.0396311189596271,-4.59678713267221,15.3510792644914,66,100,0.217976478975032,-0.591845344274662,73,0,-20.10507,50,0.4,0.6,40,"both",0.217976478975032,-0.591845344274662
"7276",33,2,0.0396311189596271,-4.59678713267221,15.3510792644914,66,100,0.217976478975032,-0.591845344274662,73,0,-17.11607,50,0.4,0.6,40,"both",0.217976478975032,-0.591845344274662
"7277",33,2,0.0396311189596271,-4.59678713267221,15.3510792644914,66,100,0.217976478975032,-0.591845344274662,73,0,-23.46768,50,0.4,0.6,40,"both",0.217976478975032,-0.591845344274662
"7278",33,2,0.0396311189596271,-4.59678713267221,15.3510792644914,66,100,0.217976478975032,-0.591845344274662,73,1,23.98629,50,0.4,0.6,40,"both",0.217976478975032,-0.591845344274662
"7279",33,2,0.0396311189596271,-4.59678713267221,15.3510792644914,66,100,0.217976478975032,-0.591845344274662,73,0,-26.64696,50,0.4,0.6,40,"both",0.217976478975032,-0.591845344274662
"7280",33,2,0.0396311189596271,-4.59678713267221,15.3510792644914,66,100,0.217976478975032,-0.591845344274662,73,1,16.67647,50,0.4,0.6,40,"both",0.217976478975032,-0.591845344274662
"7281",33,2,0.0396311189596271,-4.59678713267221,15.3510792644914,66,100,0.217976478975032,-0.591845344274662,73,1,11.94497,50,0.4,0.6,40,"both",0.217976478975032,-0.591845344274662
"7282",33,2,0.0396311189596271,-4.59678713267221,15.3510792644914,66,100,0.217976478975032,-0.591845344274662,73,1,-17.75981,50,0.4,0.6,40,"both",0.217976478975032,-0.591845344274662
"7283",33,2,0.0396311189596271,-4.59678713267221,15.3510792644914,66,100,0.217976478975032,-0.591845344274662,73,0,-23.9079,50,0.4,0.6,40,"both",0.217976478975032,-0.591845344274662
"7284",33,2,0.0396311189596271,-4.59678713267221,15.3510792644914,66,100,0.217976478975032,-0.591845344274662,73,0,-18.34604,50,0.4,0.6,40,"both",0.217976478975032,-0.591845344274662
"7285",33,2,0.0396311189596271,-4.59678713267221,15.3510792644914,66,100,0.217976478975032,-0.591845344274662,73,1,20.6286249,50,0.4,0.6,40,"both",0.217976478975032,-0.591845344274662
"7286",33,2,0.0396311189596271,-4.59678713267221,15.3510792644914,66,100,0.217976478975032,-0.591845344274662,73,0,-21.85329,50,0.4,0.6,40,"both",0.217976478975032,-0.591845344274662
"7287",33,2,0.0396311189596271,-4.59678713267221,15.3510792644914,66,100,0.217976478975032,-0.591845344274662,73,0,-22.03931,50,0.4,0.6,40,"both",0.217976478975032,-0.591845344274662
"7288",33,2,0.0396311189596271,-4.59678713267221,15.3510792644914,66,100,0.217976478975032,-0.591845344274662,73,1,17.587197,50,0.4,0.6,40,"both",0.217976478975032,-0.591845344274662
"7289",33,2,0.0396311189596271,-4.59678713267221,15.3510792644914,66,100,0.217976478975032,-0.591845344274662,73,0,-17.03216,50,0.4,0.6,40,"both",0.217976478975032,-0.591845344274662
"7290",33,2,0.0396311189596271,-4.59678713267221,15.3510792644914,66,100,0.217976478975032,-0.591845344274662,73,1,18.510803,50,0.4,0.6,40,"both",0.217976478975032,-0.591845344274662
"7291",33,2,0.0396311189596271,-4.59678713267221,15.3510792644914,66,100,0.217976478975032,-0.591845344274662,73,1,15.90417,50,0.4,0.6,40,"both",0.217976478975032,-0.591845344274662
"7292",33,2,0.0396311189596271,-4.59678713267221,15.3510792644914,66,100,0.217976478975032,-0.591845344274662,73,1,15.77598,50,0.4,0.6,40,"both",0.217976478975032,-0.591845344274662
"7293",33,2,0.0396311189596271,-4.59678713267221,15.3510792644914,66,100,0.217976478975032,-0.591845344274662,73,0,-21.94374,50,0.4,0.6,40,"both",0.217976478975032,-0.591845344274662
"7294",33,2,0.0396311189596271,-4.59678713267221,15.3510792644914,66,100,0.217976478975032,-0.591845344274662,73,0,-16.98776,50,0.4,0.6,40,"both",0.217976478975032,-0.591845344274662
"7295",33,2,0.0396311189596271,-4.59678713267221,15.3510792644914,66,100,0.217976478975032,-0.591845344274662,73,1,8.25174,50,0.4,0.6,40,"both",0.217976478975032,-0.591845344274662
"7296",33,2,0.0396311189596271,-4.59678713267221,15.3510792644914,66,100,0.217976478975032,-0.591845344274662,73,1,11.06307,50,0.4,0.6,40,"both",0.217976478975032,-0.591845344274662
"7297",33,2,0.0396311189596271,-4.59678713267221,15.3510792644914,66,100,0.217976478975032,-0.591845344274662,73,0,-18.68055,50,0.4,0.6,40,"both",0.217976478975032,-0.591845344274662
"7298",33,2,0.0396311189596271,-4.59678713267221,15.3510792644914,66,100,0.217976478975032,-0.591845344274662,73,1,15.33846,50,0.4,0.6,40,"both",0.217976478975032,-0.591845344274662
"7299",33,2,0.0396311189596271,-4.59678713267221,15.3510792644914,66,100,0.217976478975032,-0.591845344274662,73,1,11.79782,50,0.4,0.6,40,"both",0.217976478975032,-0.591845344274662
"7300",33,2,0.0396311189596271,-4.59678713267221,15.3510792644914,66,100,0.217976478975032,-0.591845344274662,73,1,9.76713,50,0.4,0.6,40,"both",0.217976478975032,-0.591845344274662
"7301",34,2,0.00171292304709119,3.39934621644417,12.3337444490428,68,100,0.217976478975032,-0.591845344274662,74,0,-8.08001073,50,0.4,0.6,40,"both",0.217976478975032,-0.591845344274662
"7302",34,2,0.00171292304709119,3.39934621644417,12.3337444490428,68,100,0.217976478975032,-0.591845344274662,74,1,5.7258005306,50,0.4,0.6,40,"both",0.217976478975032,-0.591845344274662
"7303",34,2,0.00171292304709119,3.39934621644417,12.3337444490428,68,100,0.217976478975032,-0.591845344274662,74,0,0.6950890453,50,0.4,0.6,40,"both",0.217976478975032,-0.591845344274662
"7304",34,2,0.00171292304709119,3.39934621644417,12.3337444490428,68,100,0.217976478975032,-0.591845344274662,74,1,3.0905305206,50,0.4,0.6,40,"both",0.217976478975032,-0.591845344274662
"7305",34,2,0.00171292304709119,3.39934621644417,12.3337444490428,68,100,0.217976478975032,-0.591845344274662,74,0,-6.28773,50,0.4,0.6,40,"both",0.217976478975032,-0.591845344274662
"7306",34,2,0.00171292304709119,3.39934621644417,12.3337444490428,68,100,0.217976478975032,-0.591845344274662,74,1,32.68415,50,0.4,0.6,40,"both",0.217976478975032,-0.591845344274662
"7307",34,2,0.00171292304709119,3.39934621644417,12.3337444490428,68,100,0.217976478975032,-0.591845344274662,74,0,-0.734097,50,0.4,0.6,40,"both",0.217976478975032,-0.591845344274662
"7308",34,2,0.00171292304709119,3.39934621644417,12.3337444490428,68,100,0.217976478975032,-0.591845344274662,74,1,5.19051,50,0.4,0.6,40,"both",0.217976478975032,-0.591845344274662
"7309",34,2,0.00171292304709119,3.39934621644417,12.3337444490428,68,100,0.217976478975032,-0.591845344274662,74,1,11.72402,50,0.4,0.6,40,"both",0.217976478975032,-0.591845344274662
"7310",34,2,0.00171292304709119,3.39934621644417,12.3337444490428,68,100,0.217976478975032,-0.591845344274662,74,0,0.54274,50,0.4,0.6,40,"both",0.217976478975032,-0.591845344274662
"7311",34,2,0.00171292304709119,3.39934621644417,12.3337444490428,68,100,0.217976478975032,-0.591845344274662,74,1,6.5337,50,0.4,0.6,40,"both",0.217976478975032,-0.591845344274662
"7312",34,2,0.00171292304709119,3.39934621644417,12.3337444490428,68,100,0.217976478975032,-0.591845344274662,74,0,5.26872,50,0.4,0.6,40,"both",0.217976478975032,-0.591845344274662
"7313",34,2,0.00171292304709119,3.39934621644417,12.3337444490428,68,100,0.217976478975032,-0.591845344274662,74,0,-0.62365,50,0.4,0.6,40,"both",0.217976478975032,-0.591845344274662
"7314",34,2,0.00171292304709119,3.39934621644417,12.3337444490428,68,100,0.217976478975032,-0.591845344274662,74,0,5.66682,50,0.4,0.6,40,"both",0.217976478975032,-0.591845344274662
"7315",34,2,0.00171292304709119,3.39934621644417,12.3337444490428,68,100,0.217976478975032,-0.591845344274662,74,1,9.62154,50,0.4,0.6,40,"both",0.217976478975032,-0.591845344274662
"7316",34,2,0.00171292304709119,3.39934621644417,12.3337444490428,68,100,0.217976478975032,-0.591845344274662,74,0,-2.65884,50,0.4,0.6,40,"both",0.217976478975032,-0.591845344274662
"7317",34,2,0.00171292304709119,3.39934621644417,12.3337444490428,68,100,0.217976478975032,-0.591845344274662,74,1,12.49091,50,0.4,0.6,40,"both",0.217976478975032,-0.591845344274662
"7318",34,2,0.00171292304709119,3.39934621644417,12.3337444490428,68,100,0.217976478975032,-0.591845344274662,74,1,8.30548,50,0.4,0.6,40,"both",0.217976478975032,-0.591845344274662
"7319",34,2,0.00171292304709119,3.39934621644417,12.3337444490428,68,100,0.217976478975032,-0.591845344274662,74,1,11.54179,50,0.4,0.6,40,"both",0.217976478975032,-0.591845344274662
"7320",34,2,0.00171292304709119,3.39934621644417,12.3337444490428,68,100,0.217976478975032,-0.591845344274662,74,1,4.71761,50,0.4,0.6,40,"both",0.217976478975032,-0.591845344274662
"7321",34,2,0.00171292304709119,3.39934621644417,12.3337444490428,68,100,0.217976478975032,-0.591845344274662,74,0,0.0263100000000001,50,0.4,0.6,40,"both",0.217976478975032,-0.591845344274662
"7322",34,2,0.00171292304709119,3.39934621644417,12.3337444490428,68,100,0.217976478975032,-0.591845344274662,74,1,9.51162,50,0.4,0.6,40,"both",0.217976478975032,-0.591845344274662
"7323",34,2,0.00171292304709119,3.39934621644417,12.3337444490428,68,100,0.217976478975032,-0.591845344274662,74,1,5.21226,50,0.4,0.6,40,"both",0.217976478975032,-0.591845344274662
"7324",34,2,0.00171292304709119,3.39934621644417,12.3337444490428,68,100,0.217976478975032,-0.591845344274662,74,1,5.43207,50,0.4,0.6,40,"both",0.217976478975032,-0.591845344274662
"7325",34,2,0.00171292304709119,3.39934621644417,12.3337444490428,68,100,0.217976478975032,-0.591845344274662,74,0,-0.7096,50,0.4,0.6,40,"both",0.217976478975032,-0.591845344274662
"7326",34,2,0.00171292304709119,3.39934621644417,12.3337444490428,68,100,0.217976478975032,-0.591845344274662,74,0,1.35961,50,0.4,0.6,40,"both",0.217976478975032,-0.591845344274662
"7327",34,2,0.00171292304709119,3.39934621644417,12.3337444490428,68,100,0.217976478975032,-0.591845344274662,74,1,7.15588,50,0.4,0.6,40,"both",0.217976478975032,-0.591845344274662
"7328",34,2,0.00171292304709119,3.39934621644417,12.3337444490428,68,100,0.217976478975032,-0.591845344274662,74,1,6.19082,50,0.4,0.6,40,"both",0.217976478975032,-0.591845344274662
"7329",34,2,0.00171292304709119,3.39934621644417,12.3337444490428,68,100,0.217976478975032,-0.591845344274662,74,1,6.24279,50,0.4,0.6,40,"both",0.217976478975032,-0.591845344274662
"7330",34,2,0.00171292304709119,3.39934621644417,12.3337444490428,68,100,0.217976478975032,-0.591845344274662,74,1,5.32684,50,0.4,0.6,40,"both",0.217976478975032,-0.591845344274662
"7331",34,2,0.00171292304709119,3.39934621644417,12.3337444490428,68,100,0.217976478975032,-0.591845344274662,74,0,0.8388,50,0.4,0.6,40,"both",0.217976478975032,-0.591845344274662
"7332",34,2,0.00171292304709119,3.39934621644417,12.3337444490428,68,100,0.217976478975032,-0.591845344274662,74,1,-0.77373,50,0.4,0.6,40,"both",0.217976478975032,-0.591845344274662
"7333",34,2,0.00171292304709119,3.39934621644417,12.3337444490428,68,100,0.217976478975032,-0.591845344274662,74,1,3.84899,50,0.4,0.6,40,"both",0.217976478975032,-0.591845344274662
"7334",34,2,0.00171292304709119,3.39934621644417,12.3337444490428,68,100,0.217976478975032,-0.591845344274662,74,1,-0.0407999999999999,50,0.4,0.6,40,"both",0.217976478975032,-0.591845344274662
"7335",34,2,0.00171292304709119,3.39934621644417,12.3337444490428,68,100,0.217976478975032,-0.591845344274662,74,0,6.44019,50,0.4,0.6,40,"both",0.217976478975032,-0.591845344274662
"7336",34,2,0.00171292304709119,3.39934621644417,12.3337444490428,68,100,0.217976478975032,-0.591845344274662,74,1,0.24884,50,0.4,0.6,40,"both",0.217976478975032,-0.591845344274662
"7337",34,2,0.00171292304709119,3.39934621644417,12.3337444490428,68,100,0.217976478975032,-0.591845344274662,74,0,-6.043006,50,0.4,0.6,40,"both",0.217976478975032,-0.591845344274662
"7338",34,2,0.00171292304709119,3.39934621644417,12.3337444490428,68,100,0.217976478975032,-0.591845344274662,74,1,6.62338,50,0.4,0.6,40,"both",0.217976478975032,-0.591845344274662
"7339",34,2,0.00171292304709119,3.39934621644417,12.3337444490428,68,100,0.217976478975032,-0.591845344274662,74,1,3.9662,50,0.4,0.6,40,"both",0.217976478975032,-0.591845344274662
"7340",34,2,0.00171292304709119,3.39934621644417,12.3337444490428,68,100,0.217976478975032,-0.591845344274662,74,0,5.14236,50,0.4,0.6,40,"both",0.217976478975032,-0.591845344274662
"7341",34,2,0.00171292304709119,3.39934621644417,12.3337444490428,68,100,0.217976478975032,-0.591845344274662,74,0,-7.82372,50,0.4,0.6,40,"both",0.217976478975032,-0.591845344274662
"7342",34,2,0.00171292304709119,3.39934621644417,12.3337444490428,68,100,0.217976478975032,-0.591845344274662,74,0,-0.33802,50,0.4,0.6,40,"both",0.217976478975032,-0.591845344274662
"7343",34,2,0.00171292304709119,3.39934621644417,12.3337444490428,68,100,0.217976478975032,-0.591845344274662,74,0,-4.57974,50,0.4,0.6,40,"both",0.217976478975032,-0.591845344274662
"7344",34,2,0.00171292304709119,3.39934621644417,12.3337444490428,68,100,0.217976478975032,-0.591845344274662,74,1,6.01693,50,0.4,0.6,40,"both",0.217976478975032,-0.591845344274662
"7345",34,2,0.00171292304709119,3.39934621644417,12.3337444490428,68,100,0.217976478975032,-0.591845344274662,74,0,4.47762,50,0.4,0.6,40,"both",0.217976478975032,-0.591845344274662
"7346",34,2,0.00171292304709119,3.39934621644417,12.3337444490428,68,100,0.217976478975032,-0.591845344274662,74,0,-1.07107,50,0.4,0.6,40,"both",0.217976478975032,-0.591845344274662
"7347",34,2,0.00171292304709119,3.39934621644417,12.3337444490428,68,100,0.217976478975032,-0.591845344274662,74,0,0.99606,50,0.4,0.6,40,"both",0.217976478975032,-0.591845344274662
"7348",34,2,0.00171292304709119,3.39934621644417,12.3337444490428,68,100,0.217976478975032,-0.591845344274662,74,0,5.200097,50,0.4,0.6,40,"both",0.217976478975032,-0.591845344274662
"7349",34,2,0.00171292304709119,3.39934621644417,12.3337444490428,68,100,0.217976478975032,-0.591845344274662,74,1,7.38464,50,0.4,0.6,40,"both",0.217976478975032,-0.591845344274662
"7350",34,2,0.00171292304709119,3.39934621644417,12.3337444490428,68,100,0.217976478975032,-0.591845344274662,74,1,5.69712,50,0.4,0.6,40,"both",0.217976478975032,-0.591845344274662
"7351",34,2,0.00171292304709119,3.39934621644417,12.3337444490428,68,100,0.217976478975032,-0.591845344274662,74,1,0.39905,50,0.4,0.6,40,"both",0.217976478975032,-0.591845344274662
"7352",34,2,0.00171292304709119,3.39934621644417,12.3337444490428,68,100,0.217976478975032,-0.591845344274662,74,1,-2.10345,50,0.4,0.6,40,"both",0.217976478975032,-0.591845344274662
"7353",34,2,0.00171292304709119,3.39934621644417,12.3337444490428,68,100,0.217976478975032,-0.591845344274662,74,0,-4.95339,50,0.4,0.6,40,"both",0.217976478975032,-0.591845344274662
"7354",34,2,0.00171292304709119,3.39934621644417,12.3337444490428,68,100,0.217976478975032,-0.591845344274662,74,0,-1.4375,50,0.4,0.6,40,"both",0.217976478975032,-0.591845344274662
"7355",34,2,0.00171292304709119,3.39934621644417,12.3337444490428,68,100,0.217976478975032,-0.591845344274662,74,1,4.87429,50,0.4,0.6,40,"both",0.217976478975032,-0.591845344274662
"7356",34,2,0.00171292304709119,3.39934621644417,12.3337444490428,68,100,0.217976478975032,-0.591845344274662,74,1,-0.63496,50,0.4,0.6,40,"both",0.217976478975032,-0.591845344274662
"7357",34,2,0.00171292304709119,3.39934621644417,12.3337444490428,68,100,0.217976478975032,-0.591845344274662,74,0,2.206207,50,0.4,0.6,40,"both",0.217976478975032,-0.591845344274662
"7358",34,2,0.00171292304709119,3.39934621644417,12.3337444490428,68,100,0.217976478975032,-0.591845344274662,74,0,5.18914,50,0.4,0.6,40,"both",0.217976478975032,-0.591845344274662
"7359",34,2,0.00171292304709119,3.39934621644417,12.3337444490428,68,100,0.217976478975032,-0.591845344274662,74,0,-7.40153,50,0.4,0.6,40,"both",0.217976478975032,-0.591845344274662
"7360",34,2,0.00171292304709119,3.39934621644417,12.3337444490428,68,100,0.217976478975032,-0.591845344274662,74,0,-2.90178,50,0.4,0.6,40,"both",0.217976478975032,-0.591845344274662
"7361",34,2,0.00171292304709119,3.39934621644417,12.3337444490428,68,100,0.217976478975032,-0.591845344274662,74,1,9.52574,50,0.4,0.6,40,"both",0.217976478975032,-0.591845344274662
"7362",34,2,0.00171292304709119,3.39934621644417,12.3337444490428,68,100,0.217976478975032,-0.591845344274662,74,1,9.81409,50,0.4,0.6,40,"both",0.217976478975032,-0.591845344274662
"7363",34,2,0.00171292304709119,3.39934621644417,12.3337444490428,68,100,0.217976478975032,-0.591845344274662,74,1,8.6717,50,0.4,0.6,40,"both",0.217976478975032,-0.591845344274662
"7364",34,2,0.00171292304709119,3.39934621644417,12.3337444490428,68,100,0.217976478975032,-0.591845344274662,74,1,8.12313,50,0.4,0.6,40,"both",0.217976478975032,-0.591845344274662
"7365",34,2,0.00171292304709119,3.39934621644417,12.3337444490428,68,100,0.217976478975032,-0.591845344274662,74,0,-2.55611,50,0.4,0.6,40,"both",0.217976478975032,-0.591845344274662
"7366",34,2,0.00171292304709119,3.39934621644417,12.3337444490428,68,100,0.217976478975032,-0.591845344274662,74,0,4.79948,50,0.4,0.6,40,"both",0.217976478975032,-0.591845344274662
"7367",34,2,0.00171292304709119,3.39934621644417,12.3337444490428,68,100,0.217976478975032,-0.591845344274662,74,0,4.42716,50,0.4,0.6,40,"both",0.217976478975032,-0.591845344274662
"7368",34,2,0.00171292304709119,3.39934621644417,12.3337444490428,68,100,0.217976478975032,-0.591845344274662,74,1,8.31923,50,0.4,0.6,40,"both",0.217976478975032,-0.591845344274662
"7369",34,2,0.00171292304709119,3.39934621644417,12.3337444490428,68,100,0.217976478975032,-0.591845344274662,74,1,-1.04813,50,0.4,0.6,40,"both",0.217976478975032,-0.591845344274662
"7370",34,2,0.00171292304709119,3.39934621644417,12.3337444490428,68,100,0.217976478975032,-0.591845344274662,74,0,6.60863,50,0.4,0.6,40,"both",0.217976478975032,-0.591845344274662
"7371",34,2,0.00171292304709119,3.39934621644417,12.3337444490428,68,100,0.217976478975032,-0.591845344274662,74,0,9.48315,50,0.4,0.6,40,"both",0.217976478975032,-0.591845344274662
"7372",34,2,0.00171292304709119,3.39934621644417,12.3337444490428,68,100,0.217976478975032,-0.591845344274662,74,1,12.58573,50,0.4,0.6,40,"both",0.217976478975032,-0.591845344274662
"7373",34,2,0.00171292304709119,3.39934621644417,12.3337444490428,68,100,0.217976478975032,-0.591845344274662,74,1,12.1782,50,0.4,0.6,40,"both",0.217976478975032,-0.591845344274662
"7374",34,2,0.00171292304709119,3.39934621644417,12.3337444490428,68,100,0.217976478975032,-0.591845344274662,74,0,8.34606,50,0.4,0.6,40,"both",0.217976478975032,-0.591845344274662
"7375",34,2,0.00171292304709119,3.39934621644417,12.3337444490428,68,100,0.217976478975032,-0.591845344274662,74,0,2.0821,50,0.4,0.6,40,"both",0.217976478975032,-0.591845344274662
"7376",34,2,0.00171292304709119,3.39934621644417,12.3337444490428,68,100,0.217976478975032,-0.591845344274662,74,1,10.97417,50,0.4,0.6,40,"both",0.217976478975032,-0.591845344274662
"7377",34,2,0.00171292304709119,3.39934621644417,12.3337444490428,68,100,0.217976478975032,-0.591845344274662,74,0,-4.7197,50,0.4,0.6,40,"both",0.217976478975032,-0.591845344274662
"7378",34,2,0.00171292304709119,3.39934621644417,12.3337444490428,68,100,0.217976478975032,-0.591845344274662,74,0,-3.7103,50,0.4,0.6,40,"both",0.217976478975032,-0.591845344274662
"7379",34,2,0.00171292304709119,3.39934621644417,12.3337444490428,68,100,0.217976478975032,-0.591845344274662,74,1,11.83345,50,0.4,0.6,40,"both",0.217976478975032,-0.591845344274662
"7380",34,2,0.00171292304709119,3.39934621644417,12.3337444490428,68,100,0.217976478975032,-0.591845344274662,74,1,0.40938,50,0.4,0.6,40,"both",0.217976478975032,-0.591845344274662
"7381",34,2,0.00171292304709119,3.39934621644417,12.3337444490428,68,100,0.217976478975032,-0.591845344274662,74,0,-2.15407,50,0.4,0.6,40,"both",0.217976478975032,-0.591845344274662
"7382",34,2,0.00171292304709119,3.39934621644417,12.3337444490428,68,100,0.217976478975032,-0.591845344274662,74,1,7.20261,50,0.4,0.6,40,"both",0.217976478975032,-0.591845344274662
"7383",34,2,0.00171292304709119,3.39934621644417,12.3337444490428,68,100,0.217976478975032,-0.591845344274662,74,0,-1.83339,50,0.4,0.6,40,"both",0.217976478975032,-0.591845344274662
"7384",34,2,0.00171292304709119,3.39934621644417,12.3337444490428,68,100,0.217976478975032,-0.591845344274662,74,0,-1.06165,50,0.4,0.6,40,"both",0.217976478975032,-0.591845344274662
"7385",34,2,0.00171292304709119,3.39934621644417,12.3337444490428,68,100,0.217976478975032,-0.591845344274662,74,1,9.05947,50,0.4,0.6,40,"both",0.217976478975032,-0.591845344274662
"7386",34,2,0.00171292304709119,3.39934621644417,12.3337444490428,68,100,0.217976478975032,-0.591845344274662,74,1,9.97132,50,0.4,0.6,40,"both",0.217976478975032,-0.591845344274662
"7387",34,2,0.00171292304709119,3.39934621644417,12.3337444490428,68,100,0.217976478975032,-0.591845344274662,74,1,8.79101,50,0.4,0.6,40,"both",0.217976478975032,-0.591845344274662
"7388",34,2,0.00171292304709119,3.39934621644417,12.3337444490428,68,100,0.217976478975032,-0.591845344274662,74,0,7.5211,50,0.4,0.6,40,"both",0.217976478975032,-0.591845344274662
"7389",34,2,0.00171292304709119,3.39934621644417,12.3337444490428,68,100,0.217976478975032,-0.591845344274662,74,1,8.99082,50,0.4,0.6,40,"both",0.217976478975032,-0.591845344274662
"7390",34,2,0.00171292304709119,3.39934621644417,12.3337444490428,68,100,0.217976478975032,-0.591845344274662,74,1,-0.97298,50,0.4,0.6,40,"both",0.217976478975032,-0.591845344274662
"7391",34,2,0.00171292304709119,3.39934621644417,12.3337444490428,68,100,0.217976478975032,-0.591845344274662,74,0,10.65583,50,0.4,0.6,40,"both",0.217976478975032,-0.591845344274662
"7392",34,2,0.00171292304709119,3.39934621644417,12.3337444490428,68,100,0.217976478975032,-0.591845344274662,74,1,10.39804,50,0.4,0.6,40,"both",0.217976478975032,-0.591845344274662
"7393",34,2,0.00171292304709119,3.39934621644417,12.3337444490428,68,100,0.217976478975032,-0.591845344274662,74,0,-5.85232,50,0.4,0.6,40,"both",0.217976478975032,-0.591845344274662
"7394",34,2,0.00171292304709119,3.39934621644417,12.3337444490428,68,100,0.217976478975032,-0.591845344274662,74,1,-0.28739,50,0.4,0.6,40,"both",0.217976478975032,-0.591845344274662
"7395",34,2,0.00171292304709119,3.39934621644417,12.3337444490428,68,100,0.217976478975032,-0.591845344274662,74,1,8.41726,50,0.4,0.6,40,"both",0.217976478975032,-0.591845344274662
"7396",34,2,0.00171292304709119,3.39934621644417,12.3337444490428,68,100,0.217976478975032,-0.591845344274662,74,1,7.91648,50,0.4,0.6,40,"both",0.217976478975032,-0.591845344274662
"7397",34,2,0.00171292304709119,3.39934621644417,12.3337444490428,68,100,0.217976478975032,-0.591845344274662,74,1,-4.29972,50,0.4,0.6,40,"both",0.217976478975032,-0.591845344274662
"7398",34,2,0.00171292304709119,3.39934621644417,12.3337444490428,68,100,0.217976478975032,-0.591845344274662,74,1,13.29265,50,0.4,0.6,40,"both",0.217976478975032,-0.591845344274662
"7399",34,2,0.00171292304709119,3.39934621644417,12.3337444490428,68,100,0.217976478975032,-0.591845344274662,74,1,6.93987,50,0.4,0.6,40,"both",0.217976478975032,-0.591845344274662
"7400",34,2,0.00171292304709119,3.39934621644417,12.3337444490428,68,100,0.217976478975032,-0.591845344274662,74,0,8.66252,50,0.4,0.6,40,"both",0.217976478975032,-0.591845344274662
"7401",35,2,0.0100985255588329,-6.23253453770724,10.3451306568011,70,100,0.217976478975032,-0.591845344274662,75,0,-9.26570103213,50,0.4,0.6,40,"both",0.217976478975032,-0.591845344274662
"7402",35,2,0.0100985255588329,-6.23253453770724,10.3451306568011,70,100,0.217976478975032,-0.591845344274662,75,1,6.4023006558,50,0.4,0.6,40,"both",0.217976478975032,-0.591845344274662
"7403",35,2,0.0100985255588329,-6.23253453770724,10.3451306568011,70,100,0.217976478975032,-0.591845344274662,75,0,-1.3303479211,50,0.4,0.6,40,"both",0.217976478975032,-0.591845344274662
"7404",35,2,0.0100985255588329,-6.23253453770724,10.3451306568011,70,100,0.217976478975032,-0.591845344274662,75,1,3.6270005232,50,0.4,0.6,40,"both",0.217976478975032,-0.591845344274662
"7405",35,2,0.0100985255588329,-6.23253453770724,10.3451306568011,70,100,0.217976478975032,-0.591845344274662,75,0,13.62607,50,0.4,0.6,40,"both",0.217976478975032,-0.591845344274662
"7406",35,2,0.0100985255588329,-6.23253453770724,10.3451306568011,70,100,0.217976478975032,-0.591845344274662,75,1,1.7916441495,50,0.4,0.6,40,"both",0.217976478975032,-0.591845344274662
"7407",35,2,0.0100985255588329,-6.23253453770724,10.3451306568011,70,100,0.217976478975032,-0.591845344274662,75,1,16.57274,50,0.4,0.6,40,"both",0.217976478975032,-0.591845344274662
"7408",35,2,0.0100985255588329,-6.23253453770724,10.3451306568011,70,100,0.217976478975032,-0.591845344274662,75,1,41.618246,50,0.4,0.6,40,"both",0.217976478975032,-0.591845344274662
"7409",35,2,0.0100985255588329,-6.23253453770724,10.3451306568011,70,100,0.217976478975032,-0.591845344274662,75,1,5.19069,50,0.4,0.6,40,"both",0.217976478975032,-0.591845344274662
"7410",35,2,0.0100985255588329,-6.23253453770724,10.3451306568011,70,100,0.217976478975032,-0.591845344274662,75,1,-8.384426,50,0.4,0.6,40,"both",0.217976478975032,-0.591845344274662
"7411",35,2,0.0100985255588329,-6.23253453770724,10.3451306568011,70,100,0.217976478975032,-0.591845344274662,75,1,23.3444,50,0.4,0.6,40,"both",0.217976478975032,-0.591845344274662
"7412",35,2,0.0100985255588329,-6.23253453770724,10.3451306568011,70,100,0.217976478975032,-0.591845344274662,75,1,12.94988,50,0.4,0.6,40,"both",0.217976478975032,-0.591845344274662
"7413",35,2,0.0100985255588329,-6.23253453770724,10.3451306568011,70,100,0.217976478975032,-0.591845344274662,75,0,-9.2540187044,50,0.4,0.6,40,"both",0.217976478975032,-0.591845344274662
"7414",35,2,0.0100985255588329,-6.23253453770724,10.3451306568011,70,100,0.217976478975032,-0.591845344274662,75,1,-11.24995,50,0.4,0.6,40,"both",0.217976478975032,-0.591845344274662
"7415",35,2,0.0100985255588329,-6.23253453770724,10.3451306568011,70,100,0.217976478975032,-0.591845344274662,75,0,-3.01849,50,0.4,0.6,40,"both",0.217976478975032,-0.591845344274662
"7416",35,2,0.0100985255588329,-6.23253453770724,10.3451306568011,70,100,0.217976478975032,-0.591845344274662,75,1,3.61703,50,0.4,0.6,40,"both",0.217976478975032,-0.591845344274662
"7417",35,2,0.0100985255588329,-6.23253453770724,10.3451306568011,70,100,0.217976478975032,-0.591845344274662,75,1,-2.0045622047,50,0.4,0.6,40,"both",0.217976478975032,-0.591845344274662
"7418",35,2,0.0100985255588329,-6.23253453770724,10.3451306568011,70,100,0.217976478975032,-0.591845344274662,75,0,-21.47994,50,0.4,0.6,40,"both",0.217976478975032,-0.591845344274662
"7419",35,2,0.0100985255588329,-6.23253453770724,10.3451306568011,70,100,0.217976478975032,-0.591845344274662,75,1,12.35581,50,0.4,0.6,40,"both",0.217976478975032,-0.591845344274662
"7420",35,2,0.0100985255588329,-6.23253453770724,10.3451306568011,70,100,0.217976478975032,-0.591845344274662,75,1,-5.75494,50,0.4,0.6,40,"both",0.217976478975032,-0.591845344274662
"7421",35,2,0.0100985255588329,-6.23253453770724,10.3451306568011,70,100,0.217976478975032,-0.591845344274662,75,0,-35.3015,50,0.4,0.6,40,"both",0.217976478975032,-0.591845344274662
"7422",35,2,0.0100985255588329,-6.23253453770724,10.3451306568011,70,100,0.217976478975032,-0.591845344274662,75,1,23.11001,50,0.4,0.6,40,"both",0.217976478975032,-0.591845344274662
"7423",35,2,0.0100985255588329,-6.23253453770724,10.3451306568011,70,100,0.217976478975032,-0.591845344274662,75,1,-12.84104,50,0.4,0.6,40,"both",0.217976478975032,-0.591845344274662
"7424",35,2,0.0100985255588329,-6.23253453770724,10.3451306568011,70,100,0.217976478975032,-0.591845344274662,75,1,7.69386,50,0.4,0.6,40,"both",0.217976478975032,-0.591845344274662
"7425",35,2,0.0100985255588329,-6.23253453770724,10.3451306568011,70,100,0.217976478975032,-0.591845344274662,75,0,-15.52813,50,0.4,0.6,40,"both",0.217976478975032,-0.591845344274662
"7426",35,2,0.0100985255588329,-6.23253453770724,10.3451306568011,70,100,0.217976478975032,-0.591845344274662,75,0,-0.15642,50,0.4,0.6,40,"both",0.217976478975032,-0.591845344274662
"7427",35,2,0.0100985255588329,-6.23253453770724,10.3451306568011,70,100,0.217976478975032,-0.591845344274662,75,0,-18.47105,50,0.4,0.6,40,"both",0.217976478975032,-0.591845344274662
"7428",35,2,0.0100985255588329,-6.23253453770724,10.3451306568011,70,100,0.217976478975032,-0.591845344274662,75,0,-28.95137,50,0.4,0.6,40,"both",0.217976478975032,-0.591845344274662
"7429",35,2,0.0100985255588329,-6.23253453770724,10.3451306568011,70,100,0.217976478975032,-0.591845344274662,75,1,11.17021,50,0.4,0.6,40,"both",0.217976478975032,-0.591845344274662
"7430",35,2,0.0100985255588329,-6.23253453770724,10.3451306568011,70,100,0.217976478975032,-0.591845344274662,75,0,-19.23491,50,0.4,0.6,40,"both",0.217976478975032,-0.591845344274662
"7431",35,2,0.0100985255588329,-6.23253453770724,10.3451306568011,70,100,0.217976478975032,-0.591845344274662,75,1,4.34985,50,0.4,0.6,40,"both",0.217976478975032,-0.591845344274662
"7432",35,2,0.0100985255588329,-6.23253453770724,10.3451306568011,70,100,0.217976478975032,-0.591845344274662,75,1,3.25454,50,0.4,0.6,40,"both",0.217976478975032,-0.591845344274662
"7433",35,2,0.0100985255588329,-6.23253453770724,10.3451306568011,70,100,0.217976478975032,-0.591845344274662,75,1,2.88332,50,0.4,0.6,40,"both",0.217976478975032,-0.591845344274662
"7434",35,2,0.0100985255588329,-6.23253453770724,10.3451306568011,70,100,0.217976478975032,-0.591845344274662,75,0,-2.3199,50,0.4,0.6,40,"both",0.217976478975032,-0.591845344274662
"7435",35,2,0.0100985255588329,-6.23253453770724,10.3451306568011,70,100,0.217976478975032,-0.591845344274662,75,0,-21.84983,50,0.4,0.6,40,"both",0.217976478975032,-0.591845344274662
"7436",35,2,0.0100985255588329,-6.23253453770724,10.3451306568011,70,100,0.217976478975032,-0.591845344274662,75,1,11.45646,50,0.4,0.6,40,"both",0.217976478975032,-0.591845344274662
"7437",35,2,0.0100985255588329,-6.23253453770724,10.3451306568011,70,100,0.217976478975032,-0.591845344274662,75,1,-3.19397,50,0.4,0.6,40,"both",0.217976478975032,-0.591845344274662
"7438",35,2,0.0100985255588329,-6.23253453770724,10.3451306568011,70,100,0.217976478975032,-0.591845344274662,75,0,-20.47494,50,0.4,0.6,40,"both",0.217976478975032,-0.591845344274662
"7439",35,2,0.0100985255588329,-6.23253453770724,10.3451306568011,70,100,0.217976478975032,-0.591845344274662,75,0,-22.10149,50,0.4,0.6,40,"both",0.217976478975032,-0.591845344274662
"7440",35,2,0.0100985255588329,-6.23253453770724,10.3451306568011,70,100,0.217976478975032,-0.591845344274662,75,0,-12.12236,50,0.4,0.6,40,"both",0.217976478975032,-0.591845344274662
"7441",35,2,0.0100985255588329,-6.23253453770724,10.3451306568011,70,100,0.217976478975032,-0.591845344274662,75,0,-24.5533,50,0.4,0.6,40,"both",0.217976478975032,-0.591845344274662
"7442",35,2,0.0100985255588329,-6.23253453770724,10.3451306568011,70,100,0.217976478975032,-0.591845344274662,75,0,-1.27624,50,0.4,0.6,40,"both",0.217976478975032,-0.591845344274662
"7443",35,2,0.0100985255588329,-6.23253453770724,10.3451306568011,70,100,0.217976478975032,-0.591845344274662,75,0,-18.17755,50,0.4,0.6,40,"both",0.217976478975032,-0.591845344274662
"7444",35,2,0.0100985255588329,-6.23253453770724,10.3451306568011,70,100,0.217976478975032,-0.591845344274662,75,1,-19.63366,50,0.4,0.6,40,"both",0.217976478975032,-0.591845344274662
"7445",35,2,0.0100985255588329,-6.23253453770724,10.3451306568011,70,100,0.217976478975032,-0.591845344274662,75,0,5.47576,50,0.4,0.6,40,"both",0.217976478975032,-0.591845344274662
"7446",35,2,0.0100985255588329,-6.23253453770724,10.3451306568011,70,100,0.217976478975032,-0.591845344274662,75,0,-18.96495,50,0.4,0.6,40,"both",0.217976478975032,-0.591845344274662
"7447",35,2,0.0100985255588329,-6.23253453770724,10.3451306568011,70,100,0.217976478975032,-0.591845344274662,75,1,-8.78969,50,0.4,0.6,40,"both",0.217976478975032,-0.591845344274662
"7448",35,2,0.0100985255588329,-6.23253453770724,10.3451306568011,70,100,0.217976478975032,-0.591845344274662,75,0,-2.01542,50,0.4,0.6,40,"both",0.217976478975032,-0.591845344274662
"7449",35,2,0.0100985255588329,-6.23253453770724,10.3451306568011,70,100,0.217976478975032,-0.591845344274662,75,1,-0.0726699999999996,50,0.4,0.6,40,"both",0.217976478975032,-0.591845344274662
"7450",35,2,0.0100985255588329,-6.23253453770724,10.3451306568011,70,100,0.217976478975032,-0.591845344274662,75,1,15.658916,50,0.4,0.6,40,"both",0.217976478975032,-0.591845344274662
"7451",35,2,0.0100985255588329,-6.23253453770724,10.3451306568011,70,100,0.217976478975032,-0.591845344274662,75,1,14.75058,50,0.4,0.6,40,"both",0.217976478975032,-0.591845344274662
"7452",35,2,0.0100985255588329,-6.23253453770724,10.3451306568011,70,100,0.217976478975032,-0.591845344274662,75,1,2.31191,50,0.4,0.6,40,"both",0.217976478975032,-0.591845344274662
"7453",35,2,0.0100985255588329,-6.23253453770724,10.3451306568011,70,100,0.217976478975032,-0.591845344274662,75,1,7.816326,50,0.4,0.6,40,"both",0.217976478975032,-0.591845344274662
"7454",35,2,0.0100985255588329,-6.23253453770724,10.3451306568011,70,100,0.217976478975032,-0.591845344274662,75,1,2.54202,50,0.4,0.6,40,"both",0.217976478975032,-0.591845344274662
"7455",35,2,0.0100985255588329,-6.23253453770724,10.3451306568011,70,100,0.217976478975032,-0.591845344274662,75,0,-11.7716,50,0.4,0.6,40,"both",0.217976478975032,-0.591845344274662
"7456",35,2,0.0100985255588329,-6.23253453770724,10.3451306568011,70,100,0.217976478975032,-0.591845344274662,75,1,-18.16316,50,0.4,0.6,40,"both",0.217976478975032,-0.591845344274662
"7457",35,2,0.0100985255588329,-6.23253453770724,10.3451306568011,70,100,0.217976478975032,-0.591845344274662,75,1,7.28675,50,0.4,0.6,40,"both",0.217976478975032,-0.591845344274662
"7458",35,2,0.0100985255588329,-6.23253453770724,10.3451306568011,70,100,0.217976478975032,-0.591845344274662,75,0,-18.28281,50,0.4,0.6,40,"both",0.217976478975032,-0.591845344274662
"7459",35,2,0.0100985255588329,-6.23253453770724,10.3451306568011,70,100,0.217976478975032,-0.591845344274662,75,0,-14.8518,50,0.4,0.6,40,"both",0.217976478975032,-0.591845344274662
"7460",35,2,0.0100985255588329,-6.23253453770724,10.3451306568011,70,100,0.217976478975032,-0.591845344274662,75,0,-17.68829,50,0.4,0.6,40,"both",0.217976478975032,-0.591845344274662
"7461",35,2,0.0100985255588329,-6.23253453770724,10.3451306568011,70,100,0.217976478975032,-0.591845344274662,75,0,-8.211771,50,0.4,0.6,40,"both",0.217976478975032,-0.591845344274662
"7462",35,2,0.0100985255588329,-6.23253453770724,10.3451306568011,70,100,0.217976478975032,-0.591845344274662,75,0,-17.38296,50,0.4,0.6,40,"both",0.217976478975032,-0.591845344274662
"7463",35,2,0.0100985255588329,-6.23253453770724,10.3451306568011,70,100,0.217976478975032,-0.591845344274662,75,0,-19.7788,50,0.4,0.6,40,"both",0.217976478975032,-0.591845344274662
"7464",35,2,0.0100985255588329,-6.23253453770724,10.3451306568011,70,100,0.217976478975032,-0.591845344274662,75,0,-20.96152,50,0.4,0.6,40,"both",0.217976478975032,-0.591845344274662
"7465",35,2,0.0100985255588329,-6.23253453770724,10.3451306568011,70,100,0.217976478975032,-0.591845344274662,75,1,4.1385,50,0.4,0.6,40,"both",0.217976478975032,-0.591845344274662
"7466",35,2,0.0100985255588329,-6.23253453770724,10.3451306568011,70,100,0.217976478975032,-0.591845344274662,75,1,6.09962,50,0.4,0.6,40,"both",0.217976478975032,-0.591845344274662
"7467",35,2,0.0100985255588329,-6.23253453770724,10.3451306568011,70,100,0.217976478975032,-0.591845344274662,75,1,0.886880000000001,50,0.4,0.6,40,"both",0.217976478975032,-0.591845344274662
"7468",35,2,0.0100985255588329,-6.23253453770724,10.3451306568011,70,100,0.217976478975032,-0.591845344274662,75,0,-26.8151,50,0.4,0.6,40,"both",0.217976478975032,-0.591845344274662
"7469",35,2,0.0100985255588329,-6.23253453770724,10.3451306568011,70,100,0.217976478975032,-0.591845344274662,75,1,5.23857,50,0.4,0.6,40,"both",0.217976478975032,-0.591845344274662
"7470",35,2,0.0100985255588329,-6.23253453770724,10.3451306568011,70,100,0.217976478975032,-0.591845344274662,75,0,-19.58141,50,0.4,0.6,40,"both",0.217976478975032,-0.591845344274662
"7471",35,2,0.0100985255588329,-6.23253453770724,10.3451306568011,70,100,0.217976478975032,-0.591845344274662,75,0,-14.46495,50,0.4,0.6,40,"both",0.217976478975032,-0.591845344274662
"7472",35,2,0.0100985255588329,-6.23253453770724,10.3451306568011,70,100,0.217976478975032,-0.591845344274662,75,0,4.79586,50,0.4,0.6,40,"both",0.217976478975032,-0.591845344274662
"7473",35,2,0.0100985255588329,-6.23253453770724,10.3451306568011,70,100,0.217976478975032,-0.591845344274662,75,0,-20.07224,50,0.4,0.6,40,"both",0.217976478975032,-0.591845344274662
"7474",35,2,0.0100985255588329,-6.23253453770724,10.3451306568011,70,100,0.217976478975032,-0.591845344274662,75,1,11.00651,50,0.4,0.6,40,"both",0.217976478975032,-0.591845344274662
"7475",35,2,0.0100985255588329,-6.23253453770724,10.3451306568011,70,100,0.217976478975032,-0.591845344274662,75,0,-28.77573,50,0.4,0.6,40,"both",0.217976478975032,-0.591845344274662
"7476",35,2,0.0100985255588329,-6.23253453770724,10.3451306568011,70,100,0.217976478975032,-0.591845344274662,75,0,-18.00254,50,0.4,0.6,40,"both",0.217976478975032,-0.591845344274662
"7477",35,2,0.0100985255588329,-6.23253453770724,10.3451306568011,70,100,0.217976478975032,-0.591845344274662,75,0,0.71235,50,0.4,0.6,40,"both",0.217976478975032,-0.591845344274662
"7478",35,2,0.0100985255588329,-6.23253453770724,10.3451306568011,70,100,0.217976478975032,-0.591845344274662,75,0,-13.76113,50,0.4,0.6,40,"both",0.217976478975032,-0.591845344274662
"7479",35,2,0.0100985255588329,-6.23253453770724,10.3451306568011,70,100,0.217976478975032,-0.591845344274662,75,0,-15.67982,50,0.4,0.6,40,"both",0.217976478975032,-0.591845344274662
"7480",35,2,0.0100985255588329,-6.23253453770724,10.3451306568011,70,100,0.217976478975032,-0.591845344274662,75,0,-12.57877,50,0.4,0.6,40,"both",0.217976478975032,-0.591845344274662
"7481",35,2,0.0100985255588329,-6.23253453770724,10.3451306568011,70,100,0.217976478975032,-0.591845344274662,75,0,-0.20243,50,0.4,0.6,40,"both",0.217976478975032,-0.591845344274662
"7482",35,2,0.0100985255588329,-6.23253453770724,10.3451306568011,70,100,0.217976478975032,-0.591845344274662,75,0,-14.49233,50,0.4,0.6,40,"both",0.217976478975032,-0.591845344274662
"7483",35,2,0.0100985255588329,-6.23253453770724,10.3451306568011,70,100,0.217976478975032,-0.591845344274662,75,1,6.49382,50,0.4,0.6,40,"both",0.217976478975032,-0.591845344274662
"7484",35,2,0.0100985255588329,-6.23253453770724,10.3451306568011,70,100,0.217976478975032,-0.591845344274662,75,1,2.61941,50,0.4,0.6,40,"both",0.217976478975032,-0.591845344274662
"7485",35,2,0.0100985255588329,-6.23253453770724,10.3451306568011,70,100,0.217976478975032,-0.591845344274662,75,0,-22.2239,50,0.4,0.6,40,"both",0.217976478975032,-0.591845344274662
"7486",35,2,0.0100985255588329,-6.23253453770724,10.3451306568011,70,100,0.217976478975032,-0.591845344274662,75,1,-9.84128,50,0.4,0.6,40,"both",0.217976478975032,-0.591845344274662
"7487",35,2,0.0100985255588329,-6.23253453770724,10.3451306568011,70,100,0.217976478975032,-0.591845344274662,75,1,1.36344,50,0.4,0.6,40,"both",0.217976478975032,-0.591845344274662
"7488",35,2,0.0100985255588329,-6.23253453770724,10.3451306568011,70,100,0.217976478975032,-0.591845344274662,75,1,-10.31309,50,0.4,0.6,40,"both",0.217976478975032,-0.591845344274662
"7489",35,2,0.0100985255588329,-6.23253453770724,10.3451306568011,70,100,0.217976478975032,-0.591845344274662,75,1,4.1914,50,0.4,0.6,40,"both",0.217976478975032,-0.591845344274662
"7490",35,2,0.0100985255588329,-6.23253453770724,10.3451306568011,70,100,0.217976478975032,-0.591845344274662,75,1,2.87168,50,0.4,0.6,40,"both",0.217976478975032,-0.591845344274662
"7491",35,2,0.0100985255588329,-6.23253453770724,10.3451306568011,70,100,0.217976478975032,-0.591845344274662,75,1,-10.87817,50,0.4,0.6,40,"both",0.217976478975032,-0.591845344274662
"7492",35,2,0.0100985255588329,-6.23253453770724,10.3451306568011,70,100,0.217976478975032,-0.591845344274662,75,0,-10.66055,50,0.4,0.6,40,"both",0.217976478975032,-0.591845344274662
"7493",35,2,0.0100985255588329,-6.23253453770724,10.3451306568011,70,100,0.217976478975032,-0.591845344274662,75,0,-17.00978,50,0.4,0.6,40,"both",0.217976478975032,-0.591845344274662
"7494",35,2,0.0100985255588329,-6.23253453770724,10.3451306568011,70,100,0.217976478975032,-0.591845344274662,75,1,9.00221,50,0.4,0.6,40,"both",0.217976478975032,-0.591845344274662
"7495",35,2,0.0100985255588329,-6.23253453770724,10.3451306568011,70,100,0.217976478975032,-0.591845344274662,75,1,0.51596,50,0.4,0.6,40,"both",0.217976478975032,-0.591845344274662
"7496",35,2,0.0100985255588329,-6.23253453770724,10.3451306568011,70,100,0.217976478975032,-0.591845344274662,75,0,-11.23258,50,0.4,0.6,40,"both",0.217976478975032,-0.591845344274662
"7497",35,2,0.0100985255588329,-6.23253453770724,10.3451306568011,70,100,0.217976478975032,-0.591845344274662,75,0,-17.56922,50,0.4,0.6,40,"both",0.217976478975032,-0.591845344274662
"7498",35,2,0.0100985255588329,-6.23253453770724,10.3451306568011,70,100,0.217976478975032,-0.591845344274662,75,0,-21.41686,50,0.4,0.6,40,"both",0.217976478975032,-0.591845344274662
"7499",35,2,0.0100985255588329,-6.23253453770724,10.3451306568011,70,100,0.217976478975032,-0.591845344274662,75,1,6.37617,50,0.4,0.6,40,"both",0.217976478975032,-0.591845344274662
"7500",35,2,0.0100985255588329,-6.23253453770724,10.3451306568011,70,100,0.217976478975032,-0.591845344274662,75,1,9.04102,50,0.4,0.6,40,"both",0.217976478975032,-0.591845344274662
"7501",36,2,0.00222337214603616,-5.65367937516104,6.37145017918535,72,100,0.217976478975032,-0.591845344274662,76,1,-7.6228970493,50,0.4,0.6,40,"both",0.217976478975032,-0.591845344274662
"7502",36,2,0.00222337214603616,-5.65367937516104,6.37145017918535,72,100,0.217976478975032,-0.591845344274662,76,0,-10.3561299594,50,0.4,0.6,40,"both",0.217976478975032,-0.591845344274662
"7503",36,2,0.00222337214603616,-5.65367937516104,6.37145017918535,72,100,0.217976478975032,-0.591845344274662,76,1,-1.68624764868,50,0.4,0.6,40,"both",0.217976478975032,-0.591845344274662
"7504",36,2,0.00222337214603616,-5.65367937516104,6.37145017918535,72,100,0.217976478975032,-0.591845344274662,76,0,-11.08108962271,50,0.4,0.6,40,"both",0.217976478975032,-0.591845344274662
"7505",36,2,0.00222337214603616,-5.65367937516104,6.37145017918535,72,100,0.217976478975032,-0.591845344274662,76,1,-8.8214,50,0.4,0.6,40,"both",0.217976478975032,-0.591845344274662
"7506",36,2,0.00222337214603616,-5.65367937516104,6.37145017918535,72,100,0.217976478975032,-0.591845344274662,76,0,-21.18936,50,0.4,0.6,40,"both",0.217976478975032,-0.591845344274662
"7507",36,2,0.00222337214603616,-5.65367937516104,6.37145017918535,72,100,0.217976478975032,-0.591845344274662,76,0,-29.41963,50,0.4,0.6,40,"both",0.217976478975032,-0.591845344274662
"7508",36,2,0.00222337214603616,-5.65367937516104,6.37145017918535,72,100,0.217976478975032,-0.591845344274662,76,0,-9.53082,50,0.4,0.6,40,"both",0.217976478975032,-0.591845344274662
"7509",36,2,0.00222337214603616,-5.65367937516104,6.37145017918535,72,100,0.217976478975032,-0.591845344274662,76,0,-11.6834,50,0.4,0.6,40,"both",0.217976478975032,-0.591845344274662
"7510",36,2,0.00222337214603616,-5.65367937516104,6.37145017918535,72,100,0.217976478975032,-0.591845344274662,76,0,-6.09684,50,0.4,0.6,40,"both",0.217976478975032,-0.591845344274662
"7511",36,2,0.00222337214603616,-5.65367937516104,6.37145017918535,72,100,0.217976478975032,-0.591845344274662,76,1,-2.30296,50,0.4,0.6,40,"both",0.217976478975032,-0.591845344274662
"7512",36,2,0.00222337214603616,-5.65367937516104,6.37145017918535,72,100,0.217976478975032,-0.591845344274662,76,1,-5.50091,50,0.4,0.6,40,"both",0.217976478975032,-0.591845344274662
"7513",36,2,0.00222337214603616,-5.65367937516104,6.37145017918535,72,100,0.217976478975032,-0.591845344274662,76,0,-8.00656,50,0.4,0.6,40,"both",0.217976478975032,-0.591845344274662
"7514",36,2,0.00222337214603616,-5.65367937516104,6.37145017918535,72,100,0.217976478975032,-0.591845344274662,76,1,-3.14579,50,0.4,0.6,40,"both",0.217976478975032,-0.591845344274662
"7515",36,2,0.00222337214603616,-5.65367937516104,6.37145017918535,72,100,0.217976478975032,-0.591845344274662,76,0,-7.81445,50,0.4,0.6,40,"both",0.217976478975032,-0.591845344274662
"7516",36,2,0.00222337214603616,-5.65367937516104,6.37145017918535,72,100,0.217976478975032,-0.591845344274662,76,0,-10.07006,50,0.4,0.6,40,"both",0.217976478975032,-0.591845344274662
"7517",36,2,0.00222337214603616,-5.65367937516104,6.37145017918535,72,100,0.217976478975032,-0.591845344274662,76,1,-7.65953,50,0.4,0.6,40,"both",0.217976478975032,-0.591845344274662
"7518",36,2,0.00222337214603616,-5.65367937516104,6.37145017918535,72,100,0.217976478975032,-0.591845344274662,76,1,-8.70591,50,0.4,0.6,40,"both",0.217976478975032,-0.591845344274662
"7519",36,2,0.00222337214603616,-5.65367937516104,6.37145017918535,72,100,0.217976478975032,-0.591845344274662,76,1,12.10018,50,0.4,0.6,40,"both",0.217976478975032,-0.591845344274662
"7520",36,2,0.00222337214603616,-5.65367937516104,6.37145017918535,72,100,0.217976478975032,-0.591845344274662,76,0,-1.57167,50,0.4,0.6,40,"both",0.217976478975032,-0.591845344274662
"7521",36,2,0.00222337214603616,-5.65367937516104,6.37145017918535,72,100,0.217976478975032,-0.591845344274662,76,0,-33.59873,50,0.4,0.6,40,"both",0.217976478975032,-0.591845344274662
"7522",36,2,0.00222337214603616,-5.65367937516104,6.37145017918535,72,100,0.217976478975032,-0.591845344274662,76,1,17.51521,50,0.4,0.6,40,"both",0.217976478975032,-0.591845344274662
"7523",36,2,0.00222337214603616,-5.65367937516104,6.37145017918535,72,100,0.217976478975032,-0.591845344274662,76,0,-14.84652,50,0.4,0.6,40,"both",0.217976478975032,-0.591845344274662
"7524",36,2,0.00222337214603616,-5.65367937516104,6.37145017918535,72,100,0.217976478975032,-0.591845344274662,76,1,6.08233,50,0.4,0.6,40,"both",0.217976478975032,-0.591845344274662
"7525",36,2,0.00222337214603616,-5.65367937516104,6.37145017918535,72,100,0.217976478975032,-0.591845344274662,76,0,-16.1975,50,0.4,0.6,40,"both",0.217976478975032,-0.591845344274662
"7526",36,2,0.00222337214603616,-5.65367937516104,6.37145017918535,72,100,0.217976478975032,-0.591845344274662,76,0,-14.39465,50,0.4,0.6,40,"both",0.217976478975032,-0.591845344274662
"7527",36,2,0.00222337214603616,-5.65367937516104,6.37145017918535,72,100,0.217976478975032,-0.591845344274662,76,1,-5.59566,50,0.4,0.6,40,"both",0.217976478975032,-0.591845344274662
"7528",36,2,0.00222337214603616,-5.65367937516104,6.37145017918535,72,100,0.217976478975032,-0.591845344274662,76,0,-10.59578,50,0.4,0.6,40,"both",0.217976478975032,-0.591845344274662
"7529",36,2,0.00222337214603616,-5.65367937516104,6.37145017918535,72,100,0.217976478975032,-0.591845344274662,76,0,-5.95458,50,0.4,0.6,40,"both",0.217976478975032,-0.591845344274662
"7530",36,2,0.00222337214603616,-5.65367937516104,6.37145017918535,72,100,0.217976478975032,-0.591845344274662,76,1,-2.68734,50,0.4,0.6,40,"both",0.217976478975032,-0.591845344274662
"7531",36,2,0.00222337214603616,-5.65367937516104,6.37145017918535,72,100,0.217976478975032,-0.591845344274662,76,0,-11.02398,50,0.4,0.6,40,"both",0.217976478975032,-0.591845344274662
"7532",36,2,0.00222337214603616,-5.65367937516104,6.37145017918535,72,100,0.217976478975032,-0.591845344274662,76,1,-1.7634,50,0.4,0.6,40,"both",0.217976478975032,-0.591845344274662
"7533",36,2,0.00222337214603616,-5.65367937516104,6.37145017918535,72,100,0.217976478975032,-0.591845344274662,76,0,-3.35093,50,0.4,0.6,40,"both",0.217976478975032,-0.591845344274662
"7534",36,2,0.00222337214603616,-5.65367937516104,6.37145017918535,72,100,0.217976478975032,-0.591845344274662,76,1,-3.87373,50,0.4,0.6,40,"both",0.217976478975032,-0.591845344274662
"7535",36,2,0.00222337214603616,-5.65367937516104,6.37145017918535,72,100,0.217976478975032,-0.591845344274662,76,0,-13.19556,50,0.4,0.6,40,"both",0.217976478975032,-0.591845344274662
"7536",36,2,0.00222337214603616,-5.65367937516104,6.37145017918535,72,100,0.217976478975032,-0.591845344274662,76,0,-9.14652,50,0.4,0.6,40,"both",0.217976478975032,-0.591845344274662
"7537",36,2,0.00222337214603616,-5.65367937516104,6.37145017918535,72,100,0.217976478975032,-0.591845344274662,76,1,-3.14837,50,0.4,0.6,40,"both",0.217976478975032,-0.591845344274662
"7538",36,2,0.00222337214603616,-5.65367937516104,6.37145017918535,72,100,0.217976478975032,-0.591845344274662,76,1,-4.92104,50,0.4,0.6,40,"both",0.217976478975032,-0.591845344274662
"7539",36,2,0.00222337214603616,-5.65367937516104,6.37145017918535,72,100,0.217976478975032,-0.591845344274662,76,0,-12.29891,50,0.4,0.6,40,"both",0.217976478975032,-0.591845344274662
"7540",36,2,0.00222337214603616,-5.65367937516104,6.37145017918535,72,100,0.217976478975032,-0.591845344274662,76,1,3.22343,50,0.4,0.6,40,"both",0.217976478975032,-0.591845344274662
"7541",36,2,0.00222337214603616,-5.65367937516104,6.37145017918535,72,100,0.217976478975032,-0.591845344274662,76,1,-12.84204,50,0.4,0.6,40,"both",0.217976478975032,-0.591845344274662
"7542",36,2,0.00222337214603616,-5.65367937516104,6.37145017918535,72,100,0.217976478975032,-0.591845344274662,76,1,-2.84112,50,0.4,0.6,40,"both",0.217976478975032,-0.591845344274662
"7543",36,2,0.00222337214603616,-5.65367937516104,6.37145017918535,72,100,0.217976478975032,-0.591845344274662,76,1,-6.1636,50,0.4,0.6,40,"both",0.217976478975032,-0.591845344274662
"7544",36,2,0.00222337214603616,-5.65367937516104,6.37145017918535,72,100,0.217976478975032,-0.591845344274662,76,0,-10.11632,50,0.4,0.6,40,"both",0.217976478975032,-0.591845344274662
"7545",36,2,0.00222337214603616,-5.65367937516104,6.37145017918535,72,100,0.217976478975032,-0.591845344274662,76,0,-4.97394,50,0.4,0.6,40,"both",0.217976478975032,-0.591845344274662
"7546",36,2,0.00222337214603616,-5.65367937516104,6.37145017918535,72,100,0.217976478975032,-0.591845344274662,76,1,-1.50556,50,0.4,0.6,40,"both",0.217976478975032,-0.591845344274662
"7547",36,2,0.00222337214603616,-5.65367937516104,6.37145017918535,72,100,0.217976478975032,-0.591845344274662,76,0,-16.98157,50,0.4,0.6,40,"both",0.217976478975032,-0.591845344274662
"7548",36,2,0.00222337214603616,-5.65367937516104,6.37145017918535,72,100,0.217976478975032,-0.591845344274662,76,1,-0.46853,50,0.4,0.6,40,"both",0.217976478975032,-0.591845344274662
"7549",36,2,0.00222337214603616,-5.65367937516104,6.37145017918535,72,100,0.217976478975032,-0.591845344274662,76,0,-6.93597,50,0.4,0.6,40,"both",0.217976478975032,-0.591845344274662
"7550",36,2,0.00222337214603616,-5.65367937516104,6.37145017918535,72,100,0.217976478975032,-0.591845344274662,76,0,-10.10626,50,0.4,0.6,40,"both",0.217976478975032,-0.591845344274662
"7551",36,2,0.00222337214603616,-5.65367937516104,6.37145017918535,72,100,0.217976478975032,-0.591845344274662,76,0,-13.68937,50,0.4,0.6,40,"both",0.217976478975032,-0.591845344274662
"7552",36,2,0.00222337214603616,-5.65367937516104,6.37145017918535,72,100,0.217976478975032,-0.591845344274662,76,1,-12.68355,50,0.4,0.6,40,"both",0.217976478975032,-0.591845344274662
"7553",36,2,0.00222337214603616,-5.65367937516104,6.37145017918535,72,100,0.217976478975032,-0.591845344274662,76,0,-9.88435,50,0.4,0.6,40,"both",0.217976478975032,-0.591845344274662
"7554",36,2,0.00222337214603616,-5.65367937516104,6.37145017918535,72,100,0.217976478975032,-0.591845344274662,76,0,-6.4118,50,0.4,0.6,40,"both",0.217976478975032,-0.591845344274662
"7555",36,2,0.00222337214603616,-5.65367937516104,6.37145017918535,72,100,0.217976478975032,-0.591845344274662,76,0,-11.85488,50,0.4,0.6,40,"both",0.217976478975032,-0.591845344274662
"7556",36,2,0.00222337214603616,-5.65367937516104,6.37145017918535,72,100,0.217976478975032,-0.591845344274662,76,1,-0.02156,50,0.4,0.6,40,"both",0.217976478975032,-0.591845344274662
"7557",36,2,0.00222337214603616,-5.65367937516104,6.37145017918535,72,100,0.217976478975032,-0.591845344274662,76,0,-2.51595,50,0.4,0.6,40,"both",0.217976478975032,-0.591845344274662
"7558",36,2,0.00222337214603616,-5.65367937516104,6.37145017918535,72,100,0.217976478975032,-0.591845344274662,76,1,-13.71246,50,0.4,0.6,40,"both",0.217976478975032,-0.591845344274662
"7559",36,2,0.00222337214603616,-5.65367937516104,6.37145017918535,72,100,0.217976478975032,-0.591845344274662,76,0,-3.70646,50,0.4,0.6,40,"both",0.217976478975032,-0.591845344274662
"7560",36,2,0.00222337214603616,-5.65367937516104,6.37145017918535,72,100,0.217976478975032,-0.591845344274662,76,0,-11.47614,50,0.4,0.6,40,"both",0.217976478975032,-0.591845344274662
"7561",36,2,0.00222337214603616,-5.65367937516104,6.37145017918535,72,100,0.217976478975032,-0.591845344274662,76,0,-12.5943,50,0.4,0.6,40,"both",0.217976478975032,-0.591845344274662
"7562",36,2,0.00222337214603616,-5.65367937516104,6.37145017918535,72,100,0.217976478975032,-0.591845344274662,76,0,-9.05366,50,0.4,0.6,40,"both",0.217976478975032,-0.591845344274662
"7563",36,2,0.00222337214603616,-5.65367937516104,6.37145017918535,72,100,0.217976478975032,-0.591845344274662,76,0,-2.90881,50,0.4,0.6,40,"both",0.217976478975032,-0.591845344274662
"7564",36,2,0.00222337214603616,-5.65367937516104,6.37145017918535,72,100,0.217976478975032,-0.591845344274662,76,0,-9.6744,50,0.4,0.6,40,"both",0.217976478975032,-0.591845344274662
"7565",36,2,0.00222337214603616,-5.65367937516104,6.37145017918535,72,100,0.217976478975032,-0.591845344274662,76,0,-7.31557,50,0.4,0.6,40,"both",0.217976478975032,-0.591845344274662
"7566",36,2,0.00222337214603616,-5.65367937516104,6.37145017918535,72,100,0.217976478975032,-0.591845344274662,76,1,-1.28644,50,0.4,0.6,40,"both",0.217976478975032,-0.591845344274662
"7567",36,2,0.00222337214603616,-5.65367937516104,6.37145017918535,72,100,0.217976478975032,-0.591845344274662,76,1,-0.65065,50,0.4,0.6,40,"both",0.217976478975032,-0.591845344274662
"7568",36,2,0.00222337214603616,-5.65367937516104,6.37145017918535,72,100,0.217976478975032,-0.591845344274662,76,0,-11.71519,50,0.4,0.6,40,"both",0.217976478975032,-0.591845344274662
"7569",36,2,0.00222337214603616,-5.65367937516104,6.37145017918535,72,100,0.217976478975032,-0.591845344274662,76,0,-3.00003,50,0.4,0.6,40,"both",0.217976478975032,-0.591845344274662
"7570",36,2,0.00222337214603616,-5.65367937516104,6.37145017918535,72,100,0.217976478975032,-0.591845344274662,76,0,-9.54293,50,0.4,0.6,40,"both",0.217976478975032,-0.591845344274662
"7571",36,2,0.00222337214603616,-5.65367937516104,6.37145017918535,72,100,0.217976478975032,-0.591845344274662,76,1,2.38352,50,0.4,0.6,40,"both",0.217976478975032,-0.591845344274662
"7572",36,2,0.00222337214603616,-5.65367937516104,6.37145017918535,72,100,0.217976478975032,-0.591845344274662,76,1,-7.65917,50,0.4,0.6,40,"both",0.217976478975032,-0.591845344274662
"7573",36,2,0.00222337214603616,-5.65367937516104,6.37145017918535,72,100,0.217976478975032,-0.591845344274662,76,1,-0.86112,50,0.4,0.6,40,"both",0.217976478975032,-0.591845344274662
"7574",36,2,0.00222337214603616,-5.65367937516104,6.37145017918535,72,100,0.217976478975032,-0.591845344274662,76,0,-4.11672,50,0.4,0.6,40,"both",0.217976478975032,-0.591845344274662
"7575",36,2,0.00222337214603616,-5.65367937516104,6.37145017918535,72,100,0.217976478975032,-0.591845344274662,76,1,-1.32401,50,0.4,0.6,40,"both",0.217976478975032,-0.591845344274662
"7576",36,2,0.00222337214603616,-5.65367937516104,6.37145017918535,72,100,0.217976478975032,-0.591845344274662,76,1,0.00778999999999996,50,0.4,0.6,40,"both",0.217976478975032,-0.591845344274662
"7577",36,2,0.00222337214603616,-5.65367937516104,6.37145017918535,72,100,0.217976478975032,-0.591845344274662,76,1,4.32549,50,0.4,0.6,40,"both",0.217976478975032,-0.591845344274662
"7578",36,2,0.00222337214603616,-5.65367937516104,6.37145017918535,72,100,0.217976478975032,-0.591845344274662,76,1,-8.11293,50,0.4,0.6,40,"both",0.217976478975032,-0.591845344274662
"7579",36,2,0.00222337214603616,-5.65367937516104,6.37145017918535,72,100,0.217976478975032,-0.591845344274662,76,0,-12.55404,50,0.4,0.6,40,"both",0.217976478975032,-0.591845344274662
"7580",36,2,0.00222337214603616,-5.65367937516104,6.37145017918535,72,100,0.217976478975032,-0.591845344274662,76,0,-11.15952,50,0.4,0.6,40,"both",0.217976478975032,-0.591845344274662
"7581",36,2,0.00222337214603616,-5.65367937516104,6.37145017918535,72,100,0.217976478975032,-0.591845344274662,76,1,2.10039,50,0.4,0.6,40,"both",0.217976478975032,-0.591845344274662
"7582",36,2,0.00222337214603616,-5.65367937516104,6.37145017918535,72,100,0.217976478975032,-0.591845344274662,76,1,-12.49403,50,0.4,0.6,40,"both",0.217976478975032,-0.591845344274662
"7583",36,2,0.00222337214603616,-5.65367937516104,6.37145017918535,72,100,0.217976478975032,-0.591845344274662,76,1,-10.83573,50,0.4,0.6,40,"both",0.217976478975032,-0.591845344274662
"7584",36,2,0.00222337214603616,-5.65367937516104,6.37145017918535,72,100,0.217976478975032,-0.591845344274662,76,1,-1.62502,50,0.4,0.6,40,"both",0.217976478975032,-0.591845344274662
"7585",36,2,0.00222337214603616,-5.65367937516104,6.37145017918535,72,100,0.217976478975032,-0.591845344274662,76,1,2.90257,50,0.4,0.6,40,"both",0.217976478975032,-0.591845344274662
"7586",36,2,0.00222337214603616,-5.65367937516104,6.37145017918535,72,100,0.217976478975032,-0.591845344274662,76,0,-3.0615,50,0.4,0.6,40,"both",0.217976478975032,-0.591845344274662
"7587",36,2,0.00222337214603616,-5.65367937516104,6.37145017918535,72,100,0.217976478975032,-0.591845344274662,76,0,-12.92979,50,0.4,0.6,40,"both",0.217976478975032,-0.591845344274662
"7588",36,2,0.00222337214603616,-5.65367937516104,6.37145017918535,72,100,0.217976478975032,-0.591845344274662,76,1,2.17968,50,0.4,0.6,40,"both",0.217976478975032,-0.591845344274662
"7589",36,2,0.00222337214603616,-5.65367937516104,6.37145017918535,72,100,0.217976478975032,-0.591845344274662,76,0,-1.75382,50,0.4,0.6,40,"both",0.217976478975032,-0.591845344274662
"7590",36,2,0.00222337214603616,-5.65367937516104,6.37145017918535,72,100,0.217976478975032,-0.591845344274662,76,1,-1.05805,50,0.4,0.6,40,"both",0.217976478975032,-0.591845344274662
"7591",36,2,0.00222337214603616,-5.65367937516104,6.37145017918535,72,100,0.217976478975032,-0.591845344274662,76,0,-1.34254,50,0.4,0.6,40,"both",0.217976478975032,-0.591845344274662
"7592",36,2,0.00222337214603616,-5.65367937516104,6.37145017918535,72,100,0.217976478975032,-0.591845344274662,76,1,5.41654,50,0.4,0.6,40,"both",0.217976478975032,-0.591845344274662
"7593",36,2,0.00222337214603616,-5.65367937516104,6.37145017918535,72,100,0.217976478975032,-0.591845344274662,76,0,-11.26157,50,0.4,0.6,40,"both",0.217976478975032,-0.591845344274662
"7594",36,2,0.00222337214603616,-5.65367937516104,6.37145017918535,72,100,0.217976478975032,-0.591845344274662,76,1,-8.95801,50,0.4,0.6,40,"both",0.217976478975032,-0.591845344274662
"7595",36,2,0.00222337214603616,-5.65367937516104,6.37145017918535,72,100,0.217976478975032,-0.591845344274662,76,0,-13.22968,50,0.4,0.6,40,"both",0.217976478975032,-0.591845344274662
"7596",36,2,0.00222337214603616,-5.65367937516104,6.37145017918535,72,100,0.217976478975032,-0.591845344274662,76,0,-10.01108,50,0.4,0.6,40,"both",0.217976478975032,-0.591845344274662
"7597",36,2,0.00222337214603616,-5.65367937516104,6.37145017918535,72,100,0.217976478975032,-0.591845344274662,76,0,-1.09485,50,0.4,0.6,40,"both",0.217976478975032,-0.591845344274662
"7598",36,2,0.00222337214603616,-5.65367937516104,6.37145017918535,72,100,0.217976478975032,-0.591845344274662,76,1,-2.48455,50,0.4,0.6,40,"both",0.217976478975032,-0.591845344274662
"7599",36,2,0.00222337214603616,-5.65367937516104,6.37145017918535,72,100,0.217976478975032,-0.591845344274662,76,0,-0.61102,50,0.4,0.6,40,"both",0.217976478975032,-0.591845344274662
"7600",36,2,0.00222337214603616,-5.65367937516104,6.37145017918535,72,100,0.217976478975032,-0.591845344274662,76,0,-12.07734,50,0.4,0.6,40,"both",0.217976478975032,-0.591845344274662
"7601",37,2,0.0445947515097584,-36.6699615364262,5.93560660625572,74,100,0.217976478975032,-0.591845344274662,77,1,-10.281541257611,50,0.4,0.6,40,"both",0.217976478975032,-0.591845344274662
"7602",37,2,0.0445947515097584,-36.6699615364262,5.93560660625572,74,100,0.217976478975032,-0.591845344274662,77,1,-12.7503076093,50,0.4,0.6,40,"both",0.217976478975032,-0.591845344274662
"7603",37,2,0.0445947515097584,-36.6699615364262,5.93560660625572,74,100,0.217976478975032,-0.591845344274662,77,1,-21.0649180717,50,0.4,0.6,40,"both",0.217976478975032,-0.591845344274662
"7604",37,2,0.0445947515097584,-36.6699615364262,5.93560660625572,74,100,0.217976478975032,-0.591845344274662,77,1,-27.393716882,50,0.4,0.6,40,"both",0.217976478975032,-0.591845344274662
"7605",37,2,0.0445947515097584,-36.6699615364262,5.93560660625572,74,100,0.217976478975032,-0.591845344274662,77,1,-27.08363,50,0.4,0.6,40,"both",0.217976478975032,-0.591845344274662
"7606",37,2,0.0445947515097584,-36.6699615364262,5.93560660625572,74,100,0.217976478975032,-0.591845344274662,77,1,-35.61766508,50,0.4,0.6,40,"both",0.217976478975032,-0.591845344274662
"7607",37,2,0.0445947515097584,-36.6699615364262,5.93560660625572,74,100,0.217976478975032,-0.591845344274662,77,0,-40.98576,50,0.4,0.6,40,"both",0.217976478975032,-0.591845344274662
"7608",37,2,0.0445947515097584,-36.6699615364262,5.93560660625572,74,100,0.217976478975032,-0.591845344274662,77,1,-16.3299,50,0.4,0.6,40,"both",0.217976478975032,-0.591845344274662
"7609",37,2,0.0445947515097584,-36.6699615364262,5.93560660625572,74,100,0.217976478975032,-0.591845344274662,77,1,-19.5048,50,0.4,0.6,40,"both",0.217976478975032,-0.591845344274662
"7610",37,2,0.0445947515097584,-36.6699615364262,5.93560660625572,74,100,0.217976478975032,-0.591845344274662,77,0,-48.1026,50,0.4,0.6,40,"both",0.217976478975032,-0.591845344274662
"7611",37,2,0.0445947515097584,-36.6699615364262,5.93560660625572,74,100,0.217976478975032,-0.591845344274662,77,0,-31.31706,50,0.4,0.6,40,"both",0.217976478975032,-0.591845344274662
"7612",37,2,0.0445947515097584,-36.6699615364262,5.93560660625572,74,100,0.217976478975032,-0.591845344274662,77,1,-31.51985,50,0.4,0.6,40,"both",0.217976478975032,-0.591845344274662
"7613",37,2,0.0445947515097584,-36.6699615364262,5.93560660625572,74,100,0.217976478975032,-0.591845344274662,77,1,-32.97586,50,0.4,0.6,40,"both",0.217976478975032,-0.591845344274662
"7614",37,2,0.0445947515097584,-36.6699615364262,5.93560660625572,74,100,0.217976478975032,-0.591845344274662,77,0,-40.05155,50,0.4,0.6,40,"both",0.217976478975032,-0.591845344274662
"7615",37,2,0.0445947515097584,-36.6699615364262,5.93560660625572,74,100,0.217976478975032,-0.591845344274662,77,1,-39.92933,50,0.4,0.6,40,"both",0.217976478975032,-0.591845344274662
"7616",37,2,0.0445947515097584,-36.6699615364262,5.93560660625572,74,100,0.217976478975032,-0.591845344274662,77,0,-49.82808,50,0.4,0.6,40,"both",0.217976478975032,-0.591845344274662
"7617",37,2,0.0445947515097584,-36.6699615364262,5.93560660625572,74,100,0.217976478975032,-0.591845344274662,77,1,-24.94402,50,0.4,0.6,40,"both",0.217976478975032,-0.591845344274662
"7618",37,2,0.0445947515097584,-36.6699615364262,5.93560660625572,74,100,0.217976478975032,-0.591845344274662,77,1,-38.8279,50,0.4,0.6,40,"both",0.217976478975032,-0.591845344274662
"7619",37,2,0.0445947515097584,-36.6699615364262,5.93560660625572,74,100,0.217976478975032,-0.591845344274662,77,1,-29.53652,50,0.4,0.6,40,"both",0.217976478975032,-0.591845344274662
"7620",37,2,0.0445947515097584,-36.6699615364262,5.93560660625572,74,100,0.217976478975032,-0.591845344274662,77,1,-36.86496,50,0.4,0.6,40,"both",0.217976478975032,-0.591845344274662
"7621",37,2,0.0445947515097584,-36.6699615364262,5.93560660625572,74,100,0.217976478975032,-0.591845344274662,77,0,-49.94773,50,0.4,0.6,40,"both",0.217976478975032,-0.591845344274662
"7622",37,2,0.0445947515097584,-36.6699615364262,5.93560660625572,74,100,0.217976478975032,-0.591845344274662,77,0,-39.6005876,50,0.4,0.6,40,"both",0.217976478975032,-0.591845344274662
"7623",37,2,0.0445947515097584,-36.6699615364262,5.93560660625572,74,100,0.217976478975032,-0.591845344274662,77,0,-35.0875,50,0.4,0.6,40,"both",0.217976478975032,-0.591845344274662
"7624",37,2,0.0445947515097584,-36.6699615364262,5.93560660625572,74,100,0.217976478975032,-0.591845344274662,77,1,-30.13615,50,0.4,0.6,40,"both",0.217976478975032,-0.591845344274662
"7625",37,2,0.0445947515097584,-36.6699615364262,5.93560660625572,74,100,0.217976478975032,-0.591845344274662,77,0,-42.97576,50,0.4,0.6,40,"both",0.217976478975032,-0.591845344274662
"7626",37,2,0.0445947515097584,-36.6699615364262,5.93560660625572,74,100,0.217976478975032,-0.591845344274662,77,1,-42.85483,50,0.4,0.6,40,"both",0.217976478975032,-0.591845344274662
"7627",37,2,0.0445947515097584,-36.6699615364262,5.93560660625572,74,100,0.217976478975032,-0.591845344274662,77,0,-43.52172,50,0.4,0.6,40,"both",0.217976478975032,-0.591845344274662
"7628",37,2,0.0445947515097584,-36.6699615364262,5.93560660625572,74,100,0.217976478975032,-0.591845344274662,77,1,-16.0893,50,0.4,0.6,40,"both",0.217976478975032,-0.591845344274662
"7629",37,2,0.0445947515097584,-36.6699615364262,5.93560660625572,74,100,0.217976478975032,-0.591845344274662,77,1,-26.65005,50,0.4,0.6,40,"both",0.217976478975032,-0.591845344274662
"7630",37,2,0.0445947515097584,-36.6699615364262,5.93560660625572,74,100,0.217976478975032,-0.591845344274662,77,0,-35.96034,50,0.4,0.6,40,"both",0.217976478975032,-0.591845344274662
"7631",37,2,0.0445947515097584,-36.6699615364262,5.93560660625572,74,100,0.217976478975032,-0.591845344274662,77,1,-29.68885,50,0.4,0.6,40,"both",0.217976478975032,-0.591845344274662
"7632",37,2,0.0445947515097584,-36.6699615364262,5.93560660625572,74,100,0.217976478975032,-0.591845344274662,77,1,-37.4292099,50,0.4,0.6,40,"both",0.217976478975032,-0.591845344274662
"7633",37,2,0.0445947515097584,-36.6699615364262,5.93560660625572,74,100,0.217976478975032,-0.591845344274662,77,0,-46.18292,50,0.4,0.6,40,"both",0.217976478975032,-0.591845344274662
"7634",37,2,0.0445947515097584,-36.6699615364262,5.93560660625572,74,100,0.217976478975032,-0.591845344274662,77,0,-44.10354,50,0.4,0.6,40,"both",0.217976478975032,-0.591845344274662
"7635",37,2,0.0445947515097584,-36.6699615364262,5.93560660625572,74,100,0.217976478975032,-0.591845344274662,77,1,-30.24363,50,0.4,0.6,40,"both",0.217976478975032,-0.591845344274662
"7636",37,2,0.0445947515097584,-36.6699615364262,5.93560660625572,74,100,0.217976478975032,-0.591845344274662,77,1,-18.9593,50,0.4,0.6,40,"both",0.217976478975032,-0.591845344274662
"7637",37,2,0.0445947515097584,-36.6699615364262,5.93560660625572,74,100,0.217976478975032,-0.591845344274662,77,0,-43.49028,50,0.4,0.6,40,"both",0.217976478975032,-0.591845344274662
"7638",37,2,0.0445947515097584,-36.6699615364262,5.93560660625572,74,100,0.217976478975032,-0.591845344274662,77,1,-39.83937,50,0.4,0.6,40,"both",0.217976478975032,-0.591845344274662
"7639",37,2,0.0445947515097584,-36.6699615364262,5.93560660625572,74,100,0.217976478975032,-0.591845344274662,77,1,-30.3709,50,0.4,0.6,40,"both",0.217976478975032,-0.591845344274662
"7640",37,2,0.0445947515097584,-36.6699615364262,5.93560660625572,74,100,0.217976478975032,-0.591845344274662,77,0,-36.43626,50,0.4,0.6,40,"both",0.217976478975032,-0.591845344274662
"7641",37,2,0.0445947515097584,-36.6699615364262,5.93560660625572,74,100,0.217976478975032,-0.591845344274662,77,1,-31.87907,50,0.4,0.6,40,"both",0.217976478975032,-0.591845344274662
"7642",37,2,0.0445947515097584,-36.6699615364262,5.93560660625572,74,100,0.217976478975032,-0.591845344274662,77,0,-47.16398,50,0.4,0.6,40,"both",0.217976478975032,-0.591845344274662
"7643",37,2,0.0445947515097584,-36.6699615364262,5.93560660625572,74,100,0.217976478975032,-0.591845344274662,77,0,-42.31332,50,0.4,0.6,40,"both",0.217976478975032,-0.591845344274662
"7644",37,2,0.0445947515097584,-36.6699615364262,5.93560660625572,74,100,0.217976478975032,-0.591845344274662,77,1,-33.53853,50,0.4,0.6,40,"both",0.217976478975032,-0.591845344274662
"7645",37,2,0.0445947515097584,-36.6699615364262,5.93560660625572,74,100,0.217976478975032,-0.591845344274662,77,0,-48.7544,50,0.4,0.6,40,"both",0.217976478975032,-0.591845344274662
"7646",37,2,0.0445947515097584,-36.6699615364262,5.93560660625572,74,100,0.217976478975032,-0.591845344274662,77,0,-44.90361,50,0.4,0.6,40,"both",0.217976478975032,-0.591845344274662
"7647",37,2,0.0445947515097584,-36.6699615364262,5.93560660625572,74,100,0.217976478975032,-0.591845344274662,77,1,-32.21397,50,0.4,0.6,40,"both",0.217976478975032,-0.591845344274662
"7648",37,2,0.0445947515097584,-36.6699615364262,5.93560660625572,74,100,0.217976478975032,-0.591845344274662,77,1,-30.87075,50,0.4,0.6,40,"both",0.217976478975032,-0.591845344274662
"7649",37,2,0.0445947515097584,-36.6699615364262,5.93560660625572,74,100,0.217976478975032,-0.591845344274662,77,0,-42.95362,50,0.4,0.6,40,"both",0.217976478975032,-0.591845344274662
"7650",37,2,0.0445947515097584,-36.6699615364262,5.93560660625572,74,100,0.217976478975032,-0.591845344274662,77,0,-35.61754,50,0.4,0.6,40,"both",0.217976478975032,-0.591845344274662
"7651",37,2,0.0445947515097584,-36.6699615364262,5.93560660625572,74,100,0.217976478975032,-0.591845344274662,77,0,-46.03502,50,0.4,0.6,40,"both",0.217976478975032,-0.591845344274662
"7652",37,2,0.0445947515097584,-36.6699615364262,5.93560660625572,74,100,0.217976478975032,-0.591845344274662,77,1,-30.35172,50,0.4,0.6,40,"both",0.217976478975032,-0.591845344274662
"7653",37,2,0.0445947515097584,-36.6699615364262,5.93560660625572,74,100,0.217976478975032,-0.591845344274662,77,0,-44.50223,50,0.4,0.6,40,"both",0.217976478975032,-0.591845344274662
"7654",37,2,0.0445947515097584,-36.6699615364262,5.93560660625572,74,100,0.217976478975032,-0.591845344274662,77,1,-31.24652,50,0.4,0.6,40,"both",0.217976478975032,-0.591845344274662
"7655",37,2,0.0445947515097584,-36.6699615364262,5.93560660625572,74,100,0.217976478975032,-0.591845344274662,77,1,-32.07544,50,0.4,0.6,40,"both",0.217976478975032,-0.591845344274662
"7656",37,2,0.0445947515097584,-36.6699615364262,5.93560660625572,74,100,0.217976478975032,-0.591845344274662,77,0,-41.8367,50,0.4,0.6,40,"both",0.217976478975032,-0.591845344274662
"7657",37,2,0.0445947515097584,-36.6699615364262,5.93560660625572,74,100,0.217976478975032,-0.591845344274662,77,1,-32.31831,50,0.4,0.6,40,"both",0.217976478975032,-0.591845344274662
"7658",37,2,0.0445947515097584,-36.6699615364262,5.93560660625572,74,100,0.217976478975032,-0.591845344274662,77,1,-33.92317,50,0.4,0.6,40,"both",0.217976478975032,-0.591845344274662
"7659",37,2,0.0445947515097584,-36.6699615364262,5.93560660625572,74,100,0.217976478975032,-0.591845344274662,77,1,-35.20275,50,0.4,0.6,40,"both",0.217976478975032,-0.591845344274662
"7660",37,2,0.0445947515097584,-36.6699615364262,5.93560660625572,74,100,0.217976478975032,-0.591845344274662,77,0,-41.99214,50,0.4,0.6,40,"both",0.217976478975032,-0.591845344274662
"7661",37,2,0.0445947515097584,-36.6699615364262,5.93560660625572,74,100,0.217976478975032,-0.591845344274662,77,0,-43.48437,50,0.4,0.6,40,"both",0.217976478975032,-0.591845344274662
"7662",37,2,0.0445947515097584,-36.6699615364262,5.93560660625572,74,100,0.217976478975032,-0.591845344274662,77,0,-41.38332,50,0.4,0.6,40,"both",0.217976478975032,-0.591845344274662
"7663",37,2,0.0445947515097584,-36.6699615364262,5.93560660625572,74,100,0.217976478975032,-0.591845344274662,77,0,-42.69855,50,0.4,0.6,40,"both",0.217976478975032,-0.591845344274662
"7664",37,2,0.0445947515097584,-36.6699615364262,5.93560660625572,74,100,0.217976478975032,-0.591845344274662,77,1,-27.28578,50,0.4,0.6,40,"both",0.217976478975032,-0.591845344274662
"7665",37,2,0.0445947515097584,-36.6699615364262,5.93560660625572,74,100,0.217976478975032,-0.591845344274662,77,0,-40.40975,50,0.4,0.6,40,"both",0.217976478975032,-0.591845344274662
"7666",37,2,0.0445947515097584,-36.6699615364262,5.93560660625572,74,100,0.217976478975032,-0.591845344274662,77,1,-31.09295,50,0.4,0.6,40,"both",0.217976478975032,-0.591845344274662
"7667",37,2,0.0445947515097584,-36.6699615364262,5.93560660625572,74,100,0.217976478975032,-0.591845344274662,77,0,-35.00449,50,0.4,0.6,40,"both",0.217976478975032,-0.591845344274662
"7668",37,2,0.0445947515097584,-36.6699615364262,5.93560660625572,74,100,0.217976478975032,-0.591845344274662,77,1,-34.92401,50,0.4,0.6,40,"both",0.217976478975032,-0.591845344274662
"7669",37,2,0.0445947515097584,-36.6699615364262,5.93560660625572,74,100,0.217976478975032,-0.591845344274662,77,1,-33.92494,50,0.4,0.6,40,"both",0.217976478975032,-0.591845344274662
"7670",37,2,0.0445947515097584,-36.6699615364262,5.93560660625572,74,100,0.217976478975032,-0.591845344274662,77,0,-34.59111,50,0.4,0.6,40,"both",0.217976478975032,-0.591845344274662
"7671",37,2,0.0445947515097584,-36.6699615364262,5.93560660625572,74,100,0.217976478975032,-0.591845344274662,77,0,-42.95385,50,0.4,0.6,40,"both",0.217976478975032,-0.591845344274662
"7672",37,2,0.0445947515097584,-36.6699615364262,5.93560660625572,74,100,0.217976478975032,-0.591845344274662,77,0,-40.26684,50,0.4,0.6,40,"both",0.217976478975032,-0.591845344274662
"7673",37,2,0.0445947515097584,-36.6699615364262,5.93560660625572,74,100,0.217976478975032,-0.591845344274662,77,0,-46.36971,50,0.4,0.6,40,"both",0.217976478975032,-0.591845344274662
"7674",37,2,0.0445947515097584,-36.6699615364262,5.93560660625572,74,100,0.217976478975032,-0.591845344274662,77,0,-31.00959,50,0.4,0.6,40,"both",0.217976478975032,-0.591845344274662
"7675",37,2,0.0445947515097584,-36.6699615364262,5.93560660625572,74,100,0.217976478975032,-0.591845344274662,77,1,-30.86747,50,0.4,0.6,40,"both",0.217976478975032,-0.591845344274662
"7676",37,2,0.0445947515097584,-36.6699615364262,5.93560660625572,74,100,0.217976478975032,-0.591845344274662,77,0,-40.76659,50,0.4,0.6,40,"both",0.217976478975032,-0.591845344274662
"7677",37,2,0.0445947515097584,-36.6699615364262,5.93560660625572,74,100,0.217976478975032,-0.591845344274662,77,0,-43.10675,50,0.4,0.6,40,"both",0.217976478975032,-0.591845344274662
"7678",37,2,0.0445947515097584,-36.6699615364262,5.93560660625572,74,100,0.217976478975032,-0.591845344274662,77,0,-42.58758,50,0.4,0.6,40,"both",0.217976478975032,-0.591845344274662
"7679",37,2,0.0445947515097584,-36.6699615364262,5.93560660625572,74,100,0.217976478975032,-0.591845344274662,77,0,-41.25811,50,0.4,0.6,40,"both",0.217976478975032,-0.591845344274662
"7680",37,2,0.0445947515097584,-36.6699615364262,5.93560660625572,74,100,0.217976478975032,-0.591845344274662,77,1,-30.22289,50,0.4,0.6,40,"both",0.217976478975032,-0.591845344274662
"7681",37,2,0.0445947515097584,-36.6699615364262,5.93560660625572,74,100,0.217976478975032,-0.591845344274662,77,1,-32.23027,50,0.4,0.6,40,"both",0.217976478975032,-0.591845344274662
"7682",37,2,0.0445947515097584,-36.6699615364262,5.93560660625572,74,100,0.217976478975032,-0.591845344274662,77,1,-35.08566,50,0.4,0.6,40,"both",0.217976478975032,-0.591845344274662
"7683",37,2,0.0445947515097584,-36.6699615364262,5.93560660625572,74,100,0.217976478975032,-0.591845344274662,77,0,-40.20896,50,0.4,0.6,40,"both",0.217976478975032,-0.591845344274662
"7684",37,2,0.0445947515097584,-36.6699615364262,5.93560660625572,74,100,0.217976478975032,-0.591845344274662,77,0,-43.59591,50,0.4,0.6,40,"both",0.217976478975032,-0.591845344274662
"7685",37,2,0.0445947515097584,-36.6699615364262,5.93560660625572,74,100,0.217976478975032,-0.591845344274662,77,0,-39.4748,50,0.4,0.6,40,"both",0.217976478975032,-0.591845344274662
"7686",37,2,0.0445947515097584,-36.6699615364262,5.93560660625572,74,100,0.217976478975032,-0.591845344274662,77,0,-42.62252,50,0.4,0.6,40,"both",0.217976478975032,-0.591845344274662
"7687",37,2,0.0445947515097584,-36.6699615364262,5.93560660625572,74,100,0.217976478975032,-0.591845344274662,77,1,-40.89916,50,0.4,0.6,40,"both",0.217976478975032,-0.591845344274662
"7688",37,2,0.0445947515097584,-36.6699615364262,5.93560660625572,74,100,0.217976478975032,-0.591845344274662,77,0,-34.50511,50,0.4,0.6,40,"both",0.217976478975032,-0.591845344274662
"7689",37,2,0.0445947515097584,-36.6699615364262,5.93560660625572,74,100,0.217976478975032,-0.591845344274662,77,1,-31.60723,50,0.4,0.6,40,"both",0.217976478975032,-0.591845344274662
"7690",37,2,0.0445947515097584,-36.6699615364262,5.93560660625572,74,100,0.217976478975032,-0.591845344274662,77,1,-33.12499,50,0.4,0.6,40,"both",0.217976478975032,-0.591845344274662
"7691",37,2,0.0445947515097584,-36.6699615364262,5.93560660625572,74,100,0.217976478975032,-0.591845344274662,77,1,-40.67863,50,0.4,0.6,40,"both",0.217976478975032,-0.591845344274662
"7692",37,2,0.0445947515097584,-36.6699615364262,5.93560660625572,74,100,0.217976478975032,-0.591845344274662,77,0,-41.25529,50,0.4,0.6,40,"both",0.217976478975032,-0.591845344274662
"7693",37,2,0.0445947515097584,-36.6699615364262,5.93560660625572,74,100,0.217976478975032,-0.591845344274662,77,1,-34.34073,50,0.4,0.6,40,"both",0.217976478975032,-0.591845344274662
"7694",37,2,0.0445947515097584,-36.6699615364262,5.93560660625572,74,100,0.217976478975032,-0.591845344274662,77,1,-38.94209,50,0.4,0.6,40,"both",0.217976478975032,-0.591845344274662
"7695",37,2,0.0445947515097584,-36.6699615364262,5.93560660625572,74,100,0.217976478975032,-0.591845344274662,77,1,-42.69114,50,0.4,0.6,40,"both",0.217976478975032,-0.591845344274662
"7696",37,2,0.0445947515097584,-36.6699615364262,5.93560660625572,74,100,0.217976478975032,-0.591845344274662,77,0,-43.14493,50,0.4,0.6,40,"both",0.217976478975032,-0.591845344274662
"7697",37,2,0.0445947515097584,-36.6699615364262,5.93560660625572,74,100,0.217976478975032,-0.591845344274662,77,0,-32.20714,50,0.4,0.6,40,"both",0.217976478975032,-0.591845344274662
"7698",37,2,0.0445947515097584,-36.6699615364262,5.93560660625572,74,100,0.217976478975032,-0.591845344274662,77,0,-40.51046,50,0.4,0.6,40,"both",0.217976478975032,-0.591845344274662
"7699",37,2,0.0445947515097584,-36.6699615364262,5.93560660625572,74,100,0.217976478975032,-0.591845344274662,77,0,-41.16991,50,0.4,0.6,40,"both",0.217976478975032,-0.591845344274662
"7700",37,2,0.0445947515097584,-36.6699615364262,5.93560660625572,74,100,0.217976478975032,-0.591845344274662,77,0,-32.04884,50,0.4,0.6,40,"both",0.217976478975032,-0.591845344274662
"7701",38,2,0.00935703940136006,9.60856721025724,8.23613339176348,76,100,0.217976478975032,-0.591845344274662,78,1,8.3997197637,50,0.4,0.6,40,"both",0.217976478975032,-0.591845344274662
"7702",38,2,0.00935703940136006,9.60856721025724,8.23613339176348,76,100,0.217976478975032,-0.591845344274662,78,0,-6.0826943129,50,0.4,0.6,40,"both",0.217976478975032,-0.591845344274662
"7703",38,2,0.00935703940136006,9.60856721025724,8.23613339176348,76,100,0.217976478975032,-0.591845344274662,78,0,1.6421207371,50,0.4,0.6,40,"both",0.217976478975032,-0.591845344274662
"7704",38,2,0.00935703940136006,9.60856721025724,8.23613339176348,76,100,0.217976478975032,-0.591845344274662,78,0,3.6605697578,50,0.4,0.6,40,"both",0.217976478975032,-0.591845344274662
"7705",38,2,0.00935703940136006,9.60856721025724,8.23613339176348,76,100,0.217976478975032,-0.591845344274662,78,1,9.90258,50,0.4,0.6,40,"both",0.217976478975032,-0.591845344274662
"7706",38,2,0.00935703940136006,9.60856721025724,8.23613339176348,76,100,0.217976478975032,-0.591845344274662,78,0,12.70565,50,0.4,0.6,40,"both",0.217976478975032,-0.591845344274662
"7707",38,2,0.00935703940136006,9.60856721025724,8.23613339176348,76,100,0.217976478975032,-0.591845344274662,78,1,8.4095557664,50,0.4,0.6,40,"both",0.217976478975032,-0.591845344274662
"7708",38,2,0.00935703940136006,9.60856721025724,8.23613339176348,76,100,0.217976478975032,-0.591845344274662,78,0,9.0159994447,50,0.4,0.6,40,"both",0.217976478975032,-0.591845344274662
"7709",38,2,0.00935703940136006,9.60856721025724,8.23613339176348,76,100,0.217976478975032,-0.591845344274662,78,0,-5.42812,50,0.4,0.6,40,"both",0.217976478975032,-0.591845344274662
"7710",38,2,0.00935703940136006,9.60856721025724,8.23613339176348,76,100,0.217976478975032,-0.591845344274662,78,0,-3.51656,50,0.4,0.6,40,"both",0.217976478975032,-0.591845344274662
"7711",38,2,0.00935703940136006,9.60856721025724,8.23613339176348,76,100,0.217976478975032,-0.591845344274662,78,1,14.32126,50,0.4,0.6,40,"both",0.217976478975032,-0.591845344274662
"7712",38,2,0.00935703940136006,9.60856721025724,8.23613339176348,76,100,0.217976478975032,-0.591845344274662,78,0,-3.85686,50,0.4,0.6,40,"both",0.217976478975032,-0.591845344274662
"7713",38,2,0.00935703940136006,9.60856721025724,8.23613339176348,76,100,0.217976478975032,-0.591845344274662,78,0,2.3403,50,0.4,0.6,40,"both",0.217976478975032,-0.591845344274662
"7714",38,2,0.00935703940136006,9.60856721025724,8.23613339176348,76,100,0.217976478975032,-0.591845344274662,78,1,10.4831,50,0.4,0.6,40,"both",0.217976478975032,-0.591845344274662
"7715",38,2,0.00935703940136006,9.60856721025724,8.23613339176348,76,100,0.217976478975032,-0.591845344274662,78,0,13.48139,50,0.4,0.6,40,"both",0.217976478975032,-0.591845344274662
"7716",38,2,0.00935703940136006,9.60856721025724,8.23613339176348,76,100,0.217976478975032,-0.591845344274662,78,0,-0.28243,50,0.4,0.6,40,"both",0.217976478975032,-0.591845344274662
"7717",38,2,0.00935703940136006,9.60856721025724,8.23613339176348,76,100,0.217976478975032,-0.591845344274662,78,1,9.278932586,50,0.4,0.6,40,"both",0.217976478975032,-0.591845344274662
"7718",38,2,0.00935703940136006,9.60856721025724,8.23613339176348,76,100,0.217976478975032,-0.591845344274662,78,1,8.3288,50,0.4,0.6,40,"both",0.217976478975032,-0.591845344274662
"7719",38,2,0.00935703940136006,9.60856721025724,8.23613339176348,76,100,0.217976478975032,-0.591845344274662,78,0,-10.29749,50,0.4,0.6,40,"both",0.217976478975032,-0.591845344274662
"7720",38,2,0.00935703940136006,9.60856721025724,8.23613339176348,76,100,0.217976478975032,-0.591845344274662,78,1,15.87761,50,0.4,0.6,40,"both",0.217976478975032,-0.591845344274662
"7721",38,2,0.00935703940136006,9.60856721025724,8.23613339176348,76,100,0.217976478975032,-0.591845344274662,78,1,17.3008,50,0.4,0.6,40,"both",0.217976478975032,-0.591845344274662
"7722",38,2,0.00935703940136006,9.60856721025724,8.23613339176348,76,100,0.217976478975032,-0.591845344274662,78,1,6.43425,50,0.4,0.6,40,"both",0.217976478975032,-0.591845344274662
"7723",38,2,0.00935703940136006,9.60856721025724,8.23613339176348,76,100,0.217976478975032,-0.591845344274662,78,0,1.60416,50,0.4,0.6,40,"both",0.217976478975032,-0.591845344274662
"7724",38,2,0.00935703940136006,9.60856721025724,8.23613339176348,76,100,0.217976478975032,-0.591845344274662,78,0,6.44638,50,0.4,0.6,40,"both",0.217976478975032,-0.591845344274662
"7725",38,2,0.00935703940136006,9.60856721025724,8.23613339176348,76,100,0.217976478975032,-0.591845344274662,78,0,12.57017,50,0.4,0.6,40,"both",0.217976478975032,-0.591845344274662
"7726",38,2,0.00935703940136006,9.60856721025724,8.23613339176348,76,100,0.217976478975032,-0.591845344274662,78,1,-5.09817,50,0.4,0.6,40,"both",0.217976478975032,-0.591845344274662
"7727",38,2,0.00935703940136006,9.60856721025724,8.23613339176348,76,100,0.217976478975032,-0.591845344274662,78,1,9.76179,50,0.4,0.6,40,"both",0.217976478975032,-0.591845344274662
"7728",38,2,0.00935703940136006,9.60856721025724,8.23613339176348,76,100,0.217976478975032,-0.591845344274662,78,0,-5.93024,50,0.4,0.6,40,"both",0.217976478975032,-0.591845344274662
"7729",38,2,0.00935703940136006,9.60856721025724,8.23613339176348,76,100,0.217976478975032,-0.591845344274662,78,0,-2.97401,50,0.4,0.6,40,"both",0.217976478975032,-0.591845344274662
"7730",38,2,0.00935703940136006,9.60856721025724,8.23613339176348,76,100,0.217976478975032,-0.591845344274662,78,0,-1.28911,50,0.4,0.6,40,"both",0.217976478975032,-0.591845344274662
"7731",38,2,0.00935703940136006,9.60856721025724,8.23613339176348,76,100,0.217976478975032,-0.591845344274662,78,1,11.44467,50,0.4,0.6,40,"both",0.217976478975032,-0.591845344274662
"7732",38,2,0.00935703940136006,9.60856721025724,8.23613339176348,76,100,0.217976478975032,-0.591845344274662,78,1,12.36131,50,0.4,0.6,40,"both",0.217976478975032,-0.591845344274662
"7733",38,2,0.00935703940136006,9.60856721025724,8.23613339176348,76,100,0.217976478975032,-0.591845344274662,78,0,-1.439767,50,0.4,0.6,40,"both",0.217976478975032,-0.591845344274662
"7734",38,2,0.00935703940136006,9.60856721025724,8.23613339176348,76,100,0.217976478975032,-0.591845344274662,78,0,0.32084,50,0.4,0.6,40,"both",0.217976478975032,-0.591845344274662
"7735",38,2,0.00935703940136006,9.60856721025724,8.23613339176348,76,100,0.217976478975032,-0.591845344274662,78,1,17.64623,50,0.4,0.6,40,"both",0.217976478975032,-0.591845344274662
"7736",38,2,0.00935703940136006,9.60856721025724,8.23613339176348,76,100,0.217976478975032,-0.591845344274662,78,0,5.6166,50,0.4,0.6,40,"both",0.217976478975032,-0.591845344274662
"7737",38,2,0.00935703940136006,9.60856721025724,8.23613339176348,76,100,0.217976478975032,-0.591845344274662,78,0,11.74097,50,0.4,0.6,40,"both",0.217976478975032,-0.591845344274662
"7738",38,2,0.00935703940136006,9.60856721025724,8.23613339176348,76,100,0.217976478975032,-0.591845344274662,78,1,1.33662,50,0.4,0.6,40,"both",0.217976478975032,-0.591845344274662
"7739",38,2,0.00935703940136006,9.60856721025724,8.23613339176348,76,100,0.217976478975032,-0.591845344274662,78,1,23.66527,50,0.4,0.6,40,"both",0.217976478975032,-0.591845344274662
"7740",38,2,0.00935703940136006,9.60856721025724,8.23613339176348,76,100,0.217976478975032,-0.591845344274662,78,0,0.30147,50,0.4,0.6,40,"both",0.217976478975032,-0.591845344274662
"7741",38,2,0.00935703940136006,9.60856721025724,8.23613339176348,76,100,0.217976478975032,-0.591845344274662,78,1,14.50874,50,0.4,0.6,40,"both",0.217976478975032,-0.591845344274662
"7742",38,2,0.00935703940136006,9.60856721025724,8.23613339176348,76,100,0.217976478975032,-0.591845344274662,78,1,6.8329,50,0.4,0.6,40,"both",0.217976478975032,-0.591845344274662
"7743",38,2,0.00935703940136006,9.60856721025724,8.23613339176348,76,100,0.217976478975032,-0.591845344274662,78,0,14.01718,50,0.4,0.6,40,"both",0.217976478975032,-0.591845344274662
"7744",38,2,0.00935703940136006,9.60856721025724,8.23613339176348,76,100,0.217976478975032,-0.591845344274662,78,0,-28.93469,50,0.4,0.6,40,"both",0.217976478975032,-0.591845344274662
"7745",38,2,0.00935703940136006,9.60856721025724,8.23613339176348,76,100,0.217976478975032,-0.591845344274662,78,0,4.61251,50,0.4,0.6,40,"both",0.217976478975032,-0.591845344274662
"7746",38,2,0.00935703940136006,9.60856721025724,8.23613339176348,76,100,0.217976478975032,-0.591845344274662,78,1,10.97063,50,0.4,0.6,40,"both",0.217976478975032,-0.591845344274662
"7747",38,2,0.00935703940136006,9.60856721025724,8.23613339176348,76,100,0.217976478975032,-0.591845344274662,78,1,12.86008,50,0.4,0.6,40,"both",0.217976478975032,-0.591845344274662
"7748",38,2,0.00935703940136006,9.60856721025724,8.23613339176348,76,100,0.217976478975032,-0.591845344274662,78,0,5.66143,50,0.4,0.6,40,"both",0.217976478975032,-0.591845344274662
"7749",38,2,0.00935703940136006,9.60856721025724,8.23613339176348,76,100,0.217976478975032,-0.591845344274662,78,1,-3.83063,50,0.4,0.6,40,"both",0.217976478975032,-0.591845344274662
"7750",38,2,0.00935703940136006,9.60856721025724,8.23613339176348,76,100,0.217976478975032,-0.591845344274662,78,0,16.57876,50,0.4,0.6,40,"both",0.217976478975032,-0.591845344274662
"7751",38,2,0.00935703940136006,9.60856721025724,8.23613339176348,76,100,0.217976478975032,-0.591845344274662,78,1,18.97651,50,0.4,0.6,40,"both",0.217976478975032,-0.591845344274662
"7752",38,2,0.00935703940136006,9.60856721025724,8.23613339176348,76,100,0.217976478975032,-0.591845344274662,78,1,23.71359,50,0.4,0.6,40,"both",0.217976478975032,-0.591845344274662
"7753",38,2,0.00935703940136006,9.60856721025724,8.23613339176348,76,100,0.217976478975032,-0.591845344274662,78,1,17.55503,50,0.4,0.6,40,"both",0.217976478975032,-0.591845344274662
"7754",38,2,0.00935703940136006,9.60856721025724,8.23613339176348,76,100,0.217976478975032,-0.591845344274662,78,1,12.56502,50,0.4,0.6,40,"both",0.217976478975032,-0.591845344274662
"7755",38,2,0.00935703940136006,9.60856721025724,8.23613339176348,76,100,0.217976478975032,-0.591845344274662,78,0,-0.46316,50,0.4,0.6,40,"both",0.217976478975032,-0.591845344274662
"7756",38,2,0.00935703940136006,9.60856721025724,8.23613339176348,76,100,0.217976478975032,-0.591845344274662,78,1,0.88478,50,0.4,0.6,40,"both",0.217976478975032,-0.591845344274662
"7757",38,2,0.00935703940136006,9.60856721025724,8.23613339176348,76,100,0.217976478975032,-0.591845344274662,78,1,12.54496,50,0.4,0.6,40,"both",0.217976478975032,-0.591845344274662
"7758",38,2,0.00935703940136006,9.60856721025724,8.23613339176348,76,100,0.217976478975032,-0.591845344274662,78,0,-6.9075,50,0.4,0.6,40,"both",0.217976478975032,-0.591845344274662
"7759",38,2,0.00935703940136006,9.60856721025724,8.23613339176348,76,100,0.217976478975032,-0.591845344274662,78,1,14.39694,50,0.4,0.6,40,"both",0.217976478975032,-0.591845344274662
"7760",38,2,0.00935703940136006,9.60856721025724,8.23613339176348,76,100,0.217976478975032,-0.591845344274662,78,0,1.41278,50,0.4,0.6,40,"both",0.217976478975032,-0.591845344274662
"7761",38,2,0.00935703940136006,9.60856721025724,8.23613339176348,76,100,0.217976478975032,-0.591845344274662,78,0,2.03465,50,0.4,0.6,40,"both",0.217976478975032,-0.591845344274662
"7762",38,2,0.00935703940136006,9.60856721025724,8.23613339176348,76,100,0.217976478975032,-0.591845344274662,78,1,13.70082,50,0.4,0.6,40,"both",0.217976478975032,-0.591845344274662
"7763",38,2,0.00935703940136006,9.60856721025724,8.23613339176348,76,100,0.217976478975032,-0.591845344274662,78,0,10.07302,50,0.4,0.6,40,"both",0.217976478975032,-0.591845344274662
"7764",38,2,0.00935703940136006,9.60856721025724,8.23613339176348,76,100,0.217976478975032,-0.591845344274662,78,1,-2.89349,50,0.4,0.6,40,"both",0.217976478975032,-0.591845344274662
"7765",38,2,0.00935703940136006,9.60856721025724,8.23613339176348,76,100,0.217976478975032,-0.591845344274662,78,0,0.61813,50,0.4,0.6,40,"both",0.217976478975032,-0.591845344274662
"7766",38,2,0.00935703940136006,9.60856721025724,8.23613339176348,76,100,0.217976478975032,-0.591845344274662,78,1,14.7788,50,0.4,0.6,40,"both",0.217976478975032,-0.591845344274662
"7767",38,2,0.00935703940136006,9.60856721025724,8.23613339176348,76,100,0.217976478975032,-0.591845344274662,78,1,10.8351,50,0.4,0.6,40,"both",0.217976478975032,-0.591845344274662
"7768",38,2,0.00935703940136006,9.60856721025724,8.23613339176348,76,100,0.217976478975032,-0.591845344274662,78,0,17.05093,50,0.4,0.6,40,"both",0.217976478975032,-0.591845344274662
"7769",38,2,0.00935703940136006,9.60856721025724,8.23613339176348,76,100,0.217976478975032,-0.591845344274662,78,0,12.46578,50,0.4,0.6,40,"both",0.217976478975032,-0.591845344274662
"7770",38,2,0.00935703940136006,9.60856721025724,8.23613339176348,76,100,0.217976478975032,-0.591845344274662,78,1,17.55071,50,0.4,0.6,40,"both",0.217976478975032,-0.591845344274662
"7771",38,2,0.00935703940136006,9.60856721025724,8.23613339176348,76,100,0.217976478975032,-0.591845344274662,78,0,0.641570000000001,50,0.4,0.6,40,"both",0.217976478975032,-0.591845344274662
"7772",38,2,0.00935703940136006,9.60856721025724,8.23613339176348,76,100,0.217976478975032,-0.591845344274662,78,1,39.62,50,0.4,0.6,40,"both",0.217976478975032,-0.591845344274662
"7773",38,2,0.00935703940136006,9.60856721025724,8.23613339176348,76,100,0.217976478975032,-0.591845344274662,78,1,17.45641,50,0.4,0.6,40,"both",0.217976478975032,-0.591845344274662
"7774",38,2,0.00935703940136006,9.60856721025724,8.23613339176348,76,100,0.217976478975032,-0.591845344274662,78,0,10.49582,50,0.4,0.6,40,"both",0.217976478975032,-0.591845344274662
"7775",38,2,0.00935703940136006,9.60856721025724,8.23613339176348,76,100,0.217976478975032,-0.591845344274662,78,1,5.60748,50,0.4,0.6,40,"both",0.217976478975032,-0.591845344274662
"7776",38,2,0.00935703940136006,9.60856721025724,8.23613339176348,76,100,0.217976478975032,-0.591845344274662,78,0,2.00826,50,0.4,0.6,40,"both",0.217976478975032,-0.591845344274662
"7777",38,2,0.00935703940136006,9.60856721025724,8.23613339176348,76,100,0.217976478975032,-0.591845344274662,78,1,11.41099,50,0.4,0.6,40,"both",0.217976478975032,-0.591845344274662
"7778",38,2,0.00935703940136006,9.60856721025724,8.23613339176348,76,100,0.217976478975032,-0.591845344274662,78,0,18.19737,50,0.4,0.6,40,"both",0.217976478975032,-0.591845344274662
"7779",38,2,0.00935703940136006,9.60856721025724,8.23613339176348,76,100,0.217976478975032,-0.591845344274662,78,0,-1.44796,50,0.4,0.6,40,"both",0.217976478975032,-0.591845344274662
"7780",38,2,0.00935703940136006,9.60856721025724,8.23613339176348,76,100,0.217976478975032,-0.591845344274662,78,1,-1.15412,50,0.4,0.6,40,"both",0.217976478975032,-0.591845344274662
"7781",38,2,0.00935703940136006,9.60856721025724,8.23613339176348,76,100,0.217976478975032,-0.591845344274662,78,0,-12.2538,50,0.4,0.6,40,"both",0.217976478975032,-0.591845344274662
"7782",38,2,0.00935703940136006,9.60856721025724,8.23613339176348,76,100,0.217976478975032,-0.591845344274662,78,1,12.97859,50,0.4,0.6,40,"both",0.217976478975032,-0.591845344274662
"7783",38,2,0.00935703940136006,9.60856721025724,8.23613339176348,76,100,0.217976478975032,-0.591845344274662,78,0,-2.77104,50,0.4,0.6,40,"both",0.217976478975032,-0.591845344274662
"7784",38,2,0.00935703940136006,9.60856721025724,8.23613339176348,76,100,0.217976478975032,-0.591845344274662,78,0,-1.24772,50,0.4,0.6,40,"both",0.217976478975032,-0.591845344274662
"7785",38,2,0.00935703940136006,9.60856721025724,8.23613339176348,76,100,0.217976478975032,-0.591845344274662,78,0,-3.76757,50,0.4,0.6,40,"both",0.217976478975032,-0.591845344274662
"7786",38,2,0.00935703940136006,9.60856721025724,8.23613339176348,76,100,0.217976478975032,-0.591845344274662,78,0,-4.52028,50,0.4,0.6,40,"both",0.217976478975032,-0.591845344274662
"7787",38,2,0.00935703940136006,9.60856721025724,8.23613339176348,76,100,0.217976478975032,-0.591845344274662,78,0,2.91773,50,0.4,0.6,40,"both",0.217976478975032,-0.591845344274662
"7788",38,2,0.00935703940136006,9.60856721025724,8.23613339176348,76,100,0.217976478975032,-0.591845344274662,78,1,13.97816,50,0.4,0.6,40,"both",0.217976478975032,-0.591845344274662
"7789",38,2,0.00935703940136006,9.60856721025724,8.23613339176348,76,100,0.217976478975032,-0.591845344274662,78,0,2.91189,50,0.4,0.6,40,"both",0.217976478975032,-0.591845344274662
"7790",38,2,0.00935703940136006,9.60856721025724,8.23613339176348,76,100,0.217976478975032,-0.591845344274662,78,0,2.72614,50,0.4,0.6,40,"both",0.217976478975032,-0.591845344274662
"7791",38,2,0.00935703940136006,9.60856721025724,8.23613339176348,76,100,0.217976478975032,-0.591845344274662,78,0,1.82905,50,0.4,0.6,40,"both",0.217976478975032,-0.591845344274662
"7792",38,2,0.00935703940136006,9.60856721025724,8.23613339176348,76,100,0.217976478975032,-0.591845344274662,78,1,6.33583,50,0.4,0.6,40,"both",0.217976478975032,-0.591845344274662
"7793",38,2,0.00935703940136006,9.60856721025724,8.23613339176348,76,100,0.217976478975032,-0.591845344274662,78,1,15.88011,50,0.4,0.6,40,"both",0.217976478975032,-0.591845344274662
"7794",38,2,0.00935703940136006,9.60856721025724,8.23613339176348,76,100,0.217976478975032,-0.591845344274662,78,0,-4.1938,50,0.4,0.6,40,"both",0.217976478975032,-0.591845344274662
"7795",38,2,0.00935703940136006,9.60856721025724,8.23613339176348,76,100,0.217976478975032,-0.591845344274662,78,1,15.54672,50,0.4,0.6,40,"both",0.217976478975032,-0.591845344274662
"7796",38,2,0.00935703940136006,9.60856721025724,8.23613339176348,76,100,0.217976478975032,-0.591845344274662,78,0,-3.23734,50,0.4,0.6,40,"both",0.217976478975032,-0.591845344274662
"7797",38,2,0.00935703940136006,9.60856721025724,8.23613339176348,76,100,0.217976478975032,-0.591845344274662,78,1,16.57589,50,0.4,0.6,40,"both",0.217976478975032,-0.591845344274662
"7798",38,2,0.00935703940136006,9.60856721025724,8.23613339176348,76,100,0.217976478975032,-0.591845344274662,78,0,23.2865,50,0.4,0.6,40,"both",0.217976478975032,-0.591845344274662
"7799",38,2,0.00935703940136006,9.60856721025724,8.23613339176348,76,100,0.217976478975032,-0.591845344274662,78,1,12.95847,50,0.4,0.6,40,"both",0.217976478975032,-0.591845344274662
"7800",38,2,0.00935703940136006,9.60856721025724,8.23613339176348,76,100,0.217976478975032,-0.591845344274662,78,1,16.92266,50,0.4,0.6,40,"both",0.217976478975032,-0.591845344274662
"7801",39,2,0.0252402524781399,4.74653825499683,6.96459526209722,78,100,0.217976478975032,-0.591845344274662,79,1,9.1109318903,50,0.4,0.6,40,"both",0.217976478975032,-0.591845344274662
"7802",39,2,0.0252402524781399,4.74653825499683,6.96459526209722,78,100,0.217976478975032,-0.591845344274662,79,0,-6.5205069771,50,0.4,0.6,40,"both",0.217976478975032,-0.591845344274662
"7803",39,2,0.0252402524781399,4.74653825499683,6.96459526209722,78,100,0.217976478975032,-0.591845344274662,79,1,0.66044552089,50,0.4,0.6,40,"both",0.217976478975032,-0.591845344274662
"7804",39,2,0.0252402524781399,4.74653825499683,6.96459526209722,78,100,0.217976478975032,-0.591845344274662,79,0,-2.67131371196,50,0.4,0.6,40,"both",0.217976478975032,-0.591845344274662
"7805",39,2,0.0252402524781399,4.74653825499683,6.96459526209722,78,100,0.217976478975032,-0.591845344274662,79,0,-15.70848,50,0.4,0.6,40,"both",0.217976478975032,-0.591845344274662
"7806",39,2,0.0252402524781399,4.74653825499683,6.96459526209722,78,100,0.217976478975032,-0.591845344274662,79,0,-6.85158,50,0.4,0.6,40,"both",0.217976478975032,-0.591845344274662
"7807",39,2,0.0252402524781399,4.74653825499683,6.96459526209722,78,100,0.217976478975032,-0.591845344274662,79,0,1.40112,50,0.4,0.6,40,"both",0.217976478975032,-0.591845344274662
"7808",39,2,0.0252402524781399,4.74653825499683,6.96459526209722,78,100,0.217976478975032,-0.591845344274662,79,1,9.21165,50,0.4,0.6,40,"both",0.217976478975032,-0.591845344274662
"7809",39,2,0.0252402524781399,4.74653825499683,6.96459526209722,78,100,0.217976478975032,-0.591845344274662,79,1,5.74157,50,0.4,0.6,40,"both",0.217976478975032,-0.591845344274662
"7810",39,2,0.0252402524781399,4.74653825499683,6.96459526209722,78,100,0.217976478975032,-0.591845344274662,79,1,6.58202,50,0.4,0.6,40,"both",0.217976478975032,-0.591845344274662
"7811",39,2,0.0252402524781399,4.74653825499683,6.96459526209722,78,100,0.217976478975032,-0.591845344274662,79,1,4.57602,50,0.4,0.6,40,"both",0.217976478975032,-0.591845344274662
"7812",39,2,0.0252402524781399,4.74653825499683,6.96459526209722,78,100,0.217976478975032,-0.591845344274662,79,1,0.49507,50,0.4,0.6,40,"both",0.217976478975032,-0.591845344274662
"7813",39,2,0.0252402524781399,4.74653825499683,6.96459526209722,78,100,0.217976478975032,-0.591845344274662,79,0,-1.69798,50,0.4,0.6,40,"both",0.217976478975032,-0.591845344274662
"7814",39,2,0.0252402524781399,4.74653825499683,6.96459526209722,78,100,0.217976478975032,-0.591845344274662,79,0,-0.52104,50,0.4,0.6,40,"both",0.217976478975032,-0.591845344274662
"7815",39,2,0.0252402524781399,4.74653825499683,6.96459526209722,78,100,0.217976478975032,-0.591845344274662,79,0,4.09043,50,0.4,0.6,40,"both",0.217976478975032,-0.591845344274662
"7816",39,2,0.0252402524781399,4.74653825499683,6.96459526209722,78,100,0.217976478975032,-0.591845344274662,79,1,5.10475,50,0.4,0.6,40,"both",0.217976478975032,-0.591845344274662
"7817",39,2,0.0252402524781399,4.74653825499683,6.96459526209722,78,100,0.217976478975032,-0.591845344274662,79,1,5.47936,50,0.4,0.6,40,"both",0.217976478975032,-0.591845344274662
"7818",39,2,0.0252402524781399,4.74653825499683,6.96459526209722,78,100,0.217976478975032,-0.591845344274662,79,0,3.14287,50,0.4,0.6,40,"both",0.217976478975032,-0.591845344274662
"7819",39,2,0.0252402524781399,4.74653825499683,6.96459526209722,78,100,0.217976478975032,-0.591845344274662,79,0,0.32488,50,0.4,0.6,40,"both",0.217976478975032,-0.591845344274662
"7820",39,2,0.0252402524781399,4.74653825499683,6.96459526209722,78,100,0.217976478975032,-0.591845344274662,79,1,15.83533,50,0.4,0.6,40,"both",0.217976478975032,-0.591845344274662
"7821",39,2,0.0252402524781399,4.74653825499683,6.96459526209722,78,100,0.217976478975032,-0.591845344274662,79,1,4.41582,50,0.4,0.6,40,"both",0.217976478975032,-0.591845344274662
"7822",39,2,0.0252402524781399,4.74653825499683,6.96459526209722,78,100,0.217976478975032,-0.591845344274662,79,0,-2.40123,50,0.4,0.6,40,"both",0.217976478975032,-0.591845344274662
"7823",39,2,0.0252402524781399,4.74653825499683,6.96459526209722,78,100,0.217976478975032,-0.591845344274662,79,0,-2.28774,50,0.4,0.6,40,"both",0.217976478975032,-0.591845344274662
"7824",39,2,0.0252402524781399,4.74653825499683,6.96459526209722,78,100,0.217976478975032,-0.591845344274662,79,1,19.00257,50,0.4,0.6,40,"both",0.217976478975032,-0.591845344274662
"7825",39,2,0.0252402524781399,4.74653825499683,6.96459526209722,78,100,0.217976478975032,-0.591845344274662,79,0,6.7138,50,0.4,0.6,40,"both",0.217976478975032,-0.591845344274662
"7826",39,2,0.0252402524781399,4.74653825499683,6.96459526209722,78,100,0.217976478975032,-0.591845344274662,79,1,10.71792,50,0.4,0.6,40,"both",0.217976478975032,-0.591845344274662
"7827",39,2,0.0252402524781399,4.74653825499683,6.96459526209722,78,100,0.217976478975032,-0.591845344274662,79,0,0.26491,50,0.4,0.6,40,"both",0.217976478975032,-0.591845344274662
"7828",39,2,0.0252402524781399,4.74653825499683,6.96459526209722,78,100,0.217976478975032,-0.591845344274662,79,0,-2.00561,50,0.4,0.6,40,"both",0.217976478975032,-0.591845344274662
"7829",39,2,0.0252402524781399,4.74653825499683,6.96459526209722,78,100,0.217976478975032,-0.591845344274662,79,0,-2.828316,50,0.4,0.6,40,"both",0.217976478975032,-0.591845344274662
"7830",39,2,0.0252402524781399,4.74653825499683,6.96459526209722,78,100,0.217976478975032,-0.591845344274662,79,0,-1.72656,50,0.4,0.6,40,"both",0.217976478975032,-0.591845344274662
"7831",39,2,0.0252402524781399,4.74653825499683,6.96459526209722,78,100,0.217976478975032,-0.591845344274662,79,0,-3.20685,50,0.4,0.6,40,"both",0.217976478975032,-0.591845344274662
"7832",39,2,0.0252402524781399,4.74653825499683,6.96459526209722,78,100,0.217976478975032,-0.591845344274662,79,1,8.82774,50,0.4,0.6,40,"both",0.217976478975032,-0.591845344274662
"7833",39,2,0.0252402524781399,4.74653825499683,6.96459526209722,78,100,0.217976478975032,-0.591845344274662,79,1,5.10775,50,0.4,0.6,40,"both",0.217976478975032,-0.591845344274662
"7834",39,2,0.0252402524781399,4.74653825499683,6.96459526209722,78,100,0.217976478975032,-0.591845344274662,79,0,5.28201,50,0.4,0.6,40,"both",0.217976478975032,-0.591845344274662
"7835",39,2,0.0252402524781399,4.74653825499683,6.96459526209722,78,100,0.217976478975032,-0.591845344274662,79,1,7.58862,50,0.4,0.6,40,"both",0.217976478975032,-0.591845344274662
"7836",39,2,0.0252402524781399,4.74653825499683,6.96459526209722,78,100,0.217976478975032,-0.591845344274662,79,1,-0.0720299999999998,50,0.4,0.6,40,"both",0.217976478975032,-0.591845344274662
"7837",39,2,0.0252402524781399,4.74653825499683,6.96459526209722,78,100,0.217976478975032,-0.591845344274662,79,0,-0.1146,50,0.4,0.6,40,"both",0.217976478975032,-0.591845344274662
"7838",39,2,0.0252402524781399,4.74653825499683,6.96459526209722,78,100,0.217976478975032,-0.591845344274662,79,0,8.09,50,0.4,0.6,40,"both",0.217976478975032,-0.591845344274662
"7839",39,2,0.0252402524781399,4.74653825499683,6.96459526209722,78,100,0.217976478975032,-0.591845344274662,79,0,3.24773,50,0.4,0.6,40,"both",0.217976478975032,-0.591845344274662
"7840",39,2,0.0252402524781399,4.74653825499683,6.96459526209722,78,100,0.217976478975032,-0.591845344274662,79,0,3.42281,50,0.4,0.6,40,"both",0.217976478975032,-0.591845344274662
"7841",39,2,0.0252402524781399,4.74653825499683,6.96459526209722,78,100,0.217976478975032,-0.591845344274662,79,1,13.53998,50,0.4,0.6,40,"both",0.217976478975032,-0.591845344274662
"7842",39,2,0.0252402524781399,4.74653825499683,6.96459526209722,78,100,0.217976478975032,-0.591845344274662,79,0,0.52136,50,0.4,0.6,40,"both",0.217976478975032,-0.591845344274662
"7843",39,2,0.0252402524781399,4.74653825499683,6.96459526209722,78,100,0.217976478975032,-0.591845344274662,79,0,9.5419,50,0.4,0.6,40,"both",0.217976478975032,-0.591845344274662
"7844",39,2,0.0252402524781399,4.74653825499683,6.96459526209722,78,100,0.217976478975032,-0.591845344274662,79,1,6.43708,50,0.4,0.6,40,"both",0.217976478975032,-0.591845344274662
"7845",39,2,0.0252402524781399,4.74653825499683,6.96459526209722,78,100,0.217976478975032,-0.591845344274662,79,0,-1.77814,50,0.4,0.6,40,"both",0.217976478975032,-0.591845344274662
"7846",39,2,0.0252402524781399,4.74653825499683,6.96459526209722,78,100,0.217976478975032,-0.591845344274662,79,1,12.87754,50,0.4,0.6,40,"both",0.217976478975032,-0.591845344274662
"7847",39,2,0.0252402524781399,4.74653825499683,6.96459526209722,78,100,0.217976478975032,-0.591845344274662,79,1,14.37531,50,0.4,0.6,40,"both",0.217976478975032,-0.591845344274662
"7848",39,2,0.0252402524781399,4.74653825499683,6.96459526209722,78,100,0.217976478975032,-0.591845344274662,79,1,-1.53183,50,0.4,0.6,40,"both",0.217976478975032,-0.591845344274662
"7849",39,2,0.0252402524781399,4.74653825499683,6.96459526209722,78,100,0.217976478975032,-0.591845344274662,79,0,8.27508,50,0.4,0.6,40,"both",0.217976478975032,-0.591845344274662
"7850",39,2,0.0252402524781399,4.74653825499683,6.96459526209722,78,100,0.217976478975032,-0.591845344274662,79,0,7.55656,50,0.4,0.6,40,"both",0.217976478975032,-0.591845344274662
"7851",39,2,0.0252402524781399,4.74653825499683,6.96459526209722,78,100,0.217976478975032,-0.591845344274662,79,0,1.93373,50,0.4,0.6,40,"both",0.217976478975032,-0.591845344274662
"7852",39,2,0.0252402524781399,4.74653825499683,6.96459526209722,78,100,0.217976478975032,-0.591845344274662,79,1,7.7905,50,0.4,0.6,40,"both",0.217976478975032,-0.591845344274662
"7853",39,2,0.0252402524781399,4.74653825499683,6.96459526209722,78,100,0.217976478975032,-0.591845344274662,79,1,10.52754,50,0.4,0.6,40,"both",0.217976478975032,-0.591845344274662
"7854",39,2,0.0252402524781399,4.74653825499683,6.96459526209722,78,100,0.217976478975032,-0.591845344274662,79,1,10.68203,50,0.4,0.6,40,"both",0.217976478975032,-0.591845344274662
"7855",39,2,0.0252402524781399,4.74653825499683,6.96459526209722,78,100,0.217976478975032,-0.591845344274662,79,1,0.71429,50,0.4,0.6,40,"both",0.217976478975032,-0.591845344274662
"7856",39,2,0.0252402524781399,4.74653825499683,6.96459526209722,78,100,0.217976478975032,-0.591845344274662,79,0,0.61776,50,0.4,0.6,40,"both",0.217976478975032,-0.591845344274662
"7857",39,2,0.0252402524781399,4.74653825499683,6.96459526209722,78,100,0.217976478975032,-0.591845344274662,79,1,11.50939,50,0.4,0.6,40,"both",0.217976478975032,-0.591845344274662
"7858",39,2,0.0252402524781399,4.74653825499683,6.96459526209722,78,100,0.217976478975032,-0.591845344274662,79,0,-0.73399,50,0.4,0.6,40,"both",0.217976478975032,-0.591845344274662
"7859",39,2,0.0252402524781399,4.74653825499683,6.96459526209722,78,100,0.217976478975032,-0.591845344274662,79,0,7.85033,50,0.4,0.6,40,"both",0.217976478975032,-0.591845344274662
"7860",39,2,0.0252402524781399,4.74653825499683,6.96459526209722,78,100,0.217976478975032,-0.591845344274662,79,1,8.13208,50,0.4,0.6,40,"both",0.217976478975032,-0.591845344274662
"7861",39,2,0.0252402524781399,4.74653825499683,6.96459526209722,78,100,0.217976478975032,-0.591845344274662,79,1,9.76206,50,0.4,0.6,40,"both",0.217976478975032,-0.591845344274662
"7862",39,2,0.0252402524781399,4.74653825499683,6.96459526209722,78,100,0.217976478975032,-0.591845344274662,79,0,-2.09648,50,0.4,0.6,40,"both",0.217976478975032,-0.591845344274662
"7863",39,2,0.0252402524781399,4.74653825499683,6.96459526209722,78,100,0.217976478975032,-0.591845344274662,79,1,0.619420000000001,50,0.4,0.6,40,"both",0.217976478975032,-0.591845344274662
"7864",39,2,0.0252402524781399,4.74653825499683,6.96459526209722,78,100,0.217976478975032,-0.591845344274662,79,0,11.45723,50,0.4,0.6,40,"both",0.217976478975032,-0.591845344274662
"7865",39,2,0.0252402524781399,4.74653825499683,6.96459526209722,78,100,0.217976478975032,-0.591845344274662,79,1,9.03625,50,0.4,0.6,40,"both",0.217976478975032,-0.591845344274662
"7866",39,2,0.0252402524781399,4.74653825499683,6.96459526209722,78,100,0.217976478975032,-0.591845344274662,79,1,12.71801,50,0.4,0.6,40,"both",0.217976478975032,-0.591845344274662
"7867",39,2,0.0252402524781399,4.74653825499683,6.96459526209722,78,100,0.217976478975032,-0.591845344274662,79,1,11.58572,50,0.4,0.6,40,"both",0.217976478975032,-0.591845344274662
"7868",39,2,0.0252402524781399,4.74653825499683,6.96459526209722,78,100,0.217976478975032,-0.591845344274662,79,1,8.06965,50,0.4,0.6,40,"both",0.217976478975032,-0.591845344274662
"7869",39,2,0.0252402524781399,4.74653825499683,6.96459526209722,78,100,0.217976478975032,-0.591845344274662,79,0,-5.54805,50,0.4,0.6,40,"both",0.217976478975032,-0.591845344274662
"7870",39,2,0.0252402524781399,4.74653825499683,6.96459526209722,78,100,0.217976478975032,-0.591845344274662,79,1,11.92665,50,0.4,0.6,40,"both",0.217976478975032,-0.591845344274662
"7871",39,2,0.0252402524781399,4.74653825499683,6.96459526209722,78,100,0.217976478975032,-0.591845344274662,79,0,8.0954,50,0.4,0.6,40,"both",0.217976478975032,-0.591845344274662
"7872",39,2,0.0252402524781399,4.74653825499683,6.96459526209722,78,100,0.217976478975032,-0.591845344274662,79,0,-3.07874,50,0.4,0.6,40,"both",0.217976478975032,-0.591845344274662
"7873",39,2,0.0252402524781399,4.74653825499683,6.96459526209722,78,100,0.217976478975032,-0.591845344274662,79,0,2.09304,50,0.4,0.6,40,"both",0.217976478975032,-0.591845344274662
"7874",39,2,0.0252402524781399,4.74653825499683,6.96459526209722,78,100,0.217976478975032,-0.591845344274662,79,1,14.36732,50,0.4,0.6,40,"both",0.217976478975032,-0.591845344274662
"7875",39,2,0.0252402524781399,4.74653825499683,6.96459526209722,78,100,0.217976478975032,-0.591845344274662,79,0,-2.41427,50,0.4,0.6,40,"both",0.217976478975032,-0.591845344274662
"7876",39,2,0.0252402524781399,4.74653825499683,6.96459526209722,78,100,0.217976478975032,-0.591845344274662,79,1,-0.629420000000001,50,0.4,0.6,40,"both",0.217976478975032,-0.591845344274662
"7877",39,2,0.0252402524781399,4.74653825499683,6.96459526209722,78,100,0.217976478975032,-0.591845344274662,79,0,-0.56965,50,0.4,0.6,40,"both",0.217976478975032,-0.591845344274662
"7878",39,2,0.0252402524781399,4.74653825499683,6.96459526209722,78,100,0.217976478975032,-0.591845344274662,79,0,-2.06629,50,0.4,0.6,40,"both",0.217976478975032,-0.591845344274662
"7879",39,2,0.0252402524781399,4.74653825499683,6.96459526209722,78,100,0.217976478975032,-0.591845344274662,79,0,-7.29177,50,0.4,0.6,40,"both",0.217976478975032,-0.591845344274662
"7880",39,2,0.0252402524781399,4.74653825499683,6.96459526209722,78,100,0.217976478975032,-0.591845344274662,79,0,8.01168,50,0.4,0.6,40,"both",0.217976478975032,-0.591845344274662
"7881",39,2,0.0252402524781399,4.74653825499683,6.96459526209722,78,100,0.217976478975032,-0.591845344274662,79,0,0.40541,50,0.4,0.6,40,"both",0.217976478975032,-0.591845344274662
"7882",39,2,0.0252402524781399,4.74653825499683,6.96459526209722,78,100,0.217976478975032,-0.591845344274662,79,0,-1.80202,50,0.4,0.6,40,"both",0.217976478975032,-0.591845344274662
"7883",39,2,0.0252402524781399,4.74653825499683,6.96459526209722,78,100,0.217976478975032,-0.591845344274662,79,0,-5.40425,50,0.4,0.6,40,"both",0.217976478975032,-0.591845344274662
"7884",39,2,0.0252402524781399,4.74653825499683,6.96459526209722,78,100,0.217976478975032,-0.591845344274662,79,1,1.89815,50,0.4,0.6,40,"both",0.217976478975032,-0.591845344274662
"7885",39,2,0.0252402524781399,4.74653825499683,6.96459526209722,78,100,0.217976478975032,-0.591845344274662,79,0,-3.49858,50,0.4,0.6,40,"both",0.217976478975032,-0.591845344274662
"7886",39,2,0.0252402524781399,4.74653825499683,6.96459526209722,78,100,0.217976478975032,-0.591845344274662,79,0,-0.51987,50,0.4,0.6,40,"both",0.217976478975032,-0.591845344274662
"7887",39,2,0.0252402524781399,4.74653825499683,6.96459526209722,78,100,0.217976478975032,-0.591845344274662,79,1,10.48112,50,0.4,0.6,40,"both",0.217976478975032,-0.591845344274662
"7888",39,2,0.0252402524781399,4.74653825499683,6.96459526209722,78,100,0.217976478975032,-0.591845344274662,79,0,-0.10596,50,0.4,0.6,40,"both",0.217976478975032,-0.591845344274662
"7889",39,2,0.0252402524781399,4.74653825499683,6.96459526209722,78,100,0.217976478975032,-0.591845344274662,79,1,12.70984,50,0.4,0.6,40,"both",0.217976478975032,-0.591845344274662
"7890",39,2,0.0252402524781399,4.74653825499683,6.96459526209722,78,100,0.217976478975032,-0.591845344274662,79,1,11.34622,50,0.4,0.6,40,"both",0.217976478975032,-0.591845344274662
"7891",39,2,0.0252402524781399,4.74653825499683,6.96459526209722,78,100,0.217976478975032,-0.591845344274662,79,0,9.75518,50,0.4,0.6,40,"both",0.217976478975032,-0.591845344274662
"7892",39,2,0.0252402524781399,4.74653825499683,6.96459526209722,78,100,0.217976478975032,-0.591845344274662,79,0,-1.42979,50,0.4,0.6,40,"both",0.217976478975032,-0.591845344274662
"7893",39,2,0.0252402524781399,4.74653825499683,6.96459526209722,78,100,0.217976478975032,-0.591845344274662,79,1,12.31263,50,0.4,0.6,40,"both",0.217976478975032,-0.591845344274662
"7894",39,2,0.0252402524781399,4.74653825499683,6.96459526209722,78,100,0.217976478975032,-0.591845344274662,79,1,11.95312,50,0.4,0.6,40,"both",0.217976478975032,-0.591845344274662
"7895",39,2,0.0252402524781399,4.74653825499683,6.96459526209722,78,100,0.217976478975032,-0.591845344274662,79,1,11.63366,50,0.4,0.6,40,"both",0.217976478975032,-0.591845344274662
"7896",39,2,0.0252402524781399,4.74653825499683,6.96459526209722,78,100,0.217976478975032,-0.591845344274662,79,1,9.98168,50,0.4,0.6,40,"both",0.217976478975032,-0.591845344274662
"7897",39,2,0.0252402524781399,4.74653825499683,6.96459526209722,78,100,0.217976478975032,-0.591845344274662,79,0,0.427099999999999,50,0.4,0.6,40,"both",0.217976478975032,-0.591845344274662
"7898",39,2,0.0252402524781399,4.74653825499683,6.96459526209722,78,100,0.217976478975032,-0.591845344274662,79,0,-1.28699,50,0.4,0.6,40,"both",0.217976478975032,-0.591845344274662
"7899",39,2,0.0252402524781399,4.74653825499683,6.96459526209722,78,100,0.217976478975032,-0.591845344274662,79,0,-1.20858,50,0.4,0.6,40,"both",0.217976478975032,-0.591845344274662
"7900",39,2,0.0252402524781399,4.74653825499683,6.96459526209722,78,100,0.217976478975032,-0.591845344274662,79,0,1.82089,50,0.4,0.6,40,"both",0.217976478975032,-0.591845344274662
"7901",40,2,0.00820051059685676,3.40594358254385,12.1341080229439,80,100,0.217976478975032,-0.591845344274662,80,1,8.4324792681,50,0.4,0.6,40,"both",0.217976478975032,-0.591845344274662
"7902",40,2,0.00820051059685676,3.40594358254385,12.1341080229439,80,100,0.217976478975032,-0.591845344274662,80,1,-4.5086653356,50,0.4,0.6,40,"both",0.217976478975032,-0.591845344274662
"7903",40,2,0.00820051059685676,3.40594358254385,12.1341080229439,80,100,0.217976478975032,-0.591845344274662,80,0,-11.85114826943,50,0.4,0.6,40,"both",0.217976478975032,-0.591845344274662
"7904",40,2,0.00820051059685676,3.40594358254385,12.1341080229439,80,100,0.217976478975032,-0.591845344274662,80,1,-5.91506740713,50,0.4,0.6,40,"both",0.217976478975032,-0.591845344274662
"7905",40,2,0.00820051059685676,3.40594358254385,12.1341080229439,80,100,0.217976478975032,-0.591845344274662,80,0,-16.53897,50,0.4,0.6,40,"both",0.217976478975032,-0.591845344274662
"7906",40,2,0.00820051059685676,3.40594358254385,12.1341080229439,80,100,0.217976478975032,-0.591845344274662,80,0,-17.65735,50,0.4,0.6,40,"both",0.217976478975032,-0.591845344274662
"7907",40,2,0.00820051059685676,3.40594358254385,12.1341080229439,80,100,0.217976478975032,-0.591845344274662,80,0,-7.87871,50,0.4,0.6,40,"both",0.217976478975032,-0.591845344274662
"7908",40,2,0.00820051059685676,3.40594358254385,12.1341080229439,80,100,0.217976478975032,-0.591845344274662,80,0,-17.11054,50,0.4,0.6,40,"both",0.217976478975032,-0.591845344274662
"7909",40,2,0.00820051059685676,3.40594358254385,12.1341080229439,80,100,0.217976478975032,-0.591845344274662,80,0,-6.36857,50,0.4,0.6,40,"both",0.217976478975032,-0.591845344274662
"7910",40,2,0.00820051059685676,3.40594358254385,12.1341080229439,80,100,0.217976478975032,-0.591845344274662,80,0,-0.58745,50,0.4,0.6,40,"both",0.217976478975032,-0.591845344274662
"7911",40,2,0.00820051059685676,3.40594358254385,12.1341080229439,80,100,0.217976478975032,-0.591845344274662,80,0,-31.63078,50,0.4,0.6,40,"both",0.217976478975032,-0.591845344274662
"7912",40,2,0.00820051059685676,3.40594358254385,12.1341080229439,80,100,0.217976478975032,-0.591845344274662,80,0,10.76069,50,0.4,0.6,40,"both",0.217976478975032,-0.591845344274662
"7913",40,2,0.00820051059685676,3.40594358254385,12.1341080229439,80,100,0.217976478975032,-0.591845344274662,80,1,6.535656891283,50,0.4,0.6,40,"both",0.217976478975032,-0.591845344274662
"7914",40,2,0.00820051059685676,3.40594358254385,12.1341080229439,80,100,0.217976478975032,-0.591845344274662,80,1,10.3718249,50,0.4,0.6,40,"both",0.217976478975032,-0.591845344274662
"7915",40,2,0.00820051059685676,3.40594358254385,12.1341080229439,80,100,0.217976478975032,-0.591845344274662,80,1,43.69403,50,0.4,0.6,40,"both",0.217976478975032,-0.591845344274662
"7916",40,2,0.00820051059685676,3.40594358254385,12.1341080229439,80,100,0.217976478975032,-0.591845344274662,80,1,10.17357,50,0.4,0.6,40,"both",0.217976478975032,-0.591845344274662
"7917",40,2,0.00820051059685676,3.40594358254385,12.1341080229439,80,100,0.217976478975032,-0.591845344274662,80,1,26.5214393,50,0.4,0.6,40,"both",0.217976478975032,-0.591845344274662
"7918",40,2,0.00820051059685676,3.40594358254385,12.1341080229439,80,100,0.217976478975032,-0.591845344274662,80,0,4.10851,50,0.4,0.6,40,"both",0.217976478975032,-0.591845344274662
"7919",40,2,0.00820051059685676,3.40594358254385,12.1341080229439,80,100,0.217976478975032,-0.591845344274662,80,0,-6.096811,50,0.4,0.6,40,"both",0.217976478975032,-0.591845344274662
"7920",40,2,0.00820051059685676,3.40594358254385,12.1341080229439,80,100,0.217976478975032,-0.591845344274662,80,0,2.6314574466,50,0.4,0.6,40,"both",0.217976478975032,-0.591845344274662
"7921",40,2,0.00820051059685676,3.40594358254385,12.1341080229439,80,100,0.217976478975032,-0.591845344274662,80,1,29.94172,50,0.4,0.6,40,"both",0.217976478975032,-0.591845344274662
"7922",40,2,0.00820051059685676,3.40594358254385,12.1341080229439,80,100,0.217976478975032,-0.591845344274662,80,1,-2.95211,50,0.4,0.6,40,"both",0.217976478975032,-0.591845344274662
"7923",40,2,0.00820051059685676,3.40594358254385,12.1341080229439,80,100,0.217976478975032,-0.591845344274662,80,0,-22.22212,50,0.4,0.6,40,"both",0.217976478975032,-0.591845344274662
"7924",40,2,0.00820051059685676,3.40594358254385,12.1341080229439,80,100,0.217976478975032,-0.591845344274662,80,0,27.8443,50,0.4,0.6,40,"both",0.217976478975032,-0.591845344274662
"7925",40,2,0.00820051059685676,3.40594358254385,12.1341080229439,80,100,0.217976478975032,-0.591845344274662,80,1,23.80892,50,0.4,0.6,40,"both",0.217976478975032,-0.591845344274662
"7926",40,2,0.00820051059685676,3.40594358254385,12.1341080229439,80,100,0.217976478975032,-0.591845344274662,80,0,-31.26965,50,0.4,0.6,40,"both",0.217976478975032,-0.591845344274662
"7927",40,2,0.00820051059685676,3.40594358254385,12.1341080229439,80,100,0.217976478975032,-0.591845344274662,80,1,33.2571,50,0.4,0.6,40,"both",0.217976478975032,-0.591845344274662
"7928",40,2,0.00820051059685676,3.40594358254385,12.1341080229439,80,100,0.217976478975032,-0.591845344274662,80,1,12.17667,50,0.4,0.6,40,"both",0.217976478975032,-0.591845344274662
"7929",40,2,0.00820051059685676,3.40594358254385,12.1341080229439,80,100,0.217976478975032,-0.591845344274662,80,0,-4.15299,50,0.4,0.6,40,"both",0.217976478975032,-0.591845344274662
"7930",40,2,0.00820051059685676,3.40594358254385,12.1341080229439,80,100,0.217976478975032,-0.591845344274662,80,1,-8.14001,50,0.4,0.6,40,"both",0.217976478975032,-0.591845344274662
"7931",40,2,0.00820051059685676,3.40594358254385,12.1341080229439,80,100,0.217976478975032,-0.591845344274662,80,0,-13.7719,50,0.4,0.6,40,"both",0.217976478975032,-0.591845344274662
"7932",40,2,0.00820051059685676,3.40594358254385,12.1341080229439,80,100,0.217976478975032,-0.591845344274662,80,0,2.82297,50,0.4,0.6,40,"both",0.217976478975032,-0.591845344274662
"7933",40,2,0.00820051059685676,3.40594358254385,12.1341080229439,80,100,0.217976478975032,-0.591845344274662,80,1,43.7535,50,0.4,0.6,40,"both",0.217976478975032,-0.591845344274662
"7934",40,2,0.00820051059685676,3.40594358254385,12.1341080229439,80,100,0.217976478975032,-0.591845344274662,80,1,3.49471,50,0.4,0.6,40,"both",0.217976478975032,-0.591845344274662
"7935",40,2,0.00820051059685676,3.40594358254385,12.1341080229439,80,100,0.217976478975032,-0.591845344274662,80,1,16.990674,50,0.4,0.6,40,"both",0.217976478975032,-0.591845344274662
"7936",40,2,0.00820051059685676,3.40594358254385,12.1341080229439,80,100,0.217976478975032,-0.591845344274662,80,1,11.026297,50,0.4,0.6,40,"both",0.217976478975032,-0.591845344274662
"7937",40,2,0.00820051059685676,3.40594358254385,12.1341080229439,80,100,0.217976478975032,-0.591845344274662,80,1,20.68853,50,0.4,0.6,40,"both",0.217976478975032,-0.591845344274662
"7938",40,2,0.00820051059685676,3.40594358254385,12.1341080229439,80,100,0.217976478975032,-0.591845344274662,80,0,17.19073,50,0.4,0.6,40,"both",0.217976478975032,-0.591845344274662
"7939",40,2,0.00820051059685676,3.40594358254385,12.1341080229439,80,100,0.217976478975032,-0.591845344274662,80,0,-13.8399,50,0.4,0.6,40,"both",0.217976478975032,-0.591845344274662
"7940",40,2,0.00820051059685676,3.40594358254385,12.1341080229439,80,100,0.217976478975032,-0.591845344274662,80,0,3.5545253303,50,0.4,0.6,40,"both",0.217976478975032,-0.591845344274662
"7941",40,2,0.00820051059685676,3.40594358254385,12.1341080229439,80,100,0.217976478975032,-0.591845344274662,80,1,21.37584,50,0.4,0.6,40,"both",0.217976478975032,-0.591845344274662
"7942",40,2,0.00820051059685676,3.40594358254385,12.1341080229439,80,100,0.217976478975032,-0.591845344274662,80,0,3.7731882867,50,0.4,0.6,40,"both",0.217976478975032,-0.591845344274662
"7943",40,2,0.00820051059685676,3.40594358254385,12.1341080229439,80,100,0.217976478975032,-0.591845344274662,80,0,14.61533,50,0.4,0.6,40,"both",0.217976478975032,-0.591845344274662
"7944",40,2,0.00820051059685676,3.40594358254385,12.1341080229439,80,100,0.217976478975032,-0.591845344274662,80,1,-7.5744,50,0.4,0.6,40,"both",0.217976478975032,-0.591845344274662
"7945",40,2,0.00820051059685676,3.40594358254385,12.1341080229439,80,100,0.217976478975032,-0.591845344274662,80,0,-16.64604,50,0.4,0.6,40,"both",0.217976478975032,-0.591845344274662
"7946",40,2,0.00820051059685676,3.40594358254385,12.1341080229439,80,100,0.217976478975032,-0.591845344274662,80,1,-2.41475,50,0.4,0.6,40,"both",0.217976478975032,-0.591845344274662
"7947",40,2,0.00820051059685676,3.40594358254385,12.1341080229439,80,100,0.217976478975032,-0.591845344274662,80,1,16.81678,50,0.4,0.6,40,"both",0.217976478975032,-0.591845344274662
"7948",40,2,0.00820051059685676,3.40594358254385,12.1341080229439,80,100,0.217976478975032,-0.591845344274662,80,0,-3.832123,50,0.4,0.6,40,"both",0.217976478975032,-0.591845344274662
"7949",40,2,0.00820051059685676,3.40594358254385,12.1341080229439,80,100,0.217976478975032,-0.591845344274662,80,1,19.709303,50,0.4,0.6,40,"both",0.217976478975032,-0.591845344274662
"7950",40,2,0.00820051059685676,3.40594358254385,12.1341080229439,80,100,0.217976478975032,-0.591845344274662,80,1,-13.55212,50,0.4,0.6,40,"both",0.217976478975032,-0.591845344274662
"7951",40,2,0.00820051059685676,3.40594358254385,12.1341080229439,80,100,0.217976478975032,-0.591845344274662,80,1,23.56443,50,0.4,0.6,40,"both",0.217976478975032,-0.591845344274662
"7952",40,2,0.00820051059685676,3.40594358254385,12.1341080229439,80,100,0.217976478975032,-0.591845344274662,80,1,17.11381,50,0.4,0.6,40,"both",0.217976478975032,-0.591845344274662
"7953",40,2,0.00820051059685676,3.40594358254385,12.1341080229439,80,100,0.217976478975032,-0.591845344274662,80,1,20.07372,50,0.4,0.6,40,"both",0.217976478975032,-0.591845344274662
"7954",40,2,0.00820051059685676,3.40594358254385,12.1341080229439,80,100,0.217976478975032,-0.591845344274662,80,1,10.217473,50,0.4,0.6,40,"both",0.217976478975032,-0.591845344274662
"7955",40,2,0.00820051059685676,3.40594358254385,12.1341080229439,80,100,0.217976478975032,-0.591845344274662,80,0,-11.78117,50,0.4,0.6,40,"both",0.217976478975032,-0.591845344274662
"7956",40,2,0.00820051059685676,3.40594358254385,12.1341080229439,80,100,0.217976478975032,-0.591845344274662,80,0,-11.94941,50,0.4,0.6,40,"both",0.217976478975032,-0.591845344274662
"7957",40,2,0.00820051059685676,3.40594358254385,12.1341080229439,80,100,0.217976478975032,-0.591845344274662,80,0,-18.55466,50,0.4,0.6,40,"both",0.217976478975032,-0.591845344274662
"7958",40,2,0.00820051059685676,3.40594358254385,12.1341080229439,80,100,0.217976478975032,-0.591845344274662,80,0,-17.372541,50,0.4,0.6,40,"both",0.217976478975032,-0.591845344274662
"7959",40,2,0.00820051059685676,3.40594358254385,12.1341080229439,80,100,0.217976478975032,-0.591845344274662,80,0,-18.18769,50,0.4,0.6,40,"both",0.217976478975032,-0.591845344274662
"7960",40,2,0.00820051059685676,3.40594358254385,12.1341080229439,80,100,0.217976478975032,-0.591845344274662,80,0,-31.06844,50,0.4,0.6,40,"both",0.217976478975032,-0.591845344274662
"7961",40,2,0.00820051059685676,3.40594358254385,12.1341080229439,80,100,0.217976478975032,-0.591845344274662,80,0,-13.87389,50,0.4,0.6,40,"both",0.217976478975032,-0.591845344274662
"7962",40,2,0.00820051059685676,3.40594358254385,12.1341080229439,80,100,0.217976478975032,-0.591845344274662,80,0,-9.49579,50,0.4,0.6,40,"both",0.217976478975032,-0.591845344274662
"7963",40,2,0.00820051059685676,3.40594358254385,12.1341080229439,80,100,0.217976478975032,-0.591845344274662,80,0,14.43428,50,0.4,0.6,40,"both",0.217976478975032,-0.591845344274662
"7964",40,2,0.00820051059685676,3.40594358254385,12.1341080229439,80,100,0.217976478975032,-0.591845344274662,80,0,-12.429541,50,0.4,0.6,40,"both",0.217976478975032,-0.591845344274662
"7965",40,2,0.00820051059685676,3.40594358254385,12.1341080229439,80,100,0.217976478975032,-0.591845344274662,80,1,32.44007,50,0.4,0.6,40,"both",0.217976478975032,-0.591845344274662
"7966",40,2,0.00820051059685676,3.40594358254385,12.1341080229439,80,100,0.217976478975032,-0.591845344274662,80,1,-4.11469,50,0.4,0.6,40,"both",0.217976478975032,-0.591845344274662
"7967",40,2,0.00820051059685676,3.40594358254385,12.1341080229439,80,100,0.217976478975032,-0.591845344274662,80,1,17.82392,50,0.4,0.6,40,"both",0.217976478975032,-0.591845344274662
"7968",40,2,0.00820051059685676,3.40594358254385,12.1341080229439,80,100,0.217976478975032,-0.591845344274662,80,1,24.6867,50,0.4,0.6,40,"both",0.217976478975032,-0.591845344274662
"7969",40,2,0.00820051059685676,3.40594358254385,12.1341080229439,80,100,0.217976478975032,-0.591845344274662,80,1,12.53043,50,0.4,0.6,40,"both",0.217976478975032,-0.591845344274662
"7970",40,2,0.00820051059685676,3.40594358254385,12.1341080229439,80,100,0.217976478975032,-0.591845344274662,80,1,28.42654,50,0.4,0.6,40,"both",0.217976478975032,-0.591845344274662
"7971",40,2,0.00820051059685676,3.40594358254385,12.1341080229439,80,100,0.217976478975032,-0.591845344274662,80,1,-10.97946,50,0.4,0.6,40,"both",0.217976478975032,-0.591845344274662
"7972",40,2,0.00820051059685676,3.40594358254385,12.1341080229439,80,100,0.217976478975032,-0.591845344274662,80,1,16.97457,50,0.4,0.6,40,"both",0.217976478975032,-0.591845344274662
"7973",40,2,0.00820051059685676,3.40594358254385,12.1341080229439,80,100,0.217976478975032,-0.591845344274662,80,0,-14.98307,50,0.4,0.6,40,"both",0.217976478975032,-0.591845344274662
"7974",40,2,0.00820051059685676,3.40594358254385,12.1341080229439,80,100,0.217976478975032,-0.591845344274662,80,0,-20.284786,50,0.4,0.6,40,"both",0.217976478975032,-0.591845344274662
"7975",40,2,0.00820051059685676,3.40594358254385,12.1341080229439,80,100,0.217976478975032,-0.591845344274662,80,1,7.89788,50,0.4,0.6,40,"both",0.217976478975032,-0.591845344274662
"7976",40,2,0.00820051059685676,3.40594358254385,12.1341080229439,80,100,0.217976478975032,-0.591845344274662,80,0,-12.57043,50,0.4,0.6,40,"both",0.217976478975032,-0.591845344274662
"7977",40,2,0.00820051059685676,3.40594358254385,12.1341080229439,80,100,0.217976478975032,-0.591845344274662,80,0,-14.34175,50,0.4,0.6,40,"both",0.217976478975032,-0.591845344274662
"7978",40,2,0.00820051059685676,3.40594358254385,12.1341080229439,80,100,0.217976478975032,-0.591845344274662,80,0,-11.150164,50,0.4,0.6,40,"both",0.217976478975032,-0.591845344274662
"7979",40,2,0.00820051059685676,3.40594358254385,12.1341080229439,80,100,0.217976478975032,-0.591845344274662,80,0,16.37348,50,0.4,0.6,40,"both",0.217976478975032,-0.591845344274662
"7980",40,2,0.00820051059685676,3.40594358254385,12.1341080229439,80,100,0.217976478975032,-0.591845344274662,80,0,-8.97465,50,0.4,0.6,40,"both",0.217976478975032,-0.591845344274662
"7981",40,2,0.00820051059685676,3.40594358254385,12.1341080229439,80,100,0.217976478975032,-0.591845344274662,80,0,26.379025,50,0.4,0.6,40,"both",0.217976478975032,-0.591845344274662
"7982",40,2,0.00820051059685676,3.40594358254385,12.1341080229439,80,100,0.217976478975032,-0.591845344274662,80,0,-23.85581,50,0.4,0.6,40,"both",0.217976478975032,-0.591845344274662
"7983",40,2,0.00820051059685676,3.40594358254385,12.1341080229439,80,100,0.217976478975032,-0.591845344274662,80,0,-3.6631,50,0.4,0.6,40,"both",0.217976478975032,-0.591845344274662
"7984",40,2,0.00820051059685676,3.40594358254385,12.1341080229439,80,100,0.217976478975032,-0.591845344274662,80,1,30.5754,50,0.4,0.6,40,"both",0.217976478975032,-0.591845344274662
"7985",40,2,0.00820051059685676,3.40594358254385,12.1341080229439,80,100,0.217976478975032,-0.591845344274662,80,0,-10.50515,50,0.4,0.6,40,"both",0.217976478975032,-0.591845344274662
"7986",40,2,0.00820051059685676,3.40594358254385,12.1341080229439,80,100,0.217976478975032,-0.591845344274662,80,1,19.44007,50,0.4,0.6,40,"both",0.217976478975032,-0.591845344274662
"7987",40,2,0.00820051059685676,3.40594358254385,12.1341080229439,80,100,0.217976478975032,-0.591845344274662,80,1,45.22355,50,0.4,0.6,40,"both",0.217976478975032,-0.591845344274662
"7988",40,2,0.00820051059685676,3.40594358254385,12.1341080229439,80,100,0.217976478975032,-0.591845344274662,80,1,19.3521,50,0.4,0.6,40,"both",0.217976478975032,-0.591845344274662
"7989",40,2,0.00820051059685676,3.40594358254385,12.1341080229439,80,100,0.217976478975032,-0.591845344274662,80,1,33.21924,50,0.4,0.6,40,"both",0.217976478975032,-0.591845344274662
"7990",40,2,0.00820051059685676,3.40594358254385,12.1341080229439,80,100,0.217976478975032,-0.591845344274662,80,0,-16.80479,50,0.4,0.6,40,"both",0.217976478975032,-0.591845344274662
"7991",40,2,0.00820051059685676,3.40594358254385,12.1341080229439,80,100,0.217976478975032,-0.591845344274662,80,1,21.37257,50,0.4,0.6,40,"both",0.217976478975032,-0.591845344274662
"7992",40,2,0.00820051059685676,3.40594358254385,12.1341080229439,80,100,0.217976478975032,-0.591845344274662,80,0,-17.62699,50,0.4,0.6,40,"both",0.217976478975032,-0.591845344274662
"7993",40,2,0.00820051059685676,3.40594358254385,12.1341080229439,80,100,0.217976478975032,-0.591845344274662,80,0,-11.37178,50,0.4,0.6,40,"both",0.217976478975032,-0.591845344274662
"7994",40,2,0.00820051059685676,3.40594358254385,12.1341080229439,80,100,0.217976478975032,-0.591845344274662,80,0,-12.83029,50,0.4,0.6,40,"both",0.217976478975032,-0.591845344274662
"7995",40,2,0.00820051059685676,3.40594358254385,12.1341080229439,80,100,0.217976478975032,-0.591845344274662,80,0,-8.47789,50,0.4,0.6,40,"both",0.217976478975032,-0.591845344274662
"7996",40,2,0.00820051059685676,3.40594358254385,12.1341080229439,80,100,0.217976478975032,-0.591845344274662,80,1,12.7000424,50,0.4,0.6,40,"both",0.217976478975032,-0.591845344274662
"7997",40,2,0.00820051059685676,3.40594358254385,12.1341080229439,80,100,0.217976478975032,-0.591845344274662,80,1,25.84455,50,0.4,0.6,40,"both",0.217976478975032,-0.591845344274662
"7998",40,2,0.00820051059685676,3.40594358254385,12.1341080229439,80,100,0.217976478975032,-0.591845344274662,80,1,17.67735,50,0.4,0.6,40,"both",0.217976478975032,-0.591845344274662
"7999",40,2,0.00820051059685676,3.40594358254385,12.1341080229439,80,100,0.217976478975032,-0.591845344274662,80,0,-2.8112,50,0.4,0.6,40,"both",0.217976478975032,-0.591845344274662
"8000",40,2,0.00820051059685676,3.40594358254385,12.1341080229439,80,100,0.217976478975032,-0.591845344274662,80,1,-5.8464,50,0.4,0.6,40,"both",0.217976478975032,-0.591845344274662
