"","session","alpha","beta","betart","lapse","intercept","sigma","ndt","participant_id","sessions","trials","alpha_obs_power","beta_obs_power","n","rts","resp","X","iter","real_effectsize_alpha","real_effectsize_beta","subjects","parameter","observed_effectsize_alpha","observed_effectsize_beta"
"1","session1",-14.3169357424507,13.5507262066024,1.86176672062251,0.000448746233029573,0.68175838672626,0.41680599584977,0.139795682395015,1,1,100,0.309988758818787,0.569594468699321,1,1.46428378573636,1,10.92835173972,245,0,0,20,"both",0.309988758818787,0.569594468699321
"2","session1",-14.3169357424507,13.5507262066024,1.86176672062251,0.000448746233029573,0.68175838672626,0.41680599584977,0.139795682395015,1,1,100,0.309988758818787,0.569594468699321,1,4.76713773521591,1,-7.30258780661,245,0,0,20,"both",0.309988758818787,0.569594468699321
"3","session1",-14.3169357424507,13.5507262066024,1.86176672062251,0.000448746233029573,0.68175838672626,0.41680599584977,0.139795682395015,1,1,100,0.309988758818787,0.569594468699321,1,2.73901918914155,0,-13.8872428099,245,0,0,20,"both",0.309988758818787,0.569594468699321
"4","session1",-14.3169357424507,13.5507262066024,1.86176672062251,0.000448746233029573,0.68175838672626,0.41680599584977,0.139795682395015,1,1,100,0.309988758818787,0.569594468699321,1,1.89703611554385,1,-7.706840786,245,0,0,20,"both",0.309988758818787,0.569594468699321
"5","session1",-14.3169357424507,13.5507262066024,1.86176672062251,0.000448746233029573,0.68175838672626,0.41680599584977,0.139795682395015,1,1,100,0.309988758818787,0.569594468699321,1,2.56182212401667,1,-9.36876,245,0,0,20,"both",0.309988758818787,0.569594468699321
"6","session1",-14.3169357424507,13.5507262066024,1.86176672062251,0.000448746233029573,0.68175838672626,0.41680599584977,0.139795682395015,1,1,100,0.309988758818787,0.569594468699321,1,3.33825634725193,1,-7.53486,245,0,0,20,"both",0.309988758818787,0.569594468699321
"7","session1",-14.3169357424507,13.5507262066024,1.86176672062251,0.000448746233029573,0.68175838672626,0.41680599584977,0.139795682395015,1,1,100,0.309988758818787,0.569594468699321,1,2.68207282825192,0,-14.46083,245,0,0,20,"both",0.309988758818787,0.569594468699321
"8","session1",-14.3169357424507,13.5507262066024,1.86176672062251,0.000448746233029573,0.68175838672626,0.41680599584977,0.139795682395015,1,1,100,0.309988758818787,0.569594468699321,1,2.50592004916123,0,-20.55322,245,0,0,20,"both",0.309988758818787,0.569594468699321
"9","session1",-14.3169357424507,13.5507262066024,1.86176672062251,0.000448746233029573,0.68175838672626,0.41680599584977,0.139795682395015,1,1,100,0.309988758818787,0.569594468699321,1,2.03253289728621,1,-6.79898,245,0,0,20,"both",0.309988758818787,0.569594468699321
"10","session1",-14.3169357424507,13.5507262066024,1.86176672062251,0.000448746233029573,0.68175838672626,0.41680599584977,0.139795682395015,1,1,100,0.309988758818787,0.569594468699321,1,2.58872895796476,0,-4.60752,245,0,0,20,"both",0.309988758818787,0.569594468699321
"11","session1",-14.3169357424507,13.5507262066024,1.86176672062251,0.000448746233029573,0.68175838672626,0.41680599584977,0.139795682395015,1,1,100,0.309988758818787,0.569594468699321,1,4.69716575545346,1,5.51357,245,0,0,20,"both",0.309988758818787,0.569594468699321
"12","session1",-14.3169357424507,13.5507262066024,1.86176672062251,0.000448746233029573,0.68175838672626,0.41680599584977,0.139795682395015,1,1,100,0.309988758818787,0.569594468699321,1,4.6475626169813,1,-11.26891708,245,0,0,20,"both",0.309988758818787,0.569594468699321
"13","session1",-14.3169357424507,13.5507262066024,1.86176672062251,0.000448746233029573,0.68175838672626,0.41680599584977,0.139795682395015,1,1,100,0.309988758818787,0.569594468699321,1,4.12726850875707,0,-11.1038,245,0,0,20,"both",0.309988758818787,0.569594468699321
"14","session1",-14.3169357424507,13.5507262066024,1.86176672062251,0.000448746233029573,0.68175838672626,0.41680599584977,0.139795682395015,1,1,100,0.309988758818787,0.569594468699321,1,1.95469074989347,0,-21.2977,245,0,0,20,"both",0.309988758818787,0.569594468699321
"15","session1",-14.3169357424507,13.5507262066024,1.86176672062251,0.000448746233029573,0.68175838672626,0.41680599584977,0.139795682395015,1,1,100,0.309988758818787,0.569594468699321,1,2.25271341218044,1,-14.15769,245,0,0,20,"both",0.309988758818787,0.569594468699321
"16","session1",-14.3169357424507,13.5507262066024,1.86176672062251,0.000448746233029573,0.68175838672626,0.41680599584977,0.139795682395015,1,1,100,0.309988758818787,0.569594468699321,1,2.16319114441869,1,-5.85786,245,0,0,20,"both",0.309988758818787,0.569594468699321
"17","session1",-14.3169357424507,13.5507262066024,1.86176672062251,0.000448746233029573,0.68175838672626,0.41680599584977,0.139795682395015,1,1,100,0.309988758818787,0.569594468699321,1,4.03316704148739,1,-17.2842,245,0,0,20,"both",0.309988758818787,0.569594468699321
"18","session1",-14.3169357424507,13.5507262066024,1.86176672062251,0.000448746233029573,0.68175838672626,0.41680599584977,0.139795682395015,1,1,100,0.309988758818787,0.569594468699321,1,1.37134101489151,1,-5.86308,245,0,0,20,"both",0.309988758818787,0.569594468699321
"19","session1",-14.3169357424507,13.5507262066024,1.86176672062251,0.000448746233029573,0.68175838672626,0.41680599584977,0.139795682395015,1,1,100,0.309988758818787,0.569594468699321,1,3.88530696653671,1,-23.30468,245,0,0,20,"both",0.309988758818787,0.569594468699321
"20","session1",-14.3169357424507,13.5507262066024,1.86176672062251,0.000448746233029573,0.68175838672626,0.41680599584977,0.139795682395015,1,1,100,0.309988758818787,0.569594468699321,1,2.16560786221905,0,-26.83235,245,0,0,20,"both",0.309988758818787,0.569594468699321
"21","session1",-14.3169357424507,13.5507262066024,1.86176672062251,0.000448746233029573,0.68175838672626,0.41680599584977,0.139795682395015,1,1,100,0.309988758818787,0.569594468699321,1,2.94231064562659,0,-16.10003629,245,0,0,20,"both",0.309988758818787,0.569594468699321
"22","session1",-14.3169357424507,13.5507262066024,1.86176672062251,0.000448746233029573,0.68175838672626,0.41680599584977,0.139795682395015,1,1,100,0.309988758818787,0.569594468699321,1,2.09738516108463,0,-19.053,245,0,0,20,"both",0.309988758818787,0.569594468699321
"23","session1",-14.3169357424507,13.5507262066024,1.86176672062251,0.000448746233029573,0.68175838672626,0.41680599584977,0.139795682395015,1,1,100,0.309988758818787,0.569594468699321,1,2.07289248246026,1,-14.3799,245,0,0,20,"both",0.309988758818787,0.569594468699321
"24","session1",-14.3169357424507,13.5507262066024,1.86176672062251,0.000448746233029573,0.68175838672626,0.41680599584977,0.139795682395015,1,1,100,0.309988758818787,0.569594468699321,1,1.98568447202922,0,-28.39743,245,0,0,20,"both",0.309988758818787,0.569594468699321
"25","session1",-14.3169357424507,13.5507262066024,1.86176672062251,0.000448746233029573,0.68175838672626,0.41680599584977,0.139795682395015,1,1,100,0.309988758818787,0.569594468699321,1,1.79303461360888,0,-43.5203,245,0,0,20,"both",0.309988758818787,0.569594468699321
"26","session1",-14.3169357424507,13.5507262066024,1.86176672062251,0.000448746233029573,0.68175838672626,0.41680599584977,0.139795682395015,1,1,100,0.309988758818787,0.569594468699321,1,5.57972357391462,0,-17.89589,245,0,0,20,"both",0.309988758818787,0.569594468699321
"27","session1",-14.3169357424507,13.5507262066024,1.86176672062251,0.000448746233029573,0.68175838672626,0.41680599584977,0.139795682395015,1,1,100,0.309988758818787,0.569594468699321,1,4.03767628043805,0,-12.17479,245,0,0,20,"both",0.309988758818787,0.569594468699321
"28","session1",-14.3169357424507,13.5507262066024,1.86176672062251,0.000448746233029573,0.68175838672626,0.41680599584977,0.139795682395015,1,1,100,0.309988758818787,0.569594468699321,1,3.00309858637316,1,-24.3312,245,0,0,20,"both",0.309988758818787,0.569594468699321
"29","session1",-14.3169357424507,13.5507262066024,1.86176672062251,0.000448746233029573,0.68175838672626,0.41680599584977,0.139795682395015,1,1,100,0.309988758818787,0.569594468699321,1,4.55894649105446,0,-13.47262,245,0,0,20,"both",0.309988758818787,0.569594468699321
"30","session1",-14.3169357424507,13.5507262066024,1.86176672062251,0.000448746233029573,0.68175838672626,0.41680599584977,0.139795682395015,1,1,100,0.309988758818787,0.569594468699321,1,3.5179559005997,0,-48.4688,245,0,0,20,"both",0.309988758818787,0.569594468699321
"31","session1",-14.3169357424507,13.5507262066024,1.86176672062251,0.000448746233029573,0.68175838672626,0.41680599584977,0.139795682395015,1,1,100,0.309988758818787,0.569594468699321,1,2.65896420742096,1,1.1734,245,0,0,20,"both",0.309988758818787,0.569594468699321
"32","session1",-14.3169357424507,13.5507262066024,1.86176672062251,0.000448746233029573,0.68175838672626,0.41680599584977,0.139795682395015,1,1,100,0.309988758818787,0.569594468699321,1,3.46267204581694,1,6.73652,245,0,0,20,"both",0.309988758818787,0.569594468699321
"33","session1",-14.3169357424507,13.5507262066024,1.86176672062251,0.000448746233029573,0.68175838672626,0.41680599584977,0.139795682395015,1,1,100,0.309988758818787,0.569594468699321,1,2.56192184522451,0,-21.65202,245,0,0,20,"both",0.309988758818787,0.569594468699321
"34","session1",-14.3169357424507,13.5507262066024,1.86176672062251,0.000448746233029573,0.68175838672626,0.41680599584977,0.139795682395015,1,1,100,0.309988758818787,0.569594468699321,1,3.88949737810656,1,-8.17035,245,0,0,20,"both",0.309988758818787,0.569594468699321
"35","session1",-14.3169357424507,13.5507262066024,1.86176672062251,0.000448746233029573,0.68175838672626,0.41680599584977,0.139795682395015,1,1,100,0.309988758818787,0.569594468699321,1,4.56012248004543,0,-16.10283,245,0,0,20,"both",0.309988758818787,0.569594468699321
"36","session1",-14.3169357424507,13.5507262066024,1.86176672062251,0.000448746233029573,0.68175838672626,0.41680599584977,0.139795682395015,1,1,100,0.309988758818787,0.569594468699321,1,2.563437219807,1,-2.4154,245,0,0,20,"both",0.309988758818787,0.569594468699321
"37","session1",-14.3169357424507,13.5507262066024,1.86176672062251,0.000448746233029573,0.68175838672626,0.41680599584977,0.139795682395015,1,1,100,0.309988758818787,0.569594468699321,1,1.80001610841141,1,-23.09213,245,0,0,20,"both",0.309988758818787,0.569594468699321
"38","session1",-14.3169357424507,13.5507262066024,1.86176672062251,0.000448746233029573,0.68175838672626,0.41680599584977,0.139795682395015,1,1,100,0.309988758818787,0.569594468699321,1,2.44920222094336,0,-30.8434,245,0,0,20,"both",0.309988758818787,0.569594468699321
"39","session1",-14.3169357424507,13.5507262066024,1.86176672062251,0.000448746233029573,0.68175838672626,0.41680599584977,0.139795682395015,1,1,100,0.309988758818787,0.569594468699321,1,4.48967928849002,1,-18.20811,245,0,0,20,"both",0.309988758818787,0.569594468699321
"40","session1",-14.3169357424507,13.5507262066024,1.86176672062251,0.000448746233029573,0.68175838672626,0.41680599584977,0.139795682395015,1,1,100,0.309988758818787,0.569594468699321,1,7.12868689141068,1,-10.30992,245,0,0,20,"both",0.309988758818787,0.569594468699321
"41","session1",-14.3169357424507,13.5507262066024,1.86176672062251,0.000448746233029573,0.68175838672626,0.41680599584977,0.139795682395015,1,1,100,0.309988758818787,0.569594468699321,1,3.45995278290502,0,-8.55256,245,0,0,20,"both",0.309988758818787,0.569594468699321
"42","session1",-14.3169357424507,13.5507262066024,1.86176672062251,0.000448746233029573,0.68175838672626,0.41680599584977,0.139795682395015,1,1,100,0.309988758818787,0.569594468699321,1,1.47877511411225,1,17.3696,245,0,0,20,"both",0.309988758818787,0.569594468699321
"43","session1",-14.3169357424507,13.5507262066024,1.86176672062251,0.000448746233029573,0.68175838672626,0.41680599584977,0.139795682395015,1,1,100,0.309988758818787,0.569594468699321,1,1.44336777222064,1,-4.39387,245,0,0,20,"both",0.309988758818787,0.569594468699321
"44","session1",-14.3169357424507,13.5507262066024,1.86176672062251,0.000448746233029573,0.68175838672626,0.41680599584977,0.139795682395015,1,1,100,0.309988758818787,0.569594468699321,1,3.28650254339377,0,-15.28173424,245,0,0,20,"both",0.309988758818787,0.569594468699321
"45","session1",-14.3169357424507,13.5507262066024,1.86176672062251,0.000448746233029573,0.68175838672626,0.41680599584977,0.139795682395015,1,1,100,0.309988758818787,0.569594468699321,1,2.52121584052924,0,-9.64889,245,0,0,20,"both",0.309988758818787,0.569594468699321
"46","session1",-14.3169357424507,13.5507262066024,1.86176672062251,0.000448746233029573,0.68175838672626,0.41680599584977,0.139795682395015,1,1,100,0.309988758818787,0.569594468699321,1,2.44237571630594,0,-35.7581,245,0,0,20,"both",0.309988758818787,0.569594468699321
"47","session1",-14.3169357424507,13.5507262066024,1.86176672062251,0.000448746233029573,0.68175838672626,0.41680599584977,0.139795682395015,1,1,100,0.309988758818787,0.569594468699321,1,6.02952877998164,1,-4.6356,245,0,0,20,"both",0.309988758818787,0.569594468699321
"48","session1",-14.3169357424507,13.5507262066024,1.86176672062251,0.000448746233029573,0.68175838672626,0.41680599584977,0.139795682395015,1,1,100,0.309988758818787,0.569594468699321,1,3.53795333048703,0,-26.1331,245,0,0,20,"both",0.309988758818787,0.569594468699321
"49","session1",-14.3169357424507,13.5507262066024,1.86176672062251,0.000448746233029573,0.68175838672626,0.41680599584977,0.139795682395015,1,1,100,0.309988758818787,0.569594468699321,1,4.6174719824177,0,-24.83995,245,0,0,20,"both",0.309988758818787,0.569594468699321
"50","session1",-14.3169357424507,13.5507262066024,1.86176672062251,0.000448746233029573,0.68175838672626,0.41680599584977,0.139795682395015,1,1,100,0.309988758818787,0.569594468699321,1,2.72348473136249,0,-23.25397,245,0,0,20,"both",0.309988758818787,0.569594468699321
"51","session1",-14.3169357424507,13.5507262066024,1.86176672062251,0.000448746233029573,0.68175838672626,0.41680599584977,0.139795682395015,1,1,100,0.309988758818787,0.569594468699321,1,4.60770794448219,1,5.0925,245,0,0,20,"both",0.309988758818787,0.569594468699321
"52","session1",-14.3169357424507,13.5507262066024,1.86176672062251,0.000448746233029573,0.68175838672626,0.41680599584977,0.139795682395015,1,1,100,0.309988758818787,0.569594468699321,1,2.14176245408097,0,-15.98375,245,0,0,20,"both",0.309988758818787,0.569594468699321
"53","session1",-14.3169357424507,13.5507262066024,1.86176672062251,0.000448746233029573,0.68175838672626,0.41680599584977,0.139795682395015,1,1,100,0.309988758818787,0.569594468699321,1,4.45571884959398,1,-6.50986,245,0,0,20,"both",0.309988758818787,0.569594468699321
"54","session1",-14.3169357424507,13.5507262066024,1.86176672062251,0.000448746233029573,0.68175838672626,0.41680599584977,0.139795682395015,1,1,100,0.309988758818787,0.569594468699321,1,4.14814102883546,0,-24.3808,245,0,0,20,"both",0.309988758818787,0.569594468699321
"55","session1",-14.3169357424507,13.5507262066024,1.86176672062251,0.000448746233029573,0.68175838672626,0.41680599584977,0.139795682395015,1,1,100,0.309988758818787,0.569594468699321,1,2.27161183357247,1,-5.53601,245,0,0,20,"both",0.309988758818787,0.569594468699321
"56","session1",-14.3169357424507,13.5507262066024,1.86176672062251,0.000448746233029573,0.68175838672626,0.41680599584977,0.139795682395015,1,1,100,0.309988758818787,0.569594468699321,1,3.92394349772511,0,-1.11553,245,0,0,20,"both",0.309988758818787,0.569594468699321
"57","session1",-14.3169357424507,13.5507262066024,1.86176672062251,0.000448746233029573,0.68175838672626,0.41680599584977,0.139795682395015,1,1,100,0.309988758818787,0.569594468699321,1,8,0,-20.4315,245,0,0,20,"both",0.309988758818787,0.569594468699321
"58","session1",-14.3169357424507,13.5507262066024,1.86176672062251,0.000448746233029573,0.68175838672626,0.41680599584977,0.139795682395015,1,1,100,0.309988758818787,0.569594468699321,1,5.55901803274645,1,-16.25466,245,0,0,20,"both",0.309988758818787,0.569594468699321
"59","session1",-14.3169357424507,13.5507262066024,1.86176672062251,0.000448746233029573,0.68175838672626,0.41680599584977,0.139795682395015,1,1,100,0.309988758818787,0.569594468699321,1,1.27528023050705,1,-22.80378,245,0,0,20,"both",0.309988758818787,0.569594468699321
"60","session1",-14.3169357424507,13.5507262066024,1.86176672062251,0.000448746233029573,0.68175838672626,0.41680599584977,0.139795682395015,1,1,100,0.309988758818787,0.569594468699321,1,6.15891668382381,1,-15.15075,245,0,0,20,"both",0.309988758818787,0.569594468699321
"61","session1",-14.3169357424507,13.5507262066024,1.86176672062251,0.000448746233029573,0.68175838672626,0.41680599584977,0.139795682395015,1,1,100,0.309988758818787,0.569594468699321,1,2.61156774214893,1,0.842100000000002,245,0,0,20,"both",0.309988758818787,0.569594468699321
"62","session1",-14.3169357424507,13.5507262066024,1.86176672062251,0.000448746233029573,0.68175838672626,0.41680599584977,0.139795682395015,1,1,100,0.309988758818787,0.569594468699321,1,4.5193680567831,1,-4.63893,245,0,0,20,"both",0.309988758818787,0.569594468699321
"63","session1",-14.3169357424507,13.5507262066024,1.86176672062251,0.000448746233029573,0.68175838672626,0.41680599584977,0.139795682395015,1,1,100,0.309988758818787,0.569594468699321,1,2.53794086821025,1,-0.226789999999999,245,0,0,20,"both",0.309988758818787,0.569594468699321
"64","session1",-14.3169357424507,13.5507262066024,1.86176672062251,0.000448746233029573,0.68175838672626,0.41680599584977,0.139795682395015,1,1,100,0.309988758818787,0.569594468699321,1,3.94767748004899,0,-27.986,245,0,0,20,"both",0.309988758818787,0.569594468699321
"65","session1",-14.3169357424507,13.5507262066024,1.86176672062251,0.000448746233029573,0.68175838672626,0.41680599584977,0.139795682395015,1,1,100,0.309988758818787,0.569594468699321,1,2.83076884662341,1,-28.15397,245,0,0,20,"both",0.309988758818787,0.569594468699321
"66","session1",-14.3169357424507,13.5507262066024,1.86176672062251,0.000448746233029573,0.68175838672626,0.41680599584977,0.139795682395015,1,1,100,0.309988758818787,0.569594468699321,1,4.25530198975685,0,-24.3524,245,0,0,20,"both",0.309988758818787,0.569594468699321
"67","session1",-14.3169357424507,13.5507262066024,1.86176672062251,0.000448746233029573,0.68175838672626,0.41680599584977,0.139795682395015,1,1,100,0.309988758818787,0.569594468699321,1,2.03635576157289,1,0.7234,245,0,0,20,"both",0.309988758818787,0.569594468699321
"68","session1",-14.3169357424507,13.5507262066024,1.86176672062251,0.000448746233029573,0.68175838672626,0.41680599584977,0.139795682395015,1,1,100,0.309988758818787,0.569594468699321,1,2.6458807948572,0,-24.5921,245,0,0,20,"both",0.309988758818787,0.569594468699321
"69","session1",-14.3169357424507,13.5507262066024,1.86176672062251,0.000448746233029573,0.68175838672626,0.41680599584977,0.139795682395015,1,1,100,0.309988758818787,0.569594468699321,1,2.01226681513573,1,-22.2191,245,0,0,20,"both",0.309988758818787,0.569594468699321
"70","session1",-14.3169357424507,13.5507262066024,1.86176672062251,0.000448746233029573,0.68175838672626,0.41680599584977,0.139795682395015,1,1,100,0.309988758818787,0.569594468699321,1,3.73073504573035,1,-28.1639,245,0,0,20,"both",0.309988758818787,0.569594468699321
"71","session1",-14.3169357424507,13.5507262066024,1.86176672062251,0.000448746233029573,0.68175838672626,0.41680599584977,0.139795682395015,1,1,100,0.309988758818787,0.569594468699321,1,5.07209075140377,0,-32.8363,245,0,0,20,"both",0.309988758818787,0.569594468699321
"72","session1",-14.3169357424507,13.5507262066024,1.86176672062251,0.000448746233029573,0.68175838672626,0.41680599584977,0.139795682395015,1,1,100,0.309988758818787,0.569594468699321,1,3.15973524501396,1,-1.3798,245,0,0,20,"both",0.309988758818787,0.569594468699321
"73","session1",-14.3169357424507,13.5507262066024,1.86176672062251,0.000448746233029573,0.68175838672626,0.41680599584977,0.139795682395015,1,1,100,0.309988758818787,0.569594468699321,1,1.65212031937474,1,5.0838,245,0,0,20,"both",0.309988758818787,0.569594468699321
"74","session1",-14.3169357424507,13.5507262066024,1.86176672062251,0.000448746233029573,0.68175838672626,0.41680599584977,0.139795682395015,1,1,100,0.309988758818787,0.569594468699321,1,2.65054222198715,0,-30.0056,245,0,0,20,"both",0.309988758818787,0.569594468699321
"75","session1",-14.3169357424507,13.5507262066024,1.86176672062251,0.000448746233029573,0.68175838672626,0.41680599584977,0.139795682395015,1,1,100,0.309988758818787,0.569594468699321,1,3.44025339586818,1,-29.0009,245,0,0,20,"both",0.309988758818787,0.569594468699321
"76","session1",-14.3169357424507,13.5507262066024,1.86176672062251,0.000448746233029573,0.68175838672626,0.41680599584977,0.139795682395015,1,1,100,0.309988758818787,0.569594468699321,1,3.14454779540458,1,-0.468599999999999,245,0,0,20,"both",0.309988758818787,0.569594468699321
"77","session1",-14.3169357424507,13.5507262066024,1.86176672062251,0.000448746233029573,0.68175838672626,0.41680599584977,0.139795682395015,1,1,100,0.309988758818787,0.569594468699321,1,2.87884763739859,1,-3.3735,245,0,0,20,"both",0.309988758818787,0.569594468699321
"78","session1",-14.3169357424507,13.5507262066024,1.86176672062251,0.000448746233029573,0.68175838672626,0.41680599584977,0.139795682395015,1,1,100,0.309988758818787,0.569594468699321,1,2.16963252835476,1,-1.6715,245,0,0,20,"both",0.309988758818787,0.569594468699321
"79","session1",-14.3169357424507,13.5507262066024,1.86176672062251,0.000448746233029573,0.68175838672626,0.41680599584977,0.139795682395015,1,1,100,0.309988758818787,0.569594468699321,1,3.68733066137665,1,-6.55422,245,0,0,20,"both",0.309988758818787,0.569594468699321
"80","session1",-14.3169357424507,13.5507262066024,1.86176672062251,0.000448746233029573,0.68175838672626,0.41680599584977,0.139795682395015,1,1,100,0.309988758818787,0.569594468699321,1,3.03299487528382,0,-34.8849,245,0,0,20,"both",0.309988758818787,0.569594468699321
"81","session1",-14.3169357424507,13.5507262066024,1.86176672062251,0.000448746233029573,0.68175838672626,0.41680599584977,0.139795682395015,1,1,100,0.309988758818787,0.569594468699321,1,2.99654601640362,1,-0.776599999999998,245,0,0,20,"both",0.309988758818787,0.569594468699321
"82","session1",-14.3169357424507,13.5507262066024,1.86176672062251,0.000448746233029573,0.68175838672626,0.41680599584977,0.139795682395015,1,1,100,0.309988758818787,0.569594468699321,1,2.71304455933459,0,-4.1151,245,0,0,20,"both",0.309988758818787,0.569594468699321
"83","session1",-14.3169357424507,13.5507262066024,1.86176672062251,0.000448746233029573,0.68175838672626,0.41680599584977,0.139795682395015,1,1,100,0.309988758818787,0.569594468699321,1,2.21055619034469,0,-14.72567,245,0,0,20,"both",0.309988758818787,0.569594468699321
"84","session1",-14.3169357424507,13.5507262066024,1.86176672062251,0.000448746233029573,0.68175838672626,0.41680599584977,0.139795682395015,1,1,100,0.309988758818787,0.569594468699321,1,2.67829538400616,1,1.7784,245,0,0,20,"both",0.309988758818787,0.569594468699321
"85","session1",-14.3169357424507,13.5507262066024,1.86176672062251,0.000448746233029573,0.68175838672626,0.41680599584977,0.139795682395015,1,1,100,0.309988758818787,0.569594468699321,1,1.51560182442902,1,5.9384,245,0,0,20,"both",0.309988758818787,0.569594468699321
"86","session1",-14.3169357424507,13.5507262066024,1.86176672062251,0.000448746233029573,0.68175838672626,0.41680599584977,0.139795682395015,1,1,100,0.309988758818787,0.569594468699321,1,1.95039875624786,0,-36.7099,245,0,0,20,"both",0.309988758818787,0.569594468699321
"87","session1",-14.3169357424507,13.5507262066024,1.86176672062251,0.000448746233029573,0.68175838672626,0.41680599584977,0.139795682395015,1,1,100,0.309988758818787,0.569594468699321,1,3.86718416949345,1,9.3934,245,0,0,20,"both",0.309988758818787,0.569594468699321
"88","session1",-14.3169357424507,13.5507262066024,1.86176672062251,0.000448746233029573,0.68175838672626,0.41680599584977,0.139795682395015,1,1,100,0.309988758818787,0.569594468699321,1,2.16531102755289,1,-6.2497,245,0,0,20,"both",0.309988758818787,0.569594468699321
"89","session1",-14.3169357424507,13.5507262066024,1.86176672062251,0.000448746233029573,0.68175838672626,0.41680599584977,0.139795682395015,1,1,100,0.309988758818787,0.569594468699321,1,1.75737800576327,0,-35.3907,245,0,0,20,"both",0.309988758818787,0.569594468699321
"90","session1",-14.3169357424507,13.5507262066024,1.86176672062251,0.000448746233029573,0.68175838672626,0.41680599584977,0.139795682395015,1,1,100,0.309988758818787,0.569594468699321,1,4.04926650265912,1,4.5638,245,0,0,20,"both",0.309988758818787,0.569594468699321
"91","session1",-14.3169357424507,13.5507262066024,1.86176672062251,0.000448746233029573,0.68175838672626,0.41680599584977,0.139795682395015,1,1,100,0.309988758818787,0.569594468699321,1,3.37142727418364,1,0.9208,245,0,0,20,"both",0.309988758818787,0.569594468699321
"92","session1",-14.3169357424507,13.5507262066024,1.86176672062251,0.000448746233029573,0.68175838672626,0.41680599584977,0.139795682395015,1,1,100,0.309988758818787,0.569594468699321,1,5.048717173575,1,-9.2523,245,0,0,20,"both",0.309988758818787,0.569594468699321
"93","session1",-14.3169357424507,13.5507262066024,1.86176672062251,0.000448746233029573,0.68175838672626,0.41680599584977,0.139795682395015,1,1,100,0.309988758818787,0.569594468699321,1,8,0,-28.945,245,0,0,20,"both",0.309988758818787,0.569594468699321
"94","session1",-14.3169357424507,13.5507262066024,1.86176672062251,0.000448746233029573,0.68175838672626,0.41680599584977,0.139795682395015,1,1,100,0.309988758818787,0.569594468699321,1,1.89695080955142,1,-24.7152,245,0,0,20,"both",0.309988758818787,0.569594468699321
"95","session1",-14.3169357424507,13.5507262066024,1.86176672062251,0.000448746233029573,0.68175838672626,0.41680599584977,0.139795682395015,1,1,100,0.309988758818787,0.569594468699321,1,1.70282246004316,0,-33.8769,245,0,0,20,"both",0.309988758818787,0.569594468699321
"96","session1",-14.3169357424507,13.5507262066024,1.86176672062251,0.000448746233029573,0.68175838672626,0.41680599584977,0.139795682395015,1,1,100,0.309988758818787,0.569594468699321,1,6.18493154111702,1,0.8146,245,0,0,20,"both",0.309988758818787,0.569594468699321
"97","session1",-14.3169357424507,13.5507262066024,1.86176672062251,0.000448746233029573,0.68175838672626,0.41680599584977,0.139795682395015,1,1,100,0.309988758818787,0.569594468699321,1,3.95695589521221,1,-8.23791,245,0,0,20,"both",0.309988758818787,0.569594468699321
"98","session1",-14.3169357424507,13.5507262066024,1.86176672062251,0.000448746233029573,0.68175838672626,0.41680599584977,0.139795682395015,1,1,100,0.309988758818787,0.569594468699321,1,4.26200765025606,0,-0.234500000000001,245,0,0,20,"both",0.309988758818787,0.569594468699321
"99","session1",-14.3169357424507,13.5507262066024,1.86176672062251,0.000448746233029573,0.68175838672626,0.41680599584977,0.139795682395015,1,1,100,0.309988758818787,0.569594468699321,1,2.35188614401931,1,15.4166,245,0,0,20,"both",0.309988758818787,0.569594468699321
"100","session1",-14.3169357424507,13.5507262066024,1.86176672062251,0.000448746233029573,0.68175838672626,0.41680599584977,0.139795682395015,1,1,100,0.309988758818787,0.569594468699321,1,2.37658380196015,1,-7.52392,245,0,0,20,"both",0.309988758818787,0.569594468699321
"101","session1",-11.2888905809301,13.1229110846613,2.80877598039629,0.000640219896756857,0.0521069032149182,0.491831729839104,0.323152086342411,2,1,100,0.309988758818787,0.569594468699321,2,2.09506964592712,0,-6.6703307994,245,0,0,20,"both",0.309988758818787,0.569594468699321
"102","session1",-11.2888905809301,13.1229110846613,2.80877598039629,0.000640219896756857,0.0521069032149182,0.491831729839104,0.323152086342411,2,1,100,0.309988758818787,0.569594468699321,2,0.824581926374573,0,7.9574786768,245,0,0,20,"both",0.309988758818787,0.569594468699321
"103","session1",-11.2888905809301,13.1229110846613,2.80877598039629,0.000640219896756857,0.0521069032149182,0.491831729839104,0.323152086342411,2,1,100,0.309988758818787,0.569594468699321,2,2.74062357615503,1,14.74776705682,245,0,0,20,"both",0.309988758818787,0.569594468699321
"104","session1",-11.2888905809301,13.1229110846613,2.80877598039629,0.000640219896756857,0.0521069032149182,0.491831729839104,0.323152086342411,2,1,100,0.309988758818787,0.569594468699321,2,2.104773071312,1,9.1139937207,245,0,0,20,"both",0.309988758818787,0.569594468699321
"105","session1",-11.2888905809301,13.1229110846613,2.80877598039629,0.000640219896756857,0.0521069032149182,0.491831729839104,0.323152086342411,2,1,100,0.309988758818787,0.569594468699321,2,2.6544598570523,1,2.53535,245,0,0,20,"both",0.309988758818787,0.569594468699321
"106","session1",-11.2888905809301,13.1229110846613,2.80877598039629,0.000640219896756857,0.0521069032149182,0.491831729839104,0.323152086342411,2,1,100,0.309988758818787,0.569594468699321,2,0.949992045098426,1,40.41801,245,0,0,20,"both",0.309988758818787,0.569594468699321
"107","session1",-11.2888905809301,13.1229110846613,2.80877598039629,0.000640219896756857,0.0521069032149182,0.491831729839104,0.323152086342411,2,1,100,0.309988758818787,0.569594468699321,2,2.3201471534391,0,-10.76901,245,0,0,20,"both",0.309988758818787,0.569594468699321
"108","session1",-11.2888905809301,13.1229110846613,2.80877598039629,0.000640219896756857,0.0521069032149182,0.491831729839104,0.323152086342411,2,1,100,0.309988758818787,0.569594468699321,2,4.05571741678388,1,-8.80033,245,0,0,20,"both",0.309988758818787,0.569594468699321
"109","session1",-11.2888905809301,13.1229110846613,2.80877598039629,0.000640219896756857,0.0521069032149182,0.491831729839104,0.323152086342411,2,1,100,0.309988758818787,0.569594468699321,2,3.04792005127734,0,-24.17665,245,0,0,20,"both",0.309988758818787,0.569594468699321
"110","session1",-11.2888905809301,13.1229110846613,2.80877598039629,0.000640219896756857,0.0521069032149182,0.491831729839104,0.323152086342411,2,1,100,0.309988758818787,0.569594468699321,2,1.70833575436017,1,14.0701,245,0,0,20,"both",0.309988758818787,0.569594468699321
"111","session1",-11.2888905809301,13.1229110846613,2.80877598039629,0.000640219896756857,0.0521069032149182,0.491831729839104,0.323152086342411,2,1,100,0.309988758818787,0.569594468699321,2,2.27117863409426,0,-13.09773,245,0,0,20,"both",0.309988758818787,0.569594468699321
"112","session1",-11.2888905809301,13.1229110846613,2.80877598039629,0.000640219896756857,0.0521069032149182,0.491831729839104,0.323152086342411,2,1,100,0.309988758818787,0.569594468699321,2,2.20251224081427,0,15.14801,245,0,0,20,"both",0.309988758818787,0.569594468699321
"113","session1",-11.2888905809301,13.1229110846613,2.80877598039629,0.000640219896756857,0.0521069032149182,0.491831729839104,0.323152086342411,2,1,100,0.309988758818787,0.569594468699321,2,0.925486156158027,1,10.31792,245,0,0,20,"both",0.309988758818787,0.569594468699321
"114","session1",-11.2888905809301,13.1229110846613,2.80877598039629,0.000640219896756857,0.0521069032149182,0.491831729839104,0.323152086342411,2,1,100,0.309988758818787,0.569594468699321,2,1.22565508857676,1,0.59423602449,245,0,0,20,"both",0.309988758818787,0.569594468699321
"115","session1",-11.2888905809301,13.1229110846613,2.80877598039629,0.000640219896756857,0.0521069032149182,0.491831729839104,0.323152086342411,2,1,100,0.309988758818787,0.569594468699321,2,1.17264425436106,1,4.70448,245,0,0,20,"both",0.309988758818787,0.569594468699321
"116","session1",-11.2888905809301,13.1229110846613,2.80877598039629,0.000640219896756857,0.0521069032149182,0.491831729839104,0.323152086342411,2,1,100,0.309988758818787,0.569594468699321,2,2.43683160500973,0,-10.97906,245,0,0,20,"both",0.309988758818787,0.569594468699321
"117","session1",-11.2888905809301,13.1229110846613,2.80877598039629,0.000640219896756857,0.0521069032149182,0.491831729839104,0.323152086342411,2,1,100,0.309988758818787,0.569594468699321,2,2.22145756754775,0,-11.36944,245,0,0,20,"both",0.309988758818787,0.569594468699321
"118","session1",-11.2888905809301,13.1229110846613,2.80877598039629,0.000640219896756857,0.0521069032149182,0.491831729839104,0.323152086342411,2,1,100,0.309988758818787,0.569594468699321,2,2.60785397308829,0,-8.78801,245,0,0,20,"both",0.309988758818787,0.569594468699321
"119","session1",-11.2888905809301,13.1229110846613,2.80877598039629,0.000640219896756857,0.0521069032149182,0.491831729839104,0.323152086342411,2,1,100,0.309988758818787,0.569594468699321,2,2.37671339212537,0,-11.19178,245,0,0,20,"both",0.309988758818787,0.569594468699321
"120","session1",-11.2888905809301,13.1229110846613,2.80877598039629,0.000640219896756857,0.0521069032149182,0.491831729839104,0.323152086342411,2,1,100,0.309988758818787,0.569594468699321,2,2.68268723892626,0,-2.3047748134,245,0,0,20,"both",0.309988758818787,0.569594468699321
"121","session1",-11.2888905809301,13.1229110846613,2.80877598039629,0.000640219896756857,0.0521069032149182,0.491831729839104,0.323152086342411,2,1,100,0.309988758818787,0.569594468699321,2,0.898221000685035,1,22.38892,245,0,0,20,"both",0.309988758818787,0.569594468699321
"122","session1",-11.2888905809301,13.1229110846613,2.80877598039629,0.000640219896756857,0.0521069032149182,0.491831729839104,0.323152086342411,2,1,100,0.309988758818787,0.569594468699321,2,2.03268565701658,1,0.75689,245,0,0,20,"both",0.309988758818787,0.569594468699321
"123","session1",-11.2888905809301,13.1229110846613,2.80877598039629,0.000640219896756857,0.0521069032149182,0.491831729839104,0.323152086342411,2,1,100,0.309988758818787,0.569594468699321,2,2.38141302097499,0,-3.46395,245,0,0,20,"both",0.309988758818787,0.569594468699321
"124","session1",-11.2888905809301,13.1229110846613,2.80877598039629,0.000640219896756857,0.0521069032149182,0.491831729839104,0.323152086342411,2,1,100,0.309988758818787,0.569594468699321,2,1.79617887686866,1,-9.540324,245,0,0,20,"both",0.309988758818787,0.569594468699321
"125","session1",-11.2888905809301,13.1229110846613,2.80877598039629,0.000640219896756857,0.0521069032149182,0.491831729839104,0.323152086342411,2,1,100,0.309988758818787,0.569594468699321,2,1.98275831322021,1,5.86574,245,0,0,20,"both",0.309988758818787,0.569594468699321
"126","session1",-11.2888905809301,13.1229110846613,2.80877598039629,0.000640219896756857,0.0521069032149182,0.491831729839104,0.323152086342411,2,1,100,0.309988758818787,0.569594468699321,2,1.68751489716296,1,0.75683,245,0,0,20,"both",0.309988758818787,0.569594468699321
"127","session1",-11.2888905809301,13.1229110846613,2.80877598039629,0.000640219896756857,0.0521069032149182,0.491831729839104,0.323152086342411,2,1,100,0.309988758818787,0.569594468699321,2,1.63327184159434,1,6.27094,245,0,0,20,"both",0.309988758818787,0.569594468699321
"128","session1",-11.2888905809301,13.1229110846613,2.80877598039629,0.000640219896756857,0.0521069032149182,0.491831729839104,0.323152086342411,2,1,100,0.309988758818787,0.569594468699321,2,3.54328149911602,0,-14.31114,245,0,0,20,"both",0.309988758818787,0.569594468699321
"129","session1",-11.2888905809301,13.1229110846613,2.80877598039629,0.000640219896756857,0.0521069032149182,0.491831729839104,0.323152086342411,2,1,100,0.309988758818787,0.569594468699321,2,1.71718376543816,0,-10.96202,245,0,0,20,"both",0.309988758818787,0.569594468699321
"130","session1",-11.2888905809301,13.1229110846613,2.80877598039629,0.000640219896756857,0.0521069032149182,0.491831729839104,0.323152086342411,2,1,100,0.309988758818787,0.569594468699321,2,1.47774037244249,1,-1.76835,245,0,0,20,"both",0.309988758818787,0.569594468699321
"131","session1",-11.2888905809301,13.1229110846613,2.80877598039629,0.000640219896756857,0.0521069032149182,0.491831729839104,0.323152086342411,2,1,100,0.309988758818787,0.569594468699321,2,1.68693430507327,1,-5.40217,245,0,0,20,"both",0.309988758818787,0.569594468699321
"132","session1",-11.2888905809301,13.1229110846613,2.80877598039629,0.000640219896756857,0.0521069032149182,0.491831729839104,0.323152086342411,2,1,100,0.309988758818787,0.569594468699321,2,1.94839273181219,1,5.07007,245,0,0,20,"both",0.309988758818787,0.569594468699321
"133","session1",-11.2888905809301,13.1229110846613,2.80877598039629,0.000640219896756857,0.0521069032149182,0.491831729839104,0.323152086342411,2,1,100,0.309988758818787,0.569594468699321,2,1.67610886271042,1,1.21028,245,0,0,20,"both",0.309988758818787,0.569594468699321
"134","session1",-11.2888905809301,13.1229110846613,2.80877598039629,0.000640219896756857,0.0521069032149182,0.491831729839104,0.323152086342411,2,1,100,0.309988758818787,0.569594468699321,2,1.28852371587154,1,0.0865500000000003,245,0,0,20,"both",0.309988758818787,0.569594468699321
"135","session1",-11.2888905809301,13.1229110846613,2.80877598039629,0.000640219896756857,0.0521069032149182,0.491831729839104,0.323152086342411,2,1,100,0.309988758818787,0.569594468699321,2,1.4398588525664,0,-0.0877599999999998,245,0,0,20,"both",0.309988758818787,0.569594468699321
"136","session1",-11.2888905809301,13.1229110846613,2.80877598039629,0.000640219896756857,0.0521069032149182,0.491831729839104,0.323152086342411,2,1,100,0.309988758818787,0.569594468699321,2,3.71397653078331,1,-0.35218,245,0,0,20,"both",0.309988758818787,0.569594468699321
"137","session1",-11.2888905809301,13.1229110846613,2.80877598039629,0.000640219896756857,0.0521069032149182,0.491831729839104,0.323152086342411,2,1,100,0.309988758818787,0.569594468699321,2,2.07173918250346,1,-5.03147,245,0,0,20,"both",0.309988758818787,0.569594468699321
"138","session1",-11.2888905809301,13.1229110846613,2.80877598039629,0.000640219896756857,0.0521069032149182,0.491831729839104,0.323152086342411,2,1,100,0.309988758818787,0.569594468699321,2,1.60457790144315,0,-3.65894,245,0,0,20,"both",0.309988758818787,0.569594468699321
"139","session1",-11.2888905809301,13.1229110846613,2.80877598039629,0.000640219896756857,0.0521069032149182,0.491831729839104,0.323152086342411,2,1,100,0.309988758818787,0.569594468699321,2,1.99374724806752,0,-16.86831,245,0,0,20,"both",0.309988758818787,0.569594468699321
"140","session1",-11.2888905809301,13.1229110846613,2.80877598039629,0.000640219896756857,0.0521069032149182,0.491831729839104,0.323152086342411,2,1,100,0.309988758818787,0.569594468699321,2,2.22167036445841,1,-4.43573,245,0,0,20,"both",0.309988758818787,0.569594468699321
"141","session1",-11.2888905809301,13.1229110846613,2.80877598039629,0.000640219896756857,0.0521069032149182,0.491831729839104,0.323152086342411,2,1,100,0.309988758818787,0.569594468699321,2,1.48493508438293,1,-3.76642,245,0,0,20,"both",0.309988758818787,0.569594468699321
"142","session1",-11.2888905809301,13.1229110846613,2.80877598039629,0.000640219896756857,0.0521069032149182,0.491831729839104,0.323152086342411,2,1,100,0.309988758818787,0.569594468699321,2,2.21663634721496,1,-1.03846,245,0,0,20,"both",0.309988758818787,0.569594468699321
"143","session1",-11.2888905809301,13.1229110846613,2.80877598039629,0.000640219896756857,0.0521069032149182,0.491831729839104,0.323152086342411,2,1,100,0.309988758818787,0.569594468699321,2,3.02917187286086,1,-3.4618,245,0,0,20,"both",0.309988758818787,0.569594468699321
"144","session1",-11.2888905809301,13.1229110846613,2.80877598039629,0.000640219896756857,0.0521069032149182,0.491831729839104,0.323152086342411,2,1,100,0.309988758818787,0.569594468699321,2,1.55322241490383,0,5.00339,245,0,0,20,"both",0.309988758818787,0.569594468699321
"145","session1",-11.2888905809301,13.1229110846613,2.80877598039629,0.000640219896756857,0.0521069032149182,0.491831729839104,0.323152086342411,2,1,100,0.309988758818787,0.569594468699321,2,5.07530606130181,0,-12.1435,245,0,0,20,"both",0.309988758818787,0.569594468699321
"146","session1",-11.2888905809301,13.1229110846613,2.80877598039629,0.000640219896756857,0.0521069032149182,0.491831729839104,0.323152086342411,2,1,100,0.309988758818787,0.569594468699321,2,1.72984811085462,1,-10.17759,245,0,0,20,"both",0.309988758818787,0.569594468699321
"147","session1",-11.2888905809301,13.1229110846613,2.80877598039629,0.000640219896756857,0.0521069032149182,0.491831729839104,0.323152086342411,2,1,100,0.309988758818787,0.569594468699321,2,1.86351748683111,1,-5.93353,245,0,0,20,"both",0.309988758818787,0.569594468699321
"148","session1",-11.2888905809301,13.1229110846613,2.80877598039629,0.000640219896756857,0.0521069032149182,0.491831729839104,0.323152086342411,2,1,100,0.309988758818787,0.569594468699321,2,2.58337553358697,0,-4.26419,245,0,0,20,"both",0.309988758818787,0.569594468699321
"149","session1",-11.2888905809301,13.1229110846613,2.80877598039629,0.000640219896756857,0.0521069032149182,0.491831729839104,0.323152086342411,2,1,100,0.309988758818787,0.569594468699321,2,2.26377681879795,1,-15.02592,245,0,0,20,"both",0.309988758818787,0.569594468699321
"150","session1",-11.2888905809301,13.1229110846613,2.80877598039629,0.000640219896756857,0.0521069032149182,0.491831729839104,0.323152086342411,2,1,100,0.309988758818787,0.569594468699321,2,1.38473648027882,1,-2.15966,245,0,0,20,"both",0.309988758818787,0.569594468699321
"151","session1",-11.2888905809301,13.1229110846613,2.80877598039629,0.000640219896756857,0.0521069032149182,0.491831729839104,0.323152086342411,2,1,100,0.309988758818787,0.569594468699321,2,1.23198896019354,1,7.67087,245,0,0,20,"both",0.309988758818787,0.569594468699321
"152","session1",-11.2888905809301,13.1229110846613,2.80877598039629,0.000640219896756857,0.0521069032149182,0.491831729839104,0.323152086342411,2,1,100,0.309988758818787,0.569594468699321,2,2.46263592306486,0,-6.59575,245,0,0,20,"both",0.309988758818787,0.569594468699321
"153","session1",-11.2888905809301,13.1229110846613,2.80877598039629,0.000640219896756857,0.0521069032149182,0.491831729839104,0.323152086342411,2,1,100,0.309988758818787,0.569594468699321,2,2.25084664324518,1,8.81022,245,0,0,20,"both",0.309988758818787,0.569594468699321
"154","session1",-11.2888905809301,13.1229110846613,2.80877598039629,0.000640219896756857,0.0521069032149182,0.491831729839104,0.323152086342411,2,1,100,0.309988758818787,0.569594468699321,2,1.31107150735081,1,-9.43705,245,0,0,20,"both",0.309988758818787,0.569594468699321
"155","session1",-11.2888905809301,13.1229110846613,2.80877598039629,0.000640219896756857,0.0521069032149182,0.491831729839104,0.323152086342411,2,1,100,0.309988758818787,0.569594468699321,2,1.04253534415241,1,2.69291,245,0,0,20,"both",0.309988758818787,0.569594468699321
"156","session1",-11.2888905809301,13.1229110846613,2.80877598039629,0.000640219896756857,0.0521069032149182,0.491831729839104,0.323152086342411,2,1,100,0.309988758818787,0.569594468699321,2,1.93777565814044,1,7.30432,245,0,0,20,"both",0.309988758818787,0.569594468699321
"157","session1",-11.2888905809301,13.1229110846613,2.80877598039629,0.000640219896756857,0.0521069032149182,0.491831729839104,0.323152086342411,2,1,100,0.309988758818787,0.569594468699321,2,2.04504804406543,1,-3.5328,245,0,0,20,"both",0.309988758818787,0.569594468699321
"158","session1",-11.2888905809301,13.1229110846613,2.80877598039629,0.000640219896756857,0.0521069032149182,0.491831729839104,0.323152086342411,2,1,100,0.309988758818787,0.569594468699321,2,4.42707573110438,0,-20.98614,245,0,0,20,"both",0.309988758818787,0.569594468699321
"159","session1",-11.2888905809301,13.1229110846613,2.80877598039629,0.000640219896756857,0.0521069032149182,0.491831729839104,0.323152086342411,2,1,100,0.309988758818787,0.569594468699321,2,2.00813509576767,1,-10.69947,245,0,0,20,"both",0.309988758818787,0.569594468699321
"160","session1",-11.2888905809301,13.1229110846613,2.80877598039629,0.000640219896756857,0.0521069032149182,0.491831729839104,0.323152086342411,2,1,100,0.309988758818787,0.569594468699321,2,2.1904490857649,0,-10.69805,245,0,0,20,"both",0.309988758818787,0.569594468699321
"161","session1",-11.2888905809301,13.1229110846613,2.80877598039629,0.000640219896756857,0.0521069032149182,0.491831729839104,0.323152086342411,2,1,100,0.309988758818787,0.569594468699321,2,1.81566628814255,0,-17.21847,245,0,0,20,"both",0.309988758818787,0.569594468699321
"162","session1",-11.2888905809301,13.1229110846613,2.80877598039629,0.000640219896756857,0.0521069032149182,0.491831729839104,0.323152086342411,2,1,100,0.309988758818787,0.569594468699321,2,1.9469774381105,1,2.22263,245,0,0,20,"both",0.309988758818787,0.569594468699321
"163","session1",-11.2888905809301,13.1229110846613,2.80877598039629,0.000640219896756857,0.0521069032149182,0.491831729839104,0.323152086342411,2,1,100,0.309988758818787,0.569594468699321,2,2.48179913149538,1,-11.62699,245,0,0,20,"both",0.309988758818787,0.569594468699321
"164","session1",-11.2888905809301,13.1229110846613,2.80877598039629,0.000640219896756857,0.0521069032149182,0.491831729839104,0.323152086342411,2,1,100,0.309988758818787,0.569594468699321,2,2.62605145305394,0,-21.6808,245,0,0,20,"both",0.309988758818787,0.569594468699321
"165","session1",-11.2888905809301,13.1229110846613,2.80877598039629,0.000640219896756857,0.0521069032149182,0.491831729839104,0.323152086342411,2,1,100,0.309988758818787,0.569594468699321,2,4.75311038080675,0,2.23618,245,0,0,20,"both",0.309988758818787,0.569594468699321
"166","session1",-11.2888905809301,13.1229110846613,2.80877598039629,0.000640219896756857,0.0521069032149182,0.491831729839104,0.323152086342411,2,1,100,0.309988758818787,0.569594468699321,2,1.8495969053691,0,-3.62234,245,0,0,20,"both",0.309988758818787,0.569594468699321
"167","session1",-11.2888905809301,13.1229110846613,2.80877598039629,0.000640219896756857,0.0521069032149182,0.491831729839104,0.323152086342411,2,1,100,0.309988758818787,0.569594468699321,2,0.81586306503943,1,11.65733,245,0,0,20,"both",0.309988758818787,0.569594468699321
"168","session1",-11.2888905809301,13.1229110846613,2.80877598039629,0.000640219896756857,0.0521069032149182,0.491831729839104,0.323152086342411,2,1,100,0.309988758818787,0.569594468699321,2,1.53777736976712,0,-18.43662,245,0,0,20,"both",0.309988758818787,0.569594468699321
"169","session1",-11.2888905809301,13.1229110846613,2.80877598039629,0.000640219896756857,0.0521069032149182,0.491831729839104,0.323152086342411,2,1,100,0.309988758818787,0.569594468699321,2,1.00660619899609,0,-26.10391,245,0,0,20,"both",0.309988758818787,0.569594468699321
"170","session1",-11.2888905809301,13.1229110846613,2.80877598039629,0.000640219896756857,0.0521069032149182,0.491831729839104,0.323152086342411,2,1,100,0.309988758818787,0.569594468699321,2,1.09515725932889,1,-23.49537,245,0,0,20,"both",0.309988758818787,0.569594468699321
"171","session1",-11.2888905809301,13.1229110846613,2.80877598039629,0.000640219896756857,0.0521069032149182,0.491831729839104,0.323152086342411,2,1,100,0.309988758818787,0.569594468699321,2,2.0176149046151,0,-10.31697,245,0,0,20,"both",0.309988758818787,0.569594468699321
"172","session1",-11.2888905809301,13.1229110846613,2.80877598039629,0.000640219896756857,0.0521069032149182,0.491831729839104,0.323152086342411,2,1,100,0.309988758818787,0.569594468699321,2,3.31701537715666,0,-12.23409,245,0,0,20,"both",0.309988758818787,0.569594468699321
"173","session1",-11.2888905809301,13.1229110846613,2.80877598039629,0.000640219896756857,0.0521069032149182,0.491831729839104,0.323152086342411,2,1,100,0.309988758818787,0.569594468699321,2,2.22823659023053,1,-4.19725,245,0,0,20,"both",0.309988758818787,0.569594468699321
"174","session1",-11.2888905809301,13.1229110846613,2.80877598039629,0.000640219896756857,0.0521069032149182,0.491831729839104,0.323152086342411,2,1,100,0.309988758818787,0.569594468699321,2,1.33478913449315,0,-6.82403,245,0,0,20,"both",0.309988758818787,0.569594468699321
"175","session1",-11.2888905809301,13.1229110846613,2.80877598039629,0.000640219896756857,0.0521069032149182,0.491831729839104,0.323152086342411,2,1,100,0.309988758818787,0.569594468699321,2,3.24897634030902,0,-19.28027,245,0,0,20,"both",0.309988758818787,0.569594468699321
"176","session1",-11.2888905809301,13.1229110846613,2.80877598039629,0.000640219896756857,0.0521069032149182,0.491831729839104,0.323152086342411,2,1,100,0.309988758818787,0.569594468699321,2,1.07200198537024,0,-4.19723,245,0,0,20,"both",0.309988758818787,0.569594468699321
"177","session1",-11.2888905809301,13.1229110846613,2.80877598039629,0.000640219896756857,0.0521069032149182,0.491831729839104,0.323152086342411,2,1,100,0.309988758818787,0.569594468699321,2,1.54307961905744,1,4.56209,245,0,0,20,"both",0.309988758818787,0.569594468699321
"178","session1",-11.2888905809301,13.1229110846613,2.80877598039629,0.000640219896756857,0.0521069032149182,0.491831729839104,0.323152086342411,2,1,100,0.309988758818787,0.569594468699321,2,1.91977093273096,1,-0.194430000000001,245,0,0,20,"both",0.309988758818787,0.569594468699321
"179","session1",-11.2888905809301,13.1229110846613,2.80877598039629,0.000640219896756857,0.0521069032149182,0.491831729839104,0.323152086342411,2,1,100,0.309988758818787,0.569594468699321,2,1.35893816366573,0,-0.85548,245,0,0,20,"both",0.309988758818787,0.569594468699321
"180","session1",-11.2888905809301,13.1229110846613,2.80877598039629,0.000640219896756857,0.0521069032149182,0.491831729839104,0.323152086342411,2,1,100,0.309988758818787,0.569594468699321,2,1.47936984765815,1,5.75937,245,0,0,20,"both",0.309988758818787,0.569594468699321
"181","session1",-11.2888905809301,13.1229110846613,2.80877598039629,0.000640219896756857,0.0521069032149182,0.491831729839104,0.323152086342411,2,1,100,0.309988758818787,0.569594468699321,2,1.24797368105028,1,8.62559,245,0,0,20,"both",0.309988758818787,0.569594468699321
"182","session1",-11.2888905809301,13.1229110846613,2.80877598039629,0.000640219896756857,0.0521069032149182,0.491831729839104,0.323152086342411,2,1,100,0.309988758818787,0.569594468699321,2,2.12964866487484,0,-12.81043,245,0,0,20,"both",0.309988758818787,0.569594468699321
"183","session1",-11.2888905809301,13.1229110846613,2.80877598039629,0.000640219896756857,0.0521069032149182,0.491831729839104,0.323152086342411,2,1,100,0.309988758818787,0.569594468699321,2,2.63595876127122,1,-15.17925,245,0,0,20,"both",0.309988758818787,0.569594468699321
"184","session1",-11.2888905809301,13.1229110846613,2.80877598039629,0.000640219896756857,0.0521069032149182,0.491831729839104,0.323152086342411,2,1,100,0.309988758818787,0.569594468699321,2,1.57140708797005,0,-27.5801,245,0,0,20,"both",0.309988758818787,0.569594468699321
"185","session1",-11.2888905809301,13.1229110846613,2.80877598039629,0.000640219896756857,0.0521069032149182,0.491831729839104,0.323152086342411,2,1,100,0.309988758818787,0.569594468699321,2,1.52643738914521,0,-1.64615,245,0,0,20,"both",0.309988758818787,0.569594468699321
"186","session1",-11.2888905809301,13.1229110846613,2.80877598039629,0.000640219896756857,0.0521069032149182,0.491831729839104,0.323152086342411,2,1,100,0.309988758818787,0.569594468699321,2,2.51784785920474,0,-17.58066,245,0,0,20,"both",0.309988758818787,0.569594468699321
"187","session1",-11.2888905809301,13.1229110846613,2.80877598039629,0.000640219896756857,0.0521069032149182,0.491831729839104,0.323152086342411,2,1,100,0.309988758818787,0.569594468699321,2,1.21801895729387,0,10.4147,245,0,0,20,"both",0.309988758818787,0.569594468699321
"188","session1",-11.2888905809301,13.1229110846613,2.80877598039629,0.000640219896756857,0.0521069032149182,0.491831729839104,0.323152086342411,2,1,100,0.309988758818787,0.569594468699321,2,1.44841073855404,1,5.83999,245,0,0,20,"both",0.309988758818787,0.569594468699321
"189","session1",-11.2888905809301,13.1229110846613,2.80877598039629,0.000640219896756857,0.0521069032149182,0.491831729839104,0.323152086342411,2,1,100,0.309988758818787,0.569594468699321,2,2.22794825184491,0,7.32372,245,0,0,20,"both",0.309988758818787,0.569594468699321
"190","session1",-11.2888905809301,13.1229110846613,2.80877598039629,0.000640219896756857,0.0521069032149182,0.491831729839104,0.323152086342411,2,1,100,0.309988758818787,0.569594468699321,2,2.38079730528281,0,-14.81839,245,0,0,20,"both",0.309988758818787,0.569594468699321
"191","session1",-11.2888905809301,13.1229110846613,2.80877598039629,0.000640219896756857,0.0521069032149182,0.491831729839104,0.323152086342411,2,1,100,0.309988758818787,0.569594468699321,2,3.93410160531637,1,4.83465,245,0,0,20,"both",0.309988758818787,0.569594468699321
"192","session1",-11.2888905809301,13.1229110846613,2.80877598039629,0.000640219896756857,0.0521069032149182,0.491831729839104,0.323152086342411,2,1,100,0.309988758818787,0.569594468699321,2,5.03316669582465,1,-4.07926,245,0,0,20,"both",0.309988758818787,0.569594468699321
"193","session1",-11.2888905809301,13.1229110846613,2.80877598039629,0.000640219896756857,0.0521069032149182,0.491831729839104,0.323152086342411,2,1,100,0.309988758818787,0.569594468699321,2,1.06673482193374,0,3.1056,245,0,0,20,"both",0.309988758818787,0.569594468699321
"194","session1",-11.2888905809301,13.1229110846613,2.80877598039629,0.000640219896756857,0.0521069032149182,0.491831729839104,0.323152086342411,2,1,100,0.309988758818787,0.569594468699321,2,2.58065276754526,0,-22.08274,245,0,0,20,"both",0.309988758818787,0.569594468699321
"195","session1",-11.2888905809301,13.1229110846613,2.80877598039629,0.000640219896756857,0.0521069032149182,0.491831729839104,0.323152086342411,2,1,100,0.309988758818787,0.569594468699321,2,2.09092321199155,0,-13.28566,245,0,0,20,"both",0.309988758818787,0.569594468699321
"196","session1",-11.2888905809301,13.1229110846613,2.80877598039629,0.000640219896756857,0.0521069032149182,0.491831729839104,0.323152086342411,2,1,100,0.309988758818787,0.569594468699321,2,1.54061045672339,0,-17.61066,245,0,0,20,"both",0.309988758818787,0.569594468699321
"197","session1",-11.2888905809301,13.1229110846613,2.80877598039629,0.000640219896756857,0.0521069032149182,0.491831729839104,0.323152086342411,2,1,100,0.309988758818787,0.569594468699321,2,1.86645759153866,1,-10.99932,245,0,0,20,"both",0.309988758818787,0.569594468699321
"198","session1",-11.2888905809301,13.1229110846613,2.80877598039629,0.000640219896756857,0.0521069032149182,0.491831729839104,0.323152086342411,2,1,100,0.309988758818787,0.569594468699321,2,2.63228186740998,1,3.11652,245,0,0,20,"both",0.309988758818787,0.569594468699321
"199","session1",-11.2888905809301,13.1229110846613,2.80877598039629,0.000640219896756857,0.0521069032149182,0.491831729839104,0.323152086342411,2,1,100,0.309988758818787,0.569594468699321,2,1.45471354504826,1,4.69611,245,0,0,20,"both",0.309988758818787,0.569594468699321
"200","session1",-11.2888905809301,13.1229110846613,2.80877598039629,0.000640219896756857,0.0521069032149182,0.491831729839104,0.323152086342411,2,1,100,0.309988758818787,0.569594468699321,2,1.81931135670487,0,-17.95953,245,0,0,20,"both",0.309988758818787,0.569594468699321
"201","session1",-4.15364632385327,15.6708526512089,2.36680726465341,7.13019676280776e-05,-0.273497701338309,0.452421018477783,0.720641254619694,3,1,100,0.309988758818787,0.569594468699321,3,1.44996697062126,0,-5.7723833734,245,0,0,20,"both",0.309988758818787,0.569594468699321
"202","session1",-4.15364632385327,15.6708526512089,2.36680726465341,7.13019676280776e-05,-0.273497701338309,0.452421018477783,0.720641254619694,3,1,100,0.309988758818787,0.569594468699321,3,2.21573729996637,0,7.9629553209,245,0,0,20,"both",0.309988758818787,0.569594468699321
"203","session1",-4.15364632385327,15.6708526512089,2.36680726465341,7.13019676280776e-05,-0.273497701338309,0.452421018477783,0.720641254619694,3,1,100,0.309988758818787,0.569594468699321,3,1.81797965371245,1,14.1343689701,245,0,0,20,"both",0.309988758818787,0.569594468699321
"204","session1",-4.15364632385327,15.6708526512089,2.36680726465341,7.13019676280776e-05,-0.273497701338309,0.452421018477783,0.720641254619694,3,1,100,0.309988758818787,0.569594468699321,3,2.11110891996382,0,8.67670080471,245,0,0,20,"both",0.309988758818787,0.569594468699321
"205","session1",-4.15364632385327,15.6708526512089,2.36680726465341,7.13019676280776e-05,-0.273497701338309,0.452421018477783,0.720641254619694,3,1,100,0.309988758818787,0.569594468699321,3,3.40304121197687,1,6.54833,245,0,0,20,"both",0.309988758818787,0.569594468699321
"206","session1",-4.15364632385327,15.6708526512089,2.36680726465341,7.13019676280776e-05,-0.273497701338309,0.452421018477783,0.720641254619694,3,1,100,0.309988758818787,0.569594468699321,3,2.31235162996158,0,-11.56954,245,0,0,20,"both",0.309988758818787,0.569594468699321
"207","session1",-4.15364632385327,15.6708526512089,2.36680726465341,7.13019676280776e-05,-0.273497701338309,0.452421018477783,0.720641254619694,3,1,100,0.309988758818787,0.569594468699321,3,2.08391584604432,0,18.71909,245,0,0,20,"both",0.309988758818787,0.569594468699321
"208","session1",-4.15364632385327,15.6708526512089,2.36680726465341,7.13019676280776e-05,-0.273497701338309,0.452421018477783,0.720641254619694,3,1,100,0.309988758818787,0.569594468699321,3,1.98685732640869,0,10.14732,245,0,0,20,"both",0.309988758818787,0.569594468699321
"209","session1",-4.15364632385327,15.6708526512089,2.36680726465341,7.13019676280776e-05,-0.273497701338309,0.452421018477783,0.720641254619694,3,1,100,0.309988758818787,0.569594468699321,3,1.48410815715216,1,41.5418,245,0,0,20,"both",0.309988758818787,0.569594468699321
"210","session1",-4.15364632385327,15.6708526512089,2.36680726465341,7.13019676280776e-05,-0.273497701338309,0.452421018477783,0.720641254619694,3,1,100,0.309988758818787,0.569594468699321,3,1.4545200746904,1,34.96194,245,0,0,20,"both",0.309988758818787,0.569594468699321
"211","session1",-4.15364632385327,15.6708526512089,2.36680726465341,7.13019676280776e-05,-0.273497701338309,0.452421018477783,0.720641254619694,3,1,100,0.309988758818787,0.569594468699321,3,2.36841581726533,0,11.11657,245,0,0,20,"both",0.309988758818787,0.569594468699321
"212","session1",-4.15364632385327,15.6708526512089,2.36680726465341,7.13019676280776e-05,-0.273497701338309,0.452421018477783,0.720641254619694,3,1,100,0.309988758818787,0.569594468699321,3,1.30741979240747,1,15.52776,245,0,0,20,"both",0.309988758818787,0.569594468699321
"213","session1",-4.15364632385327,15.6708526512089,2.36680726465341,7.13019676280776e-05,-0.273497701338309,0.452421018477783,0.720641254619694,3,1,100,0.309988758818787,0.569594468699321,3,1.73836933507448,1,24.49323,245,0,0,20,"both",0.309988758818787,0.569594468699321
"214","session1",-4.15364632385327,15.6708526512089,2.36680726465341,7.13019676280776e-05,-0.273497701338309,0.452421018477783,0.720641254619694,3,1,100,0.309988758818787,0.569594468699321,3,1.72116065913354,0,0.1221,245,0,0,20,"both",0.309988758818787,0.569594468699321
"215","session1",-4.15364632385327,15.6708526512089,2.36680726465341,7.13019676280776e-05,-0.273497701338309,0.452421018477783,0.720641254619694,3,1,100,0.309988758818787,0.569594468699321,3,4.85638451136238,1,-0.1677,245,0,0,20,"both",0.309988758818787,0.569594468699321
"216","session1",-4.15364632385327,15.6708526512089,2.36680726465341,7.13019676280776e-05,-0.273497701338309,0.452421018477783,0.720641254619694,3,1,100,0.309988758818787,0.569594468699321,3,1.73950337927863,1,17.01602,245,0,0,20,"both",0.309988758818787,0.569594468699321
"217","session1",-4.15364632385327,15.6708526512089,2.36680726465341,7.13019676280776e-05,-0.273497701338309,0.452421018477783,0.720641254619694,3,1,100,0.309988758818787,0.569594468699321,3,1.4100147552591,1,-1.8589,245,0,0,20,"both",0.309988758818787,0.569594468699321
"218","session1",-4.15364632385327,15.6708526512089,2.36680726465341,7.13019676280776e-05,-0.273497701338309,0.452421018477783,0.720641254619694,3,1,100,0.309988758818787,0.569594468699321,3,2.17045547909269,1,15.3904,245,0,0,20,"both",0.309988758818787,0.569594468699321
"219","session1",-4.15364632385327,15.6708526512089,2.36680726465341,7.13019676280776e-05,-0.273497701338309,0.452421018477783,0.720641254619694,3,1,100,0.309988758818787,0.569594468699321,3,1.93578194925245,1,36.0375,245,0,0,20,"both",0.309988758818787,0.569594468699321
"220","session1",-4.15364632385327,15.6708526512089,2.36680726465341,7.13019676280776e-05,-0.273497701338309,0.452421018477783,0.720641254619694,3,1,100,0.309988758818787,0.569594468699321,3,2.0375224029878,0,-11.68803,245,0,0,20,"both",0.309988758818787,0.569594468699321
"221","session1",-4.15364632385327,15.6708526512089,2.36680726465341,7.13019676280776e-05,-0.273497701338309,0.452421018477783,0.720641254619694,3,1,100,0.309988758818787,0.569594468699321,3,2.72620193680199,1,10.36359,245,0,0,20,"both",0.309988758818787,0.569594468699321
"222","session1",-4.15364632385327,15.6708526512089,2.36680726465341,7.13019676280776e-05,-0.273497701338309,0.452421018477783,0.720641254619694,3,1,100,0.309988758818787,0.569594468699321,3,2.06630653399097,0,-21.08402,245,0,0,20,"both",0.309988758818787,0.569594468699321
"223","session1",-4.15364632385327,15.6708526512089,2.36680726465341,7.13019676280776e-05,-0.273497701338309,0.452421018477783,0.720641254619694,3,1,100,0.309988758818787,0.569594468699321,3,1.26603867038009,1,29.97666,245,0,0,20,"both",0.309988758818787,0.569594468699321
"224","session1",-4.15364632385327,15.6708526512089,2.36680726465341,7.13019676280776e-05,-0.273497701338309,0.452421018477783,0.720641254619694,3,1,100,0.309988758818787,0.569594468699321,3,1.96705876537107,0,-23.38818,245,0,0,20,"both",0.309988758818787,0.569594468699321
"225","session1",-4.15364632385327,15.6708526512089,2.36680726465341,7.13019676280776e-05,-0.273497701338309,0.452421018477783,0.720641254619694,3,1,100,0.309988758818787,0.569594468699321,3,1.38511453171124,0,-24.94194,245,0,0,20,"both",0.309988758818787,0.569594468699321
"226","session1",-4.15364632385327,15.6708526512089,2.36680726465341,7.13019676280776e-05,-0.273497701338309,0.452421018477783,0.720641254619694,3,1,100,0.309988758818787,0.569594468699321,3,1.1078246376449,0,-29.27411,245,0,0,20,"both",0.309988758818787,0.569594468699321
"227","session1",-4.15364632385327,15.6708526512089,2.36680726465341,7.13019676280776e-05,-0.273497701338309,0.452421018477783,0.720641254619694,3,1,100,0.309988758818787,0.569594468699321,3,2.43564922561266,1,-19.64724,245,0,0,20,"both",0.309988758818787,0.569594468699321
"228","session1",-4.15364632385327,15.6708526512089,2.36680726465341,7.13019676280776e-05,-0.273497701338309,0.452421018477783,0.720641254619694,3,1,100,0.309988758818787,0.569594468699321,3,1.66907169927698,1,4.59880373881,245,0,0,20,"both",0.309988758818787,0.569594468699321
"229","session1",-4.15364632385327,15.6708526512089,2.36680726465341,7.13019676280776e-05,-0.273497701338309,0.452421018477783,0.720641254619694,3,1,100,0.309988758818787,0.569594468699321,3,1.71305991813221,1,27.59635,245,0,0,20,"both",0.309988758818787,0.569594468699321
"230","session1",-4.15364632385327,15.6708526512089,2.36680726465341,7.13019676280776e-05,-0.273497701338309,0.452421018477783,0.720641254619694,3,1,100,0.309988758818787,0.569594468699321,3,1.60208751342794,0,-18.42346,245,0,0,20,"both",0.309988758818787,0.569594468699321
"231","session1",-4.15364632385327,15.6708526512089,2.36680726465341,7.13019676280776e-05,-0.273497701338309,0.452421018477783,0.720641254619694,3,1,100,0.309988758818787,0.569594468699321,3,1.38892901257639,0,-22.36611,245,0,0,20,"both",0.309988758818787,0.569594468699321
"232","session1",-4.15364632385327,15.6708526512089,2.36680726465341,7.13019676280776e-05,-0.273497701338309,0.452421018477783,0.720641254619694,3,1,100,0.309988758818787,0.569594468699321,3,1.18561378161684,1,31.4854,245,0,0,20,"both",0.309988758818787,0.569594468699321
"233","session1",-4.15364632385327,15.6708526512089,2.36680726465341,7.13019676280776e-05,-0.273497701338309,0.452421018477783,0.720641254619694,3,1,100,0.309988758818787,0.569594468699321,3,1.31878642231943,0,-33.46046,245,0,0,20,"both",0.309988758818787,0.569594468699321
"234","session1",-4.15364632385327,15.6708526512089,2.36680726465341,7.13019676280776e-05,-0.273497701338309,0.452421018477783,0.720641254619694,3,1,100,0.309988758818787,0.569594468699321,3,2.02583316639716,1,7.657834,245,0,0,20,"both",0.309988758818787,0.569594468699321
"235","session1",-4.15364632385327,15.6708526512089,2.36680726465341,7.13019676280776e-05,-0.273497701338309,0.452421018477783,0.720641254619694,3,1,100,0.309988758818787,0.569594468699321,3,1.16146494308758,1,6.81362,245,0,0,20,"both",0.309988758818787,0.569594468699321
"236","session1",-4.15364632385327,15.6708526512089,2.36680726465341,7.13019676280776e-05,-0.273497701338309,0.452421018477783,0.720641254619694,3,1,100,0.309988758818787,0.569594468699321,3,1.58381540257185,1,22.13506,245,0,0,20,"both",0.309988758818787,0.569594468699321
"237","session1",-4.15364632385327,15.6708526512089,2.36680726465341,7.13019676280776e-05,-0.273497701338309,0.452421018477783,0.720641254619694,3,1,100,0.309988758818787,0.569594468699321,3,2.17193443244985,0,-2.98652,245,0,0,20,"both",0.309988758818787,0.569594468699321
"238","session1",-4.15364632385327,15.6708526512089,2.36680726465341,7.13019676280776e-05,-0.273497701338309,0.452421018477783,0.720641254619694,3,1,100,0.309988758818787,0.569594468699321,3,1.89428305009009,1,9.8119,245,0,0,20,"both",0.309988758818787,0.569594468699321
"239","session1",-4.15364632385327,15.6708526512089,2.36680726465341,7.13019676280776e-05,-0.273497701338309,0.452421018477783,0.720641254619694,3,1,100,0.309988758818787,0.569594468699321,3,3.41014527854346,0,2.7658,245,0,0,20,"both",0.309988758818787,0.569594468699321
"240","session1",-4.15364632385327,15.6708526512089,2.36680726465341,7.13019676280776e-05,-0.273497701338309,0.452421018477783,0.720641254619694,3,1,100,0.309988758818787,0.569594468699321,3,1.64870587878874,1,13.54182,245,0,0,20,"both",0.309988758818787,0.569594468699321
"241","session1",-4.15364632385327,15.6708526512089,2.36680726465341,7.13019676280776e-05,-0.273497701338309,0.452421018477783,0.720641254619694,3,1,100,0.309988758818787,0.569594468699321,3,2.04990195085868,1,-19.13407,245,0,0,20,"both",0.309988758818787,0.569594468699321
"242","session1",-4.15364632385327,15.6708526512089,2.36680726465341,7.13019676280776e-05,-0.273497701338309,0.452421018477783,0.720641254619694,3,1,100,0.309988758818787,0.569594468699321,3,1.23300315208286,1,5.49557,245,0,0,20,"both",0.309988758818787,0.569594468699321
"243","session1",-4.15364632385327,15.6708526512089,2.36680726465341,7.13019676280776e-05,-0.273497701338309,0.452421018477783,0.720641254619694,3,1,100,0.309988758818787,0.569594468699321,3,1.96284596766362,1,8.37736,245,0,0,20,"both",0.309988758818787,0.569594468699321
"244","session1",-4.15364632385327,15.6708526512089,2.36680726465341,7.13019676280776e-05,-0.273497701338309,0.452421018477783,0.720641254619694,3,1,100,0.309988758818787,0.569594468699321,3,1.46381499979452,0,-30.32689,245,0,0,20,"both",0.309988758818787,0.569594468699321
"245","session1",-4.15364632385327,15.6708526512089,2.36680726465341,7.13019676280776e-05,-0.273497701338309,0.452421018477783,0.720641254619694,3,1,100,0.309988758818787,0.569594468699321,3,2.50377597917992,1,10.514691,245,0,0,20,"both",0.309988758818787,0.569594468699321
"246","session1",-4.15364632385327,15.6708526512089,2.36680726465341,7.13019676280776e-05,-0.273497701338309,0.452421018477783,0.720641254619694,3,1,100,0.309988758818787,0.569594468699321,3,1.91835376172585,0,-27.26398,245,0,0,20,"both",0.309988758818787,0.569594468699321
"247","session1",-4.15364632385327,15.6708526512089,2.36680726465341,7.13019676280776e-05,-0.273497701338309,0.452421018477783,0.720641254619694,3,1,100,0.309988758818787,0.569594468699321,3,1.58125779555706,0,-22.5928,245,0,0,20,"both",0.309988758818787,0.569594468699321
"248","session1",-4.15364632385327,15.6708526512089,2.36680726465341,7.13019676280776e-05,-0.273497701338309,0.452421018477783,0.720641254619694,3,1,100,0.309988758818787,0.569594468699321,3,1.7764025493557,0,-16.13178,245,0,0,20,"both",0.309988758818787,0.569594468699321
"249","session1",-4.15364632385327,15.6708526512089,2.36680726465341,7.13019676280776e-05,-0.273497701338309,0.452421018477783,0.720641254619694,3,1,100,0.309988758818787,0.569594468699321,3,1.34030570599786,1,25.58187,245,0,0,20,"both",0.309988758818787,0.569594468699321
"250","session1",-4.15364632385327,15.6708526512089,2.36680726465341,7.13019676280776e-05,-0.273497701338309,0.452421018477783,0.720641254619694,3,1,100,0.309988758818787,0.569594468699321,3,2.11601486300629,0,-15.091032,245,0,0,20,"both",0.309988758818787,0.569594468699321
"251","session1",-4.15364632385327,15.6708526512089,2.36680726465341,7.13019676280776e-05,-0.273497701338309,0.452421018477783,0.720641254619694,3,1,100,0.309988758818787,0.569594468699321,3,3.06659343861683,0,7.80041,245,0,0,20,"both",0.309988758818787,0.569594468699321
"252","session1",-4.15364632385327,15.6708526512089,2.36680726465341,7.13019676280776e-05,-0.273497701338309,0.452421018477783,0.720641254619694,3,1,100,0.309988758818787,0.569594468699321,3,1.35408302431417,0,-8.24289,245,0,0,20,"both",0.309988758818787,0.569594468699321
"253","session1",-4.15364632385327,15.6708526512089,2.36680726465341,7.13019676280776e-05,-0.273497701338309,0.452421018477783,0.720641254619694,3,1,100,0.309988758818787,0.569594468699321,3,1.90381310344379,0,-14.56102,245,0,0,20,"both",0.309988758818787,0.569594468699321
"254","session1",-4.15364632385327,15.6708526512089,2.36680726465341,7.13019676280776e-05,-0.273497701338309,0.452421018477783,0.720641254619694,3,1,100,0.309988758818787,0.569594468699321,3,1.53609591853148,1,18.16746,245,0,0,20,"both",0.309988758818787,0.569594468699321
"255","session1",-4.15364632385327,15.6708526512089,2.36680726465341,7.13019676280776e-05,-0.273497701338309,0.452421018477783,0.720641254619694,3,1,100,0.309988758818787,0.569594468699321,3,1.4707564727534,0,-18.6672,245,0,0,20,"both",0.309988758818787,0.569594468699321
"256","session1",-4.15364632385327,15.6708526512089,2.36680726465341,7.13019676280776e-05,-0.273497701338309,0.452421018477783,0.720641254619694,3,1,100,0.309988758818787,0.569594468699321,3,1.05821216932192,1,2.44873,245,0,0,20,"both",0.309988758818787,0.569594468699321
"257","session1",-4.15364632385327,15.6708526512089,2.36680726465341,7.13019676280776e-05,-0.273497701338309,0.452421018477783,0.720641254619694,3,1,100,0.309988758818787,0.569594468699321,3,2.03043245278341,1,10.74415,245,0,0,20,"both",0.309988758818787,0.569594468699321
"258","session1",-4.15364632385327,15.6708526512089,2.36680726465341,7.13019676280776e-05,-0.273497701338309,0.452421018477783,0.720641254619694,3,1,100,0.309988758818787,0.569594468699321,3,1.80293947383227,1,-9.30755,245,0,0,20,"both",0.309988758818787,0.569594468699321
"259","session1",-4.15364632385327,15.6708526512089,2.36680726465341,7.13019676280776e-05,-0.273497701338309,0.452421018477783,0.720641254619694,3,1,100,0.309988758818787,0.569594468699321,3,2.94312401776216,0,11.20722,245,0,0,20,"both",0.309988758818787,0.569594468699321
"260","session1",-4.15364632385327,15.6708526512089,2.36680726465341,7.13019676280776e-05,-0.273497701338309,0.452421018477783,0.720641254619694,3,1,100,0.309988758818787,0.569594468699321,3,3.09969693168971,0,-19.543579,245,0,0,20,"both",0.309988758818787,0.569594468699321
"261","session1",-4.15364632385327,15.6708526512089,2.36680726465341,7.13019676280776e-05,-0.273497701338309,0.452421018477783,0.720641254619694,3,1,100,0.309988758818787,0.569594468699321,3,2.60936826919635,1,12.81594,245,0,0,20,"both",0.309988758818787,0.569594468699321
"262","session1",-4.15364632385327,15.6708526512089,2.36680726465341,7.13019676280776e-05,-0.273497701338309,0.452421018477783,0.720641254619694,3,1,100,0.309988758818787,0.569594468699321,3,1.76919920553704,0,19.26008,245,0,0,20,"both",0.309988758818787,0.569594468699321
"263","session1",-4.15364632385327,15.6708526512089,2.36680726465341,7.13019676280776e-05,-0.273497701338309,0.452421018477783,0.720641254619694,3,1,100,0.309988758818787,0.569594468699321,3,2.6612469698678,0,-18.661433,245,0,0,20,"both",0.309988758818787,0.569594468699321
"264","session1",-4.15364632385327,15.6708526512089,2.36680726465341,7.13019676280776e-05,-0.273497701338309,0.452421018477783,0.720641254619694,3,1,100,0.309988758818787,0.569594468699321,3,1.80372917592703,0,-17.86294,245,0,0,20,"both",0.309988758818787,0.569594468699321
"265","session1",-4.15364632385327,15.6708526512089,2.36680726465341,7.13019676280776e-05,-0.273497701338309,0.452421018477783,0.720641254619694,3,1,100,0.309988758818787,0.569594468699321,3,2.3688602963987,1,-12.67752,245,0,0,20,"both",0.309988758818787,0.569594468699321
"266","session1",-4.15364632385327,15.6708526512089,2.36680726465341,7.13019676280776e-05,-0.273497701338309,0.452421018477783,0.720641254619694,3,1,100,0.309988758818787,0.569594468699321,3,1.53125250462413,1,20.32697,245,0,0,20,"both",0.309988758818787,0.569594468699321
"267","session1",-4.15364632385327,15.6708526512089,2.36680726465341,7.13019676280776e-05,-0.273497701338309,0.452421018477783,0.720641254619694,3,1,100,0.309988758818787,0.569594468699321,3,1.38545308267155,1,33.57751,245,0,0,20,"both",0.309988758818787,0.569594468699321
"268","session1",-4.15364632385327,15.6708526512089,2.36680726465341,7.13019676280776e-05,-0.273497701338309,0.452421018477783,0.720641254619694,3,1,100,0.309988758818787,0.569594468699321,3,1.60392432339559,1,20.82425,245,0,0,20,"both",0.309988758818787,0.569594468699321
"269","session1",-4.15364632385327,15.6708526512089,2.36680726465341,7.13019676280776e-05,-0.273497701338309,0.452421018477783,0.720641254619694,3,1,100,0.309988758818787,0.569594468699321,3,1.98400623635778,0,-13.97329,245,0,0,20,"both",0.309988758818787,0.569594468699321
"270","session1",-4.15364632385327,15.6708526512089,2.36680726465341,7.13019676280776e-05,-0.273497701338309,0.452421018477783,0.720641254619694,3,1,100,0.309988758818787,0.569594468699321,3,1.89511246911157,1,-9.58378,245,0,0,20,"both",0.309988758818787,0.569594468699321
"271","session1",-4.15364632385327,15.6708526512089,2.36680726465341,7.13019676280776e-05,-0.273497701338309,0.452421018477783,0.720641254619694,3,1,100,0.309988758818787,0.569594468699321,3,1.67751014780825,1,25.38509,245,0,0,20,"both",0.309988758818787,0.569594468699321
"272","session1",-4.15364632385327,15.6708526512089,2.36680726465341,7.13019676280776e-05,-0.273497701338309,0.452421018477783,0.720641254619694,3,1,100,0.309988758818787,0.569594468699321,3,1.53616642797666,1,16.81469,245,0,0,20,"both",0.309988758818787,0.569594468699321
"273","session1",-4.15364632385327,15.6708526512089,2.36680726465341,7.13019676280776e-05,-0.273497701338309,0.452421018477783,0.720641254619694,3,1,100,0.309988758818787,0.569594468699321,3,1.13223064426857,1,18.150849,245,0,0,20,"both",0.309988758818787,0.569594468699321
"274","session1",-4.15364632385327,15.6708526512089,2.36680726465341,7.13019676280776e-05,-0.273497701338309,0.452421018477783,0.720641254619694,3,1,100,0.309988758818787,0.569594468699321,3,1.42955115255817,0,-20.33325,245,0,0,20,"both",0.309988758818787,0.569594468699321
"275","session1",-4.15364632385327,15.6708526512089,2.36680726465341,7.13019676280776e-05,-0.273497701338309,0.452421018477783,0.720641254619694,3,1,100,0.309988758818787,0.569594468699321,3,1.36110009288311,0,17.38193,245,0,0,20,"both",0.309988758818787,0.569594468699321
"276","session1",-4.15364632385327,15.6708526512089,2.36680726465341,7.13019676280776e-05,-0.273497701338309,0.452421018477783,0.720641254619694,3,1,100,0.309988758818787,0.569594468699321,3,1.20092583612819,1,8.961509,245,0,0,20,"both",0.309988758818787,0.569594468699321
"277","session1",-4.15364632385327,15.6708526512089,2.36680726465341,7.13019676280776e-05,-0.273497701338309,0.452421018477783,0.720641254619694,3,1,100,0.309988758818787,0.569594468699321,3,1.29143044042534,1,16.32109,245,0,0,20,"both",0.309988758818787,0.569594468699321
"278","session1",-4.15364632385327,15.6708526512089,2.36680726465341,7.13019676280776e-05,-0.273497701338309,0.452421018477783,0.720641254619694,3,1,100,0.309988758818787,0.569594468699321,3,1.85008871793108,0,-10.713701,245,0,0,20,"both",0.309988758818787,0.569594468699321
"279","session1",-4.15364632385327,15.6708526512089,2.36680726465341,7.13019676280776e-05,-0.273497701338309,0.452421018477783,0.720641254619694,3,1,100,0.309988758818787,0.569594468699321,3,1.72739386570165,1,11.20279,245,0,0,20,"both",0.309988758818787,0.569594468699321
"280","session1",-4.15364632385327,15.6708526512089,2.36680726465341,7.13019676280776e-05,-0.273497701338309,0.452421018477783,0.720641254619694,3,1,100,0.309988758818787,0.569594468699321,3,2.73807656945806,0,-17.905177,245,0,0,20,"both",0.309988758818787,0.569594468699321
"281","session1",-4.15364632385327,15.6708526512089,2.36680726465341,7.13019676280776e-05,-0.273497701338309,0.452421018477783,0.720641254619694,3,1,100,0.309988758818787,0.569594468699321,3,1.72026813013191,1,19.26024,245,0,0,20,"both",0.309988758818787,0.569594468699321
"282","session1",-4.15364632385327,15.6708526512089,2.36680726465341,7.13019676280776e-05,-0.273497701338309,0.452421018477783,0.720641254619694,3,1,100,0.309988758818787,0.569594468699321,3,2.43907192503145,1,14.34999,245,0,0,20,"both",0.309988758818787,0.569594468699321
"283","session1",-4.15364632385327,15.6708526512089,2.36680726465341,7.13019676280776e-05,-0.273497701338309,0.452421018477783,0.720641254619694,3,1,100,0.309988758818787,0.569594468699321,3,1.40231265890317,1,16.590075,245,0,0,20,"both",0.309988758818787,0.569594468699321
"284","session1",-4.15364632385327,15.6708526512089,2.36680726465341,7.13019676280776e-05,-0.273497701338309,0.452421018477783,0.720641254619694,3,1,100,0.309988758818787,0.569594468699321,3,1.60492696897479,1,15.71605,245,0,0,20,"both",0.309988758818787,0.569594468699321
"285","session1",-4.15364632385327,15.6708526512089,2.36680726465341,7.13019676280776e-05,-0.273497701338309,0.452421018477783,0.720641254619694,3,1,100,0.309988758818787,0.569594468699321,3,1.27986858595326,0,-33.28642,245,0,0,20,"both",0.309988758818787,0.569594468699321
"286","session1",-4.15364632385327,15.6708526512089,2.36680726465341,7.13019676280776e-05,-0.273497701338309,0.452421018477783,0.720641254619694,3,1,100,0.309988758818787,0.569594468699321,3,1.33877065981117,1,11.508082,245,0,0,20,"both",0.309988758818787,0.569594468699321
"287","session1",-4.15364632385327,15.6708526512089,2.36680726465341,7.13019676280776e-05,-0.273497701338309,0.452421018477783,0.720641254619694,3,1,100,0.309988758818787,0.569594468699321,3,1.23724651321147,1,13.23519,245,0,0,20,"both",0.309988758818787,0.569594468699321
"288","session1",-4.15364632385327,15.6708526512089,2.36680726465341,7.13019676280776e-05,-0.273497701338309,0.452421018477783,0.720641254619694,3,1,100,0.309988758818787,0.569594468699321,3,2.09146812663231,0,-12.2178,245,0,0,20,"both",0.309988758818787,0.569594468699321
"289","session1",-4.15364632385327,15.6708526512089,2.36680726465341,7.13019676280776e-05,-0.273497701338309,0.452421018477783,0.720641254619694,3,1,100,0.309988758818787,0.569594468699321,3,1.94408109093564,0,-20.27572,245,0,0,20,"both",0.309988758818787,0.569594468699321
"290","session1",-4.15364632385327,15.6708526512089,2.36680726465341,7.13019676280776e-05,-0.273497701338309,0.452421018477783,0.720641254619694,3,1,100,0.309988758818787,0.569594468699321,3,1.67161143494936,0,-16.92641,245,0,0,20,"both",0.309988758818787,0.569594468699321
"291","session1",-4.15364632385327,15.6708526512089,2.36680726465341,7.13019676280776e-05,-0.273497701338309,0.452421018477783,0.720641254619694,3,1,100,0.309988758818787,0.569594468699321,3,1.26639992792846,1,22.12092,245,0,0,20,"both",0.309988758818787,0.569594468699321
"292","session1",-4.15364632385327,15.6708526512089,2.36680726465341,7.13019676280776e-05,-0.273497701338309,0.452421018477783,0.720641254619694,3,1,100,0.309988758818787,0.569594468699321,3,2.46455870031679,1,12.49169,245,0,0,20,"both",0.309988758818787,0.569594468699321
"293","session1",-4.15364632385327,15.6708526512089,2.36680726465341,7.13019676280776e-05,-0.273497701338309,0.452421018477783,0.720641254619694,3,1,100,0.309988758818787,0.569594468699321,3,1.40800821483486,1,10.481559,245,0,0,20,"both",0.309988758818787,0.569594468699321
"294","session1",-4.15364632385327,15.6708526512089,2.36680726465341,7.13019676280776e-05,-0.273497701338309,0.452421018477783,0.720641254619694,3,1,100,0.309988758818787,0.569594468699321,3,1.99955058280664,0,-12.75398,245,0,0,20,"both",0.309988758818787,0.569594468699321
"295","session1",-4.15364632385327,15.6708526512089,2.36680726465341,7.13019676280776e-05,-0.273497701338309,0.452421018477783,0.720641254619694,3,1,100,0.309988758818787,0.569594468699321,3,3.68895450021946,1,-7.41497,245,0,0,20,"both",0.309988758818787,0.569594468699321
"296","session1",-4.15364632385327,15.6708526512089,2.36680726465341,7.13019676280776e-05,-0.273497701338309,0.452421018477783,0.720641254619694,3,1,100,0.309988758818787,0.569594468699321,3,1.90962926121843,1,-12.62271,245,0,0,20,"both",0.309988758818787,0.569594468699321
"297","session1",-4.15364632385327,15.6708526512089,2.36680726465341,7.13019676280776e-05,-0.273497701338309,0.452421018477783,0.720641254619694,3,1,100,0.309988758818787,0.569594468699321,3,1.8371273800754,1,-14.66496,245,0,0,20,"both",0.309988758818787,0.569594468699321
"298","session1",-4.15364632385327,15.6708526512089,2.36680726465341,7.13019676280776e-05,-0.273497701338309,0.452421018477783,0.720641254619694,3,1,100,0.309988758818787,0.569594468699321,3,3.56842595747224,0,-4.79531,245,0,0,20,"both",0.309988758818787,0.569594468699321
"299","session1",-4.15364632385327,15.6708526512089,2.36680726465341,7.13019676280776e-05,-0.273497701338309,0.452421018477783,0.720641254619694,3,1,100,0.309988758818787,0.569594468699321,3,1.55767477809095,0,-24.17667,245,0,0,20,"both",0.309988758818787,0.569594468699321
"300","session1",-4.15364632385327,15.6708526512089,2.36680726465341,7.13019676280776e-05,-0.273497701338309,0.452421018477783,0.720641254619694,3,1,100,0.309988758818787,0.569594468699321,3,1.85612864945927,0,-18.15978,245,0,0,20,"both",0.309988758818787,0.569594468699321
"301","session1",-5.15221545696053,14.1796339386945,2.2059830336061,0.000264267939788245,0.249776997531291,0.390154421385092,0.293002808885286,4,1,100,0.309988758818787,0.569594468699321,4,1.6355619946592,0,-7.9979767479,245,0,0,20,"both",0.309988758818787,0.569594468699321
"302","session1",-5.15221545696053,14.1796339386945,2.2059830336061,0.000264267939788245,0.249776997531291,0.390154421385092,0.293002808885286,4,1,100,0.309988758818787,0.569594468699321,4,2.57556132002257,1,6.8404240732,245,0,0,20,"both",0.309988758818787,0.569594468699321
"303","session1",-5.15221545696053,14.1796339386945,2.2059830336061,0.000264267939788245,0.249776997531291,0.390154421385092,0.293002808885286,4,1,100,0.309988758818787,0.569594468699321,4,2.94882060586059,0,-0.1595996784,245,0,0,20,"both",0.309988758818787,0.569594468699321
"304","session1",-5.15221545696053,14.1796339386945,2.2059830336061,0.000264267939788245,0.249776997531291,0.390154421385092,0.293002808885286,4,1,100,0.309988758818787,0.569594468699321,4,1.94132070478771,0,1.5250449964,245,0,0,20,"both",0.309988758818787,0.569594468699321
"305","session1",-5.15221545696053,14.1796339386945,2.2059830336061,0.000264267939788245,0.249776997531291,0.390154421385092,0.293002808885286,4,1,100,0.309988758818787,0.569594468699321,4,1.80306439297385,1,4.33654,245,0,0,20,"both",0.309988758818787,0.569594468699321
"306","session1",-5.15221545696053,14.1796339386945,2.2059830336061,0.000264267939788245,0.249776997531291,0.390154421385092,0.293002808885286,4,1,100,0.309988758818787,0.569594468699321,4,2.61036775267273,1,2.75360557932,245,0,0,20,"both",0.309988758818787,0.569594468699321
"307","session1",-5.15221545696053,14.1796339386945,2.2059830336061,0.000264267939788245,0.249776997531291,0.390154421385092,0.293002808885286,4,1,100,0.309988758818787,0.569594468699321,4,1.33072119620099,1,7.30802,245,0,0,20,"both",0.309988758818787,0.569594468699321
"308","session1",-5.15221545696053,14.1796339386945,2.2059830336061,0.000264267939788245,0.249776997531291,0.390154421385092,0.293002808885286,4,1,100,0.309988758818787,0.569594468699321,4,1.64631097974528,1,1.648368,245,0,0,20,"both",0.309988758818787,0.569594468699321
"309","session1",-5.15221545696053,14.1796339386945,2.2059830336061,0.000264267939788245,0.249776997531291,0.390154421385092,0.293002808885286,4,1,100,0.309988758818787,0.569594468699321,4,1.45201467704305,0,-1.806803,245,0,0,20,"both",0.309988758818787,0.569594468699321
"310","session1",-5.15221545696053,14.1796339386945,2.2059830336061,0.000264267939788245,0.249776997531291,0.390154421385092,0.293002808885286,4,1,100,0.309988758818787,0.569594468699321,4,3.68490890510515,1,-3.6543,245,0,0,20,"both",0.309988758818787,0.569594468699321
"311","session1",-5.15221545696053,14.1796339386945,2.2059830336061,0.000264267939788245,0.249776997531291,0.390154421385092,0.293002808885286,4,1,100,0.309988758818787,0.569594468699321,4,3.76424956219243,1,-3.22436,245,0,0,20,"both",0.309988758818787,0.569594468699321
"312","session1",-5.15221545696053,14.1796339386945,2.2059830336061,0.000264267939788245,0.249776997531291,0.390154421385092,0.293002808885286,4,1,100,0.309988758818787,0.569594468699321,4,3.32240887490073,1,-3.5053650636,245,0,0,20,"both",0.309988758818787,0.569594468699321
"313","session1",-5.15221545696053,14.1796339386945,2.2059830336061,0.000264267939788245,0.249776997531291,0.390154421385092,0.293002808885286,4,1,100,0.309988758818787,0.569594468699321,4,2.52533044971751,1,15.028094,245,0,0,20,"both",0.309988758818787,0.569594468699321
"314","session1",-5.15221545696053,14.1796339386945,2.2059830336061,0.000264267939788245,0.249776997531291,0.390154421385092,0.293002808885286,4,1,100,0.309988758818787,0.569594468699321,4,1.61485983350381,0,-34.07917,245,0,0,20,"both",0.309988758818787,0.569594468699321
"315","session1",-5.15221545696053,14.1796339386945,2.2059830336061,0.000264267939788245,0.249776997531291,0.390154421385092,0.293002808885286,4,1,100,0.309988758818787,0.569594468699321,4,1.24379973327132,0,-32.8336,245,0,0,20,"both",0.309988758818787,0.569594468699321
"316","session1",-5.15221545696053,14.1796339386945,2.2059830336061,0.000264267939788245,0.249776997531291,0.390154421385092,0.293002808885286,4,1,100,0.309988758818787,0.569594468699321,4,2.83241297454888,0,-4.03373,245,0,0,20,"both",0.309988758818787,0.569594468699321
"317","session1",-5.15221545696053,14.1796339386945,2.2059830336061,0.000264267939788245,0.249776997531291,0.390154421385092,0.293002808885286,4,1,100,0.309988758818787,0.569594468699321,4,4.21097491475938,0,-5.29489,245,0,0,20,"both",0.309988758818787,0.569594468699321
"318","session1",-5.15221545696053,14.1796339386945,2.2059830336061,0.000264267939788245,0.249776997531291,0.390154421385092,0.293002808885286,4,1,100,0.309988758818787,0.569594468699321,4,3.00144706646268,1,1.03701,245,0,0,20,"both",0.309988758818787,0.569594468699321
"319","session1",-5.15221545696053,14.1796339386945,2.2059830336061,0.000264267939788245,0.249776997531291,0.390154421385092,0.293002808885286,4,1,100,0.309988758818787,0.569594468699321,4,2.65161728566845,1,-1.5715812,245,0,0,20,"both",0.309988758818787,0.569594468699321
"320","session1",-5.15221545696053,14.1796339386945,2.2059830336061,0.000264267939788245,0.249776997531291,0.390154421385092,0.293002808885286,4,1,100,0.309988758818787,0.569594468699321,4,2.81384501796992,1,9.198824,245,0,0,20,"both",0.309988758818787,0.569594468699321
"321","session1",-5.15221545696053,14.1796339386945,2.2059830336061,0.000264267939788245,0.249776997531291,0.390154421385092,0.293002808885286,4,1,100,0.309988758818787,0.569594468699321,4,1.93331867614998,1,-6.39186,245,0,0,20,"both",0.309988758818787,0.569594468699321
"322","session1",-5.15221545696053,14.1796339386945,2.2059830336061,0.000264267939788245,0.249776997531291,0.390154421385092,0.293002808885286,4,1,100,0.309988758818787,0.569594468699321,4,2.03663807863455,0,-16.12026,245,0,0,20,"both",0.309988758818787,0.569594468699321
"323","session1",-5.15221545696053,14.1796339386945,2.2059830336061,0.000264267939788245,0.249776997531291,0.390154421385092,0.293002808885286,4,1,100,0.309988758818787,0.569594468699321,4,3.36788786634054,0,-14.37874,245,0,0,20,"both",0.309988758818787,0.569594468699321
"324","session1",-5.15221545696053,14.1796339386945,2.2059830336061,0.000264267939788245,0.249776997531291,0.390154421385092,0.293002808885286,4,1,100,0.309988758818787,0.569594468699321,4,1.66595465868542,1,5.19601,245,0,0,20,"both",0.309988758818787,0.569594468699321
"325","session1",-5.15221545696053,14.1796339386945,2.2059830336061,0.000264267939788245,0.249776997531291,0.390154421385092,0.293002808885286,4,1,100,0.309988758818787,0.569594468699321,4,2.0836574951877,1,3.10639,245,0,0,20,"both",0.309988758818787,0.569594468699321
"326","session1",-5.15221545696053,14.1796339386945,2.2059830336061,0.000264267939788245,0.249776997531291,0.390154421385092,0.293002808885286,4,1,100,0.309988758818787,0.569594468699321,4,2.40676839597224,0,2.56788,245,0,0,20,"both",0.309988758818787,0.569594468699321
"327","session1",-5.15221545696053,14.1796339386945,2.2059830336061,0.000264267939788245,0.249776997531291,0.390154421385092,0.293002808885286,4,1,100,0.309988758818787,0.569594468699321,4,2.97394697112883,0,-17.60355,245,0,0,20,"both",0.309988758818787,0.569594468699321
"328","session1",-5.15221545696053,14.1796339386945,2.2059830336061,0.000264267939788245,0.249776997531291,0.390154421385092,0.293002808885286,4,1,100,0.309988758818787,0.569594468699321,4,2.59480126730362,1,-9.75469,245,0,0,20,"both",0.309988758818787,0.569594468699321
"329","session1",-5.15221545696053,14.1796339386945,2.2059830336061,0.000264267939788245,0.249776997531291,0.390154421385092,0.293002808885286,4,1,100,0.309988758818787,0.569594468699321,4,1.78665833895981,0,-13.9316,245,0,0,20,"both",0.309988758818787,0.569594468699321
"330","session1",-5.15221545696053,14.1796339386945,2.2059830336061,0.000264267939788245,0.249776997531291,0.390154421385092,0.293002808885286,4,1,100,0.309988758818787,0.569594468699321,4,1.90906156187116,1,-14.78042,245,0,0,20,"both",0.309988758818787,0.569594468699321
"331","session1",-5.15221545696053,14.1796339386945,2.2059830336061,0.000264267939788245,0.249776997531291,0.390154421385092,0.293002808885286,4,1,100,0.309988758818787,0.569594468699321,4,2.00559976732049,1,7.626468,245,0,0,20,"both",0.309988758818787,0.569594468699321
"332","session1",-5.15221545696053,14.1796339386945,2.2059830336061,0.000264267939788245,0.249776997531291,0.390154421385092,0.293002808885286,4,1,100,0.309988758818787,0.569594468699321,4,3.13659794149162,0,-10.484266,245,0,0,20,"both",0.309988758818787,0.569594468699321
"333","session1",-5.15221545696053,14.1796339386945,2.2059830336061,0.000264267939788245,0.249776997531291,0.390154421385092,0.293002808885286,4,1,100,0.309988758818787,0.569594468699321,4,2.14703792873943,0,-15.62872,245,0,0,20,"both",0.309988758818787,0.569594468699321
"334","session1",-5.15221545696053,14.1796339386945,2.2059830336061,0.000264267939788245,0.249776997531291,0.390154421385092,0.293002808885286,4,1,100,0.309988758818787,0.569594468699321,4,1.47570820849128,0,-22.6885,245,0,0,20,"both",0.309988758818787,0.569594468699321
"335","session1",-5.15221545696053,14.1796339386945,2.2059830336061,0.000264267939788245,0.249776997531291,0.390154421385092,0.293002808885286,4,1,100,0.309988758818787,0.569594468699321,4,2.22382006670224,1,19.57812,245,0,0,20,"both",0.309988758818787,0.569594468699321
"336","session1",-5.15221545696053,14.1796339386945,2.2059830336061,0.000264267939788245,0.249776997531291,0.390154421385092,0.293002808885286,4,1,100,0.309988758818787,0.569594468699321,4,4.11718796634738,0,-6.75814,245,0,0,20,"both",0.309988758818787,0.569594468699321
"337","session1",-5.15221545696053,14.1796339386945,2.2059830336061,0.000264267939788245,0.249776997531291,0.390154421385092,0.293002808885286,4,1,100,0.309988758818787,0.569594468699321,4,2.05447384554566,1,-6.9041564,245,0,0,20,"both",0.309988758818787,0.569594468699321
"338","session1",-5.15221545696053,14.1796339386945,2.2059830336061,0.000264267939788245,0.249776997531291,0.390154421385092,0.293002808885286,4,1,100,0.309988758818787,0.569594468699321,4,2.55118904839531,0,5.71927,245,0,0,20,"both",0.309988758818787,0.569594468699321
"339","session1",-5.15221545696053,14.1796339386945,2.2059830336061,0.000264267939788245,0.249776997531291,0.390154421385092,0.293002808885286,4,1,100,0.309988758818787,0.569594468699321,4,1.90364040422784,1,9.79029,245,0,0,20,"both",0.309988758818787,0.569594468699321
"340","session1",-5.15221545696053,14.1796339386945,2.2059830336061,0.000264267939788245,0.249776997531291,0.390154421385092,0.293002808885286,4,1,100,0.309988758818787,0.569594468699321,4,2.53296681982537,1,-10.3499,245,0,0,20,"both",0.309988758818787,0.569594468699321
"341","session1",-5.15221545696053,14.1796339386945,2.2059830336061,0.000264267939788245,0.249776997531291,0.390154421385092,0.293002808885286,4,1,100,0.309988758818787,0.569594468699321,4,1.69520913722985,0,-29.7345,245,0,0,20,"both",0.309988758818787,0.569594468699321
"342","session1",-5.15221545696053,14.1796339386945,2.2059830336061,0.000264267939788245,0.249776997531291,0.390154421385092,0.293002808885286,4,1,100,0.309988758818787,0.569594468699321,4,1.28406252506375,0,-13.43133,245,0,0,20,"both",0.309988758818787,0.569594468699321
"343","session1",-5.15221545696053,14.1796339386945,2.2059830336061,0.000264267939788245,0.249776997531291,0.390154421385092,0.293002808885286,4,1,100,0.309988758818787,0.569594468699321,4,1.70935012752012,0,-29.36161,245,0,0,20,"both",0.309988758818787,0.569594468699321
"344","session1",-5.15221545696053,14.1796339386945,2.2059830336061,0.000264267939788245,0.249776997531291,0.390154421385092,0.293002808885286,4,1,100,0.309988758818787,0.569594468699321,4,3.42229221237314,1,-2.01707,245,0,0,20,"both",0.309988758818787,0.569594468699321
"345","session1",-5.15221545696053,14.1796339386945,2.2059830336061,0.000264267939788245,0.249776997531291,0.390154421385092,0.293002808885286,4,1,100,0.309988758818787,0.569594468699321,4,2.20350296669809,0,-10.41911,245,0,0,20,"both",0.309988758818787,0.569594468699321
"346","session1",-5.15221545696053,14.1796339386945,2.2059830336061,0.000264267939788245,0.249776997531291,0.390154421385092,0.293002808885286,4,1,100,0.309988758818787,0.569594468699321,4,1.64094847884037,0,-13.89811,245,0,0,20,"both",0.309988758818787,0.569594468699321
"347","session1",-5.15221545696053,14.1796339386945,2.2059830336061,0.000264267939788245,0.249776997531291,0.390154421385092,0.293002808885286,4,1,100,0.309988758818787,0.569594468699321,4,2.85087845049418,0,-9.89329,245,0,0,20,"both",0.309988758818787,0.569594468699321
"348","session1",-5.15221545696053,14.1796339386945,2.2059830336061,0.000264267939788245,0.249776997531291,0.390154421385092,0.293002808885286,4,1,100,0.309988758818787,0.569594468699321,4,1.95878659316708,0,-13.27805,245,0,0,20,"both",0.309988758818787,0.569594468699321
"349","session1",-5.15221545696053,14.1796339386945,2.2059830336061,0.000264267939788245,0.249776997531291,0.390154421385092,0.293002808885286,4,1,100,0.309988758818787,0.569594468699321,4,1.38885069995324,0,-19.18719,245,0,0,20,"both",0.309988758818787,0.569594468699321
"350","session1",-5.15221545696053,14.1796339386945,2.2059830336061,0.000264267939788245,0.249776997531291,0.390154421385092,0.293002808885286,4,1,100,0.309988758818787,0.569594468699321,4,1.13507847261848,0,4.37479,245,0,0,20,"both",0.309988758818787,0.569594468699321
"351","session1",-5.15221545696053,14.1796339386945,2.2059830336061,0.000264267939788245,0.249776997531291,0.390154421385092,0.293002808885286,4,1,100,0.309988758818787,0.569594468699321,4,2.71295515134356,0,-13.82264,245,0,0,20,"both",0.309988758818787,0.569594468699321
"352","session1",-5.15221545696053,14.1796339386945,2.2059830336061,0.000264267939788245,0.249776997531291,0.390154421385092,0.293002808885286,4,1,100,0.309988758818787,0.569594468699321,4,1.23994860459161,1,-16.34401,245,0,0,20,"both",0.309988758818787,0.569594468699321
"353","session1",-5.15221545696053,14.1796339386945,2.2059830336061,0.000264267939788245,0.249776997531291,0.390154421385092,0.293002808885286,4,1,100,0.309988758818787,0.569594468699321,4,1.94264571157915,1,5.2107,245,0,0,20,"both",0.309988758818787,0.569594468699321
"354","session1",-5.15221545696053,14.1796339386945,2.2059830336061,0.000264267939788245,0.249776997531291,0.390154421385092,0.293002808885286,4,1,100,0.309988758818787,0.569594468699321,4,2.34046264728441,1,-0.95543,245,0,0,20,"both",0.309988758818787,0.569594468699321
"355","session1",-5.15221545696053,14.1796339386945,2.2059830336061,0.000264267939788245,0.249776997531291,0.390154421385092,0.293002808885286,4,1,100,0.309988758818787,0.569594468699321,4,2.4038859985182,0,-19.17638,245,0,0,20,"both",0.309988758818787,0.569594468699321
"356","session1",-5.15221545696053,14.1796339386945,2.2059830336061,0.000264267939788245,0.249776997531291,0.390154421385092,0.293002808885286,4,1,100,0.309988758818787,0.569594468699321,4,3.95026962891625,0,-18.29726,245,0,0,20,"both",0.309988758818787,0.569594468699321
"357","session1",-5.15221545696053,14.1796339386945,2.2059830336061,0.000264267939788245,0.249776997531291,0.390154421385092,0.293002808885286,4,1,100,0.309988758818787,0.569594468699321,4,3.16347614564088,1,4.61481,245,0,0,20,"both",0.309988758818787,0.569594468699321
"358","session1",-5.15221545696053,14.1796339386945,2.2059830336061,0.000264267939788245,0.249776997531291,0.390154421385092,0.293002808885286,4,1,100,0.309988758818787,0.569594468699321,4,3.24771148907553,1,0.97808,245,0,0,20,"both",0.309988758818787,0.569594468699321
"359","session1",-5.15221545696053,14.1796339386945,2.2059830336061,0.000264267939788245,0.249776997531291,0.390154421385092,0.293002808885286,4,1,100,0.309988758818787,0.569594468699321,4,1.70042463453415,0,-7.844119,245,0,0,20,"both",0.309988758818787,0.569594468699321
"360","session1",-5.15221545696053,14.1796339386945,2.2059830336061,0.000264267939788245,0.249776997531291,0.390154421385092,0.293002808885286,4,1,100,0.309988758818787,0.569594468699321,4,1.84385972785673,0,-15.6514,245,0,0,20,"both",0.309988758818787,0.569594468699321
"361","session1",-5.15221545696053,14.1796339386945,2.2059830336061,0.000264267939788245,0.249776997531291,0.390154421385092,0.293002808885286,4,1,100,0.309988758818787,0.569594468699321,4,1.83905717466184,1,15.8397,245,0,0,20,"both",0.309988758818787,0.569594468699321
"362","session1",-5.15221545696053,14.1796339386945,2.2059830336061,0.000264267939788245,0.249776997531291,0.390154421385092,0.293002808885286,4,1,100,0.309988758818787,0.569594468699321,4,2.61249123883331,0,-14.38988,245,0,0,20,"both",0.309988758818787,0.569594468699321
"363","session1",-5.15221545696053,14.1796339386945,2.2059830336061,0.000264267939788245,0.249776997531291,0.390154421385092,0.293002808885286,4,1,100,0.309988758818787,0.569594468699321,4,2.0323865771128,0,-13.24267,245,0,0,20,"both",0.309988758818787,0.569594468699321
"364","session1",-5.15221545696053,14.1796339386945,2.2059830336061,0.000264267939788245,0.249776997531291,0.390154421385092,0.293002808885286,4,1,100,0.309988758818787,0.569594468699321,4,4.84433001776674,0,-15.87296,245,0,0,20,"both",0.309988758818787,0.569594468699321
"365","session1",-5.15221545696053,14.1796339386945,2.2059830336061,0.000264267939788245,0.249776997531291,0.390154421385092,0.293002808885286,4,1,100,0.309988758818787,0.569594468699321,4,2.53432276958516,1,-16.68204,245,0,0,20,"both",0.309988758818787,0.569594468699321
"366","session1",-5.15221545696053,14.1796339386945,2.2059830336061,0.000264267939788245,0.249776997531291,0.390154421385092,0.293002808885286,4,1,100,0.309988758818787,0.569594468699321,4,2.08592155508332,0,-11.91562,245,0,0,20,"both",0.309988758818787,0.569594468699321
"367","session1",-5.15221545696053,14.1796339386945,2.2059830336061,0.000264267939788245,0.249776997531291,0.390154421385092,0.293002808885286,4,1,100,0.309988758818787,0.569594468699321,4,2.24641772318452,0,-12.33099,245,0,0,20,"both",0.309988758818787,0.569594468699321
"368","session1",-5.15221545696053,14.1796339386945,2.2059830336061,0.000264267939788245,0.249776997531291,0.390154421385092,0.293002808885286,4,1,100,0.309988758818787,0.569594468699321,4,1.54201407632716,1,2.55067,245,0,0,20,"both",0.309988758818787,0.569594468699321
"369","session1",-5.15221545696053,14.1796339386945,2.2059830336061,0.000264267939788245,0.249776997531291,0.390154421385092,0.293002808885286,4,1,100,0.309988758818787,0.569594468699321,4,2.17134778255968,0,-14.21724,245,0,0,20,"both",0.309988758818787,0.569594468699321
"370","session1",-5.15221545696053,14.1796339386945,2.2059830336061,0.000264267939788245,0.249776997531291,0.390154421385092,0.293002808885286,4,1,100,0.309988758818787,0.569594468699321,4,1.71142621541539,1,-12.59647,245,0,0,20,"both",0.309988758818787,0.569594468699321
"371","session1",-5.15221545696053,14.1796339386945,2.2059830336061,0.000264267939788245,0.249776997531291,0.390154421385092,0.293002808885286,4,1,100,0.309988758818787,0.569594468699321,4,2.36135172240876,1,-12.32457,245,0,0,20,"both",0.309988758818787,0.569594468699321
"372","session1",-5.15221545696053,14.1796339386945,2.2059830336061,0.000264267939788245,0.249776997531291,0.390154421385092,0.293002808885286,4,1,100,0.309988758818787,0.569594468699321,4,2.04340246122016,1,-15.95388,245,0,0,20,"both",0.309988758818787,0.569594468699321
"373","session1",-5.15221545696053,14.1796339386945,2.2059830336061,0.000264267939788245,0.249776997531291,0.390154421385092,0.293002808885286,4,1,100,0.309988758818787,0.569594468699321,4,2.14945246868288,0,-16.17474,245,0,0,20,"both",0.309988758818787,0.569594468699321
"374","session1",-5.15221545696053,14.1796339386945,2.2059830336061,0.000264267939788245,0.249776997531291,0.390154421385092,0.293002808885286,4,1,100,0.309988758818787,0.569594468699321,4,2.28001220485972,1,3.60819,245,0,0,20,"both",0.309988758818787,0.569594468699321
"375","session1",-5.15221545696053,14.1796339386945,2.2059830336061,0.000264267939788245,0.249776997531291,0.390154421385092,0.293002808885286,4,1,100,0.309988758818787,0.569594468699321,4,2.97140828849174,1,-15.66483,245,0,0,20,"both",0.309988758818787,0.569594468699321
"376","session1",-5.15221545696053,14.1796339386945,2.2059830336061,0.000264267939788245,0.249776997531291,0.390154421385092,0.293002808885286,4,1,100,0.309988758818787,0.569594468699321,4,1.96127652317582,0,-18.00223,245,0,0,20,"both",0.309988758818787,0.569594468699321
"377","session1",-5.15221545696053,14.1796339386945,2.2059830336061,0.000264267939788245,0.249776997531291,0.390154421385092,0.293002808885286,4,1,100,0.309988758818787,0.569594468699321,4,2.09073388182929,0,1.02882,245,0,0,20,"both",0.309988758818787,0.569594468699321
"378","session1",-5.15221545696053,14.1796339386945,2.2059830336061,0.000264267939788245,0.249776997531291,0.390154421385092,0.293002808885286,4,1,100,0.309988758818787,0.569594468699321,4,1.87306004202315,1,-19.85416,245,0,0,20,"both",0.309988758818787,0.569594468699321
"379","session1",-5.15221545696053,14.1796339386945,2.2059830336061,0.000264267939788245,0.249776997531291,0.390154421385092,0.293002808885286,4,1,100,0.309988758818787,0.569594468699321,4,1.70034671693723,1,14.93398,245,0,0,20,"both",0.309988758818787,0.569594468699321
"380","session1",-5.15221545696053,14.1796339386945,2.2059830336061,0.000264267939788245,0.249776997531291,0.390154421385092,0.293002808885286,4,1,100,0.309988758818787,0.569594468699321,4,2.36126102198657,0,-14.34119,245,0,0,20,"both",0.309988758818787,0.569594468699321
"381","session1",-5.15221545696053,14.1796339386945,2.2059830336061,0.000264267939788245,0.249776997531291,0.390154421385092,0.293002808885286,4,1,100,0.309988758818787,0.569594468699321,4,1.97052606821338,0,-18.54643,245,0,0,20,"both",0.309988758818787,0.569594468699321
"382","session1",-5.15221545696053,14.1796339386945,2.2059830336061,0.000264267939788245,0.249776997531291,0.390154421385092,0.293002808885286,4,1,100,0.309988758818787,0.569594468699321,4,1.79065895948196,1,-22.07802,245,0,0,20,"both",0.309988758818787,0.569594468699321
"383","session1",-5.15221545696053,14.1796339386945,2.2059830336061,0.000264267939788245,0.249776997531291,0.390154421385092,0.293002808885286,4,1,100,0.309988758818787,0.569594468699321,4,2.15654317105307,0,-2.29639,245,0,0,20,"both",0.309988758818787,0.569594468699321
"384","session1",-5.15221545696053,14.1796339386945,2.2059830336061,0.000264267939788245,0.249776997531291,0.390154421385092,0.293002808885286,4,1,100,0.309988758818787,0.569594468699321,4,3.33675132420586,1,2.84863,245,0,0,20,"both",0.309988758818787,0.569594468699321
"385","session1",-5.15221545696053,14.1796339386945,2.2059830336061,0.000264267939788245,0.249776997531291,0.390154421385092,0.293002808885286,4,1,100,0.309988758818787,0.569594468699321,4,2.15487881417915,0,-19.04705,245,0,0,20,"both",0.309988758818787,0.569594468699321
"386","session1",-5.15221545696053,14.1796339386945,2.2059830336061,0.000264267939788245,0.249776997531291,0.390154421385092,0.293002808885286,4,1,100,0.309988758818787,0.569594468699321,4,3.00233053283221,0,-33.54052,245,0,0,20,"both",0.309988758818787,0.569594468699321
"387","session1",-5.15221545696053,14.1796339386945,2.2059830336061,0.000264267939788245,0.249776997531291,0.390154421385092,0.293002808885286,4,1,100,0.309988758818787,0.569594468699321,4,3.11415684189947,1,9.94608,245,0,0,20,"both",0.309988758818787,0.569594468699321
"388","session1",-5.15221545696053,14.1796339386945,2.2059830336061,0.000264267939788245,0.249776997531291,0.390154421385092,0.293002808885286,4,1,100,0.309988758818787,0.569594468699321,4,1.36562110093595,0,-23.11324,245,0,0,20,"both",0.309988758818787,0.569594468699321
"389","session1",-5.15221545696053,14.1796339386945,2.2059830336061,0.000264267939788245,0.249776997531291,0.390154421385092,0.293002808885286,4,1,100,0.309988758818787,0.569594468699321,4,2.67582002668453,0,-17.09335,245,0,0,20,"both",0.309988758818787,0.569594468699321
"390","session1",-5.15221545696053,14.1796339386945,2.2059830336061,0.000264267939788245,0.249776997531291,0.390154421385092,0.293002808885286,4,1,100,0.309988758818787,0.569594468699321,4,3.43304596453607,0,-18.11635,245,0,0,20,"both",0.309988758818787,0.569594468699321
"391","session1",-5.15221545696053,14.1796339386945,2.2059830336061,0.000264267939788245,0.249776997531291,0.390154421385092,0.293002808885286,4,1,100,0.309988758818787,0.569594468699321,4,2.06182053862959,0,-13.30731,245,0,0,20,"both",0.309988758818787,0.569594468699321
"392","session1",-5.15221545696053,14.1796339386945,2.2059830336061,0.000264267939788245,0.249776997531291,0.390154421385092,0.293002808885286,4,1,100,0.309988758818787,0.569594468699321,4,1.47683249304736,1,13.27118,245,0,0,20,"both",0.309988758818787,0.569594468699321
"393","session1",-5.15221545696053,14.1796339386945,2.2059830336061,0.000264267939788245,0.249776997531291,0.390154421385092,0.293002808885286,4,1,100,0.309988758818787,0.569594468699321,4,1.31146406386015,1,-15.15865,245,0,0,20,"both",0.309988758818787,0.569594468699321
"394","session1",-5.15221545696053,14.1796339386945,2.2059830336061,0.000264267939788245,0.249776997531291,0.390154421385092,0.293002808885286,4,1,100,0.309988758818787,0.569594468699321,4,1.78224852029027,1,6.37611,245,0,0,20,"both",0.309988758818787,0.569594468699321
"395","session1",-5.15221545696053,14.1796339386945,2.2059830336061,0.000264267939788245,0.249776997531291,0.390154421385092,0.293002808885286,4,1,100,0.309988758818787,0.569594468699321,4,1.76107741997854,0,-17.97723,245,0,0,20,"both",0.309988758818787,0.569594468699321
"396","session1",-5.15221545696053,14.1796339386945,2.2059830336061,0.000264267939788245,0.249776997531291,0.390154421385092,0.293002808885286,4,1,100,0.309988758818787,0.569594468699321,4,1.55330943813991,0,-16.52493,245,0,0,20,"both",0.309988758818787,0.569594468699321
"397","session1",-5.15221545696053,14.1796339386945,2.2059830336061,0.000264267939788245,0.249776997531291,0.390154421385092,0.293002808885286,4,1,100,0.309988758818787,0.569594468699321,4,1.87607258341919,0,3.50024,245,0,0,20,"both",0.309988758818787,0.569594468699321
"398","session1",-5.15221545696053,14.1796339386945,2.2059830336061,0.000264267939788245,0.249776997531291,0.390154421385092,0.293002808885286,4,1,100,0.309988758818787,0.569594468699321,4,2.04190095383149,1,9.05397,245,0,0,20,"both",0.309988758818787,0.569594468699321
"399","session1",-5.15221545696053,14.1796339386945,2.2059830336061,0.000264267939788245,0.249776997531291,0.390154421385092,0.293002808885286,4,1,100,0.309988758818787,0.569594468699321,4,1.70656807470525,1,5.79716,245,0,0,20,"both",0.309988758818787,0.569594468699321
"400","session1",-5.15221545696053,14.1796339386945,2.2059830336061,0.000264267939788245,0.249776997531291,0.390154421385092,0.293002808885286,4,1,100,0.309988758818787,0.569594468699321,4,2.54917201036431,0,8.95172,245,0,0,20,"both",0.309988758818787,0.569594468699321
"401","session1",-10.2916899005978,13.9267480521652,2.18226059161191,0.000537390153076388,0.356453062371216,0.404864048224342,0.272102781991471,5,1,100,0.309988758818787,0.569594468699321,5,2.74886877977624,1,-8.2243365715,245,0,0,20,"both",0.309988758818787,0.569594468699321
"402","session1",-10.2916899005978,13.9267480521652,2.18226059161191,0.000537390153076388,0.356453062371216,0.404864048224342,0.272102781991471,5,1,100,0.309988758818787,0.569594468699321,5,3.74043631238331,0,-9.8322145769,245,0,0,20,"both",0.309988758818787,0.569594468699321
"403","session1",-10.2916899005978,13.9267480521652,2.18226059161191,0.000537390153076388,0.356453062371216,0.404864048224342,0.272102781991471,5,1,100,0.309988758818787,0.569594468699321,5,2.15032845183976,0,-3.511502227595,245,0,0,20,"both",0.309988758818787,0.569594468699321
"404","session1",-10.2916899005978,13.9267480521652,2.18226059161191,0.000537390153076388,0.356453062371216,0.404864048224342,0.272102781991471,5,1,100,0.309988758818787,0.569594468699321,5,3.12659179612458,1,1.881473285,245,0,0,20,"both",0.309988758818787,0.569594468699321
"405","session1",-10.2916899005978,13.9267480521652,2.18226059161191,0.000537390153076388,0.356453062371216,0.404864048224342,0.272102781991471,5,1,100,0.309988758818787,0.569594468699321,5,2.04050210757427,1,29.247,245,0,0,20,"both",0.309988758818787,0.569594468699321
"406","session1",-10.2916899005978,13.9267480521652,2.18226059161191,0.000537390153076388,0.356453062371216,0.404864048224342,0.272102781991471,5,1,100,0.309988758818787,0.569594468699321,5,2.5544980460715,0,-2.09390397122,245,0,0,20,"both",0.309988758818787,0.569594468699321
"407","session1",-10.2916899005978,13.9267480521652,2.18226059161191,0.000537390153076388,0.356453062371216,0.404864048224342,0.272102781991471,5,1,100,0.309988758818787,0.569594468699321,5,2.64381741322245,0,-43.1467,245,0,0,20,"both",0.309988758818787,0.569594468699321
"408","session1",-10.2916899005978,13.9267480521652,2.18226059161191,0.000537390153076388,0.356453062371216,0.404864048224342,0.272102781991471,5,1,100,0.309988758818787,0.569594468699321,5,2.83669818707955,0,0.3172297371,245,0,0,20,"both",0.309988758818787,0.569594468699321
"409","session1",-10.2916899005978,13.9267480521652,2.18226059161191,0.000537390153076388,0.356453062371216,0.404864048224342,0.272102781991471,5,1,100,0.309988758818787,0.569594468699321,5,2.69413425704576,1,1.6191,245,0,0,20,"both",0.309988758818787,0.569594468699321
"410","session1",-10.2916899005978,13.9267480521652,2.18226059161191,0.000537390153076388,0.356453062371216,0.404864048224342,0.272102781991471,5,1,100,0.309988758818787,0.569594468699321,5,1.82180523931247,1,16.06687,245,0,0,20,"both",0.309988758818787,0.569594468699321
"411","session1",-10.2916899005978,13.9267480521652,2.18226059161191,0.000537390153076388,0.356453062371216,0.404864048224342,0.272102781991471,5,1,100,0.309988758818787,0.569594468699321,5,1.76275869148124,1,0.49670540393,245,0,0,20,"both",0.309988758818787,0.569594468699321
"412","session1",-10.2916899005978,13.9267480521652,2.18226059161191,0.000537390153076388,0.356453062371216,0.404864048224342,0.272102781991471,5,1,100,0.309988758818787,0.569594468699321,5,2.22523705510943,1,5.03419,245,0,0,20,"both",0.309988758818787,0.569594468699321
"413","session1",-10.2916899005978,13.9267480521652,2.18226059161191,0.000537390153076388,0.356453062371216,0.404864048224342,0.272102781991471,5,1,100,0.309988758818787,0.569594468699321,5,3.81733460289247,0,-8.671676,245,0,0,20,"both",0.309988758818787,0.569594468699321
"414","session1",-10.2916899005978,13.9267480521652,2.18226059161191,0.000537390153076388,0.356453062371216,0.404864048224342,0.272102781991471,5,1,100,0.309988758818787,0.569594468699321,5,2.59309814117041,0,-1.14509,245,0,0,20,"both",0.309988758818787,0.569594468699321
"415","session1",-10.2916899005978,13.9267480521652,2.18226059161191,0.000537390153076388,0.356453062371216,0.404864048224342,0.272102781991471,5,1,100,0.309988758818787,0.569594468699321,5,2.41564341379632,1,6.47097,245,0,0,20,"both",0.309988758818787,0.569594468699321
"416","session1",-10.2916899005978,13.9267480521652,2.18226059161191,0.000537390153076388,0.356453062371216,0.404864048224342,0.272102781991471,5,1,100,0.309988758818787,0.569594468699321,5,2.35733762181912,1,2.536004,245,0,0,20,"both",0.309988758818787,0.569594468699321
"417","session1",-10.2916899005978,13.9267480521652,2.18226059161191,0.000537390153076388,0.356453062371216,0.404864048224342,0.272102781991471,5,1,100,0.309988758818787,0.569594468699321,5,1.9169118398042,1,4.26764,245,0,0,20,"both",0.309988758818787,0.569594468699321
"418","session1",-10.2916899005978,13.9267480521652,2.18226059161191,0.000537390153076388,0.356453062371216,0.404864048224342,0.272102781991471,5,1,100,0.309988758818787,0.569594468699321,5,1.93005994313088,1,5.998794,245,0,0,20,"both",0.309988758818787,0.569594468699321
"419","session1",-10.2916899005978,13.9267480521652,2.18226059161191,0.000537390153076388,0.356453062371216,0.404864048224342,0.272102781991471,5,1,100,0.309988758818787,0.569594468699321,5,2.28735369082989,1,3.9779111,245,0,0,20,"both",0.309988758818787,0.569594468699321
"420","session1",-10.2916899005978,13.9267480521652,2.18226059161191,0.000537390153076388,0.356453062371216,0.404864048224342,0.272102781991471,5,1,100,0.309988758818787,0.569594468699321,5,1.14830858247725,1,3.362875,245,0,0,20,"both",0.309988758818787,0.569594468699321
"421","session1",-10.2916899005978,13.9267480521652,2.18226059161191,0.000537390153076388,0.356453062371216,0.404864048224342,0.272102781991471,5,1,100,0.309988758818787,0.569594468699321,5,1.95363359202645,0,-4.82566,245,0,0,20,"both",0.309988758818787,0.569594468699321
"422","session1",-10.2916899005978,13.9267480521652,2.18226059161191,0.000537390153076388,0.356453062371216,0.404864048224342,0.272102781991471,5,1,100,0.309988758818787,0.569594468699321,5,1.42577779450919,1,1.6615,245,0,0,20,"both",0.309988758818787,0.569594468699321
"423","session1",-10.2916899005978,13.9267480521652,2.18226059161191,0.000537390153076388,0.356453062371216,0.404864048224342,0.272102781991471,5,1,100,0.309988758818787,0.569594468699321,5,2.60439931430119,1,-1.07307,245,0,0,20,"both",0.309988758818787,0.569594468699321
"424","session1",-10.2916899005978,13.9267480521652,2.18226059161191,0.000537390153076388,0.356453062371216,0.404864048224342,0.272102781991471,5,1,100,0.309988758818787,0.569594468699321,5,0.882561384469642,1,-1.641308,245,0,0,20,"both",0.309988758818787,0.569594468699321
"425","session1",-10.2916899005978,13.9267480521652,2.18226059161191,0.000537390153076388,0.356453062371216,0.404864048224342,0.272102781991471,5,1,100,0.309988758818787,0.569594468699321,5,2.43531830221992,1,2.38332,245,0,0,20,"both",0.309988758818787,0.569594468699321
"426","session1",-10.2916899005978,13.9267480521652,2.18226059161191,0.000537390153076388,0.356453062371216,0.404864048224342,0.272102781991471,5,1,100,0.309988758818787,0.569594468699321,5,2.19585653109233,0,-5.2741,245,0,0,20,"both",0.309988758818787,0.569594468699321
"427","session1",-10.2916899005978,13.9267480521652,2.18226059161191,0.000537390153076388,0.356453062371216,0.404864048224342,0.272102781991471,5,1,100,0.309988758818787,0.569594468699321,5,1.95529532362806,0,-3.356,245,0,0,20,"both",0.309988758818787,0.569594468699321
"428","session1",-10.2916899005978,13.9267480521652,2.18226059161191,0.000537390153076388,0.356453062371216,0.404864048224342,0.272102781991471,5,1,100,0.309988758818787,0.569594468699321,5,2.36530813250327,1,-0.21834,245,0,0,20,"both",0.309988758818787,0.569594468699321
"429","session1",-10.2916899005978,13.9267480521652,2.18226059161191,0.000537390153076388,0.356453062371216,0.404864048224342,0.272102781991471,5,1,100,0.309988758818787,0.569594468699321,5,2.48707565624626,1,2.506745,245,0,0,20,"both",0.309988758818787,0.569594468699321
"430","session1",-10.2916899005978,13.9267480521652,2.18226059161191,0.000537390153076388,0.356453062371216,0.404864048224342,0.272102781991471,5,1,100,0.309988758818787,0.569594468699321,5,2.21664348547102,1,-4.03809,245,0,0,20,"both",0.309988758818787,0.569594468699321
"431","session1",-10.2916899005978,13.9267480521652,2.18226059161191,0.000537390153076388,0.356453062371216,0.404864048224342,0.272102781991471,5,1,100,0.309988758818787,0.569594468699321,5,1.5936380313432,1,1.8761,245,0,0,20,"both",0.309988758818787,0.569594468699321
"432","session1",-10.2916899005978,13.9267480521652,2.18226059161191,0.000537390153076388,0.356453062371216,0.404864048224342,0.272102781991471,5,1,100,0.309988758818787,0.569594468699321,5,2.23888652857744,1,-6.00607,245,0,0,20,"both",0.309988758818787,0.569594468699321
"433","session1",-10.2916899005978,13.9267480521652,2.18226059161191,0.000537390153076388,0.356453062371216,0.404864048224342,0.272102781991471,5,1,100,0.309988758818787,0.569594468699321,5,2.05389005441988,1,1.35485,245,0,0,20,"both",0.309988758818787,0.569594468699321
"434","session1",-10.2916899005978,13.9267480521652,2.18226059161191,0.000537390153076388,0.356453062371216,0.404864048224342,0.272102781991471,5,1,100,0.309988758818787,0.569594468699321,5,1.26825075507891,0,-10.13667,245,0,0,20,"both",0.309988758818787,0.569594468699321
"435","session1",-10.2916899005978,13.9267480521652,2.18226059161191,0.000537390153076388,0.356453062371216,0.404864048224342,0.272102781991471,5,1,100,0.309988758818787,0.569594468699321,5,2.36486590869121,1,4.32702,245,0,0,20,"both",0.309988758818787,0.569594468699321
"436","session1",-10.2916899005978,13.9267480521652,2.18226059161191,0.000537390153076388,0.356453062371216,0.404864048224342,0.272102781991471,5,1,100,0.309988758818787,0.569594468699321,5,2.29400596193588,1,-9.03307,245,0,0,20,"both",0.309988758818787,0.569594468699321
"437","session1",-10.2916899005978,13.9267480521652,2.18226059161191,0.000537390153076388,0.356453062371216,0.404864048224342,0.272102781991471,5,1,100,0.309988758818787,0.569594468699321,5,1.56088444840488,1,5.54578,245,0,0,20,"both",0.309988758818787,0.569594468699321
"438","session1",-10.2916899005978,13.9267480521652,2.18226059161191,0.000537390153076388,0.356453062371216,0.404864048224342,0.272102781991471,5,1,100,0.309988758818787,0.569594468699321,5,3.74376353259568,1,-2.12967,245,0,0,20,"both",0.309988758818787,0.569594468699321
"439","session1",-10.2916899005978,13.9267480521652,2.18226059161191,0.000537390153076388,0.356453062371216,0.404864048224342,0.272102781991471,5,1,100,0.309988758818787,0.569594468699321,5,3.8120917942084,1,-8.90371,245,0,0,20,"both",0.309988758818787,0.569594468699321
"440","session1",-10.2916899005978,13.9267480521652,2.18226059161191,0.000537390153076388,0.356453062371216,0.404864048224342,0.272102781991471,5,1,100,0.309988758818787,0.569594468699321,5,2.04562738221938,0,-9.37977,245,0,0,20,"both",0.309988758818787,0.569594468699321
"441","session1",-10.2916899005978,13.9267480521652,2.18226059161191,0.000537390153076388,0.356453062371216,0.404864048224342,0.272102781991471,5,1,100,0.309988758818787,0.569594468699321,5,2.81191156044835,1,2.01098,245,0,0,20,"both",0.309988758818787,0.569594468699321
"442","session1",-10.2916899005978,13.9267480521652,2.18226059161191,0.000537390153076388,0.356453062371216,0.404864048224342,0.272102781991471,5,1,100,0.309988758818787,0.569594468699321,5,3.31229092873717,1,-10.53725,245,0,0,20,"both",0.309988758818787,0.569594468699321
"443","session1",-10.2916899005978,13.9267480521652,2.18226059161191,0.000537390153076388,0.356453062371216,0.404864048224342,0.272102781991471,5,1,100,0.309988758818787,0.569594468699321,5,2.06909923305408,1,13.60954,245,0,0,20,"both",0.309988758818787,0.569594468699321
"444","session1",-10.2916899005978,13.9267480521652,2.18226059161191,0.000537390153076388,0.356453062371216,0.404864048224342,0.272102781991471,5,1,100,0.309988758818787,0.569594468699321,5,2.78135425127475,0,-12.80709,245,0,0,20,"both",0.309988758818787,0.569594468699321
"445","session1",-10.2916899005978,13.9267480521652,2.18226059161191,0.000537390153076388,0.356453062371216,0.404864048224342,0.272102781991471,5,1,100,0.309988758818787,0.569594468699321,5,2.16684081331669,0,-3.12288,245,0,0,20,"both",0.309988758818787,0.569594468699321
"446","session1",-10.2916899005978,13.9267480521652,2.18226059161191,0.000537390153076388,0.356453062371216,0.404864048224342,0.272102781991471,5,1,100,0.309988758818787,0.569594468699321,5,1.90351604396347,1,-1.07583,245,0,0,20,"both",0.309988758818787,0.569594468699321
"447","session1",-10.2916899005978,13.9267480521652,2.18226059161191,0.000537390153076388,0.356453062371216,0.404864048224342,0.272102781991471,5,1,100,0.309988758818787,0.569594468699321,5,3.50680553041615,1,-15.07743,245,0,0,20,"both",0.309988758818787,0.569594468699321
"448","session1",-10.2916899005978,13.9267480521652,2.18226059161191,0.000537390153076388,0.356453062371216,0.404864048224342,0.272102781991471,5,1,100,0.309988758818787,0.569594468699321,5,3.84521476962615,1,1.7482,245,0,0,20,"both",0.309988758818787,0.569594468699321
"449","session1",-10.2916899005978,13.9267480521652,2.18226059161191,0.000537390153076388,0.356453062371216,0.404864048224342,0.272102781991471,5,1,100,0.309988758818787,0.569594468699321,5,2.17716773324703,1,-2.74051,245,0,0,20,"both",0.309988758818787,0.569594468699321
"450","session1",-10.2916899005978,13.9267480521652,2.18226059161191,0.000537390153076388,0.356453062371216,0.404864048224342,0.272102781991471,5,1,100,0.309988758818787,0.569594468699321,5,1.85706361897528,0,-27.802,245,0,0,20,"both",0.309988758818787,0.569594468699321
"451","session1",-10.2916899005978,13.9267480521652,2.18226059161191,0.000537390153076388,0.356453062371216,0.404864048224342,0.272102781991471,5,1,100,0.309988758818787,0.569594468699321,5,3.28992408860766,0,-8.12657,245,0,0,20,"both",0.309988758818787,0.569594468699321
"452","session1",-10.2916899005978,13.9267480521652,2.18226059161191,0.000537390153076388,0.356453062371216,0.404864048224342,0.272102781991471,5,1,100,0.309988758818787,0.569594468699321,5,2.44128541775937,0,3.20925,245,0,0,20,"both",0.309988758818787,0.569594468699321
"453","session1",-10.2916899005978,13.9267480521652,2.18226059161191,0.000537390153076388,0.356453062371216,0.404864048224342,0.272102781991471,5,1,100,0.309988758818787,0.569594468699321,5,2.04879825628422,1,2.80846,245,0,0,20,"both",0.309988758818787,0.569594468699321
"454","session1",-10.2916899005978,13.9267480521652,2.18226059161191,0.000537390153076388,0.356453062371216,0.404864048224342,0.272102781991471,5,1,100,0.309988758818787,0.569594468699321,5,5.92487296590848,0,-11.99143,245,0,0,20,"both",0.309988758818787,0.569594468699321
"455","session1",-10.2916899005978,13.9267480521652,2.18226059161191,0.000537390153076388,0.356453062371216,0.404864048224342,0.272102781991471,5,1,100,0.309988758818787,0.569594468699321,5,1.8492791222756,0,-12.35267,245,0,0,20,"both",0.309988758818787,0.569594468699321
"456","session1",-10.2916899005978,13.9267480521652,2.18226059161191,0.000537390153076388,0.356453062371216,0.404864048224342,0.272102781991471,5,1,100,0.309988758818787,0.569594468699321,5,2.87819142826845,1,-10.92446,245,0,0,20,"both",0.309988758818787,0.569594468699321
"457","session1",-10.2916899005978,13.9267480521652,2.18226059161191,0.000537390153076388,0.356453062371216,0.404864048224342,0.272102781991471,5,1,100,0.309988758818787,0.569594468699321,5,2.03443084312913,0,-18.5097,245,0,0,20,"both",0.309988758818787,0.569594468699321
"458","session1",-10.2916899005978,13.9267480521652,2.18226059161191,0.000537390153076388,0.356453062371216,0.404864048224342,0.272102781991471,5,1,100,0.309988758818787,0.569594468699321,5,3.11476303831481,1,-8.62521,245,0,0,20,"both",0.309988758818787,0.569594468699321
"459","session1",-10.2916899005978,13.9267480521652,2.18226059161191,0.000537390153076388,0.356453062371216,0.404864048224342,0.272102781991471,5,1,100,0.309988758818787,0.569594468699321,5,1.64898979328458,1,-14.76632,245,0,0,20,"both",0.309988758818787,0.569594468699321
"460","session1",-10.2916899005978,13.9267480521652,2.18226059161191,0.000537390153076388,0.356453062371216,0.404864048224342,0.272102781991471,5,1,100,0.309988758818787,0.569594468699321,5,2.18875265718889,1,-26.39524,245,0,0,20,"both",0.309988758818787,0.569594468699321
"461","session1",-10.2916899005978,13.9267480521652,2.18226059161191,0.000537390153076388,0.356453062371216,0.404864048224342,0.272102781991471,5,1,100,0.309988758818787,0.569594468699321,5,2.95459270931634,1,-1.62664,245,0,0,20,"both",0.309988758818787,0.569594468699321
"462","session1",-10.2916899005978,13.9267480521652,2.18226059161191,0.000537390153076388,0.356453062371216,0.404864048224342,0.272102781991471,5,1,100,0.309988758818787,0.569594468699321,5,1.31157755282449,1,10.30644,245,0,0,20,"both",0.309988758818787,0.569594468699321
"463","session1",-10.2916899005978,13.9267480521652,2.18226059161191,0.000537390153076388,0.356453062371216,0.404864048224342,0.272102781991471,5,1,100,0.309988758818787,0.569594468699321,5,2.51542411559645,0,-29.1924,245,0,0,20,"both",0.309988758818787,0.569594468699321
"464","session1",-10.2916899005978,13.9267480521652,2.18226059161191,0.000537390153076388,0.356453062371216,0.404864048224342,0.272102781991471,5,1,100,0.309988758818787,0.569594468699321,5,1.50396865350235,0,-25.15897,245,0,0,20,"both",0.309988758818787,0.569594468699321
"465","session1",-10.2916899005978,13.9267480521652,2.18226059161191,0.000537390153076388,0.356453062371216,0.404864048224342,0.272102781991471,5,1,100,0.309988758818787,0.569594468699321,5,2.63936612060012,1,-14.92793,245,0,0,20,"both",0.309988758818787,0.569594468699321
"466","session1",-10.2916899005978,13.9267480521652,2.18226059161191,0.000537390153076388,0.356453062371216,0.404864048224342,0.272102781991471,5,1,100,0.309988758818787,0.569594468699321,5,2.6914050129389,1,-3.7613,245,0,0,20,"both",0.309988758818787,0.569594468699321
"467","session1",-10.2916899005978,13.9267480521652,2.18226059161191,0.000537390153076388,0.356453062371216,0.404864048224342,0.272102781991471,5,1,100,0.309988758818787,0.569594468699321,5,3.53427933200898,0,-20.4512,245,0,0,20,"both",0.309988758818787,0.569594468699321
"468","session1",-10.2916899005978,13.9267480521652,2.18226059161191,0.000537390153076388,0.356453062371216,0.404864048224342,0.272102781991471,5,1,100,0.309988758818787,0.569594468699321,5,1.98001363982972,1,3.2703,245,0,0,20,"both",0.309988758818787,0.569594468699321
"469","session1",-10.2916899005978,13.9267480521652,2.18226059161191,0.000537390153076388,0.356453062371216,0.404864048224342,0.272102781991471,5,1,100,0.309988758818787,0.569594468699321,5,2.89567604687359,0,-19.79243,245,0,0,20,"both",0.309988758818787,0.569594468699321
"470","session1",-10.2916899005978,13.9267480521652,2.18226059161191,0.000537390153076388,0.356453062371216,0.404864048224342,0.272102781991471,5,1,100,0.309988758818787,0.569594468699321,5,2.62579465044602,0,-0.925839999999999,245,0,0,20,"both",0.309988758818787,0.569594468699321
"471","session1",-10.2916899005978,13.9267480521652,2.18226059161191,0.000537390153076388,0.356453062371216,0.404864048224342,0.272102781991471,5,1,100,0.309988758818787,0.569594468699321,5,1.98832259587661,1,3.0355,245,0,0,20,"both",0.309988758818787,0.569594468699321
"472","session1",-10.2916899005978,13.9267480521652,2.18226059161191,0.000537390153076388,0.356453062371216,0.404864048224342,0.272102781991471,5,1,100,0.309988758818787,0.569594468699321,5,2.22595881755335,1,-0.257199999999999,245,0,0,20,"both",0.309988758818787,0.569594468699321
"473","session1",-10.2916899005978,13.9267480521652,2.18226059161191,0.000537390153076388,0.356453062371216,0.404864048224342,0.272102781991471,5,1,100,0.309988758818787,0.569594468699321,5,1.64231786831638,1,1.8179,245,0,0,20,"both",0.309988758818787,0.569594468699321
"474","session1",-10.2916899005978,13.9267480521652,2.18226059161191,0.000537390153076388,0.356453062371216,0.404864048224342,0.272102781991471,5,1,100,0.309988758818787,0.569594468699321,5,3.77805325122373,1,-27.4776,245,0,0,20,"both",0.309988758818787,0.569594468699321
"475","session1",-10.2916899005978,13.9267480521652,2.18226059161191,0.000537390153076388,0.356453062371216,0.404864048224342,0.272102781991471,5,1,100,0.309988758818787,0.569594468699321,5,2.73906975541361,0,-4.776,245,0,0,20,"both",0.309988758818787,0.569594468699321
"476","session1",-10.2916899005978,13.9267480521652,2.18226059161191,0.000537390153076388,0.356453062371216,0.404864048224342,0.272102781991471,5,1,100,0.309988758818787,0.569594468699321,5,2.11704670044846,0,-23.7725,245,0,0,20,"both",0.309988758818787,0.569594468699321
"477","session1",-10.2916899005978,13.9267480521652,2.18226059161191,0.000537390153076388,0.356453062371216,0.404864048224342,0.272102781991471,5,1,100,0.309988758818787,0.569594468699321,5,3.75996125671939,1,1.62842,245,0,0,20,"both",0.309988758818787,0.569594468699321
"478","session1",-10.2916899005978,13.9267480521652,2.18226059161191,0.000537390153076388,0.356453062371216,0.404864048224342,0.272102781991471,5,1,100,0.309988758818787,0.569594468699321,5,2.48971860630006,1,-2.8626,245,0,0,20,"both",0.309988758818787,0.569594468699321
"479","session1",-10.2916899005978,13.9267480521652,2.18226059161191,0.000537390153076388,0.356453062371216,0.404864048224342,0.272102781991471,5,1,100,0.309988758818787,0.569594468699321,5,1.9549805390461,0,-29.48737,245,0,0,20,"both",0.309988758818787,0.569594468699321
"480","session1",-10.2916899005978,13.9267480521652,2.18226059161191,0.000537390153076388,0.356453062371216,0.404864048224342,0.272102781991471,5,1,100,0.309988758818787,0.569594468699321,5,3.19826598078267,0,2.15723,245,0,0,20,"both",0.309988758818787,0.569594468699321
"481","session1",-10.2916899005978,13.9267480521652,2.18226059161191,0.000537390153076388,0.356453062371216,0.404864048224342,0.272102781991471,5,1,100,0.309988758818787,0.569594468699321,5,3.87202131134253,1,2.10944,245,0,0,20,"both",0.309988758818787,0.569594468699321
"482","session1",-10.2916899005978,13.9267480521652,2.18226059161191,0.000537390153076388,0.356453062371216,0.404864048224342,0.272102781991471,5,1,100,0.309988758818787,0.569594468699321,5,1.64079656543589,0,-26.2174,245,0,0,20,"both",0.309988758818787,0.569594468699321
"483","session1",-10.2916899005978,13.9267480521652,2.18226059161191,0.000537390153076388,0.356453062371216,0.404864048224342,0.272102781991471,5,1,100,0.309988758818787,0.569594468699321,5,1.87529315073472,1,2.14393,245,0,0,20,"both",0.309988758818787,0.569594468699321
"484","session1",-10.2916899005978,13.9267480521652,2.18226059161191,0.000537390153076388,0.356453062371216,0.404864048224342,0.272102781991471,5,1,100,0.309988758818787,0.569594468699321,5,2.42394807988958,1,-5.74766,245,0,0,20,"both",0.309988758818787,0.569594468699321
"485","session1",-10.2916899005978,13.9267480521652,2.18226059161191,0.000537390153076388,0.356453062371216,0.404864048224342,0.272102781991471,5,1,100,0.309988758818787,0.569594468699321,5,1.61828447897199,1,13.7156,245,0,0,20,"both",0.309988758818787,0.569594468699321
"486","session1",-10.2916899005978,13.9267480521652,2.18226059161191,0.000537390153076388,0.356453062371216,0.404864048224342,0.272102781991471,5,1,100,0.309988758818787,0.569594468699321,5,2.35003817852876,0,-20.4039,245,0,0,20,"both",0.309988758818787,0.569594468699321
"487","session1",-10.2916899005978,13.9267480521652,2.18226059161191,0.000537390153076388,0.356453062371216,0.404864048224342,0.272102781991471,5,1,100,0.309988758818787,0.569594468699321,5,1.70503836231182,0,-24.08,245,0,0,20,"both",0.309988758818787,0.569594468699321
"488","session1",-10.2916899005978,13.9267480521652,2.18226059161191,0.000537390153076388,0.356453062371216,0.404864048224342,0.272102781991471,5,1,100,0.309988758818787,0.569594468699321,5,1.42047167805234,0,-19.47429,245,0,0,20,"both",0.309988758818787,0.569594468699321
"489","session1",-10.2916899005978,13.9267480521652,2.18226059161191,0.000537390153076388,0.356453062371216,0.404864048224342,0.272102781991471,5,1,100,0.309988758818787,0.569594468699321,5,3.54716293178825,1,-6.4957,245,0,0,20,"both",0.309988758818787,0.569594468699321
"490","session1",-10.2916899005978,13.9267480521652,2.18226059161191,0.000537390153076388,0.356453062371216,0.404864048224342,0.272102781991471,5,1,100,0.309988758818787,0.569594468699321,5,2.14661450395142,1,-0.849189999999999,245,0,0,20,"both",0.309988758818787,0.569594468699321
"491","session1",-10.2916899005978,13.9267480521652,2.18226059161191,0.000537390153076388,0.356453062371216,0.404864048224342,0.272102781991471,5,1,100,0.309988758818787,0.569594468699321,5,1.51794963088229,1,-1.3735,245,0,0,20,"both",0.309988758818787,0.569594468699321
"492","session1",-10.2916899005978,13.9267480521652,2.18226059161191,0.000537390153076388,0.356453062371216,0.404864048224342,0.272102781991471,5,1,100,0.309988758818787,0.569594468699321,5,1.6245779920399,0,-19.78379,245,0,0,20,"both",0.309988758818787,0.569594468699321
"493","session1",-10.2916899005978,13.9267480521652,2.18226059161191,0.000537390153076388,0.356453062371216,0.404864048224342,0.272102781991471,5,1,100,0.309988758818787,0.569594468699321,5,2.16456443574912,1,0.733920000000001,245,0,0,20,"both",0.309988758818787,0.569594468699321
"494","session1",-10.2916899005978,13.9267480521652,2.18226059161191,0.000537390153076388,0.356453062371216,0.404864048224342,0.272102781991471,5,1,100,0.309988758818787,0.569594468699321,5,2.78783808787246,0,-30.0986,245,0,0,20,"both",0.309988758818787,0.569594468699321
"495","session1",-10.2916899005978,13.9267480521652,2.18226059161191,0.000537390153076388,0.356453062371216,0.404864048224342,0.272102781991471,5,1,100,0.309988758818787,0.569594468699321,5,1.29639299346341,0,-32.0845,245,0,0,20,"both",0.309988758818787,0.569594468699321
"496","session1",-10.2916899005978,13.9267480521652,2.18226059161191,0.000537390153076388,0.356453062371216,0.404864048224342,0.272102781991471,5,1,100,0.309988758818787,0.569594468699321,5,1.30621999583274,0,1.66383,245,0,0,20,"both",0.309988758818787,0.569594468699321
"497","session1",-10.2916899005978,13.9267480521652,2.18226059161191,0.000537390153076388,0.356453062371216,0.404864048224342,0.272102781991471,5,1,100,0.309988758818787,0.569594468699321,5,2.60991434867358,0,2.0976,245,0,0,20,"both",0.309988758818787,0.569594468699321
"498","session1",-10.2916899005978,13.9267480521652,2.18226059161191,0.000537390153076388,0.356453062371216,0.404864048224342,0.272102781991471,5,1,100,0.309988758818787,0.569594468699321,5,1.99014536112975,0,-25.926,245,0,0,20,"both",0.309988758818787,0.569594468699321
"499","session1",-10.2916899005978,13.9267480521652,2.18226059161191,0.000537390153076388,0.356453062371216,0.404864048224342,0.272102781991471,5,1,100,0.309988758818787,0.569594468699321,5,3.18234932989032,0,-17.19907,245,0,0,20,"both",0.309988758818787,0.569594468699321
"500","session1",-10.2916899005978,13.9267480521652,2.18226059161191,0.000537390153076388,0.356453062371216,0.404864048224342,0.272102781991471,5,1,100,0.309988758818787,0.569594468699321,5,3.4339251139567,1,-3.39778,245,0,0,20,"both",0.309988758818787,0.569594468699321
"501","session1",-3.020674897583,12.469161939096,3.21009442589609,0.00119672725823712,0.561222158019421,0.410662623687761,0.417906059037711,6,1,100,0.309988758818787,0.569594468699321,6,4.07526113173829,1,10.18168217051,245,0,0,20,"both",0.309988758818787,0.569594468699321
"502","session1",-3.020674897583,12.469161939096,3.21009442589609,0.00119672725823712,0.561222158019421,0.410662623687761,0.417906059037711,6,1,100,0.309988758818787,0.569594468699321,6,4.091700569982,1,-5.034834909339,245,0,0,20,"both",0.309988758818787,0.569594468699321
"503","session1",-3.020674897583,12.469161939096,3.21009442589609,0.00119672725823712,0.561222158019421,0.410662623687761,0.417906059037711,6,1,100,0.309988758818787,0.569594468699321,6,2.95884201113966,0,-12.0665618498,245,0,0,20,"both",0.309988758818787,0.569594468699321
"504","session1",-3.020674897583,12.469161939096,3.21009442589609,0.00119672725823712,0.561222158019421,0.410662623687761,0.417906059037711,6,1,100,0.309988758818787,0.569594468699321,6,2.39931623315278,0,-8.7252045247,245,0,0,20,"both",0.309988758818787,0.569594468699321
"505","session1",-3.020674897583,12.469161939096,3.21009442589609,0.00119672725823712,0.561222158019421,0.410662623687761,0.417906059037711,6,1,100,0.309988758818787,0.569594468699321,6,8,1,-4.27736,245,0,0,20,"both",0.309988758818787,0.569594468699321
"506","session1",-3.020674897583,12.469161939096,3.21009442589609,0.00119672725823712,0.561222158019421,0.410662623687761,0.417906059037711,6,1,100,0.309988758818787,0.569594468699321,6,8,1,-0.76374,245,0,0,20,"both",0.309988758818787,0.569594468699321
"507","session1",-3.020674897583,12.469161939096,3.21009442589609,0.00119672725823712,0.561222158019421,0.410662623687761,0.417906059037711,6,1,100,0.309988758818787,0.569594468699321,6,5.41116963660638,1,0.87738,245,0,0,20,"both",0.309988758818787,0.569594468699321
"508","session1",-3.020674897583,12.469161939096,3.21009442589609,0.00119672725823712,0.561222158019421,0.410662623687761,0.417906059037711,6,1,100,0.309988758818787,0.569594468699321,6,4.3043920689117,0,-15.49377,245,0,0,20,"both",0.309988758818787,0.569594468699321
"509","session1",-3.020674897583,12.469161939096,3.21009442589609,0.00119672725823712,0.561222158019421,0.410662623687761,0.417906059037711,6,1,100,0.309988758818787,0.569594468699321,6,8,1,-6.0043,245,0,0,20,"both",0.309988758818787,0.569594468699321
"510","session1",-3.020674897583,12.469161939096,3.21009442589609,0.00119672725823712,0.561222158019421,0.410662623687761,0.417906059037711,6,1,100,0.309988758818787,0.569594468699321,6,2.00871633140871,1,-7.64449,245,0,0,20,"both",0.309988758818787,0.569594468699321
"511","session1",-3.020674897583,12.469161939096,3.21009442589609,0.00119672725823712,0.561222158019421,0.410662623687761,0.417906059037711,6,1,100,0.309988758818787,0.569594468699321,6,4.14839356006691,0,-9.79959,245,0,0,20,"both",0.309988758818787,0.569594468699321
"512","session1",-3.020674897583,12.469161939096,3.21009442589609,0.00119672725823712,0.561222158019421,0.410662623687761,0.417906059037711,6,1,100,0.309988758818787,0.569594468699321,6,4.18346403677364,0,-8.31626,245,0,0,20,"both",0.309988758818787,0.569594468699321
"513","session1",-3.020674897583,12.469161939096,3.21009442589609,0.00119672725823712,0.561222158019421,0.410662623687761,0.417906059037711,6,1,100,0.309988758818787,0.569594468699321,6,5.44373386878904,1,-4.48871,245,0,0,20,"both",0.309988758818787,0.569594468699321
"514","session1",-3.020674897583,12.469161939096,3.21009442589609,0.00119672725823712,0.561222158019421,0.410662623687761,0.417906059037711,6,1,100,0.309988758818787,0.569594468699321,6,1.46738059131717,0,-20.48733,245,0,0,20,"both",0.309988758818787,0.569594468699321
"515","session1",-3.020674897583,12.469161939096,3.21009442589609,0.00119672725823712,0.561222158019421,0.410662623687761,0.417906059037711,6,1,100,0.309988758818787,0.569594468699321,6,2.08533698917695,1,-5.19071,245,0,0,20,"both",0.309988758818787,0.569594468699321
"516","session1",-3.020674897583,12.469161939096,3.21009442589609,0.00119672725823712,0.561222158019421,0.410662623687761,0.417906059037711,6,1,100,0.309988758818787,0.569594468699321,6,3.83037952324674,0,-5.56399,245,0,0,20,"both",0.309988758818787,0.569594468699321
"517","session1",-3.020674897583,12.469161939096,3.21009442589609,0.00119672725823712,0.561222158019421,0.410662623687761,0.417906059037711,6,1,100,0.309988758818787,0.569594468699321,6,2.4311308984718,1,-3.42653,245,0,0,20,"both",0.309988758818787,0.569594468699321
"518","session1",-3.020674897583,12.469161939096,3.21009442589609,0.00119672725823712,0.561222158019421,0.410662623687761,0.417906059037711,6,1,100,0.309988758818787,0.569594468699321,6,3.73911937661953,1,-5.68044,245,0,0,20,"both",0.309988758818787,0.569594468699321
"519","session1",-3.020674897583,12.469161939096,3.21009442589609,0.00119672725823712,0.561222158019421,0.410662623687761,0.417906059037711,6,1,100,0.309988758818787,0.569594468699321,6,5.99480402669117,0,-9.58066,245,0,0,20,"both",0.309988758818787,0.569594468699321
"520","session1",-3.020674897583,12.469161939096,3.21009442589609,0.00119672725823712,0.561222158019421,0.410662623687761,0.417906059037711,6,1,100,0.309988758818787,0.569594468699321,6,4.07230145935379,0,-9.23751,245,0,0,20,"both",0.309988758818787,0.569594468699321
"521","session1",-3.020674897583,12.469161939096,3.21009442589609,0.00119672725823712,0.561222158019421,0.410662623687761,0.417906059037711,6,1,100,0.309988758818787,0.569594468699321,6,3.58421126714614,1,-8.49326,245,0,0,20,"both",0.309988758818787,0.569594468699321
"522","session1",-3.020674897583,12.469161939096,3.21009442589609,0.00119672725823712,0.561222158019421,0.410662623687761,0.417906059037711,6,1,100,0.309988758818787,0.569594468699321,6,4.57886265859297,0,-9.75778,245,0,0,20,"both",0.309988758818787,0.569594468699321
"523","session1",-3.020674897583,12.469161939096,3.21009442589609,0.00119672725823712,0.561222158019421,0.410662623687761,0.417906059037711,6,1,100,0.309988758818787,0.569594468699321,6,4.83079989652457,0,-7.7727,245,0,0,20,"both",0.309988758818787,0.569594468699321
"524","session1",-3.020674897583,12.469161939096,3.21009442589609,0.00119672725823712,0.561222158019421,0.410662623687761,0.417906059037711,6,1,100,0.309988758818787,0.569594468699321,6,2.69326537373143,0,-9.99527,245,0,0,20,"both",0.309988758818787,0.569594468699321
"525","session1",-3.020674897583,12.469161939096,3.21009442589609,0.00119672725823712,0.561222158019421,0.410662623687761,0.417906059037711,6,1,100,0.309988758818787,0.569594468699321,6,2.43873916419795,0,-16.99836,245,0,0,20,"both",0.309988758818787,0.569594468699321
"526","session1",-3.020674897583,12.469161939096,3.21009442589609,0.00119672725823712,0.561222158019421,0.410662623687761,0.417906059037711,6,1,100,0.309988758818787,0.569594468699321,6,3.3957977816023,1,-4.06534,245,0,0,20,"both",0.309988758818787,0.569594468699321
"527","session1",-3.020674897583,12.469161939096,3.21009442589609,0.00119672725823712,0.561222158019421,0.410662623687761,0.417906059037711,6,1,100,0.309988758818787,0.569594468699321,6,3.61277791407142,0,-6.26744,245,0,0,20,"both",0.309988758818787,0.569594468699321
"528","session1",-3.020674897583,12.469161939096,3.21009442589609,0.00119672725823712,0.561222158019421,0.410662623687761,0.417906059037711,6,1,100,0.309988758818787,0.569594468699321,6,6.35372697877676,1,-5.68906,245,0,0,20,"both",0.309988758818787,0.569594468699321
"529","session1",-3.020674897583,12.469161939096,3.21009442589609,0.00119672725823712,0.561222158019421,0.410662623687761,0.417906059037711,6,1,100,0.309988758818787,0.569594468699321,6,5.7441533122514,1,-4.06736,245,0,0,20,"both",0.309988758818787,0.569594468699321
"530","session1",-3.020674897583,12.469161939096,3.21009442589609,0.00119672725823712,0.561222158019421,0.410662623687761,0.417906059037711,6,1,100,0.309988758818787,0.569594468699321,6,3.25440581704323,0,-9.30229,245,0,0,20,"both",0.309988758818787,0.569594468699321
"531","session1",-3.020674897583,12.469161939096,3.21009442589609,0.00119672725823712,0.561222158019421,0.410662623687761,0.417906059037711,6,1,100,0.309988758818787,0.569594468699321,6,4.1562652906286,0,-5.96712,245,0,0,20,"both",0.309988758818787,0.569594468699321
"532","session1",-3.020674897583,12.469161939096,3.21009442589609,0.00119672725823712,0.561222158019421,0.410662623687761,0.417906059037711,6,1,100,0.309988758818787,0.569594468699321,6,8,0,-7.20763,245,0,0,20,"both",0.309988758818787,0.569594468699321
"533","session1",-3.020674897583,12.469161939096,3.21009442589609,0.00119672725823712,0.561222158019421,0.410662623687761,0.417906059037711,6,1,100,0.309988758818787,0.569594468699321,6,4.14535497136662,0,-11.82538,245,0,0,20,"both",0.309988758818787,0.569594468699321
"534","session1",-3.020674897583,12.469161939096,3.21009442589609,0.00119672725823712,0.561222158019421,0.410662623687761,0.417906059037711,6,1,100,0.309988758818787,0.569594468699321,6,6.072138025314,1,-5.34874,245,0,0,20,"both",0.309988758818787,0.569594468699321
"535","session1",-3.020674897583,12.469161939096,3.21009442589609,0.00119672725823712,0.561222158019421,0.410662623687761,0.417906059037711,6,1,100,0.309988758818787,0.569594468699321,6,3.34215792615445,0,-9.29895,245,0,0,20,"both",0.309988758818787,0.569594468699321
"536","session1",-3.020674897583,12.469161939096,3.21009442589609,0.00119672725823712,0.561222158019421,0.410662623687761,0.417906059037711,6,1,100,0.309988758818787,0.569594468699321,6,6.41955610731455,0,-8.05391,245,0,0,20,"both",0.309988758818787,0.569594468699321
"537","session1",-3.020674897583,12.469161939096,3.21009442589609,0.00119672725823712,0.561222158019421,0.410662623687761,0.417906059037711,6,1,100,0.309988758818787,0.569594468699321,6,3.87433289942495,0,-8.15293,245,0,0,20,"both",0.309988758818787,0.569594468699321
"538","session1",-3.020674897583,12.469161939096,3.21009442589609,0.00119672725823712,0.561222158019421,0.410662623687761,0.417906059037711,6,1,100,0.309988758818787,0.569594468699321,6,3.05373151707152,0,-8.51412,245,0,0,20,"both",0.309988758818787,0.569594468699321
"539","session1",-3.020674897583,12.469161939096,3.21009442589609,0.00119672725823712,0.561222158019421,0.410662623687761,0.417906059037711,6,1,100,0.309988758818787,0.569594468699321,6,6.66855297429116,0,-6.57944,245,0,0,20,"both",0.309988758818787,0.569594468699321
"540","session1",-3.020674897583,12.469161939096,3.21009442589609,0.00119672725823712,0.561222158019421,0.410662623687761,0.417906059037711,6,1,100,0.309988758818787,0.569594468699321,6,7.79533808820327,1,-4.23148,245,0,0,20,"both",0.309988758818787,0.569594468699321
"541","session1",-3.020674897583,12.469161939096,3.21009442589609,0.00119672725823712,0.561222158019421,0.410662623687761,0.417906059037711,6,1,100,0.309988758818787,0.569594468699321,6,4.17451295891961,1,-8.23167,245,0,0,20,"both",0.309988758818787,0.569594468699321
"542","session1",-3.020674897583,12.469161939096,3.21009442589609,0.00119672725823712,0.561222158019421,0.410662623687761,0.417906059037711,6,1,100,0.309988758818787,0.569594468699321,6,3.65276835408923,1,-7.4035,245,0,0,20,"both",0.309988758818787,0.569594468699321
"543","session1",-3.020674897583,12.469161939096,3.21009442589609,0.00119672725823712,0.561222158019421,0.410662623687761,0.417906059037711,6,1,100,0.309988758818787,0.569594468699321,6,3.08037411667658,0,-4.05596,245,0,0,20,"both",0.309988758818787,0.569594468699321
"544","session1",-3.020674897583,12.469161939096,3.21009442589609,0.00119672725823712,0.561222158019421,0.410662623687761,0.417906059037711,6,1,100,0.309988758818787,0.569594468699321,6,2.93733448269462,0,-8.5324,245,0,0,20,"both",0.309988758818787,0.569594468699321
"545","session1",-3.020674897583,12.469161939096,3.21009442589609,0.00119672725823712,0.561222158019421,0.410662623687761,0.417906059037711,6,1,100,0.309988758818787,0.569594468699321,6,3.48550967654721,0,-4.09613,245,0,0,20,"both",0.309988758818787,0.569594468699321
"546","session1",-3.020674897583,12.469161939096,3.21009442589609,0.00119672725823712,0.561222158019421,0.410662623687761,0.417906059037711,6,1,100,0.309988758818787,0.569594468699321,6,4.32955873721378,1,-4.98065,245,0,0,20,"both",0.309988758818787,0.569594468699321
"547","session1",-3.020674897583,12.469161939096,3.21009442589609,0.00119672725823712,0.561222158019421,0.410662623687761,0.417906059037711,6,1,100,0.309988758818787,0.569594468699321,6,3.50224499539592,0,-7.20654,245,0,0,20,"both",0.309988758818787,0.569594468699321
"548","session1",-3.020674897583,12.469161939096,3.21009442589609,0.00119672725823712,0.561222158019421,0.410662623687761,0.417906059037711,6,1,100,0.309988758818787,0.569594468699321,6,3.85677317275205,0,-4.47413,245,0,0,20,"both",0.309988758818787,0.569594468699321
"549","session1",-3.020674897583,12.469161939096,3.21009442589609,0.00119672725823712,0.561222158019421,0.410662623687761,0.417906059037711,6,1,100,0.309988758818787,0.569594468699321,6,4.0657851705082,0,-5.7355,245,0,0,20,"both",0.309988758818787,0.569594468699321
"550","session1",-3.020674897583,12.469161939096,3.21009442589609,0.00119672725823712,0.561222158019421,0.410662623687761,0.417906059037711,6,1,100,0.309988758818787,0.569594468699321,6,3.43277451405839,1,-3.27435,245,0,0,20,"both",0.309988758818787,0.569594468699321
"551","session1",-3.020674897583,12.469161939096,3.21009442589609,0.00119672725823712,0.561222158019421,0.410662623687761,0.417906059037711,6,1,100,0.309988758818787,0.569594468699321,6,4.7524513429116,0,-3.14138,245,0,0,20,"both",0.309988758818787,0.569594468699321
"552","session1",-3.020674897583,12.469161939096,3.21009442589609,0.00119672725823712,0.561222158019421,0.410662623687761,0.417906059037711,6,1,100,0.309988758818787,0.569594468699321,6,2.30701564935807,1,-7.86739,245,0,0,20,"both",0.309988758818787,0.569594468699321
"553","session1",-3.020674897583,12.469161939096,3.21009442589609,0.00119672725823712,0.561222158019421,0.410662623687761,0.417906059037711,6,1,100,0.309988758818787,0.569594468699321,6,5.36939500239983,1,-1.32168,245,0,0,20,"both",0.309988758818787,0.569594468699321
"554","session1",-3.020674897583,12.469161939096,3.21009442589609,0.00119672725823712,0.561222158019421,0.410662623687761,0.417906059037711,6,1,100,0.309988758818787,0.569594468699321,6,3.58577263381361,0,-4.34976,245,0,0,20,"both",0.309988758818787,0.569594468699321
"555","session1",-3.020674897583,12.469161939096,3.21009442589609,0.00119672725823712,0.561222158019421,0.410662623687761,0.417906059037711,6,1,100,0.309988758818787,0.569594468699321,6,3.50064415079411,0,-9.74529,245,0,0,20,"both",0.309988758818787,0.569594468699321
"556","session1",-3.020674897583,12.469161939096,3.21009442589609,0.00119672725823712,0.561222158019421,0.410662623687761,0.417906059037711,6,1,100,0.309988758818787,0.569594468699321,6,2.99642624710568,0,-3.31333,245,0,0,20,"both",0.309988758818787,0.569594468699321
"557","session1",-3.020674897583,12.469161939096,3.21009442589609,0.00119672725823712,0.561222158019421,0.410662623687761,0.417906059037711,6,1,100,0.309988758818787,0.569594468699321,6,7.45333033378333,0,-2.42577,245,0,0,20,"both",0.309988758818787,0.569594468699321
"558","session1",-3.020674897583,12.469161939096,3.21009442589609,0.00119672725823712,0.561222158019421,0.410662623687761,0.417906059037711,6,1,100,0.309988758818787,0.569594468699321,6,4.40629711667627,0,-0.25627,245,0,0,20,"both",0.309988758818787,0.569594468699321
"559","session1",-3.020674897583,12.469161939096,3.21009442589609,0.00119672725823712,0.561222158019421,0.410662623687761,0.417906059037711,6,1,100,0.309988758818787,0.569594468699321,6,3.69346296513837,1,-11.0356,245,0,0,20,"both",0.309988758818787,0.569594468699321
"560","session1",-3.020674897583,12.469161939096,3.21009442589609,0.00119672725823712,0.561222158019421,0.410662623687761,0.417906059037711,6,1,100,0.309988758818787,0.569594468699321,6,6.06903662372638,1,-3.04848,245,0,0,20,"both",0.309988758818787,0.569594468699321
"561","session1",-3.020674897583,12.469161939096,3.21009442589609,0.00119672725823712,0.561222158019421,0.410662623687761,0.417906059037711,6,1,100,0.309988758818787,0.569594468699321,6,5.52701848641246,1,-1.07648,245,0,0,20,"both",0.309988758818787,0.569594468699321
"562","session1",-3.020674897583,12.469161939096,3.21009442589609,0.00119672725823712,0.561222158019421,0.410662623687761,0.417906059037711,6,1,100,0.309988758818787,0.569594468699321,6,3.67792965600419,1,-12.42653,245,0,0,20,"both",0.309988758818787,0.569594468699321
"563","session1",-3.020674897583,12.469161939096,3.21009442589609,0.00119672725823712,0.561222158019421,0.410662623687761,0.417906059037711,6,1,100,0.309988758818787,0.569594468699321,6,2.03676458375357,1,16.18343,245,0,0,20,"both",0.309988758818787,0.569594468699321
"564","session1",-3.020674897583,12.469161939096,3.21009442589609,0.00119672725823712,0.561222158019421,0.410662623687761,0.417906059037711,6,1,100,0.309988758818787,0.569594468699321,6,4.31178324916355,0,-10.03926,245,0,0,20,"both",0.309988758818787,0.569594468699321
"565","session1",-3.020674897583,12.469161939096,3.21009442589609,0.00119672725823712,0.561222158019421,0.410662623687761,0.417906059037711,6,1,100,0.309988758818787,0.569594468699321,6,5.72960009886569,1,1.44286,245,0,0,20,"both",0.309988758818787,0.569594468699321
"566","session1",-3.020674897583,12.469161939096,3.21009442589609,0.00119672725823712,0.561222158019421,0.410662623687761,0.417906059037711,6,1,100,0.309988758818787,0.569594468699321,6,4.79257404004701,0,1.66033,245,0,0,20,"both",0.309988758818787,0.569594468699321
"567","session1",-3.020674897583,12.469161939096,3.21009442589609,0.00119672725823712,0.561222158019421,0.410662623687761,0.417906059037711,6,1,100,0.309988758818787,0.569594468699321,6,2.85349171423093,0,-9.05098,245,0,0,20,"both",0.309988758818787,0.569594468699321
"568","session1",-3.020674897583,12.469161939096,3.21009442589609,0.00119672725823712,0.561222158019421,0.410662623687761,0.417906059037711,6,1,100,0.309988758818787,0.569594468699321,6,2.01207431127415,1,0.0703200000000002,245,0,0,20,"both",0.309988758818787,0.569594468699321
"569","session1",-3.020674897583,12.469161939096,3.21009442589609,0.00119672725823712,0.561222158019421,0.410662623687761,0.417906059037711,6,1,100,0.309988758818787,0.569594468699321,6,3.25212490409747,1,5.10346,245,0,0,20,"both",0.309988758818787,0.569594468699321
"570","session1",-3.020674897583,12.469161939096,3.21009442589609,0.00119672725823712,0.561222158019421,0.410662623687761,0.417906059037711,6,1,100,0.309988758818787,0.569594468699321,6,5.35195385425274,1,-0.502870000000001,245,0,0,20,"both",0.309988758818787,0.569594468699321
"571","session1",-3.020674897583,12.469161939096,3.21009442589609,0.00119672725823712,0.561222158019421,0.410662623687761,0.417906059037711,6,1,100,0.309988758818787,0.569594468699321,6,2.31012043258323,0,2.57941,245,0,0,20,"both",0.309988758818787,0.569594468699321
"572","session1",-3.020674897583,12.469161939096,3.21009442589609,0.00119672725823712,0.561222158019421,0.410662623687761,0.417906059037711,6,1,100,0.309988758818787,0.569594468699321,6,4.74180597184152,1,0.1269,245,0,0,20,"both",0.309988758818787,0.569594468699321
"573","session1",-3.020674897583,12.469161939096,3.21009442589609,0.00119672725823712,0.561222158019421,0.410662623687761,0.417906059037711,6,1,100,0.309988758818787,0.569594468699321,6,3.43499592592264,0,-13.52164,245,0,0,20,"both",0.309988758818787,0.569594468699321
"574","session1",-3.020674897583,12.469161939096,3.21009442589609,0.00119672725823712,0.561222158019421,0.410662623687761,0.417906059037711,6,1,100,0.309988758818787,0.569594468699321,6,2.47543415768941,0,-12.92357,245,0,0,20,"both",0.309988758818787,0.569594468699321
"575","session1",-3.020674897583,12.469161939096,3.21009442589609,0.00119672725823712,0.561222158019421,0.410662623687761,0.417906059037711,6,1,100,0.309988758818787,0.569594468699321,6,2.85364974948581,0,-11.23312,245,0,0,20,"both",0.309988758818787,0.569594468699321
"576","session1",-3.020674897583,12.469161939096,3.21009442589609,0.00119672725823712,0.561222158019421,0.410662623687761,0.417906059037711,6,1,100,0.309988758818787,0.569594468699321,6,4.07139416770666,1,6.70983,245,0,0,20,"both",0.309988758818787,0.569594468699321
"577","session1",-3.020674897583,12.469161939096,3.21009442589609,0.00119672725823712,0.561222158019421,0.410662623687761,0.417906059037711,6,1,100,0.309988758818787,0.569594468699321,6,3.1030262903549,0,-11.30849,245,0,0,20,"both",0.309988758818787,0.569594468699321
"578","session1",-3.020674897583,12.469161939096,3.21009442589609,0.00119672725823712,0.561222158019421,0.410662623687761,0.417906059037711,6,1,100,0.309988758818787,0.569594468699321,6,5.87227840065473,1,-0.74261,245,0,0,20,"both",0.309988758818787,0.569594468699321
"579","session1",-3.020674897583,12.469161939096,3.21009442589609,0.00119672725823712,0.561222158019421,0.410662623687761,0.417906059037711,6,1,100,0.309988758818787,0.569594468699321,6,3.33485672859662,0,-11.9213,245,0,0,20,"both",0.309988758818787,0.569594468699321
"580","session1",-3.020674897583,12.469161939096,3.21009442589609,0.00119672725823712,0.561222158019421,0.410662623687761,0.417906059037711,6,1,100,0.309988758818787,0.569594468699321,6,4.78831481963124,1,-1.18178,245,0,0,20,"both",0.309988758818787,0.569594468699321
"581","session1",-3.020674897583,12.469161939096,3.21009442589609,0.00119672725823712,0.561222158019421,0.410662623687761,0.417906059037711,6,1,100,0.309988758818787,0.569594468699321,6,8,0,-11.70359,245,0,0,20,"both",0.309988758818787,0.569594468699321
"582","session1",-3.020674897583,12.469161939096,3.21009442589609,0.00119672725823712,0.561222158019421,0.410662623687761,0.417906059037711,6,1,100,0.309988758818787,0.569594468699321,6,4.14188170091965,0,-9.98894,245,0,0,20,"both",0.309988758818787,0.569594468699321
"583","session1",-3.020674897583,12.469161939096,3.21009442589609,0.00119672725823712,0.561222158019421,0.410662623687761,0.417906059037711,6,1,100,0.309988758818787,0.569594468699321,6,5.16537612767768,1,0.82097,245,0,0,20,"both",0.309988758818787,0.569594468699321
"584","session1",-3.020674897583,12.469161939096,3.21009442589609,0.00119672725823712,0.561222158019421,0.410662623687761,0.417906059037711,6,1,100,0.309988758818787,0.569594468699321,6,8,1,0.8178,245,0,0,20,"both",0.309988758818787,0.569594468699321
"585","session1",-3.020674897583,12.469161939096,3.21009442589609,0.00119672725823712,0.561222158019421,0.410662623687761,0.417906059037711,6,1,100,0.309988758818787,0.569594468699321,6,2.80120118073606,0,-1.65674,245,0,0,20,"both",0.309988758818787,0.569594468699321
"586","session1",-3.020674897583,12.469161939096,3.21009442589609,0.00119672725823712,0.561222158019421,0.410662623687761,0.417906059037711,6,1,100,0.309988758818787,0.569594468699321,6,8,0,-4.24437,245,0,0,20,"both",0.309988758818787,0.569594468699321
"587","session1",-3.020674897583,12.469161939096,3.21009442589609,0.00119672725823712,0.561222158019421,0.410662623687761,0.417906059037711,6,1,100,0.309988758818787,0.569594468699321,6,8,1,-3.28113,245,0,0,20,"both",0.309988758818787,0.569594468699321
"588","session1",-3.020674897583,12.469161939096,3.21009442589609,0.00119672725823712,0.561222158019421,0.410662623687761,0.417906059037711,6,1,100,0.309988758818787,0.569594468699321,6,5.98795746510945,0,-9.6414,245,0,0,20,"both",0.309988758818787,0.569594468699321
"589","session1",-3.020674897583,12.469161939096,3.21009442589609,0.00119672725823712,0.561222158019421,0.410662623687761,0.417906059037711,6,1,100,0.309988758818787,0.569594468699321,6,3.11390352502405,0,-10.17709,245,0,0,20,"both",0.309988758818787,0.569594468699321
"590","session1",-3.020674897583,12.469161939096,3.21009442589609,0.00119672725823712,0.561222158019421,0.410662623687761,0.417906059037711,6,1,100,0.309988758818787,0.569594468699321,6,2.60647556235873,1,-10.32095,245,0,0,20,"both",0.309988758818787,0.569594468699321
"591","session1",-3.020674897583,12.469161939096,3.21009442589609,0.00119672725823712,0.561222158019421,0.410662623687761,0.417906059037711,6,1,100,0.309988758818787,0.569594468699321,6,2.69302557577748,1,-0.506,245,0,0,20,"both",0.309988758818787,0.569594468699321
"592","session1",-3.020674897583,12.469161939096,3.21009442589609,0.00119672725823712,0.561222158019421,0.410662623687761,0.417906059037711,6,1,100,0.309988758818787,0.569594468699321,6,5.04755796975388,1,-1.54422,245,0,0,20,"both",0.309988758818787,0.569594468699321
"593","session1",-3.020674897583,12.469161939096,3.21009442589609,0.00119672725823712,0.561222158019421,0.410662623687761,0.417906059037711,6,1,100,0.309988758818787,0.569594468699321,6,3.81610737763317,1,-2.04734,245,0,0,20,"both",0.309988758818787,0.569594468699321
"594","session1",-3.020674897583,12.469161939096,3.21009442589609,0.00119672725823712,0.561222158019421,0.410662623687761,0.417906059037711,6,1,100,0.309988758818787,0.569594468699321,6,4.4243224141475,0,-12.8837,245,0,0,20,"both",0.309988758818787,0.569594468699321
"595","session1",-3.020674897583,12.469161939096,3.21009442589609,0.00119672725823712,0.561222158019421,0.410662623687761,0.417906059037711,6,1,100,0.309988758818787,0.569594468699321,6,3.58989716866437,0,-11.27804,245,0,0,20,"both",0.309988758818787,0.569594468699321
"596","session1",-3.020674897583,12.469161939096,3.21009442589609,0.00119672725823712,0.561222158019421,0.410662623687761,0.417906059037711,6,1,100,0.309988758818787,0.569594468699321,6,6.96017083957271,0,-13.13797,245,0,0,20,"both",0.309988758818787,0.569594468699321
"597","session1",-3.020674897583,12.469161939096,3.21009442589609,0.00119672725823712,0.561222158019421,0.410662623687761,0.417906059037711,6,1,100,0.309988758818787,0.569594468699321,6,8,0,-6.25064,245,0,0,20,"both",0.309988758818787,0.569594468699321
"598","session1",-3.020674897583,12.469161939096,3.21009442589609,0.00119672725823712,0.561222158019421,0.410662623687761,0.417906059037711,6,1,100,0.309988758818787,0.569594468699321,6,2.84928802516445,0,-14.22383,245,0,0,20,"both",0.309988758818787,0.569594468699321
"599","session1",-3.020674897583,12.469161939096,3.21009442589609,0.00119672725823712,0.561222158019421,0.410662623687761,0.417906059037711,6,1,100,0.309988758818787,0.569594468699321,6,5.81923258039324,1,0.76599,245,0,0,20,"both",0.309988758818787,0.569594468699321
"600","session1",-3.020674897583,12.469161939096,3.21009442589609,0.00119672725823712,0.561222158019421,0.410662623687761,0.417906059037711,6,1,100,0.309988758818787,0.569594468699321,6,5.04002690877362,0,0.313370000000001,245,0,0,20,"both",0.309988758818787,0.569594468699321
"601","session1",-12.9869760803703,10.0420062021136,3.64557515686838,9.8025188502495e-05,0.107509989215309,0.617552075358634,0.526764833113039,7,1,100,0.309988758818787,0.569594468699321,7,5.13507271668199,1,-11.67152231306,245,0,0,20,"both",0.309988758818787,0.569594468699321
"602","session1",-12.9869760803703,10.0420062021136,3.64557515686838,9.8025188502495e-05,0.107509989215309,0.617552075358634,0.526764833113039,7,1,100,0.309988758818787,0.569594468699321,7,4.65181397247864,0,-8.1918091137,245,0,0,20,"both",0.309988758818787,0.569594468699321
"603","session1",-12.9869760803703,10.0420062021136,3.64557515686838,9.8025188502495e-05,0.107509989215309,0.617552075358634,0.526764833113039,7,1,100,0.309988758818787,0.569594468699321,7,3.04565211116446,1,-0.9725392285,245,0,0,20,"both",0.309988758818787,0.569594468699321
"604","session1",-12.9869760803703,10.0420062021136,3.64557515686838,9.8025188502495e-05,0.107509989215309,0.617552075358634,0.526764833113039,7,1,100,0.309988758818787,0.569594468699321,7,2.79501172473977,1,-7.7978144719,245,0,0,20,"both",0.309988758818787,0.569594468699321
"605","session1",-12.9869760803703,10.0420062021136,3.64557515686838,9.8025188502495e-05,0.107509989215309,0.617552075358634,0.526764833113039,7,1,100,0.309988758818787,0.569594468699321,7,2.45415521803768,0,-6.51135,245,0,0,20,"both",0.309988758818787,0.569594468699321
"606","session1",-12.9869760803703,10.0420062021136,3.64557515686838,9.8025188502495e-05,0.107509989215309,0.617552075358634,0.526764833113039,7,1,100,0.309988758818787,0.569594468699321,7,1.73727893062936,1,-7.0584609261,245,0,0,20,"both",0.309988758818787,0.569594468699321
"607","session1",-12.9869760803703,10.0420062021136,3.64557515686838,9.8025188502495e-05,0.107509989215309,0.617552075358634,0.526764833113039,7,1,100,0.309988758818787,0.569594468699321,7,2.23365871913141,0,-29.7291,245,0,0,20,"both",0.309988758818787,0.569594468699321
"608","session1",-12.9869760803703,10.0420062021136,3.64557515686838,9.8025188502495e-05,0.107509989215309,0.617552075358634,0.526764833113039,7,1,100,0.309988758818787,0.569594468699321,7,3.92758730896823,0,-22.45337,245,0,0,20,"both",0.309988758818787,0.569594468699321
"609","session1",-12.9869760803703,10.0420062021136,3.64557515686838,9.8025188502495e-05,0.107509989215309,0.617552075358634,0.526764833113039,7,1,100,0.309988758818787,0.569594468699321,7,5.50978016132608,1,-1.39018,245,0,0,20,"both",0.309988758818787,0.569594468699321
"610","session1",-12.9869760803703,10.0420062021136,3.64557515686838,9.8025188502495e-05,0.107509989215309,0.617552075358634,0.526764833113039,7,1,100,0.309988758818787,0.569594468699321,7,7.03992403337049,0,-8.8358535717,245,0,0,20,"both",0.309988758818787,0.569594468699321
"611","session1",-12.9869760803703,10.0420062021136,3.64557515686838,9.8025188502495e-05,0.107509989215309,0.617552075358634,0.526764833113039,7,1,100,0.309988758818787,0.569594468699321,7,2.72756533738481,1,-17.27662,245,0,0,20,"both",0.309988758818787,0.569594468699321
"612","session1",-12.9869760803703,10.0420062021136,3.64557515686838,9.8025188502495e-05,0.107509989215309,0.617552075358634,0.526764833113039,7,1,100,0.309988758818787,0.569594468699321,7,1.75136196566696,0,-18.58956,245,0,0,20,"both",0.309988758818787,0.569594468699321
"613","session1",-12.9869760803703,10.0420062021136,3.64557515686838,9.8025188502495e-05,0.107509989215309,0.617552075358634,0.526764833113039,7,1,100,0.309988758818787,0.569594468699321,7,1.09343841117663,1,18.20837,245,0,0,20,"both",0.309988758818787,0.569594468699321
"614","session1",-12.9869760803703,10.0420062021136,3.64557515686838,9.8025188502495e-05,0.107509989215309,0.617552075358634,0.526764833113039,7,1,100,0.309988758818787,0.569594468699321,7,1.36117938364109,1,8.63138,245,0,0,20,"both",0.309988758818787,0.569594468699321
"615","session1",-12.9869760803703,10.0420062021136,3.64557515686838,9.8025188502495e-05,0.107509989215309,0.617552075358634,0.526764833113039,7,1,100,0.309988758818787,0.569594468699321,7,1.07795787993968,0,-49.5798,245,0,0,20,"both",0.309988758818787,0.569594468699321
"616","session1",-12.9869760803703,10.0420062021136,3.64557515686838,9.8025188502495e-05,0.107509989215309,0.617552075358634,0.526764833113039,7,1,100,0.309988758818787,0.569594468699321,7,4.13802348388362,0,-10.3711635814,245,0,0,20,"both",0.309988758818787,0.569594468699321
"617","session1",-12.9869760803703,10.0420062021136,3.64557515686838,9.8025188502495e-05,0.107509989215309,0.617552075358634,0.526764833113039,7,1,100,0.309988758818787,0.569594468699321,7,1.5926537435417,1,-8.75925762804,245,0,0,20,"both",0.309988758818787,0.569594468699321
"618","session1",-12.9869760803703,10.0420062021136,3.64557515686838,9.8025188502495e-05,0.107509989215309,0.617552075358634,0.526764833113039,7,1,100,0.309988758818787,0.569594468699321,7,2.34663693769182,1,2.10396,245,0,0,20,"both",0.309988758818787,0.569594468699321
"619","session1",-12.9869760803703,10.0420062021136,3.64557515686838,9.8025188502495e-05,0.107509989215309,0.617552075358634,0.526764833113039,7,1,100,0.309988758818787,0.569594468699321,7,5.27181460472429,0,-11.173289078,245,0,0,20,"both",0.309988758818787,0.569594468699321
"620","session1",-12.9869760803703,10.0420062021136,3.64557515686838,9.8025188502495e-05,0.107509989215309,0.617552075358634,0.526764833113039,7,1,100,0.309988758818787,0.569594468699321,7,5.45825515436065,1,5.19971,245,0,0,20,"both",0.309988758818787,0.569594468699321
"621","session1",-12.9869760803703,10.0420062021136,3.64557515686838,9.8025188502495e-05,0.107509989215309,0.617552075358634,0.526764833113039,7,1,100,0.309988758818787,0.569594468699321,7,1.58076186984745,0,-19.34484,245,0,0,20,"both",0.309988758818787,0.569594468699321
"622","session1",-12.9869760803703,10.0420062021136,3.64557515686838,9.8025188502495e-05,0.107509989215309,0.617552075358634,0.526764833113039,7,1,100,0.309988758818787,0.569594468699321,7,2.00645360963819,1,11.17304,245,0,0,20,"both",0.309988758818787,0.569594468699321
"623","session1",-12.9869760803703,10.0420062021136,3.64557515686838,9.8025188502495e-05,0.107509989215309,0.617552075358634,0.526764833113039,7,1,100,0.309988758818787,0.569594468699321,7,2.68778204425452,0,-14.85754,245,0,0,20,"both",0.309988758818787,0.569594468699321
"624","session1",-12.9869760803703,10.0420062021136,3.64557515686838,9.8025188502495e-05,0.107509989215309,0.617552075358634,0.526764833113039,7,1,100,0.309988758818787,0.569594468699321,7,5.05168355883485,0,-13.50969,245,0,0,20,"both",0.309988758818787,0.569594468699321
"625","session1",-12.9869760803703,10.0420062021136,3.64557515686838,9.8025188502495e-05,0.107509989215309,0.617552075358634,0.526764833113039,7,1,100,0.309988758818787,0.569594468699321,7,2.2088535673402,1,-0.97776,245,0,0,20,"both",0.309988758818787,0.569594468699321
"626","session1",-12.9869760803703,10.0420062021136,3.64557515686838,9.8025188502495e-05,0.107509989215309,0.617552075358634,0.526764833113039,7,1,100,0.309988758818787,0.569594468699321,7,2.40618108093002,1,-8.05873,245,0,0,20,"both",0.309988758818787,0.569594468699321
"627","session1",-12.9869760803703,10.0420062021136,3.64557515686838,9.8025188502495e-05,0.107509989215309,0.617552075358634,0.526764833113039,7,1,100,0.309988758818787,0.569594468699321,7,2.8529402705556,1,-8.53505,245,0,0,20,"both",0.309988758818787,0.569594468699321
"628","session1",-12.9869760803703,10.0420062021136,3.64557515686838,9.8025188502495e-05,0.107509989215309,0.617552075358634,0.526764833113039,7,1,100,0.309988758818787,0.569594468699321,7,2.55565879914584,1,-4.28021,245,0,0,20,"both",0.309988758818787,0.569594468699321
"629","session1",-12.9869760803703,10.0420062021136,3.64557515686838,9.8025188502495e-05,0.107509989215309,0.617552075358634,0.526764833113039,7,1,100,0.309988758818787,0.569594468699321,7,4.19680001867062,1,-18.06087,245,0,0,20,"both",0.309988758818787,0.569594468699321
"630","session1",-12.9869760803703,10.0420062021136,3.64557515686838,9.8025188502495e-05,0.107509989215309,0.617552075358634,0.526764833113039,7,1,100,0.309988758818787,0.569594468699321,7,2.63089726586062,1,-6.13937,245,0,0,20,"both",0.309988758818787,0.569594468699321
"631","session1",-12.9869760803703,10.0420062021136,3.64557515686838,9.8025188502495e-05,0.107509989215309,0.617552075358634,0.526764833113039,7,1,100,0.309988758818787,0.569594468699321,7,2.16361623529055,0,-16.78009,245,0,0,20,"both",0.309988758818787,0.569594468699321
"632","session1",-12.9869760803703,10.0420062021136,3.64557515686838,9.8025188502495e-05,0.107509989215309,0.617552075358634,0.526764833113039,7,1,100,0.309988758818787,0.569594468699321,7,3.81079225396409,1,-1.6967,245,0,0,20,"both",0.309988758818787,0.569594468699321
"633","session1",-12.9869760803703,10.0420062021136,3.64557515686838,9.8025188502495e-05,0.107509989215309,0.617552075358634,0.526764833113039,7,1,100,0.309988758818787,0.569594468699321,7,2.71365050899065,1,-5.30422,245,0,0,20,"both",0.309988758818787,0.569594468699321
"634","session1",-12.9869760803703,10.0420062021136,3.64557515686838,9.8025188502495e-05,0.107509989215309,0.617552075358634,0.526764833113039,7,1,100,0.309988758818787,0.569594468699321,7,3.94773007526502,0,-18.80966,245,0,0,20,"both",0.309988758818787,0.569594468699321
"635","session1",-12.9869760803703,10.0420062021136,3.64557515686838,9.8025188502495e-05,0.107509989215309,0.617552075358634,0.526764833113039,7,1,100,0.309988758818787,0.569594468699321,7,1.4369952522768,0,-16.87744,245,0,0,20,"both",0.309988758818787,0.569594468699321
"636","session1",-12.9869760803703,10.0420062021136,3.64557515686838,9.8025188502495e-05,0.107509989215309,0.617552075358634,0.526764833113039,7,1,100,0.309988758818787,0.569594468699321,7,1.54668671659769,1,-5.54477,245,0,0,20,"both",0.309988758818787,0.569594468699321
"637","session1",-12.9869760803703,10.0420062021136,3.64557515686838,9.8025188502495e-05,0.107509989215309,0.617552075358634,0.526764833113039,7,1,100,0.309988758818787,0.569594468699321,7,8,0,-10.60641,245,0,0,20,"both",0.309988758818787,0.569594468699321
"638","session1",-12.9869760803703,10.0420062021136,3.64557515686838,9.8025188502495e-05,0.107509989215309,0.617552075358634,0.526764833113039,7,1,100,0.309988758818787,0.569594468699321,7,4.58474334887277,1,-11.96901,245,0,0,20,"both",0.309988758818787,0.569594468699321
"639","session1",-12.9869760803703,10.0420062021136,3.64557515686838,9.8025188502495e-05,0.107509989215309,0.617552075358634,0.526764833113039,7,1,100,0.309988758818787,0.569594468699321,7,2.69413868004187,0,-15.42027,245,0,0,20,"both",0.309988758818787,0.569594468699321
"640","session1",-12.9869760803703,10.0420062021136,3.64557515686838,9.8025188502495e-05,0.107509989215309,0.617552075358634,0.526764833113039,7,1,100,0.309988758818787,0.569594468699321,7,3.79392680612127,0,-18.68027,245,0,0,20,"both",0.309988758818787,0.569594468699321
"641","session1",-12.9869760803703,10.0420062021136,3.64557515686838,9.8025188502495e-05,0.107509989215309,0.617552075358634,0.526764833113039,7,1,100,0.309988758818787,0.569594468699321,7,1.0725830541494,1,9.321,245,0,0,20,"both",0.309988758818787,0.569594468699321
"642","session1",-12.9869760803703,10.0420062021136,3.64557515686838,9.8025188502495e-05,0.107509989215309,0.617552075358634,0.526764833113039,7,1,100,0.309988758818787,0.569594468699321,7,5.1417729112543,0,-18.501,245,0,0,20,"both",0.309988758818787,0.569594468699321
"643","session1",-12.9869760803703,10.0420062021136,3.64557515686838,9.8025188502495e-05,0.107509989215309,0.617552075358634,0.526764833113039,7,1,100,0.309988758818787,0.569594468699321,7,2.87258047171228,1,-16.54088,245,0,0,20,"both",0.309988758818787,0.569594468699321
"644","session1",-12.9869760803703,10.0420062021136,3.64557515686838,9.8025188502495e-05,0.107509989215309,0.617552075358634,0.526764833113039,7,1,100,0.309988758818787,0.569594468699321,7,3.36857046176135,0,-3.44216,245,0,0,20,"both",0.309988758818787,0.569594468699321
"645","session1",-12.9869760803703,10.0420062021136,3.64557515686838,9.8025188502495e-05,0.107509989215309,0.617552075358634,0.526764833113039,7,1,100,0.309988758818787,0.569594468699321,7,1.28116174629289,0,-6.32983,245,0,0,20,"both",0.309988758818787,0.569594468699321
"646","session1",-12.9869760803703,10.0420062021136,3.64557515686838,9.8025188502495e-05,0.107509989215309,0.617552075358634,0.526764833113039,7,1,100,0.309988758818787,0.569594468699321,7,1.03434937215436,0,-25.3583,245,0,0,20,"both",0.309988758818787,0.569594468699321
"647","session1",-12.9869760803703,10.0420062021136,3.64557515686838,9.8025188502495e-05,0.107509989215309,0.617552075358634,0.526764833113039,7,1,100,0.309988758818787,0.569594468699321,7,3.19917564173756,0,-18.21413,245,0,0,20,"both",0.309988758818787,0.569594468699321
"648","session1",-12.9869760803703,10.0420062021136,3.64557515686838,9.8025188502495e-05,0.107509989215309,0.617552075358634,0.526764833113039,7,1,100,0.309988758818787,0.569594468699321,7,3.10786233928953,0,3.8302,245,0,0,20,"both",0.309988758818787,0.569594468699321
"649","session1",-12.9869760803703,10.0420062021136,3.64557515686838,9.8025188502495e-05,0.107509989215309,0.617552075358634,0.526764833113039,7,1,100,0.309988758818787,0.569594468699321,7,1.96888862710882,0,-2.63119,245,0,0,20,"both",0.309988758818787,0.569594468699321
"650","session1",-12.9869760803703,10.0420062021136,3.64557515686838,9.8025188502495e-05,0.107509989215309,0.617552075358634,0.526764833113039,7,1,100,0.309988758818787,0.569594468699321,7,1.05417275086709,1,9.72244,245,0,0,20,"both",0.309988758818787,0.569594468699321
"651","session1",-12.9869760803703,10.0420062021136,3.64557515686838,9.8025188502495e-05,0.107509989215309,0.617552075358634,0.526764833113039,7,1,100,0.309988758818787,0.569594468699321,7,1.61643830641396,1,-1.82022,245,0,0,20,"both",0.309988758818787,0.569594468699321
"652","session1",-12.9869760803703,10.0420062021136,3.64557515686838,9.8025188502495e-05,0.107509989215309,0.617552075358634,0.526764833113039,7,1,100,0.309988758818787,0.569594468699321,7,2.87823067033273,1,-0.500220000000001,245,0,0,20,"both",0.309988758818787,0.569594468699321
"653","session1",-12.9869760803703,10.0420062021136,3.64557515686838,9.8025188502495e-05,0.107509989215309,0.617552075358634,0.526764833113039,7,1,100,0.309988758818787,0.569594468699321,7,3.8573397833029,0,-16.28272,245,0,0,20,"both",0.309988758818787,0.569594468699321
"654","session1",-12.9869760803703,10.0420062021136,3.64557515686838,9.8025188502495e-05,0.107509989215309,0.617552075358634,0.526764833113039,7,1,100,0.309988758818787,0.569594468699321,7,8,1,-12.9322,245,0,0,20,"both",0.309988758818787,0.569594468699321
"655","session1",-12.9869760803703,10.0420062021136,3.64557515686838,9.8025188502495e-05,0.107509989215309,0.617552075358634,0.526764833113039,7,1,100,0.309988758818787,0.569594468699321,7,4.49585719351447,1,-18.00054,245,0,0,20,"both",0.309988758818787,0.569594468699321
"656","session1",-12.9869760803703,10.0420062021136,3.64557515686838,9.8025188502495e-05,0.107509989215309,0.617552075358634,0.526764833113039,7,1,100,0.309988758818787,0.569594468699321,7,2.33726746840438,0,-28.5978,245,0,0,20,"both",0.309988758818787,0.569594468699321
"657","session1",-12.9869760803703,10.0420062021136,3.64557515686838,9.8025188502495e-05,0.107509989215309,0.617552075358634,0.526764833113039,7,1,100,0.309988758818787,0.569594468699321,7,2.00209063010703,1,1.93674,245,0,0,20,"both",0.309988758818787,0.569594468699321
"658","session1",-12.9869760803703,10.0420062021136,3.64557515686838,9.8025188502495e-05,0.107509989215309,0.617552075358634,0.526764833113039,7,1,100,0.309988758818787,0.569594468699321,7,1.6142074194714,0,-31.9267,245,0,0,20,"both",0.309988758818787,0.569594468699321
"659","session1",-12.9869760803703,10.0420062021136,3.64557515686838,9.8025188502495e-05,0.107509989215309,0.617552075358634,0.526764833113039,7,1,100,0.309988758818787,0.569594468699321,7,1.3510434529282,1,0.363099999999999,245,0,0,20,"both",0.309988758818787,0.569594468699321
"660","session1",-12.9869760803703,10.0420062021136,3.64557515686838,9.8025188502495e-05,0.107509989215309,0.617552075358634,0.526764833113039,7,1,100,0.309988758818787,0.569594468699321,7,1.42664919684536,1,-1.0927,245,0,0,20,"both",0.309988758818787,0.569594468699321
"661","session1",-12.9869760803703,10.0420062021136,3.64557515686838,9.8025188502495e-05,0.107509989215309,0.617552075358634,0.526764833113039,7,1,100,0.309988758818787,0.569594468699321,7,6.1099191864081,0,-11.15606,245,0,0,20,"both",0.309988758818787,0.569594468699321
"662","session1",-12.9869760803703,10.0420062021136,3.64557515686838,9.8025188502495e-05,0.107509989215309,0.617552075358634,0.526764833113039,7,1,100,0.309988758818787,0.569594468699321,7,2.55334893768959,0,-23.0322,245,0,0,20,"both",0.309988758818787,0.569594468699321
"663","session1",-12.9869760803703,10.0420062021136,3.64557515686838,9.8025188502495e-05,0.107509989215309,0.617552075358634,0.526764833113039,7,1,100,0.309988758818787,0.569594468699321,7,4.67765638133241,1,-3.43109,245,0,0,20,"both",0.309988758818787,0.569594468699321
"664","session1",-12.9869760803703,10.0420062021136,3.64557515686838,9.8025188502495e-05,0.107509989215309,0.617552075358634,0.526764833113039,7,1,100,0.309988758818787,0.569594468699321,7,2.75764780689885,1,-14.83411,245,0,0,20,"both",0.309988758818787,0.569594468699321
"665","session1",-12.9869760803703,10.0420062021136,3.64557515686838,9.8025188502495e-05,0.107509989215309,0.617552075358634,0.526764833113039,7,1,100,0.309988758818787,0.569594468699321,7,2.48066036192961,1,-4.00996,245,0,0,20,"both",0.309988758818787,0.569594468699321
"666","session1",-12.9869760803703,10.0420062021136,3.64557515686838,9.8025188502495e-05,0.107509989215309,0.617552075358634,0.526764833113039,7,1,100,0.309988758818787,0.569594468699321,7,1.62798961219695,1,-5.53858,245,0,0,20,"both",0.309988758818787,0.569594468699321
"667","session1",-12.9869760803703,10.0420062021136,3.64557515686838,9.8025188502495e-05,0.107509989215309,0.617552075358634,0.526764833113039,7,1,100,0.309988758818787,0.569594468699321,7,1.69573785170861,1,2.0982,245,0,0,20,"both",0.309988758818787,0.569594468699321
"668","session1",-12.9869760803703,10.0420062021136,3.64557515686838,9.8025188502495e-05,0.107509989215309,0.617552075358634,0.526764833113039,7,1,100,0.309988758818787,0.569594468699321,7,2.20402201527662,1,-6.98064,245,0,0,20,"both",0.309988758818787,0.569594468699321
"669","session1",-12.9869760803703,10.0420062021136,3.64557515686838,9.8025188502495e-05,0.107509989215309,0.617552075358634,0.526764833113039,7,1,100,0.309988758818787,0.569594468699321,7,3.05424692787549,1,-23.07094,245,0,0,20,"both",0.309988758818787,0.569594468699321
"670","session1",-12.9869760803703,10.0420062021136,3.64557515686838,9.8025188502495e-05,0.107509989215309,0.617552075358634,0.526764833113039,7,1,100,0.309988758818787,0.569594468699321,7,5.28961489059541,1,-3.4639,245,0,0,20,"both",0.309988758818787,0.569594468699321
"671","session1",-12.9869760803703,10.0420062021136,3.64557515686838,9.8025188502495e-05,0.107509989215309,0.617552075358634,0.526764833113039,7,1,100,0.309988758818787,0.569594468699321,7,8,1,-6.07453,245,0,0,20,"both",0.309988758818787,0.569594468699321
"672","session1",-12.9869760803703,10.0420062021136,3.64557515686838,9.8025188502495e-05,0.107509989215309,0.617552075358634,0.526764833113039,7,1,100,0.309988758818787,0.569594468699321,7,1.55326254977855,0,-16.68036,245,0,0,20,"both",0.309988758818787,0.569594468699321
"673","session1",-12.9869760803703,10.0420062021136,3.64557515686838,9.8025188502495e-05,0.107509989215309,0.617552075358634,0.526764833113039,7,1,100,0.309988758818787,0.569594468699321,7,1.49446431883171,0,-21.90317,245,0,0,20,"both",0.309988758818787,0.569594468699321
"674","session1",-12.9869760803703,10.0420062021136,3.64557515686838,9.8025188502495e-05,0.107509989215309,0.617552075358634,0.526764833113039,7,1,100,0.309988758818787,0.569594468699321,7,2.23300412450759,0,-5.1596,245,0,0,20,"both",0.309988758818787,0.569594468699321
"675","session1",-12.9869760803703,10.0420062021136,3.64557515686838,9.8025188502495e-05,0.107509989215309,0.617552075358634,0.526764833113039,7,1,100,0.309988758818787,0.569594468699321,7,2.37062391830139,1,-1.1577,245,0,0,20,"both",0.309988758818787,0.569594468699321
"676","session1",-12.9869760803703,10.0420062021136,3.64557515686838,9.8025188502495e-05,0.107509989215309,0.617552075358634,0.526764833113039,7,1,100,0.309988758818787,0.569594468699321,7,0.97595756409253,0,-21.39834,245,0,0,20,"both",0.309988758818787,0.569594468699321
"677","session1",-12.9869760803703,10.0420062021136,3.64557515686838,9.8025188502495e-05,0.107509989215309,0.617552075358634,0.526764833113039,7,1,100,0.309988758818787,0.569594468699321,7,1.65195590961569,1,19.59059,245,0,0,20,"both",0.309988758818787,0.569594468699321
"678","session1",-12.9869760803703,10.0420062021136,3.64557515686838,9.8025188502495e-05,0.107509989215309,0.617552075358634,0.526764833113039,7,1,100,0.309988758818787,0.569594468699321,7,6.31451989236254,0,-18.16893,245,0,0,20,"both",0.309988758818787,0.569594468699321
"679","session1",-12.9869760803703,10.0420062021136,3.64557515686838,9.8025188502495e-05,0.107509989215309,0.617552075358634,0.526764833113039,7,1,100,0.309988758818787,0.569594468699321,7,1.60711204265493,0,4.0688,245,0,0,20,"both",0.309988758818787,0.569594468699321
"680","session1",-12.9869760803703,10.0420062021136,3.64557515686838,9.8025188502495e-05,0.107509989215309,0.617552075358634,0.526764833113039,7,1,100,0.309988758818787,0.569594468699321,7,1.62609885625438,0,-21.47994,245,0,0,20,"both",0.309988758818787,0.569594468699321
"681","session1",-12.9869760803703,10.0420062021136,3.64557515686838,9.8025188502495e-05,0.107509989215309,0.617552075358634,0.526764833113039,7,1,100,0.309988758818787,0.569594468699321,7,4.41533735955728,0,-1.1927,245,0,0,20,"both",0.309988758818787,0.569594468699321
"682","session1",-12.9869760803703,10.0420062021136,3.64557515686838,9.8025188502495e-05,0.107509989215309,0.617552075358634,0.526764833113039,7,1,100,0.309988758818787,0.569594468699321,7,1.21713514663281,0,-31.0754,245,0,0,20,"both",0.309988758818787,0.569594468699321
"683","session1",-12.9869760803703,10.0420062021136,3.64557515686838,9.8025188502495e-05,0.107509989215309,0.617552075358634,0.526764833113039,7,1,100,0.309988758818787,0.569594468699321,7,3.71972376627545,1,-1.42995,245,0,0,20,"both",0.309988758818787,0.569594468699321
"684","session1",-12.9869760803703,10.0420062021136,3.64557515686838,9.8025188502495e-05,0.107509989215309,0.617552075358634,0.526764833113039,7,1,100,0.309988758818787,0.569594468699321,7,2.63317213906505,0,-27.7162,245,0,0,20,"both",0.309988758818787,0.569594468699321
"685","session1",-12.9869760803703,10.0420062021136,3.64557515686838,9.8025188502495e-05,0.107509989215309,0.617552075358634,0.526764833113039,7,1,100,0.309988758818787,0.569594468699321,7,2.97852618401565,0,-21.9651,245,0,0,20,"both",0.309988758818787,0.569594468699321
"686","session1",-12.9869760803703,10.0420062021136,3.64557515686838,9.8025188502495e-05,0.107509989215309,0.617552075358634,0.526764833113039,7,1,100,0.309988758818787,0.569594468699321,7,2.17082509090002,1,-14.64118,245,0,0,20,"both",0.309988758818787,0.569594468699321
"687","session1",-12.9869760803703,10.0420062021136,3.64557515686838,9.8025188502495e-05,0.107509989215309,0.617552075358634,0.526764833113039,7,1,100,0.309988758818787,0.569594468699321,7,4.27200626989869,0,-22.45698,245,0,0,20,"both",0.309988758818787,0.569594468699321
"688","session1",-12.9869760803703,10.0420062021136,3.64557515686838,9.8025188502495e-05,0.107509989215309,0.617552075358634,0.526764833113039,7,1,100,0.309988758818787,0.569594468699321,7,1.24079268916552,1,0.0613200000000003,245,0,0,20,"both",0.309988758818787,0.569594468699321
"689","session1",-12.9869760803703,10.0420062021136,3.64557515686838,9.8025188502495e-05,0.107509989215309,0.617552075358634,0.526764833113039,7,1,100,0.309988758818787,0.569594468699321,7,1.06486732839027,0,-22.72741,245,0,0,20,"both",0.309988758818787,0.569594468699321
"690","session1",-12.9869760803703,10.0420062021136,3.64557515686838,9.8025188502495e-05,0.107509989215309,0.617552075358634,0.526764833113039,7,1,100,0.309988758818787,0.569594468699321,7,2.05402925922394,0,-22.06895,245,0,0,20,"both",0.309988758818787,0.569594468699321
"691","session1",-12.9869760803703,10.0420062021136,3.64557515686838,9.8025188502495e-05,0.107509989215309,0.617552075358634,0.526764833113039,7,1,100,0.309988758818787,0.569594468699321,7,1.49150083605103,1,-1.967,245,0,0,20,"both",0.309988758818787,0.569594468699321
"692","session1",-12.9869760803703,10.0420062021136,3.64557515686838,9.8025188502495e-05,0.107509989215309,0.617552075358634,0.526764833113039,7,1,100,0.309988758818787,0.569594468699321,7,1.82770685397736,0,-30.6829,245,0,0,20,"both",0.309988758818787,0.569594468699321
"693","session1",-12.9869760803703,10.0420062021136,3.64557515686838,9.8025188502495e-05,0.107509989215309,0.617552075358634,0.526764833113039,7,1,100,0.309988758818787,0.569594468699321,7,2.58804887920436,0,-22.7303,245,0,0,20,"both",0.309988758818787,0.569594468699321
"694","session1",-12.9869760803703,10.0420062021136,3.64557515686838,9.8025188502495e-05,0.107509989215309,0.617552075358634,0.526764833113039,7,1,100,0.309988758818787,0.569594468699321,7,1.32824065413853,0,-19.602,245,0,0,20,"both",0.309988758818787,0.569594468699321
"695","session1",-12.9869760803703,10.0420062021136,3.64557515686838,9.8025188502495e-05,0.107509989215309,0.617552075358634,0.526764833113039,7,1,100,0.309988758818787,0.569594468699321,7,1.8156982912181,1,-2.45287,245,0,0,20,"both",0.309988758818787,0.569594468699321
"696","session1",-12.9869760803703,10.0420062021136,3.64557515686838,9.8025188502495e-05,0.107509989215309,0.617552075358634,0.526764833113039,7,1,100,0.309988758818787,0.569594468699321,7,3.3843248122439,1,-3.90223,245,0,0,20,"both",0.309988758818787,0.569594468699321
"697","session1",-12.9869760803703,10.0420062021136,3.64557515686838,9.8025188502495e-05,0.107509989215309,0.617552075358634,0.526764833113039,7,1,100,0.309988758818787,0.569594468699321,7,3.05696738331221,1,-5.29987,245,0,0,20,"both",0.309988758818787,0.569594468699321
"698","session1",-12.9869760803703,10.0420062021136,3.64557515686838,9.8025188502495e-05,0.107509989215309,0.617552075358634,0.526764833113039,7,1,100,0.309988758818787,0.569594468699321,7,3.94459374507511,0,-18.36701,245,0,0,20,"both",0.309988758818787,0.569594468699321
"699","session1",-12.9869760803703,10.0420062021136,3.64557515686838,9.8025188502495e-05,0.107509989215309,0.617552075358634,0.526764833113039,7,1,100,0.309988758818787,0.569594468699321,7,1.69327952274968,0,-22.84139,245,0,0,20,"both",0.309988758818787,0.569594468699321
"700","session1",-12.9869760803703,10.0420062021136,3.64557515686838,9.8025188502495e-05,0.107509989215309,0.617552075358634,0.526764833113039,7,1,100,0.309988758818787,0.569594468699321,7,8,1,-8.93036,245,0,0,20,"both",0.309988758818787,0.569594468699321
"701","session1",-15.5354753800652,11.388326011343,3.5583575728703,0.000218620669356745,-0.0545016320013681,0.510867434609239,0.747044450530055,8,1,100,0.309988758818787,0.569594468699321,8,2.94716659042984,1,-7.6691697595,245,0,0,20,"both",0.309988758818787,0.569594468699321
"702","session1",-15.5354753800652,11.388326011343,3.5583575728703,0.000218620669356745,-0.0545016320013681,0.510867434609239,0.747044450530055,8,1,100,0.309988758818787,0.569594468699321,8,2.16392308851258,1,-10.6039050412,245,0,0,20,"both",0.309988758818787,0.569594468699321
"703","session1",-15.5354753800652,11.388326011343,3.5583575728703,0.000218620669356745,-0.0545016320013681,0.510867434609239,0.747044450530055,8,1,100,0.309988758818787,0.569594468699321,8,3.16942034150309,0,-17.2415093708,245,0,0,20,"both",0.309988758818787,0.569594468699321
"704","session1",-15.5354753800652,11.388326011343,3.5583575728703,0.000218620669356745,-0.0545016320013681,0.510867434609239,0.747044450530055,8,1,100,0.309988758818787,0.569594468699321,8,3.88026246362018,1,-13.7322893,245,0,0,20,"both",0.309988758818787,0.569594468699321
"705","session1",-15.5354753800652,11.388326011343,3.5583575728703,0.000218620669356745,-0.0545016320013681,0.510867434609239,0.747044450530055,8,1,100,0.309988758818787,0.569594468699321,8,2.76396969999652,0,-7.66533,245,0,0,20,"both",0.309988758818787,0.569594468699321
"706","session1",-15.5354753800652,11.388326011343,3.5583575728703,0.000218620669356745,-0.0545016320013681,0.510867434609239,0.747044450530055,8,1,100,0.309988758818787,0.569594468699321,8,2.27643391184213,1,-7.81295589469,245,0,0,20,"both",0.309988758818787,0.569594468699321
"707","session1",-15.5354753800652,11.388326011343,3.5583575728703,0.000218620669356745,-0.0545016320013681,0.510867434609239,0.747044450530055,8,1,100,0.309988758818787,0.569594468699321,8,3.60191696536111,1,-13.199952098,245,0,0,20,"both",0.309988758818787,0.569594468699321
"708","session1",-15.5354753800652,11.388326011343,3.5583575728703,0.000218620669356745,-0.0545016320013681,0.510867434609239,0.747044450530055,8,1,100,0.309988758818787,0.569594468699321,8,2.34949850039861,1,-15.1130548019,245,0,0,20,"both",0.309988758818787,0.569594468699321
"709","session1",-15.5354753800652,11.388326011343,3.5583575728703,0.000218620669356745,-0.0545016320013681,0.510867434609239,0.747044450530055,8,1,100,0.309988758818787,0.569594468699321,8,6.93409182079063,0,-18.313358006,245,0,0,20,"both",0.309988758818787,0.569594468699321
"710","session1",-15.5354753800652,11.388326011343,3.5583575728703,0.000218620669356745,-0.0545016320013681,0.510867434609239,0.747044450530055,8,1,100,0.309988758818787,0.569594468699321,8,1.49596405819103,0,-30.59828,245,0,0,20,"both",0.309988758818787,0.569594468699321
"711","session1",-15.5354753800652,11.388326011343,3.5583575728703,0.000218620669356745,-0.0545016320013681,0.510867434609239,0.747044450530055,8,1,100,0.309988758818787,0.569594468699321,8,3.16658531232229,0,-12.42637,245,0,0,20,"both",0.309988758818787,0.569594468699321
"712","session1",-15.5354753800652,11.388326011343,3.5583575728703,0.000218620669356745,-0.0545016320013681,0.510867434609239,0.747044450530055,8,1,100,0.309988758818787,0.569594468699321,8,1.64842469375287,0,-32.04671,245,0,0,20,"both",0.309988758818787,0.569594468699321
"713","session1",-15.5354753800652,11.388326011343,3.5583575728703,0.000218620669356745,-0.0545016320013681,0.510867434609239,0.747044450530055,8,1,100,0.309988758818787,0.569594468699321,8,3.39637012600071,0,-12.75459,245,0,0,20,"both",0.309988758818787,0.569594468699321
"714","session1",-15.5354753800652,11.388326011343,3.5583575728703,0.000218620669356745,-0.0545016320013681,0.510867434609239,0.747044450530055,8,1,100,0.309988758818787,0.569594468699321,8,1.48201289265775,1,5.9384,245,0,0,20,"both",0.309988758818787,0.569594468699321
"715","session1",-15.5354753800652,11.388326011343,3.5583575728703,0.000218620669356745,-0.0545016320013681,0.510867434609239,0.747044450530055,8,1,100,0.309988758818787,0.569594468699321,8,1.6762457948021,1,12.9382,245,0,0,20,"both",0.309988758818787,0.569594468699321
"716","session1",-15.5354753800652,11.388326011343,3.5583575728703,0.000218620669356745,-0.0545016320013681,0.510867434609239,0.747044450530055,8,1,100,0.309988758818787,0.569594468699321,8,1.34249930406556,1,-30.7869,245,0,0,20,"both",0.309988758818787,0.569594468699321
"717","session1",-15.5354753800652,11.388326011343,3.5583575728703,0.000218620669356745,-0.0545016320013681,0.510867434609239,0.747044450530055,8,1,100,0.309988758818787,0.569594468699321,8,1.57706092246108,0,-19.68341,245,0,0,20,"both",0.309988758818787,0.569594468699321
"718","session1",-15.5354753800652,11.388326011343,3.5583575728703,0.000218620669356745,-0.0545016320013681,0.510867434609239,0.747044450530055,8,1,100,0.309988758818787,0.569594468699321,8,2.71123953003664,1,-11.2112194108,245,0,0,20,"both",0.309988758818787,0.569594468699321
"719","session1",-15.5354753800652,11.388326011343,3.5583575728703,0.000218620669356745,-0.0545016320013681,0.510867434609239,0.747044450530055,8,1,100,0.309988758818787,0.569594468699321,8,1.94041371014181,1,-14.11482,245,0,0,20,"both",0.309988758818787,0.569594468699321
"720","session1",-15.5354753800652,11.388326011343,3.5583575728703,0.000218620669356745,-0.0545016320013681,0.510867434609239,0.747044450530055,8,1,100,0.309988758818787,0.569594468699321,8,1.21182816288926,1,9.3275,245,0,0,20,"both",0.309988758818787,0.569594468699321
"721","session1",-15.5354753800652,11.388326011343,3.5583575728703,0.000218620669356745,-0.0545016320013681,0.510867434609239,0.747044450530055,8,1,100,0.309988758818787,0.569594468699321,8,3.64466104867315,1,-10.01115,245,0,0,20,"both",0.309988758818787,0.569594468699321
"722","session1",-15.5354753800652,11.388326011343,3.5583575728703,0.000218620669356745,-0.0545016320013681,0.510867434609239,0.747044450530055,8,1,100,0.309988758818787,0.569594468699321,8,1.89839324809439,1,-13.8855,245,0,0,20,"both",0.309988758818787,0.569594468699321
"723","session1",-15.5354753800652,11.388326011343,3.5583575728703,0.000218620669356745,-0.0545016320013681,0.510867434609239,0.747044450530055,8,1,100,0.309988758818787,0.569594468699321,8,3.38942747852007,0,-20.69937,245,0,0,20,"both",0.309988758818787,0.569594468699321
"724","session1",-15.5354753800652,11.388326011343,3.5583575728703,0.000218620669356745,-0.0545016320013681,0.510867434609239,0.747044450530055,8,1,100,0.309988758818787,0.569594468699321,8,3.34419932648853,0,-23.36452,245,0,0,20,"both",0.309988758818787,0.569594468699321
"725","session1",-15.5354753800652,11.388326011343,3.5583575728703,0.000218620669356745,-0.0545016320013681,0.510867434609239,0.747044450530055,8,1,100,0.309988758818787,0.569594468699321,8,2.11328954285659,0,-19.89897,245,0,0,20,"both",0.309988758818787,0.569594468699321
"726","session1",-15.5354753800652,11.388326011343,3.5583575728703,0.000218620669356745,-0.0545016320013681,0.510867434609239,0.747044450530055,8,1,100,0.309988758818787,0.569594468699321,8,2.03325901571943,0,-15.60374,245,0,0,20,"both",0.309988758818787,0.569594468699321
"727","session1",-15.5354753800652,11.388326011343,3.5583575728703,0.000218620669356745,-0.0545016320013681,0.510867434609239,0.747044450530055,8,1,100,0.309988758818787,0.569594468699321,8,1.41863976895355,0,-5.87779,245,0,0,20,"both",0.309988758818787,0.569594468699321
"728","session1",-15.5354753800652,11.388326011343,3.5583575728703,0.000218620669356745,-0.0545016320013681,0.510867434609239,0.747044450530055,8,1,100,0.309988758818787,0.569594468699321,8,1.48667836817114,1,32.4029,245,0,0,20,"both",0.309988758818787,0.569594468699321
"729","session1",-15.5354753800652,11.388326011343,3.5583575728703,0.000218620669356745,-0.0545016320013681,0.510867434609239,0.747044450530055,8,1,100,0.309988758818787,0.569594468699321,8,3.10746134301841,1,-13.97155,245,0,0,20,"both",0.309988758818787,0.569594468699321
"730","session1",-15.5354753800652,11.388326011343,3.5583575728703,0.000218620669356745,-0.0545016320013681,0.510867434609239,0.747044450530055,8,1,100,0.309988758818787,0.569594468699321,8,2.66531646708244,1,-18.81705,245,0,0,20,"both",0.309988758818787,0.569594468699321
"731","session1",-15.5354753800652,11.388326011343,3.5583575728703,0.000218620669356745,-0.0545016320013681,0.510867434609239,0.747044450530055,8,1,100,0.309988758818787,0.569594468699321,8,1.76946166868777,1,9.97654,245,0,0,20,"both",0.309988758818787,0.569594468699321
"732","session1",-15.5354753800652,11.388326011343,3.5583575728703,0.000218620669356745,-0.0545016320013681,0.510867434609239,0.747044450530055,8,1,100,0.309988758818787,0.569594468699321,8,5.94862196094144,1,-11.53073,245,0,0,20,"both",0.309988758818787,0.569594468699321
"733","session1",-15.5354753800652,11.388326011343,3.5583575728703,0.000218620669356745,-0.0545016320013681,0.510867434609239,0.747044450530055,8,1,100,0.309988758818787,0.569594468699321,8,2.63245535672576,1,5.3891,245,0,0,20,"both",0.309988758818787,0.569594468699321
"734","session1",-15.5354753800652,11.388326011343,3.5583575728703,0.000218620669356745,-0.0545016320013681,0.510867434609239,0.747044450530055,8,1,100,0.309988758818787,0.569594468699321,8,3.36486170627414,0,-27.49,245,0,0,20,"both",0.309988758818787,0.569594468699321
"735","session1",-15.5354753800652,11.388326011343,3.5583575728703,0.000218620669356745,-0.0545016320013681,0.510867434609239,0.747044450530055,8,1,100,0.309988758818787,0.569594468699321,8,1.65581196855881,0,-33.1131,245,0,0,20,"both",0.309988758818787,0.569594468699321
"736","session1",-15.5354753800652,11.388326011343,3.5583575728703,0.000218620669356745,-0.0545016320013681,0.510867434609239,0.747044450530055,8,1,100,0.309988758818787,0.569594468699321,8,3.58800878381314,0,-16.10184381,245,0,0,20,"both",0.309988758818787,0.569594468699321
"737","session1",-15.5354753800652,11.388326011343,3.5583575728703,0.000218620669356745,-0.0545016320013681,0.510867434609239,0.747044450530055,8,1,100,0.309988758818787,0.569594468699321,8,1.33375220459091,0,-26.7955,245,0,0,20,"both",0.309988758818787,0.569594468699321
"738","session1",-15.5354753800652,11.388326011343,3.5583575728703,0.000218620669356745,-0.0545016320013681,0.510867434609239,0.747044450530055,8,1,100,0.309988758818787,0.569594468699321,8,2.92916662312259,0,-21.38159,245,0,0,20,"both",0.309988758818787,0.569594468699321
"739","session1",-15.5354753800652,11.388326011343,3.5583575728703,0.000218620669356745,-0.0545016320013681,0.510867434609239,0.747044450530055,8,1,100,0.309988758818787,0.569594468699321,8,3.20043943870555,0,-16.18224,245,0,0,20,"both",0.309988758818787,0.569594468699321
"740","session1",-15.5354753800652,11.388326011343,3.5583575728703,0.000218620669356745,-0.0545016320013681,0.510867434609239,0.747044450530055,8,1,100,0.309988758818787,0.569594468699321,8,3.8794607485803,1,5.8272,245,0,0,20,"both",0.309988758818787,0.569594468699321
"741","session1",-15.5354753800652,11.388326011343,3.5583575728703,0.000218620669356745,-0.0545016320013681,0.510867434609239,0.747044450530055,8,1,100,0.309988758818787,0.569594468699321,8,1.82767847528795,0,-20.96688,245,0,0,20,"both",0.309988758818787,0.569594468699321
"742","session1",-15.5354753800652,11.388326011343,3.5583575728703,0.000218620669356745,-0.0545016320013681,0.510867434609239,0.747044450530055,8,1,100,0.309988758818787,0.569594468699321,8,1.23701630021788,0,-36.0996,245,0,0,20,"both",0.309988758818787,0.569594468699321
"743","session1",-15.5354753800652,11.388326011343,3.5583575728703,0.000218620669356745,-0.0545016320013681,0.510867434609239,0.747044450530055,8,1,100,0.309988758818787,0.569594468699321,8,2.10958050637777,0,-9.43177,245,0,0,20,"both",0.309988758818787,0.569594468699321
"744","session1",-15.5354753800652,11.388326011343,3.5583575728703,0.000218620669356745,-0.0545016320013681,0.510867434609239,0.747044450530055,8,1,100,0.309988758818787,0.569594468699321,8,3.65251880925883,0,-34.591,245,0,0,20,"both",0.309988758818787,0.569594468699321
"745","session1",-15.5354753800652,11.388326011343,3.5583575728703,0.000218620669356745,-0.0545016320013681,0.510867434609239,0.747044450530055,8,1,100,0.309988758818787,0.569594468699321,8,3.09292562558935,0,-12.80165,245,0,0,20,"both",0.309988758818787,0.569594468699321
"746","session1",-15.5354753800652,11.388326011343,3.5583575728703,0.000218620669356745,-0.0545016320013681,0.510867434609239,0.747044450530055,8,1,100,0.309988758818787,0.569594468699321,8,2.42029647188732,1,-9.9644,245,0,0,20,"both",0.309988758818787,0.569594468699321
"747","session1",-15.5354753800652,11.388326011343,3.5583575728703,0.000218620669356745,-0.0545016320013681,0.510867434609239,0.747044450530055,8,1,100,0.309988758818787,0.569594468699321,8,2.09603244070912,1,-13.20234,245,0,0,20,"both",0.309988758818787,0.569594468699321
"748","session1",-15.5354753800652,11.388326011343,3.5583575728703,0.000218620669356745,-0.0545016320013681,0.510867434609239,0.747044450530055,8,1,100,0.309988758818787,0.569594468699321,8,1.78199047810487,1,4.1699,245,0,0,20,"both",0.309988758818787,0.569594468699321
"749","session1",-15.5354753800652,11.388326011343,3.5583575728703,0.000218620669356745,-0.0545016320013681,0.510867434609239,0.747044450530055,8,1,100,0.309988758818787,0.569594468699321,8,2.8322361334591,1,-4.68504,245,0,0,20,"both",0.309988758818787,0.569594468699321
"750","session1",-15.5354753800652,11.388326011343,3.5583575728703,0.000218620669356745,-0.0545016320013681,0.510867434609239,0.747044450530055,8,1,100,0.309988758818787,0.569594468699321,8,1.35927610952861,0,-4.27042,245,0,0,20,"both",0.309988758818787,0.569594468699321
"751","session1",-15.5354753800652,11.388326011343,3.5583575728703,0.000218620669356745,-0.0545016320013681,0.510867434609239,0.747044450530055,8,1,100,0.309988758818787,0.569594468699321,8,1.64480749354032,0,-27.42078,245,0,0,20,"both",0.309988758818787,0.569594468699321
"752","session1",-15.5354753800652,11.388326011343,3.5583575728703,0.000218620669356745,-0.0545016320013681,0.510867434609239,0.747044450530055,8,1,100,0.309988758818787,0.569594468699321,8,1.99897189971682,1,4.0876,245,0,0,20,"both",0.309988758818787,0.569594468699321
"753","session1",-15.5354753800652,11.388326011343,3.5583575728703,0.000218620669356745,-0.0545016320013681,0.510867434609239,0.747044450530055,8,1,100,0.309988758818787,0.569594468699321,8,2.66915321004632,1,-5.0841,245,0,0,20,"both",0.309988758818787,0.569594468699321
"754","session1",-15.5354753800652,11.388326011343,3.5583575728703,0.000218620669356745,-0.0545016320013681,0.510867434609239,0.747044450530055,8,1,100,0.309988758818787,0.569594468699321,8,2.22939397599838,1,-22.7299,245,0,0,20,"both",0.309988758818787,0.569594468699321
"755","session1",-15.5354753800652,11.388326011343,3.5583575728703,0.000218620669356745,-0.0545016320013681,0.510867434609239,0.747044450530055,8,1,100,0.309988758818787,0.569594468699321,8,5.66012826486751,1,-20.47513,245,0,0,20,"both",0.309988758818787,0.569594468699321
"756","session1",-15.5354753800652,11.388326011343,3.5583575728703,0.000218620669356745,-0.0545016320013681,0.510867434609239,0.747044450530055,8,1,100,0.309988758818787,0.569594468699321,8,1.3170504648877,0,-22.60619,245,0,0,20,"both",0.309988758818787,0.569594468699321
"757","session1",-15.5354753800652,11.388326011343,3.5583575728703,0.000218620669356745,-0.0545016320013681,0.510867434609239,0.747044450530055,8,1,100,0.309988758818787,0.569594468699321,8,3.0205265837028,1,-4.991,245,0,0,20,"both",0.309988758818787,0.569594468699321
"758","session1",-15.5354753800652,11.388326011343,3.5583575728703,0.000218620669356745,-0.0545016320013681,0.510867434609239,0.747044450530055,8,1,100,0.309988758818787,0.569594468699321,8,3.3070390245802,1,-22.49618,245,0,0,20,"both",0.309988758818787,0.569594468699321
"759","session1",-15.5354753800652,11.388326011343,3.5583575728703,0.000218620669356745,-0.0545016320013681,0.510867434609239,0.747044450530055,8,1,100,0.309988758818787,0.569594468699321,8,2.74076803359053,1,-20.46185,245,0,0,20,"both",0.309988758818787,0.569594468699321
"760","session1",-15.5354753800652,11.388326011343,3.5583575728703,0.000218620669356745,-0.0545016320013681,0.510867434609239,0.747044450530055,8,1,100,0.309988758818787,0.569594468699321,8,2.82734200839408,1,1.6486,245,0,0,20,"both",0.309988758818787,0.569594468699321
"761","session1",-15.5354753800652,11.388326011343,3.5583575728703,0.000218620669356745,-0.0545016320013681,0.510867434609239,0.747044450530055,8,1,100,0.309988758818787,0.569594468699321,8,1.90711740525967,1,-5.1935,245,0,0,20,"both",0.309988758818787,0.569594468699321
"762","session1",-15.5354753800652,11.388326011343,3.5583575728703,0.000218620669356745,-0.0545016320013681,0.510867434609239,0.747044450530055,8,1,100,0.309988758818787,0.569594468699321,8,1.85562352474932,1,-28.9553,245,0,0,20,"both",0.309988758818787,0.569594468699321
"763","session1",-15.5354753800652,11.388326011343,3.5583575728703,0.000218620669356745,-0.0545016320013681,0.510867434609239,0.747044450530055,8,1,100,0.309988758818787,0.569594468699321,8,2.39508765419836,0,2.0305,245,0,0,20,"both",0.309988758818787,0.569594468699321
"764","session1",-15.5354753800652,11.388326011343,3.5583575728703,0.000218620669356745,-0.0545016320013681,0.510867434609239,0.747044450530055,8,1,100,0.309988758818787,0.569594468699321,8,2.22105960710995,0,-9.29994,245,0,0,20,"both",0.309988758818787,0.569594468699321
"765","session1",-15.5354753800652,11.388326011343,3.5583575728703,0.000218620669356745,-0.0545016320013681,0.510867434609239,0.747044450530055,8,1,100,0.309988758818787,0.569594468699321,8,1.59411652138461,0,-31.4856,245,0,0,20,"both",0.309988758818787,0.569594468699321
"766","session1",-15.5354753800652,11.388326011343,3.5583575728703,0.000218620669356745,-0.0545016320013681,0.510867434609239,0.747044450530055,8,1,100,0.309988758818787,0.569594468699321,8,2.08990419685728,0,-24.9876,245,0,0,20,"both",0.309988758818787,0.569594468699321
"767","session1",-15.5354753800652,11.388326011343,3.5583575728703,0.000218620669356745,-0.0545016320013681,0.510867434609239,0.747044450530055,8,1,100,0.309988758818787,0.569594468699321,8,1.81780171380776,1,-0.6242,245,0,0,20,"both",0.309988758818787,0.569594468699321
"768","session1",-15.5354753800652,11.388326011343,3.5583575728703,0.000218620669356745,-0.0545016320013681,0.510867434609239,0.747044450530055,8,1,100,0.309988758818787,0.569594468699321,8,3.87275879831411,1,-5.6735,245,0,0,20,"both",0.309988758818787,0.569594468699321
"769","session1",-15.5354753800652,11.388326011343,3.5583575728703,0.000218620669356745,-0.0545016320013681,0.510867434609239,0.747044450530055,8,1,100,0.309988758818787,0.569594468699321,8,1.44329576361094,1,-31.6655,245,0,0,20,"both",0.309988758818787,0.569594468699321
"770","session1",-15.5354753800652,11.388326011343,3.5583575728703,0.000218620669356745,-0.0545016320013681,0.510867434609239,0.747044450530055,8,1,100,0.309988758818787,0.569594468699321,8,4.21238998328831,0,-28.0162,245,0,0,20,"both",0.309988758818787,0.569594468699321
"771","session1",-15.5354753800652,11.388326011343,3.5583575728703,0.000218620669356745,-0.0545016320013681,0.510867434609239,0.747044450530055,8,1,100,0.309988758818787,0.569594468699321,8,2.56305347867161,1,-18.32542,245,0,0,20,"both",0.309988758818787,0.569594468699321
"772","session1",-15.5354753800652,11.388326011343,3.5583575728703,0.000218620669356745,-0.0545016320013681,0.510867434609239,0.747044450530055,8,1,100,0.309988758818787,0.569594468699321,8,1.32956945365207,1,5.9814,245,0,0,20,"both",0.309988758818787,0.569594468699321
"773","session1",-15.5354753800652,11.388326011343,3.5583575728703,0.000218620669356745,-0.0545016320013681,0.510867434609239,0.747044450530055,8,1,100,0.309988758818787,0.569594468699321,8,1.74289204430689,1,15.0394,245,0,0,20,"both",0.309988758818787,0.569594468699321
"774","session1",-15.5354753800652,11.388326011343,3.5583575728703,0.000218620669356745,-0.0545016320013681,0.510867434609239,0.747044450530055,8,1,100,0.309988758818787,0.569594468699321,8,3.05247453253007,0,-34.6201,245,0,0,20,"both",0.309988758818787,0.569594468699321
"775","session1",-15.5354753800652,11.388326011343,3.5583575728703,0.000218620669356745,-0.0545016320013681,0.510867434609239,0.747044450530055,8,1,100,0.309988758818787,0.569594468699321,8,1.81069720075633,1,0.8093,245,0,0,20,"both",0.309988758818787,0.569594468699321
"776","session1",-15.5354753800652,11.388326011343,3.5583575728703,0.000218620669356745,-0.0545016320013681,0.510867434609239,0.747044450530055,8,1,100,0.309988758818787,0.569594468699321,8,4.60729393575897,1,-6.77025,245,0,0,20,"both",0.309988758818787,0.569594468699321
"777","session1",-15.5354753800652,11.388326011343,3.5583575728703,0.000218620669356745,-0.0545016320013681,0.510867434609239,0.747044450530055,8,1,100,0.309988758818787,0.569594468699321,8,3.31195755607325,0,-9.267,245,0,0,20,"both",0.309988758818787,0.569594468699321
"778","session1",-15.5354753800652,11.388326011343,3.5583575728703,0.000218620669356745,-0.0545016320013681,0.510867434609239,0.747044450530055,8,1,100,0.309988758818787,0.569594468699321,8,1.5932794924922,0,-34.459,245,0,0,20,"both",0.309988758818787,0.569594468699321
"779","session1",-15.5354753800652,11.388326011343,3.5583575728703,0.000218620669356745,-0.0545016320013681,0.510867434609239,0.747044450530055,8,1,100,0.309988758818787,0.569594468699321,8,1.44037273615222,0,-26.3379,245,0,0,20,"both",0.309988758818787,0.569594468699321
"780","session1",-15.5354753800652,11.388326011343,3.5583575728703,0.000218620669356745,-0.0545016320013681,0.510867434609239,0.747044450530055,8,1,100,0.309988758818787,0.569594468699321,8,1.48998891138667,1,0.272499999999999,245,0,0,20,"both",0.309988758818787,0.569594468699321
"781","session1",-15.5354753800652,11.388326011343,3.5583575728703,0.000218620669356745,-0.0545016320013681,0.510867434609239,0.747044450530055,8,1,100,0.309988758818787,0.569594468699321,8,4.04776398849786,1,-22.42177,245,0,0,20,"both",0.309988758818787,0.569594468699321
"782","session1",-15.5354753800652,11.388326011343,3.5583575728703,0.000218620669356745,-0.0545016320013681,0.510867434609239,0.747044450530055,8,1,100,0.309988758818787,0.569594468699321,8,1.81503004873191,1,-1.2169,245,0,0,20,"both",0.309988758818787,0.569594468699321
"783","session1",-15.5354753800652,11.388326011343,3.5583575728703,0.000218620669356745,-0.0545016320013681,0.510867434609239,0.747044450530055,8,1,100,0.309988758818787,0.569594468699321,8,2.65846207380398,0,-33.0276,245,0,0,20,"both",0.309988758818787,0.569594468699321
"784","session1",-15.5354753800652,11.388326011343,3.5583575728703,0.000218620669356745,-0.0545016320013681,0.510867434609239,0.747044450530055,8,1,100,0.309988758818787,0.569594468699321,8,1.61321627611322,0,-32.1645,245,0,0,20,"both",0.309988758818787,0.569594468699321
"785","session1",-15.5354753800652,11.388326011343,3.5583575728703,0.000218620669356745,-0.0545016320013681,0.510867434609239,0.747044450530055,8,1,100,0.309988758818787,0.569594468699321,8,2.38267704053216,1,7.9283,245,0,0,20,"both",0.309988758818787,0.569594468699321
"786","session1",-15.5354753800652,11.388326011343,3.5583575728703,0.000218620669356745,-0.0545016320013681,0.510867434609239,0.747044450530055,8,1,100,0.309988758818787,0.569594468699321,8,2.5986604835959,1,1.6483,245,0,0,20,"both",0.309988758818787,0.569594468699321
"787","session1",-15.5354753800652,11.388326011343,3.5583575728703,0.000218620669356745,-0.0545016320013681,0.510867434609239,0.747044450530055,8,1,100,0.309988758818787,0.569594468699321,8,2.55992497156408,0,-27.10622,245,0,0,20,"both",0.309988758818787,0.569594468699321
"788","session1",-15.5354753800652,11.388326011343,3.5583575728703,0.000218620669356745,-0.0545016320013681,0.510867434609239,0.747044450530055,8,1,100,0.309988758818787,0.569594468699321,8,2.16071753861076,1,-8.54983,245,0,0,20,"both",0.309988758818787,0.569594468699321
"789","session1",-15.5354753800652,11.388326011343,3.5583575728703,0.000218620669356745,-0.0545016320013681,0.510867434609239,0.747044450530055,8,1,100,0.309988758818787,0.569594468699321,8,1.91599486455902,1,0.397499999999999,245,0,0,20,"both",0.309988758818787,0.569594468699321
"790","session1",-15.5354753800652,11.388326011343,3.5583575728703,0.000218620669356745,-0.0545016320013681,0.510867434609239,0.747044450530055,8,1,100,0.309988758818787,0.569594468699321,8,1.6665455213818,0,-38.2342,245,0,0,20,"both",0.309988758818787,0.569594468699321
"791","session1",-15.5354753800652,11.388326011343,3.5583575728703,0.000218620669356745,-0.0545016320013681,0.510867434609239,0.747044450530055,8,1,100,0.309988758818787,0.569594468699321,8,2.0844047181291,0,-28.6196,245,0,0,20,"both",0.309988758818787,0.569594468699321
"792","session1",-15.5354753800652,11.388326011343,3.5583575728703,0.000218620669356745,-0.0545016320013681,0.510867434609239,0.747044450530055,8,1,100,0.309988758818787,0.569594468699321,8,7.77603261596201,0,-24.91914,245,0,0,20,"both",0.309988758818787,0.569594468699321
"793","session1",-15.5354753800652,11.388326011343,3.5583575728703,0.000218620669356745,-0.0545016320013681,0.510867434609239,0.747044450530055,8,1,100,0.309988758818787,0.569594468699321,8,1.57117970016636,1,0.463000000000001,245,0,0,20,"both",0.309988758818787,0.569594468699321
"794","session1",-15.5354753800652,11.388326011343,3.5583575728703,0.000218620669356745,-0.0545016320013681,0.510867434609239,0.747044450530055,8,1,100,0.309988758818787,0.569594468699321,8,2.42481410359516,0,-27.2898,245,0,0,20,"both",0.309988758818787,0.569594468699321
"795","session1",-15.5354753800652,11.388326011343,3.5583575728703,0.000218620669356745,-0.0545016320013681,0.510867434609239,0.747044450530055,8,1,100,0.309988758818787,0.569594468699321,8,3.55841774554495,1,-0.563800000000001,245,0,0,20,"both",0.309988758818787,0.569594468699321
"796","session1",-15.5354753800652,11.388326011343,3.5583575728703,0.000218620669356745,-0.0545016320013681,0.510867434609239,0.747044450530055,8,1,100,0.309988758818787,0.569594468699321,8,2.92549546011881,1,-1.6175,245,0,0,20,"both",0.309988758818787,0.569594468699321
"797","session1",-15.5354753800652,11.388326011343,3.5583575728703,0.000218620669356745,-0.0545016320013681,0.510867434609239,0.747044450530055,8,1,100,0.309988758818787,0.569594468699321,8,1.58381684067372,0,-29.556,245,0,0,20,"both",0.309988758818787,0.569594468699321
"798","session1",-15.5354753800652,11.388326011343,3.5583575728703,0.000218620669356745,-0.0545016320013681,0.510867434609239,0.747044450530055,8,1,100,0.309988758818787,0.569594468699321,8,4.09163494133141,0,-25.4936,245,0,0,20,"both",0.309988758818787,0.569594468699321
"799","session1",-15.5354753800652,11.388326011343,3.5583575728703,0.000218620669356745,-0.0545016320013681,0.510867434609239,0.747044450530055,8,1,100,0.309988758818787,0.569594468699321,8,1.7064141342849,0,-31.6293,245,0,0,20,"both",0.309988758818787,0.569594468699321
"800","session1",-15.5354753800652,11.388326011343,3.5583575728703,0.000218620669356745,-0.0545016320013681,0.510867434609239,0.747044450530055,8,1,100,0.309988758818787,0.569594468699321,8,2.34631957153311,1,1.0931,245,0,0,20,"both",0.309988758818787,0.569594468699321
"801","session1",-16.8255397299697,10.1343420396778,2.22257367359494,0.000678025288659625,0.0186675859278581,0.357348068831395,0.421785903352825,9,1,100,0.309988758818787,0.569594468699321,9,2.32492475233508,1,-8.048420510751,245,0,0,20,"both",0.309988758818787,0.569594468699321
"802","session1",-16.8255397299697,10.1343420396778,2.22257367359494,0.000678025288659625,0.0186675859278581,0.357348068831395,0.421785903352825,9,1,100,0.309988758818787,0.569594468699321,9,2.18902592857703,1,-10.8421008855,245,0,0,20,"both",0.309988758818787,0.569594468699321
"803","session1",-16.8255397299697,10.1343420396778,2.22257367359494,0.000678025288659625,0.0186675859278581,0.357348068831395,0.421785903352825,9,1,100,0.309988758818787,0.569594468699321,9,1.91410113824369,1,-19.2524127717,245,0,0,20,"both",0.309988758818787,0.569594468699321
"804","session1",-16.8255397299697,10.1343420396778,2.22257367359494,0.000678025288659625,0.0186675859278581,0.357348068831395,0.421785903352825,9,1,100,0.309988758818787,0.569594468699321,9,1.68287539526109,0,-23.931750105,245,0,0,20,"both",0.309988758818787,0.569594468699321
"805","session1",-16.8255397299697,10.1343420396778,2.22257367359494,0.000678025288659625,0.0186675859278581,0.357348068831395,0.421785903352825,9,1,100,0.309988758818787,0.569594468699321,9,1.92527824821922,0,-22.521225563,245,0,0,20,"both",0.309988758818787,0.569594468699321
"806","session1",-16.8255397299697,10.1343420396778,2.22257367359494,0.000678025288659625,0.0186675859278581,0.357348068831395,0.421785903352825,9,1,100,0.309988758818787,0.569594468699321,9,3.29754907905263,1,-18.07792,245,0,0,20,"both",0.309988758818787,0.569594468699321
"807","session1",-16.8255397299697,10.1343420396778,2.22257367359494,0.000678025288659625,0.0186675859278581,0.357348068831395,0.421785903352825,9,1,100,0.309988758818787,0.569594468699321,9,3.04378180281059,0,-26.12037,245,0,0,20,"both",0.309988758818787,0.569594468699321
"808","session1",-16.8255397299697,10.1343420396778,2.22257367359494,0.000678025288659625,0.0186675859278581,0.357348068831395,0.421785903352825,9,1,100,0.309988758818787,0.569594468699321,9,1.78033120496951,0,-22.23797,245,0,0,20,"both",0.309988758818787,0.569594468699321
"809","session1",-16.8255397299697,10.1343420396778,2.22257367359494,0.000678025288659625,0.0186675859278581,0.357348068831395,0.421785903352825,9,1,100,0.309988758818787,0.569594468699321,9,3.08031146708307,0,-18.09625,245,0,0,20,"both",0.309988758818787,0.569594468699321
"810","session1",-16.8255397299697,10.1343420396778,2.22257367359494,0.000678025288659625,0.0186675859278581,0.357348068831395,0.421785903352825,9,1,100,0.309988758818787,0.569594468699321,9,2.74187869836852,0,-22.12493,245,0,0,20,"both",0.309988758818787,0.569594468699321
"811","session1",-16.8255397299697,10.1343420396778,2.22257367359494,0.000678025288659625,0.0186675859278581,0.357348068831395,0.421785903352825,9,1,100,0.309988758818787,0.569594468699321,9,1.95719673423164,1,0.871499999999997,245,0,0,20,"both",0.309988758818787,0.569594468699321
"812","session1",-16.8255397299697,10.1343420396778,2.22257367359494,0.000678025288659625,0.0186675859278581,0.357348068831395,0.421785903352825,9,1,100,0.309988758818787,0.569594468699321,9,2.13293885878945,1,-17.49886,245,0,0,20,"both",0.309988758818787,0.569594468699321
"813","session1",-16.8255397299697,10.1343420396778,2.22257367359494,0.000678025288659625,0.0186675859278581,0.357348068831395,0.421785903352825,9,1,100,0.309988758818787,0.569594468699321,9,1.72671479305772,0,-18.68152,245,0,0,20,"both",0.309988758818787,0.569594468699321
"814","session1",-16.8255397299697,10.1343420396778,2.22257367359494,0.000678025288659625,0.0186675859278581,0.357348068831395,0.421785903352825,9,1,100,0.309988758818787,0.569594468699321,9,1.39646558234924,0,-27.75856,245,0,0,20,"both",0.309988758818787,0.569594468699321
"815","session1",-16.8255397299697,10.1343420396778,2.22257367359494,0.000678025288659625,0.0186675859278581,0.357348068831395,0.421785903352825,9,1,100,0.309988758818787,0.569594468699321,9,1.79109028794215,0,-15.57393,245,0,0,20,"both",0.309988758818787,0.569594468699321
"816","session1",-16.8255397299697,10.1343420396778,2.22257367359494,0.000678025288659625,0.0186675859278581,0.357348068831395,0.421785903352825,9,1,100,0.309988758818787,0.569594468699321,9,2.70331302840301,1,-9.18042,245,0,0,20,"both",0.309988758818787,0.569594468699321
"817","session1",-16.8255397299697,10.1343420396778,2.22257367359494,0.000678025288659625,0.0186675859278581,0.357348068831395,0.421785903352825,9,1,100,0.309988758818787,0.569594468699321,9,1.06860738249256,0,-41.9456,245,0,0,20,"both",0.309988758818787,0.569594468699321
"818","session1",-16.8255397299697,10.1343420396778,2.22257367359494,0.000678025288659625,0.0186675859278581,0.357348068831395,0.421785903352825,9,1,100,0.309988758818787,0.569594468699321,9,1.48948276049711,0,-7.51754,245,0,0,20,"both",0.309988758818787,0.569594468699321
"819","session1",-16.8255397299697,10.1343420396778,2.22257367359494,0.000678025288659625,0.0186675859278581,0.357348068831395,0.421785903352825,9,1,100,0.309988758818787,0.569594468699321,9,1.96533450383344,0,-16.47048,245,0,0,20,"both",0.309988758818787,0.569594468699321
"820","session1",-16.8255397299697,10.1343420396778,2.22257367359494,0.000678025288659625,0.0186675859278581,0.357348068831395,0.421785903352825,9,1,100,0.309988758818787,0.569594468699321,9,2.04793881097666,0,-29.5999,245,0,0,20,"both",0.309988758818787,0.569594468699321
"821","session1",-16.8255397299697,10.1343420396778,2.22257367359494,0.000678025288659625,0.0186675859278581,0.357348068831395,0.421785903352825,9,1,100,0.309988758818787,0.569594468699321,9,2.16503647020017,1,-0.334059999999999,245,0,0,20,"both",0.309988758818787,0.569594468699321
"822","session1",-16.8255397299697,10.1343420396778,2.22257367359494,0.000678025288659625,0.0186675859278581,0.357348068831395,0.421785903352825,9,1,100,0.309988758818787,0.569594468699321,9,1.6070445075934,1,-9.83743,245,0,0,20,"both",0.309988758818787,0.569594468699321
"823","session1",-16.8255397299697,10.1343420396778,2.22257367359494,0.000678025288659625,0.0186675859278581,0.357348068831395,0.421785903352825,9,1,100,0.309988758818787,0.569594468699321,9,1.66244526678951,1,-9.90615,245,0,0,20,"both",0.309988758818787,0.569594468699321
"824","session1",-16.8255397299697,10.1343420396778,2.22257367359494,0.000678025288659625,0.0186675859278581,0.357348068831395,0.421785903352825,9,1,100,0.309988758818787,0.569594468699321,9,1.79315555795134,1,-12.88211,245,0,0,20,"both",0.309988758818787,0.569594468699321
"825","session1",-16.8255397299697,10.1343420396778,2.22257367359494,0.000678025288659625,0.0186675859278581,0.357348068831395,0.421785903352825,9,1,100,0.309988758818787,0.569594468699321,9,1.57014856230969,1,-3.48878,245,0,0,20,"both",0.309988758818787,0.569594468699321
"826","session1",-16.8255397299697,10.1343420396778,2.22257367359494,0.000678025288659625,0.0186675859278581,0.357348068831395,0.421785903352825,9,1,100,0.309988758818787,0.569594468699321,9,3.70890648151946,1,-14.76104,245,0,0,20,"both",0.309988758818787,0.569594468699321
"827","session1",-16.8255397299697,10.1343420396778,2.22257367359494,0.000678025288659625,0.0186675859278581,0.357348068831395,0.421785903352825,9,1,100,0.309988758818787,0.569594468699321,9,2.60013661263235,0,-10.66397,245,0,0,20,"both",0.309988758818787,0.569594468699321
"828","session1",-16.8255397299697,10.1343420396778,2.22257367359494,0.000678025288659625,0.0186675859278581,0.357348068831395,0.421785903352825,9,1,100,0.309988758818787,0.569594468699321,9,1.73825873128099,1,-9.18428,245,0,0,20,"both",0.309988758818787,0.569594468699321
"829","session1",-16.8255397299697,10.1343420396778,2.22257367359494,0.000678025288659625,0.0186675859278581,0.357348068831395,0.421785903352825,9,1,100,0.309988758818787,0.569594468699321,9,3.73821467234907,0,-21.83089,245,0,0,20,"both",0.309988758818787,0.569594468699321
"830","session1",-16.8255397299697,10.1343420396778,2.22257367359494,0.000678025288659625,0.0186675859278581,0.357348068831395,0.421785903352825,9,1,100,0.309988758818787,0.569594468699321,9,4.00401166016078,0,-25.30684,245,0,0,20,"both",0.309988758818787,0.569594468699321
"831","session1",-16.8255397299697,10.1343420396778,2.22257367359494,0.000678025288659625,0.0186675859278581,0.357348068831395,0.421785903352825,9,1,100,0.309988758818787,0.569594468699321,9,2.21439862638127,0,-18.31933,245,0,0,20,"both",0.309988758818787,0.569594468699321
"832","session1",-16.8255397299697,10.1343420396778,2.22257367359494,0.000678025288659625,0.0186675859278581,0.357348068831395,0.421785903352825,9,1,100,0.309988758818787,0.569594468699321,9,2.94037242721523,0,-27.02006,245,0,0,20,"both",0.309988758818787,0.569594468699321
"833","session1",-16.8255397299697,10.1343420396778,2.22257367359494,0.000678025288659625,0.0186675859278581,0.357348068831395,0.421785903352825,9,1,100,0.309988758818787,0.569594468699321,9,2.17015814346123,1,-8.46399,245,0,0,20,"both",0.309988758818787,0.569594468699321
"834","session1",-16.8255397299697,10.1343420396778,2.22257367359494,0.000678025288659625,0.0186675859278581,0.357348068831395,0.421785903352825,9,1,100,0.309988758818787,0.569594468699321,9,2.71556780498841,1,-10.11117,245,0,0,20,"both",0.309988758818787,0.569594468699321
"835","session1",-16.8255397299697,10.1343420396778,2.22257367359494,0.000678025288659625,0.0186675859278581,0.357348068831395,0.421785903352825,9,1,100,0.309988758818787,0.569594468699321,9,2.02669606887896,1,-10.56432,245,0,0,20,"both",0.309988758818787,0.569594468699321
"836","session1",-16.8255397299697,10.1343420396778,2.22257367359494,0.000678025288659625,0.0186675859278581,0.357348068831395,0.421785903352825,9,1,100,0.309988758818787,0.569594468699321,9,1.91572339858904,1,-3.86325,245,0,0,20,"both",0.309988758818787,0.569594468699321
"837","session1",-16.8255397299697,10.1343420396778,2.22257367359494,0.000678025288659625,0.0186675859278581,0.357348068831395,0.421785903352825,9,1,100,0.309988758818787,0.569594468699321,9,2.60365033153528,1,-18.94501,245,0,0,20,"both",0.309988758818787,0.569594468699321
"838","session1",-16.8255397299697,10.1343420396778,2.22257367359494,0.000678025288659625,0.0186675859278581,0.357348068831395,0.421785903352825,9,1,100,0.309988758818787,0.569594468699321,9,2.09723458942723,1,-7.31227,245,0,0,20,"both",0.309988758818787,0.569594468699321
"839","session1",-16.8255397299697,10.1343420396778,2.22257367359494,0.000678025288659625,0.0186675859278581,0.357348068831395,0.421785903352825,9,1,100,0.309988758818787,0.569594468699321,9,1.98827482288257,0,-22.17133,245,0,0,20,"both",0.309988758818787,0.569594468699321
"840","session1",-16.8255397299697,10.1343420396778,2.22257367359494,0.000678025288659625,0.0186675859278581,0.357348068831395,0.421785903352825,9,1,100,0.309988758818787,0.569594468699321,9,1.98452663695675,1,-25.11168,245,0,0,20,"both",0.309988758818787,0.569594468699321
"841","session1",-16.8255397299697,10.1343420396778,2.22257367359494,0.000678025288659625,0.0186675859278581,0.357348068831395,0.421785903352825,9,1,100,0.309988758818787,0.569594468699321,9,2.62096200017578,1,-11.7644,245,0,0,20,"both",0.309988758818787,0.569594468699321
"842","session1",-16.8255397299697,10.1343420396778,2.22257367359494,0.000678025288659625,0.0186675859278581,0.357348068831395,0.421785903352825,9,1,100,0.309988758818787,0.569594468699321,9,2.96827931100987,0,-19.76862,245,0,0,20,"both",0.309988758818787,0.569594468699321
"843","session1",-16.8255397299697,10.1343420396778,2.22257367359494,0.000678025288659625,0.0186675859278581,0.357348068831395,0.421785903352825,9,1,100,0.309988758818787,0.569594468699321,9,2.68900328031438,0,-20.15091,245,0,0,20,"both",0.309988758818787,0.569594468699321
"844","session1",-16.8255397299697,10.1343420396778,2.22257367359494,0.000678025288659625,0.0186675859278581,0.357348068831395,0.421785903352825,9,1,100,0.309988758818787,0.569594468699321,9,2.08716963463598,0,-12.89556,245,0,0,20,"both",0.309988758818787,0.569594468699321
"845","session1",-16.8255397299697,10.1343420396778,2.22257367359494,0.000678025288659625,0.0186675859278581,0.357348068831395,0.421785903352825,9,1,100,0.309988758818787,0.569594468699321,9,2.81903429910741,0,-20.41854,245,0,0,20,"both",0.309988758818787,0.569594468699321
"846","session1",-16.8255397299697,10.1343420396778,2.22257367359494,0.000678025288659625,0.0186675859278581,0.357348068831395,0.421785903352825,9,1,100,0.309988758818787,0.569594468699321,9,2.16097165306656,0,-12.65371,245,0,0,20,"both",0.309988758818787,0.569594468699321
"847","session1",-16.8255397299697,10.1343420396778,2.22257367359494,0.000678025288659625,0.0186675859278581,0.357348068831395,0.421785903352825,9,1,100,0.309988758818787,0.569594468699321,9,3.00732364742326,1,-5.42545,245,0,0,20,"both",0.309988758818787,0.569594468699321
"848","session1",-16.8255397299697,10.1343420396778,2.22257367359494,0.000678025288659625,0.0186675859278581,0.357348068831395,0.421785903352825,9,1,100,0.309988758818787,0.569594468699321,9,1.89372237342012,0,-22.82451,245,0,0,20,"both",0.309988758818787,0.569594468699321
"849","session1",-16.8255397299697,10.1343420396778,2.22257367359494,0.000678025288659625,0.0186675859278581,0.357348068831395,0.421785903352825,9,1,100,0.309988758818787,0.569594468699321,9,1.26127019621209,1,-15.98267,245,0,0,20,"both",0.309988758818787,0.569594468699321
"850","session1",-16.8255397299697,10.1343420396778,2.22257367359494,0.000678025288659625,0.0186675859278581,0.357348068831395,0.421785903352825,9,1,100,0.309988758818787,0.569594468699321,9,2.31272829665799,1,-9.47385,245,0,0,20,"both",0.309988758818787,0.569594468699321
"851","session1",-16.8255397299697,10.1343420396778,2.22257367359494,0.000678025288659625,0.0186675859278581,0.357348068831395,0.421785903352825,9,1,100,0.309988758818787,0.569594468699321,9,1.42583049695929,1,-9.85556,245,0,0,20,"both",0.309988758818787,0.569594468699321
"852","session1",-16.8255397299697,10.1343420396778,2.22257367359494,0.000678025288659625,0.0186675859278581,0.357348068831395,0.421785903352825,9,1,100,0.309988758818787,0.569594468699321,9,1.11993966318163,1,-20.38744,245,0,0,20,"both",0.309988758818787,0.569594468699321
"853","session1",-16.8255397299697,10.1343420396778,2.22257367359494,0.000678025288659625,0.0186675859278581,0.357348068831395,0.421785903352825,9,1,100,0.309988758818787,0.569594468699321,9,1.77299026202166,1,-3.8604,245,0,0,20,"both",0.309988758818787,0.569594468699321
"854","session1",-16.8255397299697,10.1343420396778,2.22257367359494,0.000678025288659625,0.0186675859278581,0.357348068831395,0.421785903352825,9,1,100,0.309988758818787,0.569594468699321,9,1.97922873943995,0,-24.80862,245,0,0,20,"both",0.309988758818787,0.569594468699321
"855","session1",-16.8255397299697,10.1343420396778,2.22257367359494,0.000678025288659625,0.0186675859278581,0.357348068831395,0.421785903352825,9,1,100,0.309988758818787,0.569594468699321,9,2.69145908325668,1,-22.40734,245,0,0,20,"both",0.309988758818787,0.569594468699321
"856","session1",-16.8255397299697,10.1343420396778,2.22257367359494,0.000678025288659625,0.0186675859278581,0.357348068831395,0.421785903352825,9,1,100,0.309988758818787,0.569594468699321,9,2.79189351682705,0,-21.58465,245,0,0,20,"both",0.309988758818787,0.569594468699321
"857","session1",-16.8255397299697,10.1343420396778,2.22257367359494,0.000678025288659625,0.0186675859278581,0.357348068831395,0.421785903352825,9,1,100,0.309988758818787,0.569594468699321,9,1.43238471032798,0,-22.08773,245,0,0,20,"both",0.309988758818787,0.569594468699321
"858","session1",-16.8255397299697,10.1343420396778,2.22257367359494,0.000678025288659625,0.0186675859278581,0.357348068831395,0.421785903352825,9,1,100,0.309988758818787,0.569594468699321,9,1.87236128410707,1,-7.38331,245,0,0,20,"both",0.309988758818787,0.569594468699321
"859","session1",-16.8255397299697,10.1343420396778,2.22257367359494,0.000678025288659625,0.0186675859278581,0.357348068831395,0.421785903352825,9,1,100,0.309988758818787,0.569594468699321,9,1.66933909481006,1,-24.10573,245,0,0,20,"both",0.309988758818787,0.569594468699321
"860","session1",-16.8255397299697,10.1343420396778,2.22257367359494,0.000678025288659625,0.0186675859278581,0.357348068831395,0.421785903352825,9,1,100,0.309988758818787,0.569594468699321,9,2.57706765572316,0,-11.00601,245,0,0,20,"both",0.309988758818787,0.569594468699321
"861","session1",-16.8255397299697,10.1343420396778,2.22257367359494,0.000678025288659625,0.0186675859278581,0.357348068831395,0.421785903352825,9,1,100,0.309988758818787,0.569594468699321,9,2.08845960878674,0,-11.31698,245,0,0,20,"both",0.309988758818787,0.569594468699321
"862","session1",-16.8255397299697,10.1343420396778,2.22257367359494,0.000678025288659625,0.0186675859278581,0.357348068831395,0.421785903352825,9,1,100,0.309988758818787,0.569594468699321,9,1.75426168325359,1,-7.94384,245,0,0,20,"both",0.309988758818787,0.569594468699321
"863","session1",-16.8255397299697,10.1343420396778,2.22257367359494,0.000678025288659625,0.0186675859278581,0.357348068831395,0.421785903352825,9,1,100,0.309988758818787,0.569594468699321,9,2.30588569110285,0,-24.67569,245,0,0,20,"both",0.309988758818787,0.569594468699321
"864","session1",-16.8255397299697,10.1343420396778,2.22257367359494,0.000678025288659625,0.0186675859278581,0.357348068831395,0.421785903352825,9,1,100,0.309988758818787,0.569594468699321,9,2.01588810766464,1,-11.19495,245,0,0,20,"both",0.309988758818787,0.569594468699321
"865","session1",-16.8255397299697,10.1343420396778,2.22257367359494,0.000678025288659625,0.0186675859278581,0.357348068831395,0.421785903352825,9,1,100,0.309988758818787,0.569594468699321,9,3.93602644605619,0,-25.65937,245,0,0,20,"both",0.309988758818787,0.569594468699321
"866","session1",-16.8255397299697,10.1343420396778,2.22257367359494,0.000678025288659625,0.0186675859278581,0.357348068831395,0.421785903352825,9,1,100,0.309988758818787,0.569594468699321,9,1.9069842845547,1,-3.9587,245,0,0,20,"both",0.309988758818787,0.569594468699321
"867","session1",-16.8255397299697,10.1343420396778,2.22257367359494,0.000678025288659625,0.0186675859278581,0.357348068831395,0.421785903352825,9,1,100,0.309988758818787,0.569594468699321,9,1.71284852757222,1,3.8601,245,0,0,20,"both",0.309988758818787,0.569594468699321
"868","session1",-16.8255397299697,10.1343420396778,2.22257367359494,0.000678025288659625,0.0186675859278581,0.357348068831395,0.421785903352825,9,1,100,0.309988758818787,0.569594468699321,9,1.45252347060509,1,-6.79909,245,0,0,20,"both",0.309988758818787,0.569594468699321
"869","session1",-16.8255397299697,10.1343420396778,2.22257367359494,0.000678025288659625,0.0186675859278581,0.357348068831395,0.421785903352825,9,1,100,0.309988758818787,0.569594468699321,9,2.52203414295592,1,-5.7782,245,0,0,20,"both",0.309988758818787,0.569594468699321
"870","session1",-16.8255397299697,10.1343420396778,2.22257367359494,0.000678025288659625,0.0186675859278581,0.357348068831395,0.421785903352825,9,1,100,0.309988758818787,0.569594468699321,9,1.94532417217798,1,-3.1547,245,0,0,20,"both",0.309988758818787,0.569594468699321
"871","session1",-16.8255397299697,10.1343420396778,2.22257367359494,0.000678025288659625,0.0186675859278581,0.357348068831395,0.421785903352825,9,1,100,0.309988758818787,0.569594468699321,9,2.13761218891045,0,-21.29504,245,0,0,20,"both",0.309988758818787,0.569594468699321
"872","session1",-16.8255397299697,10.1343420396778,2.22257367359494,0.000678025288659625,0.0186675859278581,0.357348068831395,0.421785903352825,9,1,100,0.309988758818787,0.569594468699321,9,2.11752144320001,0,-20.5824,245,0,0,20,"both",0.309988758818787,0.569594468699321
"873","session1",-16.8255397299697,10.1343420396778,2.22257367359494,0.000678025288659625,0.0186675859278581,0.357348068831395,0.421785903352825,9,1,100,0.309988758818787,0.569594468699321,9,2.29740568060833,0,-22.15574,245,0,0,20,"both",0.309988758818787,0.569594468699321
"874","session1",-16.8255397299697,10.1343420396778,2.22257367359494,0.000678025288659625,0.0186675859278581,0.357348068831395,0.421785903352825,9,1,100,0.309988758818787,0.569594468699321,9,2.30532926398118,0,-28.2062,245,0,0,20,"both",0.309988758818787,0.569594468699321
"875","session1",-16.8255397299697,10.1343420396778,2.22257367359494,0.000678025288659625,0.0186675859278581,0.357348068831395,0.421785903352825,9,1,100,0.309988758818787,0.569594468699321,9,2.71900829909599,1,-21.38153,245,0,0,20,"both",0.309988758818787,0.569594468699321
"876","session1",-16.8255397299697,10.1343420396778,2.22257367359494,0.000678025288659625,0.0186675859278581,0.357348068831395,0.421785903352825,9,1,100,0.309988758818787,0.569594468699321,9,1.96865740020562,0,-23.92127,245,0,0,20,"both",0.309988758818787,0.569594468699321
"877","session1",-16.8255397299697,10.1343420396778,2.22257367359494,0.000678025288659625,0.0186675859278581,0.357348068831395,0.421785903352825,9,1,100,0.309988758818787,0.569594468699321,9,2.44640614298498,1,-20.93196,245,0,0,20,"both",0.309988758818787,0.569594468699321
"878","session1",-16.8255397299697,10.1343420396778,2.22257367359494,0.000678025288659625,0.0186675859278581,0.357348068831395,0.421785903352825,9,1,100,0.309988758818787,0.569594468699321,9,2.08079329911223,1,-6.3027,245,0,0,20,"both",0.309988758818787,0.569594468699321
"879","session1",-16.8255397299697,10.1343420396778,2.22257367359494,0.000678025288659625,0.0186675859278581,0.357348068831395,0.421785903352825,9,1,100,0.309988758818787,0.569594468699321,9,1.76720976301456,0,-25.51453,245,0,0,20,"both",0.309988758818787,0.569594468699321
"880","session1",-16.8255397299697,10.1343420396778,2.22257367359494,0.000678025288659625,0.0186675859278581,0.357348068831395,0.421785903352825,9,1,100,0.309988758818787,0.569594468699321,9,1.45326472906076,0,-9.35172,245,0,0,20,"both",0.309988758818787,0.569594468699321
"881","session1",-16.8255397299697,10.1343420396778,2.22257367359494,0.000678025288659625,0.0186675859278581,0.357348068831395,0.421785903352825,9,1,100,0.309988758818787,0.569594468699321,9,1.515747540387,1,-4.9559,245,0,0,20,"both",0.309988758818787,0.569594468699321
"882","session1",-16.8255397299697,10.1343420396778,2.22257367359494,0.000678025288659625,0.0186675859278581,0.357348068831395,0.421785903352825,9,1,100,0.309988758818787,0.569594468699321,9,1.5851980240776,0,-6.0794,245,0,0,20,"both",0.309988758818787,0.569594468699321
"883","session1",-16.8255397299697,10.1343420396778,2.22257367359494,0.000678025288659625,0.0186675859278581,0.357348068831395,0.421785903352825,9,1,100,0.309988758818787,0.569594468699321,9,1.59637944040265,1,-10.89827,245,0,0,20,"both",0.309988758818787,0.569594468699321
"884","session1",-16.8255397299697,10.1343420396778,2.22257367359494,0.000678025288659625,0.0186675859278581,0.357348068831395,0.421785903352825,9,1,100,0.309988758818787,0.569594468699321,9,1.46983790230478,1,-6.27771,245,0,0,20,"both",0.309988758818787,0.569594468699321
"885","session1",-16.8255397299697,10.1343420396778,2.22257367359494,0.000678025288659625,0.0186675859278581,0.357348068831395,0.421785903352825,9,1,100,0.309988758818787,0.569594468699321,9,1.6680140647768,0,-22.10544,245,0,0,20,"both",0.309988758818787,0.569594468699321
"886","session1",-16.8255397299697,10.1343420396778,2.22257367359494,0.000678025288659625,0.0186675859278581,0.357348068831395,0.421785903352825,9,1,100,0.309988758818787,0.569594468699321,9,1.2144654501826,1,-27.04813,245,0,0,20,"both",0.309988758818787,0.569594468699321
"887","session1",-16.8255397299697,10.1343420396778,2.22257367359494,0.000678025288659625,0.0186675859278581,0.357348068831395,0.421785903352825,9,1,100,0.309988758818787,0.569594468699321,9,2.16414199683937,1,-8.00985,245,0,0,20,"both",0.309988758818787,0.569594468699321
"888","session1",-16.8255397299697,10.1343420396778,2.22257367359494,0.000678025288659625,0.0186675859278581,0.357348068831395,0.421785903352825,9,1,100,0.309988758818787,0.569594468699321,9,1.05717122538302,1,-6.4289,245,0,0,20,"both",0.309988758818787,0.569594468699321
"889","session1",-16.8255397299697,10.1343420396778,2.22257367359494,0.000678025288659625,0.0186675859278581,0.357348068831395,0.421785903352825,9,1,100,0.309988758818787,0.569594468699321,9,2.04519191466159,1,-9.32304,245,0,0,20,"both",0.309988758818787,0.569594468699321
"890","session1",-16.8255397299697,10.1343420396778,2.22257367359494,0.000678025288659625,0.0186675859278581,0.357348068831395,0.421785903352825,9,1,100,0.309988758818787,0.569594468699321,9,2.26726921544556,1,-7.6678,245,0,0,20,"both",0.309988758818787,0.569594468699321
"891","session1",-16.8255397299697,10.1343420396778,2.22257367359494,0.000678025288659625,0.0186675859278581,0.357348068831395,0.421785903352825,9,1,100,0.309988758818787,0.569594468699321,9,1.88177303030063,1,-10.92369,245,0,0,20,"both",0.309988758818787,0.569594468699321
"892","session1",-16.8255397299697,10.1343420396778,2.22257367359494,0.000678025288659625,0.0186675859278581,0.357348068831395,0.421785903352825,9,1,100,0.309988758818787,0.569594468699321,9,2.7666165529636,1,-6.66916,245,0,0,20,"both",0.309988758818787,0.569594468699321
"893","session1",-16.8255397299697,10.1343420396778,2.22257367359494,0.000678025288659625,0.0186675859278581,0.357348068831395,0.421785903352825,9,1,100,0.309988758818787,0.569594468699321,9,2.46764239991026,0,-20.38602,245,0,0,20,"both",0.309988758818787,0.569594468699321
"894","session1",-16.8255397299697,10.1343420396778,2.22257367359494,0.000678025288659625,0.0186675859278581,0.357348068831395,0.421785903352825,9,1,100,0.309988758818787,0.569594468699321,9,2.70182104645798,1,-8.5174,245,0,0,20,"both",0.309988758818787,0.569594468699321
"895","session1",-16.8255397299697,10.1343420396778,2.22257367359494,0.000678025288659625,0.0186675859278581,0.357348068831395,0.421785903352825,9,1,100,0.309988758818787,0.569594468699321,9,1.50620456593028,1,-24.1441,245,0,0,20,"both",0.309988758818787,0.569594468699321
"896","session1",-16.8255397299697,10.1343420396778,2.22257367359494,0.000678025288659625,0.0186675859278581,0.357348068831395,0.421785903352825,9,1,100,0.309988758818787,0.569594468699321,9,1.92181560226396,0,-23.56177,245,0,0,20,"both",0.309988758818787,0.569594468699321
"897","session1",-16.8255397299697,10.1343420396778,2.22257367359494,0.000678025288659625,0.0186675859278581,0.357348068831395,0.421785903352825,9,1,100,0.309988758818787,0.569594468699321,9,2.34074841052496,1,-6.41371,245,0,0,20,"both",0.309988758818787,0.569594468699321
"898","session1",-16.8255397299697,10.1343420396778,2.22257367359494,0.000678025288659625,0.0186675859278581,0.357348068831395,0.421785903352825,9,1,100,0.309988758818787,0.569594468699321,9,1.87382948206839,0,-9.65478,245,0,0,20,"both",0.309988758818787,0.569594468699321
"899","session1",-16.8255397299697,10.1343420396778,2.22257367359494,0.000678025288659625,0.0186675859278581,0.357348068831395,0.421785903352825,9,1,100,0.309988758818787,0.569594468699321,9,1.91489938165148,0,-18.91402,245,0,0,20,"both",0.309988758818787,0.569594468699321
"900","session1",-16.8255397299697,10.1343420396778,2.22257367359494,0.000678025288659625,0.0186675859278581,0.357348068831395,0.421785903352825,9,1,100,0.309988758818787,0.569594468699321,9,2.44257765196962,0,-12.17094,245,0,0,20,"both",0.309988758818787,0.569594468699321
"901","session1",-11.9115591916389,13.7375106058361,2.72785108799208,0.000405175224086829,-0.0919403301433749,0.57256728665919,0.504140353702019,10,1,100,0.309988758818787,0.569594468699321,10,1.71466260699578,1,-9.4565356397,245,0,0,20,"both",0.309988758818787,0.569594468699321
"902","session1",-11.9115591916389,13.7375106058361,2.72785108799208,0.000405175224086829,-0.0919403301433749,0.57256728665919,0.504140353702019,10,1,100,0.309988758818787,0.569594468699321,10,3.14696452563564,0,-11.5801744472,245,0,0,20,"both",0.309988758818787,0.569594468699321
"903","session1",-11.9115591916389,13.7375106058361,2.72785108799208,0.000405175224086829,-0.0919403301433749,0.57256728665919,0.504140353702019,10,1,100,0.309988758818787,0.569594468699321,10,1.74442264827451,1,-2.77864755258,245,0,0,20,"both",0.309988758818787,0.569594468699321
"904","session1",-11.9115591916389,13.7375106058361,2.72785108799208,0.000405175224086829,-0.0919403301433749,0.57256728665919,0.504140353702019,10,1,100,0.309988758818787,0.569594468699321,10,2.43511043587053,1,-8.01105622607,245,0,0,20,"both",0.309988758818787,0.569594468699321
"905","session1",-11.9115591916389,13.7375106058361,2.72785108799208,0.000405175224086829,-0.0919403301433749,0.57256728665919,0.504140353702019,10,1,100,0.309988758818787,0.569594468699321,10,2.15014240962231,0,-11.2288763221,245,0,0,20,"both",0.309988758818787,0.569594468699321
"906","session1",-11.9115591916389,13.7375106058361,2.72785108799208,0.000405175224086829,-0.0919403301433749,0.57256728665919,0.504140353702019,10,1,100,0.309988758818787,0.569594468699321,10,1.86712848761641,1,-7.12416,245,0,0,20,"both",0.309988758818787,0.569594468699321
"907","session1",-11.9115591916389,13.7375106058361,2.72785108799208,0.000405175224086829,-0.0919403301433749,0.57256728665919,0.504140353702019,10,1,100,0.309988758818787,0.569594468699321,10,1.68376707261607,1,-13.05903,245,0,0,20,"both",0.309988758818787,0.569594468699321
"908","session1",-11.9115591916389,13.7375106058361,2.72785108799208,0.000405175224086829,-0.0919403301433749,0.57256728665919,0.504140353702019,10,1,100,0.309988758818787,0.569594468699321,10,1.48583487574325,0,-22.39278,245,0,0,20,"both",0.309988758818787,0.569594468699321
"909","session1",-11.9115591916389,13.7375106058361,2.72785108799208,0.000405175224086829,-0.0919403301433749,0.57256728665919,0.504140353702019,10,1,100,0.309988758818787,0.569594468699321,10,4.98969776889917,0,-19.68708,245,0,0,20,"both",0.309988758818787,0.569594468699321
"910","session1",-11.9115591916389,13.7375106058361,2.72785108799208,0.000405175224086829,-0.0919403301433749,0.57256728665919,0.504140353702019,10,1,100,0.309988758818787,0.569594468699321,10,1.73950490223856,1,15.7695,245,0,0,20,"both",0.309988758818787,0.569594468699321
"911","session1",-11.9115591916389,13.7375106058361,2.72785108799208,0.000405175224086829,-0.0919403301433749,0.57256728665919,0.504140353702019,10,1,100,0.309988758818787,0.569594468699321,10,7.37078137416557,0,-3.37615,245,0,0,20,"both",0.309988758818787,0.569594468699321
"912","session1",-11.9115591916389,13.7375106058361,2.72785108799208,0.000405175224086829,-0.0919403301433749,0.57256728665919,0.504140353702019,10,1,100,0.309988758818787,0.569594468699321,10,1.7300731069847,1,13.4207,245,0,0,20,"both",0.309988758818787,0.569594468699321
"913","session1",-11.9115591916389,13.7375106058361,2.72785108799208,0.000405175224086829,-0.0919403301433749,0.57256728665919,0.504140353702019,10,1,100,0.309988758818787,0.569594468699321,10,1.54670667248815,0,-33.97252,245,0,0,20,"both",0.309988758818787,0.569594468699321
"914","session1",-11.9115591916389,13.7375106058361,2.72785108799208,0.000405175224086829,-0.0919403301433749,0.57256728665919,0.504140353702019,10,1,100,0.309988758818787,0.569594468699321,10,1.44273191075663,1,-16.41357,245,0,0,20,"both",0.309988758818787,0.569594468699321
"915","session1",-11.9115591916389,13.7375106058361,2.72785108799208,0.000405175224086829,-0.0919403301433749,0.57256728665919,0.504140353702019,10,1,100,0.309988758818787,0.569594468699321,10,2.40025128136152,0,-14.92293,245,0,0,20,"both",0.309988758818787,0.569594468699321
"916","session1",-11.9115591916389,13.7375106058361,2.72785108799208,0.000405175224086829,-0.0919403301433749,0.57256728665919,0.504140353702019,10,1,100,0.309988758818787,0.569594468699321,10,1.58629415721887,0,-33.4305,245,0,0,20,"both",0.309988758818787,0.569594468699321
"917","session1",-11.9115591916389,13.7375106058361,2.72785108799208,0.000405175224086829,-0.0919403301433749,0.57256728665919,0.504140353702019,10,1,100,0.309988758818787,0.569594468699321,10,2.97281897048065,1,-10.10182824,245,0,0,20,"both",0.309988758818787,0.569594468699321
"918","session1",-11.9115591916389,13.7375106058361,2.72785108799208,0.000405175224086829,-0.0919403301433749,0.57256728665919,0.504140353702019,10,1,100,0.309988758818787,0.569594468699321,10,2.96587786056132,1,-10.06731,245,0,0,20,"both",0.309988758818787,0.569594468699321
"919","session1",-11.9115591916389,13.7375106058361,2.72785108799208,0.000405175224086829,-0.0919403301433749,0.57256728665919,0.504140353702019,10,1,100,0.309988758818787,0.569594468699321,10,1.33559861467347,0,-21.73496,245,0,0,20,"both",0.309988758818787,0.569594468699321
"920","session1",-11.9115591916389,13.7375106058361,2.72785108799208,0.000405175224086829,-0.0919403301433749,0.57256728665919,0.504140353702019,10,1,100,0.309988758818787,0.569594468699321,10,2.55780317934164,1,-4.50743,245,0,0,20,"both",0.309988758818787,0.569594468699321
"921","session1",-11.9115591916389,13.7375106058361,2.72785108799208,0.000405175224086829,-0.0919403301433749,0.57256728665919,0.504140353702019,10,1,100,0.309988758818787,0.569594468699321,10,4.35658143297071,1,-9.99065,245,0,0,20,"both",0.309988758818787,0.569594468699321
"922","session1",-11.9115591916389,13.7375106058361,2.72785108799208,0.000405175224086829,-0.0919403301433749,0.57256728665919,0.504140353702019,10,1,100,0.309988758818787,0.569594468699321,10,2.49387237459517,1,-3.35593,245,0,0,20,"both",0.309988758818787,0.569594468699321
"923","session1",-11.9115591916389,13.7375106058361,2.72785108799208,0.000405175224086829,-0.0919403301433749,0.57256728665919,0.504140353702019,10,1,100,0.309988758818787,0.569594468699321,10,2.56294941952719,0,-27.72601,245,0,0,20,"both",0.309988758818787,0.569594468699321
"924","session1",-11.9115591916389,13.7375106058361,2.72785108799208,0.000405175224086829,-0.0919403301433749,0.57256728665919,0.504140353702019,10,1,100,0.309988758818787,0.569594468699321,10,1.44225026975659,0,-14.22161,245,0,0,20,"both",0.309988758818787,0.569594468699321
"925","session1",-11.9115591916389,13.7375106058361,2.72785108799208,0.000405175224086829,-0.0919403301433749,0.57256728665919,0.504140353702019,10,1,100,0.309988758818787,0.569594468699321,10,3.47206915033006,0,-10.62776,245,0,0,20,"both",0.309988758818787,0.569594468699321
"926","session1",-11.9115591916389,13.7375106058361,2.72785108799208,0.000405175224086829,-0.0919403301433749,0.57256728665919,0.504140353702019,10,1,100,0.309988758818787,0.569594468699321,10,3.40302409338125,1,-16.30636,245,0,0,20,"both",0.309988758818787,0.569594468699321
"927","session1",-11.9115591916389,13.7375106058361,2.72785108799208,0.000405175224086829,-0.0919403301433749,0.57256728665919,0.504140353702019,10,1,100,0.309988758818787,0.569594468699321,10,1.26401215262874,1,-6.8237,245,0,0,20,"both",0.309988758818787,0.569594468699321
"928","session1",-11.9115591916389,13.7375106058361,2.72785108799208,0.000405175224086829,-0.0919403301433749,0.57256728665919,0.504140353702019,10,1,100,0.309988758818787,0.569594468699321,10,2.53117871169904,0,-20.49476,245,0,0,20,"both",0.309988758818787,0.569594468699321
"929","session1",-11.9115591916389,13.7375106058361,2.72785108799208,0.000405175224086829,-0.0919403301433749,0.57256728665919,0.504140353702019,10,1,100,0.309988758818787,0.569594468699321,10,2.51239283046524,0,-7.45328,245,0,0,20,"both",0.309988758818787,0.569594468699321
"930","session1",-11.9115591916389,13.7375106058361,2.72785108799208,0.000405175224086829,-0.0919403301433749,0.57256728665919,0.504140353702019,10,1,100,0.309988758818787,0.569594468699321,10,1.38821367734195,1,2.4428,245,0,0,20,"both",0.309988758818787,0.569594468699321
"931","session1",-11.9115591916389,13.7375106058361,2.72785108799208,0.000405175224086829,-0.0919403301433749,0.57256728665919,0.504140353702019,10,1,100,0.309988758818787,0.569594468699321,10,4.07056450648312,0,-17.98969,245,0,0,20,"both",0.309988758818787,0.569594468699321
"932","session1",-11.9115591916389,13.7375106058361,2.72785108799208,0.000405175224086829,-0.0919403301433749,0.57256728665919,0.504140353702019,10,1,100,0.309988758818787,0.569594468699321,10,0.860017778159597,0,-0.149699999999999,245,0,0,20,"both",0.309988758818787,0.569594468699321
"933","session1",-11.9115591916389,13.7375106058361,2.72785108799208,0.000405175224086829,-0.0919403301433749,0.57256728665919,0.504140353702019,10,1,100,0.309988758818787,0.569594468699321,10,3.03512630897378,0,-3.44021,245,0,0,20,"both",0.309988758818787,0.569594468699321
"934","session1",-11.9115591916389,13.7375106058361,2.72785108799208,0.000405175224086829,-0.0919403301433749,0.57256728665919,0.504140353702019,10,1,100,0.309988758818787,0.569594468699321,10,4.77599801791299,1,-21.07154,245,0,0,20,"both",0.309988758818787,0.569594468699321
"935","session1",-11.9115591916389,13.7375106058361,2.72785108799208,0.000405175224086829,-0.0919403301433749,0.57256728665919,0.504140353702019,10,1,100,0.309988758818787,0.569594468699321,10,1.60400723824455,0,-3.66077,245,0,0,20,"both",0.309988758818787,0.569594468699321
"936","session1",-11.9115591916389,13.7375106058361,2.72785108799208,0.000405175224086829,-0.0919403301433749,0.57256728665919,0.504140353702019,10,1,100,0.309988758818787,0.569594468699321,10,1.04156118869877,0,-9.6637783046,245,0,0,20,"both",0.309988758818787,0.569594468699321
"937","session1",-11.9115591916389,13.7375106058361,2.72785108799208,0.000405175224086829,-0.0919403301433749,0.57256728665919,0.504140353702019,10,1,100,0.309988758818787,0.569594468699321,10,2.52795725258068,0,-8.9795142547,245,0,0,20,"both",0.309988758818787,0.569594468699321
"938","session1",-11.9115591916389,13.7375106058361,2.72785108799208,0.000405175224086829,-0.0919403301433749,0.57256728665919,0.504140353702019,10,1,100,0.309988758818787,0.569594468699321,10,2.10164134840319,0,-31.99183,245,0,0,20,"both",0.309988758818787,0.569594468699321
"939","session1",-11.9115591916389,13.7375106058361,2.72785108799208,0.000405175224086829,-0.0919403301433749,0.57256728665919,0.504140353702019,10,1,100,0.309988758818787,0.569594468699321,10,1.2163034348512,1,14.89905,245,0,0,20,"both",0.309988758818787,0.569594468699321
"940","session1",-11.9115591916389,13.7375106058361,2.72785108799208,0.000405175224086829,-0.0919403301433749,0.57256728665919,0.504140353702019,10,1,100,0.309988758818787,0.569594468699321,10,1.5331097276313,1,-2.7494,245,0,0,20,"both",0.309988758818787,0.569594468699321
"941","session1",-11.9115591916389,13.7375106058361,2.72785108799208,0.000405175224086829,-0.0919403301433749,0.57256728665919,0.504140353702019,10,1,100,0.309988758818787,0.569594468699321,10,1.52516017779625,1,14.24995,245,0,0,20,"both",0.309988758818787,0.569594468699321
"942","session1",-11.9115591916389,13.7375106058361,2.72785108799208,0.000405175224086829,-0.0919403301433749,0.57256728665919,0.504140353702019,10,1,100,0.309988758818787,0.569594468699321,10,1.32292577429874,1,30.88158,245,0,0,20,"both",0.309988758818787,0.569594468699321
"943","session1",-11.9115591916389,13.7375106058361,2.72785108799208,0.000405175224086829,-0.0919403301433749,0.57256728665919,0.504140353702019,10,1,100,0.309988758818787,0.569594468699321,10,2.50362667861728,1,4.63001,245,0,0,20,"both",0.309988758818787,0.569594468699321
"944","session1",-11.9115591916389,13.7375106058361,2.72785108799208,0.000405175224086829,-0.0919403301433749,0.57256728665919,0.504140353702019,10,1,100,0.309988758818787,0.569594468699321,10,1.39935726401856,1,0.926399999999999,245,0,0,20,"both",0.309988758818787,0.569594468699321
"945","session1",-11.9115591916389,13.7375106058361,2.72785108799208,0.000405175224086829,-0.0919403301433749,0.57256728665919,0.504140353702019,10,1,100,0.309988758818787,0.569594468699321,10,0.81793952247005,1,15.00331,245,0,0,20,"both",0.309988758818787,0.569594468699321
"946","session1",-11.9115591916389,13.7375106058361,2.72785108799208,0.000405175224086829,-0.0919403301433749,0.57256728665919,0.504140353702019,10,1,100,0.309988758818787,0.569594468699321,10,1.45971091794364,0,-33.64082,245,0,0,20,"both",0.309988758818787,0.569594468699321
"947","session1",-11.9115591916389,13.7375106058361,2.72785108799208,0.000405175224086829,-0.0919403301433749,0.57256728665919,0.504140353702019,10,1,100,0.309988758818787,0.569594468699321,10,1.5738265093779,1,-17.52866,245,0,0,20,"both",0.309988758818787,0.569594468699321
"948","session1",-11.9115591916389,13.7375106058361,2.72785108799208,0.000405175224086829,-0.0919403301433749,0.57256728665919,0.504140353702019,10,1,100,0.309988758818787,0.569594468699321,10,0.91140106081012,1,6.76468,245,0,0,20,"both",0.309988758818787,0.569594468699321
"949","session1",-11.9115591916389,13.7375106058361,2.72785108799208,0.000405175224086829,-0.0919403301433749,0.57256728665919,0.504140353702019,10,1,100,0.309988758818787,0.569594468699321,10,1.00504036434465,0,-22.17002,245,0,0,20,"both",0.309988758818787,0.569594468699321
"950","session1",-11.9115591916389,13.7375106058361,2.72785108799208,0.000405175224086829,-0.0919403301433749,0.57256728665919,0.504140353702019,10,1,100,0.309988758818787,0.569594468699321,10,1.52902707940743,0,0.939300000000001,245,0,0,20,"both",0.309988758818787,0.569594468699321
"951","session1",-11.9115591916389,13.7375106058361,2.72785108799208,0.000405175224086829,-0.0919403301433749,0.57256728665919,0.504140353702019,10,1,100,0.309988758818787,0.569594468699321,10,0.961761039223139,1,11.76347,245,0,0,20,"both",0.309988758818787,0.569594468699321
"952","session1",-11.9115591916389,13.7375106058361,2.72785108799208,0.000405175224086829,-0.0919403301433749,0.57256728665919,0.504140353702019,10,1,100,0.309988758818787,0.569594468699321,10,1.48711840293904,1,9.10057,245,0,0,20,"both",0.309988758818787,0.569594468699321
"953","session1",-11.9115591916389,13.7375106058361,2.72785108799208,0.000405175224086829,-0.0919403301433749,0.57256728665919,0.504140353702019,10,1,100,0.309988758818787,0.569594468699321,10,2.15746369728975,0,-1.7435,245,0,0,20,"both",0.309988758818787,0.569594468699321
"954","session1",-11.9115591916389,13.7375106058361,2.72785108799208,0.000405175224086829,-0.0919403301433749,0.57256728665919,0.504140353702019,10,1,100,0.309988758818787,0.569594468699321,10,2.53741510289402,1,21.0619,245,0,0,20,"both",0.309988758818787,0.569594468699321
"955","session1",-11.9115591916389,13.7375106058361,2.72785108799208,0.000405175224086829,-0.0919403301433749,0.57256728665919,0.504140353702019,10,1,100,0.309988758818787,0.569594468699321,10,3.14731263055658,1,-1.1372,245,0,0,20,"both",0.309988758818787,0.569594468699321
"956","session1",-11.9115591916389,13.7375106058361,2.72785108799208,0.000405175224086829,-0.0919403301433749,0.57256728665919,0.504140353702019,10,1,100,0.309988758818787,0.569594468699321,10,2.23519738042405,0,-23.31099,245,0,0,20,"both",0.309988758818787,0.569594468699321
"957","session1",-11.9115591916389,13.7375106058361,2.72785108799208,0.000405175224086829,-0.0919403301433749,0.57256728665919,0.504140353702019,10,1,100,0.309988758818787,0.569594468699321,10,1.21272949431608,1,9.46935,245,0,0,20,"both",0.309988758818787,0.569594468699321
"958","session1",-11.9115591916389,13.7375106058361,2.72785108799208,0.000405175224086829,-0.0919403301433749,0.57256728665919,0.504140353702019,10,1,100,0.309988758818787,0.569594468699321,10,2.92005046685356,0,-35.5161,245,0,0,20,"both",0.309988758818787,0.569594468699321
"959","session1",-11.9115591916389,13.7375106058361,2.72785108799208,0.000405175224086829,-0.0919403301433749,0.57256728665919,0.504140353702019,10,1,100,0.309988758818787,0.569594468699321,10,1.0807994273672,1,-24.29231,245,0,0,20,"both",0.309988758818787,0.569594468699321
"960","session1",-11.9115591916389,13.7375106058361,2.72785108799208,0.000405175224086829,-0.0919403301433749,0.57256728665919,0.504140353702019,10,1,100,0.309988758818787,0.569594468699321,10,2.11544534603078,1,14.14167,245,0,0,20,"both",0.309988758818787,0.569594468699321
"961","session1",-11.9115591916389,13.7375106058361,2.72785108799208,0.000405175224086829,-0.0919403301433749,0.57256728665919,0.504140353702019,10,1,100,0.309988758818787,0.569594468699321,10,1.28224444193831,0,-31.0487,245,0,0,20,"both",0.309988758818787,0.569594468699321
"962","session1",-11.9115591916389,13.7375106058361,2.72785108799208,0.000405175224086829,-0.0919403301433749,0.57256728665919,0.504140353702019,10,1,100,0.309988758818787,0.569594468699321,10,1.09991657733634,1,2.241,245,0,0,20,"both",0.309988758818787,0.569594468699321
"963","session1",-11.9115591916389,13.7375106058361,2.72785108799208,0.000405175224086829,-0.0919403301433749,0.57256728665919,0.504140353702019,10,1,100,0.309988758818787,0.569594468699321,10,5.58401949922598,0,-2.52767,245,0,0,20,"both",0.309988758818787,0.569594468699321
"964","session1",-11.9115591916389,13.7375106058361,2.72785108799208,0.000405175224086829,-0.0919403301433749,0.57256728665919,0.504140353702019,10,1,100,0.309988758818787,0.569594468699321,10,1.62588084987326,1,11.6774,245,0,0,20,"both",0.309988758818787,0.569594468699321
"965","session1",-11.9115591916389,13.7375106058361,2.72785108799208,0.000405175224086829,-0.0919403301433749,0.57256728665919,0.504140353702019,10,1,100,0.309988758818787,0.569594468699321,10,0.909794583656639,0,-27.01189,245,0,0,20,"both",0.309988758818787,0.569594468699321
"966","session1",-11.9115591916389,13.7375106058361,2.72785108799208,0.000405175224086829,-0.0919403301433749,0.57256728665919,0.504140353702019,10,1,100,0.309988758818787,0.569594468699321,10,1.54240272792353,0,-34.73991,245,0,0,20,"both",0.309988758818787,0.569594468699321
"967","session1",-11.9115591916389,13.7375106058361,2.72785108799208,0.000405175224086829,-0.0919403301433749,0.57256728665919,0.504140353702019,10,1,100,0.309988758818787,0.569594468699321,10,0.792900874719209,1,10.88967,245,0,0,20,"both",0.309988758818787,0.569594468699321
"968","session1",-11.9115591916389,13.7375106058361,2.72785108799208,0.000405175224086829,-0.0919403301433749,0.57256728665919,0.504140353702019,10,1,100,0.309988758818787,0.569594468699321,10,1.23616117704972,1,4.0089,245,0,0,20,"both",0.309988758818787,0.569594468699321
"969","session1",-11.9115591916389,13.7375106058361,2.72785108799208,0.000405175224086829,-0.0919403301433749,0.57256728665919,0.504140353702019,10,1,100,0.309988758818787,0.569594468699321,10,1.24122268644653,1,-24.3818,245,0,0,20,"both",0.309988758818787,0.569594468699321
"970","session1",-11.9115591916389,13.7375106058361,2.72785108799208,0.000405175224086829,-0.0919403301433749,0.57256728665919,0.504140353702019,10,1,100,0.309988758818787,0.569594468699321,10,1.22376861152546,1,7.31867,245,0,0,20,"both",0.309988758818787,0.569594468699321
"971","session1",-11.9115591916389,13.7375106058361,2.72785108799208,0.000405175224086829,-0.0919403301433749,0.57256728665919,0.504140353702019,10,1,100,0.309988758818787,0.569594468699321,10,1.35281295747768,1,1.5326,245,0,0,20,"both",0.309988758818787,0.569594468699321
"972","session1",-11.9115591916389,13.7375106058361,2.72785108799208,0.000405175224086829,-0.0919403301433749,0.57256728665919,0.504140353702019,10,1,100,0.309988758818787,0.569594468699321,10,2.69047527819996,1,4.48204,245,0,0,20,"both",0.309988758818787,0.569594468699321
"973","session1",-11.9115591916389,13.7375106058361,2.72785108799208,0.000405175224086829,-0.0919403301433749,0.57256728665919,0.504140353702019,10,1,100,0.309988758818787,0.569594468699321,10,2.4740205705963,1,2.3656,245,0,0,20,"both",0.309988758818787,0.569594468699321
"974","session1",-11.9115591916389,13.7375106058361,2.72785108799208,0.000405175224086829,-0.0919403301433749,0.57256728665919,0.504140353702019,10,1,100,0.309988758818787,0.569594468699321,10,1.85197481990926,1,14.00547,245,0,0,20,"both",0.309988758818787,0.569594468699321
"975","session1",-11.9115591916389,13.7375106058361,2.72785108799208,0.000405175224086829,-0.0919403301433749,0.57256728665919,0.504140353702019,10,1,100,0.309988758818787,0.569594468699321,10,1.33026661346502,1,9.7228,245,0,0,20,"both",0.309988758818787,0.569594468699321
"976","session1",-11.9115591916389,13.7375106058361,2.72785108799208,0.000405175224086829,-0.0919403301433749,0.57256728665919,0.504140353702019,10,1,100,0.309988758818787,0.569594468699321,10,1.28202284271294,0,-26.5433,245,0,0,20,"both",0.309988758818787,0.569594468699321
"977","session1",-11.9115591916389,13.7375106058361,2.72785108799208,0.000405175224086829,-0.0919403301433749,0.57256728665919,0.504140353702019,10,1,100,0.309988758818787,0.569594468699321,10,2.7057154845567,1,-24.33052,245,0,0,20,"both",0.309988758818787,0.569594468699321
"978","session1",-11.9115591916389,13.7375106058361,2.72785108799208,0.000405175224086829,-0.0919403301433749,0.57256728665919,0.504140353702019,10,1,100,0.309988758818787,0.569594468699321,10,1.75219697741953,1,7.5212,245,0,0,20,"both",0.309988758818787,0.569594468699321
"979","session1",-11.9115591916389,13.7375106058361,2.72785108799208,0.000405175224086829,-0.0919403301433749,0.57256728665919,0.504140353702019,10,1,100,0.309988758818787,0.569594468699321,10,4.52896813246067,0,-10.89181,245,0,0,20,"both",0.309988758818787,0.569594468699321
"980","session1",-11.9115591916389,13.7375106058361,2.72785108799208,0.000405175224086829,-0.0919403301433749,0.57256728665919,0.504140353702019,10,1,100,0.309988758818787,0.569594468699321,10,1.3885349798538,0,-29.548,245,0,0,20,"both",0.309988758818787,0.569594468699321
"981","session1",-11.9115591916389,13.7375106058361,2.72785108799208,0.000405175224086829,-0.0919403301433749,0.57256728665919,0.504140353702019,10,1,100,0.309988758818787,0.569594468699321,10,1.44636902579241,1,5.1695,245,0,0,20,"both",0.309988758818787,0.569594468699321
"982","session1",-11.9115591916389,13.7375106058361,2.72785108799208,0.000405175224086829,-0.0919403301433749,0.57256728665919,0.504140353702019,10,1,100,0.309988758818787,0.569594468699321,10,1.16171328252271,1,3.5312,245,0,0,20,"both",0.309988758818787,0.569594468699321
"983","session1",-11.9115591916389,13.7375106058361,2.72785108799208,0.000405175224086829,-0.0919403301433749,0.57256728665919,0.504140353702019,10,1,100,0.309988758818787,0.569594468699321,10,2.01330331135069,1,-0.4361,245,0,0,20,"both",0.309988758818787,0.569594468699321
"984","session1",-11.9115591916389,13.7375106058361,2.72785108799208,0.000405175224086829,-0.0919403301433749,0.57256728665919,0.504140353702019,10,1,100,0.309988758818787,0.569594468699321,10,1.28399433718395,0,-34.4835,245,0,0,20,"both",0.309988758818787,0.569594468699321
"985","session1",-11.9115591916389,13.7375106058361,2.72785108799208,0.000405175224086829,-0.0919403301433749,0.57256728665919,0.504140353702019,10,1,100,0.309988758818787,0.569594468699321,10,1.61673822569167,0,-25.9636,245,0,0,20,"both",0.309988758818787,0.569594468699321
"986","session1",-11.9115591916389,13.7375106058361,2.72785108799208,0.000405175224086829,-0.0919403301433749,0.57256728665919,0.504140353702019,10,1,100,0.309988758818787,0.569594468699321,10,1.69237128949974,1,4.3802,245,0,0,20,"both",0.309988758818787,0.569594468699321
"987","session1",-11.9115591916389,13.7375106058361,2.72785108799208,0.000405175224086829,-0.0919403301433749,0.57256728665919,0.504140353702019,10,1,100,0.309988758818787,0.569594468699321,10,1.21012622950819,0,-26.3661,245,0,0,20,"both",0.309988758818787,0.569594468699321
"988","session1",-11.9115591916389,13.7375106058361,2.72785108799208,0.000405175224086829,-0.0919403301433749,0.57256728665919,0.504140353702019,10,1,100,0.309988758818787,0.569594468699321,10,1.91686233389967,0,-26.4769,245,0,0,20,"both",0.309988758818787,0.569594468699321
"989","session1",-11.9115591916389,13.7375106058361,2.72785108799208,0.000405175224086829,-0.0919403301433749,0.57256728665919,0.504140353702019,10,1,100,0.309988758818787,0.569594468699321,10,1.41788464989161,0,-26.1102,245,0,0,20,"both",0.309988758818787,0.569594468699321
"990","session1",-11.9115591916389,13.7375106058361,2.72785108799208,0.000405175224086829,-0.0919403301433749,0.57256728665919,0.504140353702019,10,1,100,0.309988758818787,0.569594468699321,10,1.24506733636113,1,-0.120700000000001,245,0,0,20,"both",0.309988758818787,0.569594468699321
"991","session1",-11.9115591916389,13.7375106058361,2.72785108799208,0.000405175224086829,-0.0919403301433749,0.57256728665919,0.504140353702019,10,1,100,0.309988758818787,0.569594468699321,10,1.85403961627965,0,-25.27353,245,0,0,20,"both",0.309988758818787,0.569594468699321
"992","session1",-11.9115591916389,13.7375106058361,2.72785108799208,0.000405175224086829,-0.0919403301433749,0.57256728665919,0.504140353702019,10,1,100,0.309988758818787,0.569594468699321,10,2.46743871419436,0,-20.78344,245,0,0,20,"both",0.309988758818787,0.569594468699321
"993","session1",-11.9115591916389,13.7375106058361,2.72785108799208,0.000405175224086829,-0.0919403301433749,0.57256728665919,0.504140353702019,10,1,100,0.309988758818787,0.569594468699321,10,1.76535097938148,1,-23.9029,245,0,0,20,"both",0.309988758818787,0.569594468699321
"994","session1",-11.9115591916389,13.7375106058361,2.72785108799208,0.000405175224086829,-0.0919403301433749,0.57256728665919,0.504140353702019,10,1,100,0.309988758818787,0.569594468699321,10,3.76206902467017,0,-21.89719,245,0,0,20,"both",0.309988758818787,0.569594468699321
"995","session1",-11.9115591916389,13.7375106058361,2.72785108799208,0.000405175224086829,-0.0919403301433749,0.57256728665919,0.504140353702019,10,1,100,0.309988758818787,0.569594468699321,10,4.31961577272252,1,-4.42237,245,0,0,20,"both",0.309988758818787,0.569594468699321
"996","session1",-11.9115591916389,13.7375106058361,2.72785108799208,0.000405175224086829,-0.0919403301433749,0.57256728665919,0.504140353702019,10,1,100,0.309988758818787,0.569594468699321,10,1.69658568306711,0,-30.9304,245,0,0,20,"both",0.309988758818787,0.569594468699321
"997","session1",-11.9115591916389,13.7375106058361,2.72785108799208,0.000405175224086829,-0.0919403301433749,0.57256728665919,0.504140353702019,10,1,100,0.309988758818787,0.569594468699321,10,1.72736162818664,1,-26.1642,245,0,0,20,"both",0.309988758818787,0.569594468699321
"998","session1",-11.9115591916389,13.7375106058361,2.72785108799208,0.000405175224086829,-0.0919403301433749,0.57256728665919,0.504140353702019,10,1,100,0.309988758818787,0.569594468699321,10,1.31179309373306,0,0.0365000000000002,245,0,0,20,"both",0.309988758818787,0.569594468699321
"999","session1",-11.9115591916389,13.7375106058361,2.72785108799208,0.000405175224086829,-0.0919403301433749,0.57256728665919,0.504140353702019,10,1,100,0.309988758818787,0.569594468699321,10,2.18743874314839,0,-21.9061,245,0,0,20,"both",0.309988758818787,0.569594468699321
"1000","session1",-11.9115591916389,13.7375106058361,2.72785108799208,0.000405175224086829,-0.0919403301433749,0.57256728665919,0.504140353702019,10,1,100,0.309988758818787,0.569594468699321,10,1.78076917866419,1,-2.9211,245,0,0,20,"both",0.309988758818787,0.569594468699321
"1001","session1",-11.2033844724879,11.7665604638445,2.57308520414973,0.000255688448958,0.766695414326239,0.35397596125712,0.711696413009842,11,1,100,0.309988758818787,0.569594468699321,11,3.10853556168171,0,-9.0762761173,245,0,0,20,"both",0.309988758818787,0.569594468699321
"1002","session1",-11.2033844724879,11.7665604638445,2.57308520414973,0.000255688448958,0.766695414326239,0.35397596125712,0.711696413009842,11,1,100,0.309988758818787,0.569594468699321,11,2.43298714682339,1,7.45201445516,245,0,0,20,"both",0.309988758818787,0.569594468699321
"1003","session1",-11.2033844724879,11.7665604638445,2.57308520414973,0.000255688448958,0.766695414326239,0.35397596125712,0.711696413009842,11,1,100,0.309988758818787,0.569594468699321,11,4.82106668434343,1,-1.8697137613,245,0,0,20,"both",0.309988758818787,0.569594468699321
"1004","session1",-11.2033844724879,11.7665604638445,2.57308520414973,0.000255688448958,0.766695414326239,0.35397596125712,0.711696413009842,11,1,100,0.309988758818787,0.569594468699321,11,3.68072761090439,1,-4.14871985071,245,0,0,20,"both",0.309988758818787,0.569594468699321
"1005","session1",-11.2033844724879,11.7665604638445,2.57308520414973,0.000255688448958,0.766695414326239,0.35397596125712,0.711696413009842,11,1,100,0.309988758818787,0.569594468699321,11,3.52377970025814,1,-2.447,245,0,0,20,"both",0.309988758818787,0.569594468699321
"1006","session1",-11.2033844724879,11.7665604638445,2.57308520414973,0.000255688448958,0.766695414326239,0.35397596125712,0.711696413009842,11,1,100,0.309988758818787,0.569594468699321,11,2.43160895934086,1,36.8324,245,0,0,20,"both",0.309988758818787,0.569594468699321
"1007","session1",-11.2033844724879,11.7665604638445,2.57308520414973,0.000255688448958,0.766695414326239,0.35397596125712,0.711696413009842,11,1,100,0.309988758818787,0.569594468699321,11,4.24733130820405,1,-8.72453,245,0,0,20,"both",0.309988758818787,0.569594468699321
"1008","session1",-11.2033844724879,11.7665604638445,2.57308520414973,0.000255688448958,0.766695414326239,0.35397596125712,0.711696413009842,11,1,100,0.309988758818787,0.569594468699321,11,3.45354889202406,1,8.33121,245,0,0,20,"both",0.309988758818787,0.569594468699321
"1009","session1",-11.2033844724879,11.7665604638445,2.57308520414973,0.000255688448958,0.766695414326239,0.35397596125712,0.711696413009842,11,1,100,0.309988758818787,0.569594468699321,11,4.97614185543473,0,-15.3565,245,0,0,20,"both",0.309988758818787,0.569594468699321
"1010","session1",-11.2033844724879,11.7665604638445,2.57308520414973,0.000255688448958,0.766695414326239,0.35397596125712,0.711696413009842,11,1,100,0.309988758818787,0.569594468699321,11,5.95970460042372,1,-10.06964,245,0,0,20,"both",0.309988758818787,0.569594468699321
"1011","session1",-11.2033844724879,11.7665604638445,2.57308520414973,0.000255688448958,0.766695414326239,0.35397596125712,0.711696413009842,11,1,100,0.309988758818787,0.569594468699321,11,3.71019120929102,0,-30.4259,245,0,0,20,"both",0.309988758818787,0.569594468699321
"1012","session1",-11.2033844724879,11.7665604638445,2.57308520414973,0.000255688448958,0.766695414326239,0.35397596125712,0.711696413009842,11,1,100,0.309988758818787,0.569594468699321,11,6.129081915629,0,-18.81258,245,0,0,20,"both",0.309988758818787,0.569594468699321
"1013","session1",-11.2033844724879,11.7665604638445,2.57308520414973,0.000255688448958,0.766695414326239,0.35397596125712,0.711696413009842,11,1,100,0.309988758818787,0.569594468699321,11,3.94632641818345,0,-7.81917,245,0,0,20,"both",0.309988758818787,0.569594468699321
"1014","session1",-11.2033844724879,11.7665604638445,2.57308520414973,0.000255688448958,0.766695414326239,0.35397596125712,0.711696413009842,11,1,100,0.309988758818787,0.569594468699321,11,3.9389039071906,1,-14.23191,245,0,0,20,"both",0.309988758818787,0.569594468699321
"1015","session1",-11.2033844724879,11.7665604638445,2.57308520414973,0.000255688448958,0.766695414326239,0.35397596125712,0.711696413009842,11,1,100,0.309988758818787,0.569594468699321,11,6.62598947545827,0,-9.68325,245,0,0,20,"both",0.309988758818787,0.569594468699321
"1016","session1",-11.2033844724879,11.7665604638445,2.57308520414973,0.000255688448958,0.766695414326239,0.35397596125712,0.711696413009842,11,1,100,0.309988758818787,0.569594468699321,11,5.50380356740027,1,-11.20481,245,0,0,20,"both",0.309988758818787,0.569594468699321
"1017","session1",-11.2033844724879,11.7665604638445,2.57308520414973,0.000255688448958,0.766695414326239,0.35397596125712,0.711696413009842,11,1,100,0.309988758818787,0.569594468699321,11,2.45544460022983,0,-39.51841,245,0,0,20,"both",0.309988758818787,0.569594468699321
"1018","session1",-11.2033844724879,11.7665604638445,2.57308520414973,0.000255688448958,0.766695414326239,0.35397596125712,0.711696413009842,11,1,100,0.309988758818787,0.569594468699321,11,2.55608741115978,0,-5.71785,245,0,0,20,"both",0.309988758818787,0.569594468699321
"1019","session1",-11.2033844724879,11.7665604638445,2.57308520414973,0.000255688448958,0.766695414326239,0.35397596125712,0.711696413009842,11,1,100,0.309988758818787,0.569594468699321,11,4.42017378471574,0,-14.10765,245,0,0,20,"both",0.309988758818787,0.569594468699321
"1020","session1",-11.2033844724879,11.7665604638445,2.57308520414973,0.000255688448958,0.766695414326239,0.35397596125712,0.711696413009842,11,1,100,0.309988758818787,0.569594468699321,11,4.09052390316653,0,-28.8064,245,0,0,20,"both",0.309988758818787,0.569594468699321
"1021","session1",-11.2033844724879,11.7665604638445,2.57308520414973,0.000255688448958,0.766695414326239,0.35397596125712,0.711696413009842,11,1,100,0.309988758818787,0.569594468699321,11,4.93541622559574,0,-12.49895,245,0,0,20,"both",0.309988758818787,0.569594468699321
"1022","session1",-11.2033844724879,11.7665604638445,2.57308520414973,0.000255688448958,0.766695414326239,0.35397596125712,0.711696413009842,11,1,100,0.309988758818787,0.569594468699321,11,4.32777958503493,1,-4.55178,245,0,0,20,"both",0.309988758818787,0.569594468699321
"1023","session1",-11.2033844724879,11.7665604638445,2.57308520414973,0.000255688448958,0.766695414326239,0.35397596125712,0.711696413009842,11,1,100,0.309988758818787,0.569594468699321,11,4.35294878017897,1,-5.58114,245,0,0,20,"both",0.309988758818787,0.569594468699321
"1024","session1",-11.2033844724879,11.7665604638445,2.57308520414973,0.000255688448958,0.766695414326239,0.35397596125712,0.711696413009842,11,1,100,0.309988758818787,0.569594468699321,11,3.22074117802276,0,-23.75044,245,0,0,20,"both",0.309988758818787,0.569594468699321
"1025","session1",-11.2033844724879,11.7665604638445,2.57308520414973,0.000255688448958,0.766695414326239,0.35397596125712,0.711696413009842,11,1,100,0.309988758818787,0.569594468699321,11,4.45829000405499,0,-13.44173,245,0,0,20,"both",0.309988758818787,0.569594468699321
"1026","session1",-11.2033844724879,11.7665604638445,2.57308520414973,0.000255688448958,0.766695414326239,0.35397596125712,0.711696413009842,11,1,100,0.309988758818787,0.569594468699321,11,5.54988367175667,0,-8.78161,245,0,0,20,"both",0.309988758818787,0.569594468699321
"1027","session1",-11.2033844724879,11.7665604638445,2.57308520414973,0.000255688448958,0.766695414326239,0.35397596125712,0.711696413009842,11,1,100,0.309988758818787,0.569594468699321,11,2.26357518449146,0,-20.78964,245,0,0,20,"both",0.309988758818787,0.569594468699321
"1028","session1",-11.2033844724879,11.7665604638445,2.57308520414973,0.000255688448958,0.766695414326239,0.35397596125712,0.711696413009842,11,1,100,0.309988758818787,0.569594468699321,11,3.72436357461283,1,-1.57075,245,0,0,20,"both",0.309988758818787,0.569594468699321
"1029","session1",-11.2033844724879,11.7665604638445,2.57308520414973,0.000255688448958,0.766695414326239,0.35397596125712,0.711696413009842,11,1,100,0.309988758818787,0.569594468699321,11,3.05710139906405,1,-1.57847,245,0,0,20,"both",0.309988758818787,0.569594468699321
"1030","session1",-11.2033844724879,11.7665604638445,2.57308520414973,0.000255688448958,0.766695414326239,0.35397596125712,0.711696413009842,11,1,100,0.309988758818787,0.569594468699321,11,2.86680561171294,1,2.16634,245,0,0,20,"both",0.309988758818787,0.569594468699321
"1031","session1",-11.2033844724879,11.7665604638445,2.57308520414973,0.000255688448958,0.766695414326239,0.35397596125712,0.711696413009842,11,1,100,0.309988758818787,0.569594468699321,11,4.24782175542554,0,-18.2445,245,0,0,20,"both",0.309988758818787,0.569594468699321
"1032","session1",-11.2033844724879,11.7665604638445,2.57308520414973,0.000255688448958,0.766695414326239,0.35397596125712,0.711696413009842,11,1,100,0.309988758818787,0.569594468699321,11,5.23580448422838,1,-1.55026,245,0,0,20,"both",0.309988758818787,0.569594468699321
"1033","session1",-11.2033844724879,11.7665604638445,2.57308520414973,0.000255688448958,0.766695414326239,0.35397596125712,0.711696413009842,11,1,100,0.309988758818787,0.569594468699321,11,5.24714034526616,0,-6.12584,245,0,0,20,"both",0.309988758818787,0.569594468699321
"1034","session1",-11.2033844724879,11.7665604638445,2.57308520414973,0.000255688448958,0.766695414326239,0.35397596125712,0.711696413009842,11,1,100,0.309988758818787,0.569594468699321,11,3.48471986107721,1,-12.81295,245,0,0,20,"both",0.309988758818787,0.569594468699321
"1035","session1",-11.2033844724879,11.7665604638445,2.57308520414973,0.000255688448958,0.766695414326239,0.35397596125712,0.711696413009842,11,1,100,0.309988758818787,0.569594468699321,11,7.43443236924914,1,-2.90275,245,0,0,20,"both",0.309988758818787,0.569594468699321
"1036","session1",-11.2033844724879,11.7665604638445,2.57308520414973,0.000255688448958,0.766695414326239,0.35397596125712,0.711696413009842,11,1,100,0.309988758818787,0.569594468699321,11,5.00248371968108,1,5.77705,245,0,0,20,"both",0.309988758818787,0.569594468699321
"1037","session1",-11.2033844724879,11.7665604638445,2.57308520414973,0.000255688448958,0.766695414326239,0.35397596125712,0.711696413009842,11,1,100,0.309988758818787,0.569594468699321,11,5.23044090855088,1,-4.28351,245,0,0,20,"both",0.309988758818787,0.569594468699321
"1038","session1",-11.2033844724879,11.7665604638445,2.57308520414973,0.000255688448958,0.766695414326239,0.35397596125712,0.711696413009842,11,1,100,0.309988758818787,0.569594468699321,11,4.01566015360927,0,-5.56303,245,0,0,20,"both",0.309988758818787,0.569594468699321
"1039","session1",-11.2033844724879,11.7665604638445,2.57308520414973,0.000255688448958,0.766695414326239,0.35397596125712,0.711696413009842,11,1,100,0.309988758818787,0.569594468699321,11,8,0,-17.99501,245,0,0,20,"both",0.309988758818787,0.569594468699321
"1040","session1",-11.2033844724879,11.7665604638445,2.57308520414973,0.000255688448958,0.766695414326239,0.35397596125712,0.711696413009842,11,1,100,0.309988758818787,0.569594468699321,11,4.07421973453384,1,-12.60868,245,0,0,20,"both",0.309988758818787,0.569594468699321
"1041","session1",-11.2033844724879,11.7665604638445,2.57308520414973,0.000255688448958,0.766695414326239,0.35397596125712,0.711696413009842,11,1,100,0.309988758818787,0.569594468699321,11,2.96158908785571,1,-1.76513,245,0,0,20,"both",0.309988758818787,0.569594468699321
"1042","session1",-11.2033844724879,11.7665604638445,2.57308520414973,0.000255688448958,0.766695414326239,0.35397596125712,0.711696413009842,11,1,100,0.309988758818787,0.569594468699321,11,4.02342980997068,0,-16.20968,245,0,0,20,"both",0.309988758818787,0.569594468699321
"1043","session1",-11.2033844724879,11.7665604638445,2.57308520414973,0.000255688448958,0.766695414326239,0.35397596125712,0.711696413009842,11,1,100,0.309988758818787,0.569594468699321,11,3.57452559387232,1,-15.65243,245,0,0,20,"both",0.309988758818787,0.569594468699321
"1044","session1",-11.2033844724879,11.7665604638445,2.57308520414973,0.000255688448958,0.766695414326239,0.35397596125712,0.711696413009842,11,1,100,0.309988758818787,0.569594468699321,11,5.10479984132769,1,-16.82104,245,0,0,20,"both",0.309988758818787,0.569594468699321
"1045","session1",-11.2033844724879,11.7665604638445,2.57308520414973,0.000255688448958,0.766695414326239,0.35397596125712,0.711696413009842,11,1,100,0.309988758818787,0.569594468699321,11,4.10085093083824,1,-14.69707,245,0,0,20,"both",0.309988758818787,0.569594468699321
"1046","session1",-11.2033844724879,11.7665604638445,2.57308520414973,0.000255688448958,0.766695414326239,0.35397596125712,0.711696413009842,11,1,100,0.309988758818787,0.569594468699321,11,4.12658891714594,1,-4.92939,245,0,0,20,"both",0.309988758818787,0.569594468699321
"1047","session1",-11.2033844724879,11.7665604638445,2.57308520414973,0.000255688448958,0.766695414326239,0.35397596125712,0.711696413009842,11,1,100,0.309988758818787,0.569594468699321,11,3.20552082334136,0,-3.68973,245,0,0,20,"both",0.309988758818787,0.569594468699321
"1048","session1",-11.2033844724879,11.7665604638445,2.57308520414973,0.000255688448958,0.766695414326239,0.35397596125712,0.711696413009842,11,1,100,0.309988758818787,0.569594468699321,11,3.86774994656903,0,-18.42196,245,0,0,20,"both",0.309988758818787,0.569594468699321
"1049","session1",-11.2033844724879,11.7665604638445,2.57308520414973,0.000255688448958,0.766695414326239,0.35397596125712,0.711696413009842,11,1,100,0.309988758818787,0.569594468699321,11,2.91897543101396,0,-26.98962,245,0,0,20,"both",0.309988758818787,0.569594468699321
"1050","session1",-11.2033844724879,11.7665604638445,2.57308520414973,0.000255688448958,0.766695414326239,0.35397596125712,0.711696413009842,11,1,100,0.309988758818787,0.569594468699321,11,5.02170319196917,1,-0.0502099999999999,245,0,0,20,"both",0.309988758818787,0.569594468699321
"1051","session1",-11.2033844724879,11.7665604638445,2.57308520414973,0.000255688448958,0.766695414326239,0.35397596125712,0.711696413009842,11,1,100,0.309988758818787,0.569594468699321,11,5.85046300600348,1,-1.9864,245,0,0,20,"both",0.309988758818787,0.569594468699321
"1052","session1",-11.2033844724879,11.7665604638445,2.57308520414973,0.000255688448958,0.766695414326239,0.35397596125712,0.711696413009842,11,1,100,0.309988758818787,0.569594468699321,11,3.04983362735072,0,-15.49994,245,0,0,20,"both",0.309988758818787,0.569594468699321
"1053","session1",-11.2033844724879,11.7665604638445,2.57308520414973,0.000255688448958,0.766695414326239,0.35397596125712,0.711696413009842,11,1,100,0.309988758818787,0.569594468699321,11,3.8513825420901,0,-21.68077,245,0,0,20,"both",0.309988758818787,0.569594468699321
"1054","session1",-11.2033844724879,11.7665604638445,2.57308520414973,0.000255688448958,0.766695414326239,0.35397596125712,0.711696413009842,11,1,100,0.309988758818787,0.569594468699321,11,4.64359210035587,0,-15.02962,245,0,0,20,"both",0.309988758818787,0.569594468699321
"1055","session1",-11.2033844724879,11.7665604638445,2.57308520414973,0.000255688448958,0.766695414326239,0.35397596125712,0.711696413009842,11,1,100,0.309988758818787,0.569594468699321,11,3.30079078154945,0,-21.1734,245,0,0,20,"both",0.309988758818787,0.569594468699321
"1056","session1",-11.2033844724879,11.7665604638445,2.57308520414973,0.000255688448958,0.766695414326239,0.35397596125712,0.711696413009842,11,1,100,0.309988758818787,0.569594468699321,11,3.90443016082138,0,-15.15056,245,0,0,20,"both",0.309988758818787,0.569594468699321
"1057","session1",-11.2033844724879,11.7665604638445,2.57308520414973,0.000255688448958,0.766695414326239,0.35397596125712,0.711696413009842,11,1,100,0.309988758818787,0.569594468699321,11,5.41750344525395,1,-0.615500000000001,245,0,0,20,"both",0.309988758818787,0.569594468699321
"1058","session1",-11.2033844724879,11.7665604638445,2.57308520414973,0.000255688448958,0.766695414326239,0.35397596125712,0.711696413009842,11,1,100,0.309988758818787,0.569594468699321,11,3.47293041637431,1,-3.28471,245,0,0,20,"both",0.309988758818787,0.569594468699321
"1059","session1",-11.2033844724879,11.7665604638445,2.57308520414973,0.000255688448958,0.766695414326239,0.35397596125712,0.711696413009842,11,1,100,0.309988758818787,0.569594468699321,11,3.6776361659553,1,-0.0517000000000003,245,0,0,20,"both",0.309988758818787,0.569594468699321
"1060","session1",-11.2033844724879,11.7665604638445,2.57308520414973,0.000255688448958,0.766695414326239,0.35397596125712,0.711696413009842,11,1,100,0.309988758818787,0.569594468699321,11,8,0,-18.67532,245,0,0,20,"both",0.309988758818787,0.569594468699321
"1061","session1",-11.2033844724879,11.7665604638445,2.57308520414973,0.000255688448958,0.766695414326239,0.35397596125712,0.711696413009842,11,1,100,0.309988758818787,0.569594468699321,11,3.41082558882422,1,-0.27496,245,0,0,20,"both",0.309988758818787,0.569594468699321
"1062","session1",-11.2033844724879,11.7665604638445,2.57308520414973,0.000255688448958,0.766695414326239,0.35397596125712,0.711696413009842,11,1,100,0.309988758818787,0.569594468699321,11,3.49076051571966,1,-21.50426,245,0,0,20,"both",0.309988758818787,0.569594468699321
"1063","session1",-11.2033844724879,11.7665604638445,2.57308520414973,0.000255688448958,0.766695414326239,0.35397596125712,0.711696413009842,11,1,100,0.309988758818787,0.569594468699321,11,5.50895275521784,1,-5.56633,245,0,0,20,"both",0.309988758818787,0.569594468699321
"1064","session1",-11.2033844724879,11.7665604638445,2.57308520414973,0.000255688448958,0.766695414326239,0.35397596125712,0.711696413009842,11,1,100,0.309988758818787,0.569594468699321,11,4.41034441623362,0,-22.2345,245,0,0,20,"both",0.309988758818787,0.569594468699321
"1065","session1",-11.2033844724879,11.7665604638445,2.57308520414973,0.000255688448958,0.766695414326239,0.35397596125712,0.711696413009842,11,1,100,0.309988758818787,0.569594468699321,11,3.16612870044101,1,-0.549519999999999,245,0,0,20,"both",0.309988758818787,0.569594468699321
"1066","session1",-11.2033844724879,11.7665604638445,2.57308520414973,0.000255688448958,0.766695414326239,0.35397596125712,0.711696413009842,11,1,100,0.309988758818787,0.569594468699321,11,5.8445113899439,1,-3.87007,245,0,0,20,"both",0.309988758818787,0.569594468699321
"1067","session1",-11.2033844724879,11.7665604638445,2.57308520414973,0.000255688448958,0.766695414326239,0.35397596125712,0.711696413009842,11,1,100,0.309988758818787,0.569594468699321,11,5.23305337610903,1,-6.11843,245,0,0,20,"both",0.309988758818787,0.569594468699321
"1068","session1",-11.2033844724879,11.7665604638445,2.57308520414973,0.000255688448958,0.766695414326239,0.35397596125712,0.711696413009842,11,1,100,0.309988758818787,0.569594468699321,11,3.5440716578535,1,-16.52769,245,0,0,20,"both",0.309988758818787,0.569594468699321
"1069","session1",-11.2033844724879,11.7665604638445,2.57308520414973,0.000255688448958,0.766695414326239,0.35397596125712,0.711696413009842,11,1,100,0.309988758818787,0.569594468699321,11,5.62920453377454,0,-18.83626,245,0,0,20,"both",0.309988758818787,0.569594468699321
"1070","session1",-11.2033844724879,11.7665604638445,2.57308520414973,0.000255688448958,0.766695414326239,0.35397596125712,0.711696413009842,11,1,100,0.309988758818787,0.569594468699321,11,4.10028345771379,0,-19.1786,245,0,0,20,"both",0.309988758818787,0.569594468699321
"1071","session1",-11.2033844724879,11.7665604638445,2.57308520414973,0.000255688448958,0.766695414326239,0.35397596125712,0.711696413009842,11,1,100,0.309988758818787,0.569594468699321,11,4.34382549277011,1,-19.28487,245,0,0,20,"both",0.309988758818787,0.569594468699321
"1072","session1",-11.2033844724879,11.7665604638445,2.57308520414973,0.000255688448958,0.766695414326239,0.35397596125712,0.711696413009842,11,1,100,0.309988758818787,0.569594468699321,11,4.99504023255639,1,-2.4537,245,0,0,20,"both",0.309988758818787,0.569594468699321
"1073","session1",-11.2033844724879,11.7665604638445,2.57308520414973,0.000255688448958,0.766695414326239,0.35397596125712,0.711696413009842,11,1,100,0.309988758818787,0.569594468699321,11,4.55646982486976,1,-16.1352,245,0,0,20,"both",0.309988758818787,0.569594468699321
"1074","session1",-11.2033844724879,11.7665604638445,2.57308520414973,0.000255688448958,0.766695414326239,0.35397596125712,0.711696413009842,11,1,100,0.309988758818787,0.569594468699321,11,6.14161213670313,1,-16.09823,245,0,0,20,"both",0.309988758818787,0.569594468699321
"1075","session1",-11.2033844724879,11.7665604638445,2.57308520414973,0.000255688448958,0.766695414326239,0.35397596125712,0.711696413009842,11,1,100,0.309988758818787,0.569594468699321,11,3.83504416273728,0,-27.5791,245,0,0,20,"both",0.309988758818787,0.569594468699321
"1076","session1",-11.2033844724879,11.7665604638445,2.57308520414973,0.000255688448958,0.766695414326239,0.35397596125712,0.711696413009842,11,1,100,0.309988758818787,0.569594468699321,11,3.19095021825527,1,-0.2204,245,0,0,20,"both",0.309988758818787,0.569594468699321
"1077","session1",-11.2033844724879,11.7665604638445,2.57308520414973,0.000255688448958,0.766695414326239,0.35397596125712,0.711696413009842,11,1,100,0.309988758818787,0.569594468699321,11,2.41933382394437,1,-1.14938,245,0,0,20,"both",0.309988758818787,0.569594468699321
"1078","session1",-11.2033844724879,11.7665604638445,2.57308520414973,0.000255688448958,0.766695414326239,0.35397596125712,0.711696413009842,11,1,100,0.309988758818787,0.569594468699321,11,2.07997918863859,0,-22.92799,245,0,0,20,"both",0.309988758818787,0.569594468699321
"1079","session1",-11.2033844724879,11.7665604638445,2.57308520414973,0.000255688448958,0.766695414326239,0.35397596125712,0.711696413009842,11,1,100,0.309988758818787,0.569594468699321,11,3.72819025658426,0,-19.13459,245,0,0,20,"both",0.309988758818787,0.569594468699321
"1080","session1",-11.2033844724879,11.7665604638445,2.57308520414973,0.000255688448958,0.766695414326239,0.35397596125712,0.711696413009842,11,1,100,0.309988758818787,0.569594468699321,11,4.77869765345402,0,-17.02865,245,0,0,20,"both",0.309988758818787,0.569594468699321
"1081","session1",-11.2033844724879,11.7665604638445,2.57308520414973,0.000255688448958,0.766695414326239,0.35397596125712,0.711696413009842,11,1,100,0.309988758818787,0.569594468699321,11,3.50087659669005,1,-24.5104,245,0,0,20,"both",0.309988758818787,0.569594468699321
"1082","session1",-11.2033844724879,11.7665604638445,2.57308520414973,0.000255688448958,0.766695414326239,0.35397596125712,0.711696413009842,11,1,100,0.309988758818787,0.569594468699321,11,5.07392581331187,0,-22.52274,245,0,0,20,"both",0.309988758818787,0.569594468699321
"1083","session1",-11.2033844724879,11.7665604638445,2.57308520414973,0.000255688448958,0.766695414326239,0.35397596125712,0.711696413009842,11,1,100,0.309988758818787,0.569594468699321,11,4.82363691613724,1,-1.6372,245,0,0,20,"both",0.309988758818787,0.569594468699321
"1084","session1",-11.2033844724879,11.7665604638445,2.57308520414973,0.000255688448958,0.766695414326239,0.35397596125712,0.711696413009842,11,1,100,0.309988758818787,0.569594468699321,11,2.74077879159971,0,-21.29918,245,0,0,20,"both",0.309988758818787,0.569594468699321
"1085","session1",-11.2033844724879,11.7665604638445,2.57308520414973,0.000255688448958,0.766695414326239,0.35397596125712,0.711696413009842,11,1,100,0.309988758818787,0.569594468699321,11,2.69391231497943,0,-25.8865,245,0,0,20,"both",0.309988758818787,0.569594468699321
"1086","session1",-11.2033844724879,11.7665604638445,2.57308520414973,0.000255688448958,0.766695414326239,0.35397596125712,0.711696413009842,11,1,100,0.309988758818787,0.569594468699321,11,5.76659206365255,1,-22.01275,245,0,0,20,"both",0.309988758818787,0.569594468699321
"1087","session1",-11.2033844724879,11.7665604638445,2.57308520414973,0.000255688448958,0.766695414326239,0.35397596125712,0.711696413009842,11,1,100,0.309988758818787,0.569594468699321,11,6.24274123874429,0,-20.36508,245,0,0,20,"both",0.309988758818787,0.569594468699321
"1088","session1",-11.2033844724879,11.7665604638445,2.57308520414973,0.000255688448958,0.766695414326239,0.35397596125712,0.711696413009842,11,1,100,0.309988758818787,0.569594468699321,11,5.44094902646603,0,-0.67333,245,0,0,20,"both",0.309988758818787,0.569594468699321
"1089","session1",-11.2033844724879,11.7665604638445,2.57308520414973,0.000255688448958,0.766695414326239,0.35397596125712,0.711696413009842,11,1,100,0.309988758818787,0.569594468699321,11,3.90904671302512,1,-22.05054,245,0,0,20,"both",0.309988758818787,0.569594468699321
"1090","session1",-11.2033844724879,11.7665604638445,2.57308520414973,0.000255688448958,0.766695414326239,0.35397596125712,0.711696413009842,11,1,100,0.309988758818787,0.569594468699321,11,2.68812353530802,1,0.470099999999999,245,0,0,20,"both",0.309988758818787,0.569594468699321
"1091","session1",-11.2033844724879,11.7665604638445,2.57308520414973,0.000255688448958,0.766695414326239,0.35397596125712,0.711696413009842,11,1,100,0.309988758818787,0.569594468699321,11,5.88722229247279,1,-1.02154,245,0,0,20,"both",0.309988758818787,0.569594468699321
"1092","session1",-11.2033844724879,11.7665604638445,2.57308520414973,0.000255688448958,0.766695414326239,0.35397596125712,0.711696413009842,11,1,100,0.309988758818787,0.569594468699321,11,2.69645628394628,1,-22.5306,245,0,0,20,"both",0.309988758818787,0.569594468699321
"1093","session1",-11.2033844724879,11.7665604638445,2.57308520414973,0.000255688448958,0.766695414326239,0.35397596125712,0.711696413009842,11,1,100,0.309988758818787,0.569594468699321,11,7.36474611714835,1,-6.1432,245,0,0,20,"both",0.309988758818787,0.569594468699321
"1094","session1",-11.2033844724879,11.7665604638445,2.57308520414973,0.000255688448958,0.766695414326239,0.35397596125712,0.711696413009842,11,1,100,0.309988758818787,0.569594468699321,11,2.87813449769289,0,-21.25341,245,0,0,20,"both",0.309988758818787,0.569594468699321
"1095","session1",-11.2033844724879,11.7665604638445,2.57308520414973,0.000255688448958,0.766695414326239,0.35397596125712,0.711696413009842,11,1,100,0.309988758818787,0.569594468699321,11,3.93291284001835,1,-24.56021,245,0,0,20,"both",0.309988758818787,0.569594468699321
"1096","session1",-11.2033844724879,11.7665604638445,2.57308520414973,0.000255688448958,0.766695414326239,0.35397596125712,0.711696413009842,11,1,100,0.309988758818787,0.569594468699321,11,4.00851560220784,0,-20.93784,245,0,0,20,"both",0.309988758818787,0.569594468699321
"1097","session1",-11.2033844724879,11.7665604638445,2.57308520414973,0.000255688448958,0.766695414326239,0.35397596125712,0.711696413009842,11,1,100,0.309988758818787,0.569594468699321,11,3.03015523178564,0,-28.3803,245,0,0,20,"both",0.309988758818787,0.569594468699321
"1098","session1",-11.2033844724879,11.7665604638445,2.57308520414973,0.000255688448958,0.766695414326239,0.35397596125712,0.711696413009842,11,1,100,0.309988758818787,0.569594468699321,11,2.23694394733109,1,7.0657,245,0,0,20,"both",0.309988758818787,0.569594468699321
"1099","session1",-11.2033844724879,11.7665604638445,2.57308520414973,0.000255688448958,0.766695414326239,0.35397596125712,0.711696413009842,11,1,100,0.309988758818787,0.569594468699321,11,2.99389277045843,0,-27.2927,245,0,0,20,"both",0.309988758818787,0.569594468699321
"1100","session1",-11.2033844724879,11.7665604638445,2.57308520414973,0.000255688448958,0.766695414326239,0.35397596125712,0.711696413009842,11,1,100,0.309988758818787,0.569594468699321,11,3.10485910327912,0,-20.26054,245,0,0,20,"both",0.309988758818787,0.569594468699321
"1101","session1",-0.953310223300619,12.7664050037143,2.17239895770941,0.000387529433695922,0.318238978902799,0.437799962489881,0.267951559541545,12,1,100,0.309988758818787,0.569594468699321,12,1.58613595928171,1,8.54538335057,245,0,0,20,"both",0.309988758818787,0.569594468699321
"1102","session1",-0.953310223300619,12.7664050037143,2.17239895770941,0.000387529433695922,0.318238978902799,0.437799962489881,0.267951559541545,12,1,100,0.309988758818787,0.569594468699321,12,3.27643689228706,0,-5.2826537036,245,0,0,20,"both",0.309988758818787,0.569594468699321
"1103","session1",-0.953310223300619,12.7664050037143,2.17239895770941,0.000387529433695922,0.318238978902799,0.437799962489881,0.267951559541545,12,1,100,0.309988758818787,0.569594468699321,12,4.07195686933447,1,2.45933143498,245,0,0,20,"both",0.309988758818787,0.569594468699321
"1104","session1",-0.953310223300619,12.7664050037143,2.17239895770941,0.000387529433695922,0.318238978902799,0.437799962489881,0.267951559541545,12,1,100,0.309988758818787,0.569594468699321,12,3.34459488239717,1,-2.98983200501,245,0,0,20,"both",0.309988758818787,0.569594468699321
"1105","session1",-0.953310223300619,12.7664050037143,2.17239895770941,0.000387529433695922,0.318238978902799,0.437799962489881,0.267951559541545,12,1,100,0.309988758818787,0.569594468699321,12,1.82490175440262,1,48.87632,245,0,0,20,"both",0.309988758818787,0.569594468699321
"1106","session1",-0.953310223300619,12.7664050037143,2.17239895770941,0.000387529433695922,0.318238978902799,0.437799962489881,0.267951559541545,12,1,100,0.309988758818787,0.569594468699321,12,1.95768553979734,0,-49.74951,245,0,0,20,"both",0.309988758818787,0.569594468699321
"1107","session1",-0.953310223300619,12.7664050037143,2.17239895770941,0.000387529433695922,0.318238978902799,0.437799962489881,0.267951559541545,12,1,100,0.309988758818787,0.569594468699321,12,2.15805293611591,1,-4.87577,245,0,0,20,"both",0.309988758818787,0.569594468699321
"1108","session1",-0.953310223300619,12.7664050037143,2.17239895770941,0.000387529433695922,0.318238978902799,0.437799962489881,0.267951559541545,12,1,100,0.309988758818787,0.569594468699321,12,3.14529925557119,1,-4.2074,245,0,0,20,"both",0.309988758818787,0.569594468699321
"1109","session1",-0.953310223300619,12.7664050037143,2.17239895770941,0.000387529433695922,0.318238978902799,0.437799962489881,0.267951559541545,12,1,100,0.309988758818787,0.569594468699321,12,2.07094367775732,0,-8.84374,245,0,0,20,"both",0.309988758818787,0.569594468699321
"1110","session1",-0.953310223300619,12.7664050037143,2.17239895770941,0.000387529433695922,0.318238978902799,0.437799962489881,0.267951559541545,12,1,100,0.309988758818787,0.569594468699321,12,1.35214999616741,0,-13.17876,245,0,0,20,"both",0.309988758818787,0.569594468699321
"1111","session1",-0.953310223300619,12.7664050037143,2.17239895770941,0.000387529433695922,0.318238978902799,0.437799962489881,0.267951559541545,12,1,100,0.309988758818787,0.569594468699321,12,4.74363635561824,0,-9.58515,245,0,0,20,"both",0.309988758818787,0.569594468699321
"1112","session1",-0.953310223300619,12.7664050037143,2.17239895770941,0.000387529433695922,0.318238978902799,0.437799962489881,0.267951559541545,12,1,100,0.309988758818787,0.569594468699321,12,4.2542350279377,1,-7.83281,245,0,0,20,"both",0.309988758818787,0.569594468699321
"1113","session1",-0.953310223300619,12.7664050037143,2.17239895770941,0.000387529433695922,0.318238978902799,0.437799962489881,0.267951559541545,12,1,100,0.309988758818787,0.569594468699321,12,3.67845790123039,0,-7.75404,245,0,0,20,"both",0.309988758818787,0.569594468699321
"1114","session1",-0.953310223300619,12.7664050037143,2.17239895770941,0.000387529433695922,0.318238978902799,0.437799962489881,0.267951559541545,12,1,100,0.309988758818787,0.569594468699321,12,2.49465095657856,0,-7.01805,245,0,0,20,"both",0.309988758818787,0.569594468699321
"1115","session1",-0.953310223300619,12.7664050037143,2.17239895770941,0.000387529433695922,0.318238978902799,0.437799962489881,0.267951559541545,12,1,100,0.309988758818787,0.569594468699321,12,2.64664293849253,0,-12.07519,245,0,0,20,"both",0.309988758818787,0.569594468699321
"1116","session1",-0.953310223300619,12.7664050037143,2.17239895770941,0.000387529433695922,0.318238978902799,0.437799962489881,0.267951559541545,12,1,100,0.309988758818787,0.569594468699321,12,1.92707894082084,1,-0.79153,245,0,0,20,"both",0.309988758818787,0.569594468699321
"1117","session1",-0.953310223300619,12.7664050037143,2.17239895770941,0.000387529433695922,0.318238978902799,0.437799962489881,0.267951559541545,12,1,100,0.309988758818787,0.569594468699321,12,2.79069717406375,1,-3.46935,245,0,0,20,"both",0.309988758818787,0.569594468699321
"1118","session1",-0.953310223300619,12.7664050037143,2.17239895770941,0.000387529433695922,0.318238978902799,0.437799962489881,0.267951559541545,12,1,100,0.309988758818787,0.569594468699321,12,3.58176869678878,1,-7.21022,245,0,0,20,"both",0.309988758818787,0.569594468699321
"1119","session1",-0.953310223300619,12.7664050037143,2.17239895770941,0.000387529433695922,0.318238978902799,0.437799962489881,0.267951559541545,12,1,100,0.309988758818787,0.569594468699321,12,2.25599884586902,0,-4.02484,245,0,0,20,"both",0.309988758818787,0.569594468699321
"1120","session1",-0.953310223300619,12.7664050037143,2.17239895770941,0.000387529433695922,0.318238978902799,0.437799962489881,0.267951559541545,12,1,100,0.309988758818787,0.569594468699321,12,1.12488746479117,1,25.99905,245,0,0,20,"both",0.309988758818787,0.569594468699321
"1121","session1",-0.953310223300619,12.7664050037143,2.17239895770941,0.000387529433695922,0.318238978902799,0.437799962489881,0.267951559541545,12,1,100,0.309988758818787,0.569594468699321,12,2.52594092506513,1,-10.99728,245,0,0,20,"both",0.309988758818787,0.569594468699321
"1122","session1",-0.953310223300619,12.7664050037143,2.17239895770941,0.000387529433695922,0.318238978902799,0.437799962489881,0.267951559541545,12,1,100,0.309988758818787,0.569594468699321,12,1.31367876373097,0,-10.32649,245,0,0,20,"both",0.309988758818787,0.569594468699321
"1123","session1",-0.953310223300619,12.7664050037143,2.17239895770941,0.000387529433695922,0.318238978902799,0.437799962489881,0.267951559541545,12,1,100,0.309988758818787,0.569594468699321,12,2.14327483559824,0,-7.11594,245,0,0,20,"both",0.309988758818787,0.569594468699321
"1124","session1",-0.953310223300619,12.7664050037143,2.17239895770941,0.000387529433695922,0.318238978902799,0.437799962489881,0.267951559541545,12,1,100,0.309988758818787,0.569594468699321,12,1.96238653125601,0,-9.4603,245,0,0,20,"both",0.309988758818787,0.569594468699321
"1125","session1",-0.953310223300619,12.7664050037143,2.17239895770941,0.000387529433695922,0.318238978902799,0.437799962489881,0.267951559541545,12,1,100,0.309988758818787,0.569594468699321,12,2.80204962277622,0,-2.71764,245,0,0,20,"both",0.309988758818787,0.569594468699321
"1126","session1",-0.953310223300619,12.7664050037143,2.17239895770941,0.000387529433695922,0.318238978902799,0.437799962489881,0.267951559541545,12,1,100,0.309988758818787,0.569594468699321,12,1.75078963793887,0,-4.12386,245,0,0,20,"both",0.309988758818787,0.569594468699321
"1127","session1",-0.953310223300619,12.7664050037143,2.17239895770941,0.000387529433695922,0.318238978902799,0.437799962489881,0.267951559541545,12,1,100,0.309988758818787,0.569594468699321,12,1.16478056748014,0,-12.20007,245,0,0,20,"both",0.309988758818787,0.569594468699321
"1128","session1",-0.953310223300619,12.7664050037143,2.17239895770941,0.000387529433695922,0.318238978902799,0.437799962489881,0.267951559541545,12,1,100,0.309988758818787,0.569594468699321,12,2.16197830657093,1,2.19405,245,0,0,20,"both",0.309988758818787,0.569594468699321
"1129","session1",-0.953310223300619,12.7664050037143,2.17239895770941,0.000387529433695922,0.318238978902799,0.437799962489881,0.267951559541545,12,1,100,0.309988758818787,0.569594468699321,12,2.0389601334536,1,-10.64507,245,0,0,20,"both",0.309988758818787,0.569594468699321
"1130","session1",-0.953310223300619,12.7664050037143,2.17239895770941,0.000387529433695922,0.318238978902799,0.437799962489881,0.267951559541545,12,1,100,0.309988758818787,0.569594468699321,12,1.26715473655365,0,-19.4691,245,0,0,20,"both",0.309988758818787,0.569594468699321
"1131","session1",-0.953310223300619,12.7664050037143,2.17239895770941,0.000387529433695922,0.318238978902799,0.437799962489881,0.267951559541545,12,1,100,0.309988758818787,0.569594468699321,12,4.51765020202782,1,1.04467,245,0,0,20,"both",0.309988758818787,0.569594468699321
"1132","session1",-0.953310223300619,12.7664050037143,2.17239895770941,0.000387529433695922,0.318238978902799,0.437799962489881,0.267951559541545,12,1,100,0.309988758818787,0.569594468699321,12,1.74279160394367,1,0.39346,245,0,0,20,"both",0.309988758818787,0.569594468699321
"1133","session1",-0.953310223300619,12.7664050037143,2.17239895770941,0.000387529433695922,0.318238978902799,0.437799962489881,0.267951559541545,12,1,100,0.309988758818787,0.569594468699321,12,3.19990839150609,0,-25.78678,245,0,0,20,"both",0.309988758818787,0.569594468699321
"1134","session1",-0.953310223300619,12.7664050037143,2.17239895770941,0.000387529433695922,0.318238978902799,0.437799962489881,0.267951559541545,12,1,100,0.309988758818787,0.569594468699321,12,3.00878984719236,1,-7.39089,245,0,0,20,"both",0.309988758818787,0.569594468699321
"1135","session1",-0.953310223300619,12.7664050037143,2.17239895770941,0.000387529433695922,0.318238978902799,0.437799962489881,0.267951559541545,12,1,100,0.309988758818787,0.569594468699321,12,5.14180175550823,1,-6.3999,245,0,0,20,"both",0.309988758818787,0.569594468699321
"1136","session1",-0.953310223300619,12.7664050037143,2.17239895770941,0.000387529433695922,0.318238978902799,0.437799962489881,0.267951559541545,12,1,100,0.309988758818787,0.569594468699321,12,1.55561858173514,0,-14.65579,245,0,0,20,"both",0.309988758818787,0.569594468699321
"1137","session1",-0.953310223300619,12.7664050037143,2.17239895770941,0.000387529433695922,0.318238978902799,0.437799962489881,0.267951559541545,12,1,100,0.309988758818787,0.569594468699321,12,1.91922793744198,1,-1.21099,245,0,0,20,"both",0.309988758818787,0.569594468699321
"1138","session1",-0.953310223300619,12.7664050037143,2.17239895770941,0.000387529433695922,0.318238978902799,0.437799962489881,0.267951559541545,12,1,100,0.309988758818787,0.569594468699321,12,2.71543124122998,0,-10.58543,245,0,0,20,"both",0.309988758818787,0.569594468699321
"1139","session1",-0.953310223300619,12.7664050037143,2.17239895770941,0.000387529433695922,0.318238978902799,0.437799962489881,0.267951559541545,12,1,100,0.309988758818787,0.569594468699321,12,2.22195426854872,1,0.83616,245,0,0,20,"both",0.309988758818787,0.569594468699321
"1140","session1",-0.953310223300619,12.7664050037143,2.17239895770941,0.000387529433695922,0.318238978902799,0.437799962489881,0.267951559541545,12,1,100,0.309988758818787,0.569594468699321,12,3.30392974743157,1,-9.74216,245,0,0,20,"both",0.309988758818787,0.569594468699321
"1141","session1",-0.953310223300619,12.7664050037143,2.17239895770941,0.000387529433695922,0.318238978902799,0.437799962489881,0.267951559541545,12,1,100,0.309988758818787,0.569594468699321,12,1.72666923067379,0,-12.92733,245,0,0,20,"both",0.309988758818787,0.569594468699321
"1142","session1",-0.953310223300619,12.7664050037143,2.17239895770941,0.000387529433695922,0.318238978902799,0.437799962489881,0.267951559541545,12,1,100,0.309988758818787,0.569594468699321,12,3.30193799379457,0,0.762730000000001,245,0,0,20,"both",0.309988758818787,0.569594468699321
"1143","session1",-0.953310223300619,12.7664050037143,2.17239895770941,0.000387529433695922,0.318238978902799,0.437799962489881,0.267951559541545,12,1,100,0.309988758818787,0.569594468699321,12,2.50458063422899,0,9.55518,245,0,0,20,"both",0.309988758818787,0.569594468699321
"1144","session1",-0.953310223300619,12.7664050037143,2.17239895770941,0.000387529433695922,0.318238978902799,0.437799962489881,0.267951559541545,12,1,100,0.309988758818787,0.569594468699321,12,4.10807612010967,0,-9.74097,245,0,0,20,"both",0.309988758818787,0.569594468699321
"1145","session1",-0.953310223300619,12.7664050037143,2.17239895770941,0.000387529433695922,0.318238978902799,0.437799962489881,0.267951559541545,12,1,100,0.309988758818787,0.569594468699321,12,2.99043172135696,0,-14.86079,245,0,0,20,"both",0.309988758818787,0.569594468699321
"1146","session1",-0.953310223300619,12.7664050037143,2.17239895770941,0.000387529433695922,0.318238978902799,0.437799962489881,0.267951559541545,12,1,100,0.309988758818787,0.569594468699321,12,1.80044011893646,0,-0.15913,245,0,0,20,"both",0.309988758818787,0.569594468699321
"1147","session1",-0.953310223300619,12.7664050037143,2.17239895770941,0.000387529433695922,0.318238978902799,0.437799962489881,0.267951559541545,12,1,100,0.309988758818787,0.569594468699321,12,1.91197608014743,1,-7.98702,245,0,0,20,"both",0.309988758818787,0.569594468699321
"1148","session1",-0.953310223300619,12.7664050037143,2.17239895770941,0.000387529433695922,0.318238978902799,0.437799962489881,0.267951559541545,12,1,100,0.309988758818787,0.569594468699321,12,2.17525286075915,0,-8.73741,245,0,0,20,"both",0.309988758818787,0.569594468699321
"1149","session1",-0.953310223300619,12.7664050037143,2.17239895770941,0.000387529433695922,0.318238978902799,0.437799962489881,0.267951559541545,12,1,100,0.309988758818787,0.569594468699321,12,3.31471636194786,0,-1.51287,245,0,0,20,"both",0.309988758818787,0.569594468699321
"1150","session1",-0.953310223300619,12.7664050037143,2.17239895770941,0.000387529433695922,0.318238978902799,0.437799962489881,0.267951559541545,12,1,100,0.309988758818787,0.569594468699321,12,1.41030652326309,0,-15.50263,245,0,0,20,"both",0.309988758818787,0.569594468699321
"1151","session1",-0.953310223300619,12.7664050037143,2.17239895770941,0.000387529433695922,0.318238978902799,0.437799962489881,0.267951559541545,12,1,100,0.309988758818787,0.569594468699321,12,1.44210202442334,0,-19.10698,245,0,0,20,"both",0.309988758818787,0.569594468699321
"1152","session1",-0.953310223300619,12.7664050037143,2.17239895770941,0.000387529433695922,0.318238978902799,0.437799962489881,0.267951559541545,12,1,100,0.309988758818787,0.569594468699321,12,1.47891130979741,1,41.86125,245,0,0,20,"both",0.309988758818787,0.569594468699321
"1153","session1",-0.953310223300619,12.7664050037143,2.17239895770941,0.000387529433695922,0.318238978902799,0.437799962489881,0.267951559541545,12,1,100,0.309988758818787,0.569594468699321,12,3.3020866900433,1,11.66652,245,0,0,20,"both",0.309988758818787,0.569594468699321
"1154","session1",-0.953310223300619,12.7664050037143,2.17239895770941,0.000387529433695922,0.318238978902799,0.437799962489881,0.267951559541545,12,1,100,0.309988758818787,0.569594468699321,12,2.03646586114077,0,-20.89557,245,0,0,20,"both",0.309988758818787,0.569594468699321
"1155","session1",-0.953310223300619,12.7664050037143,2.17239895770941,0.000387529433695922,0.318238978902799,0.437799962489881,0.267951559541545,12,1,100,0.309988758818787,0.569594468699321,12,2.27249294277728,0,-16.49339,245,0,0,20,"both",0.309988758818787,0.569594468699321
"1156","session1",-0.953310223300619,12.7664050037143,2.17239895770941,0.000387529433695922,0.318238978902799,0.437799962489881,0.267951559541545,12,1,100,0.309988758818787,0.569594468699321,12,1.77620165116646,1,-10.2631,245,0,0,20,"both",0.309988758818787,0.569594468699321
"1157","session1",-0.953310223300619,12.7664050037143,2.17239895770941,0.000387529433695922,0.318238978902799,0.437799962489881,0.267951559541545,12,1,100,0.309988758818787,0.569594468699321,12,1.7436238138824,1,36.50124,245,0,0,20,"both",0.309988758818787,0.569594468699321
"1158","session1",-0.953310223300619,12.7664050037143,2.17239895770941,0.000387529433695922,0.318238978902799,0.437799962489881,0.267951559541545,12,1,100,0.309988758818787,0.569594468699321,12,2.67375950121625,0,-12.59049,245,0,0,20,"both",0.309988758818787,0.569594468699321
"1159","session1",-0.953310223300619,12.7664050037143,2.17239895770941,0.000387529433695922,0.318238978902799,0.437799962489881,0.267951559541545,12,1,100,0.309988758818787,0.569594468699321,12,2.17938880084732,1,4.28973,245,0,0,20,"both",0.309988758818787,0.569594468699321
"1160","session1",-0.953310223300619,12.7664050037143,2.17239895770941,0.000387529433695922,0.318238978902799,0.437799962489881,0.267951559541545,12,1,100,0.309988758818787,0.569594468699321,12,1.53499859753673,0,-20.21152,245,0,0,20,"both",0.309988758818787,0.569594468699321
"1161","session1",-0.953310223300619,12.7664050037143,2.17239895770941,0.000387529433695922,0.318238978902799,0.437799962489881,0.267951559541545,12,1,100,0.309988758818787,0.569594468699321,12,2.40003930118533,1,-0.41151,245,0,0,20,"both",0.309988758818787,0.569594468699321
"1162","session1",-0.953310223300619,12.7664050037143,2.17239895770941,0.000387529433695922,0.318238978902799,0.437799962489881,0.267951559541545,12,1,100,0.309988758818787,0.569594468699321,12,2.19949686294525,0,-0.68635,245,0,0,20,"both",0.309988758818787,0.569594468699321
"1163","session1",-0.953310223300619,12.7664050037143,2.17239895770941,0.000387529433695922,0.318238978902799,0.437799962489881,0.267951559541545,12,1,100,0.309988758818787,0.569594468699321,12,1.97438113519357,1,6.1726,245,0,0,20,"both",0.309988758818787,0.569594468699321
"1164","session1",-0.953310223300619,12.7664050037143,2.17239895770941,0.000387529433695922,0.318238978902799,0.437799962489881,0.267951559541545,12,1,100,0.309988758818787,0.569594468699321,12,1.45156529164415,1,7.6658,245,0,0,20,"both",0.309988758818787,0.569594468699321
"1165","session1",-0.953310223300619,12.7664050037143,2.17239895770941,0.000387529433695922,0.318238978902799,0.437799962489881,0.267951559541545,12,1,100,0.309988758818787,0.569594468699321,12,0.892337076949802,1,15.68042,245,0,0,20,"both",0.309988758818787,0.569594468699321
"1166","session1",-0.953310223300619,12.7664050037143,2.17239895770941,0.000387529433695922,0.318238978902799,0.437799962489881,0.267951559541545,12,1,100,0.309988758818787,0.569594468699321,12,2.09898283491582,0,-1.89336,245,0,0,20,"both",0.309988758818787,0.569594468699321
"1167","session1",-0.953310223300619,12.7664050037143,2.17239895770941,0.000387529433695922,0.318238978902799,0.437799962489881,0.267951559541545,12,1,100,0.309988758818787,0.569594468699321,12,3.4935844058799,1,6.6484,245,0,0,20,"both",0.309988758818787,0.569594468699321
"1168","session1",-0.953310223300619,12.7664050037143,2.17239895770941,0.000387529433695922,0.318238978902799,0.437799962489881,0.267951559541545,12,1,100,0.309988758818787,0.569594468699321,12,5.28633900071076,0,6.67899,245,0,0,20,"both",0.309988758818787,0.569594468699321
"1169","session1",-0.953310223300619,12.7664050037143,2.17239895770941,0.000387529433695922,0.318238978902799,0.437799962489881,0.267951559541545,12,1,100,0.309988758818787,0.569594468699321,12,1.14400499221639,0,-17.13025,245,0,0,20,"both",0.309988758818787,0.569594468699321
"1170","session1",-0.953310223300619,12.7664050037143,2.17239895770941,0.000387529433695922,0.318238978902799,0.437799962489881,0.267951559541545,12,1,100,0.309988758818787,0.569594468699321,12,5.21518593477029,1,-11.41416,245,0,0,20,"both",0.309988758818787,0.569594468699321
"1171","session1",-0.953310223300619,12.7664050037143,2.17239895770941,0.000387529433695922,0.318238978902799,0.437799962489881,0.267951559541545,12,1,100,0.309988758818787,0.569594468699321,12,1.16511523459983,1,12.117452,245,0,0,20,"both",0.309988758818787,0.569594468699321
"1172","session1",-0.953310223300619,12.7664050037143,2.17239895770941,0.000387529433695922,0.318238978902799,0.437799962489881,0.267951559541545,12,1,100,0.309988758818787,0.569594468699321,12,2.96917096893955,0,-10.42276,245,0,0,20,"both",0.309988758818787,0.569594468699321
"1173","session1",-0.953310223300619,12.7664050037143,2.17239895770941,0.000387529433695922,0.318238978902799,0.437799962489881,0.267951559541545,12,1,100,0.309988758818787,0.569594468699321,12,5.19660857154654,1,10.13717,245,0,0,20,"both",0.309988758818787,0.569594468699321
"1174","session1",-0.953310223300619,12.7664050037143,2.17239895770941,0.000387529433695922,0.318238978902799,0.437799962489881,0.267951559541545,12,1,100,0.309988758818787,0.569594468699321,12,2.30338955368582,1,3.75396,245,0,0,20,"both",0.309988758818787,0.569594468699321
"1175","session1",-0.953310223300619,12.7664050037143,2.17239895770941,0.000387529433695922,0.318238978902799,0.437799962489881,0.267951559541545,12,1,100,0.309988758818787,0.569594468699321,12,1.97532103541866,1,12.25783,245,0,0,20,"both",0.309988758818787,0.569594468699321
"1176","session1",-0.953310223300619,12.7664050037143,2.17239895770941,0.000387529433695922,0.318238978902799,0.437799962489881,0.267951559541545,12,1,100,0.309988758818787,0.569594468699321,12,2.46360257796717,0,5.18348,245,0,0,20,"both",0.309988758818787,0.569594468699321
"1177","session1",-0.953310223300619,12.7664050037143,2.17239895770941,0.000387529433695922,0.318238978902799,0.437799962489881,0.267951559541545,12,1,100,0.309988758818787,0.569594468699321,12,2.06818795836175,1,-21.0132,245,0,0,20,"both",0.309988758818787,0.569594468699321
"1178","session1",-0.953310223300619,12.7664050037143,2.17239895770941,0.000387529433695922,0.318238978902799,0.437799962489881,0.267951559541545,12,1,100,0.309988758818787,0.569594468699321,12,2.35668338061247,0,-18.62942,245,0,0,20,"both",0.309988758818787,0.569594468699321
"1179","session1",-0.953310223300619,12.7664050037143,2.17239895770941,0.000387529433695922,0.318238978902799,0.437799962489881,0.267951559541545,12,1,100,0.309988758818787,0.569594468699321,12,4.76009107002416,1,17.188661,245,0,0,20,"both",0.309988758818787,0.569594468699321
"1180","session1",-0.953310223300619,12.7664050037143,2.17239895770941,0.000387529433695922,0.318238978902799,0.437799962489881,0.267951559541545,12,1,100,0.309988758818787,0.569594468699321,12,2.0841050347638,0,-25.76738,245,0,0,20,"both",0.309988758818787,0.569594468699321
"1181","session1",-0.953310223300619,12.7664050037143,2.17239895770941,0.000387529433695922,0.318238978902799,0.437799962489881,0.267951559541545,12,1,100,0.309988758818787,0.569594468699321,12,1.79084437488308,1,6.84565,245,0,0,20,"both",0.309988758818787,0.569594468699321
"1182","session1",-0.953310223300619,12.7664050037143,2.17239895770941,0.000387529433695922,0.318238978902799,0.437799962489881,0.267951559541545,12,1,100,0.309988758818787,0.569594468699321,12,1.52150923226993,0,-25.61412,245,0,0,20,"both",0.309988758818787,0.569594468699321
"1183","session1",-0.953310223300619,12.7664050037143,2.17239895770941,0.000387529433695922,0.318238978902799,0.437799962489881,0.267951559541545,12,1,100,0.309988758818787,0.569594468699321,12,2.45020923973271,1,12.16554,245,0,0,20,"both",0.309988758818787,0.569594468699321
"1184","session1",-0.953310223300619,12.7664050037143,2.17239895770941,0.000387529433695922,0.318238978902799,0.437799962489881,0.267951559541545,12,1,100,0.309988758818787,0.569594468699321,12,0.87727266438641,0,-14.54913,245,0,0,20,"both",0.309988758818787,0.569594468699321
"1185","session1",-0.953310223300619,12.7664050037143,2.17239895770941,0.000387529433695922,0.318238978902799,0.437799962489881,0.267951559541545,12,1,100,0.309988758818787,0.569594468699321,12,1.9605647619994,0,-17.60253,245,0,0,20,"both",0.309988758818787,0.569594468699321
"1186","session1",-0.953310223300619,12.7664050037143,2.17239895770941,0.000387529433695922,0.318238978902799,0.437799962489881,0.267951559541545,12,1,100,0.309988758818787,0.569594468699321,12,1.62428099212629,0,4.92422,245,0,0,20,"both",0.309988758818787,0.569594468699321
"1187","session1",-0.953310223300619,12.7664050037143,2.17239895770941,0.000387529433695922,0.318238978902799,0.437799962489881,0.267951559541545,12,1,100,0.309988758818787,0.569594468699321,12,4.03292980601288,1,12.74158,245,0,0,20,"both",0.309988758818787,0.569594468699321
"1188","session1",-0.953310223300619,12.7664050037143,2.17239895770941,0.000387529433695922,0.318238978902799,0.437799962489881,0.267951559541545,12,1,100,0.309988758818787,0.569594468699321,12,3.42743321560226,1,17.48769,245,0,0,20,"both",0.309988758818787,0.569594468699321
"1189","session1",-0.953310223300619,12.7664050037143,2.17239895770941,0.000387529433695922,0.318238978902799,0.437799962489881,0.267951559541545,12,1,100,0.309988758818787,0.569594468699321,12,2.81779631345361,0,-13.48832,245,0,0,20,"both",0.309988758818787,0.569594468699321
"1190","session1",-0.953310223300619,12.7664050037143,2.17239895770941,0.000387529433695922,0.318238978902799,0.437799962489881,0.267951559541545,12,1,100,0.309988758818787,0.569594468699321,12,2.05847220356686,1,17.73231,245,0,0,20,"both",0.309988758818787,0.569594468699321
"1191","session1",-0.953310223300619,12.7664050037143,2.17239895770941,0.000387529433695922,0.318238978902799,0.437799962489881,0.267951559541545,12,1,100,0.309988758818787,0.569594468699321,12,2.14047644381312,1,4.54719,245,0,0,20,"both",0.309988758818787,0.569594468699321
"1192","session1",-0.953310223300619,12.7664050037143,2.17239895770941,0.000387529433695922,0.318238978902799,0.437799962489881,0.267951559541545,12,1,100,0.309988758818787,0.569594468699321,12,1.60200838268193,0,-13.99947,245,0,0,20,"both",0.309988758818787,0.569594468699321
"1193","session1",-0.953310223300619,12.7664050037143,2.17239895770941,0.000387529433695922,0.318238978902799,0.437799962489881,0.267951559541545,12,1,100,0.309988758818787,0.569594468699321,12,1.68191256961709,0,4.62693,245,0,0,20,"both",0.309988758818787,0.569594468699321
"1194","session1",-0.953310223300619,12.7664050037143,2.17239895770941,0.000387529433695922,0.318238978902799,0.437799962489881,0.267951559541545,12,1,100,0.309988758818787,0.569594468699321,12,1.98621101756214,0,-18.48197,245,0,0,20,"both",0.309988758818787,0.569594468699321
"1195","session1",-0.953310223300619,12.7664050037143,2.17239895770941,0.000387529433695922,0.318238978902799,0.437799962489881,0.267951559541545,12,1,100,0.309988758818787,0.569594468699321,12,2.237271927049,1,11.43776,245,0,0,20,"both",0.309988758818787,0.569594468699321
"1196","session1",-0.953310223300619,12.7664050037143,2.17239895770941,0.000387529433695922,0.318238978902799,0.437799962489881,0.267951559541545,12,1,100,0.309988758818787,0.569594468699321,12,1.62041286468599,0,-17.11415,245,0,0,20,"both",0.309988758818787,0.569594468699321
"1197","session1",-0.953310223300619,12.7664050037143,2.17239895770941,0.000387529433695922,0.318238978902799,0.437799962489881,0.267951559541545,12,1,100,0.309988758818787,0.569594468699321,12,1.7919608364034,0,-21.10813,245,0,0,20,"both",0.309988758818787,0.569594468699321
"1198","session1",-0.953310223300619,12.7664050037143,2.17239895770941,0.000387529433695922,0.318238978902799,0.437799962489881,0.267951559541545,12,1,100,0.309988758818787,0.569594468699321,12,2.84050075899349,1,8.64781,245,0,0,20,"both",0.309988758818787,0.569594468699321
"1199","session1",-0.953310223300619,12.7664050037143,2.17239895770941,0.000387529433695922,0.318238978902799,0.437799962489881,0.267951559541545,12,1,100,0.309988758818787,0.569594468699321,12,3.46327317831272,1,7.93798,245,0,0,20,"both",0.309988758818787,0.569594468699321
"1200","session1",-0.953310223300619,12.7664050037143,2.17239895770941,0.000387529433695922,0.318238978902799,0.437799962489881,0.267951559541545,12,1,100,0.309988758818787,0.569594468699321,12,2.99102092551452,1,12.147018,245,0,0,20,"both",0.309988758818787,0.569594468699321
"1201","session1",-13.2614341521,10.6935352511233,2.59136503254945,0.000218062331777181,0.450174670584464,0.398237354342123,0.495452110602933,13,1,100,0.309988758818787,0.569594468699321,13,3.39871274903414,1,-9.8526115276,245,0,0,20,"both",0.309988758818787,0.569594468699321
"1202","session1",-13.2614341521,10.6935352511233,2.59136503254945,0.000218062331777181,0.450174670584464,0.398237354342123,0.495452110602933,13,1,100,0.309988758818787,0.569594468699321,13,2.85919236143121,1,-9.7226692586,245,0,0,20,"both",0.309988758818787,0.569594468699321
"1203","session1",-13.2614341521,10.6935352511233,2.59136503254945,0.000218062331777181,0.450174670584464,0.398237354342123,0.495452110602933,13,1,100,0.309988758818787,0.569594468699321,13,4.18777160880449,0,-17.33981336,245,0,0,20,"both",0.309988758818787,0.569594468699321
"1204","session1",-13.2614341521,10.6935352511233,2.59136503254945,0.000218062331777181,0.450174670584464,0.398237354342123,0.495452110602933,13,1,100,0.309988758818787,0.569594468699321,13,2.40358919140512,0,-11.027320642382,245,0,0,20,"both",0.309988758818787,0.569594468699321
"1205","session1",-13.2614341521,10.6935352511233,2.59136503254945,0.000218062331777181,0.450174670584464,0.398237354342123,0.495452110602933,13,1,100,0.309988758818787,0.569594468699321,13,4.83830948914393,0,-20.97038,245,0,0,20,"both",0.309988758818787,0.569594468699321
"1206","session1",-13.2614341521,10.6935352511233,2.59136503254945,0.000218062331777181,0.450174670584464,0.398237354342123,0.495452110602933,13,1,100,0.309988758818787,0.569594468699321,13,2.27264347725627,0,-18.18357,245,0,0,20,"both",0.309988758818787,0.569594468699321
"1207","session1",-13.2614341521,10.6935352511233,2.59136503254945,0.000218062331777181,0.450174670584464,0.398237354342123,0.495452110602933,13,1,100,0.309988758818787,0.569594468699321,13,1.32142977868544,1,1.64454,245,0,0,20,"both",0.309988758818787,0.569594468699321
"1208","session1",-13.2614341521,10.6935352511233,2.59136503254945,0.000218062331777181,0.450174670584464,0.398237354342123,0.495452110602933,13,1,100,0.309988758818787,0.569594468699321,13,2.56535806066787,1,0.196299999999999,245,0,0,20,"both",0.309988758818787,0.569594468699321
"1209","session1",-13.2614341521,10.6935352511233,2.59136503254945,0.000218062331777181,0.450174670584464,0.398237354342123,0.495452110602933,13,1,100,0.309988758818787,0.569594468699321,13,3.19885318817397,1,-21.5446,245,0,0,20,"both",0.309988758818787,0.569594468699321
"1210","session1",-13.2614341521,10.6935352511233,2.59136503254945,0.000218062331777181,0.450174670584464,0.398237354342123,0.495452110602933,13,1,100,0.309988758818787,0.569594468699321,13,2.37487812097489,1,-1.25488,245,0,0,20,"both",0.309988758818787,0.569594468699321
"1211","session1",-13.2614341521,10.6935352511233,2.59136503254945,0.000218062331777181,0.450174670584464,0.398237354342123,0.495452110602933,13,1,100,0.309988758818787,0.569594468699321,13,3.99487944155329,0,-12.49119,245,0,0,20,"both",0.309988758818787,0.569594468699321
"1212","session1",-13.2614341521,10.6935352511233,2.59136503254945,0.000218062331777181,0.450174670584464,0.398237354342123,0.495452110602933,13,1,100,0.309988758818787,0.569594468699321,13,1.82730304717604,1,20.41171,245,0,0,20,"both",0.309988758818787,0.569594468699321
"1213","session1",-13.2614341521,10.6935352511233,2.59136503254945,0.000218062331777181,0.450174670584464,0.398237354342123,0.495452110602933,13,1,100,0.309988758818787,0.569594468699321,13,2.67128858096758,0,-10.91533,245,0,0,20,"both",0.309988758818787,0.569594468699321
"1214","session1",-13.2614341521,10.6935352511233,2.59136503254945,0.000218062331777181,0.450174670584464,0.398237354342123,0.495452110602933,13,1,100,0.309988758818787,0.569594468699321,13,3.12909824542888,1,-12.8309,245,0,0,20,"both",0.309988758818787,0.569594468699321
"1215","session1",-13.2614341521,10.6935352511233,2.59136503254945,0.000218062331777181,0.450174670584464,0.398237354342123,0.495452110602933,13,1,100,0.309988758818787,0.569594468699321,13,1.70503678546288,1,2.15,245,0,0,20,"both",0.309988758818787,0.569594468699321
"1216","session1",-13.2614341521,10.6935352511233,2.59136503254945,0.000218062331777181,0.450174670584464,0.398237354342123,0.495452110602933,13,1,100,0.309988758818787,0.569594468699321,13,2.61145044900969,0,-23.6171,245,0,0,20,"both",0.309988758818787,0.569594468699321
"1217","session1",-13.2614341521,10.6935352511233,2.59136503254945,0.000218062331777181,0.450174670584464,0.398237354342123,0.495452110602933,13,1,100,0.309988758818787,0.569594468699321,13,1.74561900461433,0,-44.9589,245,0,0,20,"both",0.309988758818787,0.569594468699321
"1218","session1",-13.2614341521,10.6935352511233,2.59136503254945,0.000218062331777181,0.450174670584464,0.398237354342123,0.495452110602933,13,1,100,0.309988758818787,0.569594468699321,13,2.95906243802995,0,-18.8465,245,0,0,20,"both",0.309988758818787,0.569594468699321
"1219","session1",-13.2614341521,10.6935352511233,2.59136503254945,0.000218062331777181,0.450174670584464,0.398237354342123,0.495452110602933,13,1,100,0.309988758818787,0.569594468699321,13,2.67007486575427,1,2.6052,245,0,0,20,"both",0.309988758818787,0.569594468699321
"1220","session1",-13.2614341521,10.6935352511233,2.59136503254945,0.000218062331777181,0.450174670584464,0.398237354342123,0.495452110602933,13,1,100,0.309988758818787,0.569594468699321,13,2.97473700205423,0,-13.27099,245,0,0,20,"both",0.309988758818787,0.569594468699321
"1221","session1",-13.2614341521,10.6935352511233,2.59136503254945,0.000218062331777181,0.450174670584464,0.398237354342123,0.495452110602933,13,1,100,0.309988758818787,0.569594468699321,13,4.72434839222838,0,-18.56728,245,0,0,20,"both",0.309988758818787,0.569594468699321
"1222","session1",-13.2614341521,10.6935352511233,2.59136503254945,0.000218062331777181,0.450174670584464,0.398237354342123,0.495452110602933,13,1,100,0.309988758818787,0.569594468699321,13,4.65892696300449,1,-8.208165,245,0,0,20,"both",0.309988758818787,0.569594468699321
"1223","session1",-13.2614341521,10.6935352511233,2.59136503254945,0.000218062331777181,0.450174670584464,0.398237354342123,0.495452110602933,13,1,100,0.309988758818787,0.569594468699321,13,2.34298422759739,1,0.91189,245,0,0,20,"both",0.309988758818787,0.569594468699321
"1224","session1",-13.2614341521,10.6935352511233,2.59136503254945,0.000218062331777181,0.450174670584464,0.398237354342123,0.495452110602933,13,1,100,0.309988758818787,0.569594468699321,13,3.67259334938401,1,-6.65956,245,0,0,20,"both",0.309988758818787,0.569594468699321
"1225","session1",-13.2614341521,10.6935352511233,2.59136503254945,0.000218062331777181,0.450174670584464,0.398237354342123,0.495452110602933,13,1,100,0.309988758818787,0.569594468699321,13,2.95071826837462,1,-1.45362,245,0,0,20,"both",0.309988758818787,0.569594468699321
"1226","session1",-13.2614341521,10.6935352511233,2.59136503254945,0.000218062331777181,0.450174670584464,0.398237354342123,0.495452110602933,13,1,100,0.309988758818787,0.569594468699321,13,4.28857446031005,1,-6.36964,245,0,0,20,"both",0.309988758818787,0.569594468699321
"1227","session1",-13.2614341521,10.6935352511233,2.59136503254945,0.000218062331777181,0.450174670584464,0.398237354342123,0.495452110602933,13,1,100,0.309988758818787,0.569594468699321,13,2.73378882235345,1,-14.70852,245,0,0,20,"both",0.309988758818787,0.569594468699321
"1228","session1",-13.2614341521,10.6935352511233,2.59136503254945,0.000218062331777181,0.450174670584464,0.398237354342123,0.495452110602933,13,1,100,0.309988758818787,0.569594468699321,13,2.71225554545713,1,3.21023,245,0,0,20,"both",0.309988758818787,0.569594468699321
"1229","session1",-13.2614341521,10.6935352511233,2.59136503254945,0.000218062331777181,0.450174670584464,0.398237354342123,0.495452110602933,13,1,100,0.309988758818787,0.569594468699321,13,2.46118192883124,0,-30.9279,245,0,0,20,"both",0.309988758818787,0.569594468699321
"1230","session1",-13.2614341521,10.6935352511233,2.59136503254945,0.000218062331777181,0.450174670584464,0.398237354342123,0.495452110602933,13,1,100,0.309988758818787,0.569594468699321,13,3.54362645348638,0,-15.8507,245,0,0,20,"both",0.309988758818787,0.569594468699321
"1231","session1",-13.2614341521,10.6935352511233,2.59136503254945,0.000218062331777181,0.450174670584464,0.398237354342123,0.495452110602933,13,1,100,0.309988758818787,0.569594468699321,13,1.75990598649085,1,2.2417,245,0,0,20,"both",0.309988758818787,0.569594468699321
"1232","session1",-13.2614341521,10.6935352511233,2.59136503254945,0.000218062331777181,0.450174670584464,0.398237354342123,0.495452110602933,13,1,100,0.309988758818787,0.569594468699321,13,3.2798781734511,1,-19.45592,245,0,0,20,"both",0.309988758818787,0.569594468699321
"1233","session1",-13.2614341521,10.6935352511233,2.59136503254945,0.000218062331777181,0.450174670584464,0.398237354342123,0.495452110602933,13,1,100,0.309988758818787,0.569594468699321,13,1.96088487137748,0,-33.9143,245,0,0,20,"both",0.309988758818787,0.569594468699321
"1234","session1",-13.2614341521,10.6935352511233,2.59136503254945,0.000218062331777181,0.450174670584464,0.398237354342123,0.495452110602933,13,1,100,0.309988758818787,0.569594468699321,13,3.42432696141428,0,-23.40754,245,0,0,20,"both",0.309988758818787,0.569594468699321
"1235","session1",-13.2614341521,10.6935352511233,2.59136503254945,0.000218062331777181,0.450174670584464,0.398237354342123,0.495452110602933,13,1,100,0.309988758818787,0.569594468699321,13,3.18659909002487,1,-14.69172,245,0,0,20,"both",0.309988758818787,0.569594468699321
"1236","session1",-13.2614341521,10.6935352511233,2.59136503254945,0.000218062331777181,0.450174670584464,0.398237354342123,0.495452110602933,13,1,100,0.309988758818787,0.569594468699321,13,2.33141181942095,0,-18.36317,245,0,0,20,"both",0.309988758818787,0.569594468699321
"1237","session1",-13.2614341521,10.6935352511233,2.59136503254945,0.000218062331777181,0.450174670584464,0.398237354342123,0.495452110602933,13,1,100,0.309988758818787,0.569594468699321,13,5.12438035297385,0,-23.1224,245,0,0,20,"both",0.309988758818787,0.569594468699321
"1238","session1",-13.2614341521,10.6935352511233,2.59136503254945,0.000218062331777181,0.450174670584464,0.398237354342123,0.495452110602933,13,1,100,0.309988758818787,0.569594468699321,13,2.59413835463887,1,-3.90293,245,0,0,20,"both",0.309988758818787,0.569594468699321
"1239","session1",-13.2614341521,10.6935352511233,2.59136503254945,0.000218062331777181,0.450174670584464,0.398237354342123,0.495452110602933,13,1,100,0.309988758818787,0.569594468699321,13,5.59044817215822,0,-18.44457,245,0,0,20,"both",0.309988758818787,0.569594468699321
"1240","session1",-13.2614341521,10.6935352511233,2.59136503254945,0.000218062331777181,0.450174670584464,0.398237354342123,0.495452110602933,13,1,100,0.309988758818787,0.569594468699321,13,2.96913011541521,1,-9.59935,245,0,0,20,"both",0.309988758818787,0.569594468699321
"1241","session1",-13.2614341521,10.6935352511233,2.59136503254945,0.000218062331777181,0.450174670584464,0.398237354342123,0.495452110602933,13,1,100,0.309988758818787,0.569594468699321,13,4.17055145793573,0,-21.675,245,0,0,20,"both",0.309988758818787,0.569594468699321
"1242","session1",-13.2614341521,10.6935352511233,2.59136503254945,0.000218062331777181,0.450174670584464,0.398237354342123,0.495452110602933,13,1,100,0.309988758818787,0.569594468699321,13,2.68437223992544,0,-18.47219,245,0,0,20,"both",0.309988758818787,0.569594468699321
"1243","session1",-13.2614341521,10.6935352511233,2.59136503254945,0.000218062331777181,0.450174670584464,0.398237354342123,0.495452110602933,13,1,100,0.309988758818787,0.569594468699321,13,2.19743324940519,0,-5.3553,245,0,0,20,"both",0.309988758818787,0.569594468699321
"1244","session1",-13.2614341521,10.6935352511233,2.59136503254945,0.000218062331777181,0.450174670584464,0.398237354342123,0.495452110602933,13,1,100,0.309988758818787,0.569594468699321,13,3.99772608233241,0,-21.06529,245,0,0,20,"both",0.309988758818787,0.569594468699321
"1245","session1",-13.2614341521,10.6935352511233,2.59136503254945,0.000218062331777181,0.450174670584464,0.398237354342123,0.495452110602933,13,1,100,0.309988758818787,0.569594468699321,13,5.53838765524406,1,-13.57528,245,0,0,20,"both",0.309988758818787,0.569594468699321
"1246","session1",-13.2614341521,10.6935352511233,2.59136503254945,0.000218062331777181,0.450174670584464,0.398237354342123,0.495452110602933,13,1,100,0.309988758818787,0.569594468699321,13,3.29883503207984,0,-3.58641,245,0,0,20,"both",0.309988758818787,0.569594468699321
"1247","session1",-13.2614341521,10.6935352511233,2.59136503254945,0.000218062331777181,0.450174670584464,0.398237354342123,0.495452110602933,13,1,100,0.309988758818787,0.569594468699321,13,3.36454297191538,1,-18.70814,245,0,0,20,"both",0.309988758818787,0.569594468699321
"1248","session1",-13.2614341521,10.6935352511233,2.59136503254945,0.000218062331777181,0.450174670584464,0.398237354342123,0.495452110602933,13,1,100,0.309988758818787,0.569594468699321,13,1.9877517191961,1,-2.684,245,0,0,20,"both",0.309988758818787,0.569594468699321
"1249","session1",-13.2614341521,10.6935352511233,2.59136503254945,0.000218062331777181,0.450174670584464,0.398237354342123,0.495452110602933,13,1,100,0.309988758818787,0.569594468699321,13,4.33905587379227,0,-12.04867,245,0,0,20,"both",0.309988758818787,0.569594468699321
"1250","session1",-13.2614341521,10.6935352511233,2.59136503254945,0.000218062331777181,0.450174670584464,0.398237354342123,0.495452110602933,13,1,100,0.309988758818787,0.569594468699321,13,3.81774594364834,0,-16.33163,245,0,0,20,"both",0.309988758818787,0.569594468699321
"1251","session1",-13.2614341521,10.6935352511233,2.59136503254945,0.000218062331777181,0.450174670584464,0.398237354342123,0.495452110602933,13,1,100,0.309988758818787,0.569594468699321,13,3.72169988767569,1,-8.83307,245,0,0,20,"both",0.309988758818787,0.569594468699321
"1252","session1",-13.2614341521,10.6935352511233,2.59136503254945,0.000218062331777181,0.450174670584464,0.398237354342123,0.495452110602933,13,1,100,0.309988758818787,0.569594468699321,13,1.84705677256401,0,-24.57686,245,0,0,20,"both",0.309988758818787,0.569594468699321
"1253","session1",-13.2614341521,10.6935352511233,2.59136503254945,0.000218062331777181,0.450174670584464,0.398237354342123,0.495452110602933,13,1,100,0.309988758818787,0.569594468699321,13,2.34443780275294,1,2.59155,245,0,0,20,"both",0.309988758818787,0.569594468699321
"1254","session1",-13.2614341521,10.6935352511233,2.59136503254945,0.000218062331777181,0.450174670584464,0.398237354342123,0.495452110602933,13,1,100,0.309988758818787,0.569594468699321,13,2.38870406850159,0,-18.20581,245,0,0,20,"both",0.309988758818787,0.569594468699321
"1255","session1",-13.2614341521,10.6935352511233,2.59136503254945,0.000218062331777181,0.450174670584464,0.398237354342123,0.495452110602933,13,1,100,0.309988758818787,0.569594468699321,13,2.36162184838239,0,-22.70172,245,0,0,20,"both",0.309988758818787,0.569594468699321
"1256","session1",-13.2614341521,10.6935352511233,2.59136503254945,0.000218062331777181,0.450174670584464,0.398237354342123,0.495452110602933,13,1,100,0.309988758818787,0.569594468699321,13,2.79679388679779,1,-5.12987,245,0,0,20,"both",0.309988758818787,0.569594468699321
"1257","session1",-13.2614341521,10.6935352511233,2.59136503254945,0.000218062331777181,0.450174670584464,0.398237354342123,0.495452110602933,13,1,100,0.309988758818787,0.569594468699321,13,4.53856131069711,1,-5.86083,245,0,0,20,"both",0.309988758818787,0.569594468699321
"1258","session1",-13.2614341521,10.6935352511233,2.59136503254945,0.000218062331777181,0.450174670584464,0.398237354342123,0.495452110602933,13,1,100,0.309988758818787,0.569594468699321,13,4.59804174528326,1,-7.92434,245,0,0,20,"both",0.309988758818787,0.569594468699321
"1259","session1",-13.2614341521,10.6935352511233,2.59136503254945,0.000218062331777181,0.450174670584464,0.398237354342123,0.495452110602933,13,1,100,0.309988758818787,0.569594468699321,13,3.62198263006595,0,-23.44941,245,0,0,20,"both",0.309988758818787,0.569594468699321
"1260","session1",-13.2614341521,10.6935352511233,2.59136503254945,0.000218062331777181,0.450174670584464,0.398237354342123,0.495452110602933,13,1,100,0.309988758818787,0.569594468699321,13,2.04568406651775,1,-1.8319,245,0,0,20,"both",0.309988758818787,0.569594468699321
"1261","session1",-13.2614341521,10.6935352511233,2.59136503254945,0.000218062331777181,0.450174670584464,0.398237354342123,0.495452110602933,13,1,100,0.309988758818787,0.569594468699321,13,2.4265138118058,0,-4.82871,245,0,0,20,"both",0.309988758818787,0.569594468699321
"1262","session1",-13.2614341521,10.6935352511233,2.59136503254945,0.000218062331777181,0.450174670584464,0.398237354342123,0.495452110602933,13,1,100,0.309988758818787,0.569594468699321,13,3.02947230383292,0,-19.34707,245,0,0,20,"both",0.309988758818787,0.569594468699321
"1263","session1",-13.2614341521,10.6935352511233,2.59136503254945,0.000218062331777181,0.450174670584464,0.398237354342123,0.495452110602933,13,1,100,0.309988758818787,0.569594468699321,13,3.25209112304623,1,-19.0098,245,0,0,20,"both",0.309988758818787,0.569594468699321
"1264","session1",-13.2614341521,10.6935352511233,2.59136503254945,0.000218062331777181,0.450174670584464,0.398237354342123,0.495452110602933,13,1,100,0.309988758818787,0.569594468699321,13,3.08504956514356,0,-21.80264,245,0,0,20,"both",0.309988758818787,0.569594468699321
"1265","session1",-13.2614341521,10.6935352511233,2.59136503254945,0.000218062331777181,0.450174670584464,0.398237354342123,0.495452110602933,13,1,100,0.309988758818787,0.569594468699321,13,1.7621911400631,1,-2.9699,245,0,0,20,"both",0.309988758818787,0.569594468699321
"1266","session1",-13.2614341521,10.6935352511233,2.59136503254945,0.000218062331777181,0.450174670584464,0.398237354342123,0.495452110602933,13,1,100,0.309988758818787,0.569594468699321,13,2.16653200666736,0,-21.40881,245,0,0,20,"both",0.309988758818787,0.569594468699321
"1267","session1",-13.2614341521,10.6935352511233,2.59136503254945,0.000218062331777181,0.450174670584464,0.398237354342123,0.495452110602933,13,1,100,0.309988758818787,0.569594468699321,13,3.35522501733029,1,-9.01239,245,0,0,20,"both",0.309988758818787,0.569594468699321
"1268","session1",-13.2614341521,10.6935352511233,2.59136503254945,0.000218062331777181,0.450174670584464,0.398237354342123,0.495452110602933,13,1,100,0.309988758818787,0.569594468699321,13,1.41025806971344,1,-3.99116,245,0,0,20,"both",0.309988758818787,0.569594468699321
"1269","session1",-13.2614341521,10.6935352511233,2.59136503254945,0.000218062331777181,0.450174670584464,0.398237354342123,0.495452110602933,13,1,100,0.309988758818787,0.569594468699321,13,4.25842831349562,1,-3.45314,245,0,0,20,"both",0.309988758818787,0.569594468699321
"1270","session1",-13.2614341521,10.6935352511233,2.59136503254945,0.000218062331777181,0.450174670584464,0.398237354342123,0.495452110602933,13,1,100,0.309988758818787,0.569594468699321,13,2.21870601976912,1,-3.6015,245,0,0,20,"both",0.309988758818787,0.569594468699321
"1271","session1",-13.2614341521,10.6935352511233,2.59136503254945,0.000218062331777181,0.450174670584464,0.398237354342123,0.495452110602933,13,1,100,0.309988758818787,0.569594468699321,13,2.3821362609637,1,-7.16468,245,0,0,20,"both",0.309988758818787,0.569594468699321
"1272","session1",-13.2614341521,10.6935352511233,2.59136503254945,0.000218062331777181,0.450174670584464,0.398237354342123,0.495452110602933,13,1,100,0.309988758818787,0.569594468699321,13,3.31163596885347,0,-18.5064,245,0,0,20,"both",0.309988758818787,0.569594468699321
"1273","session1",-13.2614341521,10.6935352511233,2.59136503254945,0.000218062331777181,0.450174670584464,0.398237354342123,0.495452110602933,13,1,100,0.309988758818787,0.569594468699321,13,1.91620983604111,0,-7.58035,245,0,0,20,"both",0.309988758818787,0.569594468699321
"1274","session1",-13.2614341521,10.6935352511233,2.59136503254945,0.000218062331777181,0.450174670584464,0.398237354342123,0.495452110602933,13,1,100,0.309988758818787,0.569594468699321,13,2.48781775623255,0,-21.55921,245,0,0,20,"both",0.309988758818787,0.569594468699321
"1275","session1",-13.2614341521,10.6935352511233,2.59136503254945,0.000218062331777181,0.450174670584464,0.398237354342123,0.495452110602933,13,1,100,0.309988758818787,0.569594468699321,13,1.64599970051015,1,0.549999999999999,245,0,0,20,"both",0.309988758818787,0.569594468699321
"1276","session1",-13.2614341521,10.6935352511233,2.59136503254945,0.000218062331777181,0.450174670584464,0.398237354342123,0.495452110602933,13,1,100,0.309988758818787,0.569594468699321,13,2.33547294114704,0,-21.11574,245,0,0,20,"both",0.309988758818787,0.569594468699321
"1277","session1",-13.2614341521,10.6935352511233,2.59136503254945,0.000218062331777181,0.450174670584464,0.398237354342123,0.495452110602933,13,1,100,0.309988758818787,0.569594468699321,13,2.23171979876872,0,-21.93694,245,0,0,20,"both",0.309988758818787,0.569594468699321
"1278","session1",-13.2614341521,10.6935352511233,2.59136503254945,0.000218062331777181,0.450174670584464,0.398237354342123,0.495452110602933,13,1,100,0.309988758818787,0.569594468699321,13,2.37868682641074,1,-3.91781,245,0,0,20,"both",0.309988758818787,0.569594468699321
"1279","session1",-13.2614341521,10.6935352511233,2.59136503254945,0.000218062331777181,0.450174670584464,0.398237354342123,0.495452110602933,13,1,100,0.309988758818787,0.569594468699321,13,5.60478597700961,0,-8.54549,245,0,0,20,"both",0.309988758818787,0.569594468699321
"1280","session1",-13.2614341521,10.6935352511233,2.59136503254945,0.000218062331777181,0.450174670584464,0.398237354342123,0.495452110602933,13,1,100,0.309988758818787,0.569594468699321,13,3.74388541103445,0,-8.57147,245,0,0,20,"both",0.309988758818787,0.569594468699321
"1281","session1",-13.2614341521,10.6935352511233,2.59136503254945,0.000218062331777181,0.450174670584464,0.398237354342123,0.495452110602933,13,1,100,0.309988758818787,0.569594468699321,13,1.95246819005284,1,-6.94037,245,0,0,20,"both",0.309988758818787,0.569594468699321
"1282","session1",-13.2614341521,10.6935352511233,2.59136503254945,0.000218062331777181,0.450174670584464,0.398237354342123,0.495452110602933,13,1,100,0.309988758818787,0.569594468699321,13,4.24704749014537,0,-19.48429,245,0,0,20,"both",0.309988758818787,0.569594468699321
"1283","session1",-13.2614341521,10.6935352511233,2.59136503254945,0.000218062331777181,0.450174670584464,0.398237354342123,0.495452110602933,13,1,100,0.309988758818787,0.569594468699321,13,3.06069209725398,0,-4.41187,245,0,0,20,"both",0.309988758818787,0.569594468699321
"1284","session1",-13.2614341521,10.6935352511233,2.59136503254945,0.000218062331777181,0.450174670584464,0.398237354342123,0.495452110602933,13,1,100,0.309988758818787,0.569594468699321,13,4.58680389333112,1,-4.04178,245,0,0,20,"both",0.309988758818787,0.569594468699321
"1285","session1",-13.2614341521,10.6935352511233,2.59136503254945,0.000218062331777181,0.450174670584464,0.398237354342123,0.495452110602933,13,1,100,0.309988758818787,0.569594468699321,13,1.84573399794704,1,-5.6015,245,0,0,20,"both",0.309988758818787,0.569594468699321
"1286","session1",-13.2614341521,10.6935352511233,2.59136503254945,0.000218062331777181,0.450174670584464,0.398237354342123,0.495452110602933,13,1,100,0.309988758818787,0.569594468699321,13,5.55787395121792,1,-5.03156,245,0,0,20,"both",0.309988758818787,0.569594468699321
"1287","session1",-13.2614341521,10.6935352511233,2.59136503254945,0.000218062331777181,0.450174670584464,0.398237354342123,0.495452110602933,13,1,100,0.309988758818787,0.569594468699321,13,2.75793957288868,0,-7.46232,245,0,0,20,"both",0.309988758818787,0.569594468699321
"1288","session1",-13.2614341521,10.6935352511233,2.59136503254945,0.000218062331777181,0.450174670584464,0.398237354342123,0.495452110602933,13,1,100,0.309988758818787,0.569594468699321,13,2.92869862956969,1,-2.92276,245,0,0,20,"both",0.309988758818787,0.569594468699321
"1289","session1",-13.2614341521,10.6935352511233,2.59136503254945,0.000218062331777181,0.450174670584464,0.398237354342123,0.495452110602933,13,1,100,0.309988758818787,0.569594468699321,13,2.80319809908747,1,-5.67858,245,0,0,20,"both",0.309988758818787,0.569594468699321
"1290","session1",-13.2614341521,10.6935352511233,2.59136503254945,0.000218062331777181,0.450174670584464,0.398237354342123,0.495452110602933,13,1,100,0.309988758818787,0.569594468699321,13,2.4557225328894,1,-5.08005,245,0,0,20,"both",0.309988758818787,0.569594468699321
"1291","session1",-13.2614341521,10.6935352511233,2.59136503254945,0.000218062331777181,0.450174670584464,0.398237354342123,0.495452110602933,13,1,100,0.309988758818787,0.569594468699321,13,2.57483502438243,0,-17.12601,245,0,0,20,"both",0.309988758818787,0.569594468699321
"1292","session1",-13.2614341521,10.6935352511233,2.59136503254945,0.000218062331777181,0.450174670584464,0.398237354342123,0.495452110602933,13,1,100,0.309988758818787,0.569594468699321,13,2.50725684631242,1,-4.44512,245,0,0,20,"both",0.309988758818787,0.569594468699321
"1293","session1",-13.2614341521,10.6935352511233,2.59136503254945,0.000218062331777181,0.450174670584464,0.398237354342123,0.495452110602933,13,1,100,0.309988758818787,0.569594468699321,13,1.92637952832742,1,-17.0827,245,0,0,20,"both",0.309988758818787,0.569594468699321
"1294","session1",-13.2614341521,10.6935352511233,2.59136503254945,0.000218062331777181,0.450174670584464,0.398237354342123,0.495452110602933,13,1,100,0.309988758818787,0.569594468699321,13,1.42583526684181,0,-6.43576,245,0,0,20,"both",0.309988758818787,0.569594468699321
"1295","session1",-13.2614341521,10.6935352511233,2.59136503254945,0.000218062331777181,0.450174670584464,0.398237354342123,0.495452110602933,13,1,100,0.309988758818787,0.569594468699321,13,2.09397874738864,0,-21.22217,245,0,0,20,"both",0.309988758818787,0.569594468699321
"1296","session1",-13.2614341521,10.6935352511233,2.59136503254945,0.000218062331777181,0.450174670584464,0.398237354342123,0.495452110602933,13,1,100,0.309988758818787,0.569594468699321,13,2.75838893394897,0,-21.5054,245,0,0,20,"both",0.309988758818787,0.569594468699321
"1297","session1",-13.2614341521,10.6935352511233,2.59136503254945,0.000218062331777181,0.450174670584464,0.398237354342123,0.495452110602933,13,1,100,0.309988758818787,0.569594468699321,13,3.69192180522781,1,-3.88548,245,0,0,20,"both",0.309988758818787,0.569594468699321
"1298","session1",-13.2614341521,10.6935352511233,2.59136503254945,0.000218062331777181,0.450174670584464,0.398237354342123,0.495452110602933,13,1,100,0.309988758818787,0.569594468699321,13,2.03766260808174,1,-6.23622,245,0,0,20,"both",0.309988758818787,0.569594468699321
"1299","session1",-13.2614341521,10.6935352511233,2.59136503254945,0.000218062331777181,0.450174670584464,0.398237354342123,0.495452110602933,13,1,100,0.309988758818787,0.569594468699321,13,3.59756447362037,0,-16.77923,245,0,0,20,"both",0.309988758818787,0.569594468699321
"1300","session1",-13.2614341521,10.6935352511233,2.59136503254945,0.000218062331777181,0.450174670584464,0.398237354342123,0.495452110602933,13,1,100,0.309988758818787,0.569594468699321,13,2.88367147966157,1,-15.03013,245,0,0,20,"both",0.309988758818787,0.569594468699321
"1301","session1",5.18193048755719,14.7387635384337,2.78435264234937,0.000508755039373586,0.102052571751738,0.54736199923306,0.426248314081411,14,1,100,0.309988758818787,0.569594468699321,14,2.01817797667297,1,8.5533339638,245,0,0,20,"both",0.309988758818787,0.569594468699321
"1302","session1",5.18193048755719,14.7387635384337,2.78435264234937,0.000508755039373586,0.102052571751738,0.54736199923306,0.426248314081411,14,1,100,0.309988758818787,0.569594468699321,14,4.22444020906213,0,-5.8896169651,245,0,0,20,"both",0.309988758818787,0.569594468699321
"1303","session1",5.18193048755719,14.7387635384337,2.78435264234937,0.000508755039373586,0.102052571751738,0.54736199923306,0.426248314081411,14,1,100,0.309988758818787,0.569594468699321,14,2.07823577119782,0,0.95453646658,245,0,0,20,"both",0.309988758818787,0.569594468699321
"1304","session1",5.18193048755719,14.7387635384337,2.78435264234937,0.000508755039373586,0.102052571751738,0.54736199923306,0.426248314081411,14,1,100,0.309988758818787,0.569594468699321,14,2.79611931170136,1,5.1391887855,245,0,0,20,"both",0.309988758818787,0.569594468699321
"1305","session1",5.18193048755719,14.7387635384337,2.78435264234937,0.000508755039373586,0.102052571751738,0.54736199923306,0.426248314081411,14,1,100,0.309988758818787,0.569594468699321,14,4.64237234325824,0,-16.01628,245,0,0,20,"both",0.309988758818787,0.569594468699321
"1306","session1",5.18193048755719,14.7387635384337,2.78435264234937,0.000508755039373586,0.102052571751738,0.54736199923306,0.426248314081411,14,1,100,0.309988758818787,0.569594468699321,14,4.27594476217246,0,-8.9384,245,0,0,20,"both",0.309988758818787,0.569594468699321
"1307","session1",5.18193048755719,14.7387635384337,2.78435264234937,0.000508755039373586,0.102052571751738,0.54736199923306,0.426248314081411,14,1,100,0.309988758818787,0.569594468699321,14,1.93507636038746,1,14.87597,245,0,0,20,"both",0.309988758818787,0.569594468699321
"1308","session1",5.18193048755719,14.7387635384337,2.78435264234937,0.000508755039373586,0.102052571751738,0.54736199923306,0.426248314081411,14,1,100,0.309988758818787,0.569594468699321,14,3.24271310610065,1,4.16182,245,0,0,20,"both",0.309988758818787,0.569594468699321
"1309","session1",5.18193048755719,14.7387635384337,2.78435264234937,0.000508755039373586,0.102052571751738,0.54736199923306,0.426248314081411,14,1,100,0.309988758818787,0.569594468699321,14,2.92368005432746,0,-0.56679,245,0,0,20,"both",0.309988758818787,0.569594468699321
"1310","session1",5.18193048755719,14.7387635384337,2.78435264234937,0.000508755039373586,0.102052571751738,0.54736199923306,0.426248314081411,14,1,100,0.309988758818787,0.569594468699321,14,3.43093817442747,0,11.61926,245,0,0,20,"both",0.309988758818787,0.569594468699321
"1311","session1",5.18193048755719,14.7387635384337,2.78435264234937,0.000508755039373586,0.102052571751738,0.54736199923306,0.426248314081411,14,1,100,0.309988758818787,0.569594468699321,14,1.35690492121284,0,20.43434,245,0,0,20,"both",0.309988758818787,0.569594468699321
"1312","session1",5.18193048755719,14.7387635384337,2.78435264234937,0.000508755039373586,0.102052571751738,0.54736199923306,0.426248314081411,14,1,100,0.309988758818787,0.569594468699321,14,1.87919169597535,0,-8.979651,245,0,0,20,"both",0.309988758818787,0.569594468699321
"1313","session1",5.18193048755719,14.7387635384337,2.78435264234937,0.000508755039373586,0.102052571751738,0.54736199923306,0.426248314081411,14,1,100,0.309988758818787,0.569594468699321,14,1.96568822003005,1,-6.46673,245,0,0,20,"both",0.309988758818787,0.569594468699321
"1314","session1",5.18193048755719,14.7387635384337,2.78435264234937,0.000508755039373586,0.102052571751738,0.54736199923306,0.426248314081411,14,1,100,0.309988758818787,0.569594468699321,14,3.87888505380484,1,-8.88013,245,0,0,20,"both",0.309988758818787,0.569594468699321
"1315","session1",5.18193048755719,14.7387635384337,2.78435264234937,0.000508755039373586,0.102052571751738,0.54736199923306,0.426248314081411,14,1,100,0.309988758818787,0.569594468699321,14,3.45117377167877,0,3.1038224345,245,0,0,20,"both",0.309988758818787,0.569594468699321
"1316","session1",5.18193048755719,14.7387635384337,2.78435264234937,0.000508755039373586,0.102052571751738,0.54736199923306,0.426248314081411,14,1,100,0.309988758818787,0.569594468699321,14,5.43676911958614,1,5.0597274294,245,0,0,20,"both",0.309988758818787,0.569594468699321
"1317","session1",5.18193048755719,14.7387635384337,2.78435264234937,0.000508755039373586,0.102052571751738,0.54736199923306,0.426248314081411,14,1,100,0.309988758818787,0.569594468699321,14,8,0,3.60234,245,0,0,20,"both",0.309988758818787,0.569594468699321
"1318","session1",5.18193048755719,14.7387635384337,2.78435264234937,0.000508755039373586,0.102052571751738,0.54736199923306,0.426248314081411,14,1,100,0.309988758818787,0.569594468699321,14,1.4002094411688,0,-40.0987,245,0,0,20,"both",0.309988758818787,0.569594468699321
"1319","session1",5.18193048755719,14.7387635384337,2.78435264234937,0.000508755039373586,0.102052571751738,0.54736199923306,0.426248314081411,14,1,100,0.309988758818787,0.569594468699321,14,1.61407445882036,0,6.7727614086,245,0,0,20,"both",0.309988758818787,0.569594468699321
"1320","session1",5.18193048755719,14.7387635384337,2.78435264234937,0.000508755039373586,0.102052571751738,0.54736199923306,0.426248314081411,14,1,100,0.309988758818787,0.569594468699321,14,2.44740218349986,1,48.452075,245,0,0,20,"both",0.309988758818787,0.569594468699321
"1321","session1",5.18193048755719,14.7387635384337,2.78435264234937,0.000508755039373586,0.102052571751738,0.54736199923306,0.426248314081411,14,1,100,0.309988758818787,0.569594468699321,14,3.1204517406013,0,9.5344662446,245,0,0,20,"both",0.309988758818787,0.569594468699321
"1322","session1",5.18193048755719,14.7387635384337,2.78435264234937,0.000508755039373586,0.102052571751738,0.54736199923306,0.426248314081411,14,1,100,0.309988758818787,0.569594468699321,14,2.13711785132026,0,10.4627870179,245,0,0,20,"both",0.309988758818787,0.569594468699321
"1323","session1",5.18193048755719,14.7387635384337,2.78435264234937,0.000508755039373586,0.102052571751738,0.54736199923306,0.426248314081411,14,1,100,0.309988758818787,0.569594468699321,14,1.79758562091283,0,12.7183572073,245,0,0,20,"both",0.309988758818787,0.569594468699321
"1324","session1",5.18193048755719,14.7387635384337,2.78435264234937,0.000508755039373586,0.102052571751738,0.54736199923306,0.426248314081411,14,1,100,0.309988758818787,0.569594468699321,14,2.25244504872339,1,21.56031,245,0,0,20,"both",0.309988758818787,0.569594468699321
"1325","session1",5.18193048755719,14.7387635384337,2.78435264234937,0.000508755039373586,0.102052571751738,0.54736199923306,0.426248314081411,14,1,100,0.309988758818787,0.569594468699321,14,0.90931151458329,1,17.5356,245,0,0,20,"both",0.309988758818787,0.569594468699321
"1326","session1",5.18193048755719,14.7387635384337,2.78435264234937,0.000508755039373586,0.102052571751738,0.54736199923306,0.426248314081411,14,1,100,0.309988758818787,0.569594468699321,14,1.93993560758475,1,12.28300260224,245,0,0,20,"both",0.309988758818787,0.569594468699321
"1327","session1",5.18193048755719,14.7387635384337,2.78435264234937,0.000508755039373586,0.102052571751738,0.54736199923306,0.426248314081411,14,1,100,0.309988758818787,0.569594468699321,14,2.49442805854194,1,8.75281492256,245,0,0,20,"both",0.309988758818787,0.569594468699321
"1328","session1",5.18193048755719,14.7387635384337,2.78435264234937,0.000508755039373586,0.102052571751738,0.54736199923306,0.426248314081411,14,1,100,0.309988758818787,0.569594468699321,14,5.60728240995897,1,6.65029262062,245,0,0,20,"both",0.309988758818787,0.569594468699321
"1329","session1",5.18193048755719,14.7387635384337,2.78435264234937,0.000508755039373586,0.102052571751738,0.54736199923306,0.426248314081411,14,1,100,0.309988758818787,0.569594468699321,14,0.796770419589001,0,-31.44436,245,0,0,20,"both",0.309988758818787,0.569594468699321
"1330","session1",5.18193048755719,14.7387635384337,2.78435264234937,0.000508755039373586,0.102052571751738,0.54736199923306,0.426248314081411,14,1,100,0.309988758818787,0.569594468699321,14,1.33642876298173,1,47.3637,245,0,0,20,"both",0.309988758818787,0.569594468699321
"1331","session1",5.18193048755719,14.7387635384337,2.78435264234937,0.000508755039373586,0.102052571751738,0.54736199923306,0.426248314081411,14,1,100,0.309988758818787,0.569594468699321,14,1.60241402987493,0,-34.27209,245,0,0,20,"both",0.309988758818787,0.569594468699321
"1332","session1",5.18193048755719,14.7387635384337,2.78435264234937,0.000508755039373586,0.102052571751738,0.54736199923306,0.426248314081411,14,1,100,0.309988758818787,0.569594468699321,14,1.92648022413826,1,38.712536,245,0,0,20,"both",0.309988758818787,0.569594468699321
"1333","session1",5.18193048755719,14.7387635384337,2.78435264234937,0.000508755039373586,0.102052571751738,0.54736199923306,0.426248314081411,14,1,100,0.309988758818787,0.569594468699321,14,2.67987820096784,1,14.64593,245,0,0,20,"both",0.309988758818787,0.569594468699321
"1334","session1",5.18193048755719,14.7387635384337,2.78435264234937,0.000508755039373586,0.102052571751738,0.54736199923306,0.426248314081411,14,1,100,0.309988758818787,0.569594468699321,14,4.45949001908453,0,-2.51112,245,0,0,20,"both",0.309988758818787,0.569594468699321
"1335","session1",5.18193048755719,14.7387635384337,2.78435264234937,0.000508755039373586,0.102052571751738,0.54736199923306,0.426248314081411,14,1,100,0.309988758818787,0.569594468699321,14,1.15912593932813,0,-3.37611,245,0,0,20,"both",0.309988758818787,0.569594468699321
"1336","session1",5.18193048755719,14.7387635384337,2.78435264234937,0.000508755039373586,0.102052571751738,0.54736199923306,0.426248314081411,14,1,100,0.309988758818787,0.569594468699321,14,2.58482796509157,1,14.23947,245,0,0,20,"both",0.309988758818787,0.569594468699321
"1337","session1",5.18193048755719,14.7387635384337,2.78435264234937,0.000508755039373586,0.102052571751738,0.54736199923306,0.426248314081411,14,1,100,0.309988758818787,0.569594468699321,14,7.19719890523496,0,-3.3032,245,0,0,20,"both",0.309988758818787,0.569594468699321
"1338","session1",5.18193048755719,14.7387635384337,2.78435264234937,0.000508755039373586,0.102052571751738,0.54736199923306,0.426248314081411,14,1,100,0.309988758818787,0.569594468699321,14,1.19890453736013,0,-14.4193,245,0,0,20,"both",0.309988758818787,0.569594468699321
"1339","session1",5.18193048755719,14.7387635384337,2.78435264234937,0.000508755039373586,0.102052571751738,0.54736199923306,0.426248314081411,14,1,100,0.309988758818787,0.569594468699321,14,1.68175501486566,0,-7.61486,245,0,0,20,"both",0.309988758818787,0.569594468699321
"1340","session1",5.18193048755719,14.7387635384337,2.78435264234937,0.000508755039373586,0.102052571751738,0.54736199923306,0.426248314081411,14,1,100,0.309988758818787,0.569594468699321,14,2.81243028077161,1,20.77621,245,0,0,20,"both",0.309988758818787,0.569594468699321
"1341","session1",5.18193048755719,14.7387635384337,2.78435264234937,0.000508755039373586,0.102052571751738,0.54736199923306,0.426248314081411,14,1,100,0.309988758818787,0.569594468699321,14,1.54890323811252,0,30.4782,245,0,0,20,"both",0.309988758818787,0.569594468699321
"1342","session1",5.18193048755719,14.7387635384337,2.78435264234937,0.000508755039373586,0.102052571751738,0.54736199923306,0.426248314081411,14,1,100,0.309988758818787,0.569594468699321,14,4.16351555085032,0,8.5151693596,245,0,0,20,"both",0.309988758818787,0.569594468699321
"1343","session1",5.18193048755719,14.7387635384337,2.78435264234937,0.000508755039373586,0.102052571751738,0.54736199923306,0.426248314081411,14,1,100,0.309988758818787,0.569594468699321,14,1.165153772414,0,-6.4822,245,0,0,20,"both",0.309988758818787,0.569594468699321
"1344","session1",5.18193048755719,14.7387635384337,2.78435264234937,0.000508755039373586,0.102052571751738,0.54736199923306,0.426248314081411,14,1,100,0.309988758818787,0.569594468699321,14,3.84081289277799,1,17.2257,245,0,0,20,"both",0.309988758818787,0.569594468699321
"1345","session1",5.18193048755719,14.7387635384337,2.78435264234937,0.000508755039373586,0.102052571751738,0.54736199923306,0.426248314081411,14,1,100,0.309988758818787,0.569594468699321,14,2.29920419775514,0,12.98285,245,0,0,20,"both",0.309988758818787,0.569594468699321
"1346","session1",5.18193048755719,14.7387635384337,2.78435264234937,0.000508755039373586,0.102052571751738,0.54736199923306,0.426248314081411,14,1,100,0.309988758818787,0.569594468699321,14,0.838174314966307,1,37.002,245,0,0,20,"both",0.309988758818787,0.569594468699321
"1347","session1",5.18193048755719,14.7387635384337,2.78435264234937,0.000508755039373586,0.102052571751738,0.54736199923306,0.426248314081411,14,1,100,0.309988758818787,0.569594468699321,14,2.59053382449854,0,0.80903,245,0,0,20,"both",0.309988758818787,0.569594468699321
"1348","session1",5.18193048755719,14.7387635384337,2.78435264234937,0.000508755039373586,0.102052571751738,0.54736199923306,0.426248314081411,14,1,100,0.309988758818787,0.569594468699321,14,3.12194024708005,0,-8.47615,245,0,0,20,"both",0.309988758818787,0.569594468699321
"1349","session1",5.18193048755719,14.7387635384337,2.78435264234937,0.000508755039373586,0.102052571751738,0.54736199923306,0.426248314081411,14,1,100,0.309988758818787,0.569594468699321,14,1.44707741472744,1,18.71262,245,0,0,20,"both",0.309988758818787,0.569594468699321
"1350","session1",5.18193048755719,14.7387635384337,2.78435264234937,0.000508755039373586,0.102052571751738,0.54736199923306,0.426248314081411,14,1,100,0.309988758818787,0.569594468699321,14,2.08344293844881,0,-9.99119,245,0,0,20,"both",0.309988758818787,0.569594468699321
"1351","session1",5.18193048755719,14.7387635384337,2.78435264234937,0.000508755039373586,0.102052571751738,0.54736199923306,0.426248314081411,14,1,100,0.309988758818787,0.569594468699321,14,1.37184873918249,1,30.4053,245,0,0,20,"both",0.309988758818787,0.569594468699321
"1352","session1",5.18193048755719,14.7387635384337,2.78435264234937,0.000508755039373586,0.102052571751738,0.54736199923306,0.426248314081411,14,1,100,0.309988758818787,0.569594468699321,14,1.93730329904373,0,3.22227,245,0,0,20,"both",0.309988758818787,0.569594468699321
"1353","session1",5.18193048755719,14.7387635384337,2.78435264234937,0.000508755039373586,0.102052571751738,0.54736199923306,0.426248314081411,14,1,100,0.309988758818787,0.569594468699321,14,0.891273859300224,1,45.8895,245,0,0,20,"both",0.309988758818787,0.569594468699321
"1354","session1",5.18193048755719,14.7387635384337,2.78435264234937,0.000508755039373586,0.102052571751738,0.54736199923306,0.426248314081411,14,1,100,0.309988758818787,0.569594468699321,14,3.0879272722138,0,1.5453,245,0,0,20,"both",0.309988758818787,0.569594468699321
"1355","session1",5.18193048755719,14.7387635384337,2.78435264234937,0.000508755039373586,0.102052571751738,0.54736199923306,0.426248314081411,14,1,100,0.309988758818787,0.569594468699321,14,2.96703225119454,0,-3.37948,245,0,0,20,"both",0.309988758818787,0.569594468699321
"1356","session1",5.18193048755719,14.7387635384337,2.78435264234937,0.000508755039373586,0.102052571751738,0.54736199923306,0.426248314081411,14,1,100,0.309988758818787,0.569594468699321,14,2.75902624441949,1,25.8249,245,0,0,20,"both",0.309988758818787,0.569594468699321
"1357","session1",5.18193048755719,14.7387635384337,2.78435264234937,0.000508755039373586,0.102052571751738,0.54736199923306,0.426248314081411,14,1,100,0.309988758818787,0.569594468699321,14,2.82181099085879,0,5.13298,245,0,0,20,"both",0.309988758818787,0.569594468699321
"1358","session1",5.18193048755719,14.7387635384337,2.78435264234937,0.000508755039373586,0.102052571751738,0.54736199923306,0.426248314081411,14,1,100,0.309988758818787,0.569594468699321,14,2.849630257132,0,-7.04,245,0,0,20,"both",0.309988758818787,0.569594468699321
"1359","session1",5.18193048755719,14.7387635384337,2.78435264234937,0.000508755039373586,0.102052571751738,0.54736199923306,0.426248314081411,14,1,100,0.309988758818787,0.569594468699321,14,5.63137314321982,0,-0.473190000000001,245,0,0,20,"both",0.309988758818787,0.569594468699321
"1360","session1",5.18193048755719,14.7387635384337,2.78435264234937,0.000508755039373586,0.102052571751738,0.54736199923306,0.426248314081411,14,1,100,0.309988758818787,0.569594468699321,14,3.7969909051192,0,-4.98236,245,0,0,20,"both",0.309988758818787,0.569594468699321
"1361","session1",5.18193048755719,14.7387635384337,2.78435264234937,0.000508755039373586,0.102052571751738,0.54736199923306,0.426248314081411,14,1,100,0.309988758818787,0.569594468699321,14,1.83555073289802,1,20.9552,245,0,0,20,"both",0.309988758818787,0.569594468699321
"1362","session1",5.18193048755719,14.7387635384337,2.78435264234937,0.000508755039373586,0.102052571751738,0.54736199923306,0.426248314081411,14,1,100,0.309988758818787,0.569594468699321,14,2.32329059219258,1,14.79485,245,0,0,20,"both",0.309988758818787,0.569594468699321
"1363","session1",5.18193048755719,14.7387635384337,2.78435264234937,0.000508755039373586,0.102052571751738,0.54736199923306,0.426248314081411,14,1,100,0.309988758818787,0.569594468699321,14,2.55674090203536,1,5.93435,245,0,0,20,"both",0.309988758818787,0.569594468699321
"1364","session1",5.18193048755719,14.7387635384337,2.78435264234937,0.000508755039373586,0.102052571751738,0.54736199923306,0.426248314081411,14,1,100,0.309988758818787,0.569594468699321,14,2.91070268737397,0,1.187,245,0,0,20,"both",0.309988758818787,0.569594468699321
"1365","session1",5.18193048755719,14.7387635384337,2.78435264234937,0.000508755039373586,0.102052571751738,0.54736199923306,0.426248314081411,14,1,100,0.309988758818787,0.569594468699321,14,4.6529210697634,0,5.11666,245,0,0,20,"both",0.309988758818787,0.569594468699321
"1366","session1",5.18193048755719,14.7387635384337,2.78435264234937,0.000508755039373586,0.102052571751738,0.54736199923306,0.426248314081411,14,1,100,0.309988758818787,0.569594468699321,14,1.01116313455263,1,17.69518,245,0,0,20,"both",0.309988758818787,0.569594468699321
"1367","session1",5.18193048755719,14.7387635384337,2.78435264234937,0.000508755039373586,0.102052571751738,0.54736199923306,0.426248314081411,14,1,100,0.309988758818787,0.569594468699321,14,1.79422481046478,1,-3.58571,245,0,0,20,"both",0.309988758818787,0.569594468699321
"1368","session1",5.18193048755719,14.7387635384337,2.78435264234937,0.000508755039373586,0.102052571751738,0.54736199923306,0.426248314081411,14,1,100,0.309988758818787,0.569594468699321,14,1.43571538253068,1,23.78394,245,0,0,20,"both",0.309988758818787,0.569594468699321
"1369","session1",5.18193048755719,14.7387635384337,2.78435264234937,0.000508755039373586,0.102052571751738,0.54736199923306,0.426248314081411,14,1,100,0.309988758818787,0.569594468699321,14,6.57816499819458,0,10.27935,245,0,0,20,"both",0.309988758818787,0.569594468699321
"1370","session1",5.18193048755719,14.7387635384337,2.78435264234937,0.000508755039373586,0.102052571751738,0.54736199923306,0.426248314081411,14,1,100,0.309988758818787,0.569594468699321,14,1.70792821182979,1,22.5451,245,0,0,20,"both",0.309988758818787,0.569594468699321
"1371","session1",5.18193048755719,14.7387635384337,2.78435264234937,0.000508755039373586,0.102052571751738,0.54736199923306,0.426248314081411,14,1,100,0.309988758818787,0.569594468699321,14,3.13398945564051,0,1.94376,245,0,0,20,"both",0.309988758818787,0.569594468699321
"1372","session1",5.18193048755719,14.7387635384337,2.78435264234937,0.000508755039373586,0.102052571751738,0.54736199923306,0.426248314081411,14,1,100,0.309988758818787,0.569594468699321,14,1.60983336706352,1,15.86863,245,0,0,20,"both",0.309988758818787,0.569594468699321
"1373","session1",5.18193048755719,14.7387635384337,2.78435264234937,0.000508755039373586,0.102052571751738,0.54736199923306,0.426248314081411,14,1,100,0.309988758818787,0.569594468699321,14,3.99310931766183,0,2.45314,245,0,0,20,"both",0.309988758818787,0.569594468699321
"1374","session1",5.18193048755719,14.7387635384337,2.78435264234937,0.000508755039373586,0.102052571751738,0.54736199923306,0.426248314081411,14,1,100,0.309988758818787,0.569594468699321,14,2.16247530374687,0,17.60731,245,0,0,20,"both",0.309988758818787,0.569594468699321
"1375","session1",5.18193048755719,14.7387635384337,2.78435264234937,0.000508755039373586,0.102052571751738,0.54736199923306,0.426248314081411,14,1,100,0.309988758818787,0.569594468699321,14,2.47281484263813,0,5.4113,245,0,0,20,"both",0.309988758818787,0.569594468699321
"1376","session1",5.18193048755719,14.7387635384337,2.78435264234937,0.000508755039373586,0.102052571751738,0.54736199923306,0.426248314081411,14,1,100,0.309988758818787,0.569594468699321,14,1.44097018658452,1,34.231,245,0,0,20,"both",0.309988758818787,0.569594468699321
"1377","session1",5.18193048755719,14.7387635384337,2.78435264234937,0.000508755039373586,0.102052571751738,0.54736199923306,0.426248314081411,14,1,100,0.309988758818787,0.569594468699321,14,1.90714781050326,1,3.73269,245,0,0,20,"both",0.309988758818787,0.569594468699321
"1378","session1",5.18193048755719,14.7387635384337,2.78435264234937,0.000508755039373586,0.102052571751738,0.54736199923306,0.426248314081411,14,1,100,0.309988758818787,0.569594468699321,14,2.18485919858013,1,19.74906,245,0,0,20,"both",0.309988758818787,0.569594468699321
"1379","session1",5.18193048755719,14.7387635384337,2.78435264234937,0.000508755039373586,0.102052571751738,0.54736199923306,0.426248314081411,14,1,100,0.309988758818787,0.569594468699321,14,4.01890057838189,1,19.72966,245,0,0,20,"both",0.309988758818787,0.569594468699321
"1380","session1",5.18193048755719,14.7387635384337,2.78435264234937,0.000508755039373586,0.102052571751738,0.54736199923306,0.426248314081411,14,1,100,0.309988758818787,0.569594468699321,14,3.6195635850303,1,-0.559899999999999,245,0,0,20,"both",0.309988758818787,0.569594468699321
"1381","session1",5.18193048755719,14.7387635384337,2.78435264234937,0.000508755039373586,0.102052571751738,0.54736199923306,0.426248314081411,14,1,100,0.309988758818787,0.569594468699321,14,1.64314289702926,1,18.47317,245,0,0,20,"both",0.309988758818787,0.569594468699321
"1382","session1",5.18193048755719,14.7387635384337,2.78435264234937,0.000508755039373586,0.102052571751738,0.54736199923306,0.426248314081411,14,1,100,0.309988758818787,0.569594468699321,14,2.18782523831242,0,-9.58509,245,0,0,20,"both",0.309988758818787,0.569594468699321
"1383","session1",5.18193048755719,14.7387635384337,2.78435264234937,0.000508755039373586,0.102052571751738,0.54736199923306,0.426248314081411,14,1,100,0.309988758818787,0.569594468699321,14,3.90010699300163,0,-1.28092,245,0,0,20,"both",0.309988758818787,0.569594468699321
"1384","session1",5.18193048755719,14.7387635384337,2.78435264234937,0.000508755039373586,0.102052571751738,0.54736199923306,0.426248314081411,14,1,100,0.309988758818787,0.569594468699321,14,2.8532267240398,0,4.283,245,0,0,20,"both",0.309988758818787,0.569594468699321
"1385","session1",5.18193048755719,14.7387635384337,2.78435264234937,0.000508755039373586,0.102052571751738,0.54736199923306,0.426248314081411,14,1,100,0.309988758818787,0.569594468699321,14,1.77144987032923,0,16.81429,245,0,0,20,"both",0.309988758818787,0.569594468699321
"1386","session1",5.18193048755719,14.7387635384337,2.78435264234937,0.000508755039373586,0.102052571751738,0.54736199923306,0.426248314081411,14,1,100,0.309988758818787,0.569594468699321,14,2.39699250649267,0,-15.62812,245,0,0,20,"both",0.309988758818787,0.569594468699321
"1387","session1",5.18193048755719,14.7387635384337,2.78435264234937,0.000508755039373586,0.102052571751738,0.54736199923306,0.426248314081411,14,1,100,0.309988758818787,0.569594468699321,14,1.142203889312,1,23.37099,245,0,0,20,"both",0.309988758818787,0.569594468699321
"1388","session1",5.18193048755719,14.7387635384337,2.78435264234937,0.000508755039373586,0.102052571751738,0.54736199923306,0.426248314081411,14,1,100,0.309988758818787,0.569594468699321,14,2.61028886370736,1,-0.344239999999999,245,0,0,20,"both",0.309988758818787,0.569594468699321
"1389","session1",5.18193048755719,14.7387635384337,2.78435264234937,0.000508755039373586,0.102052571751738,0.54736199923306,0.426248314081411,14,1,100,0.309988758818787,0.569594468699321,14,1.00783606691282,1,21.24071,245,0,0,20,"both",0.309988758818787,0.569594468699321
"1390","session1",5.18193048755719,14.7387635384337,2.78435264234937,0.000508755039373586,0.102052571751738,0.54736199923306,0.426248314081411,14,1,100,0.309988758818787,0.569594468699321,14,1.3117340269961,1,16.11709,245,0,0,20,"both",0.309988758818787,0.569594468699321
"1391","session1",5.18193048755719,14.7387635384337,2.78435264234937,0.000508755039373586,0.102052571751738,0.54736199923306,0.426248314081411,14,1,100,0.309988758818787,0.569594468699321,14,1.93798521985196,1,19.11723,245,0,0,20,"both",0.309988758818787,0.569594468699321
"1392","session1",5.18193048755719,14.7387635384337,2.78435264234937,0.000508755039373586,0.102052571751738,0.54736199923306,0.426248314081411,14,1,100,0.309988758818787,0.569594468699321,14,3.15107498184177,0,-3.71744,245,0,0,20,"both",0.309988758818787,0.569594468699321
"1393","session1",5.18193048755719,14.7387635384337,2.78435264234937,0.000508755039373586,0.102052571751738,0.54736199923306,0.426248314081411,14,1,100,0.309988758818787,0.569594468699321,14,3.2223997946405,1,22.3872,245,0,0,20,"both",0.309988758818787,0.569594468699321
"1394","session1",5.18193048755719,14.7387635384337,2.78435264234937,0.000508755039373586,0.102052571751738,0.54736199923306,0.426248314081411,14,1,100,0.309988758818787,0.569594468699321,14,1.49760810353415,0,2.14978,245,0,0,20,"both",0.309988758818787,0.569594468699321
"1395","session1",5.18193048755719,14.7387635384337,2.78435264234937,0.000508755039373586,0.102052571751738,0.54736199923306,0.426248314081411,14,1,100,0.309988758818787,0.569594468699321,14,2.55728469950397,0,-0.720400000000001,245,0,0,20,"both",0.309988758818787,0.569594468699321
"1396","session1",5.18193048755719,14.7387635384337,2.78435264234937,0.000508755039373586,0.102052571751738,0.54736199923306,0.426248314081411,14,1,100,0.309988758818787,0.569594468699321,14,3.04889780743976,0,-5.5689,245,0,0,20,"both",0.309988758818787,0.569594468699321
"1397","session1",5.18193048755719,14.7387635384337,2.78435264234937,0.000508755039373586,0.102052571751738,0.54736199923306,0.426248314081411,14,1,100,0.309988758818787,0.569594468699321,14,1.52572141930479,1,20.51136,245,0,0,20,"both",0.309988758818787,0.569594468699321
"1398","session1",5.18193048755719,14.7387635384337,2.78435264234937,0.000508755039373586,0.102052571751738,0.54736199923306,0.426248314081411,14,1,100,0.309988758818787,0.569594468699321,14,3.27366831833261,0,-2.02815,245,0,0,20,"both",0.309988758818787,0.569594468699321
"1399","session1",5.18193048755719,14.7387635384337,2.78435264234937,0.000508755039373586,0.102052571751738,0.54736199923306,0.426248314081411,14,1,100,0.309988758818787,0.569594468699321,14,1.34471290967475,0,-0.3858,245,0,0,20,"both",0.309988758818787,0.569594468699321
"1400","session1",5.18193048755719,14.7387635384337,2.78435264234937,0.000508755039373586,0.102052571751738,0.54736199923306,0.426248314081411,14,1,100,0.309988758818787,0.569594468699321,14,2.20793502607442,1,2.81942,245,0,0,20,"both",0.309988758818787,0.569594468699321
"1401","session1",-5.24644883437606,11.0087601942494,1.85951767888174,0.000743984436944351,0.0173133383021667,0.535993703641406,0.352048700859453,15,1,100,0.309988758818787,0.569594468699321,15,1.70413987652018,0,-7.94770295858,245,0,0,20,"both",0.309988758818787,0.569594468699321
"1402","session1",-5.24644883437606,11.0087601942494,1.85951767888174,0.000743984436944351,0.0173133383021667,0.535993703641406,0.352048700859453,15,1,100,0.309988758818787,0.569594468699321,15,2.16791351597853,0,7.3601110681,245,0,0,20,"both",0.309988758818787,0.569594468699321
"1403","session1",-5.24644883437606,11.0087601942494,1.85951767888174,0.000743984436944351,0.0173133383021667,0.535993703641406,0.352048700859453,15,1,100,0.309988758818787,0.569594468699321,15,2.56017592864392,1,12.598798013,245,0,0,20,"both",0.309988758818787,0.569594468699321
"1404","session1",-5.24644883437606,11.0087601942494,1.85951767888174,0.000743984436944351,0.0173133383021667,0.535993703641406,0.352048700859453,15,1,100,0.309988758818787,0.569594468699321,15,1.31498953904983,1,6.8585648738,245,0,0,20,"both",0.309988758818787,0.569594468699321
"1405","session1",-5.24644883437606,11.0087601942494,1.85951767888174,0.000743984436944351,0.0173133383021667,0.535993703641406,0.352048700859453,15,1,100,0.309988758818787,0.569594468699321,15,1.4044473251835,1,20.98229,245,0,0,20,"both",0.309988758818787,0.569594468699321
"1406","session1",-5.24644883437606,11.0087601942494,1.85951767888174,0.000743984436944351,0.0173133383021667,0.535993703641406,0.352048700859453,15,1,100,0.309988758818787,0.569594468699321,15,2.16150083186194,0,2.4365934474,245,0,0,20,"both",0.309988758818787,0.569594468699321
"1407","session1",-5.24644883437606,11.0087601942494,1.85951767888174,0.000743984436944351,0.0173133383021667,0.535993703641406,0.352048700859453,15,1,100,0.309988758818787,0.569594468699321,15,3.63925105886554,1,15.7826,245,0,0,20,"both",0.309988758818787,0.569594468699321
"1408","session1",-5.24644883437606,11.0087601942494,1.85951767888174,0.000743984436944351,0.0173133383021667,0.535993703641406,0.352048700859453,15,1,100,0.309988758818787,0.569594468699321,15,1.7756594773118,0,-2.03209,245,0,0,20,"both",0.309988758818787,0.569594468699321
"1409","session1",-5.24644883437606,11.0087601942494,1.85951767888174,0.000743984436944351,0.0173133383021667,0.535993703641406,0.352048700859453,15,1,100,0.309988758818787,0.569594468699321,15,1.29977035176952,0,-7.52672,245,0,0,20,"both",0.309988758818787,0.569594468699321
"1410","session1",-5.24644883437606,11.0087601942494,1.85951767888174,0.000743984436944351,0.0173133383021667,0.535993703641406,0.352048700859453,15,1,100,0.309988758818787,0.569594468699321,15,1.30995626027145,0,-3.30935,245,0,0,20,"both",0.309988758818787,0.569594468699321
"1411","session1",-5.24644883437606,11.0087601942494,1.85951767888174,0.000743984436944351,0.0173133383021667,0.535993703641406,0.352048700859453,15,1,100,0.309988758818787,0.569594468699321,15,2.08888558284534,1,6.68457,245,0,0,20,"both",0.309988758818787,0.569594468699321
"1412","session1",-5.24644883437606,11.0087601942494,1.85951767888174,0.000743984436944351,0.0173133383021667,0.535993703641406,0.352048700859453,15,1,100,0.309988758818787,0.569594468699321,15,1.12483681617492,1,5.98241,245,0,0,20,"both",0.309988758818787,0.569594468699321
"1413","session1",-5.24644883437606,11.0087601942494,1.85951767888174,0.000743984436944351,0.0173133383021667,0.535993703641406,0.352048700859453,15,1,100,0.309988758818787,0.569594468699321,15,0.94523917634781,1,9.79562,245,0,0,20,"both",0.309988758818787,0.569594468699321
"1414","session1",-5.24644883437606,11.0087601942494,1.85951767888174,0.000743984436944351,0.0173133383021667,0.535993703641406,0.352048700859453,15,1,100,0.309988758818787,0.569594468699321,15,2.01154556859131,0,-11.9994,245,0,0,20,"both",0.309988758818787,0.569594468699321
"1415","session1",-5.24644883437606,11.0087601942494,1.85951767888174,0.000743984436944351,0.0173133383021667,0.535993703641406,0.352048700859453,15,1,100,0.309988758818787,0.569594468699321,15,1.14128483550319,1,-2.98419,245,0,0,20,"both",0.309988758818787,0.569594468699321
"1416","session1",-5.24644883437606,11.0087601942494,1.85951767888174,0.000743984436944351,0.0173133383021667,0.535993703641406,0.352048700859453,15,1,100,0.309988758818787,0.569594468699321,15,1.08850685574173,1,8.96929,245,0,0,20,"both",0.309988758818787,0.569594468699321
"1417","session1",-5.24644883437606,11.0087601942494,1.85951767888174,0.000743984436944351,0.0173133383021667,0.535993703641406,0.352048700859453,15,1,100,0.309988758818787,0.569594468699321,15,1.27543901358692,0,-8.3194,245,0,0,20,"both",0.309988758818787,0.569594468699321
"1418","session1",-5.24644883437606,11.0087601942494,1.85951767888174,0.000743984436944351,0.0173133383021667,0.535993703641406,0.352048700859453,15,1,100,0.309988758818787,0.569594468699321,15,0.793544734922248,1,12.46029,245,0,0,20,"both",0.309988758818787,0.569594468699321
"1419","session1",-5.24644883437606,11.0087601942494,1.85951767888174,0.000743984436944351,0.0173133383021667,0.535993703641406,0.352048700859453,15,1,100,0.309988758818787,0.569594468699321,15,1.07915379891106,1,7.01016,245,0,0,20,"both",0.309988758818787,0.569594468699321
"1420","session1",-5.24644883437606,11.0087601942494,1.85951767888174,0.000743984436944351,0.0173133383021667,0.535993703641406,0.352048700859453,15,1,100,0.309988758818787,0.569594468699321,15,1.39814811660085,0,-37.357414,245,0,0,20,"both",0.309988758818787,0.569594468699321
"1421","session1",-5.24644883437606,11.0087601942494,1.85951767888174,0.000743984436944351,0.0173133383021667,0.535993703641406,0.352048700859453,15,1,100,0.309988758818787,0.569594468699321,15,2.04880913736325,1,-2.60580639,245,0,0,20,"both",0.309988758818787,0.569594468699321
"1422","session1",-5.24644883437606,11.0087601942494,1.85951767888174,0.000743984436944351,0.0173133383021667,0.535993703641406,0.352048700859453,15,1,100,0.309988758818787,0.569594468699321,15,1.15692602223721,1,9.33313,245,0,0,20,"both",0.309988758818787,0.569594468699321
"1423","session1",-5.24644883437606,11.0087601942494,1.85951767888174,0.000743984436944351,0.0173133383021667,0.535993703641406,0.352048700859453,15,1,100,0.309988758818787,0.569594468699321,15,3.75947284044892,1,4.124644,245,0,0,20,"both",0.309988758818787,0.569594468699321
"1424","session1",-5.24644883437606,11.0087601942494,1.85951767888174,0.000743984436944351,0.0173133383021667,0.535993703641406,0.352048700859453,15,1,100,0.309988758818787,0.569594468699321,15,3.06039962269201,0,-1.191416,245,0,0,20,"both",0.309988758818787,0.569594468699321
"1425","session1",-5.24644883437606,11.0087601942494,1.85951767888174,0.000743984436944351,0.0173133383021667,0.535993703641406,0.352048700859453,15,1,100,0.309988758818787,0.569594468699321,15,3.60255683389972,0,8.98421,245,0,0,20,"both",0.309988758818787,0.569594468699321
"1426","session1",-5.24644883437606,11.0087601942494,1.85951767888174,0.000743984436944351,0.0173133383021667,0.535993703641406,0.352048700859453,15,1,100,0.309988758818787,0.569594468699321,15,1.77733181978635,1,-2.17371,245,0,0,20,"both",0.309988758818787,0.569594468699321
"1427","session1",-5.24644883437606,11.0087601942494,1.85951767888174,0.000743984436944351,0.0173133383021667,0.535993703641406,0.352048700859453,15,1,100,0.309988758818787,0.569594468699321,15,1.33123364539179,1,-11.290887,245,0,0,20,"both",0.309988758818787,0.569594468699321
"1428","session1",-5.24644883437606,11.0087601942494,1.85951767888174,0.000743984436944351,0.0173133383021667,0.535993703641406,0.352048700859453,15,1,100,0.309988758818787,0.569594468699321,15,4.52877750316252,1,-4.68477,245,0,0,20,"both",0.309988758818787,0.569594468699321
"1429","session1",-5.24644883437606,11.0087601942494,1.85951767888174,0.000743984436944351,0.0173133383021667,0.535993703641406,0.352048700859453,15,1,100,0.309988758818787,0.569594468699321,15,0.810221019541217,1,30.41922,245,0,0,20,"both",0.309988758818787,0.569594468699321
"1430","session1",-5.24644883437606,11.0087601942494,1.85951767888174,0.000743984436944351,0.0173133383021667,0.535993703641406,0.352048700859453,15,1,100,0.309988758818787,0.569594468699321,15,2.12044606775143,0,-14.7452,245,0,0,20,"both",0.309988758818787,0.569594468699321
"1431","session1",-5.24644883437606,11.0087601942494,1.85951767888174,0.000743984436944351,0.0173133383021667,0.535993703641406,0.352048700859453,15,1,100,0.309988758818787,0.569594468699321,15,1.89150640376873,0,-18.51029,245,0,0,20,"both",0.309988758818787,0.569594468699321
"1432","session1",-5.24644883437606,11.0087601942494,1.85951767888174,0.000743984436944351,0.0173133383021667,0.535993703641406,0.352048700859453,15,1,100,0.309988758818787,0.569594468699321,15,1.35873826964999,0,-8.53716,245,0,0,20,"both",0.309988758818787,0.569594468699321
"1433","session1",-5.24644883437606,11.0087601942494,1.85951767888174,0.000743984436944351,0.0173133383021667,0.535993703641406,0.352048700859453,15,1,100,0.309988758818787,0.569594468699321,15,3.18888029889066,1,14.582783,245,0,0,20,"both",0.309988758818787,0.569594468699321
"1434","session1",-5.24644883437606,11.0087601942494,1.85951767888174,0.000743984436944351,0.0173133383021667,0.535993703641406,0.352048700859453,15,1,100,0.309988758818787,0.569594468699321,15,0.950785827003782,0,-10.23045,245,0,0,20,"both",0.309988758818787,0.569594468699321
"1435","session1",-5.24644883437606,11.0087601942494,1.85951767888174,0.000743984436944351,0.0173133383021667,0.535993703641406,0.352048700859453,15,1,100,0.309988758818787,0.569594468699321,15,1.89508300731983,1,-13.28351,245,0,0,20,"both",0.309988758818787,0.569594468699321
"1436","session1",-5.24644883437606,11.0087601942494,1.85951767888174,0.000743984436944351,0.0173133383021667,0.535993703641406,0.352048700859453,15,1,100,0.309988758818787,0.569594468699321,15,1.13941486497748,0,-18.65542,245,0,0,20,"both",0.309988758818787,0.569594468699321
"1437","session1",-5.24644883437606,11.0087601942494,1.85951767888174,0.000743984436944351,0.0173133383021667,0.535993703641406,0.352048700859453,15,1,100,0.309988758818787,0.569594468699321,15,0.989608635464001,1,-6.13385,245,0,0,20,"both",0.309988758818787,0.569594468699321
"1438","session1",-5.24644883437606,11.0087601942494,1.85951767888174,0.000743984436944351,0.0173133383021667,0.535993703641406,0.352048700859453,15,1,100,0.309988758818787,0.569594468699321,15,0.907305637812837,0,-16.82882,245,0,0,20,"both",0.309988758818787,0.569594468699321
"1439","session1",-5.24644883437606,11.0087601942494,1.85951767888174,0.000743984436944351,0.0173133383021667,0.535993703641406,0.352048700859453,15,1,100,0.309988758818787,0.569594468699321,15,1.61036271650215,1,17.79465,245,0,0,20,"both",0.309988758818787,0.569594468699321
"1440","session1",-5.24644883437606,11.0087601942494,1.85951767888174,0.000743984436944351,0.0173133383021667,0.535993703641406,0.352048700859453,15,1,100,0.309988758818787,0.569594468699321,15,3.41227372574053,0,-15.17657,245,0,0,20,"both",0.309988758818787,0.569594468699321
"1441","session1",-5.24644883437606,11.0087601942494,1.85951767888174,0.000743984436944351,0.0173133383021667,0.535993703641406,0.352048700859453,15,1,100,0.309988758818787,0.569594468699321,15,1.77147010642048,0,1.56106,245,0,0,20,"both",0.309988758818787,0.569594468699321
"1442","session1",-5.24644883437606,11.0087601942494,1.85951767888174,0.000743984436944351,0.0173133383021667,0.535993703641406,0.352048700859453,15,1,100,0.309988758818787,0.569594468699321,15,1.11370396751783,0,-32.12424,245,0,0,20,"both",0.309988758818787,0.569594468699321
"1443","session1",-5.24644883437606,11.0087601942494,1.85951767888174,0.000743984436944351,0.0173133383021667,0.535993703641406,0.352048700859453,15,1,100,0.309988758818787,0.569594468699321,15,1.59741282092647,0,-16.5877,245,0,0,20,"both",0.309988758818787,0.569594468699321
"1444","session1",-5.24644883437606,11.0087601942494,1.85951767888174,0.000743984436944351,0.0173133383021667,0.535993703641406,0.352048700859453,15,1,100,0.309988758818787,0.569594468699321,15,2.32678659159449,1,-7.67842,245,0,0,20,"both",0.309988758818787,0.569594468699321
"1445","session1",-5.24644883437606,11.0087601942494,1.85951767888174,0.000743984436944351,0.0173133383021667,0.535993703641406,0.352048700859453,15,1,100,0.309988758818787,0.569594468699321,15,1.59017796696037,0,4.90098,245,0,0,20,"both",0.309988758818787,0.569594468699321
"1446","session1",-5.24644883437606,11.0087601942494,1.85951767888174,0.000743984436944351,0.0173133383021667,0.535993703641406,0.352048700859453,15,1,100,0.309988758818787,0.569594468699321,15,1.6481451867808,1,15.435131,245,0,0,20,"both",0.309988758818787,0.569594468699321
"1447","session1",-5.24644883437606,11.0087601942494,1.85951767888174,0.000743984436944351,0.0173133383021667,0.535993703641406,0.352048700859453,15,1,100,0.309988758818787,0.569594468699321,15,1.74401362066942,0,-14.81399,245,0,0,20,"both",0.309988758818787,0.569594468699321
"1448","session1",-5.24644883437606,11.0087601942494,1.85951767888174,0.000743984436944351,0.0173133383021667,0.535993703641406,0.352048700859453,15,1,100,0.309988758818787,0.569594468699321,15,0.868526031949581,1,18.029557,245,0,0,20,"both",0.309988758818787,0.569594468699321
"1449","session1",-5.24644883437606,11.0087601942494,1.85951767888174,0.000743984436944351,0.0173133383021667,0.535993703641406,0.352048700859453,15,1,100,0.309988758818787,0.569594468699321,15,1.28805297053604,1,6.86497,245,0,0,20,"both",0.309988758818787,0.569594468699321
"1450","session1",-5.24644883437606,11.0087601942494,1.85951767888174,0.000743984436944351,0.0173133383021667,0.535993703641406,0.352048700859453,15,1,100,0.309988758818787,0.569594468699321,15,1.42313716034637,0,-13.650817,245,0,0,20,"both",0.309988758818787,0.569594468699321
"1451","session1",-5.24644883437606,11.0087601942494,1.85951767888174,0.000743984436944351,0.0173133383021667,0.535993703641406,0.352048700859453,15,1,100,0.309988758818787,0.569594468699321,15,2.16949152594215,0,-20.77452,245,0,0,20,"both",0.309988758818787,0.569594468699321
"1452","session1",-5.24644883437606,11.0087601942494,1.85951767888174,0.000743984436944351,0.0173133383021667,0.535993703641406,0.352048700859453,15,1,100,0.309988758818787,0.569594468699321,15,2.35190635710778,0,-9.593752,245,0,0,20,"both",0.309988758818787,0.569594468699321
"1453","session1",-5.24644883437606,11.0087601942494,1.85951767888174,0.000743984436944351,0.0173133383021667,0.535993703641406,0.352048700859453,15,1,100,0.309988758818787,0.569594468699321,15,1.30121168263048,1,10.8610216,245,0,0,20,"both",0.309988758818787,0.569594468699321
"1454","session1",-5.24644883437606,11.0087601942494,1.85951767888174,0.000743984436944351,0.0173133383021667,0.535993703641406,0.352048700859453,15,1,100,0.309988758818787,0.569594468699321,15,1.54289748729301,1,16.13024,245,0,0,20,"both",0.309988758818787,0.569594468699321
"1455","session1",-5.24644883437606,11.0087601942494,1.85951767888174,0.000743984436944351,0.0173133383021667,0.535993703641406,0.352048700859453,15,1,100,0.309988758818787,0.569594468699321,15,4.13003360543525,0,-17.32893,245,0,0,20,"both",0.309988758818787,0.569594468699321
"1456","session1",-5.24644883437606,11.0087601942494,1.85951767888174,0.000743984436944351,0.0173133383021667,0.535993703641406,0.352048700859453,15,1,100,0.309988758818787,0.569594468699321,15,1.27581317523259,1,4.97838,245,0,0,20,"both",0.309988758818787,0.569594468699321
"1457","session1",-5.24644883437606,11.0087601942494,1.85951767888174,0.000743984436944351,0.0173133383021667,0.535993703641406,0.352048700859453,15,1,100,0.309988758818787,0.569594468699321,15,1.13737188039645,0,-15.1877,245,0,0,20,"both",0.309988758818787,0.569594468699321
"1458","session1",-5.24644883437606,11.0087601942494,1.85951767888174,0.000743984436944351,0.0173133383021667,0.535993703641406,0.352048700859453,15,1,100,0.309988758818787,0.569594468699321,15,1.3201507717106,0,4.44245,245,0,0,20,"both",0.309988758818787,0.569594468699321
"1459","session1",-5.24644883437606,11.0087601942494,1.85951767888174,0.000743984436944351,0.0173133383021667,0.535993703641406,0.352048700859453,15,1,100,0.309988758818787,0.569594468699321,15,1.22337165856437,1,20.103802,245,0,0,20,"both",0.309988758818787,0.569594468699321
"1460","session1",-5.24644883437606,11.0087601942494,1.85951767888174,0.000743984436944351,0.0173133383021667,0.535993703641406,0.352048700859453,15,1,100,0.309988758818787,0.569594468699321,15,1.42737369856649,0,-18.01454,245,0,0,20,"both",0.309988758818787,0.569594468699321
"1461","session1",-5.24644883437606,11.0087601942494,1.85951767888174,0.000743984436944351,0.0173133383021667,0.535993703641406,0.352048700859453,15,1,100,0.309988758818787,0.569594468699321,15,2.28990394711137,1,-20.119773,245,0,0,20,"both",0.309988758818787,0.569594468699321
"1462","session1",-5.24644883437606,11.0087601942494,1.85951767888174,0.000743984436944351,0.0173133383021667,0.535993703641406,0.352048700859453,15,1,100,0.309988758818787,0.569594468699321,15,3.3424696029975,0,-13.39856,245,0,0,20,"both",0.309988758818787,0.569594468699321
"1463","session1",-5.24644883437606,11.0087601942494,1.85951767888174,0.000743984436944351,0.0173133383021667,0.535993703641406,0.352048700859453,15,1,100,0.309988758818787,0.569594468699321,15,1.57455870866143,1,12.821711,245,0,0,20,"both",0.309988758818787,0.569594468699321
"1464","session1",-5.24644883437606,11.0087601942494,1.85951767888174,0.000743984436944351,0.0173133383021667,0.535993703641406,0.352048700859453,15,1,100,0.309988758818787,0.569594468699321,15,2.31327470208589,0,-6.43042,245,0,0,20,"both",0.309988758818787,0.569594468699321
"1465","session1",-5.24644883437606,11.0087601942494,1.85951767888174,0.000743984436944351,0.0173133383021667,0.535993703641406,0.352048700859453,15,1,100,0.309988758818787,0.569594468699321,15,1.68703667457398,0,0.21037,245,0,0,20,"both",0.309988758818787,0.569594468699321
"1466","session1",-5.24644883437606,11.0087601942494,1.85951767888174,0.000743984436944351,0.0173133383021667,0.535993703641406,0.352048700859453,15,1,100,0.309988758818787,0.569594468699321,15,1.92798484582579,0,-11.3930468,245,0,0,20,"both",0.309988758818787,0.569594468699321
"1467","session1",-5.24644883437606,11.0087601942494,1.85951767888174,0.000743984436944351,0.0173133383021667,0.535993703641406,0.352048700859453,15,1,100,0.309988758818787,0.569594468699321,15,1.58073487571701,1,7.807556,245,0,0,20,"both",0.309988758818787,0.569594468699321
"1468","session1",-5.24644883437606,11.0087601942494,1.85951767888174,0.000743984436944351,0.0173133383021667,0.535993703641406,0.352048700859453,15,1,100,0.309988758818787,0.569594468699321,15,1.83348466523736,0,-14.687455,245,0,0,20,"both",0.309988758818787,0.569594468699321
"1469","session1",-5.24644883437606,11.0087601942494,1.85951767888174,0.000743984436944351,0.0173133383021667,0.535993703641406,0.352048700859453,15,1,100,0.309988758818787,0.569594468699321,15,1.72914900970284,1,6.349907,245,0,0,20,"both",0.309988758818787,0.569594468699321
"1470","session1",-5.24644883437606,11.0087601942494,1.85951767888174,0.000743984436944351,0.0173133383021667,0.535993703641406,0.352048700859453,15,1,100,0.309988758818787,0.569594468699321,15,1.59490378046604,0,-16.004719,245,0,0,20,"both",0.309988758818787,0.569594468699321
"1471","session1",-5.24644883437606,11.0087601942494,1.85951767888174,0.000743984436944351,0.0173133383021667,0.535993703641406,0.352048700859453,15,1,100,0.309988758818787,0.569594468699321,15,3.37223351488472,1,6.7813492,245,0,0,20,"both",0.309988758818787,0.569594468699321
"1472","session1",-5.24644883437606,11.0087601942494,1.85951767888174,0.000743984436944351,0.0173133383021667,0.535993703641406,0.352048700859453,15,1,100,0.309988758818787,0.569594468699321,15,1.90693598040625,1,5.1411,245,0,0,20,"both",0.309988758818787,0.569594468699321
"1473","session1",-5.24644883437606,11.0087601942494,1.85951767888174,0.000743984436944351,0.0173133383021667,0.535993703641406,0.352048700859453,15,1,100,0.309988758818787,0.569594468699321,15,1.63261339653084,1,8.87612,245,0,0,20,"both",0.309988758818787,0.569594468699321
"1474","session1",-5.24644883437606,11.0087601942494,1.85951767888174,0.000743984436944351,0.0173133383021667,0.535993703641406,0.352048700859453,15,1,100,0.309988758818787,0.569594468699321,15,1.30537114263018,1,6.79282,245,0,0,20,"both",0.309988758818787,0.569594468699321
"1475","session1",-5.24644883437606,11.0087601942494,1.85951767888174,0.000743984436944351,0.0173133383021667,0.535993703641406,0.352048700859453,15,1,100,0.309988758818787,0.569594468699321,15,1.77755311964585,1,9.84487,245,0,0,20,"both",0.309988758818787,0.569594468699321
"1476","session1",-5.24644883437606,11.0087601942494,1.85951767888174,0.000743984436944351,0.0173133383021667,0.535993703641406,0.352048700859453,15,1,100,0.309988758818787,0.569594468699321,15,0.962505758766662,1,10.35437,245,0,0,20,"both",0.309988758818787,0.569594468699321
"1477","session1",-5.24644883437606,11.0087601942494,1.85951767888174,0.000743984436944351,0.0173133383021667,0.535993703641406,0.352048700859453,15,1,100,0.309988758818787,0.569594468699321,15,1.09040669479512,1,9.52973,245,0,0,20,"both",0.309988758818787,0.569594468699321
"1478","session1",-5.24644883437606,11.0087601942494,1.85951767888174,0.000743984436944351,0.0173133383021667,0.535993703641406,0.352048700859453,15,1,100,0.309988758818787,0.569594468699321,15,1.53590494211902,0,-12.46026,245,0,0,20,"both",0.309988758818787,0.569594468699321
"1479","session1",-5.24644883437606,11.0087601942494,1.85951767888174,0.000743984436944351,0.0173133383021667,0.535993703641406,0.352048700859453,15,1,100,0.309988758818787,0.569594468699321,15,3.44906345399552,0,-11.92746,245,0,0,20,"both",0.309988758818787,0.569594468699321
"1480","session1",-5.24644883437606,11.0087601942494,1.85951767888174,0.000743984436944351,0.0173133383021667,0.535993703641406,0.352048700859453,15,1,100,0.309988758818787,0.569594468699321,15,3.18421603682891,0,4.64497,245,0,0,20,"both",0.309988758818787,0.569594468699321
"1481","session1",-5.24644883437606,11.0087601942494,1.85951767888174,0.000743984436944351,0.0173133383021667,0.535993703641406,0.352048700859453,15,1,100,0.309988758818787,0.569594468699321,15,3.20150603307433,0,-14.74713,245,0,0,20,"both",0.309988758818787,0.569594468699321
"1482","session1",-5.24644883437606,11.0087601942494,1.85951767888174,0.000743984436944351,0.0173133383021667,0.535993703641406,0.352048700859453,15,1,100,0.309988758818787,0.569594468699321,15,4.14862301535027,0,-7.15091,245,0,0,20,"both",0.309988758818787,0.569594468699321
"1483","session1",-5.24644883437606,11.0087601942494,1.85951767888174,0.000743984436944351,0.0173133383021667,0.535993703641406,0.352048700859453,15,1,100,0.309988758818787,0.569594468699321,15,4.96797533043336,1,-12.695604,245,0,0,20,"both",0.309988758818787,0.569594468699321
"1484","session1",-5.24644883437606,11.0087601942494,1.85951767888174,0.000743984436944351,0.0173133383021667,0.535993703641406,0.352048700859453,15,1,100,0.309988758818787,0.569594468699321,15,0.635832315411835,1,3.2312,245,0,0,20,"both",0.309988758818787,0.569594468699321
"1485","session1",-5.24644883437606,11.0087601942494,1.85951767888174,0.000743984436944351,0.0173133383021667,0.535993703641406,0.352048700859453,15,1,100,0.309988758818787,0.569594468699321,15,2.77657601425238,0,-16.04707,245,0,0,20,"both",0.309988758818787,0.569594468699321
"1486","session1",-5.24644883437606,11.0087601942494,1.85951767888174,0.000743984436944351,0.0173133383021667,0.535993703641406,0.352048700859453,15,1,100,0.309988758818787,0.569594468699321,15,1.71814283969771,1,5.52525,245,0,0,20,"both",0.309988758818787,0.569594468699321
"1487","session1",-5.24644883437606,11.0087601942494,1.85951767888174,0.000743984436944351,0.0173133383021667,0.535993703641406,0.352048700859453,15,1,100,0.309988758818787,0.569594468699321,15,1.49770337663633,0,-10.53479,245,0,0,20,"both",0.309988758818787,0.569594468699321
"1488","session1",-5.24644883437606,11.0087601942494,1.85951767888174,0.000743984436944351,0.0173133383021667,0.535993703641406,0.352048700859453,15,1,100,0.309988758818787,0.569594468699321,15,7.71540232620162,1,5.85756,245,0,0,20,"both",0.309988758818787,0.569594468699321
"1489","session1",-5.24644883437606,11.0087601942494,1.85951767888174,0.000743984436944351,0.0173133383021667,0.535993703641406,0.352048700859453,15,1,100,0.309988758818787,0.569594468699321,15,1.88534675047164,1,-8.413612,245,0,0,20,"both",0.309988758818787,0.569594468699321
"1490","session1",-5.24644883437606,11.0087601942494,1.85951767888174,0.000743984436944351,0.0173133383021667,0.535993703641406,0.352048700859453,15,1,100,0.309988758818787,0.569594468699321,15,2.1686824132945,1,8.6829,245,0,0,20,"both",0.309988758818787,0.569594468699321
"1491","session1",-5.24644883437606,11.0087601942494,1.85951767888174,0.000743984436944351,0.0173133383021667,0.535993703641406,0.352048700859453,15,1,100,0.309988758818787,0.569594468699321,15,1.26396811193311,1,5.21674,245,0,0,20,"both",0.309988758818787,0.569594468699321
"1492","session1",-5.24644883437606,11.0087601942494,1.85951767888174,0.000743984436944351,0.0173133383021667,0.535993703641406,0.352048700859453,15,1,100,0.309988758818787,0.569594468699321,15,3.01993035406201,1,-8.43422,245,0,0,20,"both",0.309988758818787,0.569594468699321
"1493","session1",-5.24644883437606,11.0087601942494,1.85951767888174,0.000743984436944351,0.0173133383021667,0.535993703641406,0.352048700859453,15,1,100,0.309988758818787,0.569594468699321,15,1.6030220071453,1,4.15231,245,0,0,20,"both",0.309988758818787,0.569594468699321
"1494","session1",-5.24644883437606,11.0087601942494,1.85951767888174,0.000743984436944351,0.0173133383021667,0.535993703641406,0.352048700859453,15,1,100,0.309988758818787,0.569594468699321,15,2.94538003859509,0,-11.45622,245,0,0,20,"both",0.309988758818787,0.569594468699321
"1495","session1",-5.24644883437606,11.0087601942494,1.85951767888174,0.000743984436944351,0.0173133383021667,0.535993703641406,0.352048700859453,15,1,100,0.309988758818787,0.569594468699321,15,2.88038995978647,0,-6.28853,245,0,0,20,"both",0.309988758818787,0.569594468699321
"1496","session1",-5.24644883437606,11.0087601942494,1.85951767888174,0.000743984436944351,0.0173133383021667,0.535993703641406,0.352048700859453,15,1,100,0.309988758818787,0.569594468699321,15,1.37502756363892,1,7.62116,245,0,0,20,"both",0.309988758818787,0.569594468699321
"1497","session1",-5.24644883437606,11.0087601942494,1.85951767888174,0.000743984436944351,0.0173133383021667,0.535993703641406,0.352048700859453,15,1,100,0.309988758818787,0.569594468699321,15,1.91637142744759,0,-14.31829,245,0,0,20,"both",0.309988758818787,0.569594468699321
"1498","session1",-5.24644883437606,11.0087601942494,1.85951767888174,0.000743984436944351,0.0173133383021667,0.535993703641406,0.352048700859453,15,1,100,0.309988758818787,0.569594468699321,15,2.47823159936665,0,-5.87575,245,0,0,20,"both",0.309988758818787,0.569594468699321
"1499","session1",-5.24644883437606,11.0087601942494,1.85951767888174,0.000743984436944351,0.0173133383021667,0.535993703641406,0.352048700859453,15,1,100,0.309988758818787,0.569594468699321,15,2.68887306891628,1,-8.231478,245,0,0,20,"both",0.309988758818787,0.569594468699321
"1500","session1",-5.24644883437606,11.0087601942494,1.85951767888174,0.000743984436944351,0.0173133383021667,0.535993703641406,0.352048700859453,15,1,100,0.309988758818787,0.569594468699321,15,1.89621073557462,1,5.74293,245,0,0,20,"both",0.309988758818787,0.569594468699321
"1501","session1",-9.94667192440352,12.3867008280197,1.93680942719189,0.000445770123370674,0.152934961651436,0.481357577397817,0.226047886806057,16,1,100,0.309988758818787,0.569594468699321,16,1.50158153118624,0,-10.4557865313,245,0,0,20,"both",0.309988758818787,0.569594468699321
"1502","session1",-9.94667192440352,12.3867008280197,1.93680942719189,0.000445770123370674,0.152934961651436,0.481357577397817,0.226047886806057,16,1,100,0.309988758818787,0.569594468699321,16,1.12797154669087,1,5.1244933843,245,0,0,20,"both",0.309988758818787,0.569594468699321
"1503","session1",-9.94667192440352,12.3867008280197,1.93680942719189,0.000445770123370674,0.152934961651436,0.481357577397817,0.226047886806057,16,1,100,0.309988758818787,0.569594468699321,16,1.34825698405949,1,-0.6825805145,245,0,0,20,"both",0.309988758818787,0.569594468699321
"1504","session1",-9.94667192440352,12.3867008280197,1.93680942719189,0.000445770123370674,0.152934961651436,0.481357577397817,0.226047886806057,16,1,100,0.309988758818787,0.569594468699321,16,1.86711028156965,1,-5.78057774562,245,0,0,20,"both",0.309988758818787,0.569594468699321
"1505","session1",-9.94667192440352,12.3867008280197,1.93680942719189,0.000445770123370674,0.152934961651436,0.481357577397817,0.226047886806057,16,1,100,0.309988758818787,0.569594468699321,16,1.97832007327371,0,-11.70079,245,0,0,20,"both",0.309988758818787,0.569594468699321
"1506","session1",-9.94667192440352,12.3867008280197,1.93680942719189,0.000445770123370674,0.152934961651436,0.481357577397817,0.226047886806057,16,1,100,0.309988758818787,0.569594468699321,16,1.59321087116164,1,1.485841,245,0,0,20,"both",0.309988758818787,0.569594468699321
"1507","session1",-9.94667192440352,12.3867008280197,1.93680942719189,0.000445770123370674,0.152934961651436,0.481357577397817,0.226047886806057,16,1,100,0.309988758818787,0.569594468699321,16,1.59182076940958,1,-9.94378,245,0,0,20,"both",0.309988758818787,0.569594468699321
"1508","session1",-9.94667192440352,12.3867008280197,1.93680942719189,0.000445770123370674,0.152934961651436,0.481357577397817,0.226047886806057,16,1,100,0.309988758818787,0.569594468699321,16,1.21703628136065,1,-4.9151,245,0,0,20,"both",0.309988758818787,0.569594468699321
"1509","session1",-9.94667192440352,12.3867008280197,1.93680942719189,0.000445770123370674,0.152934961651436,0.481357577397817,0.226047886806057,16,1,100,0.309988758818787,0.569594468699321,16,2.18780431699526,0,-13.09461,245,0,0,20,"both",0.309988758818787,0.569594468699321
"1510","session1",-9.94667192440352,12.3867008280197,1.93680942719189,0.000445770123370674,0.152934961651436,0.481357577397817,0.226047886806057,16,1,100,0.309988758818787,0.569594468699321,16,0.892524014033172,1,-8.27995,245,0,0,20,"both",0.309988758818787,0.569594468699321
"1511","session1",-9.94667192440352,12.3867008280197,1.93680942719189,0.000445770123370674,0.152934961651436,0.481357577397817,0.226047886806057,16,1,100,0.309988758818787,0.569594468699321,16,1.71405691409236,0,-7.25315,245,0,0,20,"both",0.309988758818787,0.569594468699321
"1512","session1",-9.94667192440352,12.3867008280197,1.93680942719189,0.000445770123370674,0.152934961651436,0.481357577397817,0.226047886806057,16,1,100,0.309988758818787,0.569594468699321,16,2.27119056404271,0,-13.04645,245,0,0,20,"both",0.309988758818787,0.569594468699321
"1513","session1",-9.94667192440352,12.3867008280197,1.93680942719189,0.000445770123370674,0.152934961651436,0.481357577397817,0.226047886806057,16,1,100,0.309988758818787,0.569594468699321,16,2.17177688495454,0,-10.87403,245,0,0,20,"both",0.309988758818787,0.569594468699321
"1514","session1",-9.94667192440352,12.3867008280197,1.93680942719189,0.000445770123370674,0.152934961651436,0.481357577397817,0.226047886806057,16,1,100,0.309988758818787,0.569594468699321,16,1.70611017419376,1,-6.10884,245,0,0,20,"both",0.309988758818787,0.569594468699321
"1515","session1",-9.94667192440352,12.3867008280197,1.93680942719189,0.000445770123370674,0.152934961651436,0.481357577397817,0.226047886806057,16,1,100,0.309988758818787,0.569594468699321,16,2.92189108513975,1,-5.12499,245,0,0,20,"both",0.309988758818787,0.569594468699321
"1516","session1",-9.94667192440352,12.3867008280197,1.93680942719189,0.000445770123370674,0.152934961651436,0.481357577397817,0.226047886806057,16,1,100,0.309988758818787,0.569594468699321,16,1.35449710430094,0,-19.11523,245,0,0,20,"both",0.309988758818787,0.569594468699321
"1517","session1",-9.94667192440352,12.3867008280197,1.93680942719189,0.000445770123370674,0.152934961651436,0.481357577397817,0.226047886806057,16,1,100,0.309988758818787,0.569594468699321,16,3.07722567681764,0,-7.2397,245,0,0,20,"both",0.309988758818787,0.569594468699321
"1518","session1",-9.94667192440352,12.3867008280197,1.93680942719189,0.000445770123370674,0.152934961651436,0.481357577397817,0.226047886806057,16,1,100,0.309988758818787,0.569594468699321,16,4.4140500738679,0,-11.30368,245,0,0,20,"both",0.309988758818787,0.569594468699321
"1519","session1",-9.94667192440352,12.3867008280197,1.93680942719189,0.000445770123370674,0.152934961651436,0.481357577397817,0.226047886806057,16,1,100,0.309988758818787,0.569594468699321,16,2.7917310658065,1,-11.40671,245,0,0,20,"both",0.309988758818787,0.569594468699321
"1520","session1",-9.94667192440352,12.3867008280197,1.93680942719189,0.000445770123370674,0.152934961651436,0.481357577397817,0.226047886806057,16,1,100,0.309988758818787,0.569594468699321,16,1.1470280699873,0,-19.5947,245,0,0,20,"both",0.309988758818787,0.569594468699321
"1521","session1",-9.94667192440352,12.3867008280197,1.93680942719189,0.000445770123370674,0.152934961651436,0.481357577397817,0.226047886806057,16,1,100,0.309988758818787,0.569594468699321,16,2.7925828426809,1,-6.36204,245,0,0,20,"both",0.309988758818787,0.569594468699321
"1522","session1",-9.94667192440352,12.3867008280197,1.93680942719189,0.000445770123370674,0.152934961651436,0.481357577397817,0.226047886806057,16,1,100,0.309988758818787,0.569594468699321,16,4.61334494063134,1,-7.68336,245,0,0,20,"both",0.309988758818787,0.569594468699321
"1523","session1",-9.94667192440352,12.3867008280197,1.93680942719189,0.000445770123370674,0.152934961651436,0.481357577397817,0.226047886806057,16,1,100,0.309988758818787,0.569594468699321,16,2.30398461593306,0,-12.9372,245,0,0,20,"both",0.309988758818787,0.569594468699321
"1524","session1",-9.94667192440352,12.3867008280197,1.93680942719189,0.000445770123370674,0.152934961651436,0.481357577397817,0.226047886806057,16,1,100,0.309988758818787,0.569594468699321,16,1.34818961102121,1,-6.71361,245,0,0,20,"both",0.309988758818787,0.569594468699321
"1525","session1",-9.94667192440352,12.3867008280197,1.93680942719189,0.000445770123370674,0.152934961651436,0.481357577397817,0.226047886806057,16,1,100,0.309988758818787,0.569594468699321,16,1.74036396537987,0,-11.16987,245,0,0,20,"both",0.309988758818787,0.569594468699321
"1526","session1",-9.94667192440352,12.3867008280197,1.93680942719189,0.000445770123370674,0.152934961651436,0.481357577397817,0.226047886806057,16,1,100,0.309988758818787,0.569594468699321,16,2.58518028384529,1,-10.62547,245,0,0,20,"both",0.309988758818787,0.569594468699321
"1527","session1",-9.94667192440352,12.3867008280197,1.93680942719189,0.000445770123370674,0.152934961651436,0.481357577397817,0.226047886806057,16,1,100,0.309988758818787,0.569594468699321,16,3.57600476908782,1,-5.95493,245,0,0,20,"both",0.309988758818787,0.569594468699321
"1528","session1",-9.94667192440352,12.3867008280197,1.93680942719189,0.000445770123370674,0.152934961651436,0.481357577397817,0.226047886806057,16,1,100,0.309988758818787,0.569594468699321,16,2.29678519691845,1,-1.42844,245,0,0,20,"both",0.309988758818787,0.569594468699321
"1529","session1",-9.94667192440352,12.3867008280197,1.93680942719189,0.000445770123370674,0.152934961651436,0.481357577397817,0.226047886806057,16,1,100,0.309988758818787,0.569594468699321,16,1.47746630762911,1,-4.86728,245,0,0,20,"both",0.309988758818787,0.569594468699321
"1530","session1",-9.94667192440352,12.3867008280197,1.93680942719189,0.000445770123370674,0.152934961651436,0.481357577397817,0.226047886806057,16,1,100,0.309988758818787,0.569594468699321,16,0.853005680511037,0,-11.09768,245,0,0,20,"both",0.309988758818787,0.569594468699321
"1531","session1",-9.94667192440352,12.3867008280197,1.93680942719189,0.000445770123370674,0.152934961651436,0.481357577397817,0.226047886806057,16,1,100,0.309988758818787,0.569594468699321,16,1.47925902530595,0,-12.25522,245,0,0,20,"both",0.309988758818787,0.569594468699321
"1532","session1",-9.94667192440352,12.3867008280197,1.93680942719189,0.000445770123370674,0.152934961651436,0.481357577397817,0.226047886806057,16,1,100,0.309988758818787,0.569594468699321,16,1.97933303448952,0,-12.66453,245,0,0,20,"both",0.309988758818787,0.569594468699321
"1533","session1",-9.94667192440352,12.3867008280197,1.93680942719189,0.000445770123370674,0.152934961651436,0.481357577397817,0.226047886806057,16,1,100,0.309988758818787,0.569594468699321,16,2.29794458020222,1,-13.56786,245,0,0,20,"both",0.309988758818787,0.569594468699321
"1534","session1",-9.94667192440352,12.3867008280197,1.93680942719189,0.000445770123370674,0.152934961651436,0.481357577397817,0.226047886806057,16,1,100,0.309988758818787,0.569594468699321,16,2.3752288843669,1,-6.50166,245,0,0,20,"both",0.309988758818787,0.569594468699321
"1535","session1",-9.94667192440352,12.3867008280197,1.93680942719189,0.000445770123370674,0.152934961651436,0.481357577397817,0.226047886806057,16,1,100,0.309988758818787,0.569594468699321,16,1.49024444282368,1,-8.73813,245,0,0,20,"both",0.309988758818787,0.569594468699321
"1536","session1",-9.94667192440352,12.3867008280197,1.93680942719189,0.000445770123370674,0.152934961651436,0.481357577397817,0.226047886806057,16,1,100,0.309988758818787,0.569594468699321,16,2.42691701153532,0,-11.64305,245,0,0,20,"both",0.309988758818787,0.569594468699321
"1537","session1",-9.94667192440352,12.3867008280197,1.93680942719189,0.000445770123370674,0.152934961651436,0.481357577397817,0.226047886806057,16,1,100,0.309988758818787,0.569594468699321,16,2.5050197147473,1,-11.66396,245,0,0,20,"both",0.309988758818787,0.569594468699321
"1538","session1",-9.94667192440352,12.3867008280197,1.93680942719189,0.000445770123370674,0.152934961651436,0.481357577397817,0.226047886806057,16,1,100,0.309988758818787,0.569594468699321,16,2.79421649299665,0,-12.67266,245,0,0,20,"both",0.309988758818787,0.569594468699321
"1539","session1",-9.94667192440352,12.3867008280197,1.93680942719189,0.000445770123370674,0.152934961651436,0.481357577397817,0.226047886806057,16,1,100,0.309988758818787,0.569594468699321,16,2.38371153882108,0,-11.87011,245,0,0,20,"both",0.309988758818787,0.569594468699321
"1540","session1",-9.94667192440352,12.3867008280197,1.93680942719189,0.000445770123370674,0.152934961651436,0.481357577397817,0.226047886806057,16,1,100,0.309988758818787,0.569594468699321,16,3.10252465013573,0,-8.6905,245,0,0,20,"both",0.309988758818787,0.569594468699321
"1541","session1",-9.94667192440352,12.3867008280197,1.93680942719189,0.000445770123370674,0.152934961651436,0.481357577397817,0.226047886806057,16,1,100,0.309988758818787,0.569594468699321,16,1.04840203322737,0,-7.47716,245,0,0,20,"both",0.309988758818787,0.569594468699321
"1542","session1",-9.94667192440352,12.3867008280197,1.93680942719189,0.000445770123370674,0.152934961651436,0.481357577397817,0.226047886806057,16,1,100,0.309988758818787,0.569594468699321,16,1.05380105049596,0,-11.80065,245,0,0,20,"both",0.309988758818787,0.569594468699321
"1543","session1",-9.94667192440352,12.3867008280197,1.93680942719189,0.000445770123370674,0.152934961651436,0.481357577397817,0.226047886806057,16,1,100,0.309988758818787,0.569594468699321,16,3.91302693236331,0,-7.44868,245,0,0,20,"both",0.309988758818787,0.569594468699321
"1544","session1",-9.94667192440352,12.3867008280197,1.93680942719189,0.000445770123370674,0.152934961651436,0.481357577397817,0.226047886806057,16,1,100,0.309988758818787,0.569594468699321,16,1.3406826293605,1,-12.99813,245,0,0,20,"both",0.309988758818787,0.569594468699321
"1545","session1",-9.94667192440352,12.3867008280197,1.93680942719189,0.000445770123370674,0.152934961651436,0.481357577397817,0.226047886806057,16,1,100,0.309988758818787,0.569594468699321,16,1.12374080327104,0,-14.77803,245,0,0,20,"both",0.309988758818787,0.569594468699321
"1546","session1",-9.94667192440352,12.3867008280197,1.93680942719189,0.000445770123370674,0.152934961651436,0.481357577397817,0.226047886806057,16,1,100,0.309988758818787,0.569594468699321,16,2.04032905379062,1,-6.00179,245,0,0,20,"both",0.309988758818787,0.569594468699321
"1547","session1",-9.94667192440352,12.3867008280197,1.93680942719189,0.000445770123370674,0.152934961651436,0.481357577397817,0.226047886806057,16,1,100,0.309988758818787,0.569594468699321,16,1.51029205111718,1,-4.23285,245,0,0,20,"both",0.309988758818787,0.569594468699321
"1548","session1",-9.94667192440352,12.3867008280197,1.93680942719189,0.000445770123370674,0.152934961651436,0.481357577397817,0.226047886806057,16,1,100,0.309988758818787,0.569594468699321,16,4.28917550432614,0,-13.10915,245,0,0,20,"both",0.309988758818787,0.569594468699321
"1549","session1",-9.94667192440352,12.3867008280197,1.93680942719189,0.000445770123370674,0.152934961651436,0.481357577397817,0.226047886806057,16,1,100,0.309988758818787,0.569594468699321,16,2.74904675585603,1,-6.70576,245,0,0,20,"both",0.309988758818787,0.569594468699321
"1550","session1",-9.94667192440352,12.3867008280197,1.93680942719189,0.000445770123370674,0.152934961651436,0.481357577397817,0.226047886806057,16,1,100,0.309988758818787,0.569594468699321,16,1.53699044102288,0,-11.78267,245,0,0,20,"both",0.309988758818787,0.569594468699321
"1551","session1",-9.94667192440352,12.3867008280197,1.93680942719189,0.000445770123370674,0.152934961651436,0.481357577397817,0.226047886806057,16,1,100,0.309988758818787,0.569594468699321,16,3.33506250348385,0,-3.34317,245,0,0,20,"both",0.309988758818787,0.569594468699321
"1552","session1",-9.94667192440352,12.3867008280197,1.93680942719189,0.000445770123370674,0.152934961651436,0.481357577397817,0.226047886806057,16,1,100,0.309988758818787,0.569594468699321,16,2.93937794527779,0,-7.19869,245,0,0,20,"both",0.309988758818787,0.569594468699321
"1553","session1",-9.94667192440352,12.3867008280197,1.93680942719189,0.000445770123370674,0.152934961651436,0.481357577397817,0.226047886806057,16,1,100,0.309988758818787,0.569594468699321,16,6.4630839186435,1,-6.24498,245,0,0,20,"both",0.309988758818787,0.569594468699321
"1554","session1",-9.94667192440352,12.3867008280197,1.93680942719189,0.000445770123370674,0.152934961651436,0.481357577397817,0.226047886806057,16,1,100,0.309988758818787,0.569594468699321,16,1.18100146644678,1,-4.83418,245,0,0,20,"both",0.309988758818787,0.569594468699321
"1555","session1",-9.94667192440352,12.3867008280197,1.93680942719189,0.000445770123370674,0.152934961651436,0.481357577397817,0.226047886806057,16,1,100,0.309988758818787,0.569594468699321,16,1.5305517191548,1,-5.43142,245,0,0,20,"both",0.309988758818787,0.569594468699321
"1556","session1",-9.94667192440352,12.3867008280197,1.93680942719189,0.000445770123370674,0.152934961651436,0.481357577397817,0.226047886806057,16,1,100,0.309988758818787,0.569594468699321,16,1.33236701421403,0,-4.4236,245,0,0,20,"both",0.309988758818787,0.569594468699321
"1557","session1",-9.94667192440352,12.3867008280197,1.93680942719189,0.000445770123370674,0.152934961651436,0.481357577397817,0.226047886806057,16,1,100,0.309988758818787,0.569594468699321,16,1.62303505607546,0,-6.87647,245,0,0,20,"both",0.309988758818787,0.569594468699321
"1558","session1",-9.94667192440352,12.3867008280197,1.93680942719189,0.000445770123370674,0.152934961651436,0.481357577397817,0.226047886806057,16,1,100,0.309988758818787,0.569594468699321,16,3.36845422672099,0,-4.48839,245,0,0,20,"both",0.309988758818787,0.569594468699321
"1559","session1",-9.94667192440352,12.3867008280197,1.93680942719189,0.000445770123370674,0.152934961651436,0.481357577397817,0.226047886806057,16,1,100,0.309988758818787,0.569594468699321,16,0.940541020518,1,-2.83626,245,0,0,20,"both",0.309988758818787,0.569594468699321
"1560","session1",-9.94667192440352,12.3867008280197,1.93680942719189,0.000445770123370674,0.152934961651436,0.481357577397817,0.226047886806057,16,1,100,0.309988758818787,0.569594468699321,16,1.75466507582206,1,-5.8975,245,0,0,20,"both",0.309988758818787,0.569594468699321
"1561","session1",-9.94667192440352,12.3867008280197,1.93680942719189,0.000445770123370674,0.152934961651436,0.481357577397817,0.226047886806057,16,1,100,0.309988758818787,0.569594468699321,16,1.93061137632897,0,-10.69367,245,0,0,20,"both",0.309988758818787,0.569594468699321
"1562","session1",-9.94667192440352,12.3867008280197,1.93680942719189,0.000445770123370674,0.152934961651436,0.481357577397817,0.226047886806057,16,1,100,0.309988758818787,0.569594468699321,16,1.55254754361182,1,-15.22073,245,0,0,20,"both",0.309988758818787,0.569594468699321
"1563","session1",-9.94667192440352,12.3867008280197,1.93680942719189,0.000445770123370674,0.152934961651436,0.481357577397817,0.226047886806057,16,1,100,0.309988758818787,0.569594468699321,16,1.90682300024941,0,-10.25525,245,0,0,20,"both",0.309988758818787,0.569594468699321
"1564","session1",-9.94667192440352,12.3867008280197,1.93680942719189,0.000445770123370674,0.152934961651436,0.481357577397817,0.226047886806057,16,1,100,0.309988758818787,0.569594468699321,16,1.51759377422551,0,-12.1073,245,0,0,20,"both",0.309988758818787,0.569594468699321
"1565","session1",-9.94667192440352,12.3867008280197,1.93680942719189,0.000445770123370674,0.152934961651436,0.481357577397817,0.226047886806057,16,1,100,0.309988758818787,0.569594468699321,16,1.63535414621421,1,1.60715,245,0,0,20,"both",0.309988758818787,0.569594468699321
"1566","session1",-9.94667192440352,12.3867008280197,1.93680942719189,0.000445770123370674,0.152934961651436,0.481357577397817,0.226047886806057,16,1,100,0.309988758818787,0.569594468699321,16,1.19091064188014,1,-16.26991,245,0,0,20,"both",0.309988758818787,0.569594468699321
"1567","session1",-9.94667192440352,12.3867008280197,1.93680942719189,0.000445770123370674,0.152934961651436,0.481357577397817,0.226047886806057,16,1,100,0.309988758818787,0.569594468699321,16,2.26424550090754,1,-3.4725,245,0,0,20,"both",0.309988758818787,0.569594468699321
"1568","session1",-9.94667192440352,12.3867008280197,1.93680942719189,0.000445770123370674,0.152934961651436,0.481357577397817,0.226047886806057,16,1,100,0.309988758818787,0.569594468699321,16,4.41155546059186,0,-10.74157,245,0,0,20,"both",0.309988758818787,0.569594468699321
"1569","session1",-9.94667192440352,12.3867008280197,1.93680942719189,0.000445770123370674,0.152934961651436,0.481357577397817,0.226047886806057,16,1,100,0.309988758818787,0.569594468699321,16,2.53680493902772,0,-9.96411,245,0,0,20,"both",0.309988758818787,0.569594468699321
"1570","session1",-9.94667192440352,12.3867008280197,1.93680942719189,0.000445770123370674,0.152934961651436,0.481357577397817,0.226047886806057,16,1,100,0.309988758818787,0.569594468699321,16,1.83258265651464,1,-7.87332,245,0,0,20,"both",0.309988758818787,0.569594468699321
"1571","session1",-9.94667192440352,12.3867008280197,1.93680942719189,0.000445770123370674,0.152934961651436,0.481357577397817,0.226047886806057,16,1,100,0.309988758818787,0.569594468699321,16,0.726937944643251,1,-11.34024,245,0,0,20,"both",0.309988758818787,0.569594468699321
"1572","session1",-9.94667192440352,12.3867008280197,1.93680942719189,0.000445770123370674,0.152934961651436,0.481357577397817,0.226047886806057,16,1,100,0.309988758818787,0.569594468699321,16,2.22312695437772,1,-3.99387,245,0,0,20,"both",0.309988758818787,0.569594468699321
"1573","session1",-9.94667192440352,12.3867008280197,1.93680942719189,0.000445770123370674,0.152934961651436,0.481357577397817,0.226047886806057,16,1,100,0.309988758818787,0.569594468699321,16,1.45353813106432,1,-8.55637,245,0,0,20,"both",0.309988758818787,0.569594468699321
"1574","session1",-9.94667192440352,12.3867008280197,1.93680942719189,0.000445770123370674,0.152934961651436,0.481357577397817,0.226047886806057,16,1,100,0.309988758818787,0.569594468699321,16,2.15394814730914,0,-4.98245,245,0,0,20,"both",0.309988758818787,0.569594468699321
"1575","session1",-9.94667192440352,12.3867008280197,1.93680942719189,0.000445770123370674,0.152934961651436,0.481357577397817,0.226047886806057,16,1,100,0.309988758818787,0.569594468699321,16,2.31401112890522,1,-25.92599,245,0,0,20,"both",0.309988758818787,0.569594468699321
"1576","session1",-9.94667192440352,12.3867008280197,1.93680942719189,0.000445770123370674,0.152934961651436,0.481357577397817,0.226047886806057,16,1,100,0.309988758818787,0.569594468699321,16,2.90245063489569,1,-8.97678,245,0,0,20,"both",0.309988758818787,0.569594468699321
"1577","session1",-9.94667192440352,12.3867008280197,1.93680942719189,0.000445770123370674,0.152934961651436,0.481357577397817,0.226047886806057,16,1,100,0.309988758818787,0.569594468699321,16,2.13006653971318,0,-11.1356,245,0,0,20,"both",0.309988758818787,0.569594468699321
"1578","session1",-9.94667192440352,12.3867008280197,1.93680942719189,0.000445770123370674,0.152934961651436,0.481357577397817,0.226047886806057,16,1,100,0.309988758818787,0.569594468699321,16,1.73301209407686,0,-11.49954,245,0,0,20,"both",0.309988758818787,0.569594468699321
"1579","session1",-9.94667192440352,12.3867008280197,1.93680942719189,0.000445770123370674,0.152934961651436,0.481357577397817,0.226047886806057,16,1,100,0.309988758818787,0.569594468699321,16,2.55947580429106,1,-15.52154,245,0,0,20,"both",0.309988758818787,0.569594468699321
"1580","session1",-9.94667192440352,12.3867008280197,1.93680942719189,0.000445770123370674,0.152934961651436,0.481357577397817,0.226047886806057,16,1,100,0.309988758818787,0.569594468699321,16,1.61500089775689,0,-10.89924,245,0,0,20,"both",0.309988758818787,0.569594468699321
"1581","session1",-9.94667192440352,12.3867008280197,1.93680942719189,0.000445770123370674,0.152934961651436,0.481357577397817,0.226047886806057,16,1,100,0.309988758818787,0.569594468699321,16,1.59986262856705,0,-9.68385,245,0,0,20,"both",0.309988758818787,0.569594468699321
"1582","session1",-9.94667192440352,12.3867008280197,1.93680942719189,0.000445770123370674,0.152934961651436,0.481357577397817,0.226047886806057,16,1,100,0.309988758818787,0.569594468699321,16,1.81511120571914,1,-4.40482,245,0,0,20,"both",0.309988758818787,0.569594468699321
"1583","session1",-9.94667192440352,12.3867008280197,1.93680942719189,0.000445770123370674,0.152934961651436,0.481357577397817,0.226047886806057,16,1,100,0.309988758818787,0.569594468699321,16,2.26399143716516,0,-5.72827,245,0,0,20,"both",0.309988758818787,0.569594468699321
"1584","session1",-9.94667192440352,12.3867008280197,1.93680942719189,0.000445770123370674,0.152934961651436,0.481357577397817,0.226047886806057,16,1,100,0.309988758818787,0.569594468699321,16,1.05771301906806,0,-12.67987,245,0,0,20,"both",0.309988758818787,0.569594468699321
"1585","session1",-9.94667192440352,12.3867008280197,1.93680942719189,0.000445770123370674,0.152934961651436,0.481357577397817,0.226047886806057,16,1,100,0.309988758818787,0.569594468699321,16,1.62961621969602,0,-11.62372,245,0,0,20,"both",0.309988758818787,0.569594468699321
"1586","session1",-9.94667192440352,12.3867008280197,1.93680942719189,0.000445770123370674,0.152934961651436,0.481357577397817,0.226047886806057,16,1,100,0.309988758818787,0.569594468699321,16,1.73576281398277,0,-10.55823,245,0,0,20,"both",0.309988758818787,0.569594468699321
"1587","session1",-9.94667192440352,12.3867008280197,1.93680942719189,0.000445770123370674,0.152934961651436,0.481357577397817,0.226047886806057,16,1,100,0.309988758818787,0.569594468699321,16,2.96455465403903,1,-2.81724,245,0,0,20,"both",0.309988758818787,0.569594468699321
"1588","session1",-9.94667192440352,12.3867008280197,1.93680942719189,0.000445770123370674,0.152934961651436,0.481357577397817,0.226047886806057,16,1,100,0.309988758818787,0.569594468699321,16,1.12508891884868,0,-10.94943,245,0,0,20,"both",0.309988758818787,0.569594468699321
"1589","session1",-9.94667192440352,12.3867008280197,1.93680942719189,0.000445770123370674,0.152934961651436,0.481357577397817,0.226047886806057,16,1,100,0.309988758818787,0.569594468699321,16,2.25883326067638,1,-4.76597,245,0,0,20,"both",0.309988758818787,0.569594468699321
"1590","session1",-9.94667192440352,12.3867008280197,1.93680942719189,0.000445770123370674,0.152934961651436,0.481357577397817,0.226047886806057,16,1,100,0.309988758818787,0.569594468699321,16,3.02422063555963,1,-9.46938,245,0,0,20,"both",0.309988758818787,0.569594468699321
"1591","session1",-9.94667192440352,12.3867008280197,1.93680942719189,0.000445770123370674,0.152934961651436,0.481357577397817,0.226047886806057,16,1,100,0.309988758818787,0.569594468699321,16,1.26108688095737,1,-5.43276,245,0,0,20,"both",0.309988758818787,0.569594468699321
"1592","session1",-9.94667192440352,12.3867008280197,1.93680942719189,0.000445770123370674,0.152934961651436,0.481357577397817,0.226047886806057,16,1,100,0.309988758818787,0.569594468699321,16,1.44864071461554,1,-5.48445,245,0,0,20,"both",0.309988758818787,0.569594468699321
"1593","session1",-9.94667192440352,12.3867008280197,1.93680942719189,0.000445770123370674,0.152934961651436,0.481357577397817,0.226047886806057,16,1,100,0.309988758818787,0.569594468699321,16,2.98301902270163,1,-8.05682,245,0,0,20,"both",0.309988758818787,0.569594468699321
"1594","session1",-9.94667192440352,12.3867008280197,1.93680942719189,0.000445770123370674,0.152934961651436,0.481357577397817,0.226047886806057,16,1,100,0.309988758818787,0.569594468699321,16,1.52210815051651,0,-6.85178,245,0,0,20,"both",0.309988758818787,0.569594468699321
"1595","session1",-9.94667192440352,12.3867008280197,1.93680942719189,0.000445770123370674,0.152934961651436,0.481357577397817,0.226047886806057,16,1,100,0.309988758818787,0.569594468699321,16,1.42805346394849,1,-6.50396,245,0,0,20,"both",0.309988758818787,0.569594468699321
"1596","session1",-9.94667192440352,12.3867008280197,1.93680942719189,0.000445770123370674,0.152934961651436,0.481357577397817,0.226047886806057,16,1,100,0.309988758818787,0.569594468699321,16,2.01646122859201,1,-3.33746,245,0,0,20,"both",0.309988758818787,0.569594468699321
"1597","session1",-9.94667192440352,12.3867008280197,1.93680942719189,0.000445770123370674,0.152934961651436,0.481357577397817,0.226047886806057,16,1,100,0.309988758818787,0.569594468699321,16,5.08403349626924,0,-11.58007,245,0,0,20,"both",0.309988758818787,0.569594468699321
"1598","session1",-9.94667192440352,12.3867008280197,1.93680942719189,0.000445770123370674,0.152934961651436,0.481357577397817,0.226047886806057,16,1,100,0.309988758818787,0.569594468699321,16,1.95585572263158,0,-10.45806,245,0,0,20,"both",0.309988758818787,0.569594468699321
"1599","session1",-9.94667192440352,12.3867008280197,1.93680942719189,0.000445770123370674,0.152934961651436,0.481357577397817,0.226047886806057,16,1,100,0.309988758818787,0.569594468699321,16,2.42182500629011,1,-5.59231,245,0,0,20,"both",0.309988758818787,0.569594468699321
"1600","session1",-9.94667192440352,12.3867008280197,1.93680942719189,0.000445770123370674,0.152934961651436,0.481357577397817,0.226047886806057,16,1,100,0.309988758818787,0.569594468699321,16,3.44568518179762,1,-5.99099,245,0,0,20,"both",0.309988758818787,0.569594468699321
"1601","session1",-21.4616499852967,14.7311534692595,4.01010415504415,0.000184274003604185,0.0483820156926596,0.497366396463504,0.766642175625454,17,1,100,0.309988758818787,0.569594468699321,17,1.73213046946438,0,-8.4119846955,245,0,0,20,"both",0.309988758818787,0.569594468699321
"1602","session1",-21.4616499852967,14.7311534692595,4.01010415504415,0.000184274003604185,0.0483820156926596,0.497366396463504,0.766642175625454,17,1,100,0.309988758818787,0.569594468699321,17,1.4505074911332,1,6.3840739353,245,0,0,20,"both",0.309988758818787,0.569594468699321
"1603","session1",-21.4616499852967,14.7311534692595,4.01010415504415,0.000184274003604185,0.0483820156926596,0.497366396463504,0.766642175625454,17,1,100,0.309988758818787,0.569594468699321,17,2.64641270255602,1,2.9541852557,245,0,0,20,"both",0.309988758818787,0.569594468699321
"1604","session1",-21.4616499852967,14.7311534692595,4.01010415504415,0.000184274003604185,0.0483820156926596,0.497366396463504,0.766642175625454,17,1,100,0.309988758818787,0.569594468699321,17,2.29316375122416,1,-2.64716721866,245,0,0,20,"both",0.309988758818787,0.569594468699321
"1605","session1",-21.4616499852967,14.7311534692595,4.01010415504415,0.000184274003604185,0.0483820156926596,0.497366396463504,0.766642175625454,17,1,100,0.309988758818787,0.569594468699321,17,1.70662782305732,1,9.32699,245,0,0,20,"both",0.309988758818787,0.569594468699321
"1606","session1",-21.4616499852967,14.7311534692595,4.01010415504415,0.000184274003604185,0.0483820156926596,0.497366396463504,0.766642175625454,17,1,100,0.309988758818787,0.569594468699321,17,3.63961101760467,1,-6.18494,245,0,0,20,"both",0.309988758818787,0.569594468699321
"1607","session1",-21.4616499852967,14.7311534692595,4.01010415504415,0.000184274003604185,0.0483820156926596,0.497366396463504,0.766642175625454,17,1,100,0.309988758818787,0.569594468699321,17,1.89419942319016,1,8.61756,245,0,0,20,"both",0.309988758818787,0.569594468699321
"1608","session1",-21.4616499852967,14.7311534692595,4.01010415504415,0.000184274003604185,0.0483820156926596,0.497366396463504,0.766642175625454,17,1,100,0.309988758818787,0.569594468699321,17,3.37147638300137,1,-6.77361,245,0,0,20,"both",0.309988758818787,0.569594468699321
"1609","session1",-21.4616499852967,14.7311534692595,4.01010415504415,0.000184274003604185,0.0483820156926596,0.497366396463504,0.766642175625454,17,1,100,0.309988758818787,0.569594468699321,17,3.08882787519258,0,-39.1281,245,0,0,20,"both",0.309988758818787,0.569594468699321
"1610","session1",-21.4616499852967,14.7311534692595,4.01010415504415,0.000184274003604185,0.0483820156926596,0.497366396463504,0.766642175625454,17,1,100,0.309988758818787,0.569594468699321,17,2.96832517051501,1,-12.64391,245,0,0,20,"both",0.309988758818787,0.569594468699321
"1611","session1",-21.4616499852967,14.7311534692595,4.01010415504415,0.000184274003604185,0.0483820156926596,0.497366396463504,0.766642175625454,17,1,100,0.309988758818787,0.569594468699321,17,3.31594054376622,1,-32.07272,245,0,0,20,"both",0.309988758818787,0.569594468699321
"1612","session1",-21.4616499852967,14.7311534692595,4.01010415504415,0.000184274003604185,0.0483820156926596,0.497366396463504,0.766642175625454,17,1,100,0.309988758818787,0.569594468699321,17,2.58041386707542,0,-22.759477759,245,0,0,20,"both",0.309988758818787,0.569594468699321
"1613","session1",-21.4616499852967,14.7311534692595,4.01010415504415,0.000184274003604185,0.0483820156926596,0.497366396463504,0.766642175625454,17,1,100,0.309988758818787,0.569594468699321,17,1.85210657108774,1,3.9498,245,0,0,20,"both",0.309988758818787,0.569594468699321
"1614","session1",-21.4616499852967,14.7311534692595,4.01010415504415,0.000184274003604185,0.0483820156926596,0.497366396463504,0.766642175625454,17,1,100,0.309988758818787,0.569594468699321,17,1.93959964454613,1,4.4825,245,0,0,20,"both",0.309988758818787,0.569594468699321
"1615","session1",-21.4616499852967,14.7311534692595,4.01010415504415,0.000184274003604185,0.0483820156926596,0.497366396463504,0.766642175625454,17,1,100,0.309988758818787,0.569594468699321,17,3.68128577901712,1,-19.8844657,245,0,0,20,"both",0.309988758818787,0.569594468699321
"1616","session1",-21.4616499852967,14.7311534692595,4.01010415504415,0.000184274003604185,0.0483820156926596,0.497366396463504,0.766642175625454,17,1,100,0.309988758818787,0.569594468699321,17,3.24592754170031,0,-23.3139,245,0,0,20,"both",0.309988758818787,0.569594468699321
"1617","session1",-21.4616499852967,14.7311534692595,4.01010415504415,0.000184274003604185,0.0483820156926596,0.497366396463504,0.766642175625454,17,1,100,0.309988758818787,0.569594468699321,17,2.08668103717259,0,-14.2841,245,0,0,20,"both",0.309988758818787,0.569594468699321
"1618","session1",-21.4616499852967,14.7311534692595,4.01010415504415,0.000184274003604185,0.0483820156926596,0.497366396463504,0.766642175625454,17,1,100,0.309988758818787,0.569594468699321,17,4.75973725399567,1,-17.536608464,245,0,0,20,"both",0.309988758818787,0.569594468699321
"1619","session1",-21.4616499852967,14.7311534692595,4.01010415504415,0.000184274003604185,0.0483820156926596,0.497366396463504,0.766642175625454,17,1,100,0.309988758818787,0.569594468699321,17,1.32150703022452,0,-44.2145,245,0,0,20,"both",0.309988758818787,0.569594468699321
"1620","session1",-21.4616499852967,14.7311534692595,4.01010415504415,0.000184274003604185,0.0483820156926596,0.497366396463504,0.766642175625454,17,1,100,0.309988758818787,0.569594468699321,17,3.21056152266659,1,-2.8048,245,0,0,20,"both",0.309988758818787,0.569594468699321
"1621","session1",-21.4616499852967,14.7311534692595,4.01010415504415,0.000184274003604185,0.0483820156926596,0.497366396463504,0.766642175625454,17,1,100,0.309988758818787,0.569594468699321,17,2.4095023439097,0,-25.68941,245,0,0,20,"both",0.309988758818787,0.569594468699321
"1622","session1",-21.4616499852967,14.7311534692595,4.01010415504415,0.000184274003604185,0.0483820156926596,0.497366396463504,0.766642175625454,17,1,100,0.309988758818787,0.569594468699321,17,2.19205844189465,0,-48.8755,245,0,0,20,"both",0.309988758818787,0.569594468699321
"1623","session1",-21.4616499852967,14.7311534692595,4.01010415504415,0.000184274003604185,0.0483820156926596,0.497366396463504,0.766642175625454,17,1,100,0.309988758818787,0.569594468699321,17,2.48524101622659,0,-13.8001,245,0,0,20,"both",0.309988758818787,0.569594468699321
"1624","session1",-21.4616499852967,14.7311534692595,4.01010415504415,0.000184274003604185,0.0483820156926596,0.497366396463504,0.766642175625454,17,1,100,0.309988758818787,0.569594468699321,17,2.6034009238696,0,-32.58994,245,0,0,20,"both",0.309988758818787,0.569594468699321
"1625","session1",-21.4616499852967,14.7311534692595,4.01010415504415,0.000184274003604185,0.0483820156926596,0.497366396463504,0.766642175625454,17,1,100,0.309988758818787,0.569594468699321,17,4.80592512047189,1,-8.8852,245,0,0,20,"both",0.309988758818787,0.569594468699321
"1626","session1",-21.4616499852967,14.7311534692595,4.01010415504415,0.000184274003604185,0.0483820156926596,0.497366396463504,0.766642175625454,17,1,100,0.309988758818787,0.569594468699321,17,2.0024264445045,0,-24.2047,245,0,0,20,"both",0.309988758818787,0.569594468699321
"1627","session1",-21.4616499852967,14.7311534692595,4.01010415504415,0.000184274003604185,0.0483820156926596,0.497366396463504,0.766642175625454,17,1,100,0.309988758818787,0.569594468699321,17,3.37145589736085,1,-17.7887,245,0,0,20,"both",0.309988758818787,0.569594468699321
"1628","session1",-21.4616499852967,14.7311534692595,4.01010415504415,0.000184274003604185,0.0483820156926596,0.497366396463504,0.766642175625454,17,1,100,0.309988758818787,0.569594468699321,17,1.79519844100584,0,-16.85065578,245,0,0,20,"both",0.309988758818787,0.569594468699321
"1629","session1",-21.4616499852967,14.7311534692595,4.01010415504415,0.000184274003604185,0.0483820156926596,0.497366396463504,0.766642175625454,17,1,100,0.309988758818787,0.569594468699321,17,1.49600537111015,1,11.9807,245,0,0,20,"both",0.309988758818787,0.569594468699321
"1630","session1",-21.4616499852967,14.7311534692595,4.01010415504415,0.000184274003604185,0.0483820156926596,0.497366396463504,0.766642175625454,17,1,100,0.309988758818787,0.569594468699321,17,3.65546007632878,0,-14.46923,245,0,0,20,"both",0.309988758818787,0.569594468699321
"1631","session1",-21.4616499852967,14.7311534692595,4.01010415504415,0.000184274003604185,0.0483820156926596,0.497366396463504,0.766642175625454,17,1,100,0.309988758818787,0.569594468699321,17,1.91388846853639,0,-14.85839,245,0,0,20,"both",0.309988758818787,0.569594468699321
"1632","session1",-21.4616499852967,14.7311534692595,4.01010415504415,0.000184274003604185,0.0483820156926596,0.497366396463504,0.766642175625454,17,1,100,0.309988758818787,0.569594468699321,17,3.59832004242711,1,-0.42634,245,0,0,20,"both",0.309988758818787,0.569594468699321
"1633","session1",-21.4616499852967,14.7311534692595,4.01010415504415,0.000184274003604185,0.0483820156926596,0.497366396463504,0.766642175625454,17,1,100,0.309988758818787,0.569594468699321,17,3.63561027324269,0,-35.6288,245,0,0,20,"both",0.309988758818787,0.569594468699321
"1634","session1",-21.4616499852967,14.7311534692595,4.01010415504415,0.000184274003604185,0.0483820156926596,0.497366396463504,0.766642175625454,17,1,100,0.309988758818787,0.569594468699321,17,2.6158110868396,0,-9.93184,245,0,0,20,"both",0.309988758818787,0.569594468699321
"1635","session1",-21.4616499852967,14.7311534692595,4.01010415504415,0.000184274003604185,0.0483820156926596,0.497366396463504,0.766642175625454,17,1,100,0.309988758818787,0.569594468699321,17,4.00078309705611,0,-12.76609,245,0,0,20,"both",0.309988758818787,0.569594468699321
"1636","session1",-21.4616499852967,14.7311534692595,4.01010415504415,0.000184274003604185,0.0483820156926596,0.497366396463504,0.766642175625454,17,1,100,0.309988758818787,0.569594468699321,17,3.33863542218065,1,-4.16197,245,0,0,20,"both",0.309988758818787,0.569594468699321
"1637","session1",-21.4616499852967,14.7311534692595,4.01010415504415,0.000184274003604185,0.0483820156926596,0.497366396463504,0.766642175625454,17,1,100,0.309988758818787,0.569594468699321,17,7.30997840276405,1,-18.12624,245,0,0,20,"both",0.309988758818787,0.569594468699321
"1638","session1",-21.4616499852967,14.7311534692595,4.01010415504415,0.000184274003604185,0.0483820156926596,0.497366396463504,0.766642175625454,17,1,100,0.309988758818787,0.569594468699321,17,1.94950901388216,0,-29.4986,245,0,0,20,"both",0.309988758818787,0.569594468699321
"1639","session1",-21.4616499852967,14.7311534692595,4.01010415504415,0.000184274003604185,0.0483820156926596,0.497366396463504,0.766642175625454,17,1,100,0.309988758818787,0.569594468699321,17,2.42702852008665,1,-13.79401,245,0,0,20,"both",0.309988758818787,0.569594468699321
"1640","session1",-21.4616499852967,14.7311534692595,4.01010415504415,0.000184274003604185,0.0483820156926596,0.497366396463504,0.766642175625454,17,1,100,0.309988758818787,0.569594468699321,17,1.88821066772857,1,-4.6372,245,0,0,20,"both",0.309988758818787,0.569594468699321
"1641","session1",-21.4616499852967,14.7311534692595,4.01010415504415,0.000184274003604185,0.0483820156926596,0.497366396463504,0.766642175625454,17,1,100,0.309988758818787,0.569594468699321,17,2.85236042135728,1,-10.40751,245,0,0,20,"both",0.309988758818787,0.569594468699321
"1642","session1",-21.4616499852967,14.7311534692595,4.01010415504415,0.000184274003604185,0.0483820156926596,0.497366396463504,0.766642175625454,17,1,100,0.309988758818787,0.569594468699321,17,4.77396796711619,1,-21.4462,245,0,0,20,"both",0.309988758818787,0.569594468699321
"1643","session1",-21.4616499852967,14.7311534692595,4.01010415504415,0.000184274003604185,0.0483820156926596,0.497366396463504,0.766642175625454,17,1,100,0.309988758818787,0.569594468699321,17,3.90252610874304,1,-8.87598,245,0,0,20,"both",0.309988758818787,0.569594468699321
"1644","session1",-21.4616499852967,14.7311534692595,4.01010415504415,0.000184274003604185,0.0483820156926596,0.497366396463504,0.766642175625454,17,1,100,0.309988758818787,0.569594468699321,17,5.10177218257633,0,-27.58539,245,0,0,20,"both",0.309988758818787,0.569594468699321
"1645","session1",-21.4616499852967,14.7311534692595,4.01010415504415,0.000184274003604185,0.0483820156926596,0.497366396463504,0.766642175625454,17,1,100,0.309988758818787,0.569594468699321,17,5.16064973441171,1,-1.8072,245,0,0,20,"both",0.309988758818787,0.569594468699321
"1646","session1",-21.4616499852967,14.7311534692595,4.01010415504415,0.000184274003604185,0.0483820156926596,0.497366396463504,0.766642175625454,17,1,100,0.309988758818787,0.569594468699321,17,3.25768431174348,0,-5.53114,245,0,0,20,"both",0.309988758818787,0.569594468699321
"1647","session1",-21.4616499852967,14.7311534692595,4.01010415504415,0.000184274003604185,0.0483820156926596,0.497366396463504,0.766642175625454,17,1,100,0.309988758818787,0.569594468699321,17,2.63222233289027,0,-24.65495,245,0,0,20,"both",0.309988758818787,0.569594468699321
"1648","session1",-21.4616499852967,14.7311534692595,4.01010415504415,0.000184274003604185,0.0483820156926596,0.497366396463504,0.766642175625454,17,1,100,0.309988758818787,0.569594468699321,17,4.25991825476261,1,-3.80238,245,0,0,20,"both",0.309988758818787,0.569594468699321
"1649","session1",-21.4616499852967,14.7311534692595,4.01010415504415,0.000184274003604185,0.0483820156926596,0.497366396463504,0.766642175625454,17,1,100,0.309988758818787,0.569594468699321,17,3.64463056296664,1,-10.10897,245,0,0,20,"both",0.309988758818787,0.569594468699321
"1650","session1",-21.4616499852967,14.7311534692595,4.01010415504415,0.000184274003604185,0.0483820156926596,0.497366396463504,0.766642175625454,17,1,100,0.309988758818787,0.569594468699321,17,3.26730827519245,1,-10.00459,245,0,0,20,"both",0.309988758818787,0.569594468699321
"1651","session1",-21.4616499852967,14.7311534692595,4.01010415504415,0.000184274003604185,0.0483820156926596,0.497366396463504,0.766642175625454,17,1,100,0.309988758818787,0.569594468699321,17,1.81378760963622,1,1.8348,245,0,0,20,"both",0.309988758818787,0.569594468699321
"1652","session1",-21.4616499852967,14.7311534692595,4.01010415504415,0.000184274003604185,0.0483820156926596,0.497366396463504,0.766642175625454,17,1,100,0.309988758818787,0.569594468699321,17,6.49068689731825,0,-26.9979,245,0,0,20,"both",0.309988758818787,0.569594468699321
"1653","session1",-21.4616499852967,14.7311534692595,4.01010415504415,0.000184274003604185,0.0483820156926596,0.497366396463504,0.766642175625454,17,1,100,0.309988758818787,0.569594468699321,17,2.93619637434433,0,-5.66728,245,0,0,20,"both",0.309988758818787,0.569594468699321
"1654","session1",-21.4616499852967,14.7311534692595,4.01010415504415,0.000184274003604185,0.0483820156926596,0.497366396463504,0.766642175625454,17,1,100,0.309988758818787,0.569594468699321,17,2.02254611105327,1,0.125499999999999,245,0,0,20,"both",0.309988758818787,0.569594468699321
"1655","session1",-21.4616499852967,14.7311534692595,4.01010415504415,0.000184274003604185,0.0483820156926596,0.497366396463504,0.766642175625454,17,1,100,0.309988758818787,0.569594468699321,17,4.78805665017111,0,-29.3543,245,0,0,20,"both",0.309988758818787,0.569594468699321
"1656","session1",-21.4616499852967,14.7311534692595,4.01010415504415,0.000184274003604185,0.0483820156926596,0.497366396463504,0.766642175625454,17,1,100,0.309988758818787,0.569594468699321,17,3.18270862981942,0,-29.7794,245,0,0,20,"both",0.309988758818787,0.569594468699321
"1657","session1",-21.4616499852967,14.7311534692595,4.01010415504415,0.000184274003604185,0.0483820156926596,0.497366396463504,0.766642175625454,17,1,100,0.309988758818787,0.569594468699321,17,2.98174276415286,1,-11.84708,245,0,0,20,"both",0.309988758818787,0.569594468699321
"1658","session1",-21.4616499852967,14.7311534692595,4.01010415504415,0.000184274003604185,0.0483820156926596,0.497366396463504,0.766642175625454,17,1,100,0.309988758818787,0.569594468699321,17,3.57972985207262,0,-35.226,245,0,0,20,"both",0.309988758818787,0.569594468699321
"1659","session1",-21.4616499852967,14.7311534692595,4.01010415504415,0.000184274003604185,0.0483820156926596,0.497366396463504,0.766642175625454,17,1,100,0.309988758818787,0.569594468699321,17,3.08963426009373,0,-29.6935,245,0,0,20,"both",0.309988758818787,0.569594468699321
"1660","session1",-21.4616499852967,14.7311534692595,4.01010415504415,0.000184274003604185,0.0483820156926596,0.497366396463504,0.766642175625454,17,1,100,0.309988758818787,0.569594468699321,17,8,1,-5.5579,245,0,0,20,"both",0.309988758818787,0.569594468699321
"1661","session1",-21.4616499852967,14.7311534692595,4.01010415504415,0.000184274003604185,0.0483820156926596,0.497366396463504,0.766642175625454,17,1,100,0.309988758818787,0.569594468699321,17,3.24465783813251,0,-21.09695,245,0,0,20,"both",0.309988758818787,0.569594468699321
"1662","session1",-21.4616499852967,14.7311534692595,4.01010415504415,0.000184274003604185,0.0483820156926596,0.497366396463504,0.766642175625454,17,1,100,0.309988758818787,0.569594468699321,17,5.19588710718469,0,-25.627,245,0,0,20,"both",0.309988758818787,0.569594468699321
"1663","session1",-21.4616499852967,14.7311534692595,4.01010415504415,0.000184274003604185,0.0483820156926596,0.497366396463504,0.766642175625454,17,1,100,0.309988758818787,0.569594468699321,17,4.12324754802702,0,-6.98316,245,0,0,20,"both",0.309988758818787,0.569594468699321
"1664","session1",-21.4616499852967,14.7311534692595,4.01010415504415,0.000184274003604185,0.0483820156926596,0.497366396463504,0.766642175625454,17,1,100,0.309988758818787,0.569594468699321,17,3.6809091916475,1,-19.24082,245,0,0,20,"both",0.309988758818787,0.569594468699321
"1665","session1",-21.4616499852967,14.7311534692595,4.01010415504415,0.000184274003604185,0.0483820156926596,0.497366396463504,0.766642175625454,17,1,100,0.309988758818787,0.569594468699321,17,3.20364912081506,0,-25.51869,245,0,0,20,"both",0.309988758818787,0.569594468699321
"1666","session1",-21.4616499852967,14.7311534692595,4.01010415504415,0.000184274003604185,0.0483820156926596,0.497366396463504,0.766642175625454,17,1,100,0.309988758818787,0.569594468699321,17,3.42326809954337,1,-5.80021,245,0,0,20,"both",0.309988758818787,0.569594468699321
"1667","session1",-21.4616499852967,14.7311534692595,4.01010415504415,0.000184274003604185,0.0483820156926596,0.497366396463504,0.766642175625454,17,1,100,0.309988758818787,0.569594468699321,17,5.74024694659811,1,-24.29295,245,0,0,20,"both",0.309988758818787,0.569594468699321
"1668","session1",-21.4616499852967,14.7311534692595,4.01010415504415,0.000184274003604185,0.0483820156926596,0.497366396463504,0.766642175625454,17,1,100,0.309988758818787,0.569594468699321,17,2.37871258636722,0,-4.7486,245,0,0,20,"both",0.309988758818787,0.569594468699321
"1669","session1",-21.4616499852967,14.7311534692595,4.01010415504415,0.000184274003604185,0.0483820156926596,0.497366396463504,0.766642175625454,17,1,100,0.309988758818787,0.569594468699321,17,2.13774693032007,1,7.6323,245,0,0,20,"both",0.309988758818787,0.569594468699321
"1670","session1",-21.4616499852967,14.7311534692595,4.01010415504415,0.000184274003604185,0.0483820156926596,0.497366396463504,0.766642175625454,17,1,100,0.309988758818787,0.569594468699321,17,8,0,-25.30036,245,0,0,20,"both",0.309988758818787,0.569594468699321
"1671","session1",-21.4616499852967,14.7311534692595,4.01010415504415,0.000184274003604185,0.0483820156926596,0.497366396463504,0.766642175625454,17,1,100,0.309988758818787,0.569594468699321,17,2.86040966182032,1,7.1149,245,0,0,20,"both",0.309988758818787,0.569594468699321
"1672","session1",-21.4616499852967,14.7311534692595,4.01010415504415,0.000184274003604185,0.0483820156926596,0.497366396463504,0.766642175625454,17,1,100,0.309988758818787,0.569594468699321,17,1.78902409503119,0,-28.2517,245,0,0,20,"both",0.309988758818787,0.569594468699321
"1673","session1",-21.4616499852967,14.7311534692595,4.01010415504415,0.000184274003604185,0.0483820156926596,0.497366396463504,0.766642175625454,17,1,100,0.309988758818787,0.569594468699321,17,2.04936644688923,1,-3.705,245,0,0,20,"both",0.309988758818787,0.569594468699321
"1674","session1",-21.4616499852967,14.7311534692595,4.01010415504415,0.000184274003604185,0.0483820156926596,0.497366396463504,0.766642175625454,17,1,100,0.309988758818787,0.569594468699321,17,2.03748302641905,0,-32.289,245,0,0,20,"both",0.309988758818787,0.569594468699321
"1675","session1",-21.4616499852967,14.7311534692595,4.01010415504415,0.000184274003604185,0.0483820156926596,0.497366396463504,0.766642175625454,17,1,100,0.309988758818787,0.569594468699321,17,1.80556434248892,1,-23.95983,245,0,0,20,"both",0.309988758818787,0.569594468699321
"1676","session1",-21.4616499852967,14.7311534692595,4.01010415504415,0.000184274003604185,0.0483820156926596,0.497366396463504,0.766642175625454,17,1,100,0.309988758818787,0.569594468699321,17,7.23165457844565,0,-35.1574,245,0,0,20,"both",0.309988758818787,0.569594468699321
"1677","session1",-21.4616499852967,14.7311534692595,4.01010415504415,0.000184274003604185,0.0483820156926596,0.497366396463504,0.766642175625454,17,1,100,0.309988758818787,0.569594468699321,17,3.02054611854053,0,-6.90038,245,0,0,20,"both",0.309988758818787,0.569594468699321
"1678","session1",-21.4616499852967,14.7311534692595,4.01010415504415,0.000184274003604185,0.0483820156926596,0.497366396463504,0.766642175625454,17,1,100,0.309988758818787,0.569594468699321,17,1.83029765188828,1,-5.9314,245,0,0,20,"both",0.309988758818787,0.569594468699321
"1679","session1",-21.4616499852967,14.7311534692595,4.01010415504415,0.000184274003604185,0.0483820156926596,0.497366396463504,0.766642175625454,17,1,100,0.309988758818787,0.569594468699321,17,6.00195538576478,1,-28.0713,245,0,0,20,"both",0.309988758818787,0.569594468699321
"1680","session1",-21.4616499852967,14.7311534692595,4.01010415504415,0.000184274003604185,0.0483820156926596,0.497366396463504,0.766642175625454,17,1,100,0.309988758818787,0.569594468699321,17,1.39646631767682,1,-1.1191,245,0,0,20,"both",0.309988758818787,0.569594468699321
"1681","session1",-21.4616499852967,14.7311534692595,4.01010415504415,0.000184274003604185,0.0483820156926596,0.497366396463504,0.766642175625454,17,1,100,0.309988758818787,0.569594468699321,17,4.60003339348959,1,-4.2786,245,0,0,20,"both",0.309988758818787,0.569594468699321
"1682","session1",-21.4616499852967,14.7311534692595,4.01010415504415,0.000184274003604185,0.0483820156926596,0.497366396463504,0.766642175625454,17,1,100,0.309988758818787,0.569594468699321,17,3.1813586991832,0,-7.471,245,0,0,20,"both",0.309988758818787,0.569594468699321
"1683","session1",-21.4616499852967,14.7311534692595,4.01010415504415,0.000184274003604185,0.0483820156926596,0.497366396463504,0.766642175625454,17,1,100,0.309988758818787,0.569594468699321,17,1.5717685873986,0,-8.398,245,0,0,20,"both",0.309988758818787,0.569594468699321
"1684","session1",-21.4616499852967,14.7311534692595,4.01010415504415,0.000184274003604185,0.0483820156926596,0.497366396463504,0.766642175625454,17,1,100,0.309988758818787,0.569594468699321,17,3.9772904524493,1,-8.43425,245,0,0,20,"both",0.309988758818787,0.569594468699321
"1685","session1",-21.4616499852967,14.7311534692595,4.01010415504415,0.000184274003604185,0.0483820156926596,0.497366396463504,0.766642175625454,17,1,100,0.309988758818787,0.569594468699321,17,1.63944056251994,1,8.2161,245,0,0,20,"both",0.309988758818787,0.569594468699321
"1686","session1",-21.4616499852967,14.7311534692595,4.01010415504415,0.000184274003604185,0.0483820156926596,0.497366396463504,0.766642175625454,17,1,100,0.309988758818787,0.569594468699321,17,2.24537078681158,0,-25.2518,245,0,0,20,"both",0.309988758818787,0.569594468699321
"1687","session1",-21.4616499852967,14.7311534692595,4.01010415504415,0.000184274003604185,0.0483820156926596,0.497366396463504,0.766642175625454,17,1,100,0.309988758818787,0.569594468699321,17,1.99008129996552,0,-24.6392,245,0,0,20,"both",0.309988758818787,0.569594468699321
"1688","session1",-21.4616499852967,14.7311534692595,4.01010415504415,0.000184274003604185,0.0483820156926596,0.497366396463504,0.766642175625454,17,1,100,0.309988758818787,0.569594468699321,17,2.81318921320692,0,-27.3941,245,0,0,20,"both",0.309988758818787,0.569594468699321
"1689","session1",-21.4616499852967,14.7311534692595,4.01010415504415,0.000184274003604185,0.0483820156926596,0.497366396463504,0.766642175625454,17,1,100,0.309988758818787,0.569594468699321,17,2.40946144301996,1,-7.01596,245,0,0,20,"both",0.309988758818787,0.569594468699321
"1690","session1",-21.4616499852967,14.7311534692595,4.01010415504415,0.000184274003604185,0.0483820156926596,0.497366396463504,0.766642175625454,17,1,100,0.309988758818787,0.569594468699321,17,2.39774386949754,0,-28.7558,245,0,0,20,"both",0.309988758818787,0.569594468699321
"1691","session1",-21.4616499852967,14.7311534692595,4.01010415504415,0.000184274003604185,0.0483820156926596,0.497366396463504,0.766642175625454,17,1,100,0.309988758818787,0.569594468699321,17,3.66490858022987,1,-26.656,245,0,0,20,"both",0.309988758818787,0.569594468699321
"1692","session1",-21.4616499852967,14.7311534692595,4.01010415504415,0.000184274003604185,0.0483820156926596,0.497366396463504,0.766642175625454,17,1,100,0.309988758818787,0.569594468699321,17,1.82304622046924,1,-6.3312,245,0,0,20,"both",0.309988758818787,0.569594468699321
"1693","session1",-21.4616499852967,14.7311534692595,4.01010415504415,0.000184274003604185,0.0483820156926596,0.497366396463504,0.766642175625454,17,1,100,0.309988758818787,0.569594468699321,17,3.30963848824538,1,-24.28617,245,0,0,20,"both",0.309988758818787,0.569594468699321
"1694","session1",-21.4616499852967,14.7311534692595,4.01010415504415,0.000184274003604185,0.0483820156926596,0.497366396463504,0.766642175625454,17,1,100,0.309988758818787,0.569594468699321,17,3.73469001970803,1,-6.40082,245,0,0,20,"both",0.309988758818787,0.569594468699321
"1695","session1",-21.4616499852967,14.7311534692595,4.01010415504415,0.000184274003604185,0.0483820156926596,0.497366396463504,0.766642175625454,17,1,100,0.309988758818787,0.569594468699321,17,2.94546387300641,1,0.509600000000001,245,0,0,20,"both",0.309988758818787,0.569594468699321
"1696","session1",-21.4616499852967,14.7311534692595,4.01010415504415,0.000184274003604185,0.0483820156926596,0.497366396463504,0.766642175625454,17,1,100,0.309988758818787,0.569594468699321,17,2.84148953952469,0,-35.5374,245,0,0,20,"both",0.309988758818787,0.569594468699321
"1697","session1",-21.4616499852967,14.7311534692595,4.01010415504415,0.000184274003604185,0.0483820156926596,0.497366396463504,0.766642175625454,17,1,100,0.309988758818787,0.569594468699321,17,2.7767536915478,1,1.8358,245,0,0,20,"both",0.309988758818787,0.569594468699321
"1698","session1",-21.4616499852967,14.7311534692595,4.01010415504415,0.000184274003604185,0.0483820156926596,0.497366396463504,0.766642175625454,17,1,100,0.309988758818787,0.569594468699321,17,2.10920551358139,1,-0.8232,245,0,0,20,"both",0.309988758818787,0.569594468699321
"1699","session1",-21.4616499852967,14.7311534692595,4.01010415504415,0.000184274003604185,0.0483820156926596,0.497366396463504,0.766642175625454,17,1,100,0.309988758818787,0.569594468699321,17,2.02736873415499,0,-4.2094,245,0,0,20,"both",0.309988758818787,0.569594468699321
"1700","session1",-21.4616499852967,14.7311534692595,4.01010415504415,0.000184274003604185,0.0483820156926596,0.497366396463504,0.766642175625454,17,1,100,0.309988758818787,0.569594468699321,17,1.20668206729285,1,4.7869,245,0,0,20,"both",0.309988758818787,0.569594468699321
"1701","session1",-10.8451051242655,10.3711581693432,2.45590966286702,0.000505955401279434,-0.0317887642774781,0.5336998734969,0.364096336075643,18,1,100,0.309988758818787,0.569594468699321,18,4.11573749439933,0,-9.263387584256,245,0,0,20,"both",0.309988758818787,0.569594468699321
"1702","session1",-10.8451051242655,10.3711581693432,2.45590966286702,0.000505955401279434,-0.0317887642774781,0.5336998734969,0.364096336075643,18,1,100,0.309988758818787,0.569594468699321,18,1.82861282684982,1,5.5792930613,245,0,0,20,"both",0.309988758818787,0.569594468699321
"1703","session1",-10.8451051242655,10.3711581693432,2.45590966286702,0.000505955401279434,-0.0317887642774781,0.5336998734969,0.364096336075643,18,1,100,0.309988758818787,0.569594468699321,18,1.26554400454999,1,-0.7536307081,245,0,0,20,"both",0.309988758818787,0.569594468699321
"1704","session1",-10.8451051242655,10.3711581693432,2.45590966286702,0.000505955401279434,-0.0317887642774781,0.5336998734969,0.364096336075643,18,1,100,0.309988758818787,0.569594468699321,18,5.02636456749511,1,-5.63447546344,245,0,0,20,"both",0.309988758818787,0.569594468699321
"1705","session1",-10.8451051242655,10.3711581693432,2.45590966286702,0.000505955401279434,-0.0317887642774781,0.5336998734969,0.364096336075643,18,1,100,0.309988758818787,0.569594468699321,18,2.65884669506253,1,3.28344,245,0,0,20,"both",0.309988758818787,0.569594468699321
"1706","session1",-10.8451051242655,10.3711581693432,2.45590966286702,0.000505955401279434,-0.0317887642774781,0.5336998734969,0.364096336075643,18,1,100,0.309988758818787,0.569594468699321,18,3.73387436908986,0,-17.58302,245,0,0,20,"both",0.309988758818787,0.569594468699321
"1707","session1",-10.8451051242655,10.3711581693432,2.45590966286702,0.000505955401279434,-0.0317887642774781,0.5336998734969,0.364096336075643,18,1,100,0.309988758818787,0.569594468699321,18,3.36425091257604,1,-7.8325405211,245,0,0,20,"both",0.309988758818787,0.569594468699321
"1708","session1",-10.8451051242655,10.3711581693432,2.45590966286702,0.000505955401279434,-0.0317887642774781,0.5336998734969,0.364096336075643,18,1,100,0.309988758818787,0.569594468699321,18,1.4451535389404,1,-4.69164,245,0,0,20,"both",0.309988758818787,0.569594468699321
"1709","session1",-10.8451051242655,10.3711581693432,2.45590966286702,0.000505955401279434,-0.0317887642774781,0.5336998734969,0.364096336075643,18,1,100,0.309988758818787,0.569594468699321,18,1.74195370131299,0,-13.68045,245,0,0,20,"both",0.309988758818787,0.569594468699321
"1710","session1",-10.8451051242655,10.3711581693432,2.45590966286702,0.000505955401279434,-0.0317887642774781,0.5336998734969,0.364096336075643,18,1,100,0.309988758818787,0.569594468699321,18,2.09692523712084,0,-13.43479,245,0,0,20,"both",0.309988758818787,0.569594468699321
"1711","session1",-10.8451051242655,10.3711581693432,2.45590966286702,0.000505955401279434,-0.0317887642774781,0.5336998734969,0.364096336075643,18,1,100,0.309988758818787,0.569594468699321,18,2.60982977514014,0,-11.40665,245,0,0,20,"both",0.309988758818787,0.569594468699321
"1712","session1",-10.8451051242655,10.3711581693432,2.45590966286702,0.000505955401279434,-0.0317887642774781,0.5336998734969,0.364096336075643,18,1,100,0.309988758818787,0.569594468699321,18,1.69104017327681,1,-7.46901,245,0,0,20,"both",0.309988758818787,0.569594468699321
"1713","session1",-10.8451051242655,10.3711581693432,2.45590966286702,0.000505955401279434,-0.0317887642774781,0.5336998734969,0.364096336075643,18,1,100,0.309988758818787,0.569594468699321,18,2.67796200485157,1,-6.81162,245,0,0,20,"both",0.309988758818787,0.569594468699321
"1714","session1",-10.8451051242655,10.3711581693432,2.45590966286702,0.000505955401279434,-0.0317887642774781,0.5336998734969,0.364096336075643,18,1,100,0.309988758818787,0.569594468699321,18,3.31172777498892,0,-7.79078,245,0,0,20,"both",0.309988758818787,0.569594468699321
"1715","session1",-10.8451051242655,10.3711581693432,2.45590966286702,0.000505955401279434,-0.0317887642774781,0.5336998734969,0.364096336075643,18,1,100,0.309988758818787,0.569594468699321,18,1.77495271186581,0,-7.44185,245,0,0,20,"both",0.309988758818787,0.569594468699321
"1716","session1",-10.8451051242655,10.3711581693432,2.45590966286702,0.000505955401279434,-0.0317887642774781,0.5336998734969,0.364096336075643,18,1,100,0.309988758818787,0.569594468699321,18,1.23796039519458,1,-7.31517,245,0,0,20,"both",0.309988758818787,0.569594468699321
"1717","session1",-10.8451051242655,10.3711581693432,2.45590966286702,0.000505955401279434,-0.0317887642774781,0.5336998734969,0.364096336075643,18,1,100,0.309988758818787,0.569594468699321,18,0.974294793276491,1,-16.05132,245,0,0,20,"both",0.309988758818787,0.569594468699321
"1718","session1",-10.8451051242655,10.3711581693432,2.45590966286702,0.000505955401279434,-0.0317887642774781,0.5336998734969,0.364096336075643,18,1,100,0.309988758818787,0.569594468699321,18,0.954521896571944,0,-17.07668,245,0,0,20,"both",0.309988758818787,0.569594468699321
"1719","session1",-10.8451051242655,10.3711581693432,2.45590966286702,0.000505955401279434,-0.0317887642774781,0.5336998734969,0.364096336075643,18,1,100,0.309988758818787,0.569594468699321,18,1.53455849586852,1,-4.92041,245,0,0,20,"both",0.309988758818787,0.569594468699321
"1720","session1",-10.8451051242655,10.3711581693432,2.45590966286702,0.000505955401279434,-0.0317887642774781,0.5336998734969,0.364096336075643,18,1,100,0.309988758818787,0.569594468699321,18,1.95140641638503,0,-9.85517,245,0,0,20,"both",0.309988758818787,0.569594468699321
"1721","session1",-10.8451051242655,10.3711581693432,2.45590966286702,0.000505955401279434,-0.0317887642774781,0.5336998734969,0.364096336075643,18,1,100,0.309988758818787,0.569594468699321,18,1.01839317090662,1,-4.18583,245,0,0,20,"both",0.309988758818787,0.569594468699321
"1722","session1",-10.8451051242655,10.3711581693432,2.45590966286702,0.000505955401279434,-0.0317887642774781,0.5336998734969,0.364096336075643,18,1,100,0.309988758818787,0.569594468699321,18,2.75841206387772,1,-8.06129,245,0,0,20,"both",0.309988758818787,0.569594468699321
"1723","session1",-10.8451051242655,10.3711581693432,2.45590966286702,0.000505955401279434,-0.0317887642774781,0.5336998734969,0.364096336075643,18,1,100,0.309988758818787,0.569594468699321,18,1.2643946943389,0,-15.50263,245,0,0,20,"both",0.309988758818787,0.569594468699321
"1724","session1",-10.8451051242655,10.3711581693432,2.45590966286702,0.000505955401279434,-0.0317887642774781,0.5336998734969,0.364096336075643,18,1,100,0.309988758818787,0.569594468699321,18,1.49894879321452,1,-9.88119,245,0,0,20,"both",0.309988758818787,0.569594468699321
"1725","session1",-10.8451051242655,10.3711581693432,2.45590966286702,0.000505955401279434,-0.0317887642774781,0.5336998734969,0.364096336075643,18,1,100,0.309988758818787,0.569594468699321,18,1.78332105687325,1,-4.70646,245,0,0,20,"both",0.309988758818787,0.569594468699321
"1726","session1",-10.8451051242655,10.3711581693432,2.45590966286702,0.000505955401279434,-0.0317887642774781,0.5336998734969,0.364096336075643,18,1,100,0.309988758818787,0.569594468699321,18,1.19746006529209,0,-12.10427,245,0,0,20,"both",0.309988758818787,0.569594468699321
"1727","session1",-10.8451051242655,10.3711581693432,2.45590966286702,0.000505955401279434,-0.0317887642774781,0.5336998734969,0.364096336075643,18,1,100,0.309988758818787,0.569594468699321,18,1.97708795144181,0,-6.25004,245,0,0,20,"both",0.309988758818787,0.569594468699321
"1728","session1",-10.8451051242655,10.3711581693432,2.45590966286702,0.000505955401279434,-0.0317887642774781,0.5336998734969,0.364096336075643,18,1,100,0.309988758818787,0.569594468699321,18,2.50457440999205,0,-9.78133,245,0,0,20,"both",0.309988758818787,0.569594468699321
"1729","session1",-10.8451051242655,10.3711581693432,2.45590966286702,0.000505955401279434,-0.0317887642774781,0.5336998734969,0.364096336075643,18,1,100,0.309988758818787,0.569594468699321,18,1.34501415167339,1,-9.13005,245,0,0,20,"both",0.309988758818787,0.569594468699321
"1730","session1",-10.8451051242655,10.3711581693432,2.45590966286702,0.000505955401279434,-0.0317887642774781,0.5336998734969,0.364096336075643,18,1,100,0.309988758818787,0.569594468699321,18,1.5043446799974,0,-9.2823618,245,0,0,20,"both",0.309988758818787,0.569594468699321
"1731","session1",-10.8451051242655,10.3711581693432,2.45590966286702,0.000505955401279434,-0.0317887642774781,0.5336998734969,0.364096336075643,18,1,100,0.309988758818787,0.569594468699321,18,2.18319856934803,0,-14.25236,245,0,0,20,"both",0.309988758818787,0.569594468699321
"1732","session1",-10.8451051242655,10.3711581693432,2.45590966286702,0.000505955401279434,-0.0317887642774781,0.5336998734969,0.364096336075643,18,1,100,0.309988758818787,0.569594468699321,18,1.16416914311009,1,-5.20288,245,0,0,20,"both",0.309988758818787,0.569594468699321
"1733","session1",-10.8451051242655,10.3711581693432,2.45590966286702,0.000505955401279434,-0.0317887642774781,0.5336998734969,0.364096336075643,18,1,100,0.309988758818787,0.569594468699321,18,1.82048854292182,1,-12.33069,245,0,0,20,"both",0.309988758818787,0.569594468699321
"1734","session1",-10.8451051242655,10.3711581693432,2.45590966286702,0.000505955401279434,-0.0317887642774781,0.5336998734969,0.364096336075643,18,1,100,0.309988758818787,0.569594468699321,18,1.80110579168104,1,-7.86905,245,0,0,20,"both",0.309988758818787,0.569594468699321
"1735","session1",-10.8451051242655,10.3711581693432,2.45590966286702,0.000505955401279434,-0.0317887642774781,0.5336998734969,0.364096336075643,18,1,100,0.309988758818787,0.569594468699321,18,1.66798313146337,1,-3.89237,245,0,0,20,"both",0.309988758818787,0.569594468699321
"1736","session1",-10.8451051242655,10.3711581693432,2.45590966286702,0.000505955401279434,-0.0317887642774781,0.5336998734969,0.364096336075643,18,1,100,0.309988758818787,0.569594468699321,18,2.0040553313461,1,-7.69994,245,0,0,20,"both",0.309988758818787,0.569594468699321
"1737","session1",-10.8451051242655,10.3711581693432,2.45590966286702,0.000505955401279434,-0.0317887642774781,0.5336998734969,0.364096336075643,18,1,100,0.309988758818787,0.569594468699321,18,1.76301537741085,1,-2.56811,245,0,0,20,"both",0.309988758818787,0.569594468699321
"1738","session1",-10.8451051242655,10.3711581693432,2.45590966286702,0.000505955401279434,-0.0317887642774781,0.5336998734969,0.364096336075643,18,1,100,0.309988758818787,0.569594468699321,18,2.97704562260098,0,-0.190519999999999,245,0,0,20,"both",0.309988758818787,0.569594468699321
"1739","session1",-10.8451051242655,10.3711581693432,2.45590966286702,0.000505955401279434,-0.0317887642774781,0.5336998734969,0.364096336075643,18,1,100,0.309988758818787,0.569594468699321,18,2.85005765056696,0,-8.16254,245,0,0,20,"both",0.309988758818787,0.569594468699321
"1740","session1",-10.8451051242655,10.3711581693432,2.45590966286702,0.000505955401279434,-0.0317887642774781,0.5336998734969,0.364096336075643,18,1,100,0.309988758818787,0.569594468699321,18,1.6397530086971,1,-6.02161,245,0,0,20,"both",0.309988758818787,0.569594468699321
"1741","session1",-10.8451051242655,10.3711581693432,2.45590966286702,0.000505955401279434,-0.0317887642774781,0.5336998734969,0.364096336075643,18,1,100,0.309988758818787,0.569594468699321,18,1.01468573537038,1,-8.88788,245,0,0,20,"both",0.309988758818787,0.569594468699321
"1742","session1",-10.8451051242655,10.3711581693432,2.45590966286702,0.000505955401279434,-0.0317887642774781,0.5336998734969,0.364096336075643,18,1,100,0.309988758818787,0.569594468699321,18,1.11162882880513,0,-12.26443,245,0,0,20,"both",0.309988758818787,0.569594468699321
"1743","session1",-10.8451051242655,10.3711581693432,2.45590966286702,0.000505955401279434,-0.0317887642774781,0.5336998734969,0.364096336075643,18,1,100,0.309988758818787,0.569594468699321,18,3.38739997211122,0,-7.46604,245,0,0,20,"both",0.309988758818787,0.569594468699321
"1744","session1",-10.8451051242655,10.3711581693432,2.45590966286702,0.000505955401279434,-0.0317887642774781,0.5336998734969,0.364096336075643,18,1,100,0.309988758818787,0.569594468699321,18,3.99504015334373,1,-2.56616,245,0,0,20,"both",0.309988758818787,0.569594468699321
"1745","session1",-10.8451051242655,10.3711581693432,2.45590966286702,0.000505955401279434,-0.0317887642774781,0.5336998734969,0.364096336075643,18,1,100,0.309988758818787,0.569594468699321,18,2.02026672315,0,-6.83741,245,0,0,20,"both",0.309988758818787,0.569594468699321
"1746","session1",-10.8451051242655,10.3711581693432,2.45590966286702,0.000505955401279434,-0.0317887642774781,0.5336998734969,0.364096336075643,18,1,100,0.309988758818787,0.569594468699321,18,3.35148401176479,0,-6.09221,245,0,0,20,"both",0.309988758818787,0.569594468699321
"1747","session1",-10.8451051242655,10.3711581693432,2.45590966286702,0.000505955401279434,-0.0317887642774781,0.5336998734969,0.364096336075643,18,1,100,0.309988758818787,0.569594468699321,18,2.106810781194,1,-9.93991,245,0,0,20,"both",0.309988758818787,0.569594468699321
"1748","session1",-10.8451051242655,10.3711581693432,2.45590966286702,0.000505955401279434,-0.0317887642774781,0.5336998734969,0.364096336075643,18,1,100,0.309988758818787,0.569594468699321,18,1.14475805823993,0,-3.66749,245,0,0,20,"both",0.309988758818787,0.569594468699321
"1749","session1",-10.8451051242655,10.3711581693432,2.45590966286702,0.000505955401279434,-0.0317887642774781,0.5336998734969,0.364096336075643,18,1,100,0.309988758818787,0.569594468699321,18,1.40774204546709,1,-8.58555,245,0,0,20,"both",0.309988758818787,0.569594468699321
"1750","session1",-10.8451051242655,10.3711581693432,2.45590966286702,0.000505955401279434,-0.0317887642774781,0.5336998734969,0.364096336075643,18,1,100,0.309988758818787,0.569594468699321,18,3.38248072188342,1,-5.11216,245,0,0,20,"both",0.309988758818787,0.569594468699321
"1751","session1",-10.8451051242655,10.3711581693432,2.45590966286702,0.000505955401279434,-0.0317887642774781,0.5336998734969,0.364096336075643,18,1,100,0.309988758818787,0.569594468699321,18,1.5446880469805,1,-22.63332,245,0,0,20,"both",0.309988758818787,0.569594468699321
"1752","session1",-10.8451051242655,10.3711581693432,2.45590966286702,0.000505955401279434,-0.0317887642774781,0.5336998734969,0.364096336075643,18,1,100,0.309988758818787,0.569594468699321,18,1.68269526007359,0,-14.51022,245,0,0,20,"both",0.309988758818787,0.569594468699321
"1753","session1",-10.8451051242655,10.3711581693432,2.45590966286702,0.000505955401279434,-0.0317887642774781,0.5336998734969,0.364096336075643,18,1,100,0.309988758818787,0.569594468699321,18,2.0841078016874,1,-14.03292,245,0,0,20,"both",0.309988758818787,0.569594468699321
"1754","session1",-10.8451051242655,10.3711581693432,2.45590966286702,0.000505955401279434,-0.0317887642774781,0.5336998734969,0.364096336075643,18,1,100,0.309988758818787,0.569594468699321,18,7.1227341156248,0,-8.53378,245,0,0,20,"both",0.309988758818787,0.569594468699321
"1755","session1",-10.8451051242655,10.3711581693432,2.45590966286702,0.000505955401279434,-0.0317887642774781,0.5336998734969,0.364096336075643,18,1,100,0.309988758818787,0.569594468699321,18,1.0268286821554,0,-17.06226,245,0,0,20,"both",0.309988758818787,0.569594468699321
"1756","session1",-10.8451051242655,10.3711581693432,2.45590966286702,0.000505955401279434,-0.0317887642774781,0.5336998734969,0.364096336075643,18,1,100,0.309988758818787,0.569594468699321,18,1.78690976722869,0,-17.09501,245,0,0,20,"both",0.309988758818787,0.569594468699321
"1757","session1",-10.8451051242655,10.3711581693432,2.45590966286702,0.000505955401279434,-0.0317887642774781,0.5336998734969,0.364096336075643,18,1,100,0.309988758818787,0.569594468699321,18,4.53202666073672,1,-9.91773,245,0,0,20,"both",0.309988758818787,0.569594468699321
"1758","session1",-10.8451051242655,10.3711581693432,2.45590966286702,0.000505955401279434,-0.0317887642774781,0.5336998734969,0.364096336075643,18,1,100,0.309988758818787,0.569594468699321,18,1.18249654152381,0,-28.23766,245,0,0,20,"both",0.309988758818787,0.569594468699321
"1759","session1",-10.8451051242655,10.3711581693432,2.45590966286702,0.000505955401279434,-0.0317887642774781,0.5336998734969,0.364096336075643,18,1,100,0.309988758818787,0.569594468699321,18,2.0983884617785,1,-21.9191,245,0,0,20,"both",0.309988758818787,0.569594468699321
"1760","session1",-10.8451051242655,10.3711581693432,2.45590966286702,0.000505955401279434,-0.0317887642774781,0.5336998734969,0.364096336075643,18,1,100,0.309988758818787,0.569594468699321,18,1.95316127467463,1,-6.85227,245,0,0,20,"both",0.309988758818787,0.569594468699321
"1761","session1",-10.8451051242655,10.3711581693432,2.45590966286702,0.000505955401279434,-0.0317887642774781,0.5336998734969,0.364096336075643,18,1,100,0.309988758818787,0.569594468699321,18,3.57299830720466,0,-18.95532,245,0,0,20,"both",0.309988758818787,0.569594468699321
"1762","session1",-10.8451051242655,10.3711581693432,2.45590966286702,0.000505955401279434,-0.0317887642774781,0.5336998734969,0.364096336075643,18,1,100,0.309988758818787,0.569594468699321,18,2.4925045481505,0,-16.95327,245,0,0,20,"both",0.309988758818787,0.569594468699321
"1763","session1",-10.8451051242655,10.3711581693432,2.45590966286702,0.000505955401279434,-0.0317887642774781,0.5336998734969,0.364096336075643,18,1,100,0.309988758818787,0.569594468699321,18,1.24179622887593,1,-9.27254,245,0,0,20,"both",0.309988758818787,0.569594468699321
"1764","session1",-10.8451051242655,10.3711581693432,2.45590966286702,0.000505955401279434,-0.0317887642774781,0.5336998734969,0.364096336075643,18,1,100,0.309988758818787,0.569594468699321,18,1.77516065248589,0,-21.6415,245,0,0,20,"both",0.309988758818787,0.569594468699321
"1765","session1",-10.8451051242655,10.3711581693432,2.45590966286702,0.000505955401279434,-0.0317887642774781,0.5336998734969,0.364096336075643,18,1,100,0.309988758818787,0.569594468699321,18,1.36057862079009,1,-7.70924,245,0,0,20,"both",0.309988758818787,0.569594468699321
"1766","session1",-10.8451051242655,10.3711581693432,2.45590966286702,0.000505955401279434,-0.0317887642774781,0.5336998734969,0.364096336075643,18,1,100,0.309988758818787,0.569594468699321,18,1.44925293425334,0,-12.60412,245,0,0,20,"both",0.309988758818787,0.569594468699321
"1767","session1",-10.8451051242655,10.3711581693432,2.45590966286702,0.000505955401279434,-0.0317887642774781,0.5336998734969,0.364096336075643,18,1,100,0.309988758818787,0.569594468699321,18,1.34355788709095,0,-16.19846,245,0,0,20,"both",0.309988758818787,0.569594468699321
"1768","session1",-10.8451051242655,10.3711581693432,2.45590966286702,0.000505955401279434,-0.0317887642774781,0.5336998734969,0.364096336075643,18,1,100,0.309988758818787,0.569594468699321,18,2.3507502672921,1,-0.698,245,0,0,20,"both",0.309988758818787,0.569594468699321
"1769","session1",-10.8451051242655,10.3711581693432,2.45590966286702,0.000505955401279434,-0.0317887642774781,0.5336998734969,0.364096336075643,18,1,100,0.309988758818787,0.569594468699321,18,1.57520195366313,0,-12.85936,245,0,0,20,"both",0.309988758818787,0.569594468699321
"1770","session1",-10.8451051242655,10.3711581693432,2.45590966286702,0.000505955401279434,-0.0317887642774781,0.5336998734969,0.364096336075643,18,1,100,0.309988758818787,0.569594468699321,18,2.1880183006524,0,-13.05671,245,0,0,20,"both",0.309988758818787,0.569594468699321
"1771","session1",-10.8451051242655,10.3711581693432,2.45590966286702,0.000505955401279434,-0.0317887642774781,0.5336998734969,0.364096336075643,18,1,100,0.309988758818787,0.569594468699321,18,1.4418282021241,1,-7.30519,245,0,0,20,"both",0.309988758818787,0.569594468699321
"1772","session1",-10.8451051242655,10.3711581693432,2.45590966286702,0.000505955401279434,-0.0317887642774781,0.5336998734969,0.364096336075643,18,1,100,0.309988758818787,0.569594468699321,18,4.12881720795564,1,-3.23298,245,0,0,20,"both",0.309988758818787,0.569594468699321
"1773","session1",-10.8451051242655,10.3711581693432,2.45590966286702,0.000505955401279434,-0.0317887642774781,0.5336998734969,0.364096336075643,18,1,100,0.309988758818787,0.569594468699321,18,2.14482951483512,0,-10.44127,245,0,0,20,"both",0.309988758818787,0.569594468699321
"1774","session1",-10.8451051242655,10.3711581693432,2.45590966286702,0.000505955401279434,-0.0317887642774781,0.5336998734969,0.364096336075643,18,1,100,0.309988758818787,0.569594468699321,18,1.25111038007322,0,0.921580000000001,245,0,0,20,"both",0.309988758818787,0.569594468699321
"1775","session1",-10.8451051242655,10.3711581693432,2.45590966286702,0.000505955401279434,-0.0317887642774781,0.5336998734969,0.364096336075643,18,1,100,0.309988758818787,0.569594468699321,18,3.25718185737825,0,-8.93552,245,0,0,20,"both",0.309988758818787,0.569594468699321
"1776","session1",-10.8451051242655,10.3711581693432,2.45590966286702,0.000505955401279434,-0.0317887642774781,0.5336998734969,0.364096336075643,18,1,100,0.309988758818787,0.569594468699321,18,2.09155582500862,1,-5.36938,245,0,0,20,"both",0.309988758818787,0.569594468699321
"1777","session1",-10.8451051242655,10.3711581693432,2.45590966286702,0.000505955401279434,-0.0317887642774781,0.5336998734969,0.364096336075643,18,1,100,0.309988758818787,0.569594468699321,18,3.19016611437647,0,-11.5999,245,0,0,20,"both",0.309988758818787,0.569594468699321
"1778","session1",-10.8451051242655,10.3711581693432,2.45590966286702,0.000505955401279434,-0.0317887642774781,0.5336998734969,0.364096336075643,18,1,100,0.309988758818787,0.569594468699321,18,3.79527850250582,1,-9.98272,245,0,0,20,"both",0.309988758818787,0.569594468699321
"1779","session1",-10.8451051242655,10.3711581693432,2.45590966286702,0.000505955401279434,-0.0317887642774781,0.5336998734969,0.364096336075643,18,1,100,0.309988758818787,0.569594468699321,18,2.55952632614262,1,-7.08472,245,0,0,20,"both",0.309988758818787,0.569594468699321
"1780","session1",-10.8451051242655,10.3711581693432,2.45590966286702,0.000505955401279434,-0.0317887642774781,0.5336998734969,0.364096336075643,18,1,100,0.309988758818787,0.569594468699321,18,5.25920078737596,0,-10.36896,245,0,0,20,"both",0.309988758818787,0.569594468699321
"1781","session1",-10.8451051242655,10.3711581693432,2.45590966286702,0.000505955401279434,-0.0317887642774781,0.5336998734969,0.364096336075643,18,1,100,0.309988758818787,0.569594468699321,18,3.82502243919513,1,-7.77233,245,0,0,20,"both",0.309988758818787,0.569594468699321
"1782","session1",-10.8451051242655,10.3711581693432,2.45590966286702,0.000505955401279434,-0.0317887642774781,0.5336998734969,0.364096336075643,18,1,100,0.309988758818787,0.569594468699321,18,2.46564385781072,1,-13.2894,245,0,0,20,"both",0.309988758818787,0.569594468699321
"1783","session1",-10.8451051242655,10.3711581693432,2.45590966286702,0.000505955401279434,-0.0317887642774781,0.5336998734969,0.364096336075643,18,1,100,0.309988758818787,0.569594468699321,18,1.68090826871472,0,-14.8995,245,0,0,20,"both",0.309988758818787,0.569594468699321
"1784","session1",-10.8451051242655,10.3711581693432,2.45590966286702,0.000505955401279434,-0.0317887642774781,0.5336998734969,0.364096336075643,18,1,100,0.309988758818787,0.569594468699321,18,1.87705001266114,1,-8.59309,245,0,0,20,"both",0.309988758818787,0.569594468699321
"1785","session1",-10.8451051242655,10.3711581693432,2.45590966286702,0.000505955401279434,-0.0317887642774781,0.5336998734969,0.364096336075643,18,1,100,0.309988758818787,0.569594468699321,18,2.3201952008945,0,-12.14831,245,0,0,20,"both",0.309988758818787,0.569594468699321
"1786","session1",-10.8451051242655,10.3711581693432,2.45590966286702,0.000505955401279434,-0.0317887642774781,0.5336998734969,0.364096336075643,18,1,100,0.309988758818787,0.569594468699321,18,1.78806059817704,1,-11.97205,245,0,0,20,"both",0.309988758818787,0.569594468699321
"1787","session1",-10.8451051242655,10.3711581693432,2.45590966286702,0.000505955401279434,-0.0317887642774781,0.5336998734969,0.364096336075643,18,1,100,0.309988758818787,0.569594468699321,18,1.24117279129046,0,-9.67236,245,0,0,20,"both",0.309988758818787,0.569594468699321
"1788","session1",-10.8451051242655,10.3711581693432,2.45590966286702,0.000505955401279434,-0.0317887642774781,0.5336998734969,0.364096336075643,18,1,100,0.309988758818787,0.569594468699321,18,6.37439851094835,1,-11.28151,245,0,0,20,"both",0.309988758818787,0.569594468699321
"1789","session1",-10.8451051242655,10.3711581693432,2.45590966286702,0.000505955401279434,-0.0317887642774781,0.5336998734969,0.364096336075643,18,1,100,0.309988758818787,0.569594468699321,18,2.03481504174041,1,-8.73364,245,0,0,20,"both",0.309988758818787,0.569594468699321
"1790","session1",-10.8451051242655,10.3711581693432,2.45590966286702,0.000505955401279434,-0.0317887642774781,0.5336998734969,0.364096336075643,18,1,100,0.309988758818787,0.569594468699321,18,6.19695864555978,1,-14.26113,245,0,0,20,"both",0.309988758818787,0.569594468699321
"1791","session1",-10.8451051242655,10.3711581693432,2.45590966286702,0.000505955401279434,-0.0317887642774781,0.5336998734969,0.364096336075643,18,1,100,0.309988758818787,0.569594468699321,18,1.54233032397106,1,-6.87487,245,0,0,20,"both",0.309988758818787,0.569594468699321
"1792","session1",-10.8451051242655,10.3711581693432,2.45590966286702,0.000505955401279434,-0.0317887642774781,0.5336998734969,0.364096336075643,18,1,100,0.309988758818787,0.569594468699321,18,3.32911402036691,0,-13.51475,245,0,0,20,"both",0.309988758818787,0.569594468699321
"1793","session1",-10.8451051242655,10.3711581693432,2.45590966286702,0.000505955401279434,-0.0317887642774781,0.5336998734969,0.364096336075643,18,1,100,0.309988758818787,0.569594468699321,18,1.74028383786413,1,-15.76313,245,0,0,20,"both",0.309988758818787,0.569594468699321
"1794","session1",-10.8451051242655,10.3711581693432,2.45590966286702,0.000505955401279434,-0.0317887642774781,0.5336998734969,0.364096336075643,18,1,100,0.309988758818787,0.569594468699321,18,2.21204767253042,0,-9.82184,245,0,0,20,"both",0.309988758818787,0.569594468699321
"1795","session1",-10.8451051242655,10.3711581693432,2.45590966286702,0.000505955401279434,-0.0317887642774781,0.5336998734969,0.364096336075643,18,1,100,0.309988758818787,0.569594468699321,18,1.45365261210132,1,-12.01807,245,0,0,20,"both",0.309988758818787,0.569594468699321
"1796","session1",-10.8451051242655,10.3711581693432,2.45590966286702,0.000505955401279434,-0.0317887642774781,0.5336998734969,0.364096336075643,18,1,100,0.309988758818787,0.569594468699321,18,1.03225063543082,1,-6.52862,245,0,0,20,"both",0.309988758818787,0.569594468699321
"1797","session1",-10.8451051242655,10.3711581693432,2.45590966286702,0.000505955401279434,-0.0317887642774781,0.5336998734969,0.364096336075643,18,1,100,0.309988758818787,0.569594468699321,18,2.11285755946385,0,-23.4494,245,0,0,20,"both",0.309988758818787,0.569594468699321
"1798","session1",-10.8451051242655,10.3711581693432,2.45590966286702,0.000505955401279434,-0.0317887642774781,0.5336998734969,0.364096336075643,18,1,100,0.309988758818787,0.569594468699321,18,1.27411859696061,0,-3.63729,245,0,0,20,"both",0.309988758818787,0.569594468699321
"1799","session1",-10.8451051242655,10.3711581693432,2.45590966286702,0.000505955401279434,-0.0317887642774781,0.5336998734969,0.364096336075643,18,1,100,0.309988758818787,0.569594468699321,18,2.06164564463121,0,-5.47454,245,0,0,20,"both",0.309988758818787,0.569594468699321
"1800","session1",-10.8451051242655,10.3711581693432,2.45590966286702,0.000505955401279434,-0.0317887642774781,0.5336998734969,0.364096336075643,18,1,100,0.309988758818787,0.569594468699321,18,1.33610798918869,1,-7.03534,245,0,0,20,"both",0.309988758818787,0.569594468699321
"1801","session1",-11.7516453586629,9.94830881608684,2.67899234835168,0.000947294953565568,-0.275424274528361,0.621307922895112,0.698122808380993,19,1,100,0.309988758818787,0.569594468699321,19,1.46551541193205,0,-8.73527105071,245,0,0,20,"both",0.309988758818787,0.569594468699321
"1802","session1",-11.7516453586629,9.94830881608684,2.67899234835168,0.000947294953565568,-0.275424274528361,0.621307922895112,0.698122808380993,19,1,100,0.309988758818787,0.569594468699321,19,0.959403854082661,1,7.3467122634,245,0,0,20,"both",0.309988758818787,0.569594468699321
"1803","session1",-11.7516453586629,9.94830881608684,2.67899234835168,0.000947294953565568,-0.275424274528361,0.621307922895112,0.698122808380993,19,1,100,0.309988758818787,0.569594468699321,19,1.64273036914322,1,0.0672666942,245,0,0,20,"both",0.309988758818787,0.569594468699321
"1804","session1",-11.7516453586629,9.94830881608684,2.67899234835168,0.000947294953565568,-0.275424274528361,0.621307922895112,0.698122808380993,19,1,100,0.309988758818787,0.569594468699321,19,2.90242146929939,1,-5.05427854582,245,0,0,20,"both",0.309988758818787,0.569594468699321
"1805","session1",-11.7516453586629,9.94830881608684,2.67899234835168,0.000947294953565568,-0.275424274528361,0.621307922895112,0.698122808380993,19,1,100,0.309988758818787,0.569594468699321,19,1.72032521256607,1,1.20239,245,0,0,20,"both",0.309988758818787,0.569594468699321
"1806","session1",-11.7516453586629,9.94830881608684,2.67899234835168,0.000947294953565568,-0.275424274528361,0.621307922895112,0.698122808380993,19,1,100,0.309988758818787,0.569594468699321,19,1.74685834002406,1,-7.53860049249,245,0,0,20,"both",0.309988758818787,0.569594468699321
"1807","session1",-11.7516453586629,9.94830881608684,2.67899234835168,0.000947294953565568,-0.275424274528361,0.621307922895112,0.698122808380993,19,1,100,0.309988758818787,0.569594468699321,19,1.78379627670762,1,-15.84228,245,0,0,20,"both",0.309988758818787,0.569594468699321
"1808","session1",-11.7516453586629,9.94830881608684,2.67899234835168,0.000947294953565568,-0.275424274528361,0.621307922895112,0.698122808380993,19,1,100,0.309988758818787,0.569594468699321,19,1.27993601252551,0,-9.60135,245,0,0,20,"both",0.309988758818787,0.569594468699321
"1809","session1",-11.7516453586629,9.94830881608684,2.67899234835168,0.000947294953565568,-0.275424274528361,0.621307922895112,0.698122808380993,19,1,100,0.309988758818787,0.569594468699321,19,1.88279225861535,0,-21.78952,245,0,0,20,"both",0.309988758818787,0.569594468699321
"1810","session1",-11.7516453586629,9.94830881608684,2.67899234835168,0.000947294953565568,-0.275424274528361,0.621307922895112,0.698122808380993,19,1,100,0.309988758818787,0.569594468699321,19,1.72589794870936,0,-13.10837,245,0,0,20,"both",0.309988758818787,0.569594468699321
"1811","session1",-11.7516453586629,9.94830881608684,2.67899234835168,0.000947294953565568,-0.275424274528361,0.621307922895112,0.698122808380993,19,1,100,0.309988758818787,0.569594468699321,19,1.5004033594764,1,-5.2899,245,0,0,20,"both",0.309988758818787,0.569594468699321
"1812","session1",-11.7516453586629,9.94830881608684,2.67899234835168,0.000947294953565568,-0.275424274528361,0.621307922895112,0.698122808380993,19,1,100,0.309988758818787,0.569594468699321,19,1.09830823977271,0,-37.2197,245,0,0,20,"both",0.309988758818787,0.569594468699321
"1813","session1",-11.7516453586629,9.94830881608684,2.67899234835168,0.000947294953565568,-0.275424274528361,0.621307922895112,0.698122808380993,19,1,100,0.309988758818787,0.569594468699321,19,2.127944497552,1,-9.82571,245,0,0,20,"both",0.309988758818787,0.569594468699321
"1814","session1",-11.7516453586629,9.94830881608684,2.67899234835168,0.000947294953565568,-0.275424274528361,0.621307922895112,0.698122808380993,19,1,100,0.309988758818787,0.569594468699321,19,1.26078783596667,1,-1.51428,245,0,0,20,"both",0.309988758818787,0.569594468699321
"1815","session1",-11.7516453586629,9.94830881608684,2.67899234835168,0.000947294953565568,-0.275424274528361,0.621307922895112,0.698122808380993,19,1,100,0.309988758818787,0.569594468699321,19,1.13337463327026,1,19.15017,245,0,0,20,"both",0.309988758818787,0.569594468699321
"1816","session1",-11.7516453586629,9.94830881608684,2.67899234835168,0.000947294953565568,-0.275424274528361,0.621307922895112,0.698122808380993,19,1,100,0.309988758818787,0.569594468699321,19,2.18772602929735,0,-19.76652,245,0,0,20,"both",0.309988758818787,0.569594468699321
"1817","session1",-11.7516453586629,9.94830881608684,2.67899234835168,0.000947294953565568,-0.275424274528361,0.621307922895112,0.698122808380993,19,1,100,0.309988758818787,0.569594468699321,19,1.8677386849947,0,-22.13842,245,0,0,20,"both",0.309988758818787,0.569594468699321
"1818","session1",-11.7516453586629,9.94830881608684,2.67899234835168,0.000947294953565568,-0.275424274528361,0.621307922895112,0.698122808380993,19,1,100,0.309988758818787,0.569594468699321,19,1.54350212865414,0,-11.61704446,245,0,0,20,"both",0.309988758818787,0.569594468699321
"1819","session1",-11.7516453586629,9.94830881608684,2.67899234835168,0.000947294953565568,-0.275424274528361,0.621307922895112,0.698122808380993,19,1,100,0.309988758818787,0.569594468699321,19,2.54683614764561,0,-16.115,245,0,0,20,"both",0.309988758818787,0.569594468699321
"1820","session1",-11.7516453586629,9.94830881608684,2.67899234835168,0.000947294953565568,-0.275424274528361,0.621307922895112,0.698122808380993,19,1,100,0.309988758818787,0.569594468699321,19,2.44897709961086,1,-9.68029,245,0,0,20,"both",0.309988758818787,0.569594468699321
"1821","session1",-11.7516453586629,9.94830881608684,2.67899234835168,0.000947294953565568,-0.275424274528361,0.621307922895112,0.698122808380993,19,1,100,0.309988758818787,0.569594468699321,19,1.95263304203043,0,-23.282,245,0,0,20,"both",0.309988758818787,0.569594468699321
"1822","session1",-11.7516453586629,9.94830881608684,2.67899234835168,0.000947294953565568,-0.275424274528361,0.621307922895112,0.698122808380993,19,1,100,0.309988758818787,0.569594468699321,19,3.40591828487661,0,-13.46586,245,0,0,20,"both",0.309988758818787,0.569594468699321
"1823","session1",-11.7516453586629,9.94830881608684,2.67899234835168,0.000947294953565568,-0.275424274528361,0.621307922895112,0.698122808380993,19,1,100,0.309988758818787,0.569594468699321,19,2.66819982664162,0,-14.5006,245,0,0,20,"both",0.309988758818787,0.569594468699321
"1824","session1",-11.7516453586629,9.94830881608684,2.67899234835168,0.000947294953565568,-0.275424274528361,0.621307922895112,0.698122808380993,19,1,100,0.309988758818787,0.569594468699321,19,1.82995864194011,0,-17.22353,245,0,0,20,"both",0.309988758818787,0.569594468699321
"1825","session1",-11.7516453586629,9.94830881608684,2.67899234835168,0.000947294953565568,-0.275424274528361,0.621307922895112,0.698122808380993,19,1,100,0.309988758818787,0.569594468699321,19,1.51428123655159,0,-7.88437,245,0,0,20,"both",0.309988758818787,0.569594468699321
"1826","session1",-11.7516453586629,9.94830881608684,2.67899234835168,0.000947294953565568,-0.275424274528361,0.621307922895112,0.698122808380993,19,1,100,0.309988758818787,0.569594468699321,19,1.60505647180466,1,-15.28732,245,0,0,20,"both",0.309988758818787,0.569594468699321
"1827","session1",-11.7516453586629,9.94830881608684,2.67899234835168,0.000947294953565568,-0.275424274528361,0.621307922895112,0.698122808380993,19,1,100,0.309988758818787,0.569594468699321,19,2.16812984101426,1,-0.428140000000001,245,0,0,20,"both",0.309988758818787,0.569594468699321
"1828","session1",-11.7516453586629,9.94830881608684,2.67899234835168,0.000947294953565568,-0.275424274528361,0.621307922895112,0.698122808380993,19,1,100,0.309988758818787,0.569594468699321,19,1.2729947213335,1,-4.52981,245,0,0,20,"both",0.309988758818787,0.569594468699321
"1829","session1",-11.7516453586629,9.94830881608684,2.67899234835168,0.000947294953565568,-0.275424274528361,0.621307922895112,0.698122808380993,19,1,100,0.309988758818787,0.569594468699321,19,0.948907484669035,1,-5.0016,245,0,0,20,"both",0.309988758818787,0.569594468699321
"1830","session1",-11.7516453586629,9.94830881608684,2.67899234835168,0.000947294953565568,-0.275424274528361,0.621307922895112,0.698122808380993,19,1,100,0.309988758818787,0.569594468699321,19,1.58963167842937,1,-14.29829,245,0,0,20,"both",0.309988758818787,0.569594468699321
"1831","session1",-11.7516453586629,9.94830881608684,2.67899234835168,0.000947294953565568,-0.275424274528361,0.621307922895112,0.698122808380993,19,1,100,0.309988758818787,0.569594468699321,19,1.37207564095092,1,10.5386,245,0,0,20,"both",0.309988758818787,0.569594468699321
"1832","session1",-11.7516453586629,9.94830881608684,2.67899234835168,0.000947294953565568,-0.275424274528361,0.621307922895112,0.698122808380993,19,1,100,0.309988758818787,0.569594468699321,19,1.88855036505359,0,-2.93338,245,0,0,20,"both",0.309988758818787,0.569594468699321
"1833","session1",-11.7516453586629,9.94830881608684,2.67899234835168,0.000947294953565568,-0.275424274528361,0.621307922895112,0.698122808380993,19,1,100,0.309988758818787,0.569594468699321,19,1.36986417419505,1,-10.17316,245,0,0,20,"both",0.309988758818787,0.569594468699321
"1834","session1",-11.7516453586629,9.94830881608684,2.67899234835168,0.000947294953565568,-0.275424274528361,0.621307922895112,0.698122808380993,19,1,100,0.309988758818787,0.569594468699321,19,1.4589621991466,0,-22.67385,245,0,0,20,"both",0.309988758818787,0.569594468699321
"1835","session1",-11.7516453586629,9.94830881608684,2.67899234835168,0.000947294953565568,-0.275424274528361,0.621307922895112,0.698122808380993,19,1,100,0.309988758818787,0.569594468699321,19,1.57610401712635,0,-23.94227,245,0,0,20,"both",0.309988758818787,0.569594468699321
"1836","session1",-11.7516453586629,9.94830881608684,2.67899234835168,0.000947294953565568,-0.275424274528361,0.621307922895112,0.698122808380993,19,1,100,0.309988758818787,0.569594468699321,19,1.55074153268343,1,-16.54989,245,0,0,20,"both",0.309988758818787,0.569594468699321
"1837","session1",-11.7516453586629,9.94830881608684,2.67899234835168,0.000947294953565568,-0.275424274528361,0.621307922895112,0.698122808380993,19,1,100,0.309988758818787,0.569594468699321,19,2.11991092796299,0,-12.07217,245,0,0,20,"both",0.309988758818787,0.569594468699321
"1838","session1",-11.7516453586629,9.94830881608684,2.67899234835168,0.000947294953565568,-0.275424274528361,0.621307922895112,0.698122808380993,19,1,100,0.309988758818787,0.569594468699321,19,1.47524290054151,1,-12.99675,245,0,0,20,"both",0.309988758818787,0.569594468699321
"1839","session1",-11.7516453586629,9.94830881608684,2.67899234835168,0.000947294953565568,-0.275424274528361,0.621307922895112,0.698122808380993,19,1,100,0.309988758818787,0.569594468699321,19,2.22394622193394,1,-4.92917,245,0,0,20,"both",0.309988758818787,0.569594468699321
"1840","session1",-11.7516453586629,9.94830881608684,2.67899234835168,0.000947294953565568,-0.275424274528361,0.621307922895112,0.698122808380993,19,1,100,0.309988758818787,0.569594468699321,19,3.7533154374767,0,-20.14135,245,0,0,20,"both",0.309988758818787,0.569594468699321
"1841","session1",-11.7516453586629,9.94830881608684,2.67899234835168,0.000947294953565568,-0.275424274528361,0.621307922895112,0.698122808380993,19,1,100,0.309988758818787,0.569594468699321,19,1.0876710863493,0,-16.95723,245,0,0,20,"both",0.309988758818787,0.569594468699321
"1842","session1",-11.7516453586629,9.94830881608684,2.67899234835168,0.000947294953565568,-0.275424274528361,0.621307922895112,0.698122808380993,19,1,100,0.309988758818787,0.569594468699321,19,2.83911779657498,1,-5.22661,245,0,0,20,"both",0.309988758818787,0.569594468699321
"1843","session1",-11.7516453586629,9.94830881608684,2.67899234835168,0.000947294953565568,-0.275424274528361,0.621307922895112,0.698122808380993,19,1,100,0.309988758818787,0.569594468699321,19,1.49139245043854,0,-26.2716,245,0,0,20,"both",0.309988758818787,0.569594468699321
"1844","session1",-11.7516453586629,9.94830881608684,2.67899234835168,0.000947294953565568,-0.275424274528361,0.621307922895112,0.698122808380993,19,1,100,0.309988758818787,0.569594468699321,19,5.26810052495543,0,-21.03113,245,0,0,20,"both",0.309988758818787,0.569594468699321
"1845","session1",-11.7516453586629,9.94830881608684,2.67899234835168,0.000947294953565568,-0.275424274528361,0.621307922895112,0.698122808380993,19,1,100,0.309988758818787,0.569594468699321,19,1.93533007534306,0,-15.21562,245,0,0,20,"both",0.309988758818787,0.569594468699321
"1846","session1",-11.7516453586629,9.94830881608684,2.67899234835168,0.000947294953565568,-0.275424274528361,0.621307922895112,0.698122808380993,19,1,100,0.309988758818787,0.569594468699321,19,1.69325452309941,0,-27.7609,245,0,0,20,"both",0.309988758818787,0.569594468699321
"1847","session1",-11.7516453586629,9.94830881608684,2.67899234835168,0.000947294953565568,-0.275424274528361,0.621307922895112,0.698122808380993,19,1,100,0.309988758818787,0.569594468699321,19,1.22908668425896,1,1.4005,245,0,0,20,"both",0.309988758818787,0.569594468699321
"1848","session1",-11.7516453586629,9.94830881608684,2.67899234835168,0.000947294953565568,-0.275424274528361,0.621307922895112,0.698122808380993,19,1,100,0.309988758818787,0.569594468699321,19,3.72637026819561,0,-16.33796,245,0,0,20,"both",0.309988758818787,0.569594468699321
"1849","session1",-11.7516453586629,9.94830881608684,2.67899234835168,0.000947294953565568,-0.275424274528361,0.621307922895112,0.698122808380993,19,1,100,0.309988758818787,0.569594468699321,19,1.21031144921068,1,-5.34629,245,0,0,20,"both",0.309988758818787,0.569594468699321
"1850","session1",-11.7516453586629,9.94830881608684,2.67899234835168,0.000947294953565568,-0.275424274528361,0.621307922895112,0.698122808380993,19,1,100,0.309988758818787,0.569594468699321,19,1.64613388624285,0,-9.78871,245,0,0,20,"both",0.309988758818787,0.569594468699321
"1851","session1",-11.7516453586629,9.94830881608684,2.67899234835168,0.000947294953565568,-0.275424274528361,0.621307922895112,0.698122808380993,19,1,100,0.309988758818787,0.569594468699321,19,1.23998680430057,1,-3.91084,245,0,0,20,"both",0.309988758818787,0.569594468699321
"1852","session1",-11.7516453586629,9.94830881608684,2.67899234835168,0.000947294953565568,-0.275424274528361,0.621307922895112,0.698122808380993,19,1,100,0.309988758818787,0.569594468699321,19,4.08776467280534,0,-18.07054,245,0,0,20,"both",0.309988758818787,0.569594468699321
"1853","session1",-11.7516453586629,9.94830881608684,2.67899234835168,0.000947294953565568,-0.275424274528361,0.621307922895112,0.698122808380993,19,1,100,0.309988758818787,0.569594468699321,19,3.00633504640305,1,-17.95168,245,0,0,20,"both",0.309988758818787,0.569594468699321
"1854","session1",-11.7516453586629,9.94830881608684,2.67899234835168,0.000947294953565568,-0.275424274528361,0.621307922895112,0.698122808380993,19,1,100,0.309988758818787,0.569594468699321,19,2.7211555571027,0,-3.81863,245,0,0,20,"both",0.309988758818787,0.569594468699321
"1855","session1",-11.7516453586629,9.94830881608684,2.67899234835168,0.000947294953565568,-0.275424274528361,0.621307922895112,0.698122808380993,19,1,100,0.309988758818787,0.569594468699321,19,4.60375817359642,0,-15.48984,245,0,0,20,"both",0.309988758818787,0.569594468699321
"1856","session1",-11.7516453586629,9.94830881608684,2.67899234835168,0.000947294953565568,-0.275424274528361,0.621307922895112,0.698122808380993,19,1,100,0.309988758818787,0.569594468699321,19,1.55412290019191,1,-0.6912,245,0,0,20,"both",0.309988758818787,0.569594468699321
"1857","session1",-11.7516453586629,9.94830881608684,2.67899234835168,0.000947294953565568,-0.275424274528361,0.621307922895112,0.698122808380993,19,1,100,0.309988758818787,0.569594468699321,19,1.67107448892533,1,7.10625,245,0,0,20,"both",0.309988758818787,0.569594468699321
"1858","session1",-11.7516453586629,9.94830881608684,2.67899234835168,0.000947294953565568,-0.275424274528361,0.621307922895112,0.698122808380993,19,1,100,0.309988758818787,0.569594468699321,19,1.37618171418241,1,-3.99381,245,0,0,20,"both",0.309988758818787,0.569594468699321
"1859","session1",-11.7516453586629,9.94830881608684,2.67899234835168,0.000947294953565568,-0.275424274528361,0.621307922895112,0.698122808380993,19,1,100,0.309988758818787,0.569594468699321,19,3.29268550470842,0,-17.09158,245,0,0,20,"both",0.309988758818787,0.569594468699321
"1860","session1",-11.7516453586629,9.94830881608684,2.67899234835168,0.000947294953565568,-0.275424274528361,0.621307922895112,0.698122808380993,19,1,100,0.309988758818787,0.569594468699321,19,1.24152726508329,1,-5.6717,245,0,0,20,"both",0.309988758818787,0.569594468699321
"1861","session1",-11.7516453586629,9.94830881608684,2.67899234835168,0.000947294953565568,-0.275424274528361,0.621307922895112,0.698122808380993,19,1,100,0.309988758818787,0.569594468699321,19,2.39269103748076,0,-17.50122,245,0,0,20,"both",0.309988758818787,0.569594468699321
"1862","session1",-11.7516453586629,9.94830881608684,2.67899234835168,0.000947294953565568,-0.275424274528361,0.621307922895112,0.698122808380993,19,1,100,0.309988758818787,0.569594468699321,19,1.88743778150353,1,-4.59883,245,0,0,20,"both",0.309988758818787,0.569594468699321
"1863","session1",-11.7516453586629,9.94830881608684,2.67899234835168,0.000947294953565568,-0.275424274528361,0.621307922895112,0.698122808380993,19,1,100,0.309988758818787,0.569594468699321,19,2.94003533650042,0,-15.05429,245,0,0,20,"both",0.309988758818787,0.569594468699321
"1864","session1",-11.7516453586629,9.94830881608684,2.67899234835168,0.000947294953565568,-0.275424274528361,0.621307922895112,0.698122808380993,19,1,100,0.309988758818787,0.569594468699321,19,2.30295534552266,0,-4.95712,245,0,0,20,"both",0.309988758818787,0.569594468699321
"1865","session1",-11.7516453586629,9.94830881608684,2.67899234835168,0.000947294953565568,-0.275424274528361,0.621307922895112,0.698122808380993,19,1,100,0.309988758818787,0.569594468699321,19,1.64659953493762,0,-1.53962,245,0,0,20,"both",0.309988758818787,0.569594468699321
"1866","session1",-11.7516453586629,9.94830881608684,2.67899234835168,0.000947294953565568,-0.275424274528361,0.621307922895112,0.698122808380993,19,1,100,0.309988758818787,0.569594468699321,19,1.1740715254731,1,1.71417,245,0,0,20,"both",0.309988758818787,0.569594468699321
"1867","session1",-11.7516453586629,9.94830881608684,2.67899234835168,0.000947294953565568,-0.275424274528361,0.621307922895112,0.698122808380993,19,1,100,0.309988758818787,0.569594468699321,19,1.38383199574348,1,-3.76541,245,0,0,20,"both",0.309988758818787,0.569594468699321
"1868","session1",-11.7516453586629,9.94830881608684,2.67899234835168,0.000947294953565568,-0.275424274528361,0.621307922895112,0.698122808380993,19,1,100,0.309988758818787,0.569594468699321,19,1.42079246492104,0,-15.86169,245,0,0,20,"both",0.309988758818787,0.569594468699321
"1869","session1",-11.7516453586629,9.94830881608684,2.67899234835168,0.000947294953565568,-0.275424274528361,0.621307922895112,0.698122808380993,19,1,100,0.309988758818787,0.569594468699321,19,2.08018397258012,0,-14.75971,245,0,0,20,"both",0.309988758818787,0.569594468699321
"1870","session1",-11.7516453586629,9.94830881608684,2.67899234835168,0.000947294953565568,-0.275424274528361,0.621307922895112,0.698122808380993,19,1,100,0.309988758818787,0.569594468699321,19,1.64442675382608,1,-18.40921,245,0,0,20,"both",0.309988758818787,0.569594468699321
"1871","session1",-11.7516453586629,9.94830881608684,2.67899234835168,0.000947294953565568,-0.275424274528361,0.621307922895112,0.698122808380993,19,1,100,0.309988758818787,0.569594468699321,19,4.58754812951501,1,-0.11364,245,0,0,20,"both",0.309988758818787,0.569594468699321
"1872","session1",-11.7516453586629,9.94830881608684,2.67899234835168,0.000947294953565568,-0.275424274528361,0.621307922895112,0.698122808380993,19,1,100,0.309988758818787,0.569594468699321,19,1.95919307471647,1,-2.75055,245,0,0,20,"both",0.309988758818787,0.569594468699321
"1873","session1",-11.7516453586629,9.94830881608684,2.67899234835168,0.000947294953565568,-0.275424274528361,0.621307922895112,0.698122808380993,19,1,100,0.309988758818787,0.569594468699321,19,1.16292301963632,1,-3.45148,245,0,0,20,"both",0.309988758818787,0.569594468699321
"1874","session1",-11.7516453586629,9.94830881608684,2.67899234835168,0.000947294953565568,-0.275424274528361,0.621307922895112,0.698122808380993,19,1,100,0.309988758818787,0.569594468699321,19,3.32560087501541,1,-3.33067,245,0,0,20,"both",0.309988758818787,0.569594468699321
"1875","session1",-11.7516453586629,9.94830881608684,2.67899234835168,0.000947294953565568,-0.275424274528361,0.621307922895112,0.698122808380993,19,1,100,0.309988758818787,0.569594468699321,19,1.2751492755076,0,-3.96672,245,0,0,20,"both",0.309988758818787,0.569594468699321
"1876","session1",-11.7516453586629,9.94830881608684,2.67899234835168,0.000947294953565568,-0.275424274528361,0.621307922895112,0.698122808380993,19,1,100,0.309988758818787,0.569594468699321,19,1.55165376713288,1,-2.58716,245,0,0,20,"both",0.309988758818787,0.569594468699321
"1877","session1",-11.7516453586629,9.94830881608684,2.67899234835168,0.000947294953565568,-0.275424274528361,0.621307922895112,0.698122808380993,19,1,100,0.309988758818787,0.569594468699321,19,1.21994508782489,1,-3.39861,245,0,0,20,"both",0.309988758818787,0.569594468699321
"1878","session1",-11.7516453586629,9.94830881608684,2.67899234835168,0.000947294953565568,-0.275424274528361,0.621307922895112,0.698122808380993,19,1,100,0.309988758818787,0.569594468699321,19,2.35614162060162,0,-18.92139,245,0,0,20,"both",0.309988758818787,0.569594468699321
"1879","session1",-11.7516453586629,9.94830881608684,2.67899234835168,0.000947294953565568,-0.275424274528361,0.621307922895112,0.698122808380993,19,1,100,0.309988758818787,0.569594468699321,19,2.68929163072615,1,-13.19187,245,0,0,20,"both",0.309988758818787,0.569594468699321
"1880","session1",-11.7516453586629,9.94830881608684,2.67899234835168,0.000947294953565568,-0.275424274528361,0.621307922895112,0.698122808380993,19,1,100,0.309988758818787,0.569594468699321,19,4.21976846797157,1,-3.08689,245,0,0,20,"both",0.309988758818787,0.569594468699321
"1881","session1",-11.7516453586629,9.94830881608684,2.67899234835168,0.000947294953565568,-0.275424274528361,0.621307922895112,0.698122808380993,19,1,100,0.309988758818787,0.569594468699321,19,1.2515297688451,1,-3.46969,245,0,0,20,"both",0.309988758818787,0.569594468699321
"1882","session1",-11.7516453586629,9.94830881608684,2.67899234835168,0.000947294953565568,-0.275424274528361,0.621307922895112,0.698122808380993,19,1,100,0.309988758818787,0.569594468699321,19,1.51670371833545,0,-23.02027,245,0,0,20,"both",0.309988758818787,0.569594468699321
"1883","session1",-11.7516453586629,9.94830881608684,2.67899234835168,0.000947294953565568,-0.275424274528361,0.621307922895112,0.698122808380993,19,1,100,0.309988758818787,0.569594468699321,19,2.32987132526511,1,3.64101,245,0,0,20,"both",0.309988758818787,0.569594468699321
"1884","session1",-11.7516453586629,9.94830881608684,2.67899234835168,0.000947294953565568,-0.275424274528361,0.621307922895112,0.698122808380993,19,1,100,0.309988758818787,0.569594468699321,19,2.7246030925554,0,-18.83777,245,0,0,20,"both",0.309988758818787,0.569594468699321
"1885","session1",-11.7516453586629,9.94830881608684,2.67899234835168,0.000947294953565568,-0.275424274528361,0.621307922895112,0.698122808380993,19,1,100,0.309988758818787,0.569594468699321,19,1.23423889756613,0,-19.06238,245,0,0,20,"both",0.309988758818787,0.569594468699321
"1886","session1",-11.7516453586629,9.94830881608684,2.67899234835168,0.000947294953565568,-0.275424274528361,0.621307922895112,0.698122808380993,19,1,100,0.309988758818787,0.569594468699321,19,2.12737228863993,1,-18.4584,245,0,0,20,"both",0.309988758818787,0.569594468699321
"1887","session1",-11.7516453586629,9.94830881608684,2.67899234835168,0.000947294953565568,-0.275424274528361,0.621307922895112,0.698122808380993,19,1,100,0.309988758818787,0.569594468699321,19,1.79907295479946,1,-15.06799,245,0,0,20,"both",0.309988758818787,0.569594468699321
"1888","session1",-11.7516453586629,9.94830881608684,2.67899234835168,0.000947294953565568,-0.275424274528361,0.621307922895112,0.698122808380993,19,1,100,0.309988758818787,0.569594468699321,19,1.02643725311648,0,-1.42823,245,0,0,20,"both",0.309988758818787,0.569594468699321
"1889","session1",-11.7516453586629,9.94830881608684,2.67899234835168,0.000947294953565568,-0.275424274528361,0.621307922895112,0.698122808380993,19,1,100,0.309988758818787,0.569594468699321,19,1.795297539679,0,-21.32005,245,0,0,20,"both",0.309988758818787,0.569594468699321
"1890","session1",-11.7516453586629,9.94830881608684,2.67899234835168,0.000947294953565568,-0.275424274528361,0.621307922895112,0.698122808380993,19,1,100,0.309988758818787,0.569594468699321,19,3.06095471483772,0,-19.5173,245,0,0,20,"both",0.309988758818787,0.569594468699321
"1891","session1",-11.7516453586629,9.94830881608684,2.67899234835168,0.000947294953565568,-0.275424274528361,0.621307922895112,0.698122808380993,19,1,100,0.309988758818787,0.569594468699321,19,2.23609316653709,1,-4.19322,245,0,0,20,"both",0.309988758818787,0.569594468699321
"1892","session1",-11.7516453586629,9.94830881608684,2.67899234835168,0.000947294953565568,-0.275424274528361,0.621307922895112,0.698122808380993,19,1,100,0.309988758818787,0.569594468699321,19,1.71898824064777,0,-24.61928,245,0,0,20,"both",0.309988758818787,0.569594468699321
"1893","session1",-11.7516453586629,9.94830881608684,2.67899234835168,0.000947294953565568,-0.275424274528361,0.621307922895112,0.698122808380993,19,1,100,0.309988758818787,0.569594468699321,19,2.54774610937908,0,-22.3786,245,0,0,20,"both",0.309988758818787,0.569594468699321
"1894","session1",-11.7516453586629,9.94830881608684,2.67899234835168,0.000947294953565568,-0.275424274528361,0.621307922895112,0.698122808380993,19,1,100,0.309988758818787,0.569594468699321,19,1.45563093819022,1,-2.92394,245,0,0,20,"both",0.309988758818787,0.569594468699321
"1895","session1",-11.7516453586629,9.94830881608684,2.67899234835168,0.000947294953565568,-0.275424274528361,0.621307922895112,0.698122808380993,19,1,100,0.309988758818787,0.569594468699321,19,1.61934728535111,0,-19.45251,245,0,0,20,"both",0.309988758818787,0.569594468699321
"1896","session1",-11.7516453586629,9.94830881608684,2.67899234835168,0.000947294953565568,-0.275424274528361,0.621307922895112,0.698122808380993,19,1,100,0.309988758818787,0.569594468699321,19,2.03689513531019,1,-3.35305,245,0,0,20,"both",0.309988758818787,0.569594468699321
"1897","session1",-11.7516453586629,9.94830881608684,2.67899234835168,0.000947294953565568,-0.275424274528361,0.621307922895112,0.698122808380993,19,1,100,0.309988758818787,0.569594468699321,19,1.08726926257863,1,-3.2823,245,0,0,20,"both",0.309988758818787,0.569594468699321
"1898","session1",-11.7516453586629,9.94830881608684,2.67899234835168,0.000947294953565568,-0.275424274528361,0.621307922895112,0.698122808380993,19,1,100,0.309988758818787,0.569594468699321,19,1.53970586948504,1,-16.81978,245,0,0,20,"both",0.309988758818787,0.569594468699321
"1899","session1",-11.7516453586629,9.94830881608684,2.67899234835168,0.000947294953565568,-0.275424274528361,0.621307922895112,0.698122808380993,19,1,100,0.309988758818787,0.569594468699321,19,1.37727220790078,1,-19.21574,245,0,0,20,"both",0.309988758818787,0.569594468699321
"1900","session1",-11.7516453586629,9.94830881608684,2.67899234835168,0.000947294953565568,-0.275424274528361,0.621307922895112,0.698122808380993,19,1,100,0.309988758818787,0.569594468699321,19,1.71453870480291,0,-18.99639,245,0,0,20,"both",0.309988758818787,0.569594468699321
"1901","session1",2.68896301423704,10.403598850329,1.84141227724955,0.000230875099581243,0.513372636409531,0.476658323996335,0.339924215939411,20,1,100,0.309988758818787,0.569594468699321,20,1.81253913506116,0,-11.0120457238,245,0,0,20,"both",0.309988758818787,0.569594468699321
"1902","session1",2.68896301423704,10.403598850329,1.84141227724955,0.000230875099581243,0.513372636409531,0.476658323996335,0.339924215939411,20,1,100,0.309988758818787,0.569594468699321,20,2.54823372921905,0,7.6359298201,245,0,0,20,"both",0.309988758818787,0.569594468699321
"1903","session1",2.68896301423704,10.403598850329,1.84141227724955,0.000230875099581243,0.513372636409531,0.476658323996335,0.339924215939411,20,1,100,0.309988758818787,0.569594468699321,20,3.53490932402292,1,13.1141833614,245,0,0,20,"both",0.309988758818787,0.569594468699321
"1904","session1",2.68896301423704,10.403598850329,1.84141227724955,0.000230875099581243,0.513372636409531,0.476658323996335,0.339924215939411,20,1,100,0.309988758818787,0.569594468699321,20,1.33983414045216,1,9.6173881352,245,0,0,20,"both",0.309988758818787,0.569594468699321
"1905","session1",2.68896301423704,10.403598850329,1.84141227724955,0.000230875099581243,0.513372636409531,0.476658323996335,0.339924215939411,20,1,100,0.309988758818787,0.569594468699321,20,2.50807587230734,1,14.42679,245,0,0,20,"both",0.309988758818787,0.569594468699321
"1906","session1",2.68896301423704,10.403598850329,1.84141227724955,0.000230875099581243,0.513372636409531,0.476658323996335,0.339924215939411,20,1,100,0.309988758818787,0.569594468699321,20,1.47061867475918,0,-12.94772,245,0,0,20,"both",0.309988758818787,0.569594468699321
"1907","session1",2.68896301423704,10.403598850329,1.84141227724955,0.000230875099581243,0.513372636409531,0.476658323996335,0.339924215939411,20,1,100,0.309988758818787,0.569594468699321,20,1.45299673600124,1,10.32289,245,0,0,20,"both",0.309988758818787,0.569594468699321
"1908","session1",2.68896301423704,10.403598850329,1.84141227724955,0.000230875099581243,0.513372636409531,0.476658323996335,0.339924215939411,20,1,100,0.309988758818787,0.569594468699321,20,2.67206706728514,0,5.30043,245,0,0,20,"both",0.309988758818787,0.569594468699321
"1909","session1",2.68896301423704,10.403598850329,1.84141227724955,0.000230875099581243,0.513372636409531,0.476658323996335,0.339924215939411,20,1,100,0.309988758818787,0.569594468699321,20,5.6314999246587,0,11.46118,245,0,0,20,"both",0.309988758818787,0.569594468699321
"1910","session1",2.68896301423704,10.403598850329,1.84141227724955,0.000230875099581243,0.513372636409531,0.476658323996335,0.339924215939411,20,1,100,0.309988758818787,0.569594468699321,20,1.54062678120018,1,15.44405,245,0,0,20,"both",0.309988758818787,0.569594468699321
"1911","session1",2.68896301423704,10.403598850329,1.84141227724955,0.000230875099581243,0.513372636409531,0.476658323996335,0.339924215939411,20,1,100,0.309988758818787,0.569594468699321,20,2.48101355804138,1,4.95748,245,0,0,20,"both",0.309988758818787,0.569594468699321
"1912","session1",2.68896301423704,10.403598850329,1.84141227724955,0.000230875099581243,0.513372636409531,0.476658323996335,0.339924215939411,20,1,100,0.309988758818787,0.569594468699321,20,1.35347058199075,1,15.8483,245,0,0,20,"both",0.309988758818787,0.569594468699321
"1913","session1",2.68896301423704,10.403598850329,1.84141227724955,0.000230875099581243,0.513372636409531,0.476658323996335,0.339924215939411,20,1,100,0.309988758818787,0.569594468699321,20,3.08280954605438,1,39.74519,245,0,0,20,"both",0.309988758818787,0.569594468699321
"1914","session1",2.68896301423704,10.403598850329,1.84141227724955,0.000230875099581243,0.513372636409531,0.476658323996335,0.339924215939411,20,1,100,0.309988758818787,0.569594468699321,20,1.78239790578578,0,-17.10887,245,0,0,20,"both",0.309988758818787,0.569594468699321
"1915","session1",2.68896301423704,10.403598850329,1.84141227724955,0.000230875099581243,0.513372636409531,0.476658323996335,0.339924215939411,20,1,100,0.309988758818787,0.569594468699321,20,4.47061686921479,1,7.6723,245,0,0,20,"both",0.309988758818787,0.569594468699321
"1916","session1",2.68896301423704,10.403598850329,1.84141227724955,0.000230875099581243,0.513372636409531,0.476658323996335,0.339924215939411,20,1,100,0.309988758818787,0.569594468699321,20,3.34376583338405,0,1.59696,245,0,0,20,"both",0.309988758818787,0.569594468699321
"1917","session1",2.68896301423704,10.403598850329,1.84141227724955,0.000230875099581243,0.513372636409531,0.476658323996335,0.339924215939411,20,1,100,0.309988758818787,0.569594468699321,20,6.30738234108988,1,9.6532,245,0,0,20,"both",0.309988758818787,0.569594468699321
"1918","session1",2.68896301423704,10.403598850329,1.84141227724955,0.000230875099581243,0.513372636409531,0.476658323996335,0.339924215939411,20,1,100,0.309988758818787,0.569594468699321,20,1.94910817010558,0,-2.65911,245,0,0,20,"both",0.309988758818787,0.569594468699321
"1919","session1",2.68896301423704,10.403598850329,1.84141227724955,0.000230875099581243,0.513372636409531,0.476658323996335,0.339924215939411,20,1,100,0.309988758818787,0.569594468699321,20,2.98072113590423,1,7.77704,245,0,0,20,"both",0.309988758818787,0.569594468699321
"1920","session1",2.68896301423704,10.403598850329,1.84141227724955,0.000230875099581243,0.513372636409531,0.476658323996335,0.339924215939411,20,1,100,0.309988758818787,0.569594468699321,20,5.00015852429055,0,4.84935,245,0,0,20,"both",0.309988758818787,0.569594468699321
"1921","session1",2.68896301423704,10.403598850329,1.84141227724955,0.000230875099581243,0.513372636409531,0.476658323996335,0.339924215939411,20,1,100,0.309988758818787,0.569594468699321,20,3.7998640286017,1,7.16404,245,0,0,20,"both",0.309988758818787,0.569594468699321
"1922","session1",2.68896301423704,10.403598850329,1.84141227724955,0.000230875099581243,0.513372636409531,0.476658323996335,0.339924215939411,20,1,100,0.309988758818787,0.569594468699321,20,1.43711609919789,0,10.68202,245,0,0,20,"both",0.309988758818787,0.569594468699321
"1923","session1",2.68896301423704,10.403598850329,1.84141227724955,0.000230875099581243,0.513372636409531,0.476658323996335,0.339924215939411,20,1,100,0.309988758818787,0.569594468699321,20,3.04152309576432,1,7.38672,245,0,0,20,"both",0.309988758818787,0.569594468699321
"1924","session1",2.68896301423704,10.403598850329,1.84141227724955,0.000230875099581243,0.513372636409531,0.476658323996335,0.339924215939411,20,1,100,0.309988758818787,0.569594468699321,20,2.20559150390995,1,-2.1752,245,0,0,20,"both",0.309988758818787,0.569594468699321
"1925","session1",2.68896301423704,10.403598850329,1.84141227724955,0.000230875099581243,0.513372636409531,0.476658323996335,0.339924215939411,20,1,100,0.309988758818787,0.569594468699321,20,3.546196128957,1,8.940226,245,0,0,20,"both",0.309988758818787,0.569594468699321
"1926","session1",2.68896301423704,10.403598850329,1.84141227724955,0.000230875099581243,0.513372636409531,0.476658323996335,0.339924215939411,20,1,100,0.309988758818787,0.569594468699321,20,1.40486376118585,0,5.580254,245,0,0,20,"both",0.309988758818787,0.569594468699321
"1927","session1",2.68896301423704,10.403598850329,1.84141227724955,0.000230875099581243,0.513372636409531,0.476658323996335,0.339924215939411,20,1,100,0.309988758818787,0.569594468699321,20,4.60561094129332,1,7.32823,245,0,0,20,"both",0.309988758818787,0.569594468699321
"1928","session1",2.68896301423704,10.403598850329,1.84141227724955,0.000230875099581243,0.513372636409531,0.476658323996335,0.339924215939411,20,1,100,0.309988758818787,0.569594468699321,20,1.89972572001727,0,-16.816839,245,0,0,20,"both",0.309988758818787,0.569594468699321
"1929","session1",2.68896301423704,10.403598850329,1.84141227724955,0.000230875099581243,0.513372636409531,0.476658323996335,0.339924215939411,20,1,100,0.309988758818787,0.569594468699321,20,3.47654519697135,1,15.57284,245,0,0,20,"both",0.309988758818787,0.569594468699321
"1930","session1",2.68896301423704,10.403598850329,1.84141227724955,0.000230875099581243,0.513372636409531,0.476658323996335,0.339924215939411,20,1,100,0.309988758818787,0.569594468699321,20,1.56590414882445,1,11.87463,245,0,0,20,"both",0.309988758818787,0.569594468699321
"1931","session1",2.68896301423704,10.403598850329,1.84141227724955,0.000230875099581243,0.513372636409531,0.476658323996335,0.339924215939411,20,1,100,0.309988758818787,0.569594468699321,20,2.16265813318951,0,7.612007,245,0,0,20,"both",0.309988758818787,0.569594468699321
"1932","session1",2.68896301423704,10.403598850329,1.84141227724955,0.000230875099581243,0.513372636409531,0.476658323996335,0.339924215939411,20,1,100,0.309988758818787,0.569594468699321,20,4.49112082568851,0,-4.75839,245,0,0,20,"both",0.309988758818787,0.569594468699321
"1933","session1",2.68896301423704,10.403598850329,1.84141227724955,0.000230875099581243,0.513372636409531,0.476658323996335,0.339924215939411,20,1,100,0.309988758818787,0.569594468699321,20,1.14457063394076,0,1.42348,245,0,0,20,"both",0.309988758818787,0.569594468699321
"1934","session1",2.68896301423704,10.403598850329,1.84141227724955,0.000230875099581243,0.513372636409531,0.476658323996335,0.339924215939411,20,1,100,0.309988758818787,0.569594468699321,20,1.8883098065328,0,9.81494,245,0,0,20,"both",0.309988758818787,0.569594468699321
"1935","session1",2.68896301423704,10.403598850329,1.84141227724955,0.000230875099581243,0.513372636409531,0.476658323996335,0.339924215939411,20,1,100,0.309988758818787,0.569594468699321,20,2.27961040294757,0,-3.95082,245,0,0,20,"both",0.309988758818787,0.569594468699321
"1936","session1",2.68896301423704,10.403598850329,1.84141227724955,0.000230875099581243,0.513372636409531,0.476658323996335,0.339924215939411,20,1,100,0.309988758818787,0.569594468699321,20,2.06487236994187,1,5.5699,245,0,0,20,"both",0.309988758818787,0.569594468699321
"1937","session1",2.68896301423704,10.403598850329,1.84141227724955,0.000230875099581243,0.513372636409531,0.476658323996335,0.339924215939411,20,1,100,0.309988758818787,0.569594468699321,20,2.87944615624326,1,-0.11881,245,0,0,20,"both",0.309988758818787,0.569594468699321
"1938","session1",2.68896301423704,10.403598850329,1.84141227724955,0.000230875099581243,0.513372636409531,0.476658323996335,0.339924215939411,20,1,100,0.309988758818787,0.569594468699321,20,6.07799182904389,0,7.19261,245,0,0,20,"both",0.309988758818787,0.569594468699321
"1939","session1",2.68896301423704,10.403598850329,1.84141227724955,0.000230875099581243,0.513372636409531,0.476658323996335,0.339924215939411,20,1,100,0.309988758818787,0.569594468699321,20,3.9350805002529,1,0.304410000000001,245,0,0,20,"both",0.309988758818787,0.569594468699321
"1940","session1",2.68896301423704,10.403598850329,1.84141227724955,0.000230875099581243,0.513372636409531,0.476658323996335,0.339924215939411,20,1,100,0.309988758818787,0.569594468699321,20,2.04454979851672,1,1.31758,245,0,0,20,"both",0.309988758818787,0.569594468699321
"1941","session1",2.68896301423704,10.403598850329,1.84141227724955,0.000230875099581243,0.513372636409531,0.476658323996335,0.339924215939411,20,1,100,0.309988758818787,0.569594468699321,20,4.03526355975901,0,14.28607,245,0,0,20,"both",0.309988758818787,0.569594468699321
"1942","session1",2.68896301423704,10.403598850329,1.84141227724955,0.000230875099581243,0.513372636409531,0.476658323996335,0.339924215939411,20,1,100,0.309988758818787,0.569594468699321,20,2.85031553440834,1,8.45719,245,0,0,20,"both",0.309988758818787,0.569594468699321
"1943","session1",2.68896301423704,10.403598850329,1.84141227724955,0.000230875099581243,0.513372636409531,0.476658323996335,0.339924215939411,20,1,100,0.309988758818787,0.569594468699321,20,1.29310219312145,0,-10.51788,245,0,0,20,"both",0.309988758818787,0.569594468699321
"1944","session1",2.68896301423704,10.403598850329,1.84141227724955,0.000230875099581243,0.513372636409531,0.476658323996335,0.339924215939411,20,1,100,0.309988758818787,0.569594468699321,20,1.98199277320007,1,22.56359,245,0,0,20,"both",0.309988758818787,0.569594468699321
"1945","session1",2.68896301423704,10.403598850329,1.84141227724955,0.000230875099581243,0.513372636409531,0.476658323996335,0.339924215939411,20,1,100,0.309988758818787,0.569594468699321,20,2.51519291434677,1,10.9095,245,0,0,20,"both",0.309988758818787,0.569594468699321
"1946","session1",2.68896301423704,10.403598850329,1.84141227724955,0.000230875099581243,0.513372636409531,0.476658323996335,0.339924215939411,20,1,100,0.309988758818787,0.569594468699321,20,1.20855819558094,1,13.232883,245,0,0,20,"both",0.309988758818787,0.569594468699321
"1947","session1",2.68896301423704,10.403598850329,1.84141227724955,0.000230875099581243,0.513372636409531,0.476658323996335,0.339924215939411,20,1,100,0.309988758818787,0.569594468699321,20,2.34621521904399,1,22.466966,245,0,0,20,"both",0.309988758818787,0.569594468699321
"1948","session1",2.68896301423704,10.403598850329,1.84141227724955,0.000230875099581243,0.513372636409531,0.476658323996335,0.339924215939411,20,1,100,0.309988758818787,0.569594468699321,20,3.24894918003978,0,-14.52845,245,0,0,20,"both",0.309988758818787,0.569594468699321
"1949","session1",2.68896301423704,10.403598850329,1.84141227724955,0.000230875099581243,0.513372636409531,0.476658323996335,0.339924215939411,20,1,100,0.309988758818787,0.569594468699321,20,1.43870786347009,1,29.07178,245,0,0,20,"both",0.309988758818787,0.569594468699321
"1950","session1",2.68896301423704,10.403598850329,1.84141227724955,0.000230875099581243,0.513372636409531,0.476658323996335,0.339924215939411,20,1,100,0.309988758818787,0.569594468699321,20,2.77670493128534,1,9.456716,245,0,0,20,"both",0.309988758818787,0.569594468699321
"1951","session1",2.68896301423704,10.403598850329,1.84141227724955,0.000230875099581243,0.513372636409531,0.476658323996335,0.339924215939411,20,1,100,0.309988758818787,0.569594468699321,20,1.78346910538756,1,12.07192,245,0,0,20,"both",0.309988758818787,0.569594468699321
"1952","session1",2.68896301423704,10.403598850329,1.84141227724955,0.000230875099581243,0.513372636409531,0.476658323996335,0.339924215939411,20,1,100,0.309988758818787,0.569594468699321,20,2.57162333530222,0,-22.19787,245,0,0,20,"both",0.309988758818787,0.569594468699321
"1953","session1",2.68896301423704,10.403598850329,1.84141227724955,0.000230875099581243,0.513372636409531,0.476658323996335,0.339924215939411,20,1,100,0.309988758818787,0.569594468699321,20,3.70284254298021,0,-4.55652,245,0,0,20,"both",0.309988758818787,0.569594468699321
"1954","session1",2.68896301423704,10.403598850329,1.84141227724955,0.000230875099581243,0.513372636409531,0.476658323996335,0.339924215939411,20,1,100,0.309988758818787,0.569594468699321,20,3.35021592188248,0,-9.82144,245,0,0,20,"both",0.309988758818787,0.569594468699321
"1955","session1",2.68896301423704,10.403598850329,1.84141227724955,0.000230875099581243,0.513372636409531,0.476658323996335,0.339924215939411,20,1,100,0.309988758818787,0.569594468699321,20,4.43269733579851,1,-2.84425,245,0,0,20,"both",0.309988758818787,0.569594468699321
"1956","session1",2.68896301423704,10.403598850329,1.84141227724955,0.000230875099581243,0.513372636409531,0.476658323996335,0.339924215939411,20,1,100,0.309988758818787,0.569594468699321,20,2.50439565028606,1,16.67659,245,0,0,20,"both",0.309988758818787,0.569594468699321
"1957","session1",2.68896301423704,10.403598850329,1.84141227724955,0.000230875099581243,0.513372636409531,0.476658323996335,0.339924215939411,20,1,100,0.309988758818787,0.569594468699321,20,2.82617059836374,0,-7.56225,245,0,0,20,"both",0.309988758818787,0.569594468699321
"1958","session1",2.68896301423704,10.403598850329,1.84141227724955,0.000230875099581243,0.513372636409531,0.476658323996335,0.339924215939411,20,1,100,0.309988758818787,0.569594468699321,20,4.04265398356277,1,14.12907,245,0,0,20,"both",0.309988758818787,0.569594468699321
"1959","session1",2.68896301423704,10.403598850329,1.84141227724955,0.000230875099581243,0.513372636409531,0.476658323996335,0.339924215939411,20,1,100,0.309988758818787,0.569594468699321,20,1.62844537156961,0,-5.00197,245,0,0,20,"both",0.309988758818787,0.569594468699321
"1960","session1",2.68896301423704,10.403598850329,1.84141227724955,0.000230875099581243,0.513372636409531,0.476658323996335,0.339924215939411,20,1,100,0.309988758818787,0.569594468699321,20,4.55681718127108,0,-4.409649,245,0,0,20,"both",0.309988758818787,0.569594468699321
"1961","session1",2.68896301423704,10.403598850329,1.84141227724955,0.000230875099581243,0.513372636409531,0.476658323996335,0.339924215939411,20,1,100,0.309988758818787,0.569594468699321,20,1.97663615303391,0,-9.94952,245,0,0,20,"both",0.309988758818787,0.569594468699321
"1962","session1",2.68896301423704,10.403598850329,1.84141227724955,0.000230875099581243,0.513372636409531,0.476658323996335,0.339924215939411,20,1,100,0.309988758818787,0.569594468699321,20,2.89505997302227,0,6.72163,245,0,0,20,"both",0.309988758818787,0.569594468699321
"1963","session1",2.68896301423704,10.403598850329,1.84141227724955,0.000230875099581243,0.513372636409531,0.476658323996335,0.339924215939411,20,1,100,0.309988758818787,0.569594468699321,20,2.49944490429476,0,-5.83166,245,0,0,20,"both",0.309988758818787,0.569594468699321
"1964","session1",2.68896301423704,10.403598850329,1.84141227724955,0.000230875099581243,0.513372636409531,0.476658323996335,0.339924215939411,20,1,100,0.309988758818787,0.569594468699321,20,1.14959447147553,0,9.77007,245,0,0,20,"both",0.309988758818787,0.569594468699321
"1965","session1",2.68896301423704,10.403598850329,1.84141227724955,0.000230875099581243,0.513372636409531,0.476658323996335,0.339924215939411,20,1,100,0.309988758818787,0.569594468699321,20,2.45448863420027,0,-0.280340000000001,245,0,0,20,"both",0.309988758818787,0.569594468699321
"1966","session1",2.68896301423704,10.403598850329,1.84141227724955,0.000230875099581243,0.513372636409531,0.476658323996335,0.339924215939411,20,1,100,0.309988758818787,0.569594468699321,20,1.78372236957807,1,-3.95494,245,0,0,20,"both",0.309988758818787,0.569594468699321
"1967","session1",2.68896301423704,10.403598850329,1.84141227724955,0.000230875099581243,0.513372636409531,0.476658323996335,0.339924215939411,20,1,100,0.309988758818787,0.569594468699321,20,2.26075864877663,1,12.93468,245,0,0,20,"both",0.309988758818787,0.569594468699321
"1968","session1",2.68896301423704,10.403598850329,1.84141227724955,0.000230875099581243,0.513372636409531,0.476658323996335,0.339924215939411,20,1,100,0.309988758818787,0.569594468699321,20,2.40630802882633,1,14.58736,245,0,0,20,"both",0.309988758818787,0.569594468699321
"1969","session1",2.68896301423704,10.403598850329,1.84141227724955,0.000230875099581243,0.513372636409531,0.476658323996335,0.339924215939411,20,1,100,0.309988758818787,0.569594468699321,20,1.92567471973714,1,13.720434,245,0,0,20,"both",0.309988758818787,0.569594468699321
"1970","session1",2.68896301423704,10.403598850329,1.84141227724955,0.000230875099581243,0.513372636409531,0.476658323996335,0.339924215939411,20,1,100,0.309988758818787,0.569594468699321,20,2.55425651914639,0,13.59824,245,0,0,20,"both",0.309988758818787,0.569594468699321
"1971","session1",2.68896301423704,10.403598850329,1.84141227724955,0.000230875099581243,0.513372636409531,0.476658323996335,0.339924215939411,20,1,100,0.309988758818787,0.569594468699321,20,1.47721476255247,1,15.16334,245,0,0,20,"both",0.309988758818787,0.569594468699321
"1972","session1",2.68896301423704,10.403598850329,1.84141227724955,0.000230875099581243,0.513372636409531,0.476658323996335,0.339924215939411,20,1,100,0.309988758818787,0.569594468699321,20,2.63860073159632,1,22.51311,245,0,0,20,"both",0.309988758818787,0.569594468699321
"1973","session1",2.68896301423704,10.403598850329,1.84141227724955,0.000230875099581243,0.513372636409531,0.476658323996335,0.339924215939411,20,1,100,0.309988758818787,0.569594468699321,20,1.79397510247059,1,20.72019,245,0,0,20,"both",0.309988758818787,0.569594468699321
"1974","session1",2.68896301423704,10.403598850329,1.84141227724955,0.000230875099581243,0.513372636409531,0.476658323996335,0.339924215939411,20,1,100,0.309988758818787,0.569594468699321,20,4.77452563386913,0,-4.13408,245,0,0,20,"both",0.309988758818787,0.569594468699321
"1975","session1",2.68896301423704,10.403598850329,1.84141227724955,0.000230875099581243,0.513372636409531,0.476658323996335,0.339924215939411,20,1,100,0.309988758818787,0.569594468699321,20,2.7649207777997,0,-0.58744,245,0,0,20,"both",0.309988758818787,0.569594468699321
"1976","session1",2.68896301423704,10.403598850329,1.84141227724955,0.000230875099581243,0.513372636409531,0.476658323996335,0.339924215939411,20,1,100,0.309988758818787,0.569594468699321,20,1.91193167891008,1,13.6685,245,0,0,20,"both",0.309988758818787,0.569594468699321
"1977","session1",2.68896301423704,10.403598850329,1.84141227724955,0.000230875099581243,0.513372636409531,0.476658323996335,0.339924215939411,20,1,100,0.309988758818787,0.569594468699321,20,2.83229138984903,0,3.08654,245,0,0,20,"both",0.309988758818787,0.569594468699321
"1978","session1",2.68896301423704,10.403598850329,1.84141227724955,0.000230875099581243,0.513372636409531,0.476658323996335,0.339924215939411,20,1,100,0.309988758818787,0.569594468699321,20,1.8945716118543,0,16.1383,245,0,0,20,"both",0.309988758818787,0.569594468699321
"1979","session1",2.68896301423704,10.403598850329,1.84141227724955,0.000230875099581243,0.513372636409531,0.476658323996335,0.339924215939411,20,1,100,0.309988758818787,0.569594468699321,20,3.12248831200346,0,-0.307130000000001,245,0,0,20,"both",0.309988758818787,0.569594468699321
"1980","session1",2.68896301423704,10.403598850329,1.84141227724955,0.000230875099581243,0.513372636409531,0.476658323996335,0.339924215939411,20,1,100,0.309988758818787,0.569594468699321,20,1.58653276538865,0,-4.5515,245,0,0,20,"both",0.309988758818787,0.569594468699321
"1981","session1",2.68896301423704,10.403598850329,1.84141227724955,0.000230875099581243,0.513372636409531,0.476658323996335,0.339924215939411,20,1,100,0.309988758818787,0.569594468699321,20,1.19218657944461,1,16.02167,245,0,0,20,"both",0.309988758818787,0.569594468699321
"1982","session1",2.68896301423704,10.403598850329,1.84141227724955,0.000230875099581243,0.513372636409531,0.476658323996335,0.339924215939411,20,1,100,0.309988758818787,0.569594468699321,20,1.97925106016324,1,10.44881,245,0,0,20,"both",0.309988758818787,0.569594468699321
"1983","session1",2.68896301423704,10.403598850329,1.84141227724955,0.000230875099581243,0.513372636409531,0.476658323996335,0.339924215939411,20,1,100,0.309988758818787,0.569594468699321,20,2.61279817656616,0,7.59482,245,0,0,20,"both",0.309988758818787,0.569594468699321
"1984","session1",2.68896301423704,10.403598850329,1.84141227724955,0.000230875099581243,0.513372636409531,0.476658323996335,0.339924215939411,20,1,100,0.309988758818787,0.569594468699321,20,1.81887015848071,0,12.53378,245,0,0,20,"both",0.309988758818787,0.569594468699321
"1985","session1",2.68896301423704,10.403598850329,1.84141227724955,0.000230875099581243,0.513372636409531,0.476658323996335,0.339924215939411,20,1,100,0.309988758818787,0.569594468699321,20,1.44124099984025,1,16.10419,245,0,0,20,"both",0.309988758818787,0.569594468699321
"1986","session1",2.68896301423704,10.403598850329,1.84141227724955,0.000230875099581243,0.513372636409531,0.476658323996335,0.339924215939411,20,1,100,0.309988758818787,0.569594468699321,20,1.68558459314708,1,12.59574,245,0,0,20,"both",0.309988758818787,0.569594468699321
"1987","session1",2.68896301423704,10.403598850329,1.84141227724955,0.000230875099581243,0.513372636409531,0.476658323996335,0.339924215939411,20,1,100,0.309988758818787,0.569594468699321,20,2.48223354407939,1,20.88359,245,0,0,20,"both",0.309988758818787,0.569594468699321
"1988","session1",2.68896301423704,10.403598850329,1.84141227724955,0.000230875099581243,0.513372636409531,0.476658323996335,0.339924215939411,20,1,100,0.309988758818787,0.569594468699321,20,2.77737536643955,0,-2.74044,245,0,0,20,"both",0.309988758818787,0.569594468699321
"1989","session1",2.68896301423704,10.403598850329,1.84141227724955,0.000230875099581243,0.513372636409531,0.476658323996335,0.339924215939411,20,1,100,0.309988758818787,0.569594468699321,20,2.68990703889023,0,-3.40396,245,0,0,20,"both",0.309988758818787,0.569594468699321
"1990","session1",2.68896301423704,10.403598850329,1.84141227724955,0.000230875099581243,0.513372636409531,0.476658323996335,0.339924215939411,20,1,100,0.309988758818787,0.569594468699321,20,4.88330109039464,0,-3.22617,245,0,0,20,"both",0.309988758818787,0.569594468699321
"1991","session1",2.68896301423704,10.403598850329,1.84141227724955,0.000230875099581243,0.513372636409531,0.476658323996335,0.339924215939411,20,1,100,0.309988758818787,0.569594468699321,20,2.74029558172409,0,-13.52926,245,0,0,20,"both",0.309988758818787,0.569594468699321
"1992","session1",2.68896301423704,10.403598850329,1.84141227724955,0.000230875099581243,0.513372636409531,0.476658323996335,0.339924215939411,20,1,100,0.309988758818787,0.569594468699321,20,1.59256378983692,0,-3.76336,245,0,0,20,"both",0.309988758818787,0.569594468699321
"1993","session1",2.68896301423704,10.403598850329,1.84141227724955,0.000230875099581243,0.513372636409531,0.476658323996335,0.339924215939411,20,1,100,0.309988758818787,0.569594468699321,20,1.5981270732046,1,15.26873,245,0,0,20,"both",0.309988758818787,0.569594468699321
"1994","session1",2.68896301423704,10.403598850329,1.84141227724955,0.000230875099581243,0.513372636409531,0.476658323996335,0.339924215939411,20,1,100,0.309988758818787,0.569594468699321,20,3.63153608095312,0,-4.91653,245,0,0,20,"both",0.309988758818787,0.569594468699321
"1995","session1",2.68896301423704,10.403598850329,1.84141227724955,0.000230875099581243,0.513372636409531,0.476658323996335,0.339924215939411,20,1,100,0.309988758818787,0.569594468699321,20,2.00226490724496,1,10.25251,245,0,0,20,"both",0.309988758818787,0.569594468699321
"1996","session1",2.68896301423704,10.403598850329,1.84141227724955,0.000230875099581243,0.513372636409531,0.476658323996335,0.339924215939411,20,1,100,0.309988758818787,0.569594468699321,20,1.94656444388052,1,0.31247,245,0,0,20,"both",0.309988758818787,0.569594468699321
"1997","session1",2.68896301423704,10.403598850329,1.84141227724955,0.000230875099581243,0.513372636409531,0.476658323996335,0.339924215939411,20,1,100,0.309988758818787,0.569594468699321,20,2.89235529054867,1,16.0431,245,0,0,20,"both",0.309988758818787,0.569594468699321
"1998","session1",2.68896301423704,10.403598850329,1.84141227724955,0.000230875099581243,0.513372636409531,0.476658323996335,0.339924215939411,20,1,100,0.309988758818787,0.569594468699321,20,3.82117249391843,1,16.54647,245,0,0,20,"both",0.309988758818787,0.569594468699321
"1999","session1",2.68896301423704,10.403598850329,1.84141227724955,0.000230875099581243,0.513372636409531,0.476658323996335,0.339924215939411,20,1,100,0.309988758818787,0.569594468699321,20,3.30379292499578,1,12.95185,245,0,0,20,"both",0.309988758818787,0.569594468699321
"2000","session1",2.68896301423704,10.403598850329,1.84141227724955,0.000230875099581243,0.513372636409531,0.476658323996335,0.339924215939411,20,1,100,0.309988758818787,0.569594468699321,20,2.17608102278924,1,18.78066,245,0,0,20,"both",0.309988758818787,0.569594468699321
"2001","session2",-9.33924823943358,12.494574222741,2.04889733247457,0.000814445160963589,0.247972572322174,0.596012404465476,0.36289124979324,1,2,100,0.309988758818787,0.569594468699321,21,1.51371540184755,0,9.7227881948,245,0,0,20,"both",0.309988758818787,0.569594468699321
"2002","session2",-9.33924823943358,12.494574222741,2.04889733247457,0.000814445160963589,0.247972572322174,0.596012404465476,0.36289124979324,1,2,100,0.309988758818787,0.569594468699321,21,0.956469950792012,1,11.8343347389,245,0,0,20,"both",0.309988758818787,0.569594468699321
"2003","session2",-9.33924823943358,12.494574222741,2.04889733247457,0.000814445160963589,0.247972572322174,0.596012404465476,0.36289124979324,1,2,100,0.309988758818787,0.569594468699321,21,4.73576991215421,1,2.597245473,245,0,0,20,"both",0.309988758818787,0.569594468699321
"2004","session2",-9.33924823943358,12.494574222741,2.04889733247457,0.000814445160963589,0.247972572322174,0.596012404465476,0.36289124979324,1,2,100,0.309988758818787,0.569594468699321,21,3.96845159317813,1,-2.8563708828,245,0,0,20,"both",0.309988758818787,0.569594468699321
"2005","session2",-9.33924823943358,12.494574222741,2.04889733247457,0.000814445160963589,0.247972572322174,0.596012404465476,0.36289124979324,1,2,100,0.309988758818787,0.569594468699321,21,2.52883397358337,0,-7.0400975677,245,0,0,20,"both",0.309988758818787,0.569594468699321
"2006","session2",-9.33924823943358,12.494574222741,2.04889733247457,0.000814445160963589,0.247972572322174,0.596012404465476,0.36289124979324,1,2,100,0.309988758818787,0.569594468699321,21,1.69386322508281,0,-29.1022,245,0,0,20,"both",0.309988758818787,0.569594468699321
"2007","session2",-9.33924823943358,12.494574222741,2.04889733247457,0.000814445160963589,0.247972572322174,0.596012404465476,0.36289124979324,1,2,100,0.309988758818787,0.569594468699321,21,2.17103242585565,0,-34.1363,245,0,0,20,"both",0.309988758818787,0.569594468699321
"2008","session2",-9.33924823943358,12.494574222741,2.04889733247457,0.000814445160963589,0.247972572322174,0.596012404465476,0.36289124979324,1,2,100,0.309988758818787,0.569594468699321,21,3.48807189888662,1,-3.57390147428,245,0,0,20,"both",0.309988758818787,0.569594468699321
"2009","session2",-9.33924823943358,12.494574222741,2.04889733247457,0.000814445160963589,0.247972572322174,0.596012404465476,0.36289124979324,1,2,100,0.309988758818787,0.569594468699321,21,4.52850594468897,1,-19.280455,245,0,0,20,"both",0.309988758818787,0.569594468699321
"2010","session2",-9.33924823943358,12.494574222741,2.04889733247457,0.000814445160963589,0.247972572322174,0.596012404465476,0.36289124979324,1,2,100,0.309988758818787,0.569594468699321,21,4.81987234990055,1,-7.1443052186,245,0,0,20,"both",0.309988758818787,0.569594468699321
"2011","session2",-9.33924823943358,12.494574222741,2.04889733247457,0.000814445160963589,0.247972572322174,0.596012404465476,0.36289124979324,1,2,100,0.309988758818787,0.569594468699321,21,2.29352414849031,0,-16.81722,245,0,0,20,"both",0.309988758818787,0.569594468699321
"2012","session2",-9.33924823943358,12.494574222741,2.04889733247457,0.000814445160963589,0.247972572322174,0.596012404465476,0.36289124979324,1,2,100,0.309988758818787,0.569594468699321,21,0.942666167022147,1,10.60675,245,0,0,20,"both",0.309988758818787,0.569594468699321
"2013","session2",-9.33924823943358,12.494574222741,2.04889733247457,0.000814445160963589,0.247972572322174,0.596012404465476,0.36289124979324,1,2,100,0.309988758818787,0.569594468699321,21,1.41252203032568,0,-11.735686173,245,0,0,20,"both",0.309988758818787,0.569594468699321
"2014","session2",-9.33924823943358,12.494574222741,2.04889733247457,0.000814445160963589,0.247972572322174,0.596012404465476,0.36289124979324,1,2,100,0.309988758818787,0.569594468699321,21,1.44583926144943,1,-3.1898,245,0,0,20,"both",0.309988758818787,0.569594468699321
"2015","session2",-9.33924823943358,12.494574222741,2.04889733247457,0.000814445160963589,0.247972572322174,0.596012404465476,0.36289124979324,1,2,100,0.309988758818787,0.569594468699321,21,4.30143328764636,0,-25.3706,245,0,0,20,"both",0.309988758818787,0.569594468699321
"2016","session2",-9.33924823943358,12.494574222741,2.04889733247457,0.000814445160963589,0.247972572322174,0.596012404465476,0.36289124979324,1,2,100,0.309988758818787,0.569594468699321,21,1.79158706583848,0,-13.06652,245,0,0,20,"both",0.309988758818787,0.569594468699321
"2017","session2",-9.33924823943358,12.494574222741,2.04889733247457,0.000814445160963589,0.247972572322174,0.596012404465476,0.36289124979324,1,2,100,0.309988758818787,0.569594468699321,21,1.76160874221378,1,0.10061,245,0,0,20,"both",0.309988758818787,0.569594468699321
"2018","session2",-9.33924823943358,12.494574222741,2.04889733247457,0.000814445160963589,0.247972572322174,0.596012404465476,0.36289124979324,1,2,100,0.309988758818787,0.569594468699321,21,3.93407663527663,1,-2.68117,245,0,0,20,"both",0.309988758818787,0.569594468699321
"2019","session2",-9.33924823943358,12.494574222741,2.04889733247457,0.000814445160963589,0.247972572322174,0.596012404465476,0.36289124979324,1,2,100,0.309988758818787,0.569594468699321,21,2.16148268069352,0,-3.9222,245,0,0,20,"both",0.309988758818787,0.569594468699321
"2020","session2",-9.33924823943358,12.494574222741,2.04889733247457,0.000814445160963589,0.247972572322174,0.596012404465476,0.36289124979324,1,2,100,0.309988758818787,0.569594468699321,21,2.65061801865796,0,-19.9302,245,0,0,20,"both",0.309988758818787,0.569594468699321
"2021","session2",-9.33924823943358,12.494574222741,2.04889733247457,0.000814445160963589,0.247972572322174,0.596012404465476,0.36289124979324,1,2,100,0.309988758818787,0.569594468699321,21,2.26463953254822,0,-5.7554,245,0,0,20,"both",0.309988758818787,0.569594468699321
"2022","session2",-9.33924823943358,12.494574222741,2.04889733247457,0.000814445160963589,0.247972572322174,0.596012404465476,0.36289124979324,1,2,100,0.309988758818787,0.569594468699321,21,2.38450005057032,1,-8.957084,245,0,0,20,"both",0.309988758818787,0.569594468699321
"2023","session2",-9.33924823943358,12.494574222741,2.04889733247457,0.000814445160963589,0.247972572322174,0.596012404465476,0.36289124979324,1,2,100,0.309988758818787,0.569594468699321,21,2.49940243360291,1,21.98158,245,0,0,20,"both",0.309988758818787,0.569594468699321
"2024","session2",-9.33924823943358,12.494574222741,2.04889733247457,0.000814445160963589,0.247972572322174,0.596012404465476,0.36289124979324,1,2,100,0.309988758818787,0.569594468699321,21,2.36740023143232,1,-4.34948,245,0,0,20,"both",0.309988758818787,0.569594468699321
"2025","session2",-9.33924823943358,12.494574222741,2.04889733247457,0.000814445160963589,0.247972572322174,0.596012404465476,0.36289124979324,1,2,100,0.309988758818787,0.569594468699321,21,2.09582627980544,0,-5.26059,245,0,0,20,"both",0.309988758818787,0.569594468699321
"2026","session2",-9.33924823943358,12.494574222741,2.04889733247457,0.000814445160963589,0.247972572322174,0.596012404465476,0.36289124979324,1,2,100,0.309988758818787,0.569594468699321,21,1.91678933209785,0,-24.45284,245,0,0,20,"both",0.309988758818787,0.569594468699321
"2027","session2",-9.33924823943358,12.494574222741,2.04889733247457,0.000814445160963589,0.247972572322174,0.596012404465476,0.36289124979324,1,2,100,0.309988758818787,0.569594468699321,21,4.98428020528464,1,11.54609,245,0,0,20,"both",0.309988758818787,0.569594468699321
"2028","session2",-9.33924823943358,12.494574222741,2.04889733247457,0.000814445160963589,0.247972572322174,0.596012404465476,0.36289124979324,1,2,100,0.309988758818787,0.569594468699321,21,4.61586983031852,1,-4.24463,245,0,0,20,"both",0.309988758818787,0.569594468699321
"2029","session2",-9.33924823943358,12.494574222741,2.04889733247457,0.000814445160963589,0.247972572322174,0.596012404465476,0.36289124979324,1,2,100,0.309988758818787,0.569594468699321,21,1.14415570542871,0,4.56901,245,0,0,20,"both",0.309988758818787,0.569594468699321
"2030","session2",-9.33924823943358,12.494574222741,2.04889733247457,0.000814445160963589,0.247972572322174,0.596012404465476,0.36289124979324,1,2,100,0.309988758818787,0.569594468699321,21,1.35948722558083,1,5.1549,245,0,0,20,"both",0.309988758818787,0.569594468699321
"2031","session2",-9.33924823943358,12.494574222741,2.04889733247457,0.000814445160963589,0.247972572322174,0.596012404465476,0.36289124979324,1,2,100,0.309988758818787,0.569594468699321,21,2.11689885226494,0,-11.23414,245,0,0,20,"both",0.309988758818787,0.569594468699321
"2032","session2",-9.33924823943358,12.494574222741,2.04889733247457,0.000814445160963589,0.247972572322174,0.596012404465476,0.36289124979324,1,2,100,0.309988758818787,0.569594468699321,21,2.80646593335222,1,0.043429999999999,245,0,0,20,"both",0.309988758818787,0.569594468699321
"2033","session2",-9.33924823943358,12.494574222741,2.04889733247457,0.000814445160963589,0.247972572322174,0.596012404465476,0.36289124979324,1,2,100,0.309988758818787,0.569594468699321,21,1.30624509969563,1,-10.01297,245,0,0,20,"both",0.309988758818787,0.569594468699321
"2034","session2",-9.33924823943358,12.494574222741,2.04889733247457,0.000814445160963589,0.247972572322174,0.596012404465476,0.36289124979324,1,2,100,0.309988758818787,0.569594468699321,21,7.25157548847899,0,-16.19081,245,0,0,20,"both",0.309988758818787,0.569594468699321
"2035","session2",-9.33924823943358,12.494574222741,2.04889733247457,0.000814445160963589,0.247972572322174,0.596012404465476,0.36289124979324,1,2,100,0.309988758818787,0.569594468699321,21,1.18413324000375,0,-13.75048,245,0,0,20,"both",0.309988758818787,0.569594468699321
"2036","session2",-9.33924823943358,12.494574222741,2.04889733247457,0.000814445160963589,0.247972572322174,0.596012404465476,0.36289124979324,1,2,100,0.309988758818787,0.569594468699321,21,3.27637386515407,1,0.0225,245,0,0,20,"both",0.309988758818787,0.569594468699321
"2037","session2",-9.33924823943358,12.494574222741,2.04889733247457,0.000814445160963589,0.247972572322174,0.596012404465476,0.36289124979324,1,2,100,0.309988758818787,0.569594468699321,21,1.17990904244239,1,-14.86552,245,0,0,20,"both",0.309988758818787,0.569594468699321
"2038","session2",-9.33924823943358,12.494574222741,2.04889733247457,0.000814445160963589,0.247972572322174,0.596012404465476,0.36289124979324,1,2,100,0.309988758818787,0.569594468699321,21,2.53595035887959,1,-9.16443,245,0,0,20,"both",0.309988758818787,0.569594468699321
"2039","session2",-9.33924823943358,12.494574222741,2.04889733247457,0.000814445160963589,0.247972572322174,0.596012404465476,0.36289124979324,1,2,100,0.309988758818787,0.569594468699321,21,1.16086563137564,1,-13.72811,245,0,0,20,"both",0.309988758818787,0.569594468699321
"2040","session2",-9.33924823943358,12.494574222741,2.04889733247457,0.000814445160963589,0.247972572322174,0.596012404465476,0.36289124979324,1,2,100,0.309988758818787,0.569594468699321,21,1.00441279706852,0,-21.82185,245,0,0,20,"both",0.309988758818787,0.569594468699321
"2041","session2",-9.33924823943358,12.494574222741,2.04889733247457,0.000814445160963589,0.247972572322174,0.596012404465476,0.36289124979324,1,2,100,0.309988758818787,0.569594468699321,21,8,1,-4.57692,245,0,0,20,"both",0.309988758818787,0.569594468699321
"2042","session2",-9.33924823943358,12.494574222741,2.04889733247457,0.000814445160963589,0.247972572322174,0.596012404465476,0.36289124979324,1,2,100,0.309988758818787,0.569594468699321,21,2.97175501447262,1,-17.43343,245,0,0,20,"both",0.309988758818787,0.569594468699321
"2043","session2",-9.33924823943358,12.494574222741,2.04889733247457,0.000814445160963589,0.247972572322174,0.596012404465476,0.36289124979324,1,2,100,0.309988758818787,0.569594468699321,21,4.01753064606224,0,-20.08701,245,0,0,20,"both",0.309988758818787,0.569594468699321
"2044","session2",-9.33924823943358,12.494574222741,2.04889733247457,0.000814445160963589,0.247972572322174,0.596012404465476,0.36289124979324,1,2,100,0.309988758818787,0.569594468699321,21,6.09399614300256,1,-1.7764,245,0,0,20,"both",0.309988758818787,0.569594468699321
"2045","session2",-9.33924823943358,12.494574222741,2.04889733247457,0.000814445160963589,0.247972572322174,0.596012404465476,0.36289124979324,1,2,100,0.309988758818787,0.569594468699321,21,1.3462451735943,1,-7.25095,245,0,0,20,"both",0.309988758818787,0.569594468699321
"2046","session2",-9.33924823943358,12.494574222741,2.04889733247457,0.000814445160963589,0.247972572322174,0.596012404465476,0.36289124979324,1,2,100,0.309988758818787,0.569594468699321,21,1.22752431587023,1,9.7501,245,0,0,20,"both",0.309988758818787,0.569594468699321
"2047","session2",-9.33924823943358,12.494574222741,2.04889733247457,0.000814445160963589,0.247972572322174,0.596012404465476,0.36289124979324,1,2,100,0.309988758818787,0.569594468699321,21,1.81320744942464,0,-26.6149,245,0,0,20,"both",0.309988758818787,0.569594468699321
"2048","session2",-9.33924823943358,12.494574222741,2.04889733247457,0.000814445160963589,0.247972572322174,0.596012404465476,0.36289124979324,1,2,100,0.309988758818787,0.569594468699321,21,3.39548581607031,1,0.46083,245,0,0,20,"both",0.309988758818787,0.569594468699321
"2049","session2",-9.33924823943358,12.494574222741,2.04889733247457,0.000814445160963589,0.247972572322174,0.596012404465476,0.36289124979324,1,2,100,0.309988758818787,0.569594468699321,21,2.06683400824154,0,-20.49858,245,0,0,20,"both",0.309988758818787,0.569594468699321
"2050","session2",-9.33924823943358,12.494574222741,2.04889733247457,0.000814445160963589,0.247972572322174,0.596012404465476,0.36289124979324,1,2,100,0.309988758818787,0.569594468699321,21,1.19211591721353,0,-17.55978,245,0,0,20,"both",0.309988758818787,0.569594468699321
"2051","session2",-9.33924823943358,12.494574222741,2.04889733247457,0.000814445160963589,0.247972572322174,0.596012404465476,0.36289124979324,1,2,100,0.309988758818787,0.569594468699321,21,1.1911270301969,0,-23.5145,245,0,0,20,"both",0.309988758818787,0.569594468699321
"2052","session2",-9.33924823943358,12.494574222741,2.04889733247457,0.000814445160963589,0.247972572322174,0.596012404465476,0.36289124979324,1,2,100,0.309988758818787,0.569594468699321,21,2.1541514907379,0,-16.71414,245,0,0,20,"both",0.309988758818787,0.569594468699321
"2053","session2",-9.33924823943358,12.494574222741,2.04889733247457,0.000814445160963589,0.247972572322174,0.596012404465476,0.36289124979324,1,2,100,0.309988758818787,0.569594468699321,21,1.08125652488874,0,-17.38553,245,0,0,20,"both",0.309988758818787,0.569594468699321
"2054","session2",-9.33924823943358,12.494574222741,2.04889733247457,0.000814445160963589,0.247972572322174,0.596012404465476,0.36289124979324,1,2,100,0.309988758818787,0.569594468699321,21,1.74567670808438,1,-4.18181,245,0,0,20,"both",0.309988758818787,0.569594468699321
"2055","session2",-9.33924823943358,12.494574222741,2.04889733247457,0.000814445160963589,0.247972572322174,0.596012404465476,0.36289124979324,1,2,100,0.309988758818787,0.569594468699321,21,2.10444938437907,0,-13.21156,245,0,0,20,"both",0.309988758818787,0.569594468699321
"2056","session2",-9.33924823943358,12.494574222741,2.04889733247457,0.000814445160963589,0.247972572322174,0.596012404465476,0.36289124979324,1,2,100,0.309988758818787,0.569594468699321,21,3.78035912118145,0,-6.93342,245,0,0,20,"both",0.309988758818787,0.569594468699321
"2057","session2",-9.33924823943358,12.494574222741,2.04889733247457,0.000814445160963589,0.247972572322174,0.596012404465476,0.36289124979324,1,2,100,0.309988758818787,0.569594468699321,21,2.34363305474744,1,-16.87564,245,0,0,20,"both",0.309988758818787,0.569594468699321
"2058","session2",-9.33924823943358,12.494574222741,2.04889733247457,0.000814445160963589,0.247972572322174,0.596012404465476,0.36289124979324,1,2,100,0.309988758818787,0.569594468699321,21,2.1053164640898,1,-14.59513,245,0,0,20,"both",0.309988758818787,0.569594468699321
"2059","session2",-9.33924823943358,12.494574222741,2.04889733247457,0.000814445160963589,0.247972572322174,0.596012404465476,0.36289124979324,1,2,100,0.309988758818787,0.569594468699321,21,3.9379612117088,0,-21.843,245,0,0,20,"both",0.309988758818787,0.569594468699321
"2060","session2",-9.33924823943358,12.494574222741,2.04889733247457,0.000814445160963589,0.247972572322174,0.596012404465476,0.36289124979324,1,2,100,0.309988758818787,0.569594468699321,21,2.03729360362979,1,-2.07894,245,0,0,20,"both",0.309988758818787,0.569594468699321
"2061","session2",-9.33924823943358,12.494574222741,2.04889733247457,0.000814445160963589,0.247972572322174,0.596012404465476,0.36289124979324,1,2,100,0.309988758818787,0.569594468699321,21,2.29475850396382,0,-22.18936,245,0,0,20,"both",0.309988758818787,0.569594468699321
"2062","session2",-9.33924823943358,12.494574222741,2.04889733247457,0.000814445160963589,0.247972572322174,0.596012404465476,0.36289124979324,1,2,100,0.309988758818787,0.569594468699321,21,2.58772922589592,0,-20.88,245,0,0,20,"both",0.309988758818787,0.569594468699321
"2063","session2",-9.33924823943358,12.494574222741,2.04889733247457,0.000814445160963589,0.247972572322174,0.596012404465476,0.36289124979324,1,2,100,0.309988758818787,0.569594468699321,21,3.71493713785384,1,-17.88856,245,0,0,20,"both",0.309988758818787,0.569594468699321
"2064","session2",-9.33924823943358,12.494574222741,2.04889733247457,0.000814445160963589,0.247972572322174,0.596012404465476,0.36289124979324,1,2,100,0.309988758818787,0.569594468699321,21,3.69207397093015,0,-19.69889,245,0,0,20,"both",0.309988758818787,0.569594468699321
"2065","session2",-9.33924823943358,12.494574222741,2.04889733247457,0.000814445160963589,0.247972572322174,0.596012404465476,0.36289124979324,1,2,100,0.309988758818787,0.569594468699321,21,0.786124406099226,0,-18.84308,245,0,0,20,"both",0.309988758818787,0.569594468699321
"2066","session2",-9.33924823943358,12.494574222741,2.04889733247457,0.000814445160963589,0.247972572322174,0.596012404465476,0.36289124979324,1,2,100,0.309988758818787,0.569594468699321,21,3.30478797919578,1,-1.2009,245,0,0,20,"both",0.309988758818787,0.569594468699321
"2067","session2",-9.33924823943358,12.494574222741,2.04889733247457,0.000814445160963589,0.247972572322174,0.596012404465476,0.36289124979324,1,2,100,0.309988758818787,0.569594468699321,21,2.98190043693632,0,7.7383,245,0,0,20,"both",0.309988758818787,0.569594468699321
"2068","session2",-9.33924823943358,12.494574222741,2.04889733247457,0.000814445160963589,0.247972572322174,0.596012404465476,0.36289124979324,1,2,100,0.309988758818787,0.569594468699321,21,1.17830022051622,1,-18.45217,245,0,0,20,"both",0.309988758818787,0.569594468699321
"2069","session2",-9.33924823943358,12.494574222741,2.04889733247457,0.000814445160963589,0.247972572322174,0.596012404465476,0.36289124979324,1,2,100,0.309988758818787,0.569594468699321,21,5.68014069194547,0,-7.15357,245,0,0,20,"both",0.309988758818787,0.569594468699321
"2070","session2",-9.33924823943358,12.494574222741,2.04889733247457,0.000814445160963589,0.247972572322174,0.596012404465476,0.36289124979324,1,2,100,0.309988758818787,0.569594468699321,21,2.38771086290243,1,5.46604,245,0,0,20,"both",0.309988758818787,0.569594468699321
"2071","session2",-9.33924823943358,12.494574222741,2.04889733247457,0.000814445160963589,0.247972572322174,0.596012404465476,0.36289124979324,1,2,100,0.309988758818787,0.569594468699321,21,2.96813754735492,0,-3.34161,245,0,0,20,"both",0.309988758818787,0.569594468699321
"2072","session2",-9.33924823943358,12.494574222741,2.04889733247457,0.000814445160963589,0.247972572322174,0.596012404465476,0.36289124979324,1,2,100,0.309988758818787,0.569594468699321,21,1.61952960500511,1,8.4912,245,0,0,20,"both",0.309988758818787,0.569594468699321
"2073","session2",-9.33924823943358,12.494574222741,2.04889733247457,0.000814445160963589,0.247972572322174,0.596012404465476,0.36289124979324,1,2,100,0.309988758818787,0.569594468699321,21,1.60955232068738,0,-27.31548,245,0,0,20,"both",0.309988758818787,0.569594468699321
"2074","session2",-9.33924823943358,12.494574222741,2.04889733247457,0.000814445160963589,0.247972572322174,0.596012404465476,0.36289124979324,1,2,100,0.309988758818787,0.569594468699321,21,1.6201505792615,1,-5.23917,245,0,0,20,"both",0.309988758818787,0.569594468699321
"2075","session2",-9.33924823943358,12.494574222741,2.04889733247457,0.000814445160963589,0.247972572322174,0.596012404465476,0.36289124979324,1,2,100,0.309988758818787,0.569594468699321,21,2.95179225853727,0,-8.10634,245,0,0,20,"both",0.309988758818787,0.569594468699321
"2076","session2",-9.33924823943358,12.494574222741,2.04889733247457,0.000814445160963589,0.247972572322174,0.596012404465476,0.36289124979324,1,2,100,0.309988758818787,0.569594468699321,21,2.93438633105607,1,1.10053,245,0,0,20,"both",0.309988758818787,0.569594468699321
"2077","session2",-9.33924823943358,12.494574222741,2.04889733247457,0.000814445160963589,0.247972572322174,0.596012404465476,0.36289124979324,1,2,100,0.309988758818787,0.569594468699321,21,2.44699107055319,1,-0.3683,245,0,0,20,"both",0.309988758818787,0.569594468699321
"2078","session2",-9.33924823943358,12.494574222741,2.04889733247457,0.000814445160963589,0.247972572322174,0.596012404465476,0.36289124979324,1,2,100,0.309988758818787,0.569594468699321,21,1.31432615437003,1,-21.81028,245,0,0,20,"both",0.309988758818787,0.569594468699321
"2079","session2",-9.33924823943358,12.494574222741,2.04889733247457,0.000814445160963589,0.247972572322174,0.596012404465476,0.36289124979324,1,2,100,0.309988758818787,0.569594468699321,21,1.92269781254513,1,8.09909,245,0,0,20,"both",0.309988758818787,0.569594468699321
"2080","session2",-9.33924823943358,12.494574222741,2.04889733247457,0.000814445160963589,0.247972572322174,0.596012404465476,0.36289124979324,1,2,100,0.309988758818787,0.569594468699321,21,1.5881626852676,0,-21.521,245,0,0,20,"both",0.309988758818787,0.569594468699321
"2081","session2",-9.33924823943358,12.494574222741,2.04889733247457,0.000814445160963589,0.247972572322174,0.596012404465476,0.36289124979324,1,2,100,0.309988758818787,0.569594468699321,21,1.04477138969113,0,-24.61787,245,0,0,20,"both",0.309988758818787,0.569594468699321
"2082","session2",-9.33924823943358,12.494574222741,2.04889733247457,0.000814445160963589,0.247972572322174,0.596012404465476,0.36289124979324,1,2,100,0.309988758818787,0.569594468699321,21,1.68917645618632,0,-19.41209,245,0,0,20,"both",0.309988758818787,0.569594468699321
"2083","session2",-9.33924823943358,12.494574222741,2.04889733247457,0.000814445160963589,0.247972572322174,0.596012404465476,0.36289124979324,1,2,100,0.309988758818787,0.569594468699321,21,1.85493503559216,0,-32.9654,245,0,0,20,"both",0.309988758818787,0.569594468699321
"2084","session2",-9.33924823943358,12.494574222741,2.04889733247457,0.000814445160963589,0.247972572322174,0.596012404465476,0.36289124979324,1,2,100,0.309988758818787,0.569594468699321,21,3.84242184341324,1,-15.97369,245,0,0,20,"both",0.309988758818787,0.569594468699321
"2085","session2",-9.33924823943358,12.494574222741,2.04889733247457,0.000814445160963589,0.247972572322174,0.596012404465476,0.36289124979324,1,2,100,0.309988758818787,0.569594468699321,21,5.29407498738169,1,3.3894,245,0,0,20,"both",0.309988758818787,0.569594468699321
"2086","session2",-9.33924823943358,12.494574222741,2.04889733247457,0.000814445160963589,0.247972572322174,0.596012404465476,0.36289124979324,1,2,100,0.309988758818787,0.569594468699321,21,1.48467473573858,1,-0.5997,245,0,0,20,"both",0.309988758818787,0.569594468699321
"2087","session2",-9.33924823943358,12.494574222741,2.04889733247457,0.000814445160963589,0.247972572322174,0.596012404465476,0.36289124979324,1,2,100,0.309988758818787,0.569594468699321,21,1.8581020858599,0,-5.98765,245,0,0,20,"both",0.309988758818787,0.569594468699321
"2088","session2",-9.33924823943358,12.494574222741,2.04889733247457,0.000814445160963589,0.247972572322174,0.596012404465476,0.36289124979324,1,2,100,0.309988758818787,0.569594468699321,21,2.5238303420303,0,-19.03612,245,0,0,20,"both",0.309988758818787,0.569594468699321
"2089","session2",-9.33924823943358,12.494574222741,2.04889733247457,0.000814445160963589,0.247972572322174,0.596012404465476,0.36289124979324,1,2,100,0.309988758818787,0.569594468699321,21,3.20598350441723,1,-4.24421,245,0,0,20,"both",0.309988758818787,0.569594468699321
"2090","session2",-9.33924823943358,12.494574222741,2.04889733247457,0.000814445160963589,0.247972572322174,0.596012404465476,0.36289124979324,1,2,100,0.309988758818787,0.569594468699321,21,2.42502532578865,1,3.57636,245,0,0,20,"both",0.309988758818787,0.569594468699321
"2091","session2",-9.33924823943358,12.494574222741,2.04889733247457,0.000814445160963589,0.247972572322174,0.596012404465476,0.36289124979324,1,2,100,0.309988758818787,0.569594468699321,21,1.77878888674,1,1.6561,245,0,0,20,"both",0.309988758818787,0.569594468699321
"2092","session2",-9.33924823943358,12.494574222741,2.04889733247457,0.000814445160963589,0.247972572322174,0.596012404465476,0.36289124979324,1,2,100,0.309988758818787,0.569594468699321,21,3.02420208491388,1,-3.22816,245,0,0,20,"both",0.309988758818787,0.569594468699321
"2093","session2",-9.33924823943358,12.494574222741,2.04889733247457,0.000814445160963589,0.247972572322174,0.596012404465476,0.36289124979324,1,2,100,0.309988758818787,0.569594468699321,21,1.87244522417147,1,-17.79273,245,0,0,20,"both",0.309988758818787,0.569594468699321
"2094","session2",-9.33924823943358,12.494574222741,2.04889733247457,0.000814445160963589,0.247972572322174,0.596012404465476,0.36289124979324,1,2,100,0.309988758818787,0.569594468699321,21,2.28748312883706,0,-23.2655,245,0,0,20,"both",0.309988758818787,0.569594468699321
"2095","session2",-9.33924823943358,12.494574222741,2.04889733247457,0.000814445160963589,0.247972572322174,0.596012404465476,0.36289124979324,1,2,100,0.309988758818787,0.569594468699321,21,1.89365788279844,1,-4.5574,245,0,0,20,"both",0.309988758818787,0.569594468699321
"2096","session2",-9.33924823943358,12.494574222741,2.04889733247457,0.000814445160963589,0.247972572322174,0.596012404465476,0.36289124979324,1,2,100,0.309988758818787,0.569594468699321,21,2.26349428146606,1,-1.3563,245,0,0,20,"both",0.309988758818787,0.569594468699321
"2097","session2",-9.33924823943358,12.494574222741,2.04889733247457,0.000814445160963589,0.247972572322174,0.596012404465476,0.36289124979324,1,2,100,0.309988758818787,0.569594468699321,21,3.18328202559353,0,-49.5693,245,0,0,20,"both",0.309988758818787,0.569594468699321
"2098","session2",-9.33924823943358,12.494574222741,2.04889733247457,0.000814445160963589,0.247972572322174,0.596012404465476,0.36289124979324,1,2,100,0.309988758818787,0.569594468699321,21,1.84700344217052,0,-18.95859,245,0,0,20,"both",0.309988758818787,0.569594468699321
"2099","session2",-9.33924823943358,12.494574222741,2.04889733247457,0.000814445160963589,0.247972572322174,0.596012404465476,0.36289124979324,1,2,100,0.309988758818787,0.569594468699321,21,2.00572601832073,1,0.286800000000001,245,0,0,20,"both",0.309988758818787,0.569594468699321
"2100","session2",-9.33924823943358,12.494574222741,2.04889733247457,0.000814445160963589,0.247972572322174,0.596012404465476,0.36289124979324,1,2,100,0.309988758818787,0.569594468699321,21,2.9655621778951,0,-21.37493,245,0,0,20,"both",0.309988758818787,0.569594468699321
"2101","session2",1.19958905606991,11.5963050412728,2.11925842163922,0.000806624611216686,0.218095153524399,0.453498221456115,0.644994406227639,2,2,100,0.309988758818787,0.569594468699321,22,1.79632845603892,1,9.4806741152,245,0,0,20,"both",0.309988758818787,0.569594468699321
"2102","session2",1.19958905606991,11.5963050412728,2.11925842163922,0.000806624611216686,0.218095153524399,0.453498221456115,0.644994406227639,2,2,100,0.309988758818787,0.569594468699321,22,1.72581943139163,1,-7.21421723,245,0,0,20,"both",0.309988758818787,0.569594468699321
"2103","session2",1.19958905606991,11.5963050412728,2.11925842163922,0.000806624611216686,0.218095153524399,0.453498221456115,0.644994406227639,2,2,100,0.309988758818787,0.569594468699321,22,2.15272686364967,0,-14.3213519325,245,0,0,20,"both",0.309988758818787,0.569594468699321
"2104","session2",1.19958905606991,11.5963050412728,2.11925842163922,0.000806624611216686,0.218095153524399,0.453498221456115,0.644994406227639,2,2,100,0.309988758818787,0.569594468699321,22,2.29116301357683,0,-9.2677879223,245,0,0,20,"both",0.309988758818787,0.569594468699321
"2105","session2",1.19958905606991,11.5963050412728,2.11925842163922,0.000806624611216686,0.218095153524399,0.453498221456115,0.644994406227639,2,2,100,0.309988758818787,0.569594468699321,22,1.87761514622655,0,-14.47561,245,0,0,20,"both",0.309988758818787,0.569594468699321
"2106","session2",1.19958905606991,11.5963050412728,2.11925842163922,0.000806624611216686,0.218095153524399,0.453498221456115,0.644994406227639,2,2,100,0.309988758818787,0.569594468699321,22,1.65421425363156,0,-11.40596,245,0,0,20,"both",0.309988758818787,0.569594468699321
"2107","session2",1.19958905606991,11.5963050412728,2.11925842163922,0.000806624611216686,0.218095153524399,0.453498221456115,0.644994406227639,2,2,100,0.309988758818787,0.569594468699321,22,3.50564536091787,1,-1.82866,245,0,0,20,"both",0.309988758818787,0.569594468699321
"2108","session2",1.19958905606991,11.5963050412728,2.11925842163922,0.000806624611216686,0.218095153524399,0.453498221456115,0.644994406227639,2,2,100,0.309988758818787,0.569594468699321,22,2.84213711610161,0,-18.2765,245,0,0,20,"both",0.309988758818787,0.569594468699321
"2109","session2",1.19958905606991,11.5963050412728,2.11925842163922,0.000806624611216686,0.218095153524399,0.453498221456115,0.644994406227639,2,2,100,0.309988758818787,0.569594468699321,22,1.60033310845026,0,-6.6188183606,245,0,0,20,"both",0.309988758818787,0.569594468699321
"2110","session2",1.19958905606991,11.5963050412728,2.11925842163922,0.000806624611216686,0.218095153524399,0.453498221456115,0.644994406227639,2,2,100,0.309988758818787,0.569594468699321,22,3.27424702962417,1,0.81698,245,0,0,20,"both",0.309988758818787,0.569594468699321
"2111","session2",1.19958905606991,11.5963050412728,2.11925842163922,0.000806624611216686,0.218095153524399,0.453498221456115,0.644994406227639,2,2,100,0.309988758818787,0.569594468699321,22,2.71818778804467,1,-6.64764,245,0,0,20,"both",0.309988758818787,0.569594468699321
"2112","session2",1.19958905606991,11.5963050412728,2.11925842163922,0.000806624611216686,0.218095153524399,0.453498221456115,0.644994406227639,2,2,100,0.309988758818787,0.569594468699321,22,2.05037933413408,0,-6.24762,245,0,0,20,"both",0.309988758818787,0.569594468699321
"2113","session2",1.19958905606991,11.5963050412728,2.11925842163922,0.000806624611216686,0.218095153524399,0.453498221456115,0.644994406227639,2,2,100,0.309988758818787,0.569594468699321,22,1.58841813629009,0,-12.24737,245,0,0,20,"both",0.309988758818787,0.569594468699321
"2114","session2",1.19958905606991,11.5963050412728,2.11925842163922,0.000806624611216686,0.218095153524399,0.453498221456115,0.644994406227639,2,2,100,0.309988758818787,0.569594468699321,22,3.029594905056,0,-7.03194,245,0,0,20,"both",0.309988758818787,0.569594468699321
"2115","session2",1.19958905606991,11.5963050412728,2.11925842163922,0.000806624611216686,0.218095153524399,0.453498221456115,0.644994406227639,2,2,100,0.309988758818787,0.569594468699321,22,3.56690789715145,1,-9.43616,245,0,0,20,"both",0.309988758818787,0.569594468699321
"2116","session2",1.19958905606991,11.5963050412728,2.11925842163922,0.000806624611216686,0.218095153524399,0.453498221456115,0.644994406227639,2,2,100,0.309988758818787,0.569594468699321,22,1.57750422751465,0,-5.5849608009,245,0,0,20,"both",0.309988758818787,0.569594468699321
"2117","session2",1.19958905606991,11.5963050412728,2.11925842163922,0.000806624611216686,0.218095153524399,0.453498221456115,0.644994406227639,2,2,100,0.309988758818787,0.569594468699321,22,1.88553638782607,0,-8.79868,245,0,0,20,"both",0.309988758818787,0.569594468699321
"2118","session2",1.19958905606991,11.5963050412728,2.11925842163922,0.000806624611216686,0.218095153524399,0.453498221456115,0.644994406227639,2,2,100,0.309988758818787,0.569594468699321,22,3.18718972743219,0,-6.90366,245,0,0,20,"both",0.309988758818787,0.569594468699321
"2119","session2",1.19958905606991,11.5963050412728,2.11925842163922,0.000806624611216686,0.218095153524399,0.453498221456115,0.644994406227639,2,2,100,0.309988758818787,0.569594468699321,22,3.8528897026594,1,14.66152,245,0,0,20,"both",0.309988758818787,0.569594468699321
"2120","session2",1.19958905606991,11.5963050412728,2.11925842163922,0.000806624611216686,0.218095153524399,0.453498221456115,0.644994406227639,2,2,100,0.309988758818787,0.569594468699321,22,1.68286796123623,0,-17.5565,245,0,0,20,"both",0.309988758818787,0.569594468699321
"2121","session2",1.19958905606991,11.5963050412728,2.11925842163922,0.000806624611216686,0.218095153524399,0.453498221456115,0.644994406227639,2,2,100,0.309988758818787,0.569594468699321,22,2.60104245581586,0,-4.14945,245,0,0,20,"both",0.309988758818787,0.569594468699321
"2122","session2",1.19958905606991,11.5963050412728,2.11925842163922,0.000806624611216686,0.218095153524399,0.453498221456115,0.644994406227639,2,2,100,0.309988758818787,0.569594468699321,22,2.34468009065441,1,8.141213,245,0,0,20,"both",0.309988758818787,0.569594468699321
"2123","session2",1.19958905606991,11.5963050412728,2.11925842163922,0.000806624611216686,0.218095153524399,0.453498221456115,0.644994406227639,2,2,100,0.309988758818787,0.569594468699321,22,2.15343081432172,0,3.42072,245,0,0,20,"both",0.309988758818787,0.569594468699321
"2124","session2",1.19958905606991,11.5963050412728,2.11925842163922,0.000806624611216686,0.218095153524399,0.453498221456115,0.644994406227639,2,2,100,0.309988758818787,0.569594468699321,22,2.8759258243703,1,1.34471,245,0,0,20,"both",0.309988758818787,0.569594468699321
"2125","session2",1.19958905606991,11.5963050412728,2.11925842163922,0.000806624611216686,0.218095153524399,0.453498221456115,0.644994406227639,2,2,100,0.309988758818787,0.569594468699321,22,3.09064007043102,1,3.49725,245,0,0,20,"both",0.309988758818787,0.569594468699321
"2126","session2",1.19958905606991,11.5963050412728,2.11925842163922,0.000806624611216686,0.218095153524399,0.453498221456115,0.644994406227639,2,2,100,0.309988758818787,0.569594468699321,22,8,0,-0.597169999999999,245,0,0,20,"both",0.309988758818787,0.569594468699321
"2127","session2",1.19958905606991,11.5963050412728,2.11925842163922,0.000806624611216686,0.218095153524399,0.453498221456115,0.644994406227639,2,2,100,0.309988758818787,0.569594468699321,22,1.71006921960522,0,-4.89334,245,0,0,20,"both",0.309988758818787,0.569594468699321
"2128","session2",1.19958905606991,11.5963050412728,2.11925842163922,0.000806624611216686,0.218095153524399,0.453498221456115,0.644994406227639,2,2,100,0.309988758818787,0.569594468699321,22,1.22214466915106,0,-12.11111,245,0,0,20,"both",0.309988758818787,0.569594468699321
"2129","session2",1.19958905606991,11.5963050412728,2.11925842163922,0.000806624611216686,0.218095153524399,0.453498221456115,0.644994406227639,2,2,100,0.309988758818787,0.569594468699321,22,5.330431911686,1,-1.91304,245,0,0,20,"both",0.309988758818787,0.569594468699321
"2130","session2",1.19958905606991,11.5963050412728,2.11925842163922,0.000806624611216686,0.218095153524399,0.453498221456115,0.644994406227639,2,2,100,0.309988758818787,0.569594468699321,22,3.01438066621394,0,-10.21787,245,0,0,20,"both",0.309988758818787,0.569594468699321
"2131","session2",1.19958905606991,11.5963050412728,2.11925842163922,0.000806624611216686,0.218095153524399,0.453498221456115,0.644994406227639,2,2,100,0.309988758818787,0.569594468699321,22,6.20547595946035,0,2.176415,245,0,0,20,"both",0.309988758818787,0.569594468699321
"2132","session2",1.19958905606991,11.5963050412728,2.11925842163922,0.000806624611216686,0.218095153524399,0.453498221456115,0.644994406227639,2,2,100,0.309988758818787,0.569594468699321,22,2.27438497126585,0,-6.91486,245,0,0,20,"both",0.309988758818787,0.569594468699321
"2133","session2",1.19958905606991,11.5963050412728,2.11925842163922,0.000806624611216686,0.218095153524399,0.453498221456115,0.644994406227639,2,2,100,0.309988758818787,0.569594468699321,22,4.49467948533503,1,-8.42035,245,0,0,20,"both",0.309988758818787,0.569594468699321
"2134","session2",1.19958905606991,11.5963050412728,2.11925842163922,0.000806624611216686,0.218095153524399,0.453498221456115,0.644994406227639,2,2,100,0.309988758818787,0.569594468699321,22,1.77638676851855,0,12.22483,245,0,0,20,"both",0.309988758818787,0.569594468699321
"2135","session2",1.19958905606991,11.5963050412728,2.11925842163922,0.000806624611216686,0.218095153524399,0.453498221456115,0.644994406227639,2,2,100,0.309988758818787,0.569594468699321,22,1.3200722534857,1,25.6346,245,0,0,20,"both",0.309988758818787,0.569594468699321
"2136","session2",1.19958905606991,11.5963050412728,2.11925842163922,0.000806624611216686,0.218095153524399,0.453498221456115,0.644994406227639,2,2,100,0.309988758818787,0.569594468699321,22,2.4520548857995,0,-7.71885,245,0,0,20,"both",0.309988758818787,0.569594468699321
"2137","session2",1.19958905606991,11.5963050412728,2.11925842163922,0.000806624611216686,0.218095153524399,0.453498221456115,0.644994406227639,2,2,100,0.309988758818787,0.569594468699321,22,3.00380747803879,1,-5.17414,245,0,0,20,"both",0.309988758818787,0.569594468699321
"2138","session2",1.19958905606991,11.5963050412728,2.11925842163922,0.000806624611216686,0.218095153524399,0.453498221456115,0.644994406227639,2,2,100,0.309988758818787,0.569594468699321,22,2.76299040345896,1,-5.57927,245,0,0,20,"both",0.309988758818787,0.569594468699321
"2139","session2",1.19958905606991,11.5963050412728,2.11925842163922,0.000806624611216686,0.218095153524399,0.453498221456115,0.644994406227639,2,2,100,0.309988758818787,0.569594468699321,22,1.31281899535363,0,-17.42806,245,0,0,20,"both",0.309988758818787,0.569594468699321
"2140","session2",1.19958905606991,11.5963050412728,2.11925842163922,0.000806624611216686,0.218095153524399,0.453498221456115,0.644994406227639,2,2,100,0.309988758818787,0.569594468699321,22,3.35897978983862,0,-25.813132,245,0,0,20,"both",0.309988758818787,0.569594468699321
"2141","session2",1.19958905606991,11.5963050412728,2.11925842163922,0.000806624611216686,0.218095153524399,0.453498221456115,0.644994406227639,2,2,100,0.309988758818787,0.569594468699321,22,1.80135218230585,0,-11.79337,245,0,0,20,"both",0.309988758818787,0.569594468699321
"2142","session2",1.19958905606991,11.5963050412728,2.11925842163922,0.000806624611216686,0.218095153524399,0.453498221456115,0.644994406227639,2,2,100,0.309988758818787,0.569594468699321,22,1.57285022600356,1,-14.25484,245,0,0,20,"both",0.309988758818787,0.569594468699321
"2143","session2",1.19958905606991,11.5963050412728,2.11925842163922,0.000806624611216686,0.218095153524399,0.453498221456115,0.644994406227639,2,2,100,0.309988758818787,0.569594468699321,22,1.7894618337829,1,19.713351,245,0,0,20,"both",0.309988758818787,0.569594468699321
"2144","session2",1.19958905606991,11.5963050412728,2.11925842163922,0.000806624611216686,0.218095153524399,0.453498221456115,0.644994406227639,2,2,100,0.309988758818787,0.569594468699321,22,1.56308897559889,1,6.635688,245,0,0,20,"both",0.309988758818787,0.569594468699321
"2145","session2",1.19958905606991,11.5963050412728,2.11925842163922,0.000806624611216686,0.218095153524399,0.453498221456115,0.644994406227639,2,2,100,0.309988758818787,0.569594468699321,22,3.17951628304283,0,-4.30138,245,0,0,20,"both",0.309988758818787,0.569594468699321
"2146","session2",1.19958905606991,11.5963050412728,2.11925842163922,0.000806624611216686,0.218095153524399,0.453498221456115,0.644994406227639,2,2,100,0.309988758818787,0.569594468699321,22,3.102137940908,1,15.128591,245,0,0,20,"both",0.309988758818787,0.569594468699321
"2147","session2",1.19958905606991,11.5963050412728,2.11925842163922,0.000806624611216686,0.218095153524399,0.453498221456115,0.644994406227639,2,2,100,0.309988758818787,0.569594468699321,22,2.74389770167183,0,-16.66835,245,0,0,20,"both",0.309988758818787,0.569594468699321
"2148","session2",1.19958905606991,11.5963050412728,2.11925842163922,0.000806624611216686,0.218095153524399,0.453498221456115,0.644994406227639,2,2,100,0.309988758818787,0.569594468699321,22,3.14438729042399,1,-12.41846,245,0,0,20,"both",0.309988758818787,0.569594468699321
"2149","session2",1.19958905606991,11.5963050412728,2.11925842163922,0.000806624611216686,0.218095153524399,0.453498221456115,0.644994406227639,2,2,100,0.309988758818787,0.569594468699321,22,3.06744284089369,0,5.02952,245,0,0,20,"both",0.309988758818787,0.569594468699321
"2150","session2",1.19958905606991,11.5963050412728,2.11925842163922,0.000806624611216686,0.218095153524399,0.453498221456115,0.644994406227639,2,2,100,0.309988758818787,0.569594468699321,22,2.56300671262602,0,-24.29443,245,0,0,20,"both",0.309988758818787,0.569594468699321
"2151","session2",1.19958905606991,11.5963050412728,2.11925842163922,0.000806624611216686,0.218095153524399,0.453498221456115,0.644994406227639,2,2,100,0.309988758818787,0.569594468699321,22,2.27894013127064,1,8.396681,245,0,0,20,"both",0.309988758818787,0.569594468699321
"2152","session2",1.19958905606991,11.5963050412728,2.11925842163922,0.000806624611216686,0.218095153524399,0.453498221456115,0.644994406227639,2,2,100,0.309988758818787,0.569594468699321,22,3.320867837711,0,-10.36399,245,0,0,20,"both",0.309988758818787,0.569594468699321
"2153","session2",1.19958905606991,11.5963050412728,2.11925842163922,0.000806624611216686,0.218095153524399,0.453498221456115,0.644994406227639,2,2,100,0.309988758818787,0.569594468699321,22,1.56191647700587,0,-3.89883,245,0,0,20,"both",0.309988758818787,0.569594468699321
"2154","session2",1.19958905606991,11.5963050412728,2.11925842163922,0.000806624611216686,0.218095153524399,0.453498221456115,0.644994406227639,2,2,100,0.309988758818787,0.569594468699321,22,2.82814992281879,0,-8.66159,245,0,0,20,"both",0.309988758818787,0.569594468699321
"2155","session2",1.19958905606991,11.5963050412728,2.11925842163922,0.000806624611216686,0.218095153524399,0.453498221456115,0.644994406227639,2,2,100,0.309988758818787,0.569594468699321,22,1.21258677293886,0,-24.84253,245,0,0,20,"both",0.309988758818787,0.569594468699321
"2156","session2",1.19958905606991,11.5963050412728,2.11925842163922,0.000806624611216686,0.218095153524399,0.453498221456115,0.644994406227639,2,2,100,0.309988758818787,0.569594468699321,22,2.08781599082337,1,-7.781139,245,0,0,20,"both",0.309988758818787,0.569594468699321
"2157","session2",1.19958905606991,11.5963050412728,2.11925842163922,0.000806624611216686,0.218095153524399,0.453498221456115,0.644994406227639,2,2,100,0.309988758818787,0.569594468699321,22,2.31248253661482,0,-17.59925,245,0,0,20,"both",0.309988758818787,0.569594468699321
"2158","session2",1.19958905606991,11.5963050412728,2.11925842163922,0.000806624611216686,0.218095153524399,0.453498221456115,0.644994406227639,2,2,100,0.309988758818787,0.569594468699321,22,2.74495941533745,0,-2.77776,245,0,0,20,"both",0.309988758818787,0.569594468699321
"2159","session2",1.19958905606991,11.5963050412728,2.11925842163922,0.000806624611216686,0.218095153524399,0.453498221456115,0.644994406227639,2,2,100,0.309988758818787,0.569594468699321,22,1.46774657545431,0,-14.717796,245,0,0,20,"both",0.309988758818787,0.569594468699321
"2160","session2",1.19958905606991,11.5963050412728,2.11925842163922,0.000806624611216686,0.218095153524399,0.453498221456115,0.644994406227639,2,2,100,0.309988758818787,0.569594468699321,22,3.05716989591005,0,16.3076298,245,0,0,20,"both",0.309988758818787,0.569594468699321
"2161","session2",1.19958905606991,11.5963050412728,2.11925842163922,0.000806624611216686,0.218095153524399,0.453498221456115,0.644994406227639,2,2,100,0.309988758818787,0.569594468699321,22,2.24901300189811,1,-7.83005,245,0,0,20,"both",0.309988758818787,0.569594468699321
"2162","session2",1.19958905606991,11.5963050412728,2.11925842163922,0.000806624611216686,0.218095153524399,0.453498221456115,0.644994406227639,2,2,100,0.309988758818787,0.569594468699321,22,1.35694606415906,1,20.49216,245,0,0,20,"both",0.309988758818787,0.569594468699321
"2163","session2",1.19958905606991,11.5963050412728,2.11925842163922,0.000806624611216686,0.218095153524399,0.453498221456115,0.644994406227639,2,2,100,0.309988758818787,0.569594468699321,22,2.98623207133716,0,-16.45388,245,0,0,20,"both",0.309988758818787,0.569594468699321
"2164","session2",1.19958905606991,11.5963050412728,2.11925842163922,0.000806624611216686,0.218095153524399,0.453498221456115,0.644994406227639,2,2,100,0.309988758818787,0.569594468699321,22,2.38465313723304,1,7.46977,245,0,0,20,"both",0.309988758818787,0.569594468699321
"2165","session2",1.19958905606991,11.5963050412728,2.11925842163922,0.000806624611216686,0.218095153524399,0.453498221456115,0.644994406227639,2,2,100,0.309988758818787,0.569594468699321,22,2.69451812069594,0,-9.33464,245,0,0,20,"both",0.309988758818787,0.569594468699321
"2166","session2",1.19958905606991,11.5963050412728,2.11925842163922,0.000806624611216686,0.218095153524399,0.453498221456115,0.644994406227639,2,2,100,0.309988758818787,0.569594468699321,22,1.61277019120657,0,-6.305506,245,0,0,20,"both",0.309988758818787,0.569594468699321
"2167","session2",1.19958905606991,11.5963050412728,2.11925842163922,0.000806624611216686,0.218095153524399,0.453498221456115,0.644994406227639,2,2,100,0.309988758818787,0.569594468699321,22,1.36340645887681,1,22.19403,245,0,0,20,"both",0.309988758818787,0.569594468699321
"2168","session2",1.19958905606991,11.5963050412728,2.11925842163922,0.000806624611216686,0.218095153524399,0.453498221456115,0.644994406227639,2,2,100,0.309988758818787,0.569594468699321,22,2.21908342975045,0,-21.7239,245,0,0,20,"both",0.309988758818787,0.569594468699321
"2169","session2",1.19958905606991,11.5963050412728,2.11925842163922,0.000806624611216686,0.218095153524399,0.453498221456115,0.644994406227639,2,2,100,0.309988758818787,0.569594468699321,22,1.99744291010593,0,-20.58775,245,0,0,20,"both",0.309988758818787,0.569594468699321
"2170","session2",1.19958905606991,11.5963050412728,2.11925842163922,0.000806624611216686,0.218095153524399,0.453498221456115,0.644994406227639,2,2,100,0.309988758818787,0.569594468699321,22,1.66158873819273,0,-9.742781,245,0,0,20,"both",0.309988758818787,0.569594468699321
"2171","session2",1.19958905606991,11.5963050412728,2.11925842163922,0.000806624611216686,0.218095153524399,0.453498221456115,0.644994406227639,2,2,100,0.309988758818787,0.569594468699321,22,2.84398917033919,0,-14.24092,245,0,0,20,"both",0.309988758818787,0.569594468699321
"2172","session2",1.19958905606991,11.5963050412728,2.11925842163922,0.000806624611216686,0.218095153524399,0.453498221456115,0.644994406227639,2,2,100,0.309988758818787,0.569594468699321,22,1.5927403505391,0,12.65291,245,0,0,20,"both",0.309988758818787,0.569594468699321
"2173","session2",1.19958905606991,11.5963050412728,2.11925842163922,0.000806624611216686,0.218095153524399,0.453498221456115,0.644994406227639,2,2,100,0.309988758818787,0.569594468699321,22,1.79870654305947,0,-11.6138,245,0,0,20,"both",0.309988758818787,0.569594468699321
"2174","session2",1.19958905606991,11.5963050412728,2.11925842163922,0.000806624611216686,0.218095153524399,0.453498221456115,0.644994406227639,2,2,100,0.309988758818787,0.569594468699321,22,2.74715445388343,0,-11.91717,245,0,0,20,"both",0.309988758818787,0.569594468699321
"2175","session2",1.19958905606991,11.5963050412728,2.11925842163922,0.000806624611216686,0.218095153524399,0.453498221456115,0.644994406227639,2,2,100,0.309988758818787,0.569594468699321,22,1.28440753000513,1,10.0372,245,0,0,20,"both",0.309988758818787,0.569594468699321
"2176","session2",1.19958905606991,11.5963050412728,2.11925842163922,0.000806624611216686,0.218095153524399,0.453498221456115,0.644994406227639,2,2,100,0.309988758818787,0.569594468699321,22,2.12003019751603,1,14.749495,245,0,0,20,"both",0.309988758818787,0.569594468699321
"2177","session2",1.19958905606991,11.5963050412728,2.11925842163922,0.000806624611216686,0.218095153524399,0.453498221456115,0.644994406227639,2,2,100,0.309988758818787,0.569594468699321,22,2.64307717968643,0,11.58753,245,0,0,20,"both",0.309988758818787,0.569594468699321
"2178","session2",1.19958905606991,11.5963050412728,2.11925842163922,0.000806624611216686,0.218095153524399,0.453498221456115,0.644994406227639,2,2,100,0.309988758818787,0.569594468699321,22,1.64597416797397,0,-13.42621,245,0,0,20,"both",0.309988758818787,0.569594468699321
"2179","session2",1.19958905606991,11.5963050412728,2.11925842163922,0.000806624611216686,0.218095153524399,0.453498221456115,0.644994406227639,2,2,100,0.309988758818787,0.569594468699321,22,1.49243497039445,0,-15.375638,245,0,0,20,"both",0.309988758818787,0.569594468699321
"2180","session2",1.19958905606991,11.5963050412728,2.11925842163922,0.000806624611216686,0.218095153524399,0.453498221456115,0.644994406227639,2,2,100,0.309988758818787,0.569594468699321,22,1.54755843048958,0,-6.48314,245,0,0,20,"both",0.309988758818787,0.569594468699321
"2181","session2",1.19958905606991,11.5963050412728,2.11925842163922,0.000806624611216686,0.218095153524399,0.453498221456115,0.644994406227639,2,2,100,0.309988758818787,0.569594468699321,22,1.92648775865143,0,13.31578,245,0,0,20,"both",0.309988758818787,0.569594468699321
"2182","session2",1.19958905606991,11.5963050412728,2.11925842163922,0.000806624611216686,0.218095153524399,0.453498221456115,0.644994406227639,2,2,100,0.309988758818787,0.569594468699321,22,2.32324192238797,1,25.96255,245,0,0,20,"both",0.309988758818787,0.569594468699321
"2183","session2",1.19958905606991,11.5963050412728,2.11925842163922,0.000806624611216686,0.218095153524399,0.453498221456115,0.644994406227639,2,2,100,0.309988758818787,0.569594468699321,22,2.39864620836315,0,-13.35296,245,0,0,20,"both",0.309988758818787,0.569594468699321
"2184","session2",1.19958905606991,11.5963050412728,2.11925842163922,0.000806624611216686,0.218095153524399,0.453498221456115,0.644994406227639,2,2,100,0.309988758818787,0.569594468699321,22,3.14502003290752,1,25.382,245,0,0,20,"both",0.309988758818787,0.569594468699321
"2185","session2",1.19958905606991,11.5963050412728,2.11925842163922,0.000806624611216686,0.218095153524399,0.453498221456115,0.644994406227639,2,2,100,0.309988758818787,0.569594468699321,22,2.24362259668473,0,-8.468012,245,0,0,20,"both",0.309988758818787,0.569594468699321
"2186","session2",1.19958905606991,11.5963050412728,2.11925842163922,0.000806624611216686,0.218095153524399,0.453498221456115,0.644994406227639,2,2,100,0.309988758818787,0.569594468699321,22,3.74052809862475,1,20.97607,245,0,0,20,"both",0.309988758818787,0.569594468699321
"2187","session2",1.19958905606991,11.5963050412728,2.11925842163922,0.000806624611216686,0.218095153524399,0.453498221456115,0.644994406227639,2,2,100,0.309988758818787,0.569594468699321,22,4.02797313292293,0,-8.14896,245,0,0,20,"both",0.309988758818787,0.569594468699321
"2188","session2",1.19958905606991,11.5963050412728,2.11925842163922,0.000806624611216686,0.218095153524399,0.453498221456115,0.644994406227639,2,2,100,0.309988758818787,0.569594468699321,22,1.32835097381136,1,16.377,245,0,0,20,"both",0.309988758818787,0.569594468699321
"2189","session2",1.19958905606991,11.5963050412728,2.11925842163922,0.000806624611216686,0.218095153524399,0.453498221456115,0.644994406227639,2,2,100,0.309988758818787,0.569594468699321,22,2.55249868178594,0,-8.30652,245,0,0,20,"both",0.309988758818787,0.569594468699321
"2190","session2",1.19958905606991,11.5963050412728,2.11925842163922,0.000806624611216686,0.218095153524399,0.453498221456115,0.644994406227639,2,2,100,0.309988758818787,0.569594468699321,22,1.55532015665364,1,16.09771,245,0,0,20,"both",0.309988758818787,0.569594468699321
"2191","session2",1.19958905606991,11.5963050412728,2.11925842163922,0.000806624611216686,0.218095153524399,0.453498221456115,0.644994406227639,2,2,100,0.309988758818787,0.569594468699321,22,3.11547574077432,0,-11.79429,245,0,0,20,"both",0.309988758818787,0.569594468699321
"2192","session2",1.19958905606991,11.5963050412728,2.11925842163922,0.000806624611216686,0.218095153524399,0.453498221456115,0.644994406227639,2,2,100,0.309988758818787,0.569594468699321,22,2.73160267964655,1,21.03806,245,0,0,20,"both",0.309988758818787,0.569594468699321
"2193","session2",1.19958905606991,11.5963050412728,2.11925842163922,0.000806624611216686,0.218095153524399,0.453498221456115,0.644994406227639,2,2,100,0.309988758818787,0.569594468699321,22,2.37920618142236,0,-9.651768,245,0,0,20,"both",0.309988758818787,0.569594468699321
"2194","session2",1.19958905606991,11.5963050412728,2.11925842163922,0.000806624611216686,0.218095153524399,0.453498221456115,0.644994406227639,2,2,100,0.309988758818787,0.569594468699321,22,2.29759023397733,0,-10.32249,245,0,0,20,"both",0.309988758818787,0.569594468699321
"2195","session2",1.19958905606991,11.5963050412728,2.11925842163922,0.000806624611216686,0.218095153524399,0.453498221456115,0.644994406227639,2,2,100,0.309988758818787,0.569594468699321,22,3.27591702354066,0,-8.092,245,0,0,20,"both",0.309988758818787,0.569594468699321
"2196","session2",1.19958905606991,11.5963050412728,2.11925842163922,0.000806624611216686,0.218095153524399,0.453498221456115,0.644994406227639,2,2,100,0.309988758818787,0.569594468699321,22,1.65374573791898,0,-13.9706,245,0,0,20,"both",0.309988758818787,0.569594468699321
"2197","session2",1.19958905606991,11.5963050412728,2.11925842163922,0.000806624611216686,0.218095153524399,0.453498221456115,0.644994406227639,2,2,100,0.309988758818787,0.569594468699321,22,1.50808651465547,1,16.49281,245,0,0,20,"both",0.309988758818787,0.569594468699321
"2198","session2",1.19958905606991,11.5963050412728,2.11925842163922,0.000806624611216686,0.218095153524399,0.453498221456115,0.644994406227639,2,2,100,0.309988758818787,0.569594468699321,22,2.95956606208295,0,9.334865,245,0,0,20,"both",0.309988758818787,0.569594468699321
"2199","session2",1.19958905606991,11.5963050412728,2.11925842163922,0.000806624611216686,0.218095153524399,0.453498221456115,0.644994406227639,2,2,100,0.309988758818787,0.569594468699321,22,3.64356251417322,0,-20.13009,245,0,0,20,"both",0.309988758818787,0.569594468699321
"2200","session2",1.19958905606991,11.5963050412728,2.11925842163922,0.000806624611216686,0.218095153524399,0.453498221456115,0.644994406227639,2,2,100,0.309988758818787,0.569594468699321,22,2.58640523930194,0,-5.24518,245,0,0,20,"both",0.309988758818787,0.569594468699321
"2201","session2",12.7716979588261,11.8070552669199,1.9751509940164,0.000264878739990546,-0.29061828035351,0.506129388435002,0.389091865591745,3,2,100,0.309988758818787,0.569594468699321,23,1.72989796296371,0,7.2473001193,245,0,0,20,"both",0.309988758818787,0.569594468699321
"2202","session2",12.7716979588261,11.8070552669199,1.9751509940164,0.000264878739990546,-0.29061828035351,0.506129388435002,0.389091865591745,3,2,100,0.309988758818787,0.569594468699321,23,2.88960246963069,1,9.6124859844,245,0,0,20,"both",0.309988758818787,0.569594468699321
"2203","session2",12.7716979588261,11.8070552669199,1.9751509940164,0.000264878739990546,-0.29061828035351,0.506129388435002,0.389091865591745,3,2,100,0.309988758818787,0.569594468699321,23,3.07461767551776,0,3.355800119,245,0,0,20,"both",0.309988758818787,0.569594468699321
"2204","session2",12.7716979588261,11.8070552669199,1.9751509940164,0.000264878739990546,-0.29061828035351,0.506129388435002,0.389091865591745,3,2,100,0.309988758818787,0.569594468699321,23,1.41889532973307,0,9.84224477578,245,0,0,20,"both",0.309988758818787,0.569594468699321
"2205","session2",12.7716979588261,11.8070552669199,1.9751509940164,0.000264878739990546,-0.29061828035351,0.506129388435002,0.389091865591745,3,2,100,0.309988758818787,0.569594468699321,23,0.953292906640374,0,-1.85643,245,0,0,20,"both",0.309988758818787,0.569594468699321
"2206","session2",12.7716979588261,11.8070552669199,1.9751509940164,0.000264878739990546,-0.29061828035351,0.506129388435002,0.389091865591745,3,2,100,0.309988758818787,0.569594468699321,23,3.73495772253756,0,15.39328,245,0,0,20,"both",0.309988758818787,0.569594468699321
"2207","session2",12.7716979588261,11.8070552669199,1.9751509940164,0.000264878739990546,-0.29061828035351,0.506129388435002,0.389091865591745,3,2,100,0.309988758818787,0.569594468699321,23,1.14384282717172,0,-5.4581,245,0,0,20,"both",0.309988758818787,0.569594468699321
"2208","session2",12.7716979588261,11.8070552669199,1.9751509940164,0.000264878739990546,-0.29061828035351,0.506129388435002,0.389091865591745,3,2,100,0.309988758818787,0.569594468699321,23,1.84757385307593,1,21.73703,245,0,0,20,"both",0.309988758818787,0.569594468699321
"2209","session2",12.7716979588261,11.8070552669199,1.9751509940164,0.000264878739990546,-0.29061828035351,0.506129388435002,0.389091865591745,3,2,100,0.309988758818787,0.569594468699321,23,1.03102357940397,0,-14.06061,245,0,0,20,"both",0.309988758818787,0.569594468699321
"2210","session2",12.7716979588261,11.8070552669199,1.9751509940164,0.000264878739990546,-0.29061828035351,0.506129388435002,0.389091865591745,3,2,100,0.309988758818787,0.569594468699321,23,0.688335647311665,1,47.1613,245,0,0,20,"both",0.309988758818787,0.569594468699321
"2211","session2",12.7716979588261,11.8070552669199,1.9751509940164,0.000264878739990546,-0.29061828035351,0.506129388435002,0.389091865591745,3,2,100,0.309988758818787,0.569594468699321,23,2.73064285124085,1,20.82798,245,0,0,20,"both",0.309988758818787,0.569594468699321
"2212","session2",12.7716979588261,11.8070552669199,1.9751509940164,0.000264878739990546,-0.29061828035351,0.506129388435002,0.389091865591745,3,2,100,0.309988758818787,0.569594468699321,23,0.91569791601708,1,11.94397,245,0,0,20,"both",0.309988758818787,0.569594468699321
"2213","session2",12.7716979588261,11.8070552669199,1.9751509940164,0.000264878739990546,-0.29061828035351,0.506129388435002,0.389091865591745,3,2,100,0.309988758818787,0.569594468699321,23,1.90127710691224,0,4.5378,245,0,0,20,"both",0.309988758818787,0.569594468699321
"2214","session2",12.7716979588261,11.8070552669199,1.9751509940164,0.000264878739990546,-0.29061828035351,0.506129388435002,0.389091865591745,3,2,100,0.309988758818787,0.569594468699321,23,1.29321637922872,1,19.96012,245,0,0,20,"both",0.309988758818787,0.569594468699321
"2215","session2",12.7716979588261,11.8070552669199,1.9751509940164,0.000264878739990546,-0.29061828035351,0.506129388435002,0.389091865591745,3,2,100,0.309988758818787,0.569594468699321,23,1.31851913176898,1,36.4343,245,0,0,20,"both",0.309988758818787,0.569594468699321
"2216","session2",12.7716979588261,11.8070552669199,1.9751509940164,0.000264878739990546,-0.29061828035351,0.506129388435002,0.389091865591745,3,2,100,0.309988758818787,0.569594468699321,23,1.60143041460955,0,17.88451,245,0,0,20,"both",0.309988758818787,0.569594468699321
"2217","session2",12.7716979588261,11.8070552669199,1.9751509940164,0.000264878739990546,-0.29061828035351,0.506129388435002,0.389091865591745,3,2,100,0.309988758818787,0.569594468699321,23,0.876238125596691,0,-11.1263,245,0,0,20,"both",0.309988758818787,0.569594468699321
"2218","session2",12.7716979588261,11.8070552669199,1.9751509940164,0.000264878739990546,-0.29061828035351,0.506129388435002,0.389091865591745,3,2,100,0.309988758818787,0.569594468699321,23,1.24124646207182,0,25.6972,245,0,0,20,"both",0.309988758818787,0.569594468699321
"2219","session2",12.7716979588261,11.8070552669199,1.9751509940164,0.000264878739990546,-0.29061828035351,0.506129388435002,0.389091865591745,3,2,100,0.309988758818787,0.569594468699321,23,1.35386989009682,1,-4.573,245,0,0,20,"both",0.309988758818787,0.569594468699321
"2220","session2",12.7716979588261,11.8070552669199,1.9751509940164,0.000264878739990546,-0.29061828035351,0.506129388435002,0.389091865591745,3,2,100,0.309988758818787,0.569594468699321,23,0.971293219071566,1,38.4864,245,0,0,20,"both",0.309988758818787,0.569594468699321
"2221","session2",12.7716979588261,11.8070552669199,1.9751509940164,0.000264878739990546,-0.29061828035351,0.506129388435002,0.389091865591745,3,2,100,0.309988758818787,0.569594468699321,23,1.35308797027725,0,-37.268,245,0,0,20,"both",0.309988758818787,0.569594468699321
"2222","session2",12.7716979588261,11.8070552669199,1.9751509940164,0.000264878739990546,-0.29061828035351,0.506129388435002,0.389091865591745,3,2,100,0.309988758818787,0.569594468699321,23,1.26191147262638,0,-18.99134,245,0,0,20,"both",0.309988758818787,0.569594468699321
"2223","session2",12.7716979588261,11.8070552669199,1.9751509940164,0.000264878739990546,-0.29061828035351,0.506129388435002,0.389091865591745,3,2,100,0.309988758818787,0.569594468699321,23,1.23901654925721,0,-0.4671,245,0,0,20,"both",0.309988758818787,0.569594468699321
"2224","session2",12.7716979588261,11.8070552669199,1.9751509940164,0.000264878739990546,-0.29061828035351,0.506129388435002,0.389091865591745,3,2,100,0.309988758818787,0.569594468699321,23,2.78783472587194,1,13.60521,245,0,0,20,"both",0.309988758818787,0.569594468699321
"2225","session2",12.7716979588261,11.8070552669199,1.9751509940164,0.000264878739990546,-0.29061828035351,0.506129388435002,0.389091865591745,3,2,100,0.309988758818787,0.569594468699321,23,1.41548159926532,1,17.36382,245,0,0,20,"both",0.309988758818787,0.569594468699321
"2226","session2",12.7716979588261,11.8070552669199,1.9751509940164,0.000264878739990546,-0.29061828035351,0.506129388435002,0.389091865591745,3,2,100,0.309988758818787,0.569594468699321,23,1.28766339991032,1,18.5457,245,0,0,20,"both",0.309988758818787,0.569594468699321
"2227","session2",12.7716979588261,11.8070552669199,1.9751509940164,0.000264878739990546,-0.29061828035351,0.506129388435002,0.389091865591745,3,2,100,0.309988758818787,0.569594468699321,23,1.45379488554225,1,42.4963,245,0,0,20,"both",0.309988758818787,0.569594468699321
"2228","session2",12.7716979588261,11.8070552669199,1.9751509940164,0.000264878739990546,-0.29061828035351,0.506129388435002,0.389091865591745,3,2,100,0.309988758818787,0.569594468699321,23,1.64860237817918,0,-5.378,245,0,0,20,"both",0.309988758818787,0.569594468699321
"2229","session2",12.7716979588261,11.8070552669199,1.9751509940164,0.000264878739990546,-0.29061828035351,0.506129388435002,0.389091865591745,3,2,100,0.309988758818787,0.569594468699321,23,1.65278973754478,0,-1.31277,245,0,0,20,"both",0.309988758818787,0.569594468699321
"2230","session2",12.7716979588261,11.8070552669199,1.9751509940164,0.000264878739990546,-0.29061828035351,0.506129388435002,0.389091865591745,3,2,100,0.309988758818787,0.569594468699321,23,1.56205587137164,1,35.3632,245,0,0,20,"both",0.309988758818787,0.569594468699321
"2231","session2",12.7716979588261,11.8070552669199,1.9751509940164,0.000264878739990546,-0.29061828035351,0.506129388435002,0.389091865591745,3,2,100,0.309988758818787,0.569594468699321,23,1.76271728007144,0,-8.0916,245,0,0,20,"both",0.309988758818787,0.569594468699321
"2232","session2",12.7716979588261,11.8070552669199,1.9751509940164,0.000264878739990546,-0.29061828035351,0.506129388435002,0.389091865591745,3,2,100,0.309988758818787,0.569594468699321,23,2.58914120261368,0,10.18848,245,0,0,20,"both",0.309988758818787,0.569594468699321
"2233","session2",12.7716979588261,11.8070552669199,1.9751509940164,0.000264878739990546,-0.29061828035351,0.506129388435002,0.389091865591745,3,2,100,0.309988758818787,0.569594468699321,23,2.07491705335739,1,1.8039,245,0,0,20,"both",0.309988758818787,0.569594468699321
"2234","session2",12.7716979588261,11.8070552669199,1.9751509940164,0.000264878739990546,-0.29061828035351,0.506129388435002,0.389091865591745,3,2,100,0.309988758818787,0.569594468699321,23,1.86397655278126,1,14.42065,245,0,0,20,"both",0.309988758818787,0.569594468699321
"2235","session2",12.7716979588261,11.8070552669199,1.9751509940164,0.000264878739990546,-0.29061828035351,0.506129388435002,0.389091865591745,3,2,100,0.309988758818787,0.569594468699321,23,1.58719097101613,0,19.67154,245,0,0,20,"both",0.309988758818787,0.569594468699321
"2236","session2",12.7716979588261,11.8070552669199,1.9751509940164,0.000264878739990546,-0.29061828035351,0.506129388435002,0.389091865591745,3,2,100,0.309988758818787,0.569594468699321,23,1.42042337826114,1,23.8732,245,0,0,20,"both",0.309988758818787,0.569594468699321
"2237","session2",12.7716979588261,11.8070552669199,1.9751509940164,0.000264878739990546,-0.29061828035351,0.506129388435002,0.389091865591745,3,2,100,0.309988758818787,0.569594468699321,23,3.27077054452681,1,17.15298,245,0,0,20,"both",0.309988758818787,0.569594468699321
"2238","session2",12.7716979588261,11.8070552669199,1.9751509940164,0.000264878739990546,-0.29061828035351,0.506129388435002,0.389091865591745,3,2,100,0.309988758818787,0.569594468699321,23,3.35765289950618,1,23.16025,245,0,0,20,"both",0.309988758818787,0.569594468699321
"2239","session2",12.7716979588261,11.8070552669199,1.9751509940164,0.000264878739990546,-0.29061828035351,0.506129388435002,0.389091865591745,3,2,100,0.309988758818787,0.569594468699321,23,1.05597836796623,0,-2.1679,245,0,0,20,"both",0.309988758818787,0.569594468699321
"2240","session2",12.7716979588261,11.8070552669199,1.9751509940164,0.000264878739990546,-0.29061828035351,0.506129388435002,0.389091865591745,3,2,100,0.309988758818787,0.569594468699321,23,1.15894836290744,1,21.19818,245,0,0,20,"both",0.309988758818787,0.569594468699321
"2241","session2",12.7716979588261,11.8070552669199,1.9751509940164,0.000264878739990546,-0.29061828035351,0.506129388435002,0.389091865591745,3,2,100,0.309988758818787,0.569594468699321,23,0.878602859373753,0,-1.9241,245,0,0,20,"both",0.309988758818787,0.569594468699321
"2242","session2",12.7716979588261,11.8070552669199,1.9751509940164,0.000264878739990546,-0.29061828035351,0.506129388435002,0.389091865591745,3,2,100,0.309988758818787,0.569594468699321,23,1.31043254140814,0,-1.9621,245,0,0,20,"both",0.309988758818787,0.569594468699321
"2243","session2",12.7716979588261,11.8070552669199,1.9751509940164,0.000264878739990546,-0.29061828035351,0.506129388435002,0.389091865591745,3,2,100,0.309988758818787,0.569594468699321,23,1.93684770515172,1,25.9109,245,0,0,20,"both",0.309988758818787,0.569594468699321
"2244","session2",12.7716979588261,11.8070552669199,1.9751509940164,0.000264878739990546,-0.29061828035351,0.506129388435002,0.389091865591745,3,2,100,0.309988758818787,0.569594468699321,23,0.951293304456799,0,4.8224,245,0,0,20,"both",0.309988758818787,0.569594468699321
"2245","session2",12.7716979588261,11.8070552669199,1.9751509940164,0.000264878739990546,-0.29061828035351,0.506129388435002,0.389091865591745,3,2,100,0.309988758818787,0.569594468699321,23,2.75580358969718,0,7.4615,245,0,0,20,"both",0.309988758818787,0.569594468699321
"2246","session2",12.7716979588261,11.8070552669199,1.9751509940164,0.000264878739990546,-0.29061828035351,0.506129388435002,0.389091865591745,3,2,100,0.309988758818787,0.569594468699321,23,0.809725634990724,0,-11.4338,245,0,0,20,"both",0.309988758818787,0.569594468699321
"2247","session2",12.7716979588261,11.8070552669199,1.9751509940164,0.000264878739990546,-0.29061828035351,0.506129388435002,0.389091865591745,3,2,100,0.309988758818787,0.569594468699321,23,1.082918610447,0,17.50241,245,0,0,20,"both",0.309988758818787,0.569594468699321
"2248","session2",12.7716979588261,11.8070552669199,1.9751509940164,0.000264878739990546,-0.29061828035351,0.506129388435002,0.389091865591745,3,2,100,0.309988758818787,0.569594468699321,23,1.99767218721885,1,24.7737,245,0,0,20,"both",0.309988758818787,0.569594468699321
"2249","session2",12.7716979588261,11.8070552669199,1.9751509940164,0.000264878739990546,-0.29061828035351,0.506129388435002,0.389091865591745,3,2,100,0.309988758818787,0.569594468699321,23,2.07837269189145,1,19.61636,245,0,0,20,"both",0.309988758818787,0.569594468699321
"2250","session2",12.7716979588261,11.8070552669199,1.9751509940164,0.000264878739990546,-0.29061828035351,0.506129388435002,0.389091865591745,3,2,100,0.309988758818787,0.569594468699321,23,1.24303231176889,1,14.72642,245,0,0,20,"both",0.309988758818787,0.569594468699321
"2251","session2",12.7716979588261,11.8070552669199,1.9751509940164,0.000264878739990546,-0.29061828035351,0.506129388435002,0.389091865591745,3,2,100,0.309988758818787,0.569594468699321,23,1.08561754673039,1,21.4915,245,0,0,20,"both",0.309988758818787,0.569594468699321
"2252","session2",12.7716979588261,11.8070552669199,1.9751509940164,0.000264878739990546,-0.29061828035351,0.506129388435002,0.389091865591745,3,2,100,0.309988758818787,0.569594468699321,23,0.980253348869663,0,-3.5419,245,0,0,20,"both",0.309988758818787,0.569594468699321
"2253","session2",12.7716979588261,11.8070552669199,1.9751509940164,0.000264878739990546,-0.29061828035351,0.506129388435002,0.389091865591745,3,2,100,0.309988758818787,0.569594468699321,23,2.00125075020774,1,20.12764,245,0,0,20,"both",0.309988758818787,0.569594468699321
"2254","session2",12.7716979588261,11.8070552669199,1.9751509940164,0.000264878739990546,-0.29061828035351,0.506129388435002,0.389091865591745,3,2,100,0.309988758818787,0.569594468699321,23,1.70626721056247,0,5.6155,245,0,0,20,"both",0.309988758818787,0.569594468699321
"2255","session2",12.7716979588261,11.8070552669199,1.9751509940164,0.000264878739990546,-0.29061828035351,0.506129388435002,0.389091865591745,3,2,100,0.309988758818787,0.569594468699321,23,1.77374965522297,0,3.26463,245,0,0,20,"both",0.309988758818787,0.569594468699321
"2256","session2",12.7716979588261,11.8070552669199,1.9751509940164,0.000264878739990546,-0.29061828035351,0.506129388435002,0.389091865591745,3,2,100,0.309988758818787,0.569594468699321,23,1.29822445296889,1,23.65212,245,0,0,20,"both",0.309988758818787,0.569594468699321
"2257","session2",12.7716979588261,11.8070552669199,1.9751509940164,0.000264878739990546,-0.29061828035351,0.506129388435002,0.389091865591745,3,2,100,0.309988758818787,0.569594468699321,23,1.55842497561082,0,4.10676,245,0,0,20,"both",0.309988758818787,0.569594468699321
"2258","session2",12.7716979588261,11.8070552669199,1.9751509940164,0.000264878739990546,-0.29061828035351,0.506129388435002,0.389091865591745,3,2,100,0.309988758818787,0.569594468699321,23,0.845644964361854,1,3.91206,245,0,0,20,"both",0.309988758818787,0.569594468699321
"2259","session2",12.7716979588261,11.8070552669199,1.9751509940164,0.000264878739990546,-0.29061828035351,0.506129388435002,0.389091865591745,3,2,100,0.309988758818787,0.569594468699321,23,1.27553990389179,1,24.92112,245,0,0,20,"both",0.309988758818787,0.569594468699321
"2260","session2",12.7716979588261,11.8070552669199,1.9751509940164,0.000264878739990546,-0.29061828035351,0.506129388435002,0.389091865591745,3,2,100,0.309988758818787,0.569594468699321,23,0.665027130211239,1,33.4971,245,0,0,20,"both",0.309988758818787,0.569594468699321
"2261","session2",12.7716979588261,11.8070552669199,1.9751509940164,0.000264878739990546,-0.29061828035351,0.506129388435002,0.389091865591745,3,2,100,0.309988758818787,0.569594468699321,23,1.59187954149166,1,21.75275,245,0,0,20,"both",0.309988758818787,0.569594468699321
"2262","session2",12.7716979588261,11.8070552669199,1.9751509940164,0.000264878739990546,-0.29061828035351,0.506129388435002,0.389091865591745,3,2,100,0.309988758818787,0.569594468699321,23,1.24639792656864,0,3.9003,245,0,0,20,"both",0.309988758818787,0.569594468699321
"2263","session2",12.7716979588261,11.8070552669199,1.9751509940164,0.000264878739990546,-0.29061828035351,0.506129388435002,0.389091865591745,3,2,100,0.309988758818787,0.569594468699321,23,1.24192322134906,1,26.4095,245,0,0,20,"both",0.309988758818787,0.569594468699321
"2264","session2",12.7716979588261,11.8070552669199,1.9751509940164,0.000264878739990546,-0.29061828035351,0.506129388435002,0.389091865591745,3,2,100,0.309988758818787,0.569594468699321,23,1.29702852267764,0,-1.8194,245,0,0,20,"both",0.309988758818787,0.569594468699321
"2265","session2",12.7716979588261,11.8070552669199,1.9751509940164,0.000264878739990546,-0.29061828035351,0.506129388435002,0.389091865591745,3,2,100,0.309988758818787,0.569594468699321,23,0.83099336929587,0,2.58999,245,0,0,20,"both",0.309988758818787,0.569594468699321
"2266","session2",12.7716979588261,11.8070552669199,1.9751509940164,0.000264878739990546,-0.29061828035351,0.506129388435002,0.389091865591745,3,2,100,0.309988758818787,0.569594468699321,23,1.0233098073905,1,25.6859,245,0,0,20,"both",0.309988758818787,0.569594468699321
"2267","session2",12.7716979588261,11.8070552669199,1.9751509940164,0.000264878739990546,-0.29061828035351,0.506129388435002,0.389091865591745,3,2,100,0.309988758818787,0.569594468699321,23,1.79009236149921,0,16.66927,245,0,0,20,"both",0.309988758818787,0.569594468699321
"2268","session2",12.7716979588261,11.8070552669199,1.9751509940164,0.000264878739990546,-0.29061828035351,0.506129388435002,0.389091865591745,3,2,100,0.309988758818787,0.569594468699321,23,2.6059478820439,1,20.08698,245,0,0,20,"both",0.309988758818787,0.569594468699321
"2269","session2",12.7716979588261,11.8070552669199,1.9751509940164,0.000264878739990546,-0.29061828035351,0.506129388435002,0.389091865591745,3,2,100,0.309988758818787,0.569594468699321,23,1.28488249075343,1,4.046,245,0,0,20,"both",0.309988758818787,0.569594468699321
"2270","session2",12.7716979588261,11.8070552669199,1.9751509940164,0.000264878739990546,-0.29061828035351,0.506129388435002,0.389091865591745,3,2,100,0.309988758818787,0.569594468699321,23,3.03840512067242,1,18.65891,245,0,0,20,"both",0.309988758818787,0.569594468699321
"2271","session2",12.7716979588261,11.8070552669199,1.9751509940164,0.000264878739990546,-0.29061828035351,0.506129388435002,0.389091865591745,3,2,100,0.309988758818787,0.569594468699321,23,1.46847636159366,0,18.18829,245,0,0,20,"both",0.309988758818787,0.569594468699321
"2272","session2",12.7716979588261,11.8070552669199,1.9751509940164,0.000264878739990546,-0.29061828035351,0.506129388435002,0.389091865591745,3,2,100,0.309988758818787,0.569594468699321,23,4.34690680854871,1,5.03718,245,0,0,20,"both",0.309988758818787,0.569594468699321
"2273","session2",12.7716979588261,11.8070552669199,1.9751509940164,0.000264878739990546,-0.29061828035351,0.506129388435002,0.389091865591745,3,2,100,0.309988758818787,0.569594468699321,23,1.60495070247891,1,22.32649,245,0,0,20,"both",0.309988758818787,0.569594468699321
"2274","session2",12.7716979588261,11.8070552669199,1.9751509940164,0.000264878739990546,-0.29061828035351,0.506129388435002,0.389091865591745,3,2,100,0.309988758818787,0.569594468699321,23,1.25081560093562,1,17.68056,245,0,0,20,"both",0.309988758818787,0.569594468699321
"2275","session2",12.7716979588261,11.8070552669199,1.9751509940164,0.000264878739990546,-0.29061828035351,0.506129388435002,0.389091865591745,3,2,100,0.309988758818787,0.569594468699321,23,1.35357907233411,1,27.8724,245,0,0,20,"both",0.309988758818787,0.569594468699321
"2276","session2",12.7716979588261,11.8070552669199,1.9751509940164,0.000264878739990546,-0.29061828035351,0.506129388435002,0.389091865591745,3,2,100,0.309988758818787,0.569594468699321,23,1.0061843232357,0,24.1655,245,0,0,20,"both",0.309988758818787,0.569594468699321
"2277","session2",12.7716979588261,11.8070552669199,1.9751509940164,0.000264878739990546,-0.29061828035351,0.506129388435002,0.389091865591745,3,2,100,0.309988758818787,0.569594468699321,23,0.837723380398341,0,5.48927,245,0,0,20,"both",0.309988758818787,0.569594468699321
"2278","session2",12.7716979588261,11.8070552669199,1.9751509940164,0.000264878739990546,-0.29061828035351,0.506129388435002,0.389091865591745,3,2,100,0.309988758818787,0.569594468699321,23,1.60269862357352,0,3.06288,245,0,0,20,"both",0.309988758818787,0.569594468699321
"2279","session2",12.7716979588261,11.8070552669199,1.9751509940164,0.000264878739990546,-0.29061828035351,0.506129388435002,0.389091865591745,3,2,100,0.309988758818787,0.569594468699321,23,2.28292713336835,0,18.09468,245,0,0,20,"both",0.309988758818787,0.569594468699321
"2280","session2",12.7716979588261,11.8070552669199,1.9751509940164,0.000264878739990546,-0.29061828035351,0.506129388435002,0.389091865591745,3,2,100,0.309988758818787,0.569594468699321,23,1.20779635590588,1,24.5834,245,0,0,20,"both",0.309988758818787,0.569594468699321
"2281","session2",12.7716979588261,11.8070552669199,1.9751509940164,0.000264878739990546,-0.29061828035351,0.506129388435002,0.389091865591745,3,2,100,0.309988758818787,0.569594468699321,23,0.89726187412836,1,25.1385,245,0,0,20,"both",0.309988758818787,0.569594468699321
"2282","session2",12.7716979588261,11.8070552669199,1.9751509940164,0.000264878739990546,-0.29061828035351,0.506129388435002,0.389091865591745,3,2,100,0.309988758818787,0.569594468699321,23,1.73168180387869,0,20.7225,245,0,0,20,"both",0.309988758818787,0.569594468699321
"2283","session2",12.7716979588261,11.8070552669199,1.9751509940164,0.000264878739990546,-0.29061828035351,0.506129388435002,0.389091865591745,3,2,100,0.309988758818787,0.569594468699321,23,1.02749701957445,0,-3.7756,245,0,0,20,"both",0.309988758818787,0.569594468699321
"2284","session2",12.7716979588261,11.8070552669199,1.9751509940164,0.000264878739990546,-0.29061828035351,0.506129388435002,0.389091865591745,3,2,100,0.309988758818787,0.569594468699321,23,2.07951098240549,1,23.73222,245,0,0,20,"both",0.309988758818787,0.569594468699321
"2285","session2",12.7716979588261,11.8070552669199,1.9751509940164,0.000264878739990546,-0.29061828035351,0.506129388435002,0.389091865591745,3,2,100,0.309988758818787,0.569594468699321,23,0.82101726576743,0,4.361,245,0,0,20,"both",0.309988758818787,0.569594468699321
"2286","session2",12.7716979588261,11.8070552669199,1.9751509940164,0.000264878739990546,-0.29061828035351,0.506129388435002,0.389091865591745,3,2,100,0.309988758818787,0.569594468699321,23,2.11081431717977,1,25.4537,245,0,0,20,"both",0.309988758818787,0.569594468699321
"2287","session2",12.7716979588261,11.8070552669199,1.9751509940164,0.000264878739990546,-0.29061828035351,0.506129388435002,0.389091865591745,3,2,100,0.309988758818787,0.569594468699321,23,1.67379907463812,0,21.64504,245,0,0,20,"both",0.309988758818787,0.569594468699321
"2288","session2",12.7716979588261,11.8070552669199,1.9751509940164,0.000264878739990546,-0.29061828035351,0.506129388435002,0.389091865591745,3,2,100,0.309988758818787,0.569594468699321,23,1.00528425940548,1,-3.716,245,0,0,20,"both",0.309988758818787,0.569594468699321
"2289","session2",12.7716979588261,11.8070552669199,1.9751509940164,0.000264878739990546,-0.29061828035351,0.506129388435002,0.389091865591745,3,2,100,0.309988758818787,0.569594468699321,23,1.39595693836448,1,19.04826,245,0,0,20,"both",0.309988758818787,0.569594468699321
"2290","session2",12.7716979588261,11.8070552669199,1.9751509940164,0.000264878739990546,-0.29061828035351,0.506129388435002,0.389091865591745,3,2,100,0.309988758818787,0.569594468699321,23,1.52192841927248,1,27.4451,245,0,0,20,"both",0.309988758818787,0.569594468699321
"2291","session2",12.7716979588261,11.8070552669199,1.9751509940164,0.000264878739990546,-0.29061828035351,0.506129388435002,0.389091865591745,3,2,100,0.309988758818787,0.569594468699321,23,2.32910262978305,1,28.0322,245,0,0,20,"both",0.309988758818787,0.569594468699321
"2292","session2",12.7716979588261,11.8070552669199,1.9751509940164,0.000264878739990546,-0.29061828035351,0.506129388435002,0.389091865591745,3,2,100,0.309988758818787,0.569594468699321,23,1.75848341583281,1,24.2162,245,0,0,20,"both",0.309988758818787,0.569594468699321
"2293","session2",12.7716979588261,11.8070552669199,1.9751509940164,0.000264878739990546,-0.29061828035351,0.506129388435002,0.389091865591745,3,2,100,0.309988758818787,0.569594468699321,23,1.58778317490171,0,0.5893,245,0,0,20,"both",0.309988758818787,0.569594468699321
"2294","session2",12.7716979588261,11.8070552669199,1.9751509940164,0.000264878739990546,-0.29061828035351,0.506129388435002,0.389091865591745,3,2,100,0.309988758818787,0.569594468699321,23,0.942136371528591,1,-0.143599999999999,245,0,0,20,"both",0.309988758818787,0.569594468699321
"2295","session2",12.7716979588261,11.8070552669199,1.9751509940164,0.000264878739990546,-0.29061828035351,0.506129388435002,0.389091865591745,3,2,100,0.309988758818787,0.569594468699321,23,1.24114908530299,1,29.9544,245,0,0,20,"both",0.309988758818787,0.569594468699321
"2296","session2",12.7716979588261,11.8070552669199,1.9751509940164,0.000264878739990546,-0.29061828035351,0.506129388435002,0.389091865591745,3,2,100,0.309988758818787,0.569594468699321,23,1.25073060787832,0,-4.7521,245,0,0,20,"both",0.309988758818787,0.569594468699321
"2297","session2",12.7716979588261,11.8070552669199,1.9751509940164,0.000264878739990546,-0.29061828035351,0.506129388435002,0.389091865591745,3,2,100,0.309988758818787,0.569594468699321,23,0.754285170921114,1,0.0642999999999994,245,0,0,20,"both",0.309988758818787,0.569594468699321
"2298","session2",12.7716979588261,11.8070552669199,1.9751509940164,0.000264878739990546,-0.29061828035351,0.506129388435002,0.389091865591745,3,2,100,0.309988758818787,0.569594468699321,23,1.58532981903919,1,4.24176,245,0,0,20,"both",0.309988758818787,0.569594468699321
"2299","session2",12.7716979588261,11.8070552669199,1.9751509940164,0.000264878739990546,-0.29061828035351,0.506129388435002,0.389091865591745,3,2,100,0.309988758818787,0.569594468699321,23,2.49128371538989,1,25.3605,245,0,0,20,"both",0.309988758818787,0.569594468699321
"2300","session2",12.7716979588261,11.8070552669199,1.9751509940164,0.000264878739990546,-0.29061828035351,0.506129388435002,0.389091865591745,3,2,100,0.309988758818787,0.569594468699321,23,0.855067005922273,0,-5.77675,245,0,0,20,"both",0.309988758818787,0.569594468699321
"2301","session2",1.50138018795904,9.97008276800076,2.14354907689968,0.000209859604811629,0.28478993837189,0.372673289693896,0.487125082194591,4,2,100,0.309988758818787,0.569594468699321,24,1.71495287054817,0,-7.9260954252,245,0,0,20,"both",0.309988758818787,0.569594468699321
"2302","session2",1.50138018795904,9.97008276800076,2.14354907689968,0.000209859604811629,0.28478993837189,0.372673289693896,0.487125082194591,4,2,100,0.309988758818787,0.569594468699321,24,2.01258365959006,1,5.022476495,245,0,0,20,"both",0.309988758818787,0.569594468699321
"2303","session2",1.50138018795904,9.97008276800076,2.14354907689968,0.000209859604811629,0.28478993837189,0.372673289693896,0.487125082194591,4,2,100,0.309988758818787,0.569594468699321,24,1.98012018103996,1,-0.0506847626,245,0,0,20,"both",0.309988758818787,0.569594468699321
"2304","session2",1.50138018795904,9.97008276800076,2.14354907689968,0.000209859604811629,0.28478993837189,0.372673289693896,0.487125082194591,4,2,100,0.309988758818787,0.569594468699321,24,2.63796358141315,0,-5.4610073357,245,0,0,20,"both",0.309988758818787,0.569594468699321
"2305","session2",1.50138018795904,9.97008276800076,2.14354907689968,0.000209859604811629,0.28478993837189,0.372673289693896,0.487125082194591,4,2,100,0.309988758818787,0.569594468699321,24,3.50890484603643,1,-0.42168,245,0,0,20,"both",0.309988758818787,0.569594468699321
"2306","session2",1.50138018795904,9.97008276800076,2.14354907689968,0.000209859604811629,0.28478993837189,0.372673289693896,0.487125082194591,4,2,100,0.309988758818787,0.569594468699321,24,1.52255592370712,1,17.10443,245,0,0,20,"both",0.309988758818787,0.569594468699321
"2307","session2",1.50138018795904,9.97008276800076,2.14354907689968,0.000209859604811629,0.28478993837189,0.372673289693896,0.487125082194591,4,2,100,0.309988758818787,0.569594468699321,24,3.26191899432104,0,-6.38118,245,0,0,20,"both",0.309988758818787,0.569594468699321
"2308","session2",1.50138018795904,9.97008276800076,2.14354907689968,0.000209859604811629,0.28478993837189,0.372673289693896,0.487125082194591,4,2,100,0.309988758818787,0.569594468699321,24,1.82324738717106,1,8.71086,245,0,0,20,"both",0.309988758818787,0.569594468699321
"2309","session2",1.50138018795904,9.97008276800076,2.14354907689968,0.000209859604811629,0.28478993837189,0.372673289693896,0.487125082194591,4,2,100,0.309988758818787,0.569594468699321,24,1.71829068109703,0,-3.76012,245,0,0,20,"both",0.309988758818787,0.569594468699321
"2310","session2",1.50138018795904,9.97008276800076,2.14354907689968,0.000209859604811629,0.28478993837189,0.372673289693896,0.487125082194591,4,2,100,0.309988758818787,0.569594468699321,24,1.74848098931681,1,-2.578967,245,0,0,20,"both",0.309988758818787,0.569594468699321
"2311","session2",1.50138018795904,9.97008276800076,2.14354907689968,0.000209859604811629,0.28478993837189,0.372673289693896,0.487125082194591,4,2,100,0.309988758818787,0.569594468699321,24,1.87557872146281,1,0.859277,245,0,0,20,"both",0.309988758818787,0.569594468699321
"2312","session2",1.50138018795904,9.97008276800076,2.14354907689968,0.000209859604811629,0.28478993837189,0.372673289693896,0.487125082194591,4,2,100,0.309988758818787,0.569594468699321,24,2.07012547407095,0,-2.05808,245,0,0,20,"both",0.309988758818787,0.569594468699321
"2313","session2",1.50138018795904,9.97008276800076,2.14354907689968,0.000209859604811629,0.28478993837189,0.372673289693896,0.487125082194591,4,2,100,0.309988758818787,0.569594468699321,24,2.22864099937534,0,-2.12499,245,0,0,20,"both",0.309988758818787,0.569594468699321
"2314","session2",1.50138018795904,9.97008276800076,2.14354907689968,0.000209859604811629,0.28478993837189,0.372673289693896,0.487125082194591,4,2,100,0.309988758818787,0.569594468699321,24,1.40874858639682,0,-1.16431,245,0,0,20,"both",0.309988758818787,0.569594468699321
"2315","session2",1.50138018795904,9.97008276800076,2.14354907689968,0.000209859604811629,0.28478993837189,0.372673289693896,0.487125082194591,4,2,100,0.309988758818787,0.569594468699321,24,3.59237175570795,1,7.39785,245,0,0,20,"both",0.309988758818787,0.569594468699321
"2316","session2",1.50138018795904,9.97008276800076,2.14354907689968,0.000209859604811629,0.28478993837189,0.372673289693896,0.487125082194591,4,2,100,0.309988758818787,0.569594468699321,24,2.76842667021159,1,0.69211,245,0,0,20,"both",0.309988758818787,0.569594468699321
"2317","session2",1.50138018795904,9.97008276800076,2.14354907689968,0.000209859604811629,0.28478993837189,0.372673289693896,0.487125082194591,4,2,100,0.309988758818787,0.569594468699321,24,2.70262396194866,0,-10.57545,245,0,0,20,"both",0.309988758818787,0.569594468699321
"2318","session2",1.50138018795904,9.97008276800076,2.14354907689968,0.000209859604811629,0.28478993837189,0.372673289693896,0.487125082194591,4,2,100,0.309988758818787,0.569594468699321,24,2.0686817275762,0,0.26989,245,0,0,20,"both",0.309988758818787,0.569594468699321
"2319","session2",1.50138018795904,9.97008276800076,2.14354907689968,0.000209859604811629,0.28478993837189,0.372673289693896,0.487125082194591,4,2,100,0.309988758818787,0.569594468699321,24,2.27024604373578,0,1.73685,245,0,0,20,"both",0.309988758818787,0.569594468699321
"2320","session2",1.50138018795904,9.97008276800076,2.14354907689968,0.000209859604811629,0.28478993837189,0.372673289693896,0.487125082194591,4,2,100,0.309988758818787,0.569594468699321,24,2.56430860741256,1,-2.333721,245,0,0,20,"both",0.309988758818787,0.569594468699321
"2321","session2",1.50138018795904,9.97008276800076,2.14354907689968,0.000209859604811629,0.28478993837189,0.372673289693896,0.487125082194591,4,2,100,0.309988758818787,0.569594468699321,24,3.79488757278173,0,1.839088,245,0,0,20,"both",0.309988758818787,0.569594468699321
"2322","session2",1.50138018795904,9.97008276800076,2.14354907689968,0.000209859604811629,0.28478993837189,0.372673289693896,0.487125082194591,4,2,100,0.309988758818787,0.569594468699321,24,1.69717679592852,0,-6.53439,245,0,0,20,"both",0.309988758818787,0.569594468699321
"2323","session2",1.50138018795904,9.97008276800076,2.14354907689968,0.000209859604811629,0.28478993837189,0.372673289693896,0.487125082194591,4,2,100,0.309988758818787,0.569594468699321,24,3.28843315998283,0,-4.1108818,245,0,0,20,"both",0.309988758818787,0.569594468699321
"2324","session2",1.50138018795904,9.97008276800076,2.14354907689968,0.000209859604811629,0.28478993837189,0.372673289693896,0.487125082194591,4,2,100,0.309988758818787,0.569594468699321,24,1.77106196106777,0,-11.85963,245,0,0,20,"both",0.309988758818787,0.569594468699321
"2325","session2",1.50138018795904,9.97008276800076,2.14354907689968,0.000209859604811629,0.28478993837189,0.372673289693896,0.487125082194591,4,2,100,0.309988758818787,0.569594468699321,24,4.58561726805077,1,7.72889,245,0,0,20,"both",0.309988758818787,0.569594468699321
"2326","session2",1.50138018795904,9.97008276800076,2.14354907689968,0.000209859604811629,0.28478993837189,0.372673289693896,0.487125082194591,4,2,100,0.309988758818787,0.569594468699321,24,2.26417296869732,0,-6.50103,245,0,0,20,"both",0.309988758818787,0.569594468699321
"2327","session2",1.50138018795904,9.97008276800076,2.14354907689968,0.000209859604811629,0.28478993837189,0.372673289693896,0.487125082194591,4,2,100,0.309988758818787,0.569594468699321,24,4.38097519789478,1,4.97804,245,0,0,20,"both",0.309988758818787,0.569594468699321
"2328","session2",1.50138018795904,9.97008276800076,2.14354907689968,0.000209859604811629,0.28478993837189,0.372673289693896,0.487125082194591,4,2,100,0.309988758818787,0.569594468699321,24,2.02566652807506,0,2.464866,245,0,0,20,"both",0.309988758818787,0.569594468699321
"2329","session2",1.50138018795904,9.97008276800076,2.14354907689968,0.000209859604811629,0.28478993837189,0.372673289693896,0.487125082194591,4,2,100,0.309988758818787,0.569594468699321,24,2.45155822220637,0,4.43483607,245,0,0,20,"both",0.309988758818787,0.569594468699321
"2330","session2",1.50138018795904,9.97008276800076,2.14354907689968,0.000209859604811629,0.28478993837189,0.372673289693896,0.487125082194591,4,2,100,0.309988758818787,0.569594468699321,24,1.36721221884052,0,-13.364596,245,0,0,20,"both",0.309988758818787,0.569594468699321
"2331","session2",1.50138018795904,9.97008276800076,2.14354907689968,0.000209859604811629,0.28478993837189,0.372673289693896,0.487125082194591,4,2,100,0.309988758818787,0.569594468699321,24,2.3583551373335,1,-11.63208,245,0,0,20,"both",0.309988758818787,0.569594468699321
"2332","session2",1.50138018795904,9.97008276800076,2.14354907689968,0.000209859604811629,0.28478993837189,0.372673289693896,0.487125082194591,4,2,100,0.309988758818787,0.569594468699321,24,1.84832659399621,0,-8.454361,245,0,0,20,"both",0.309988758818787,0.569594468699321
"2333","session2",1.50138018795904,9.97008276800076,2.14354907689968,0.000209859604811629,0.28478993837189,0.372673289693896,0.487125082194591,4,2,100,0.309988758818787,0.569594468699321,24,3.27168600749813,0,14.13647,245,0,0,20,"both",0.309988758818787,0.569594468699321
"2334","session2",1.50138018795904,9.97008276800076,2.14354907689968,0.000209859604811629,0.28478993837189,0.372673289693896,0.487125082194591,4,2,100,0.309988758818787,0.569594468699321,24,2.94414528613092,0,11.86535,245,0,0,20,"both",0.309988758818787,0.569594468699321
"2335","session2",1.50138018795904,9.97008276800076,2.14354907689968,0.000209859604811629,0.28478993837189,0.372673289693896,0.487125082194591,4,2,100,0.309988758818787,0.569594468699321,24,2.69042151528185,0,5.48067,245,0,0,20,"both",0.309988758818787,0.569594468699321
"2336","session2",1.50138018795904,9.97008276800076,2.14354907689968,0.000209859604811629,0.28478993837189,0.372673289693896,0.487125082194591,4,2,100,0.309988758818787,0.569594468699321,24,1.17490717475496,1,10.29037,245,0,0,20,"both",0.309988758818787,0.569594468699321
"2337","session2",1.50138018795904,9.97008276800076,2.14354907689968,0.000209859604811629,0.28478993837189,0.372673289693896,0.487125082194591,4,2,100,0.309988758818787,0.569594468699321,24,1.68411217738932,0,-10.9286,245,0,0,20,"both",0.309988758818787,0.569594468699321
"2338","session2",1.50138018795904,9.97008276800076,2.14354907689968,0.000209859604811629,0.28478993837189,0.372673289693896,0.487125082194591,4,2,100,0.309988758818787,0.569594468699321,24,2.26516915735934,1,6.84519,245,0,0,20,"both",0.309988758818787,0.569594468699321
"2339","session2",1.50138018795904,9.97008276800076,2.14354907689968,0.000209859604811629,0.28478993837189,0.372673289693896,0.487125082194591,4,2,100,0.309988758818787,0.569594468699321,24,1.46669357347466,1,13.80678,245,0,0,20,"both",0.309988758818787,0.569594468699321
"2340","session2",1.50138018795904,9.97008276800076,2.14354907689968,0.000209859604811629,0.28478993837189,0.372673289693896,0.487125082194591,4,2,100,0.309988758818787,0.569594468699321,24,2.45206329471461,1,4.77653,245,0,0,20,"both",0.309988758818787,0.569594468699321
"2341","session2",1.50138018795904,9.97008276800076,2.14354907689968,0.000209859604811629,0.28478993837189,0.372673289693896,0.487125082194591,4,2,100,0.309988758818787,0.569594468699321,24,1.40113481648488,0,8.43572,245,0,0,20,"both",0.309988758818787,0.569594468699321
"2342","session2",1.50138018795904,9.97008276800076,2.14354907689968,0.000209859604811629,0.28478993837189,0.372673289693896,0.487125082194591,4,2,100,0.309988758818787,0.569594468699321,24,2.35249050051292,0,-16.87609,245,0,0,20,"both",0.309988758818787,0.569594468699321
"2343","session2",1.50138018795904,9.97008276800076,2.14354907689968,0.000209859604811629,0.28478993837189,0.372673289693896,0.487125082194591,4,2,100,0.309988758818787,0.569594468699321,24,1.51613004247501,0,-20.23409,245,0,0,20,"both",0.309988758818787,0.569594468699321
"2344","session2",1.50138018795904,9.97008276800076,2.14354907689968,0.000209859604811629,0.28478993837189,0.372673289693896,0.487125082194591,4,2,100,0.309988758818787,0.569594468699321,24,2.28744268009763,0,-6.57574,245,0,0,20,"both",0.309988758818787,0.569594468699321
"2345","session2",1.50138018795904,9.97008276800076,2.14354907689968,0.000209859604811629,0.28478993837189,0.372673289693896,0.487125082194591,4,2,100,0.309988758818787,0.569594468699321,24,1.7026158308334,1,20.84582,245,0,0,20,"both",0.309988758818787,0.569594468699321
"2346","session2",1.50138018795904,9.97008276800076,2.14354907689968,0.000209859604811629,0.28478993837189,0.372673289693896,0.487125082194591,4,2,100,0.309988758818787,0.569594468699321,24,2.36927380930013,1,-2.42166,245,0,0,20,"both",0.309988758818787,0.569594468699321
"2347","session2",1.50138018795904,9.97008276800076,2.14354907689968,0.000209859604811629,0.28478993837189,0.372673289693896,0.487125082194591,4,2,100,0.309988758818787,0.569594468699321,24,1.01068238120307,0,-18.65967,245,0,0,20,"both",0.309988758818787,0.569594468699321
"2348","session2",1.50138018795904,9.97008276800076,2.14354907689968,0.000209859604811629,0.28478993837189,0.372673289693896,0.487125082194591,4,2,100,0.309988758818787,0.569594468699321,24,2.65907272679947,1,23.4414,245,0,0,20,"both",0.309988758818787,0.569594468699321
"2349","session2",1.50138018795904,9.97008276800076,2.14354907689968,0.000209859604811629,0.28478993837189,0.372673289693896,0.487125082194591,4,2,100,0.309988758818787,0.569594468699321,24,6.98010782464578,0,1.55925,245,0,0,20,"both",0.309988758818787,0.569594468699321
"2350","session2",1.50138018795904,9.97008276800076,2.14354907689968,0.000209859604811629,0.28478993837189,0.372673289693896,0.487125082194591,4,2,100,0.309988758818787,0.569594468699321,24,1.35347669995609,1,18.47743,245,0,0,20,"both",0.309988758818787,0.569594468699321
"2351","session2",1.50138018795904,9.97008276800076,2.14354907689968,0.000209859604811629,0.28478993837189,0.372673289693896,0.487125082194591,4,2,100,0.309988758818787,0.569594468699321,24,2.59040943701964,0,-11.91007,245,0,0,20,"both",0.309988758818787,0.569594468699321
"2352","session2",1.50138018795904,9.97008276800076,2.14354907689968,0.000209859604811629,0.28478993837189,0.372673289693896,0.487125082194591,4,2,100,0.309988758818787,0.569594468699321,24,4.19539236635381,0,3.9125851594,245,0,0,20,"both",0.309988758818787,0.569594468699321
"2353","session2",1.50138018795904,9.97008276800076,2.14354907689968,0.000209859604811629,0.28478993837189,0.372673289693896,0.487125082194591,4,2,100,0.309988758818787,0.569594468699321,24,2.18795108617647,0,17.06251,245,0,0,20,"both",0.309988758818787,0.569594468699321
"2354","session2",1.50138018795904,9.97008276800076,2.14354907689968,0.000209859604811629,0.28478993837189,0.372673289693896,0.487125082194591,4,2,100,0.309988758818787,0.569594468699321,24,3.06841495199633,0,-2.7533,245,0,0,20,"both",0.309988758818787,0.569594468699321
"2355","session2",1.50138018795904,9.97008276800076,2.14354907689968,0.000209859604811629,0.28478993837189,0.372673289693896,0.487125082194591,4,2,100,0.309988758818787,0.569594468699321,24,2.65032873951672,0,-8.46877,245,0,0,20,"both",0.309988758818787,0.569594468699321
"2356","session2",1.50138018795904,9.97008276800076,2.14354907689968,0.000209859604811629,0.28478993837189,0.372673289693896,0.487125082194591,4,2,100,0.309988758818787,0.569594468699321,24,2.23034076266977,0,-44.48336,245,0,0,20,"both",0.309988758818787,0.569594468699321
"2357","session2",1.50138018795904,9.97008276800076,2.14354907689968,0.000209859604811629,0.28478993837189,0.372673289693896,0.487125082194591,4,2,100,0.309988758818787,0.569594468699321,24,1.59169006798397,1,28.07517,245,0,0,20,"both",0.309988758818787,0.569594468699321
"2358","session2",1.50138018795904,9.97008276800076,2.14354907689968,0.000209859604811629,0.28478993837189,0.372673289693896,0.487125082194591,4,2,100,0.309988758818787,0.569594468699321,24,2.01257763761086,1,12.61393,245,0,0,20,"both",0.309988758818787,0.569594468699321
"2359","session2",1.50138018795904,9.97008276800076,2.14354907689968,0.000209859604811629,0.28478993837189,0.372673289693896,0.487125082194591,4,2,100,0.309988758818787,0.569594468699321,24,1.88585216373998,1,16.37391,245,0,0,20,"both",0.309988758818787,0.569594468699321
"2360","session2",1.50138018795904,9.97008276800076,2.14354907689968,0.000209859604811629,0.28478993837189,0.372673289693896,0.487125082194591,4,2,100,0.309988758818787,0.569594468699321,24,2.41270359546478,0,-8.362661,245,0,0,20,"both",0.309988758818787,0.569594468699321
"2361","session2",1.50138018795904,9.97008276800076,2.14354907689968,0.000209859604811629,0.28478993837189,0.372673289693896,0.487125082194591,4,2,100,0.309988758818787,0.569594468699321,24,2.26953651322728,1,-10.54834,245,0,0,20,"both",0.309988758818787,0.569594468699321
"2362","session2",1.50138018795904,9.97008276800076,2.14354907689968,0.000209859604811629,0.28478993837189,0.372673289693896,0.487125082194591,4,2,100,0.309988758818787,0.569594468699321,24,1.34355710137752,1,18.64973,245,0,0,20,"both",0.309988758818787,0.569594468699321
"2363","session2",1.50138018795904,9.97008276800076,2.14354907689968,0.000209859604811629,0.28478993837189,0.372673289693896,0.487125082194591,4,2,100,0.309988758818787,0.569594468699321,24,4.11224834589289,1,2.25364,245,0,0,20,"both",0.309988758818787,0.569594468699321
"2364","session2",1.50138018795904,9.97008276800076,2.14354907689968,0.000209859604811629,0.28478993837189,0.372673289693896,0.487125082194591,4,2,100,0.309988758818787,0.569594468699321,24,2.55124393095533,1,18.41246,245,0,0,20,"both",0.309988758818787,0.569594468699321
"2365","session2",1.50138018795904,9.97008276800076,2.14354907689968,0.000209859604811629,0.28478993837189,0.372673289693896,0.487125082194591,4,2,100,0.309988758818787,0.569594468699321,24,2.02734472451536,1,-7.61876,245,0,0,20,"both",0.309988758818787,0.569594468699321
"2366","session2",1.50138018795904,9.97008276800076,2.14354907689968,0.000209859604811629,0.28478993837189,0.372673289693896,0.487125082194591,4,2,100,0.309988758818787,0.569594468699321,24,2.54017612708485,1,27.48623,245,0,0,20,"both",0.309988758818787,0.569594468699321
"2367","session2",1.50138018795904,9.97008276800076,2.14354907689968,0.000209859604811629,0.28478993837189,0.372673289693896,0.487125082194591,4,2,100,0.309988758818787,0.569594468699321,24,4.63983988911597,0,-18.07931,245,0,0,20,"both",0.309988758818787,0.569594468699321
"2368","session2",1.50138018795904,9.97008276800076,2.14354907689968,0.000209859604811629,0.28478993837189,0.372673289693896,0.487125082194591,4,2,100,0.309988758818787,0.569594468699321,24,1.90804435809049,1,25.08994,245,0,0,20,"both",0.309988758818787,0.569594468699321
"2369","session2",1.50138018795904,9.97008276800076,2.14354907689968,0.000209859604811629,0.28478993837189,0.372673289693896,0.487125082194591,4,2,100,0.309988758818787,0.569594468699321,24,3.01361186719254,0,-7.69379,245,0,0,20,"both",0.309988758818787,0.569594468699321
"2370","session2",1.50138018795904,9.97008276800076,2.14354907689968,0.000209859604811629,0.28478993837189,0.372673289693896,0.487125082194591,4,2,100,0.309988758818787,0.569594468699321,24,3.16710689156835,0,-4.43151,245,0,0,20,"both",0.309988758818787,0.569594468699321
"2371","session2",1.50138018795904,9.97008276800076,2.14354907689968,0.000209859604811629,0.28478993837189,0.372673289693896,0.487125082194591,4,2,100,0.309988758818787,0.569594468699321,24,2.76608113816815,1,42.08505,245,0,0,20,"both",0.309988758818787,0.569594468699321
"2372","session2",1.50138018795904,9.97008276800076,2.14354907689968,0.000209859604811629,0.28478993837189,0.372673289693896,0.487125082194591,4,2,100,0.309988758818787,0.569594468699321,24,2.4942514401335,0,-0.99641,245,0,0,20,"both",0.309988758818787,0.569594468699321
"2373","session2",1.50138018795904,9.97008276800076,2.14354907689968,0.000209859604811629,0.28478993837189,0.372673289693896,0.487125082194591,4,2,100,0.309988758818787,0.569594468699321,24,3.16386710622112,0,-3.4977,245,0,0,20,"both",0.309988758818787,0.569594468699321
"2374","session2",1.50138018795904,9.97008276800076,2.14354907689968,0.000209859604811629,0.28478993837189,0.372673289693896,0.487125082194591,4,2,100,0.309988758818787,0.569594468699321,24,2.20188879596201,1,14.61523,245,0,0,20,"both",0.309988758818787,0.569594468699321
"2375","session2",1.50138018795904,9.97008276800076,2.14354907689968,0.000209859604811629,0.28478993837189,0.372673289693896,0.487125082194591,4,2,100,0.309988758818787,0.569594468699321,24,1.06282967784207,0,17.17817,245,0,0,20,"both",0.309988758818787,0.569594468699321
"2376","session2",1.50138018795904,9.97008276800076,2.14354907689968,0.000209859604811629,0.28478993837189,0.372673289693896,0.487125082194591,4,2,100,0.309988758818787,0.569594468699321,24,2.76745486336935,1,-5.77707,245,0,0,20,"both",0.309988758818787,0.569594468699321
"2377","session2",1.50138018795904,9.97008276800076,2.14354907689968,0.000209859604811629,0.28478993837189,0.372673289693896,0.487125082194591,4,2,100,0.309988758818787,0.569594468699321,24,2.28700633844547,1,10.85745,245,0,0,20,"both",0.309988758818787,0.569594468699321
"2378","session2",1.50138018795904,9.97008276800076,2.14354907689968,0.000209859604811629,0.28478993837189,0.372673289693896,0.487125082194591,4,2,100,0.309988758818787,0.569594468699321,24,3.49888789833068,1,7.94926,245,0,0,20,"both",0.309988758818787,0.569594468699321
"2379","session2",1.50138018795904,9.97008276800076,2.14354907689968,0.000209859604811629,0.28478993837189,0.372673289693896,0.487125082194591,4,2,100,0.309988758818787,0.569594468699321,24,1.84251865039837,0,-1.74101,245,0,0,20,"both",0.309988758818787,0.569594468699321
"2380","session2",1.50138018795904,9.97008276800076,2.14354907689968,0.000209859604811629,0.28478993837189,0.372673289693896,0.487125082194591,4,2,100,0.309988758818787,0.569594468699321,24,2.60991669498567,0,-7.3518,245,0,0,20,"both",0.309988758818787,0.569594468699321
"2381","session2",1.50138018795904,9.97008276800076,2.14354907689968,0.000209859604811629,0.28478993837189,0.372673289693896,0.487125082194591,4,2,100,0.309988758818787,0.569594468699321,24,2.00873039783017,1,14.16406,245,0,0,20,"both",0.309988758818787,0.569594468699321
"2382","session2",1.50138018795904,9.97008276800076,2.14354907689968,0.000209859604811629,0.28478993837189,0.372673289693896,0.487125082194591,4,2,100,0.309988758818787,0.569594468699321,24,4.74815292519433,0,-2.51687,245,0,0,20,"both",0.309988758818787,0.569594468699321
"2383","session2",1.50138018795904,9.97008276800076,2.14354907689968,0.000209859604811629,0.28478993837189,0.372673289693896,0.487125082194591,4,2,100,0.309988758818787,0.569594468699321,24,2.79217724708031,1,18.80805,245,0,0,20,"both",0.309988758818787,0.569594468699321
"2384","session2",1.50138018795904,9.97008276800076,2.14354907689968,0.000209859604811629,0.28478993837189,0.372673289693896,0.487125082194591,4,2,100,0.309988758818787,0.569594468699321,24,1.15615686215142,1,31.44884,245,0,0,20,"both",0.309988758818787,0.569594468699321
"2385","session2",1.50138018795904,9.97008276800076,2.14354907689968,0.000209859604811629,0.28478993837189,0.372673289693896,0.487125082194591,4,2,100,0.309988758818787,0.569594468699321,24,2.46512368800689,0,-12.61028,245,0,0,20,"both",0.309988758818787,0.569594468699321
"2386","session2",1.50138018795904,9.97008276800076,2.14354907689968,0.000209859604811629,0.28478993837189,0.372673289693896,0.487125082194591,4,2,100,0.309988758818787,0.569594468699321,24,2.52943455687634,0,-7.63437,245,0,0,20,"both",0.309988758818787,0.569594468699321
"2387","session2",1.50138018795904,9.97008276800076,2.14354907689968,0.000209859604811629,0.28478993837189,0.372673289693896,0.487125082194591,4,2,100,0.309988758818787,0.569594468699321,24,2.00848883204178,0,-13.764,245,0,0,20,"both",0.309988758818787,0.569594468699321
"2388","session2",1.50138018795904,9.97008276800076,2.14354907689968,0.000209859604811629,0.28478993837189,0.372673289693896,0.487125082194591,4,2,100,0.309988758818787,0.569594468699321,24,3.31567237414591,1,-0.96557,245,0,0,20,"both",0.309988758818787,0.569594468699321
"2389","session2",1.50138018795904,9.97008276800076,2.14354907689968,0.000209859604811629,0.28478993837189,0.372673289693896,0.487125082194591,4,2,100,0.309988758818787,0.569594468699321,24,2.22992649465361,0,-11.8835398,245,0,0,20,"both",0.309988758818787,0.569594468699321
"2390","session2",1.50138018795904,9.97008276800076,2.14354907689968,0.000209859604811629,0.28478993837189,0.372673289693896,0.487125082194591,4,2,100,0.309988758818787,0.569594468699321,24,2.09687225019404,1,17.03815,245,0,0,20,"both",0.309988758818787,0.569594468699321
"2391","session2",1.50138018795904,9.97008276800076,2.14354907689968,0.000209859604811629,0.28478993837189,0.372673289693896,0.487125082194591,4,2,100,0.309988758818787,0.569594468699321,24,1.85156768862215,0,-6.439781,245,0,0,20,"both",0.309988758818787,0.569594468699321
"2392","session2",1.50138018795904,9.97008276800076,2.14354907689968,0.000209859604811629,0.28478993837189,0.372673289693896,0.487125082194591,4,2,100,0.309988758818787,0.569594468699321,24,1.32655333499393,0,-10.77499,245,0,0,20,"both",0.309988758818787,0.569594468699321
"2393","session2",1.50138018795904,9.97008276800076,2.14354907689968,0.000209859604811629,0.28478993837189,0.372673289693896,0.487125082194591,4,2,100,0.309988758818787,0.569594468699321,24,2.50449461251242,0,-7.98877,245,0,0,20,"both",0.309988758818787,0.569594468699321
"2394","session2",1.50138018795904,9.97008276800076,2.14354907689968,0.000209859604811629,0.28478993837189,0.372673289693896,0.487125082194591,4,2,100,0.309988758818787,0.569594468699321,24,1.70587079160926,0,17.68991,245,0,0,20,"both",0.309988758818787,0.569594468699321
"2395","session2",1.50138018795904,9.97008276800076,2.14354907689968,0.000209859604811629,0.28478993837189,0.372673289693896,0.487125082194591,4,2,100,0.309988758818787,0.569594468699321,24,1.65913782729677,1,14.96793,245,0,0,20,"both",0.309988758818787,0.569594468699321
"2396","session2",1.50138018795904,9.97008276800076,2.14354907689968,0.000209859604811629,0.28478993837189,0.372673289693896,0.487125082194591,4,2,100,0.309988758818787,0.569594468699321,24,2.14323971378094,1,12.51959,245,0,0,20,"both",0.309988758818787,0.569594468699321
"2397","session2",1.50138018795904,9.97008276800076,2.14354907689968,0.000209859604811629,0.28478993837189,0.372673289693896,0.487125082194591,4,2,100,0.309988758818787,0.569594468699321,24,2.51138751121392,0,-2.9663,245,0,0,20,"both",0.309988758818787,0.569594468699321
"2398","session2",1.50138018795904,9.97008276800076,2.14354907689968,0.000209859604811629,0.28478993837189,0.372673289693896,0.487125082194591,4,2,100,0.309988758818787,0.569594468699321,24,1.65576153220217,1,14.82125,245,0,0,20,"both",0.309988758818787,0.569594468699321
"2399","session2",1.50138018795904,9.97008276800076,2.14354907689968,0.000209859604811629,0.28478993837189,0.372673289693896,0.487125082194591,4,2,100,0.309988758818787,0.569594468699321,24,2.01871489355725,0,-4.59747,245,0,0,20,"both",0.309988758818787,0.569594468699321
"2400","session2",1.50138018795904,9.97008276800076,2.14354907689968,0.000209859604811629,0.28478993837189,0.372673289693896,0.487125082194591,4,2,100,0.309988758818787,0.569594468699321,24,1.95392970648783,1,11.31988,245,0,0,20,"both",0.309988758818787,0.569594468699321
"2401","session2",-13.8124442908188,13.5064847863754,2.31648602102046,6.40684165352446e-05,0.555265362407519,0.335782527409193,0.115315700677339,5,2,100,0.309988758818787,0.569594468699321,25,2.58558195175898,0,-5.2876082676,245,0,0,20,"both",0.309988758818787,0.569594468699321
"2402","session2",-13.8124442908188,13.5064847863754,2.31648602102046,6.40684165352446e-05,0.555265362407519,0.335782527409193,0.115315700677339,5,2,100,0.309988758818787,0.569594468699321,25,1.69310516058769,1,6.3098843709,245,0,0,20,"both",0.309988758818787,0.569594468699321
"2403","session2",-13.8124442908188,13.5064847863754,2.31648602102046,6.40684165352446e-05,0.555265362407519,0.335782527409193,0.115315700677339,5,2,100,0.309988758818787,0.569594468699321,25,1.76276387705346,1,2.611361831,245,0,0,20,"both",0.309988758818787,0.569594468699321
"2404","session2",-13.8124442908188,13.5064847863754,2.31648602102046,6.40684165352446e-05,0.555265362407519,0.335782527409193,0.115315700677339,5,2,100,0.309988758818787,0.569594468699321,25,2.01801766285205,1,-1.177176252088,245,0,0,20,"both",0.309988758818787,0.569594468699321
"2405","session2",-13.8124442908188,13.5064847863754,2.31648602102046,6.40684165352446e-05,0.555265362407519,0.335782527409193,0.115315700677339,5,2,100,0.309988758818787,0.569594468699321,25,5.52882399471201,1,-3.7453835249,245,0,0,20,"both",0.309988758818787,0.569594468699321
"2406","session2",-13.8124442908188,13.5064847863754,2.31648602102046,6.40684165352446e-05,0.555265362407519,0.335782527409193,0.115315700677339,5,2,100,0.309988758818787,0.569594468699321,25,4.05213658007182,0,-15.18911,245,0,0,20,"both",0.309988758818787,0.569594468699321
"2407","session2",-13.8124442908188,13.5064847863754,2.31648602102046,6.40684165352446e-05,0.555265362407519,0.335782527409193,0.115315700677339,5,2,100,0.309988758818787,0.569594468699321,25,2.31166632081155,1,8.40845,245,0,0,20,"both",0.309988758818787,0.569594468699321
"2408","session2",-13.8124442908188,13.5064847863754,2.31648602102046,6.40684165352446e-05,0.555265362407519,0.335782527409193,0.115315700677339,5,2,100,0.309988758818787,0.569594468699321,25,2.57889812047727,0,-6.28313279592,245,0,0,20,"both",0.309988758818787,0.569594468699321
"2409","session2",-13.8124442908188,13.5064847863754,2.31648602102046,6.40684165352446e-05,0.555265362407519,0.335782527409193,0.115315700677339,5,2,100,0.309988758818787,0.569594468699321,25,2.1262020926166,1,-8.62117,245,0,0,20,"both",0.309988758818787,0.569594468699321
"2410","session2",-13.8124442908188,13.5064847863754,2.31648602102046,6.40684165352446e-05,0.555265362407519,0.335782527409193,0.115315700677339,5,2,100,0.309988758818787,0.569594468699321,25,2.7784535414396,1,-6.9779036993,245,0,0,20,"both",0.309988758818787,0.569594468699321
"2411","session2",-13.8124442908188,13.5064847863754,2.31648602102046,6.40684165352446e-05,0.555265362407519,0.335782527409193,0.115315700677339,5,2,100,0.309988758818787,0.569594468699321,25,1.97997399564329,0,-16.21252,245,0,0,20,"both",0.309988758818787,0.569594468699321
"2412","session2",-13.8124442908188,13.5064847863754,2.31648602102046,6.40684165352446e-05,0.555265362407519,0.335782527409193,0.115315700677339,5,2,100,0.309988758818787,0.569594468699321,25,2.77053367151014,1,-5.79946,245,0,0,20,"both",0.309988758818787,0.569594468699321
"2413","session2",-13.8124442908188,13.5064847863754,2.31648602102046,6.40684165352446e-05,0.555265362407519,0.335782527409193,0.115315700677339,5,2,100,0.309988758818787,0.569594468699321,25,4.08898903402345,1,2.4559,245,0,0,20,"both",0.309988758818787,0.569594468699321
"2414","session2",-13.8124442908188,13.5064847863754,2.31648602102046,6.40684165352446e-05,0.555265362407519,0.335782527409193,0.115315700677339,5,2,100,0.309988758818787,0.569594468699321,25,1.63144313076925,1,0.3361,245,0,0,20,"both",0.309988758818787,0.569594468699321
"2415","session2",-13.8124442908188,13.5064847863754,2.31648602102046,6.40684165352446e-05,0.555265362407519,0.335782527409193,0.115315700677339,5,2,100,0.309988758818787,0.569594468699321,25,2.83023142317015,0,-13.25437,245,0,0,20,"both",0.309988758818787,0.569594468699321
"2416","session2",-13.8124442908188,13.5064847863754,2.31648602102046,6.40684165352446e-05,0.555265362407519,0.335782527409193,0.115315700677339,5,2,100,0.309988758818787,0.569594468699321,25,3.38675431083999,0,-8.46783,245,0,0,20,"both",0.309988758818787,0.569594468699321
"2417","session2",-13.8124442908188,13.5064847863754,2.31648602102046,6.40684165352446e-05,0.555265362407519,0.335782527409193,0.115315700677339,5,2,100,0.309988758818787,0.569594468699321,25,3.53164841457681,1,-14.83829,245,0,0,20,"both",0.309988758818787,0.569594468699321
"2418","session2",-13.8124442908188,13.5064847863754,2.31648602102046,6.40684165352446e-05,0.555265362407519,0.335782527409193,0.115315700677339,5,2,100,0.309988758818787,0.569594468699321,25,2.84589546019948,1,-9.44105,245,0,0,20,"both",0.309988758818787,0.569594468699321
"2419","session2",-13.8124442908188,13.5064847863754,2.31648602102046,6.40684165352446e-05,0.555265362407519,0.335782527409193,0.115315700677339,5,2,100,0.309988758818787,0.569594468699321,25,1.77581230540637,1,2.5511,245,0,0,20,"both",0.309988758818787,0.569594468699321
"2420","session2",-13.8124442908188,13.5064847863754,2.31648602102046,6.40684165352446e-05,0.555265362407519,0.335782527409193,0.115315700677339,5,2,100,0.309988758818787,0.569594468699321,25,2.80659330537428,1,-6.65254,245,0,0,20,"both",0.309988758818787,0.569594468699321
"2421","session2",-13.8124442908188,13.5064847863754,2.31648602102046,6.40684165352446e-05,0.555265362407519,0.335782527409193,0.115315700677339,5,2,100,0.309988758818787,0.569594468699321,25,4.64413839792485,0,-13.74597,245,0,0,20,"both",0.309988758818787,0.569594468699321
"2422","session2",-13.8124442908188,13.5064847863754,2.31648602102046,6.40684165352446e-05,0.555265362407519,0.335782527409193,0.115315700677339,5,2,100,0.309988758818787,0.569594468699321,25,2.14755178605519,0,-12.95639,245,0,0,20,"both",0.309988758818787,0.569594468699321
"2423","session2",-13.8124442908188,13.5064847863754,2.31648602102046,6.40684165352446e-05,0.555265362407519,0.335782527409193,0.115315700677339,5,2,100,0.309988758818787,0.569594468699321,25,3.42283226419803,0,-16.0348,245,0,0,20,"both",0.309988758818787,0.569594468699321
"2424","session2",-13.8124442908188,13.5064847863754,2.31648602102046,6.40684165352446e-05,0.555265362407519,0.335782527409193,0.115315700677339,5,2,100,0.309988758818787,0.569594468699321,25,2.40445702043466,0,-19.38742,245,0,0,20,"both",0.309988758818787,0.569594468699321
"2425","session2",-13.8124442908188,13.5064847863754,2.31648602102046,6.40684165352446e-05,0.555265362407519,0.335782527409193,0.115315700677339,5,2,100,0.309988758818787,0.569594468699321,25,3.11442330770637,1,-3.65066,245,0,0,20,"both",0.309988758818787,0.569594468699321
"2426","session2",-13.8124442908188,13.5064847863754,2.31648602102046,6.40684165352446e-05,0.555265362407519,0.335782527409193,0.115315700677339,5,2,100,0.309988758818787,0.569594468699321,25,3.63506485357904,1,-13.59369,245,0,0,20,"both",0.309988758818787,0.569594468699321
"2427","session2",-13.8124442908188,13.5064847863754,2.31648602102046,6.40684165352446e-05,0.555265362407519,0.335782527409193,0.115315700677339,5,2,100,0.309988758818787,0.569594468699321,25,3.19879270738364,1,-15.45599,245,0,0,20,"both",0.309988758818787,0.569594468699321
"2428","session2",-13.8124442908188,13.5064847863754,2.31648602102046,6.40684165352446e-05,0.555265362407519,0.335782527409193,0.115315700677339,5,2,100,0.309988758818787,0.569594468699321,25,3.27684334542426,1,-6.27072,245,0,0,20,"both",0.309988758818787,0.569594468699321
"2429","session2",-13.8124442908188,13.5064847863754,2.31648602102046,6.40684165352446e-05,0.555265362407519,0.335782527409193,0.115315700677339,5,2,100,0.309988758818787,0.569594468699321,25,3.8609809022638,0,-16.91831,245,0,0,20,"both",0.309988758818787,0.569594468699321
"2430","session2",-13.8124442908188,13.5064847863754,2.31648602102046,6.40684165352446e-05,0.555265362407519,0.335782527409193,0.115315700677339,5,2,100,0.309988758818787,0.569594468699321,25,3.02982791454187,1,-9.57552,245,0,0,20,"both",0.309988758818787,0.569594468699321
"2431","session2",-13.8124442908188,13.5064847863754,2.31648602102046,6.40684165352446e-05,0.555265362407519,0.335782527409193,0.115315700677339,5,2,100,0.309988758818787,0.569594468699321,25,1.85385622646655,0,-18.59594,245,0,0,20,"both",0.309988758818787,0.569594468699321
"2432","session2",-13.8124442908188,13.5064847863754,2.31648602102046,6.40684165352446e-05,0.555265362407519,0.335782527409193,0.115315700677339,5,2,100,0.309988758818787,0.569594468699321,25,4.3184773579831,1,-2.25711,245,0,0,20,"both",0.309988758818787,0.569594468699321
"2433","session2",-13.8124442908188,13.5064847863754,2.31648602102046,6.40684165352446e-05,0.555265362407519,0.335782527409193,0.115315700677339,5,2,100,0.309988758818787,0.569594468699321,25,3.80085109263281,0,-18.22629,245,0,0,20,"both",0.309988758818787,0.569594468699321
"2434","session2",-13.8124442908188,13.5064847863754,2.31648602102046,6.40684165352446e-05,0.555265362407519,0.335782527409193,0.115315700677339,5,2,100,0.309988758818787,0.569594468699321,25,3.35701792492054,0,-12.03607,245,0,0,20,"both",0.309988758818787,0.569594468699321
"2435","session2",-13.8124442908188,13.5064847863754,2.31648602102046,6.40684165352446e-05,0.555265362407519,0.335782527409193,0.115315700677339,5,2,100,0.309988758818787,0.569594468699321,25,5.41330940079656,1,-4.13872,245,0,0,20,"both",0.309988758818787,0.569594468699321
"2436","session2",-13.8124442908188,13.5064847863754,2.31648602102046,6.40684165352446e-05,0.555265362407519,0.335782527409193,0.115315700677339,5,2,100,0.309988758818787,0.569594468699321,25,2.555951867676,1,-6.50917,245,0,0,20,"both",0.309988758818787,0.569594468699321
"2437","session2",-13.8124442908188,13.5064847863754,2.31648602102046,6.40684165352446e-05,0.555265362407519,0.335782527409193,0.115315700677339,5,2,100,0.309988758818787,0.569594468699321,25,6.15378056315723,1,-0.551500000000001,245,0,0,20,"both",0.309988758818787,0.569594468699321
"2438","session2",-13.8124442908188,13.5064847863754,2.31648602102046,6.40684165352446e-05,0.555265362407519,0.335782527409193,0.115315700677339,5,2,100,0.309988758818787,0.569594468699321,25,1.32426566066848,1,-8.57551,245,0,0,20,"both",0.309988758818787,0.569594468699321
"2439","session2",-13.8124442908188,13.5064847863754,2.31648602102046,6.40684165352446e-05,0.555265362407519,0.335782527409193,0.115315700677339,5,2,100,0.309988758818787,0.569594468699321,25,2.8952398210002,0,-14.15206,245,0,0,20,"both",0.309988758818787,0.569594468699321
"2440","session2",-13.8124442908188,13.5064847863754,2.31648602102046,6.40684165352446e-05,0.555265362407519,0.335782527409193,0.115315700677339,5,2,100,0.309988758818787,0.569594468699321,25,2.01991963778806,1,-0.48404,245,0,0,20,"both",0.309988758818787,0.569594468699321
"2441","session2",-13.8124442908188,13.5064847863754,2.31648602102046,6.40684165352446e-05,0.555265362407519,0.335782527409193,0.115315700677339,5,2,100,0.309988758818787,0.569594468699321,25,2.62816111623158,0,-17.16549,245,0,0,20,"both",0.309988758818787,0.569594468699321
"2442","session2",-13.8124442908188,13.5064847863754,2.31648602102046,6.40684165352446e-05,0.555265362407519,0.335782527409193,0.115315700677339,5,2,100,0.309988758818787,0.569594468699321,25,3.78772491374873,1,-8.69329,245,0,0,20,"both",0.309988758818787,0.569594468699321
"2443","session2",-13.8124442908188,13.5064847863754,2.31648602102046,6.40684165352446e-05,0.555265362407519,0.335782527409193,0.115315700677339,5,2,100,0.309988758818787,0.569594468699321,25,3.41539553942115,1,-7.11319,245,0,0,20,"both",0.309988758818787,0.569594468699321
"2444","session2",-13.8124442908188,13.5064847863754,2.31648602102046,6.40684165352446e-05,0.555265362407519,0.335782527409193,0.115315700677339,5,2,100,0.309988758818787,0.569594468699321,25,3.34241191023479,0,-9.1725,245,0,0,20,"both",0.309988758818787,0.569594468699321
"2445","session2",-13.8124442908188,13.5064847863754,2.31648602102046,6.40684165352446e-05,0.555265362407519,0.335782527409193,0.115315700677339,5,2,100,0.309988758818787,0.569594468699321,25,3.87852836450363,0,-7.99915,245,0,0,20,"both",0.309988758818787,0.569594468699321
"2446","session2",-13.8124442908188,13.5064847863754,2.31648602102046,6.40684165352446e-05,0.555265362407519,0.335782527409193,0.115315700677339,5,2,100,0.309988758818787,0.569594468699321,25,5.13651248213759,1,-8.34683,245,0,0,20,"both",0.309988758818787,0.569594468699321
"2447","session2",-13.8124442908188,13.5064847863754,2.31648602102046,6.40684165352446e-05,0.555265362407519,0.335782527409193,0.115315700677339,5,2,100,0.309988758818787,0.569594468699321,25,2.04206545956327,1,-2.52466,245,0,0,20,"both",0.309988758818787,0.569594468699321
"2448","session2",-13.8124442908188,13.5064847863754,2.31648602102046,6.40684165352446e-05,0.555265362407519,0.335782527409193,0.115315700677339,5,2,100,0.309988758818787,0.569594468699321,25,2.445002892321,1,-3.37207,245,0,0,20,"both",0.309988758818787,0.569594468699321
"2449","session2",-13.8124442908188,13.5064847863754,2.31648602102046,6.40684165352446e-05,0.555265362407519,0.335782527409193,0.115315700677339,5,2,100,0.309988758818787,0.569594468699321,25,4.13682067462163,0,-16.45345,245,0,0,20,"both",0.309988758818787,0.569594468699321
"2450","session2",-13.8124442908188,13.5064847863754,2.31648602102046,6.40684165352446e-05,0.555265362407519,0.335782527409193,0.115315700677339,5,2,100,0.309988758818787,0.569594468699321,25,2.54871144257206,1,-18.22722,245,0,0,20,"both",0.309988758818787,0.569594468699321
"2451","session2",-13.8124442908188,13.5064847863754,2.31648602102046,6.40684165352446e-05,0.555265362407519,0.335782527409193,0.115315700677339,5,2,100,0.309988758818787,0.569594468699321,25,2.38549543575442,0,-19.55027,245,0,0,20,"both",0.309988758818787,0.569594468699321
"2452","session2",-13.8124442908188,13.5064847863754,2.31648602102046,6.40684165352446e-05,0.555265362407519,0.335782527409193,0.115315700677339,5,2,100,0.309988758818787,0.569594468699321,25,2.65942549447198,0,-4.91928,245,0,0,20,"both",0.309988758818787,0.569594468699321
"2453","session2",-13.8124442908188,13.5064847863754,2.31648602102046,6.40684165352446e-05,0.555265362407519,0.335782527409193,0.115315700677339,5,2,100,0.309988758818787,0.569594468699321,25,3.7135758364161,1,-6.08113,245,0,0,20,"both",0.309988758818787,0.569594468699321
"2454","session2",-13.8124442908188,13.5064847863754,2.31648602102046,6.40684165352446e-05,0.555265362407519,0.335782527409193,0.115315700677339,5,2,100,0.309988758818787,0.569594468699321,25,3.09922519367035,0,-21.9835,245,0,0,20,"both",0.309988758818787,0.569594468699321
"2455","session2",-13.8124442908188,13.5064847863754,2.31648602102046,6.40684165352446e-05,0.555265362407519,0.335782527409193,0.115315700677339,5,2,100,0.309988758818787,0.569594468699321,25,4.61186421939357,1,-16.50449,245,0,0,20,"both",0.309988758818787,0.569594468699321
"2456","session2",-13.8124442908188,13.5064847863754,2.31648602102046,6.40684165352446e-05,0.555265362407519,0.335782527409193,0.115315700677339,5,2,100,0.309988758818787,0.569594468699321,25,2.00288289816722,1,-0.147,245,0,0,20,"both",0.309988758818787,0.569594468699321
"2457","session2",-13.8124442908188,13.5064847863754,2.31648602102046,6.40684165352446e-05,0.555265362407519,0.335782527409193,0.115315700677339,5,2,100,0.309988758818787,0.569594468699321,25,1.79378765849656,1,-4.65493,245,0,0,20,"both",0.309988758818787,0.569594468699321
"2458","session2",-13.8124442908188,13.5064847863754,2.31648602102046,6.40684165352446e-05,0.555265362407519,0.335782527409193,0.115315700677339,5,2,100,0.309988758818787,0.569594468699321,25,2.25835835228853,1,-7.60298,245,0,0,20,"both",0.309988758818787,0.569594468699321
"2459","session2",-13.8124442908188,13.5064847863754,2.31648602102046,6.40684165352446e-05,0.555265362407519,0.335782527409193,0.115315700677339,5,2,100,0.309988758818787,0.569594468699321,25,2.75543272316512,1,-15.65999,245,0,0,20,"both",0.309988758818787,0.569594468699321
"2460","session2",-13.8124442908188,13.5064847863754,2.31648602102046,6.40684165352446e-05,0.555265362407519,0.335782527409193,0.115315700677339,5,2,100,0.309988758818787,0.569594468699321,25,6.37715241639028,0,-16.39144,245,0,0,20,"both",0.309988758818787,0.569594468699321
"2461","session2",-13.8124442908188,13.5064847863754,2.31648602102046,6.40684165352446e-05,0.555265362407519,0.335782527409193,0.115315700677339,5,2,100,0.309988758818787,0.569594468699321,25,3.78208083504333,1,-7.04985,245,0,0,20,"both",0.309988758818787,0.569594468699321
"2462","session2",-13.8124442908188,13.5064847863754,2.31648602102046,6.40684165352446e-05,0.555265362407519,0.335782527409193,0.115315700677339,5,2,100,0.309988758818787,0.569594468699321,25,2.6309287182083,1,-7.10161,245,0,0,20,"both",0.309988758818787,0.569594468699321
"2463","session2",-13.8124442908188,13.5064847863754,2.31648602102046,6.40684165352446e-05,0.555265362407519,0.335782527409193,0.115315700677339,5,2,100,0.309988758818787,0.569594468699321,25,1.42277786289747,1,-6.47431,245,0,0,20,"both",0.309988758818787,0.569594468699321
"2464","session2",-13.8124442908188,13.5064847863754,2.31648602102046,6.40684165352446e-05,0.555265362407519,0.335782527409193,0.115315700677339,5,2,100,0.309988758818787,0.569594468699321,25,4.0136191462391,0,-5.40308,245,0,0,20,"both",0.309988758818787,0.569594468699321
"2465","session2",-13.8124442908188,13.5064847863754,2.31648602102046,6.40684165352446e-05,0.555265362407519,0.335782527409193,0.115315700677339,5,2,100,0.309988758818787,0.569594468699321,25,2.17581423279312,1,-3.51793,245,0,0,20,"both",0.309988758818787,0.569594468699321
"2466","session2",-13.8124442908188,13.5064847863754,2.31648602102046,6.40684165352446e-05,0.555265362407519,0.335782527409193,0.115315700677339,5,2,100,0.309988758818787,0.569594468699321,25,2.90248141992458,1,-8.59442,245,0,0,20,"both",0.309988758818787,0.569594468699321
"2467","session2",-13.8124442908188,13.5064847863754,2.31648602102046,6.40684165352446e-05,0.555265362407519,0.335782527409193,0.115315700677339,5,2,100,0.309988758818787,0.569594468699321,25,2.25753173829629,0,-10.32503,245,0,0,20,"both",0.309988758818787,0.569594468699321
"2468","session2",-13.8124442908188,13.5064847863754,2.31648602102046,6.40684165352446e-05,0.555265362407519,0.335782527409193,0.115315700677339,5,2,100,0.309988758818787,0.569594468699321,25,2.78365214426625,1,-5.76237,245,0,0,20,"both",0.309988758818787,0.569594468699321
"2469","session2",-13.8124442908188,13.5064847863754,2.31648602102046,6.40684165352446e-05,0.555265362407519,0.335782527409193,0.115315700677339,5,2,100,0.309988758818787,0.569594468699321,25,2.8526981350541,1,-7.09038,245,0,0,20,"both",0.309988758818787,0.569594468699321
"2470","session2",-13.8124442908188,13.5064847863754,2.31648602102046,6.40684165352446e-05,0.555265362407519,0.335782527409193,0.115315700677339,5,2,100,0.309988758818787,0.569594468699321,25,2.85337388972198,1,-2.08751,245,0,0,20,"both",0.309988758818787,0.569594468699321
"2471","session2",-13.8124442908188,13.5064847863754,2.31648602102046,6.40684165352446e-05,0.555265362407519,0.335782527409193,0.115315700677339,5,2,100,0.309988758818787,0.569594468699321,25,2.59578878046654,1,-14.12459,245,0,0,20,"both",0.309988758818787,0.569594468699321
"2472","session2",-13.8124442908188,13.5064847863754,2.31648602102046,6.40684165352446e-05,0.555265362407519,0.335782527409193,0.115315700677339,5,2,100,0.309988758818787,0.569594468699321,25,3.55911841332583,0,-7.3729,245,0,0,20,"both",0.309988758818787,0.569594468699321
"2473","session2",-13.8124442908188,13.5064847863754,2.31648602102046,6.40684165352446e-05,0.555265362407519,0.335782527409193,0.115315700677339,5,2,100,0.309988758818787,0.569594468699321,25,1.65957581747319,0,-19.9394,245,0,0,20,"both",0.309988758818787,0.569594468699321
"2474","session2",-13.8124442908188,13.5064847863754,2.31648602102046,6.40684165352446e-05,0.555265362407519,0.335782527409193,0.115315700677339,5,2,100,0.309988758818787,0.569594468699321,25,3.57034974807989,1,-6.98897,245,0,0,20,"both",0.309988758818787,0.569594468699321
"2475","session2",-13.8124442908188,13.5064847863754,2.31648602102046,6.40684165352446e-05,0.555265362407519,0.335782527409193,0.115315700677339,5,2,100,0.309988758818787,0.569594468699321,25,3.28985022083426,1,-7.52591,245,0,0,20,"both",0.309988758818787,0.569594468699321
"2476","session2",-13.8124442908188,13.5064847863754,2.31648602102046,6.40684165352446e-05,0.555265362407519,0.335782527409193,0.115315700677339,5,2,100,0.309988758818787,0.569594468699321,25,4.14788437992325,1,-21.0762,245,0,0,20,"both",0.309988758818787,0.569594468699321
"2477","session2",-13.8124442908188,13.5064847863754,2.31648602102046,6.40684165352446e-05,0.555265362407519,0.335782527409193,0.115315700677339,5,2,100,0.309988758818787,0.569594468699321,25,2.29253823878489,1,-5.06905,245,0,0,20,"both",0.309988758818787,0.569594468699321
"2478","session2",-13.8124442908188,13.5064847863754,2.31648602102046,6.40684165352446e-05,0.555265362407519,0.335782527409193,0.115315700677339,5,2,100,0.309988758818787,0.569594468699321,25,4.30694875311234,0,-9.17495,245,0,0,20,"both",0.309988758818787,0.569594468699321
"2479","session2",-13.8124442908188,13.5064847863754,2.31648602102046,6.40684165352446e-05,0.555265362407519,0.335782527409193,0.115315700677339,5,2,100,0.309988758818787,0.569594468699321,25,2.73059665724858,1,-1.75416,245,0,0,20,"both",0.309988758818787,0.569594468699321
"2480","session2",-13.8124442908188,13.5064847863754,2.31648602102046,6.40684165352446e-05,0.555265362407519,0.335782527409193,0.115315700677339,5,2,100,0.309988758818787,0.569594468699321,25,2.72379075544524,0,-23.3527,245,0,0,20,"both",0.309988758818787,0.569594468699321
"2481","session2",-13.8124442908188,13.5064847863754,2.31648602102046,6.40684165352446e-05,0.555265362407519,0.335782527409193,0.115315700677339,5,2,100,0.309988758818787,0.569594468699321,25,2.46728273219243,0,-21.4316,245,0,0,20,"both",0.309988758818787,0.569594468699321
"2482","session2",-13.8124442908188,13.5064847863754,2.31648602102046,6.40684165352446e-05,0.555265362407519,0.335782527409193,0.115315700677339,5,2,100,0.309988758818787,0.569594468699321,25,2.63762997183063,0,-21.72679,245,0,0,20,"both",0.309988758818787,0.569594468699321
"2483","session2",-13.8124442908188,13.5064847863754,2.31648602102046,6.40684165352446e-05,0.555265362407519,0.335782527409193,0.115315700677339,5,2,100,0.309988758818787,0.569594468699321,25,1.67138802446365,1,-2.51509,245,0,0,20,"both",0.309988758818787,0.569594468699321
"2484","session2",-13.8124442908188,13.5064847863754,2.31648602102046,6.40684165352446e-05,0.555265362407519,0.335782527409193,0.115315700677339,5,2,100,0.309988758818787,0.569594468699321,25,1.26150225085607,0,-23.3249,245,0,0,20,"both",0.309988758818787,0.569594468699321
"2485","session2",-13.8124442908188,13.5064847863754,2.31648602102046,6.40684165352446e-05,0.555265362407519,0.335782527409193,0.115315700677339,5,2,100,0.309988758818787,0.569594468699321,25,2.66716892785929,0,-20.42436,245,0,0,20,"both",0.309988758818787,0.569594468699321
"2486","session2",-13.8124442908188,13.5064847863754,2.31648602102046,6.40684165352446e-05,0.555265362407519,0.335782527409193,0.115315700677339,5,2,100,0.309988758818787,0.569594468699321,25,2.60217969438419,1,-4.33479,245,0,0,20,"both",0.309988758818787,0.569594468699321
"2487","session2",-13.8124442908188,13.5064847863754,2.31648602102046,6.40684165352446e-05,0.555265362407519,0.335782527409193,0.115315700677339,5,2,100,0.309988758818787,0.569594468699321,25,2.93696591767244,1,-5.23329,245,0,0,20,"both",0.309988758818787,0.569594468699321
"2488","session2",-13.8124442908188,13.5064847863754,2.31648602102046,6.40684165352446e-05,0.555265362407519,0.335782527409193,0.115315700677339,5,2,100,0.309988758818787,0.569594468699321,25,5.26688214239407,1,-9.03918,245,0,0,20,"both",0.309988758818787,0.569594468699321
"2489","session2",-13.8124442908188,13.5064847863754,2.31648602102046,6.40684165352446e-05,0.555265362407519,0.335782527409193,0.115315700677339,5,2,100,0.309988758818787,0.569594468699321,25,1.60469200339437,0,-7.31124,245,0,0,20,"both",0.309988758818787,0.569594468699321
"2490","session2",-13.8124442908188,13.5064847863754,2.31648602102046,6.40684165352446e-05,0.555265362407519,0.335782527409193,0.115315700677339,5,2,100,0.309988758818787,0.569594468699321,25,1.47854286984764,1,-1.88448,245,0,0,20,"both",0.309988758818787,0.569594468699321
"2491","session2",-13.8124442908188,13.5064847863754,2.31648602102046,6.40684165352446e-05,0.555265362407519,0.335782527409193,0.115315700677339,5,2,100,0.309988758818787,0.569594468699321,25,3.01184441381801,1,-5.06048,245,0,0,20,"both",0.309988758818787,0.569594468699321
"2492","session2",-13.8124442908188,13.5064847863754,2.31648602102046,6.40684165352446e-05,0.555265362407519,0.335782527409193,0.115315700677339,5,2,100,0.309988758818787,0.569594468699321,25,1.43892811521491,1,-6.67806,245,0,0,20,"both",0.309988758818787,0.569594468699321
"2493","session2",-13.8124442908188,13.5064847863754,2.31648602102046,6.40684165352446e-05,0.555265362407519,0.335782527409193,0.115315700677339,5,2,100,0.309988758818787,0.569594468699321,25,2.7311935198056,1,-8.82084,245,0,0,20,"both",0.309988758818787,0.569594468699321
"2494","session2",-13.8124442908188,13.5064847863754,2.31648602102046,6.40684165352446e-05,0.555265362407519,0.335782527409193,0.115315700677339,5,2,100,0.309988758818787,0.569594468699321,25,2.57531386454218,1,-19.0053,245,0,0,20,"both",0.309988758818787,0.569594468699321
"2495","session2",-13.8124442908188,13.5064847863754,2.31648602102046,6.40684165352446e-05,0.555265362407519,0.335782527409193,0.115315700677339,5,2,100,0.309988758818787,0.569594468699321,25,3.80885826260934,0,-24.4577,245,0,0,20,"both",0.309988758818787,0.569594468699321
"2496","session2",-13.8124442908188,13.5064847863754,2.31648602102046,6.40684165352446e-05,0.555265362407519,0.335782527409193,0.115315700677339,5,2,100,0.309988758818787,0.569594468699321,25,2.83959085661668,0,-17.56523,245,0,0,20,"both",0.309988758818787,0.569594468699321
"2497","session2",-13.8124442908188,13.5064847863754,2.31648602102046,6.40684165352446e-05,0.555265362407519,0.335782527409193,0.115315700677339,5,2,100,0.309988758818787,0.569594468699321,25,3.25879526150531,0,-23.38092,245,0,0,20,"both",0.309988758818787,0.569594468699321
"2498","session2",-13.8124442908188,13.5064847863754,2.31648602102046,6.40684165352446e-05,0.555265362407519,0.335782527409193,0.115315700677339,5,2,100,0.309988758818787,0.569594468699321,25,1.9901581600957,1,-20.87656,245,0,0,20,"both",0.309988758818787,0.569594468699321
"2499","session2",-13.8124442908188,13.5064847863754,2.31648602102046,6.40684165352446e-05,0.555265362407519,0.335782527409193,0.115315700677339,5,2,100,0.309988758818787,0.569594468699321,25,3.20132967453785,0,-3.57613,245,0,0,20,"both",0.309988758818787,0.569594468699321
"2500","session2",-13.8124442908188,13.5064847863754,2.31648602102046,6.40684165352446e-05,0.555265362407519,0.335782527409193,0.115315700677339,5,2,100,0.309988758818787,0.569594468699321,25,2.28632340961906,0,-19.63039,245,0,0,20,"both",0.309988758818787,0.569594468699321
"2501","session2",-6.09810231747315,7.57940863306538,2.94712692980049,0.00130388311037522,0.300746317246854,0.522551837144147,0.798440604822283,6,2,100,0.309988758818787,0.569594468699321,26,7.53636649818337,0,-7.5950821598,245,0,0,20,"both",0.309988758818787,0.569594468699321
"2502","session2",-6.09810231747315,7.57940863306538,2.94712692980049,0.00130388311037522,0.300746317246854,0.522551837144147,0.798440604822283,6,2,100,0.309988758818787,0.569594468699321,26,1.91866579030641,1,4.0779643355,245,0,0,20,"both",0.309988758818787,0.569594468699321
"2503","session2",-6.09810231747315,7.57940863306538,2.94712692980049,0.00130388311037522,0.300746317246854,0.522551837144147,0.798440604822283,6,2,100,0.309988758818787,0.569594468699321,26,4.12678484189882,1,-0.0119134831999998,245,0,0,20,"both",0.309988758818787,0.569594468699321
"2504","session2",-6.09810231747315,7.57940863306538,2.94712692980049,0.00130388311037522,0.300746317246854,0.522551837144147,0.798440604822283,6,2,100,0.309988758818787,0.569594468699321,26,4.66485526352043,0,-4.24543754583,245,0,0,20,"both",0.309988758818787,0.569594468699321
"2505","session2",-6.09810231747315,7.57940863306538,2.94712692980049,0.00130388311037522,0.300746317246854,0.522551837144147,0.798440604822283,6,2,100,0.309988758818787,0.569594468699321,26,8,1,-1.33321,245,0,0,20,"both",0.309988758818787,0.569594468699321
"2506","session2",-6.09810231747315,7.57940863306538,2.94712692980049,0.00130388311037522,0.300746317246854,0.522551837144147,0.798440604822283,6,2,100,0.309988758818787,0.569594468699321,26,3.56460433239784,1,2.274465,245,0,0,20,"both",0.309988758818787,0.569594468699321
"2507","session2",-6.09810231747315,7.57940863306538,2.94712692980049,0.00130388311037522,0.300746317246854,0.522551837144147,0.798440604822283,6,2,100,0.309988758818787,0.569594468699321,26,2.9822349390552,0,-2.82126,245,0,0,20,"both",0.309988758818787,0.569594468699321
"2508","session2",-6.09810231747315,7.57940863306538,2.94712692980049,0.00130388311037522,0.300746317246854,0.522551837144147,0.798440604822283,6,2,100,0.309988758818787,0.569594468699321,26,4.44362410728557,1,1.949324,245,0,0,20,"both",0.309988758818787,0.569594468699321
"2509","session2",-6.09810231747315,7.57940863306538,2.94712692980049,0.00130388311037522,0.300746317246854,0.522551837144147,0.798440604822283,6,2,100,0.309988758818787,0.569594468699321,26,4.09678053825328,0,-9.7012,245,0,0,20,"both",0.309988758818787,0.569594468699321
"2510","session2",-6.09810231747315,7.57940863306538,2.94712692980049,0.00130388311037522,0.300746317246854,0.522551837144147,0.798440604822283,6,2,100,0.309988758818787,0.569594468699321,26,3.12452135521048,1,-7.6786,245,0,0,20,"both",0.309988758818787,0.569594468699321
"2511","session2",-6.09810231747315,7.57940863306538,2.94712692980049,0.00130388311037522,0.300746317246854,0.522551837144147,0.798440604822283,6,2,100,0.309988758818787,0.569594468699321,26,6.30556209742261,1,-4.2176348028,245,0,0,20,"both",0.309988758818787,0.569594468699321
"2512","session2",-6.09810231747315,7.57940863306538,2.94712692980049,0.00130388311037522,0.300746317246854,0.522551837144147,0.798440604822283,6,2,100,0.309988758818787,0.569594468699321,26,1.69522606574927,0,-44.6576,245,0,0,20,"both",0.309988758818787,0.569594468699321
"2513","session2",-6.09810231747315,7.57940863306538,2.94712692980049,0.00130388311037522,0.300746317246854,0.522551837144147,0.798440604822283,6,2,100,0.309988758818787,0.569594468699321,26,3.24625287072966,0,-5.55132304442,245,0,0,20,"both",0.309988758818787,0.569594468699321
"2514","session2",-6.09810231747315,7.57940863306538,2.94712692980049,0.00130388311037522,0.300746317246854,0.522551837144147,0.798440604822283,6,2,100,0.309988758818787,0.569594468699321,26,4.79656151652655,0,-6.94982,245,0,0,20,"both",0.309988758818787,0.569594468699321
"2515","session2",-6.09810231747315,7.57940863306538,2.94712692980049,0.00130388311037522,0.300746317246854,0.522551837144147,0.798440604822283,6,2,100,0.309988758818787,0.569594468699321,26,2.1927068635797,1,8.370198,245,0,0,20,"both",0.309988758818787,0.569594468699321
"2516","session2",-6.09810231747315,7.57940863306538,2.94712692980049,0.00130388311037522,0.300746317246854,0.522551837144147,0.798440604822283,6,2,100,0.309988758818787,0.569594468699321,26,2.75334056864116,1,-1.80671,245,0,0,20,"both",0.309988758818787,0.569594468699321
"2517","session2",-6.09810231747315,7.57940863306538,2.94712692980049,0.00130388311037522,0.300746317246854,0.522551837144147,0.798440604822283,6,2,100,0.309988758818787,0.569594468699321,26,2.88189561848704,0,-9.9994,245,0,0,20,"both",0.309988758818787,0.569594468699321
"2518","session2",-6.09810231747315,7.57940863306538,2.94712692980049,0.00130388311037522,0.300746317246854,0.522551837144147,0.798440604822283,6,2,100,0.309988758818787,0.569594468699321,26,2.41836222510065,0,-12.21178,245,0,0,20,"both",0.309988758818787,0.569594468699321
"2519","session2",-6.09810231747315,7.57940863306538,2.94712692980049,0.00130388311037522,0.300746317246854,0.522551837144147,0.798440604822283,6,2,100,0.309988758818787,0.569594468699321,26,2.18104807650344,1,3.0105,245,0,0,20,"both",0.309988758818787,0.569594468699321
"2520","session2",-6.09810231747315,7.57940863306538,2.94712692980049,0.00130388311037522,0.300746317246854,0.522551837144147,0.798440604822283,6,2,100,0.309988758818787,0.569594468699321,26,1.41448269718007,1,-0.08935,245,0,0,20,"both",0.309988758818787,0.569594468699321
"2521","session2",-6.09810231747315,7.57940863306538,2.94712692980049,0.00130388311037522,0.300746317246854,0.522551837144147,0.798440604822283,6,2,100,0.309988758818787,0.569594468699321,26,2.30053607041041,0,-6.02619,245,0,0,20,"both",0.309988758818787,0.569594468699321
"2522","session2",-6.09810231747315,7.57940863306538,2.94712692980049,0.00130388311037522,0.300746317246854,0.522551837144147,0.798440604822283,6,2,100,0.309988758818787,0.569594468699321,26,1.93786091089233,1,-4.71591,245,0,0,20,"both",0.309988758818787,0.569594468699321
"2523","session2",-6.09810231747315,7.57940863306538,2.94712692980049,0.00130388311037522,0.300746317246854,0.522551837144147,0.798440604822283,6,2,100,0.309988758818787,0.569594468699321,26,1.75633402604794,1,9.30105,245,0,0,20,"both",0.309988758818787,0.569594468699321
"2524","session2",-6.09810231747315,7.57940863306538,2.94712692980049,0.00130388311037522,0.300746317246854,0.522551837144147,0.798440604822283,6,2,100,0.309988758818787,0.569594468699321,26,3.92133447911328,0,-8.88759,245,0,0,20,"both",0.309988758818787,0.569594468699321
"2525","session2",-6.09810231747315,7.57940863306538,2.94712692980049,0.00130388311037522,0.300746317246854,0.522551837144147,0.798440604822283,6,2,100,0.309988758818787,0.569594468699321,26,3.40803465500324,0,-1.19891,245,0,0,20,"both",0.309988758818787,0.569594468699321
"2526","session2",-6.09810231747315,7.57940863306538,2.94712692980049,0.00130388311037522,0.300746317246854,0.522551837144147,0.798440604822283,6,2,100,0.309988758818787,0.569594468699321,26,3.22148807068362,0,-9.72185,245,0,0,20,"both",0.309988758818787,0.569594468699321
"2527","session2",-6.09810231747315,7.57940863306538,2.94712692980049,0.00130388311037522,0.300746317246854,0.522551837144147,0.798440604822283,6,2,100,0.309988758818787,0.569594468699321,26,1.81989546818028,1,-1.17423,245,0,0,20,"both",0.309988758818787,0.569594468699321
"2528","session2",-6.09810231747315,7.57940863306538,2.94712692980049,0.00130388311037522,0.300746317246854,0.522551837144147,0.798440604822283,6,2,100,0.309988758818787,0.569594468699321,26,3.245515516931,0,-2.87866,245,0,0,20,"both",0.309988758818787,0.569594468699321
"2529","session2",-6.09810231747315,7.57940863306538,2.94712692980049,0.00130388311037522,0.300746317246854,0.522551837144147,0.798440604822283,6,2,100,0.309988758818787,0.569594468699321,26,4.35856088195823,0,-11.32043,245,0,0,20,"both",0.309988758818787,0.569594468699321
"2530","session2",-6.09810231747315,7.57940863306538,2.94712692980049,0.00130388311037522,0.300746317246854,0.522551837144147,0.798440604822283,6,2,100,0.309988758818787,0.569594468699321,26,1.89683139328257,1,3.78506,245,0,0,20,"both",0.309988758818787,0.569594468699321
"2531","session2",-6.09810231747315,7.57940863306538,2.94712692980049,0.00130388311037522,0.300746317246854,0.522551837144147,0.798440604822283,6,2,100,0.309988758818787,0.569594468699321,26,3.78702738506922,1,-0.82407,245,0,0,20,"both",0.309988758818787,0.569594468699321
"2532","session2",-6.09810231747315,7.57940863306538,2.94712692980049,0.00130388311037522,0.300746317246854,0.522551837144147,0.798440604822283,6,2,100,0.309988758818787,0.569594468699321,26,4.38498127749012,1,-1.02179,245,0,0,20,"both",0.309988758818787,0.569594468699321
"2533","session2",-6.09810231747315,7.57940863306538,2.94712692980049,0.00130388311037522,0.300746317246854,0.522551837144147,0.798440604822283,6,2,100,0.309988758818787,0.569594468699321,26,3.83758216616016,0,-6.78356,245,0,0,20,"both",0.309988758818787,0.569594468699321
"2534","session2",-6.09810231747315,7.57940863306538,2.94712692980049,0.00130388311037522,0.300746317246854,0.522551837144147,0.798440604822283,6,2,100,0.309988758818787,0.569594468699321,26,5.11012233037782,1,0.00212999999999974,245,0,0,20,"both",0.309988758818787,0.569594468699321
"2535","session2",-6.09810231747315,7.57940863306538,2.94712692980049,0.00130388311037522,0.300746317246854,0.522551837144147,0.798440604822283,6,2,100,0.309988758818787,0.569594468699321,26,2.11506770940462,1,-5.88856,245,0,0,20,"both",0.309988758818787,0.569594468699321
"2536","session2",-6.09810231747315,7.57940863306538,2.94712692980049,0.00130388311037522,0.300746317246854,0.522551837144147,0.798440604822283,6,2,100,0.309988758818787,0.569594468699321,26,4.78264718106912,0,-8.95031,245,0,0,20,"both",0.309988758818787,0.569594468699321
"2537","session2",-6.09810231747315,7.57940863306538,2.94712692980049,0.00130388311037522,0.300746317246854,0.522551837144147,0.798440604822283,6,2,100,0.309988758818787,0.569594468699321,26,1.55719960699341,1,3.17673,245,0,0,20,"both",0.309988758818787,0.569594468699321
"2538","session2",-6.09810231747315,7.57940863306538,2.94712692980049,0.00130388311037522,0.300746317246854,0.522551837144147,0.798440604822283,6,2,100,0.309988758818787,0.569594468699321,26,3.29184947701707,1,0.0253399999999999,245,0,0,20,"both",0.309988758818787,0.569594468699321
"2539","session2",-6.09810231747315,7.57940863306538,2.94712692980049,0.00130388311037522,0.300746317246854,0.522551837144147,0.798440604822283,6,2,100,0.309988758818787,0.569594468699321,26,2.2756560374969,1,-0.41863,245,0,0,20,"both",0.309988758818787,0.569594468699321
"2540","session2",-6.09810231747315,7.57940863306538,2.94712692980049,0.00130388311037522,0.300746317246854,0.522551837144147,0.798440604822283,6,2,100,0.309988758818787,0.569594468699321,26,1.87286880858218,1,-1.22967,245,0,0,20,"both",0.309988758818787,0.569594468699321
"2541","session2",-6.09810231747315,7.57940863306538,2.94712692980049,0.00130388311037522,0.300746317246854,0.522551837144147,0.798440604822283,6,2,100,0.309988758818787,0.569594468699321,26,3.15728715758109,1,-10.38724,245,0,0,20,"both",0.309988758818787,0.569594468699321
"2542","session2",-6.09810231747315,7.57940863306538,2.94712692980049,0.00130388311037522,0.300746317246854,0.522551837144147,0.798440604822283,6,2,100,0.309988758818787,0.569594468699321,26,2.58141960061849,1,0.311229999999999,245,0,0,20,"both",0.309988758818787,0.569594468699321
"2543","session2",-6.09810231747315,7.57940863306538,2.94712692980049,0.00130388311037522,0.300746317246854,0.522551837144147,0.798440604822283,6,2,100,0.309988758818787,0.569594468699321,26,2.08380649236643,1,-8.59863,245,0,0,20,"both",0.309988758818787,0.569594468699321
"2544","session2",-6.09810231747315,7.57940863306538,2.94712692980049,0.00130388311037522,0.300746317246854,0.522551837144147,0.798440604822283,6,2,100,0.309988758818787,0.569594468699321,26,2.78278835624915,0,-10.77725,245,0,0,20,"both",0.309988758818787,0.569594468699321
"2545","session2",-6.09810231747315,7.57940863306538,2.94712692980049,0.00130388311037522,0.300746317246854,0.522551837144147,0.798440604822283,6,2,100,0.309988758818787,0.569594468699321,26,7.18526651957976,1,-7.39106,245,0,0,20,"both",0.309988758818787,0.569594468699321
"2546","session2",-6.09810231747315,7.57940863306538,2.94712692980049,0.00130388311037522,0.300746317246854,0.522551837144147,0.798440604822283,6,2,100,0.309988758818787,0.569594468699321,26,3.2159682818195,1,-10.02705,245,0,0,20,"both",0.309988758818787,0.569594468699321
"2547","session2",-6.09810231747315,7.57940863306538,2.94712692980049,0.00130388311037522,0.300746317246854,0.522551837144147,0.798440604822283,6,2,100,0.309988758818787,0.569594468699321,26,3.65380062978676,0,-11.77878,245,0,0,20,"both",0.309988758818787,0.569594468699321
"2548","session2",-6.09810231747315,7.57940863306538,2.94712692980049,0.00130388311037522,0.300746317246854,0.522551837144147,0.798440604822283,6,2,100,0.309988758818787,0.569594468699321,26,2.93975704043042,0,-11.41812,245,0,0,20,"both",0.309988758818787,0.569594468699321
"2549","session2",-6.09810231747315,7.57940863306538,2.94712692980049,0.00130388311037522,0.300746317246854,0.522551837144147,0.798440604822283,6,2,100,0.309988758818787,0.569594468699321,26,5.32224277080662,1,-3.88744,245,0,0,20,"both",0.309988758818787,0.569594468699321
"2550","session2",-6.09810231747315,7.57940863306538,2.94712692980049,0.00130388311037522,0.300746317246854,0.522551837144147,0.798440604822283,6,2,100,0.309988758818787,0.569594468699321,26,2.56515916713581,0,-11.60763,245,0,0,20,"both",0.309988758818787,0.569594468699321
"2551","session2",-6.09810231747315,7.57940863306538,2.94712692980049,0.00130388311037522,0.300746317246854,0.522551837144147,0.798440604822283,6,2,100,0.309988758818787,0.569594468699321,26,3.27311846656261,0,-12.36283,245,0,0,20,"both",0.309988758818787,0.569594468699321
"2552","session2",-6.09810231747315,7.57940863306538,2.94712692980049,0.00130388311037522,0.300746317246854,0.522551837144147,0.798440604822283,6,2,100,0.309988758818787,0.569594468699321,26,2.50826130513356,0,-14.97072,245,0,0,20,"both",0.309988758818787,0.569594468699321
"2553","session2",-6.09810231747315,7.57940863306538,2.94712692980049,0.00130388311037522,0.300746317246854,0.522551837144147,0.798440604822283,6,2,100,0.309988758818787,0.569594468699321,26,2.67340074091458,1,-8.76524,245,0,0,20,"both",0.309988758818787,0.569594468699321
"2554","session2",-6.09810231747315,7.57940863306538,2.94712692980049,0.00130388311037522,0.300746317246854,0.522551837144147,0.798440604822283,6,2,100,0.309988758818787,0.569594468699321,26,2.02739807048314,0,-1.28513,245,0,0,20,"both",0.309988758818787,0.569594468699321
"2555","session2",-6.09810231747315,7.57940863306538,2.94712692980049,0.00130388311037522,0.300746317246854,0.522551837144147,0.798440604822283,6,2,100,0.309988758818787,0.569594468699321,26,3.29338739323346,1,-12.88136,245,0,0,20,"both",0.309988758818787,0.569594468699321
"2556","session2",-6.09810231747315,7.57940863306538,2.94712692980049,0.00130388311037522,0.300746317246854,0.522551837144147,0.798440604822283,6,2,100,0.309988758818787,0.569594468699321,26,3.16038387246253,0,0.82086,245,0,0,20,"both",0.309988758818787,0.569594468699321
"2557","session2",-6.09810231747315,7.57940863306538,2.94712692980049,0.00130388311037522,0.300746317246854,0.522551837144147,0.798440604822283,6,2,100,0.309988758818787,0.569594468699321,26,2.40671433245159,1,2.76264,245,0,0,20,"both",0.309988758818787,0.569594468699321
"2558","session2",-6.09810231747315,7.57940863306538,2.94712692980049,0.00130388311037522,0.300746317246854,0.522551837144147,0.798440604822283,6,2,100,0.309988758818787,0.569594468699321,26,2.38986140789425,0,-14.02465,245,0,0,20,"both",0.309988758818787,0.569594468699321
"2559","session2",-6.09810231747315,7.57940863306538,2.94712692980049,0.00130388311037522,0.300746317246854,0.522551837144147,0.798440604822283,6,2,100,0.309988758818787,0.569594468699321,26,2.37473646807482,1,0.97357,245,0,0,20,"both",0.309988758818787,0.569594468699321
"2560","session2",-6.09810231747315,7.57940863306538,2.94712692980049,0.00130388311037522,0.300746317246854,0.522551837144147,0.798440604822283,6,2,100,0.309988758818787,0.569594468699321,26,3.51316403967449,0,-11.04734,245,0,0,20,"both",0.309988758818787,0.569594468699321
"2561","session2",-6.09810231747315,7.57940863306538,2.94712692980049,0.00130388311037522,0.300746317246854,0.522551837144147,0.798440604822283,6,2,100,0.309988758818787,0.569594468699321,26,2.21285709684652,1,-0.78176,245,0,0,20,"both",0.309988758818787,0.569594468699321
"2562","session2",-6.09810231747315,7.57940863306538,2.94712692980049,0.00130388311037522,0.300746317246854,0.522551837144147,0.798440604822283,6,2,100,0.309988758818787,0.569594468699321,26,2.11478045982664,0,-15.7434,245,0,0,20,"both",0.309988758818787,0.569594468699321
"2563","session2",-6.09810231747315,7.57940863306538,2.94712692980049,0.00130388311037522,0.300746317246854,0.522551837144147,0.798440604822283,6,2,100,0.309988758818787,0.569594468699321,26,2.82485412784683,1,-11.32692,245,0,0,20,"both",0.309988758818787,0.569594468699321
"2564","session2",-6.09810231747315,7.57940863306538,2.94712692980049,0.00130388311037522,0.300746317246854,0.522551837144147,0.798440604822283,6,2,100,0.309988758818787,0.569594468699321,26,2.01451632653116,0,-12.80382,245,0,0,20,"both",0.309988758818787,0.569594468699321
"2565","session2",-6.09810231747315,7.57940863306538,2.94712692980049,0.00130388311037522,0.300746317246854,0.522551837144147,0.798440604822283,6,2,100,0.309988758818787,0.569594468699321,26,3.69478035090651,0,1.63098,245,0,0,20,"both",0.309988758818787,0.569594468699321
"2566","session2",-6.09810231747315,7.57940863306538,2.94712692980049,0.00130388311037522,0.300746317246854,0.522551837144147,0.798440604822283,6,2,100,0.309988758818787,0.569594468699321,26,3.94512629210528,1,-12.34693,245,0,0,20,"both",0.309988758818787,0.569594468699321
"2567","session2",-6.09810231747315,7.57940863306538,2.94712692980049,0.00130388311037522,0.300746317246854,0.522551837144147,0.798440604822283,6,2,100,0.309988758818787,0.569594468699321,26,4.46604581588521,1,1.11953,245,0,0,20,"both",0.309988758818787,0.569594468699321
"2568","session2",-6.09810231747315,7.57940863306538,2.94712692980049,0.00130388311037522,0.300746317246854,0.522551837144147,0.798440604822283,6,2,100,0.309988758818787,0.569594468699321,26,3.36581155250793,0,-14.00632,245,0,0,20,"both",0.309988758818787,0.569594468699321
"2569","session2",-6.09810231747315,7.57940863306538,2.94712692980049,0.00130388311037522,0.300746317246854,0.522551837144147,0.798440604822283,6,2,100,0.309988758818787,0.569594468699321,26,8,0,-9.6227,245,0,0,20,"both",0.309988758818787,0.569594468699321
"2570","session2",-6.09810231747315,7.57940863306538,2.94712692980049,0.00130388311037522,0.300746317246854,0.522551837144147,0.798440604822283,6,2,100,0.309988758818787,0.569594468699321,26,2.03731321888277,0,-12.73141,245,0,0,20,"both",0.309988758818787,0.569594468699321
"2571","session2",-6.09810231747315,7.57940863306538,2.94712692980049,0.00130388311037522,0.300746317246854,0.522551837144147,0.798440604822283,6,2,100,0.309988758818787,0.569594468699321,26,4.57851371450157,1,-0.37552,245,0,0,20,"both",0.309988758818787,0.569594468699321
"2572","session2",-6.09810231747315,7.57940863306538,2.94712692980049,0.00130388311037522,0.300746317246854,0.522551837144147,0.798440604822283,6,2,100,0.309988758818787,0.569594468699321,26,2.22509466091893,1,0.13446,245,0,0,20,"both",0.309988758818787,0.569594468699321
"2573","session2",-6.09810231747315,7.57940863306538,2.94712692980049,0.00130388311037522,0.300746317246854,0.522551837144147,0.798440604822283,6,2,100,0.309988758818787,0.569594468699321,26,1.95676294871342,0,-16.62725,245,0,0,20,"both",0.309988758818787,0.569594468699321
"2574","session2",-6.09810231747315,7.57940863306538,2.94712692980049,0.00130388311037522,0.300746317246854,0.522551837144147,0.798440604822283,6,2,100,0.309988758818787,0.569594468699321,26,3.37583279470371,1,-13.31233,245,0,0,20,"both",0.309988758818787,0.569594468699321
"2575","session2",-6.09810231747315,7.57940863306538,2.94712692980049,0.00130388311037522,0.300746317246854,0.522551837144147,0.798440604822283,6,2,100,0.309988758818787,0.569594468699321,26,3.81797968825343,1,1.03569,245,0,0,20,"both",0.309988758818787,0.569594468699321
"2576","session2",-6.09810231747315,7.57940863306538,2.94712692980049,0.00130388311037522,0.300746317246854,0.522551837144147,0.798440604822283,6,2,100,0.309988758818787,0.569594468699321,26,1.95132627306791,0,-12.92942,245,0,0,20,"both",0.309988758818787,0.569594468699321
"2577","session2",-6.09810231747315,7.57940863306538,2.94712692980049,0.00130388311037522,0.300746317246854,0.522551837144147,0.798440604822283,6,2,100,0.309988758818787,0.569594468699321,26,4.22117465107518,1,-9.0095,245,0,0,20,"both",0.309988758818787,0.569594468699321
"2578","session2",-6.09810231747315,7.57940863306538,2.94712692980049,0.00130388311037522,0.300746317246854,0.522551837144147,0.798440604822283,6,2,100,0.309988758818787,0.569594468699321,26,3.792780904951,0,1.05096,245,0,0,20,"both",0.309988758818787,0.569594468699321
"2579","session2",-6.09810231747315,7.57940863306538,2.94712692980049,0.00130388311037522,0.300746317246854,0.522551837144147,0.798440604822283,6,2,100,0.309988758818787,0.569594468699321,26,3.8162409343674,1,1.30232,245,0,0,20,"both",0.309988758818787,0.569594468699321
"2580","session2",-6.09810231747315,7.57940863306538,2.94712692980049,0.00130388311037522,0.300746317246854,0.522551837144147,0.798440604822283,6,2,100,0.309988758818787,0.569594468699321,26,1.93786758851687,1,-15.21054,245,0,0,20,"both",0.309988758818787,0.569594468699321
"2581","session2",-6.09810231747315,7.57940863306538,2.94712692980049,0.00130388311037522,0.300746317246854,0.522551837144147,0.798440604822283,6,2,100,0.309988758818787,0.569594468699321,26,2.97415386481545,0,-11.48407,245,0,0,20,"both",0.309988758818787,0.569594468699321
"2582","session2",-6.09810231747315,7.57940863306538,2.94712692980049,0.00130388311037522,0.300746317246854,0.522551837144147,0.798440604822283,6,2,100,0.309988758818787,0.569594468699321,26,5.00977230429303,0,-16.49801,245,0,0,20,"both",0.309988758818787,0.569594468699321
"2583","session2",-6.09810231747315,7.57940863306538,2.94712692980049,0.00130388311037522,0.300746317246854,0.522551837144147,0.798440604822283,6,2,100,0.309988758818787,0.569594468699321,26,3.84958631571359,1,-0.40218,245,0,0,20,"both",0.309988758818787,0.569594468699321
"2584","session2",-6.09810231747315,7.57940863306538,2.94712692980049,0.00130388311037522,0.300746317246854,0.522551837144147,0.798440604822283,6,2,100,0.309988758818787,0.569594468699321,26,2.5846244421579,1,0.9156,245,0,0,20,"both",0.309988758818787,0.569594468699321
"2585","session2",-6.09810231747315,7.57940863306538,2.94712692980049,0.00130388311037522,0.300746317246854,0.522551837144147,0.798440604822283,6,2,100,0.309988758818787,0.569594468699321,26,2.32227771579533,0,-15.7528,245,0,0,20,"both",0.309988758818787,0.569594468699321
"2586","session2",-6.09810231747315,7.57940863306538,2.94712692980049,0.00130388311037522,0.300746317246854,0.522551837144147,0.798440604822283,6,2,100,0.309988758818787,0.569594468699321,26,3.55929388313267,1,-3.29744,245,0,0,20,"both",0.309988758818787,0.569594468699321
"2587","session2",-6.09810231747315,7.57940863306538,2.94712692980049,0.00130388311037522,0.300746317246854,0.522551837144147,0.798440604822283,6,2,100,0.309988758818787,0.569594468699321,26,2.9191789173016,1,-0.720730000000001,245,0,0,20,"both",0.309988758818787,0.569594468699321
"2588","session2",-6.09810231747315,7.57940863306538,2.94712692980049,0.00130388311037522,0.300746317246854,0.522551837144147,0.798440604822283,6,2,100,0.309988758818787,0.569594468699321,26,3.12446045578128,0,-16.48789,245,0,0,20,"both",0.309988758818787,0.569594468699321
"2589","session2",-6.09810231747315,7.57940863306538,2.94712692980049,0.00130388311037522,0.300746317246854,0.522551837144147,0.798440604822283,6,2,100,0.309988758818787,0.569594468699321,26,5.26929940105127,1,1.90853,245,0,0,20,"both",0.309988758818787,0.569594468699321
"2590","session2",-6.09810231747315,7.57940863306538,2.94712692980049,0.00130388311037522,0.300746317246854,0.522551837144147,0.798440604822283,6,2,100,0.309988758818787,0.569594468699321,26,4.9966098328704,1,-2.68633,245,0,0,20,"both",0.309988758818787,0.569594468699321
"2591","session2",-6.09810231747315,7.57940863306538,2.94712692980049,0.00130388311037522,0.300746317246854,0.522551837144147,0.798440604822283,6,2,100,0.309988758818787,0.569594468699321,26,1.63433148119726,1,1.13147,245,0,0,20,"both",0.309988758818787,0.569594468699321
"2592","session2",-6.09810231747315,7.57940863306538,2.94712692980049,0.00130388311037522,0.300746317246854,0.522551837144147,0.798440604822283,6,2,100,0.309988758818787,0.569594468699321,26,2.58539871919263,0,-1.40872,245,0,0,20,"both",0.309988758818787,0.569594468699321
"2593","session2",-6.09810231747315,7.57940863306538,2.94712692980049,0.00130388311037522,0.300746317246854,0.522551837144147,0.798440604822283,6,2,100,0.309988758818787,0.569594468699321,26,2.44226297011589,0,-1.67384,245,0,0,20,"both",0.309988758818787,0.569594468699321
"2594","session2",-6.09810231747315,7.57940863306538,2.94712692980049,0.00130388311037522,0.300746317246854,0.522551837144147,0.798440604822283,6,2,100,0.309988758818787,0.569594468699321,26,3.68116809921905,1,0.0825600000000009,245,0,0,20,"both",0.309988758818787,0.569594468699321
"2595","session2",-6.09810231747315,7.57940863306538,2.94712692980049,0.00130388311037522,0.300746317246854,0.522551837144147,0.798440604822283,6,2,100,0.309988758818787,0.569594468699321,26,1.63378897878,1,-14.27602,245,0,0,20,"both",0.309988758818787,0.569594468699321
"2596","session2",-6.09810231747315,7.57940863306538,2.94712692980049,0.00130388311037522,0.300746317246854,0.522551837144147,0.798440604822283,6,2,100,0.309988758818787,0.569594468699321,26,7.2532296390511,0,-17.58653,245,0,0,20,"both",0.309988758818787,0.569594468699321
"2597","session2",-6.09810231747315,7.57940863306538,2.94712692980049,0.00130388311037522,0.300746317246854,0.522551837144147,0.798440604822283,6,2,100,0.309988758818787,0.569594468699321,26,2.00395240219981,0,-14.72657,245,0,0,20,"both",0.309988758818787,0.569594468699321
"2598","session2",-6.09810231747315,7.57940863306538,2.94712692980049,0.00130388311037522,0.300746317246854,0.522551837144147,0.798440604822283,6,2,100,0.309988758818787,0.569594468699321,26,4.55575821355802,1,0.38259,245,0,0,20,"both",0.309988758818787,0.569594468699321
"2599","session2",-6.09810231747315,7.57940863306538,2.94712692980049,0.00130388311037522,0.300746317246854,0.522551837144147,0.798440604822283,6,2,100,0.309988758818787,0.569594468699321,26,6.32667485958727,0,-14.75716,245,0,0,20,"both",0.309988758818787,0.569594468699321
"2600","session2",-6.09810231747315,7.57940863306538,2.94712692980049,0.00130388311037522,0.300746317246854,0.522551837144147,0.798440604822283,6,2,100,0.309988758818787,0.569594468699321,26,7.6775984186753,0,-16.38109,245,0,0,20,"both",0.309988758818787,0.569594468699321
"2601","session2",-17.9391674438251,9.72641738029699,3.098287016555,0.000107764682499356,0.389576869835616,0.506767043995114,0.501591526253282,7,2,100,0.309988758818787,0.569594468699321,27,2.62596010028315,1,-8.937268942,245,0,0,20,"both",0.309988758818787,0.569594468699321
"2602","session2",-17.9391674438251,9.72641738029699,3.098287016555,0.000107764682499356,0.389576869835616,0.506767043995114,0.501591526253282,7,2,100,0.309988758818787,0.569594468699321,27,2.4946570356493,1,-10.0403756983,245,0,0,20,"both",0.309988758818787,0.569594468699321
"2603","session2",-17.9391674438251,9.72641738029699,3.098287016555,0.000107764682499356,0.389576869835616,0.506767043995114,0.501591526253282,7,2,100,0.309988758818787,0.569594468699321,27,3.10902715472672,1,-19.226210018,245,0,0,20,"both",0.309988758818787,0.569594468699321
"2604","session2",-17.9391674438251,9.72641738029699,3.098287016555,0.000107764682499356,0.389576869835616,0.506767043995114,0.501591526253282,7,2,100,0.309988758818787,0.569594468699321,27,2.47200356427248,1,-23.86695275,245,0,0,20,"both",0.309988758818787,0.569594468699321
"2605","session2",-17.9391674438251,9.72641738029699,3.098287016555,0.000107764682499356,0.389576869835616,0.506767043995114,0.501591526253282,7,2,100,0.309988758818787,0.569594468699321,27,2.97524367919873,0,-25.29149,245,0,0,20,"both",0.309988758818787,0.569594468699321
"2606","session2",-17.9391674438251,9.72641738029699,3.098287016555,0.000107764682499356,0.389576869835616,0.506767043995114,0.501591526253282,7,2,100,0.309988758818787,0.569594468699321,27,2.61324683398773,1,21.1286,245,0,0,20,"both",0.309988758818787,0.569594468699321
"2607","session2",-17.9391674438251,9.72641738029699,3.098287016555,0.000107764682499356,0.389576869835616,0.506767043995114,0.501591526253282,7,2,100,0.309988758818787,0.569594468699321,27,2.08702161088241,0,-41.62579,245,0,0,20,"both",0.309988758818787,0.569594468699321
"2608","session2",-17.9391674438251,9.72641738029699,3.098287016555,0.000107764682499356,0.389576869835616,0.506767043995114,0.501591526253282,7,2,100,0.309988758818787,0.569594468699321,27,2.14997360436951,0,-11.30751,245,0,0,20,"both",0.309988758818787,0.569594468699321
"2609","session2",-17.9391674438251,9.72641738029699,3.098287016555,0.000107764682499356,0.389576869835616,0.506767043995114,0.501591526253282,7,2,100,0.309988758818787,0.569594468699321,27,3.26562677364764,0,-26.7414,245,0,0,20,"both",0.309988758818787,0.569594468699321
"2610","session2",-17.9391674438251,9.72641738029699,3.098287016555,0.000107764682499356,0.389576869835616,0.506767043995114,0.501591526253282,7,2,100,0.309988758818787,0.569594468699321,27,0.991281463677311,0,-41.6293,245,0,0,20,"both",0.309988758818787,0.569594468699321
"2611","session2",-17.9391674438251,9.72641738029699,3.098287016555,0.000107764682499356,0.389576869835616,0.506767043995114,0.501591526253282,7,2,100,0.309988758818787,0.569594468699321,27,4.29678640420145,1,-15.5841985014,245,0,0,20,"both",0.309988758818787,0.569594468699321
"2612","session2",-17.9391674438251,9.72641738029699,3.098287016555,0.000107764682499356,0.389576869835616,0.506767043995114,0.501591526253282,7,2,100,0.309988758818787,0.569594468699321,27,3.18642389328097,0,-12.673,245,0,0,20,"both",0.309988758818787,0.569594468699321
"2613","session2",-17.9391674438251,9.72641738029699,3.098287016555,0.000107764682499356,0.389576869835616,0.506767043995114,0.501591526253282,7,2,100,0.309988758818787,0.569594468699321,27,1.29729780730004,1,5.98301,245,0,0,20,"both",0.309988758818787,0.569594468699321
"2614","session2",-17.9391674438251,9.72641738029699,3.098287016555,0.000107764682499356,0.389576869835616,0.506767043995114,0.501591526253282,7,2,100,0.309988758818787,0.569594468699321,27,3.7223589497223,1,-14.1987,245,0,0,20,"both",0.309988758818787,0.569594468699321
"2615","session2",-17.9391674438251,9.72641738029699,3.098287016555,0.000107764682499356,0.389576869835616,0.506767043995114,0.501591526253282,7,2,100,0.309988758818787,0.569594468699321,27,2.22768478231544,0,-36.26514,245,0,0,20,"both",0.309988758818787,0.569594468699321
"2616","session2",-17.9391674438251,9.72641738029699,3.098287016555,0.000107764682499356,0.389576869835616,0.506767043995114,0.501591526253282,7,2,100,0.309988758818787,0.569594468699321,27,2.22171758995436,1,-6.02841,245,0,0,20,"both",0.309988758818787,0.569594468699321
"2617","session2",-17.9391674438251,9.72641738029699,3.098287016555,0.000107764682499356,0.389576869835616,0.506767043995114,0.501591526253282,7,2,100,0.309988758818787,0.569594468699321,27,1.85321738244343,0,-13.93846,245,0,0,20,"both",0.309988758818787,0.569594468699321
"2618","session2",-17.9391674438251,9.72641738029699,3.098287016555,0.000107764682499356,0.389576869835616,0.506767043995114,0.501591526253282,7,2,100,0.309988758818787,0.569594468699321,27,5.71889065677694,0,-32.8988,245,0,0,20,"both",0.309988758818787,0.569594468699321
"2619","session2",-17.9391674438251,9.72641738029699,3.098287016555,0.000107764682499356,0.389576869835616,0.506767043995114,0.501591526253282,7,2,100,0.309988758818787,0.569594468699321,27,0.972470405656465,1,5.81579,245,0,0,20,"both",0.309988758818787,0.569594468699321
"2620","session2",-17.9391674438251,9.72641738029699,3.098287016555,0.000107764682499356,0.389576869835616,0.506767043995114,0.501591526253282,7,2,100,0.309988758818787,0.569594468699321,27,1.42324220224854,1,-9.12451,245,0,0,20,"both",0.309988758818787,0.569594468699321
"2621","session2",-17.9391674438251,9.72641738029699,3.098287016555,0.000107764682499356,0.389576869835616,0.506767043995114,0.501591526253282,7,2,100,0.309988758818787,0.569594468699321,27,2.04483072717381,0,-25.49833,245,0,0,20,"both",0.309988758818787,0.569594468699321
"2622","session2",-17.9391674438251,9.72641738029699,3.098287016555,0.000107764682499356,0.389576869835616,0.506767043995114,0.501591526253282,7,2,100,0.309988758818787,0.569594468699321,27,2.24657265821068,1,-10.50756,245,0,0,20,"both",0.309988758818787,0.569594468699321
"2623","session2",-17.9391674438251,9.72641738029699,3.098287016555,0.000107764682499356,0.389576869835616,0.506767043995114,0.501591526253282,7,2,100,0.309988758818787,0.569594468699321,27,1.51265878757455,0,-43.841,245,0,0,20,"both",0.309988758818787,0.569594468699321
"2624","session2",-17.9391674438251,9.72641738029699,3.098287016555,0.000107764682499356,0.389576869835616,0.506767043995114,0.501591526253282,7,2,100,0.309988758818787,0.569594468699321,27,2.54704020068491,0,-32.251,245,0,0,20,"both",0.309988758818787,0.569594468699321
"2625","session2",-17.9391674438251,9.72641738029699,3.098287016555,0.000107764682499356,0.389576869835616,0.506767043995114,0.501591526253282,7,2,100,0.309988758818787,0.569594468699321,27,2.11565745548087,1,-1.0851,245,0,0,20,"both",0.309988758818787,0.569594468699321
"2626","session2",-17.9391674438251,9.72641738029699,3.098287016555,0.000107764682499356,0.389576869835616,0.506767043995114,0.501591526253282,7,2,100,0.309988758818787,0.569594468699321,27,5.35139721986006,1,-20.28161,245,0,0,20,"both",0.309988758818787,0.569594468699321
"2627","session2",-17.9391674438251,9.72641738029699,3.098287016555,0.000107764682499356,0.389576869835616,0.506767043995114,0.501591526253282,7,2,100,0.309988758818787,0.569594468699321,27,3.7364317036096,0,-32.05828,245,0,0,20,"both",0.309988758818787,0.569594468699321
"2628","session2",-17.9391674438251,9.72641738029699,3.098287016555,0.000107764682499356,0.389576869835616,0.506767043995114,0.501591526253282,7,2,100,0.309988758818787,0.569594468699321,27,4.25977249806221,0,-23.92694,245,0,0,20,"both",0.309988758818787,0.569594468699321
"2629","session2",-17.9391674438251,9.72641738029699,3.098287016555,0.000107764682499356,0.389576869835616,0.506767043995114,0.501591526253282,7,2,100,0.309988758818787,0.569594468699321,27,3.81000679599167,1,-12.15094,245,0,0,20,"both",0.309988758818787,0.569594468699321
"2630","session2",-17.9391674438251,9.72641738029699,3.098287016555,0.000107764682499356,0.389576869835616,0.506767043995114,0.501591526253282,7,2,100,0.309988758818787,0.569594468699321,27,2.67301741445977,1,-14.74749,245,0,0,20,"both",0.309988758818787,0.569594468699321
"2631","session2",-17.9391674438251,9.72641738029699,3.098287016555,0.000107764682499356,0.389576869835616,0.506767043995114,0.501591526253282,7,2,100,0.309988758818787,0.569594468699321,27,2.04812266630298,0,-24.38144,245,0,0,20,"both",0.309988758818787,0.569594468699321
"2632","session2",-17.9391674438251,9.72641738029699,3.098287016555,0.000107764682499356,0.389576869835616,0.506767043995114,0.501591526253282,7,2,100,0.309988758818787,0.569594468699321,27,2.47714797299884,1,-19.99508,245,0,0,20,"both",0.309988758818787,0.569594468699321
"2633","session2",-17.9391674438251,9.72641738029699,3.098287016555,0.000107764682499356,0.389576869835616,0.506767043995114,0.501591526253282,7,2,100,0.309988758818787,0.569594468699321,27,2.5771741182594,0,-21.56592,245,0,0,20,"both",0.309988758818787,0.569594468699321
"2634","session2",-17.9391674438251,9.72641738029699,3.098287016555,0.000107764682499356,0.389576869835616,0.506767043995114,0.501591526253282,7,2,100,0.309988758818787,0.569594468699321,27,1.24464225003918,0,-11.82144,245,0,0,20,"both",0.309988758818787,0.569594468699321
"2635","session2",-17.9391674438251,9.72641738029699,3.098287016555,0.000107764682499356,0.389576869835616,0.506767043995114,0.501591526253282,7,2,100,0.309988758818787,0.569594468699321,27,3.63546281079413,1,-24.51841,245,0,0,20,"both",0.309988758818787,0.569594468699321
"2636","session2",-17.9391674438251,9.72641738029699,3.098287016555,0.000107764682499356,0.389576869835616,0.506767043995114,0.501591526253282,7,2,100,0.309988758818787,0.569594468699321,27,1.97389873616874,0,-16.30835,245,0,0,20,"both",0.309988758818787,0.569594468699321
"2637","session2",-17.9391674438251,9.72641738029699,3.098287016555,0.000107764682499356,0.389576869835616,0.506767043995114,0.501591526253282,7,2,100,0.309988758818787,0.569594468699321,27,2.80450052657484,0,-27.87382,245,0,0,20,"both",0.309988758818787,0.569594468699321
"2638","session2",-17.9391674438251,9.72641738029699,3.098287016555,0.000107764682499356,0.389576869835616,0.506767043995114,0.501591526253282,7,2,100,0.309988758818787,0.569594468699321,27,3.63982673577661,0,-31.79689,245,0,0,20,"both",0.309988758818787,0.569594468699321
"2639","session2",-17.9391674438251,9.72641738029699,3.098287016555,0.000107764682499356,0.389576869835616,0.506767043995114,0.501591526253282,7,2,100,0.309988758818787,0.569594468699321,27,3.35659850499728,0,-29.1167,245,0,0,20,"both",0.309988758818787,0.569594468699321
"2640","session2",-17.9391674438251,9.72641738029699,3.098287016555,0.000107764682499356,0.389576869835616,0.506767043995114,0.501591526253282,7,2,100,0.309988758818787,0.569594468699321,27,2.53698461443771,1,-9.63279,245,0,0,20,"both",0.309988758818787,0.569594468699321
"2641","session2",-17.9391674438251,9.72641738029699,3.098287016555,0.000107764682499356,0.389576869835616,0.506767043995114,0.501591526253282,7,2,100,0.309988758818787,0.569594468699321,27,3.42034210202998,1,-11.53576,245,0,0,20,"both",0.309988758818787,0.569594468699321
"2642","session2",-17.9391674438251,9.72641738029699,3.098287016555,0.000107764682499356,0.389576869835616,0.506767043995114,0.501591526253282,7,2,100,0.309988758818787,0.569594468699321,27,1.80270351486466,0,-28.17589,245,0,0,20,"both",0.309988758818787,0.569594468699321
"2643","session2",-17.9391674438251,9.72641738029699,3.098287016555,0.000107764682499356,0.389576869835616,0.506767043995114,0.501591526253282,7,2,100,0.309988758818787,0.569594468699321,27,2.35584206919586,0,-41.1049,245,0,0,20,"both",0.309988758818787,0.569594468699321
"2644","session2",-17.9391674438251,9.72641738029699,3.098287016555,0.000107764682499356,0.389576869835616,0.506767043995114,0.501591526253282,7,2,100,0.309988758818787,0.569594468699321,27,2.95952395479472,1,-8.78952,245,0,0,20,"both",0.309988758818787,0.569594468699321
"2645","session2",-17.9391674438251,9.72641738029699,3.098287016555,0.000107764682499356,0.389576869835616,0.506767043995114,0.501591526253282,7,2,100,0.309988758818787,0.569594468699321,27,1.35458277948076,0,-27.12704,245,0,0,20,"both",0.309988758818787,0.569594468699321
"2646","session2",-17.9391674438251,9.72641738029699,3.098287016555,0.000107764682499356,0.389576869835616,0.506767043995114,0.501591526253282,7,2,100,0.309988758818787,0.569594468699321,27,2.20776574357366,1,-25.57889,245,0,0,20,"both",0.309988758818787,0.569594468699321
"2647","session2",-17.9391674438251,9.72641738029699,3.098287016555,0.000107764682499356,0.389576869835616,0.506767043995114,0.501591526253282,7,2,100,0.309988758818787,0.569594468699321,27,1.99503791577018,0,-30.3623,245,0,0,20,"both",0.309988758818787,0.569594468699321
"2648","session2",-17.9391674438251,9.72641738029699,3.098287016555,0.000107764682499356,0.389576869835616,0.506767043995114,0.501591526253282,7,2,100,0.309988758818787,0.569594468699321,27,2.69699043915819,0,-14.19016,245,0,0,20,"both",0.309988758818787,0.569594468699321
"2649","session2",-17.9391674438251,9.72641738029699,3.098287016555,0.000107764682499356,0.389576869835616,0.506767043995114,0.501591526253282,7,2,100,0.309988758818787,0.569594468699321,27,1.99674241574739,0,-35.7099,245,0,0,20,"both",0.309988758818787,0.569594468699321
"2650","session2",-17.9391674438251,9.72641738029699,3.098287016555,0.000107764682499356,0.389576869835616,0.506767043995114,0.501591526253282,7,2,100,0.309988758818787,0.569594468699321,27,4.58967804811125,0,-23.40964,245,0,0,20,"both",0.309988758818787,0.569594468699321
"2651","session2",-17.9391674438251,9.72641738029699,3.098287016555,0.000107764682499356,0.389576869835616,0.506767043995114,0.501591526253282,7,2,100,0.309988758818787,0.569594468699321,27,1.19291219639838,0,-41.3024,245,0,0,20,"both",0.309988758818787,0.569594468699321
"2652","session2",-17.9391674438251,9.72641738029699,3.098287016555,0.000107764682499356,0.389576869835616,0.506767043995114,0.501591526253282,7,2,100,0.309988758818787,0.569594468699321,27,2.18271928901101,1,-7.41457,245,0,0,20,"both",0.309988758818787,0.569594468699321
"2653","session2",-17.9391674438251,9.72641738029699,3.098287016555,0.000107764682499356,0.389576869835616,0.506767043995114,0.501591526253282,7,2,100,0.309988758818787,0.569594468699321,27,1.91689433945945,1,-20.0431,245,0,0,20,"both",0.309988758818787,0.569594468699321
"2654","session2",-17.9391674438251,9.72641738029699,3.098287016555,0.000107764682499356,0.389576869835616,0.506767043995114,0.501591526253282,7,2,100,0.309988758818787,0.569594468699321,27,3.22391051902846,0,-17.49587,245,0,0,20,"both",0.309988758818787,0.569594468699321
"2655","session2",-17.9391674438251,9.72641738029699,3.098287016555,0.000107764682499356,0.389576869835616,0.506767043995114,0.501591526253282,7,2,100,0.309988758818787,0.569594468699321,27,3.11442730863545,1,-24.68075,245,0,0,20,"both",0.309988758818787,0.569594468699321
"2656","session2",-17.9391674438251,9.72641738029699,3.098287016555,0.000107764682499356,0.389576869835616,0.506767043995114,0.501591526253282,7,2,100,0.309988758818787,0.569594468699321,27,4.10821065426123,0,-27.78848,245,0,0,20,"both",0.309988758818787,0.569594468699321
"2657","session2",-17.9391674438251,9.72641738029699,3.098287016555,0.000107764682499356,0.389576869835616,0.506767043995114,0.501591526253282,7,2,100,0.309988758818787,0.569594468699321,27,3.43362028885241,0,-29.0429,245,0,0,20,"both",0.309988758818787,0.569594468699321
"2658","session2",-17.9391674438251,9.72641738029699,3.098287016555,0.000107764682499356,0.389576869835616,0.506767043995114,0.501591526253282,7,2,100,0.309988758818787,0.569594468699321,27,3.86955516726964,0,-21.83634,245,0,0,20,"both",0.309988758818787,0.569594468699321
"2659","session2",-17.9391674438251,9.72641738029699,3.098287016555,0.000107764682499356,0.389576869835616,0.506767043995114,0.501591526253282,7,2,100,0.309988758818787,0.569594468699321,27,2.22058004472252,0,-26.64633,245,0,0,20,"both",0.309988758818787,0.569594468699321
"2660","session2",-17.9391674438251,9.72641738029699,3.098287016555,0.000107764682499356,0.389576869835616,0.506767043995114,0.501591526253282,7,2,100,0.309988758818787,0.569594468699321,27,2.28318431820125,1,-12.62025,245,0,0,20,"both",0.309988758818787,0.569594468699321
"2661","session2",-17.9391674438251,9.72641738029699,3.098287016555,0.000107764682499356,0.389576869835616,0.506767043995114,0.501591526253282,7,2,100,0.309988758818787,0.569594468699321,27,1.64931159079846,0,-42.0339,245,0,0,20,"both",0.309988758818787,0.569594468699321
"2662","session2",-17.9391674438251,9.72641738029699,3.098287016555,0.000107764682499356,0.389576869835616,0.506767043995114,0.501591526253282,7,2,100,0.309988758818787,0.569594468699321,27,1.82029849047043,0,-22.13102,245,0,0,20,"both",0.309988758818787,0.569594468699321
"2663","session2",-17.9391674438251,9.72641738029699,3.098287016555,0.000107764682499356,0.389576869835616,0.506767043995114,0.501591526253282,7,2,100,0.309988758818787,0.569594468699321,27,4.35523433088528,1,-24.78514,245,0,0,20,"both",0.309988758818787,0.569594468699321
"2664","session2",-17.9391674438251,9.72641738029699,3.098287016555,0.000107764682499356,0.389576869835616,0.506767043995114,0.501591526253282,7,2,100,0.309988758818787,0.569594468699321,27,3.07659250842594,1,-3.1395,245,0,0,20,"both",0.309988758818787,0.569594468699321
"2665","session2",-17.9391674438251,9.72641738029699,3.098287016555,0.000107764682499356,0.389576869835616,0.506767043995114,0.501591526253282,7,2,100,0.309988758818787,0.569594468699321,27,2.78367197651936,0,-30.647,245,0,0,20,"both",0.309988758818787,0.569594468699321
"2666","session2",-17.9391674438251,9.72641738029699,3.098287016555,0.000107764682499356,0.389576869835616,0.506767043995114,0.501591526253282,7,2,100,0.309988758818787,0.569594468699321,27,2.46367845886524,0,-10.9388,245,0,0,20,"both",0.309988758818787,0.569594468699321
"2667","session2",-17.9391674438251,9.72641738029699,3.098287016555,0.000107764682499356,0.389576869835616,0.506767043995114,0.501591526253282,7,2,100,0.309988758818787,0.569594468699321,27,4.38194349106612,0,-23.00686,245,0,0,20,"both",0.309988758818787,0.569594468699321
"2668","session2",-17.9391674438251,9.72641738029699,3.098287016555,0.000107764682499356,0.389576869835616,0.506767043995114,0.501591526253282,7,2,100,0.309988758818787,0.569594468699321,27,2.35935860599771,1,-3.6727,245,0,0,20,"both",0.309988758818787,0.569594468699321
"2669","session2",-17.9391674438251,9.72641738029699,3.098287016555,0.000107764682499356,0.389576869835616,0.506767043995114,0.501591526253282,7,2,100,0.309988758818787,0.569594468699321,27,3.93876356745497,0,-30.3818,245,0,0,20,"both",0.309988758818787,0.569594468699321
"2670","session2",-17.9391674438251,9.72641738029699,3.098287016555,0.000107764682499356,0.389576869835616,0.506767043995114,0.501591526253282,7,2,100,0.309988758818787,0.569594468699321,27,2.46453836121805,0,-28.9364,245,0,0,20,"both",0.309988758818787,0.569594468699321
"2671","session2",-17.9391674438251,9.72641738029699,3.098287016555,0.000107764682499356,0.389576869835616,0.506767043995114,0.501591526253282,7,2,100,0.309988758818787,0.569594468699321,27,2.95521714826602,1,-8.2309,245,0,0,20,"both",0.309988758818787,0.569594468699321
"2672","session2",-17.9391674438251,9.72641738029699,3.098287016555,0.000107764682499356,0.389576869835616,0.506767043995114,0.501591526253282,7,2,100,0.309988758818787,0.569594468699321,27,2.55629069629643,1,-5.91675,245,0,0,20,"both",0.309988758818787,0.569594468699321
"2673","session2",-17.9391674438251,9.72641738029699,3.098287016555,0.000107764682499356,0.389576869835616,0.506767043995114,0.501591526253282,7,2,100,0.309988758818787,0.569594468699321,27,6.5227026653998,1,-8.95296,245,0,0,20,"both",0.309988758818787,0.569594468699321
"2674","session2",-17.9391674438251,9.72641738029699,3.098287016555,0.000107764682499356,0.389576869835616,0.506767043995114,0.501591526253282,7,2,100,0.309988758818787,0.569594468699321,27,3.00170154935343,1,-9.74789,245,0,0,20,"both",0.309988758818787,0.569594468699321
"2675","session2",-17.9391674438251,9.72641738029699,3.098287016555,0.000107764682499356,0.389576869835616,0.506767043995114,0.501591526253282,7,2,100,0.309988758818787,0.569594468699321,27,4.01023586181587,0,-22.89202,245,0,0,20,"both",0.309988758818787,0.569594468699321
"2676","session2",-17.9391674438251,9.72641738029699,3.098287016555,0.000107764682499356,0.389576869835616,0.506767043995114,0.501591526253282,7,2,100,0.309988758818787,0.569594468699321,27,2.82141068645894,0,-27.79409,245,0,0,20,"both",0.309988758818787,0.569594468699321
"2677","session2",-17.9391674438251,9.72641738029699,3.098287016555,0.000107764682499356,0.389576869835616,0.506767043995114,0.501591526253282,7,2,100,0.309988758818787,0.569594468699321,27,5.07478843807753,0,-22.34094,245,0,0,20,"both",0.309988758818787,0.569594468699321
"2678","session2",-17.9391674438251,9.72641738029699,3.098287016555,0.000107764682499356,0.389576869835616,0.506767043995114,0.501591526253282,7,2,100,0.309988758818787,0.569594468699321,27,2.37876913265622,0,-12.30255,245,0,0,20,"both",0.309988758818787,0.569594468699321
"2679","session2",-17.9391674438251,9.72641738029699,3.098287016555,0.000107764682499356,0.389576869835616,0.506767043995114,0.501591526253282,7,2,100,0.309988758818787,0.569594468699321,27,2.06555091211201,0,-23.19155,245,0,0,20,"both",0.309988758818787,0.569594468699321
"2680","session2",-17.9391674438251,9.72641738029699,3.098287016555,0.000107764682499356,0.389576869835616,0.506767043995114,0.501591526253282,7,2,100,0.309988758818787,0.569594468699321,27,1.78419098889487,0,-8.05503,245,0,0,20,"both",0.309988758818787,0.569594468699321
"2681","session2",-17.9391674438251,9.72641738029699,3.098287016555,0.000107764682499356,0.389576869835616,0.506767043995114,0.501591526253282,7,2,100,0.309988758818787,0.569594468699321,27,3.47625275684676,1,-7.31458,245,0,0,20,"both",0.309988758818787,0.569594468699321
"2682","session2",-17.9391674438251,9.72641738029699,3.098287016555,0.000107764682499356,0.389576869835616,0.506767043995114,0.501591526253282,7,2,100,0.309988758818787,0.569594468699321,27,3.14188843631389,1,-23.7335,245,0,0,20,"both",0.309988758818787,0.569594468699321
"2683","session2",-17.9391674438251,9.72641738029699,3.098287016555,0.000107764682499356,0.389576869835616,0.506767043995114,0.501591526253282,7,2,100,0.309988758818787,0.569594468699321,27,2.45038169074604,0,-8.76466,245,0,0,20,"both",0.309988758818787,0.569594468699321
"2684","session2",-17.9391674438251,9.72641738029699,3.098287016555,0.000107764682499356,0.389576869835616,0.506767043995114,0.501591526253282,7,2,100,0.309988758818787,0.569594468699321,27,4.71724424327296,0,-28.22435,245,0,0,20,"both",0.309988758818787,0.569594468699321
"2685","session2",-17.9391674438251,9.72641738029699,3.098287016555,0.000107764682499356,0.389576869835616,0.506767043995114,0.501591526253282,7,2,100,0.309988758818787,0.569594468699321,27,2.00222817420545,0,-41.469,245,0,0,20,"both",0.309988758818787,0.569594468699321
"2686","session2",-17.9391674438251,9.72641738029699,3.098287016555,0.000107764682499356,0.389576869835616,0.506767043995114,0.501591526253282,7,2,100,0.309988758818787,0.569594468699321,27,1.47543069603581,1,-6.85315,245,0,0,20,"both",0.309988758818787,0.569594468699321
"2687","session2",-17.9391674438251,9.72641738029699,3.098287016555,0.000107764682499356,0.389576869835616,0.506767043995114,0.501591526253282,7,2,100,0.309988758818787,0.569594468699321,27,1.9415028405633,1,-7.94493,245,0,0,20,"both",0.309988758818787,0.569594468699321
"2688","session2",-17.9391674438251,9.72641738029699,3.098287016555,0.000107764682499356,0.389576869835616,0.506767043995114,0.501591526253282,7,2,100,0.309988758818787,0.569594468699321,27,4.33070170283382,0,-11.04903,245,0,0,20,"both",0.309988758818787,0.569594468699321
"2689","session2",-17.9391674438251,9.72641738029699,3.098287016555,0.000107764682499356,0.389576869835616,0.506767043995114,0.501591526253282,7,2,100,0.309988758818787,0.569594468699321,27,5.38300278982543,0,-23.48248,245,0,0,20,"both",0.309988758818787,0.569594468699321
"2690","session2",-17.9391674438251,9.72641738029699,3.098287016555,0.000107764682499356,0.389576869835616,0.506767043995114,0.501591526253282,7,2,100,0.309988758818787,0.569594468699321,27,1.96788384232595,1,-4.1608,245,0,0,20,"both",0.309988758818787,0.569594468699321
"2691","session2",-17.9391674438251,9.72641738029699,3.098287016555,0.000107764682499356,0.389576869835616,0.506767043995114,0.501591526253282,7,2,100,0.309988758818787,0.569594468699321,27,4.54259021134838,1,-24.56921,245,0,0,20,"both",0.309988758818787,0.569594468699321
"2692","session2",-17.9391674438251,9.72641738029699,3.098287016555,0.000107764682499356,0.389576869835616,0.506767043995114,0.501591526253282,7,2,100,0.309988758818787,0.569594468699321,27,1.76926924662161,1,-4.9488,245,0,0,20,"both",0.309988758818787,0.569594468699321
"2693","session2",-17.9391674438251,9.72641738029699,3.098287016555,0.000107764682499356,0.389576869835616,0.506767043995114,0.501591526253282,7,2,100,0.309988758818787,0.569594468699321,27,1.50786238656698,0,-4.4399,245,0,0,20,"both",0.309988758818787,0.569594468699321
"2694","session2",-17.9391674438251,9.72641738029699,3.098287016555,0.000107764682499356,0.389576869835616,0.506767043995114,0.501591526253282,7,2,100,0.309988758818787,0.569594468699321,27,4.70500924416144,1,-4.51204,245,0,0,20,"both",0.309988758818787,0.569594468699321
"2695","session2",-17.9391674438251,9.72641738029699,3.098287016555,0.000107764682499356,0.389576869835616,0.506767043995114,0.501591526253282,7,2,100,0.309988758818787,0.569594468699321,27,1.54045981368854,1,-3.6094,245,0,0,20,"both",0.309988758818787,0.569594468699321
"2696","session2",-17.9391674438251,9.72641738029699,3.098287016555,0.000107764682499356,0.389576869835616,0.506767043995114,0.501591526253282,7,2,100,0.309988758818787,0.569594468699321,27,2.22363305306257,1,1.6294,245,0,0,20,"both",0.309988758818787,0.569594468699321
"2697","session2",-17.9391674438251,9.72641738029699,3.098287016555,0.000107764682499356,0.389576869835616,0.506767043995114,0.501591526253282,7,2,100,0.309988758818787,0.569594468699321,27,2.05404337023062,0,-24.80374,245,0,0,20,"both",0.309988758818787,0.569594468699321
"2698","session2",-17.9391674438251,9.72641738029699,3.098287016555,0.000107764682499356,0.389576869835616,0.506767043995114,0.501591526253282,7,2,100,0.309988758818787,0.569594468699321,27,2.43899616219044,0,-25.363,245,0,0,20,"both",0.309988758818787,0.569594468699321
"2699","session2",-17.9391674438251,9.72641738029699,3.098287016555,0.000107764682499356,0.389576869835616,0.506767043995114,0.501591526253282,7,2,100,0.309988758818787,0.569594468699321,27,4.75734127019349,0,-27.3099,245,0,0,20,"both",0.309988758818787,0.569594468699321
"2700","session2",-17.9391674438251,9.72641738029699,3.098287016555,0.000107764682499356,0.389576869835616,0.506767043995114,0.501591526253282,7,2,100,0.309988758818787,0.569594468699321,27,1.90132105360162,1,-2.0613,245,0,0,20,"both",0.309988758818787,0.569594468699321
"2701","session2",-19.750982065932,10.9793656795587,3.71892948844393,5.85868929307607e-05,0.11776232761051,0.437154075723008,0.531921102555871,8,2,100,0.309988758818787,0.569594468699321,28,1.67864211854566,1,-8.3136608788,245,0,0,20,"both",0.309988758818787,0.569594468699321
"2702","session2",-19.750982065932,10.9793656795587,3.71892948844393,5.85868929307607e-05,0.11776232761051,0.437154075723008,0.531921102555871,8,2,100,0.309988758818787,0.569594468699321,28,2.30797933687986,1,-11.8071496825,245,0,0,20,"both",0.309988758818787,0.569594468699321
"2703","session2",-19.750982065932,10.9793656795587,3.71892948844393,5.85868929307607e-05,0.11776232761051,0.437154075723008,0.531921102555871,8,2,100,0.309988758818787,0.569594468699321,28,2.93023345248808,0,-20.872535724,245,0,0,20,"both",0.309988758818787,0.569594468699321
"2704","session2",-19.750982065932,10.9793656795587,3.71892948844393,5.85868929307607e-05,0.11776232761051,0.437154075723008,0.531921102555871,8,2,100,0.309988758818787,0.569594468699321,28,3.31165809896272,0,-15.51849382,245,0,0,20,"both",0.309988758818787,0.569594468699321
"2705","session2",-19.750982065932,10.9793656795587,3.71892948844393,5.85868929307607e-05,0.11776232761051,0.437154075723008,0.531921102555871,8,2,100,0.309988758818787,0.569594468699321,28,2.4815567906166,1,-8.26402,245,0,0,20,"both",0.309988758818787,0.569594468699321
"2706","session2",-19.750982065932,10.9793656795587,3.71892948844393,5.85868929307607e-05,0.11776232761051,0.437154075723008,0.531921102555871,8,2,100,0.309988758818787,0.569594468699321,28,3.21644149798374,1,-16.09397,245,0,0,20,"both",0.309988758818787,0.569594468699321
"2707","session2",-19.750982065932,10.9793656795587,3.71892948844393,5.85868929307607e-05,0.11776232761051,0.437154075723008,0.531921102555871,8,2,100,0.309988758818787,0.569594468699321,28,5.68389821072723,0,-21.99333,245,0,0,20,"both",0.309988758818787,0.569594468699321
"2708","session2",-19.750982065932,10.9793656795587,3.71892948844393,5.85868929307607e-05,0.11776232761051,0.437154075723008,0.531921102555871,8,2,100,0.309988758818787,0.569594468699321,28,1.09797383256464,1,0.0345499999999994,245,0,0,20,"both",0.309988758818787,0.569594468699321
"2709","session2",-19.750982065932,10.9793656795587,3.71892948844393,5.85868929307607e-05,0.11776232761051,0.437154075723008,0.531921102555871,8,2,100,0.309988758818787,0.569594468699321,28,4.00335605498451,1,-11.40247,245,0,0,20,"both",0.309988758818787,0.569594468699321
"2710","session2",-19.750982065932,10.9793656795587,3.71892948844393,5.85868929307607e-05,0.11776232761051,0.437154075723008,0.531921102555871,8,2,100,0.309988758818787,0.569594468699321,28,2.34828531683044,0,-22.35055,245,0,0,20,"both",0.309988758818787,0.569594468699321
"2711","session2",-19.750982065932,10.9793656795587,3.71892948844393,5.85868929307607e-05,0.11776232761051,0.437154075723008,0.531921102555871,8,2,100,0.309988758818787,0.569594468699321,28,2.92775290078746,0,-16.09075,245,0,0,20,"both",0.309988758818787,0.569594468699321
"2712","session2",-19.750982065932,10.9793656795587,3.71892948844393,5.85868929307607e-05,0.11776232761051,0.437154075723008,0.531921102555871,8,2,100,0.309988758818787,0.569594468699321,28,4.30854197579376,0,-13.88664,245,0,0,20,"both",0.309988758818787,0.569594468699321
"2713","session2",-19.750982065932,10.9793656795587,3.71892948844393,5.85868929307607e-05,0.11776232761051,0.437154075723008,0.531921102555871,8,2,100,0.309988758818787,0.569594468699321,28,2.87120229929664,0,-19.87844,245,0,0,20,"both",0.309988758818787,0.569594468699321
"2714","session2",-19.750982065932,10.9793656795587,3.71892948844393,5.85868929307607e-05,0.11776232761051,0.437154075723008,0.531921102555871,8,2,100,0.309988758818787,0.569594468699321,28,2.16093184645903,0,-16.52947,245,0,0,20,"both",0.309988758818787,0.569594468699321
"2715","session2",-19.750982065932,10.9793656795587,3.71892948844393,5.85868929307607e-05,0.11776232761051,0.437154075723008,0.531921102555871,8,2,100,0.309988758818787,0.569594468699321,28,2.67332113574419,1,-11.51573,245,0,0,20,"both",0.309988758818787,0.569594468699321
"2716","session2",-19.750982065932,10.9793656795587,3.71892948844393,5.85868929307607e-05,0.11776232761051,0.437154075723008,0.531921102555871,8,2,100,0.309988758818787,0.569594468699321,28,4.61377954940773,0,-16.69196,245,0,0,20,"both",0.309988758818787,0.569594468699321
"2717","session2",-19.750982065932,10.9793656795587,3.71892948844393,5.85868929307607e-05,0.11776232761051,0.437154075723008,0.531921102555871,8,2,100,0.309988758818787,0.569594468699321,28,6.07444315846438,1,-7.55994,245,0,0,20,"both",0.309988758818787,0.569594468699321
"2718","session2",-19.750982065932,10.9793656795587,3.71892948844393,5.85868929307607e-05,0.11776232761051,0.437154075723008,0.531921102555871,8,2,100,0.309988758818787,0.569594468699321,28,6.37875396180522,0,-15.19134,245,0,0,20,"both",0.309988758818787,0.569594468699321
"2719","session2",-19.750982065932,10.9793656795587,3.71892948844393,5.85868929307607e-05,0.11776232761051,0.437154075723008,0.531921102555871,8,2,100,0.309988758818787,0.569594468699321,28,2.64205184360678,0,-16.82297,245,0,0,20,"both",0.309988758818787,0.569594468699321
"2720","session2",-19.750982065932,10.9793656795587,3.71892948844393,5.85868929307607e-05,0.11776232761051,0.437154075723008,0.531921102555871,8,2,100,0.309988758818787,0.569594468699321,28,3.29402000869243,1,-12.79641,245,0,0,20,"both",0.309988758818787,0.569594468699321
"2721","session2",-19.750982065932,10.9793656795587,3.71892948844393,5.85868929307607e-05,0.11776232761051,0.437154075723008,0.531921102555871,8,2,100,0.309988758818787,0.569594468699321,28,2.98106531388057,0,-14.6521,245,0,0,20,"both",0.309988758818787,0.569594468699321
"2722","session2",-19.750982065932,10.9793656795587,3.71892948844393,5.85868929307607e-05,0.11776232761051,0.437154075723008,0.531921102555871,8,2,100,0.309988758818787,0.569594468699321,28,1.90030664029721,0,-11.53217,245,0,0,20,"both",0.309988758818787,0.569594468699321
"2723","session2",-19.750982065932,10.9793656795587,3.71892948844393,5.85868929307607e-05,0.11776232761051,0.437154075723008,0.531921102555871,8,2,100,0.309988758818787,0.569594468699321,28,2.28615340455206,1,-11.92537,245,0,0,20,"both",0.309988758818787,0.569594468699321
"2724","session2",-19.750982065932,10.9793656795587,3.71892948844393,5.85868929307607e-05,0.11776232761051,0.437154075723008,0.531921102555871,8,2,100,0.309988758818787,0.569594468699321,28,1.70477838859648,1,-10.81413,245,0,0,20,"both",0.309988758818787,0.569594468699321
"2725","session2",-19.750982065932,10.9793656795587,3.71892948844393,5.85868929307607e-05,0.11776232761051,0.437154075723008,0.531921102555871,8,2,100,0.309988758818787,0.569594468699321,28,2.17080007284448,1,-10.45793,245,0,0,20,"both",0.309988758818787,0.569594468699321
"2726","session2",-19.750982065932,10.9793656795587,3.71892948844393,5.85868929307607e-05,0.11776232761051,0.437154075723008,0.531921102555871,8,2,100,0.309988758818787,0.569594468699321,28,1.68023593195383,0,-10.8076,245,0,0,20,"both",0.309988758818787,0.569594468699321
"2727","session2",-19.750982065932,10.9793656795587,3.71892948844393,5.85868929307607e-05,0.11776232761051,0.437154075723008,0.531921102555871,8,2,100,0.309988758818787,0.569594468699321,28,2.46342386314415,1,-12.91661,245,0,0,20,"both",0.309988758818787,0.569594468699321
"2728","session2",-19.750982065932,10.9793656795587,3.71892948844393,5.85868929307607e-05,0.11776232761051,0.437154075723008,0.531921102555871,8,2,100,0.309988758818787,0.569594468699321,28,2.51038362851114,1,-10.78886,245,0,0,20,"both",0.309988758818787,0.569594468699321
"2729","session2",-19.750982065932,10.9793656795587,3.71892948844393,5.85868929307607e-05,0.11776232761051,0.437154075723008,0.531921102555871,8,2,100,0.309988758818787,0.569594468699321,28,2.36177036300876,1,-10.29739,245,0,0,20,"both",0.309988758818787,0.569594468699321
"2730","session2",-19.750982065932,10.9793656795587,3.71892948844393,5.85868929307607e-05,0.11776232761051,0.437154075723008,0.531921102555871,8,2,100,0.309988758818787,0.569594468699321,28,1.91531943692012,0,-9.34699,245,0,0,20,"both",0.309988758818787,0.569594468699321
"2731","session2",-19.750982065932,10.9793656795587,3.71892948844393,5.85868929307607e-05,0.11776232761051,0.437154075723008,0.531921102555871,8,2,100,0.309988758818787,0.569594468699321,28,4.97172974372341,0,-21.48538,245,0,0,20,"both",0.309988758818787,0.569594468699321
"2732","session2",-19.750982065932,10.9793656795587,3.71892948844393,5.85868929307607e-05,0.11776232761051,0.437154075723008,0.531921102555871,8,2,100,0.309988758818787,0.569594468699321,28,2.49693111228266,0,-15.18947,245,0,0,20,"both",0.309988758818787,0.569594468699321
"2733","session2",-19.750982065932,10.9793656795587,3.71892948844393,5.85868929307607e-05,0.11776232761051,0.437154075723008,0.531921102555871,8,2,100,0.309988758818787,0.569594468699321,28,1.27450191277715,1,-7.28719,245,0,0,20,"both",0.309988758818787,0.569594468699321
"2734","session2",-19.750982065932,10.9793656795587,3.71892948844393,5.85868929307607e-05,0.11776232761051,0.437154075723008,0.531921102555871,8,2,100,0.309988758818787,0.569594468699321,28,3.89008873686254,0,-14.43983,245,0,0,20,"both",0.309988758818787,0.569594468699321
"2735","session2",-19.750982065932,10.9793656795587,3.71892948844393,5.85868929307607e-05,0.11776232761051,0.437154075723008,0.531921102555871,8,2,100,0.309988758818787,0.569594468699321,28,3.68335790750426,1,-10.37577,245,0,0,20,"both",0.309988758818787,0.569594468699321
"2736","session2",-19.750982065932,10.9793656795587,3.71892948844393,5.85868929307607e-05,0.11776232761051,0.437154075723008,0.531921102555871,8,2,100,0.309988758818787,0.569594468699321,28,1.62519866863888,0,-9.76432,245,0,0,20,"both",0.309988758818787,0.569594468699321
"2737","session2",-19.750982065932,10.9793656795587,3.71892948844393,5.85868929307607e-05,0.11776232761051,0.437154075723008,0.531921102555871,8,2,100,0.309988758818787,0.569594468699321,28,4.40937278821124,1,-17.12616,245,0,0,20,"both",0.309988758818787,0.569594468699321
"2738","session2",-19.750982065932,10.9793656795587,3.71892948844393,5.85868929307607e-05,0.11776232761051,0.437154075723008,0.531921102555871,8,2,100,0.309988758818787,0.569594468699321,28,2.15697133751788,1,-5.99834,245,0,0,20,"both",0.309988758818787,0.569594468699321
"2739","session2",-19.750982065932,10.9793656795587,3.71892948844393,5.85868929307607e-05,0.11776232761051,0.437154075723008,0.531921102555871,8,2,100,0.309988758818787,0.569594468699321,28,2.82177694165766,1,-10.5215,245,0,0,20,"both",0.309988758818787,0.569594468699321
"2740","session2",-19.750982065932,10.9793656795587,3.71892948844393,5.85868929307607e-05,0.11776232761051,0.437154075723008,0.531921102555871,8,2,100,0.309988758818787,0.569594468699321,28,2.67964699466077,1,-9.17604,245,0,0,20,"both",0.309988758818787,0.569594468699321
"2741","session2",-19.750982065932,10.9793656795587,3.71892948844393,5.85868929307607e-05,0.11776232761051,0.437154075723008,0.531921102555871,8,2,100,0.309988758818787,0.569594468699321,28,2.33403198143804,1,-10.74855,245,0,0,20,"both",0.309988758818787,0.569594468699321
"2742","session2",-19.750982065932,10.9793656795587,3.71892948844393,5.85868929307607e-05,0.11776232761051,0.437154075723008,0.531921102555871,8,2,100,0.309988758818787,0.569594468699321,28,2.94759378983956,1,-16.47197,245,0,0,20,"both",0.309988758818787,0.569594468699321
"2743","session2",-19.750982065932,10.9793656795587,3.71892948844393,5.85868929307607e-05,0.11776232761051,0.437154075723008,0.531921102555871,8,2,100,0.309988758818787,0.569594468699321,28,4.85216830508312,1,-12.65164,245,0,0,20,"both",0.309988758818787,0.569594468699321
"2744","session2",-19.750982065932,10.9793656795587,3.71892948844393,5.85868929307607e-05,0.11776232761051,0.437154075723008,0.531921102555871,8,2,100,0.309988758818787,0.569594468699321,28,3.55575041458394,1,-12.27793,245,0,0,20,"both",0.309988758818787,0.569594468699321
"2745","session2",-19.750982065932,10.9793656795587,3.71892948844393,5.85868929307607e-05,0.11776232761051,0.437154075723008,0.531921102555871,8,2,100,0.309988758818787,0.569594468699321,28,3.09656239695678,1,-18.10759,245,0,0,20,"both",0.309988758818787,0.569594468699321
"2746","session2",-19.750982065932,10.9793656795587,3.71892948844393,5.85868929307607e-05,0.11776232761051,0.437154075723008,0.531921102555871,8,2,100,0.309988758818787,0.569594468699321,28,4.8210018160557,1,-15.61494,245,0,0,20,"both",0.309988758818787,0.569594468699321
"2747","session2",-19.750982065932,10.9793656795587,3.71892948844393,5.85868929307607e-05,0.11776232761051,0.437154075723008,0.531921102555871,8,2,100,0.309988758818787,0.569594468699321,28,2.43098661555722,1,-10.5598,245,0,0,20,"both",0.309988758818787,0.569594468699321
"2748","session2",-19.750982065932,10.9793656795587,3.71892948844393,5.85868929307607e-05,0.11776232761051,0.437154075723008,0.531921102555871,8,2,100,0.309988758818787,0.569594468699321,28,6.05997802299591,0,-19.17084,245,0,0,20,"both",0.309988758818787,0.569594468699321
"2749","session2",-19.750982065932,10.9793656795587,3.71892948844393,5.85868929307607e-05,0.11776232761051,0.437154075723008,0.531921102555871,8,2,100,0.309988758818787,0.569594468699321,28,2.63871666505995,0,-12.68431,245,0,0,20,"both",0.309988758818787,0.569594468699321
"2750","session2",-19.750982065932,10.9793656795587,3.71892948844393,5.85868929307607e-05,0.11776232761051,0.437154075723008,0.531921102555871,8,2,100,0.309988758818787,0.569594468699321,28,2.44653144421192,1,-13.66155,245,0,0,20,"both",0.309988758818787,0.569594468699321
"2751","session2",-19.750982065932,10.9793656795587,3.71892948844393,5.85868929307607e-05,0.11776232761051,0.437154075723008,0.531921102555871,8,2,100,0.309988758818787,0.569594468699321,28,1.53519666050699,1,-11.22838,245,0,0,20,"both",0.309988758818787,0.569594468699321
"2752","session2",-19.750982065932,10.9793656795587,3.71892948844393,5.85868929307607e-05,0.11776232761051,0.437154075723008,0.531921102555871,8,2,100,0.309988758818787,0.569594468699321,28,2.41178782166095,0,-22.94507,245,0,0,20,"both",0.309988758818787,0.569594468699321
"2753","session2",-19.750982065932,10.9793656795587,3.71892948844393,5.85868929307607e-05,0.11776232761051,0.437154075723008,0.531921102555871,8,2,100,0.309988758818787,0.569594468699321,28,2.13660020548497,0,-17.74858,245,0,0,20,"both",0.309988758818787,0.569594468699321
"2754","session2",-19.750982065932,10.9793656795587,3.71892948844393,5.85868929307607e-05,0.11776232761051,0.437154075723008,0.531921102555871,8,2,100,0.309988758818787,0.569594468699321,28,2.05791930289776,1,-9.56961,245,0,0,20,"both",0.309988758818787,0.569594468699321
"2755","session2",-19.750982065932,10.9793656795587,3.71892948844393,5.85868929307607e-05,0.11776232761051,0.437154075723008,0.531921102555871,8,2,100,0.309988758818787,0.569594468699321,28,2.78464884967795,1,-13.53825,245,0,0,20,"both",0.309988758818787,0.569594468699321
"2756","session2",-19.750982065932,10.9793656795587,3.71892948844393,5.85868929307607e-05,0.11776232761051,0.437154075723008,0.531921102555871,8,2,100,0.309988758818787,0.569594468699321,28,3.3056105856137,1,-10.84152,245,0,0,20,"both",0.309988758818787,0.569594468699321
"2757","session2",-19.750982065932,10.9793656795587,3.71892948844393,5.85868929307607e-05,0.11776232761051,0.437154075723008,0.531921102555871,8,2,100,0.309988758818787,0.569594468699321,28,2.82972329769805,1,-17.46643,245,0,0,20,"both",0.309988758818787,0.569594468699321
"2758","session2",-19.750982065932,10.9793656795587,3.71892948844393,5.85868929307607e-05,0.11776232761051,0.437154075723008,0.531921102555871,8,2,100,0.309988758818787,0.569594468699321,28,2.69395589968492,0,-18.72608,245,0,0,20,"both",0.309988758818787,0.569594468699321
"2759","session2",-19.750982065932,10.9793656795587,3.71892948844393,5.85868929307607e-05,0.11776232761051,0.437154075723008,0.531921102555871,8,2,100,0.309988758818787,0.569594468699321,28,2.58696014941378,0,-13.32365,245,0,0,20,"both",0.309988758818787,0.569594468699321
"2760","session2",-19.750982065932,10.9793656795587,3.71892948844393,5.85868929307607e-05,0.11776232761051,0.437154075723008,0.531921102555871,8,2,100,0.309988758818787,0.569594468699321,28,3.52760693209117,0,-10.0792,245,0,0,20,"both",0.309988758818787,0.569594468699321
"2761","session2",-19.750982065932,10.9793656795587,3.71892948844393,5.85868929307607e-05,0.11776232761051,0.437154075723008,0.531921102555871,8,2,100,0.309988758818787,0.569594468699321,28,2.15183878092253,1,-17.3112,245,0,0,20,"both",0.309988758818787,0.569594468699321
"2762","session2",-19.750982065932,10.9793656795587,3.71892948844393,5.85868929307607e-05,0.11776232761051,0.437154075723008,0.531921102555871,8,2,100,0.309988758818787,0.569594468699321,28,7.00031813305661,1,-10.83037,245,0,0,20,"both",0.309988758818787,0.569594468699321
"2763","session2",-19.750982065932,10.9793656795587,3.71892948844393,5.85868929307607e-05,0.11776232761051,0.437154075723008,0.531921102555871,8,2,100,0.309988758818787,0.569594468699321,28,3.16333729265455,1,-9.73769,245,0,0,20,"both",0.309988758818787,0.569594468699321
"2764","session2",-19.750982065932,10.9793656795587,3.71892948844393,5.85868929307607e-05,0.11776232761051,0.437154075723008,0.531921102555871,8,2,100,0.309988758818787,0.569594468699321,28,1.78932214897442,1,-6.58225,245,0,0,20,"both",0.309988758818787,0.569594468699321
"2765","session2",-19.750982065932,10.9793656795587,3.71892948844393,5.85868929307607e-05,0.11776232761051,0.437154075723008,0.531921102555871,8,2,100,0.309988758818787,0.569594468699321,28,3.12968355852003,1,-19.45854,245,0,0,20,"both",0.309988758818787,0.569594468699321
"2766","session2",-19.750982065932,10.9793656795587,3.71892948844393,5.85868929307607e-05,0.11776232761051,0.437154075723008,0.531921102555871,8,2,100,0.309988758818787,0.569594468699321,28,5.16669683381257,0,-21.00331,245,0,0,20,"both",0.309988758818787,0.569594468699321
"2767","session2",-19.750982065932,10.9793656795587,3.71892948844393,5.85868929307607e-05,0.11776232761051,0.437154075723008,0.531921102555871,8,2,100,0.309988758818787,0.569594468699321,28,1.23279282332023,1,-12.99031,245,0,0,20,"both",0.309988758818787,0.569594468699321
"2768","session2",-19.750982065932,10.9793656795587,3.71892948844393,5.85868929307607e-05,0.11776232761051,0.437154075723008,0.531921102555871,8,2,100,0.309988758818787,0.569594468699321,28,2.3794327471382,1,-9.2572,245,0,0,20,"both",0.309988758818787,0.569594468699321
"2769","session2",-19.750982065932,10.9793656795587,3.71892948844393,5.85868929307607e-05,0.11776232761051,0.437154075723008,0.531921102555871,8,2,100,0.309988758818787,0.569594468699321,28,7.46566849083009,0,-18.78414,245,0,0,20,"both",0.309988758818787,0.569594468699321
"2770","session2",-19.750982065932,10.9793656795587,3.71892948844393,5.85868929307607e-05,0.11776232761051,0.437154075723008,0.531921102555871,8,2,100,0.309988758818787,0.569594468699321,28,3.58172444091801,0,-11.9863,245,0,0,20,"both",0.309988758818787,0.569594468699321
"2771","session2",-19.750982065932,10.9793656795587,3.71892948844393,5.85868929307607e-05,0.11776232761051,0.437154075723008,0.531921102555871,8,2,100,0.309988758818787,0.569594468699321,28,4.17864208104008,0,-18.9079,245,0,0,20,"both",0.309988758818787,0.569594468699321
"2772","session2",-19.750982065932,10.9793656795587,3.71892948844393,5.85868929307607e-05,0.11776232761051,0.437154075723008,0.531921102555871,8,2,100,0.309988758818787,0.569594468699321,28,1.92475574412863,1,-4.98128,245,0,0,20,"both",0.309988758818787,0.569594468699321
"2773","session2",-19.750982065932,10.9793656795587,3.71892948844393,5.85868929307607e-05,0.11776232761051,0.437154075723008,0.531921102555871,8,2,100,0.309988758818787,0.569594468699321,28,2.4656991362165,0,-21.79184,245,0,0,20,"both",0.309988758818787,0.569594468699321
"2774","session2",-19.750982065932,10.9793656795587,3.71892948844393,5.85868929307607e-05,0.11776232761051,0.437154075723008,0.531921102555871,8,2,100,0.309988758818787,0.569594468699321,28,3.86858729055607,0,-20.86468,245,0,0,20,"both",0.309988758818787,0.569594468699321
"2775","session2",-19.750982065932,10.9793656795587,3.71892948844393,5.85868929307607e-05,0.11776232761051,0.437154075723008,0.531921102555871,8,2,100,0.309988758818787,0.569594468699321,28,1.79175381207225,0,-9.19352,245,0,0,20,"both",0.309988758818787,0.569594468699321
"2776","session2",-19.750982065932,10.9793656795587,3.71892948844393,5.85868929307607e-05,0.11776232761051,0.437154075723008,0.531921102555871,8,2,100,0.309988758818787,0.569594468699321,28,3.32708850017654,1,-8.062,245,0,0,20,"both",0.309988758818787,0.569594468699321
"2777","session2",-19.750982065932,10.9793656795587,3.71892948844393,5.85868929307607e-05,0.11776232761051,0.437154075723008,0.531921102555871,8,2,100,0.309988758818787,0.569594468699321,28,2.76396542003035,1,-22.96688,245,0,0,20,"both",0.309988758818787,0.569594468699321
"2778","session2",-19.750982065932,10.9793656795587,3.71892948844393,5.85868929307607e-05,0.11776232761051,0.437154075723008,0.531921102555871,8,2,100,0.309988758818787,0.569594468699321,28,4.61632455996092,0,-17.79777,245,0,0,20,"both",0.309988758818787,0.569594468699321
"2779","session2",-19.750982065932,10.9793656795587,3.71892948844393,5.85868929307607e-05,0.11776232761051,0.437154075723008,0.531921102555871,8,2,100,0.309988758818787,0.569594468699321,28,3.18706893541418,0,-18.19268,245,0,0,20,"both",0.309988758818787,0.569594468699321
"2780","session2",-19.750982065932,10.9793656795587,3.71892948844393,5.85868929307607e-05,0.11776232761051,0.437154075723008,0.531921102555871,8,2,100,0.309988758818787,0.569594468699321,28,4.3936641640304,0,-19.02523,245,0,0,20,"both",0.309988758818787,0.569594468699321
"2781","session2",-19.750982065932,10.9793656795587,3.71892948844393,5.85868929307607e-05,0.11776232761051,0.437154075723008,0.531921102555871,8,2,100,0.309988758818787,0.569594468699321,28,1.41237731023399,1,-12.7902,245,0,0,20,"both",0.309988758818787,0.569594468699321
"2782","session2",-19.750982065932,10.9793656795587,3.71892948844393,5.85868929307607e-05,0.11776232761051,0.437154075723008,0.531921102555871,8,2,100,0.309988758818787,0.569594468699321,28,2.9015315505521,1,-12.1901,245,0,0,20,"both",0.309988758818787,0.569594468699321
"2783","session2",-19.750982065932,10.9793656795587,3.71892948844393,5.85868929307607e-05,0.11776232761051,0.437154075723008,0.531921102555871,8,2,100,0.309988758818787,0.569594468699321,28,2.64686250184912,0,-19.01151,245,0,0,20,"both",0.309988758818787,0.569594468699321
"2784","session2",-19.750982065932,10.9793656795587,3.71892948844393,5.85868929307607e-05,0.11776232761051,0.437154075723008,0.531921102555871,8,2,100,0.309988758818787,0.569594468699321,28,1.94108009077773,1,-18.06198,245,0,0,20,"both",0.309988758818787,0.569594468699321
"2785","session2",-19.750982065932,10.9793656795587,3.71892948844393,5.85868929307607e-05,0.11776232761051,0.437154075723008,0.531921102555871,8,2,100,0.309988758818787,0.569594468699321,28,2.42557043906582,1,-10.97902,245,0,0,20,"both",0.309988758818787,0.569594468699321
"2786","session2",-19.750982065932,10.9793656795587,3.71892948844393,5.85868929307607e-05,0.11776232761051,0.437154075723008,0.531921102555871,8,2,100,0.309988758818787,0.569594468699321,28,4.06324957593383,0,-8.95375,245,0,0,20,"both",0.309988758818787,0.569594468699321
"2787","session2",-19.750982065932,10.9793656795587,3.71892948844393,5.85868929307607e-05,0.11776232761051,0.437154075723008,0.531921102555871,8,2,100,0.309988758818787,0.569594468699321,28,3.73923820510227,1,-11.15809,245,0,0,20,"both",0.309988758818787,0.569594468699321
"2788","session2",-19.750982065932,10.9793656795587,3.71892948844393,5.85868929307607e-05,0.11776232761051,0.437154075723008,0.531921102555871,8,2,100,0.309988758818787,0.569594468699321,28,2.53619719377707,1,-21.45764,245,0,0,20,"both",0.309988758818787,0.569594468699321
"2789","session2",-19.750982065932,10.9793656795587,3.71892948844393,5.85868929307607e-05,0.11776232761051,0.437154075723008,0.531921102555871,8,2,100,0.309988758818787,0.569594468699321,28,3.30414631800828,1,-20.76824,245,0,0,20,"both",0.309988758818787,0.569594468699321
"2790","session2",-19.750982065932,10.9793656795587,3.71892948844393,5.85868929307607e-05,0.11776232761051,0.437154075723008,0.531921102555871,8,2,100,0.309988758818787,0.569594468699321,28,2.18039942938873,1,-25.23189,245,0,0,20,"both",0.309988758818787,0.569594468699321
"2791","session2",-19.750982065932,10.9793656795587,3.71892948844393,5.85868929307607e-05,0.11776232761051,0.437154075723008,0.531921102555871,8,2,100,0.309988758818787,0.569594468699321,28,2.66838883410849,1,-7.54073,245,0,0,20,"both",0.309988758818787,0.569594468699321
"2792","session2",-19.750982065932,10.9793656795587,3.71892948844393,5.85868929307607e-05,0.11776232761051,0.437154075723008,0.531921102555871,8,2,100,0.309988758818787,0.569594468699321,28,1.55442092420349,1,-6.73374,245,0,0,20,"both",0.309988758818787,0.569594468699321
"2793","session2",-19.750982065932,10.9793656795587,3.71892948844393,5.85868929307607e-05,0.11776232761051,0.437154075723008,0.531921102555871,8,2,100,0.309988758818787,0.569594468699321,28,2.31983818787626,0,-13.67341,245,0,0,20,"both",0.309988758818787,0.569594468699321
"2794","session2",-19.750982065932,10.9793656795587,3.71892948844393,5.85868929307607e-05,0.11776232761051,0.437154075723008,0.531921102555871,8,2,100,0.309988758818787,0.569594468699321,28,2.04193296621135,1,-6.75612,245,0,0,20,"both",0.309988758818787,0.569594468699321
"2795","session2",-19.750982065932,10.9793656795587,3.71892948844393,5.85868929307607e-05,0.11776232761051,0.437154075723008,0.531921102555871,8,2,100,0.309988758818787,0.569594468699321,28,2.98659025128922,0,-19.14613,245,0,0,20,"both",0.309988758818787,0.569594468699321
"2796","session2",-19.750982065932,10.9793656795587,3.71892948844393,5.85868929307607e-05,0.11776232761051,0.437154075723008,0.531921102555871,8,2,100,0.309988758818787,0.569594468699321,28,2.52816056159439,0,-12.31178,245,0,0,20,"both",0.309988758818787,0.569594468699321
"2797","session2",-19.750982065932,10.9793656795587,3.71892948844393,5.85868929307607e-05,0.11776232761051,0.437154075723008,0.531921102555871,8,2,100,0.309988758818787,0.569594468699321,28,1.77965197350413,1,4.6807,245,0,0,20,"both",0.309988758818787,0.569594468699321
"2798","session2",-19.750982065932,10.9793656795587,3.71892948844393,5.85868929307607e-05,0.11776232761051,0.437154075723008,0.531921102555871,8,2,100,0.309988758818787,0.569594468699321,28,2.67548596437729,1,-1.6014,245,0,0,20,"both",0.309988758818787,0.569594468699321
"2799","session2",-19.750982065932,10.9793656795587,3.71892948844393,5.85868929307607e-05,0.11776232761051,0.437154075723008,0.531921102555871,8,2,100,0.309988758818787,0.569594468699321,28,1.89741533464745,1,-11.51151,245,0,0,20,"both",0.309988758818787,0.569594468699321
"2800","session2",-19.750982065932,10.9793656795587,3.71892948844393,5.85868929307607e-05,0.11776232761051,0.437154075723008,0.531921102555871,8,2,100,0.309988758818787,0.569594468699321,28,3.24371608587796,0,-22.67691,245,0,0,20,"both",0.309988758818787,0.569594468699321
"2801","session2",-8.45690838364488,8.65261292109831,2.35480454328794,0.0100369542863115,-0.398300094925848,0.501305476674782,0.659026447335995,9,2,100,0.309988758818787,0.569594468699321,29,1.12784245228173,1,9.633943652,245,0,0,20,"both",0.309988758818787,0.569594468699321
"2802","session2",-8.45690838364488,8.65261292109831,2.35480454328794,0.0100369542863115,-0.398300094925848,0.501305476674782,0.659026447335995,9,2,100,0.309988758818787,0.569594468699321,29,1.57341573289086,0,-6.5040082953,245,0,0,20,"both",0.309988758818787,0.569594468699321
"2803","session2",-8.45690838364488,8.65261292109831,2.35480454328794,0.0100369542863115,-0.398300094925848,0.501305476674782,0.659026447335995,9,2,100,0.309988758818787,0.569594468699321,29,1.41759233249206,1,2.17642053866,245,0,0,20,"both",0.309988758818787,0.569594468699321
"2804","session2",-8.45690838364488,8.65261292109831,2.35480454328794,0.0100369542863115,-0.398300094925848,0.501305476674782,0.659026447335995,9,2,100,0.309988758818787,0.569594468699321,29,1.74700691307997,0,-1.5828235965,245,0,0,20,"both",0.309988758818787,0.569594468699321
"2805","session2",-8.45690838364488,8.65261292109831,2.35480454328794,0.0100369542863115,-0.398300094925848,0.501305476674782,0.659026447335995,9,2,100,0.309988758818787,0.569594468699321,29,1.37320454879953,1,4.5256,245,0,0,20,"both",0.309988758818787,0.569594468699321
"2806","session2",-8.45690838364488,8.65261292109831,2.35480454328794,0.0100369542863115,-0.398300094925848,0.501305476674782,0.659026447335995,9,2,100,0.309988758818787,0.569594468699321,29,1.04754933883626,1,-1.01423,245,0,0,20,"both",0.309988758818787,0.569594468699321
"2807","session2",-8.45690838364488,8.65261292109831,2.35480454328794,0.0100369542863115,-0.398300094925848,0.501305476674782,0.659026447335995,9,2,100,0.309988758818787,0.569594468699321,29,3.07479874858099,0,-2.00002127108,245,0,0,20,"both",0.309988758818787,0.569594468699321
"2808","session2",-8.45690838364488,8.65261292109831,2.35480454328794,0.0100369542863115,-0.398300094925848,0.501305476674782,0.659026447335995,9,2,100,0.309988758818787,0.569594468699321,29,2.56217185422778,1,-1.38397,245,0,0,20,"both",0.309988758818787,0.569594468699321
"2809","session2",-8.45690838364488,8.65261292109831,2.35480454328794,0.0100369542863115,-0.398300094925848,0.501305476674782,0.659026447335995,9,2,100,0.309988758818787,0.569594468699321,29,1.10579310050292,1,6.01344,245,0,0,20,"both",0.309988758818787,0.569594468699321
"2810","session2",-8.45690838364488,8.65261292109831,2.35480454328794,0.0100369542863115,-0.398300094925848,0.501305476674782,0.659026447335995,9,2,100,0.309988758818787,0.569594468699321,29,1.11310380334236,1,7.40133,245,0,0,20,"both",0.309988758818787,0.569594468699321
"2811","session2",-8.45690838364488,8.65261292109831,2.35480454328794,0.0100369542863115,-0.398300094925848,0.501305476674782,0.659026447335995,9,2,100,0.309988758818787,0.569594468699321,29,1.91303126597158,1,-3.34992,245,0,0,20,"both",0.309988758818787,0.569594468699321
"2812","session2",-8.45690838364488,8.65261292109831,2.35480454328794,0.0100369542863115,-0.398300094925848,0.501305476674782,0.659026447335995,9,2,100,0.309988758818787,0.569594468699321,29,1.37657662383432,1,1.966,245,0,0,20,"both",0.309988758818787,0.569594468699321
"2813","session2",-8.45690838364488,8.65261292109831,2.35480454328794,0.0100369542863115,-0.398300094925848,0.501305476674782,0.659026447335995,9,2,100,0.309988758818787,0.569594468699321,29,2.77441022898794,1,-8.12889,245,0,0,20,"both",0.309988758818787,0.569594468699321
"2814","session2",-8.45690838364488,8.65261292109831,2.35480454328794,0.0100369542863115,-0.398300094925848,0.501305476674782,0.659026447335995,9,2,100,0.309988758818787,0.569594468699321,29,1.0801284501906,1,19.21717,245,0,0,20,"both",0.309988758818787,0.569594468699321
"2815","session2",-8.45690838364488,8.65261292109831,2.35480454328794,0.0100369542863115,-0.398300094925848,0.501305476674782,0.659026447335995,9,2,100,0.309988758818787,0.569594468699321,29,2.72751870621561,1,19.72174,245,0,0,20,"both",0.309988758818787,0.569594468699321
"2816","session2",-8.45690838364488,8.65261292109831,2.35480454328794,0.0100369542863115,-0.398300094925848,0.501305476674782,0.659026447335995,9,2,100,0.309988758818787,0.569594468699321,29,1.57723890516225,0,-25.34168,245,0,0,20,"both",0.309988758818787,0.569594468699321
"2817","session2",-8.45690838364488,8.65261292109831,2.35480454328794,0.0100369542863115,-0.398300094925848,0.501305476674782,0.659026447335995,9,2,100,0.309988758818787,0.569594468699321,29,3.74030103518301,1,-12.93917,245,0,0,20,"both",0.309988758818787,0.569594468699321
"2818","session2",-8.45690838364488,8.65261292109831,2.35480454328794,0.0100369542863115,-0.398300094925848,0.501305476674782,0.659026447335995,9,2,100,0.309988758818787,0.569594468699321,29,2.11994654816443,1,23.4161,245,0,0,20,"both",0.309988758818787,0.569594468699321
"2819","session2",-8.45690838364488,8.65261292109831,2.35480454328794,0.0100369542863115,-0.398300094925848,0.501305476674782,0.659026447335995,9,2,100,0.309988758818787,0.569594468699321,29,1.40545872334329,0,-34.16157,245,0,0,20,"both",0.309988758818787,0.569594468699321
"2820","session2",-8.45690838364488,8.65261292109831,2.35480454328794,0.0100369542863115,-0.398300094925848,0.501305476674782,0.659026447335995,9,2,100,0.309988758818787,0.569594468699321,29,1.10154331167264,1,1.629,245,0,0,20,"both",0.309988758818787,0.569594468699321
"2821","session2",-8.45690838364488,8.65261292109831,2.35480454328794,0.0100369542863115,-0.398300094925848,0.501305476674782,0.659026447335995,9,2,100,0.309988758818787,0.569594468699321,29,3.1493175184573,0,-12.3266,245,0,0,20,"both",0.309988758818787,0.569594468699321
"2822","session2",-8.45690838364488,8.65261292109831,2.35480454328794,0.0100369542863115,-0.398300094925848,0.501305476674782,0.659026447335995,9,2,100,0.309988758818787,0.569594468699321,29,1.43283855638948,0,-22.47624,245,0,0,20,"both",0.309988758818787,0.569594468699321
"2823","session2",-8.45690838364488,8.65261292109831,2.35480454328794,0.0100369542863115,-0.398300094925848,0.501305476674782,0.659026447335995,9,2,100,0.309988758818787,0.569594468699321,29,1.2485462791303,0,-16.64453,245,0,0,20,"both",0.309988758818787,0.569594468699321
"2824","session2",-8.45690838364488,8.65261292109831,2.35480454328794,0.0100369542863115,-0.398300094925848,0.501305476674782,0.659026447335995,9,2,100,0.309988758818787,0.569594468699321,29,2.54043174352553,0,-7.56181,245,0,0,20,"both",0.309988758818787,0.569594468699321
"2825","session2",-8.45690838364488,8.65261292109831,2.35480454328794,0.0100369542863115,-0.398300094925848,0.501305476674782,0.659026447335995,9,2,100,0.309988758818787,0.569594468699321,29,1.34820641187598,0,-18.83383,245,0,0,20,"both",0.309988758818787,0.569594468699321
"2826","session2",-8.45690838364488,8.65261292109831,2.35480454328794,0.0100369542863115,-0.398300094925848,0.501305476674782,0.659026447335995,9,2,100,0.309988758818787,0.569594468699321,29,1.79813804478885,1,-5.65335,245,0,0,20,"both",0.309988758818787,0.569594468699321
"2827","session2",-8.45690838364488,8.65261292109831,2.35480454328794,0.0100369542863115,-0.398300094925848,0.501305476674782,0.659026447335995,9,2,100,0.309988758818787,0.569594468699321,29,2.48829480946878,0,-10.23449,245,0,0,20,"both",0.309988758818787,0.569594468699321
"2828","session2",-8.45690838364488,8.65261292109831,2.35480454328794,0.0100369542863115,-0.398300094925848,0.501305476674782,0.659026447335995,9,2,100,0.309988758818787,0.569594468699321,29,1.92302375362868,0,-27.50819,245,0,0,20,"both",0.309988758818787,0.569594468699321
"2829","session2",-8.45690838364488,8.65261292109831,2.35480454328794,0.0100369542863115,-0.398300094925848,0.501305476674782,0.659026447335995,9,2,100,0.309988758818787,0.569594468699321,29,1.34673276241128,0,-13.1063,245,0,0,20,"both",0.309988758818787,0.569594468699321
"2830","session2",-8.45690838364488,8.65261292109831,2.35480454328794,0.0100369542863115,-0.398300094925848,0.501305476674782,0.659026447335995,9,2,100,0.309988758818787,0.569594468699321,29,1.70875152142713,0,-9.14381,245,0,0,20,"both",0.309988758818787,0.569594468699321
"2831","session2",-8.45690838364488,8.65261292109831,2.35480454328794,0.0100369542863115,-0.398300094925848,0.501305476674782,0.659026447335995,9,2,100,0.309988758818787,0.569594468699321,29,2.18545631756528,0,-5.40668,245,0,0,20,"both",0.309988758818787,0.569594468699321
"2832","session2",-8.45690838364488,8.65261292109831,2.35480454328794,0.0100369542863115,-0.398300094925848,0.501305476674782,0.659026447335995,9,2,100,0.309988758818787,0.569594468699321,29,1.63878232633768,1,0.48544,245,0,0,20,"both",0.309988758818787,0.569594468699321
"2833","session2",-8.45690838364488,8.65261292109831,2.35480454328794,0.0100369542863115,-0.398300094925848,0.501305476674782,0.659026447335995,9,2,100,0.309988758818787,0.569594468699321,29,1.52425854641403,1,0.70819,245,0,0,20,"both",0.309988758818787,0.569594468699321
"2834","session2",-8.45690838364488,8.65261292109831,2.35480454328794,0.0100369542863115,-0.398300094925848,0.501305476674782,0.659026447335995,9,2,100,0.309988758818787,0.569594468699321,29,1.66424480006385,1,-9.44028,245,0,0,20,"both",0.309988758818787,0.569594468699321
"2835","session2",-8.45690838364488,8.65261292109831,2.35480454328794,0.0100369542863115,-0.398300094925848,0.501305476674782,0.659026447335995,9,2,100,0.309988758818787,0.569594468699321,29,1.31862724244969,0,4.79229,245,0,0,20,"both",0.309988758818787,0.569594468699321
"2836","session2",-8.45690838364488,8.65261292109831,2.35480454328794,0.0100369542863115,-0.398300094925848,0.501305476674782,0.659026447335995,9,2,100,0.309988758818787,0.569594468699321,29,1.15408941969719,1,9.297659,245,0,0,20,"both",0.309988758818787,0.569594468699321
"2837","session2",-8.45690838364488,8.65261292109831,2.35480454328794,0.0100369542863115,-0.398300094925848,0.501305476674782,0.659026447335995,9,2,100,0.309988758818787,0.569594468699321,29,1.57726249781021,0,1.92841,245,0,0,20,"both",0.309988758818787,0.569594468699321
"2838","session2",-8.45690838364488,8.65261292109831,2.35480454328794,0.0100369542863115,-0.398300094925848,0.501305476674782,0.659026447335995,9,2,100,0.309988758818787,0.569594468699321,29,1.72454077274486,1,-15.55186,245,0,0,20,"both",0.309988758818787,0.569594468699321
"2839","session2",-8.45690838364488,8.65261292109831,2.35480454328794,0.0100369542863115,-0.398300094925848,0.501305476674782,0.659026447335995,9,2,100,0.309988758818787,0.569594468699321,29,3.11987137045766,0,-12.17968,245,0,0,20,"both",0.309988758818787,0.569594468699321
"2840","session2",-8.45690838364488,8.65261292109831,2.35480454328794,0.0100369542863115,-0.398300094925848,0.501305476674782,0.659026447335995,9,2,100,0.309988758818787,0.569594468699321,29,2.54967318608859,0,-22.206952,245,0,0,20,"both",0.309988758818787,0.569594468699321
"2841","session2",-8.45690838364488,8.65261292109831,2.35480454328794,0.0100369542863115,-0.398300094925848,0.501305476674782,0.659026447335995,9,2,100,0.309988758818787,0.569594468699321,29,1.11187639128796,1,14.86826,245,0,0,20,"both",0.309988758818787,0.569594468699321
"2842","session2",-8.45690838364488,8.65261292109831,2.35480454328794,0.0100369542863115,-0.398300094925848,0.501305476674782,0.659026447335995,9,2,100,0.309988758818787,0.569594468699321,29,0.987683005321853,1,12.56154,245,0,0,20,"both",0.309988758818787,0.569594468699321
"2843","session2",-8.45690838364488,8.65261292109831,2.35480454328794,0.0100369542863115,-0.398300094925848,0.501305476674782,0.659026447335995,9,2,100,0.309988758818787,0.569594468699321,29,1.78580193041766,0,-15.93699,245,0,0,20,"both",0.309988758818787,0.569594468699321
"2844","session2",-8.45690838364488,8.65261292109831,2.35480454328794,0.0100369542863115,-0.398300094925848,0.501305476674782,0.659026447335995,9,2,100,0.309988758818787,0.569594468699321,29,1.54534093450366,1,3.33238,245,0,0,20,"both",0.309988758818787,0.569594468699321
"2845","session2",-8.45690838364488,8.65261292109831,2.35480454328794,0.0100369542863115,-0.398300094925848,0.501305476674782,0.659026447335995,9,2,100,0.309988758818787,0.569594468699321,29,2.5226209152984,1,4.32737,245,0,0,20,"both",0.309988758818787,0.569594468699321
"2846","session2",-8.45690838364488,8.65261292109831,2.35480454328794,0.0100369542863115,-0.398300094925848,0.501305476674782,0.659026447335995,9,2,100,0.309988758818787,0.569594468699321,29,5.18898990999327,0,-12.77924,245,0,0,20,"both",0.309988758818787,0.569594468699321
"2847","session2",-8.45690838364488,8.65261292109831,2.35480454328794,0.0100369542863115,-0.398300094925848,0.501305476674782,0.659026447335995,9,2,100,0.309988758818787,0.569594468699321,29,1.2890449233505,0,-9.71554,245,0,0,20,"both",0.309988758818787,0.569594468699321
"2848","session2",-8.45690838364488,8.65261292109831,2.35480454328794,0.0100369542863115,-0.398300094925848,0.501305476674782,0.659026447335995,9,2,100,0.309988758818787,0.569594468699321,29,1.33403193927759,1,1.91697,245,0,0,20,"both",0.309988758818787,0.569594468699321
"2849","session2",-8.45690838364488,8.65261292109831,2.35480454328794,0.0100369542863115,-0.398300094925848,0.501305476674782,0.659026447335995,9,2,100,0.309988758818787,0.569594468699321,29,2.5423855711474,0,-16.82568,245,0,0,20,"both",0.309988758818787,0.569594468699321
"2850","session2",-8.45690838364488,8.65261292109831,2.35480454328794,0.0100369542863115,-0.398300094925848,0.501305476674782,0.659026447335995,9,2,100,0.309988758818787,0.569594468699321,29,0.887114688683879,1,7.79326,245,0,0,20,"both",0.309988758818787,0.569594468699321
"2851","session2",-8.45690838364488,8.65261292109831,2.35480454328794,0.0100369542863115,-0.398300094925848,0.501305476674782,0.659026447335995,9,2,100,0.309988758818787,0.569594468699321,29,1.12989959397507,1,-14.46099,245,0,0,20,"both",0.309988758818787,0.569594468699321
"2852","session2",-8.45690838364488,8.65261292109831,2.35480454328794,0.0100369542863115,-0.398300094925848,0.501305476674782,0.659026447335995,9,2,100,0.309988758818787,0.569594468699321,29,1.70441974205931,1,-15.35799,245,0,0,20,"both",0.309988758818787,0.569594468699321
"2853","session2",-8.45690838364488,8.65261292109831,2.35480454328794,0.0100369542863115,-0.398300094925848,0.501305476674782,0.659026447335995,9,2,100,0.309988758818787,0.569594468699321,29,1.26139134542389,1,3.8808,245,0,0,20,"both",0.309988758818787,0.569594468699321
"2854","session2",-8.45690838364488,8.65261292109831,2.35480454328794,0.0100369542863115,-0.398300094925848,0.501305476674782,0.659026447335995,9,2,100,0.309988758818787,0.569594468699321,29,1.92359894075713,1,-11.88896,245,0,0,20,"both",0.309988758818787,0.569594468699321
"2855","session2",-8.45690838364488,8.65261292109831,2.35480454328794,0.0100369542863115,-0.398300094925848,0.501305476674782,0.659026447335995,9,2,100,0.309988758818787,0.569594468699321,29,1.2348677378492,1,10.72421,245,0,0,20,"both",0.309988758818787,0.569594468699321
"2856","session2",-8.45690838364488,8.65261292109831,2.35480454328794,0.0100369542863115,-0.398300094925848,0.501305476674782,0.659026447335995,9,2,100,0.309988758818787,0.569594468699321,29,1.36667538183662,1,-0.898619999999999,245,0,0,20,"both",0.309988758818787,0.569594468699321
"2857","session2",-8.45690838364488,8.65261292109831,2.35480454328794,0.0100369542863115,-0.398300094925848,0.501305476674782,0.659026447335995,9,2,100,0.309988758818787,0.569594468699321,29,1.57275525649877,0,-3.01025,245,0,0,20,"both",0.309988758818787,0.569594468699321
"2858","session2",-8.45690838364488,8.65261292109831,2.35480454328794,0.0100369542863115,-0.398300094925848,0.501305476674782,0.659026447335995,9,2,100,0.309988758818787,0.569594468699321,29,2.68981059127084,1,7.50141,245,0,0,20,"both",0.309988758818787,0.569594468699321
"2859","session2",-8.45690838364488,8.65261292109831,2.35480454328794,0.0100369542863115,-0.398300094925848,0.501305476674782,0.659026447335995,9,2,100,0.309988758818787,0.569594468699321,29,1.51937560093855,0,-20.24335,245,0,0,20,"both",0.309988758818787,0.569594468699321
"2860","session2",-8.45690838364488,8.65261292109831,2.35480454328794,0.0100369542863115,-0.398300094925848,0.501305476674782,0.659026447335995,9,2,100,0.309988758818787,0.569594468699321,29,1.16718960694756,0,-31.11617,245,0,0,20,"both",0.309988758818787,0.569594468699321
"2861","session2",-8.45690838364488,8.65261292109831,2.35480454328794,0.0100369542863115,-0.398300094925848,0.501305476674782,0.659026447335995,9,2,100,0.309988758818787,0.569594468699321,29,1.3521621293999,1,9.893,245,0,0,20,"both",0.309988758818787,0.569594468699321
"2862","session2",-8.45690838364488,8.65261292109831,2.35480454328794,0.0100369542863115,-0.398300094925848,0.501305476674782,0.659026447335995,9,2,100,0.309988758818787,0.569594468699321,29,1.5982495272315,0,-18.52916,245,0,0,20,"both",0.309988758818787,0.569594468699321
"2863","session2",-8.45690838364488,8.65261292109831,2.35480454328794,0.0100369542863115,-0.398300094925848,0.501305476674782,0.659026447335995,9,2,100,0.309988758818787,0.569594468699321,29,2.00191536679917,1,0.714,245,0,0,20,"both",0.309988758818787,0.569594468699321
"2864","session2",-8.45690838364488,8.65261292109831,2.35480454328794,0.0100369542863115,-0.398300094925848,0.501305476674782,0.659026447335995,9,2,100,0.309988758818787,0.569594468699321,29,1.52572129097104,0,-18.94496,245,0,0,20,"both",0.309988758818787,0.569594468699321
"2865","session2",-8.45690838364488,8.65261292109831,2.35480454328794,0.0100369542863115,-0.398300094925848,0.501305476674782,0.659026447335995,9,2,100,0.309988758818787,0.569594468699321,29,1.8323270239449,1,-2.67376,245,0,0,20,"both",0.309988758818787,0.569594468699321
"2866","session2",-8.45690838364488,8.65261292109831,2.35480454328794,0.0100369542863115,-0.398300094925848,0.501305476674782,0.659026447335995,9,2,100,0.309988758818787,0.569594468699321,29,0.977310124619689,1,10.43361,245,0,0,20,"both",0.309988758818787,0.569594468699321
"2867","session2",-8.45690838364488,8.65261292109831,2.35480454328794,0.0100369542863115,-0.398300094925848,0.501305476674782,0.659026447335995,9,2,100,0.309988758818787,0.569594468699321,29,1.65779832571485,1,0.4779,245,0,0,20,"both",0.309988758818787,0.569594468699321
"2868","session2",-8.45690838364488,8.65261292109831,2.35480454328794,0.0100369542863115,-0.398300094925848,0.501305476674782,0.659026447335995,9,2,100,0.309988758818787,0.569594468699321,29,1.6810561736235,1,-10.90221,245,0,0,20,"both",0.309988758818787,0.569594468699321
"2869","session2",-8.45690838364488,8.65261292109831,2.35480454328794,0.0100369542863115,-0.398300094925848,0.501305476674782,0.659026447335995,9,2,100,0.309988758818787,0.569594468699321,29,2.32981816087399,1,-16.52658,245,0,0,20,"both",0.309988758818787,0.569594468699321
"2870","session2",-8.45690838364488,8.65261292109831,2.35480454328794,0.0100369542863115,-0.398300094925848,0.501305476674782,0.659026447335995,9,2,100,0.309988758818787,0.569594468699321,29,1.90209195279307,0,-20.68282,245,0,0,20,"both",0.309988758818787,0.569594468699321
"2871","session2",-8.45690838364488,8.65261292109831,2.35480454328794,0.0100369542863115,-0.398300094925848,0.501305476674782,0.659026447335995,9,2,100,0.309988758818787,0.569594468699321,29,1.39632791374225,0,-22.66729,245,0,0,20,"both",0.309988758818787,0.569594468699321
"2872","session2",-8.45690838364488,8.65261292109831,2.35480454328794,0.0100369542863115,-0.398300094925848,0.501305476674782,0.659026447335995,9,2,100,0.309988758818787,0.569594468699321,29,1.54456721307198,1,-0.795399999999999,245,0,0,20,"both",0.309988758818787,0.569594468699321
"2873","session2",-8.45690838364488,8.65261292109831,2.35480454328794,0.0100369542863115,-0.398300094925848,0.501305476674782,0.659026447335995,9,2,100,0.309988758818787,0.569594468699321,29,1.21763296992546,1,-0.16703,245,0,0,20,"both",0.309988758818787,0.569594468699321
"2874","session2",-8.45690838364488,8.65261292109831,2.35480454328794,0.0100369542863115,-0.398300094925848,0.501305476674782,0.659026447335995,9,2,100,0.309988758818787,0.569594468699321,29,2.46900381981296,0,-15.94022,245,0,0,20,"both",0.309988758818787,0.569594468699321
"2875","session2",-8.45690838364488,8.65261292109831,2.35480454328794,0.0100369542863115,-0.398300094925848,0.501305476674782,0.659026447335995,9,2,100,0.309988758818787,0.569594468699321,29,1.08339288982239,0,-15.25358,245,0,0,20,"both",0.309988758818787,0.569594468699321
"2876","session2",-8.45690838364488,8.65261292109831,2.35480454328794,0.0100369542863115,-0.398300094925848,0.501305476674782,0.659026447335995,9,2,100,0.309988758818787,0.569594468699321,29,1.03562107438828,1,3.60445,245,0,0,20,"both",0.309988758818787,0.569594468699321
"2877","session2",-8.45690838364488,8.65261292109831,2.35480454328794,0.0100369542863115,-0.398300094925848,0.501305476674782,0.659026447335995,9,2,100,0.309988758818787,0.569594468699321,29,1.09593502730948,1,8.68613,245,0,0,20,"both",0.309988758818787,0.569594468699321
"2878","session2",-8.45690838364488,8.65261292109831,2.35480454328794,0.0100369542863115,-0.398300094925848,0.501305476674782,0.659026447335995,9,2,100,0.309988758818787,0.569594468699321,29,1.92542553157297,1,-0.131349999999999,245,0,0,20,"both",0.309988758818787,0.569594468699321
"2879","session2",-8.45690838364488,8.65261292109831,2.35480454328794,0.0100369542863115,-0.398300094925848,0.501305476674782,0.659026447335995,9,2,100,0.309988758818787,0.569594468699321,29,1.54478127779996,1,-4.10639,245,0,0,20,"both",0.309988758818787,0.569594468699321
"2880","session2",-8.45690838364488,8.65261292109831,2.35480454328794,0.0100369542863115,-0.398300094925848,0.501305476674782,0.659026447335995,9,2,100,0.309988758818787,0.569594468699321,29,1.86996283886729,0,-0.53,245,0,0,20,"both",0.309988758818787,0.569594468699321
"2881","session2",-8.45690838364488,8.65261292109831,2.35480454328794,0.0100369542863115,-0.398300094925848,0.501305476674782,0.659026447335995,9,2,100,0.309988758818787,0.569594468699321,29,2.28130380118244,0,-11.00358,245,0,0,20,"both",0.309988758818787,0.569594468699321
"2882","session2",-8.45690838364488,8.65261292109831,2.35480454328794,0.0100369542863115,-0.398300094925848,0.501305476674782,0.659026447335995,9,2,100,0.309988758818787,0.569594468699321,29,1.06908219767168,1,2.49903,245,0,0,20,"both",0.309988758818787,0.569594468699321
"2883","session2",-8.45690838364488,8.65261292109831,2.35480454328794,0.0100369542863115,-0.398300094925848,0.501305476674782,0.659026447335995,9,2,100,0.309988758818787,0.569594468699321,29,1.40158520576533,0,-22.21571,245,0,0,20,"both",0.309988758818787,0.569594468699321
"2884","session2",-8.45690838364488,8.65261292109831,2.35480454328794,0.0100369542863115,-0.398300094925848,0.501305476674782,0.659026447335995,9,2,100,0.309988758818787,0.569594468699321,29,3.00227131175353,0,-2.14397,245,0,0,20,"both",0.309988758818787,0.569594468699321
"2885","session2",-8.45690838364488,8.65261292109831,2.35480454328794,0.0100369542863115,-0.398300094925848,0.501305476674782,0.659026447335995,9,2,100,0.309988758818787,0.569594468699321,29,1.3966136075325,0,-17.91314,245,0,0,20,"both",0.309988758818787,0.569594468699321
"2886","session2",-8.45690838364488,8.65261292109831,2.35480454328794,0.0100369542863115,-0.398300094925848,0.501305476674782,0.659026447335995,9,2,100,0.309988758818787,0.569594468699321,29,1.52866835942179,1,2.505,245,0,0,20,"both",0.309988758818787,0.569594468699321
"2887","session2",-8.45690838364488,8.65261292109831,2.35480454328794,0.0100369542863115,-0.398300094925848,0.501305476674782,0.659026447335995,9,2,100,0.309988758818787,0.569594468699321,29,1.59075726186747,0,-20.21697,245,0,0,20,"both",0.309988758818787,0.569594468699321
"2888","session2",-8.45690838364488,8.65261292109831,2.35480454328794,0.0100369542863115,-0.398300094925848,0.501305476674782,0.659026447335995,9,2,100,0.309988758818787,0.569594468699321,29,1.54822886816357,1,0.0865200000000002,245,0,0,20,"both",0.309988758818787,0.569594468699321
"2889","session2",-8.45690838364488,8.65261292109831,2.35480454328794,0.0100369542863115,-0.398300094925848,0.501305476674782,0.659026447335995,9,2,100,0.309988758818787,0.569594468699321,29,1.94224164477364,0,-3.16609,245,0,0,20,"both",0.309988758818787,0.569594468699321
"2890","session2",-8.45690838364488,8.65261292109831,2.35480454328794,0.0100369542863115,-0.398300094925848,0.501305476674782,0.659026447335995,9,2,100,0.309988758818787,0.569594468699321,29,1.02369798898424,1,3.20471,245,0,0,20,"both",0.309988758818787,0.569594468699321
"2891","session2",-8.45690838364488,8.65261292109831,2.35480454328794,0.0100369542863115,-0.398300094925848,0.501305476674782,0.659026447335995,9,2,100,0.309988758818787,0.569594468699321,29,1.96235683496143,1,-12.94305,245,0,0,20,"both",0.309988758818787,0.569594468699321
"2892","session2",-8.45690838364488,8.65261292109831,2.35480454328794,0.0100369542863115,-0.398300094925848,0.501305476674782,0.659026447335995,9,2,100,0.309988758818787,0.569594468699321,29,2.48138362858379,0,-16.16528,245,0,0,20,"both",0.309988758818787,0.569594468699321
"2893","session2",-8.45690838364488,8.65261292109831,2.35480454328794,0.0100369542863115,-0.398300094925848,0.501305476674782,0.659026447335995,9,2,100,0.309988758818787,0.569594468699321,29,1.26089200488092,1,8.59735,245,0,0,20,"both",0.309988758818787,0.569594468699321
"2894","session2",-8.45690838364488,8.65261292109831,2.35480454328794,0.0100369542863115,-0.398300094925848,0.501305476674782,0.659026447335995,9,2,100,0.309988758818787,0.569594468699321,29,1.16154157101542,0,-22.1629,245,0,0,20,"both",0.309988758818787,0.569594468699321
"2895","session2",-8.45690838364488,8.65261292109831,2.35480454328794,0.0100369542863115,-0.398300094925848,0.501305476674782,0.659026447335995,9,2,100,0.309988758818787,0.569594468699321,29,1.22626765456145,0,-17.64831,245,0,0,20,"both",0.309988758818787,0.569594468699321
"2896","session2",-8.45690838364488,8.65261292109831,2.35480454328794,0.0100369542863115,-0.398300094925848,0.501305476674782,0.659026447335995,9,2,100,0.309988758818787,0.569594468699321,29,2.40922249689003,0,-18.86393,245,0,0,20,"both",0.309988758818787,0.569594468699321
"2897","session2",-8.45690838364488,8.65261292109831,2.35480454328794,0.0100369542863115,-0.398300094925848,0.501305476674782,0.659026447335995,9,2,100,0.309988758818787,0.569594468699321,29,1.62304186716073,0,-16.47102,245,0,0,20,"both",0.309988758818787,0.569594468699321
"2898","session2",-8.45690838364488,8.65261292109831,2.35480454328794,0.0100369542863115,-0.398300094925848,0.501305476674782,0.659026447335995,9,2,100,0.309988758818787,0.569594468699321,29,2.55418177551275,1,3.46917,245,0,0,20,"both",0.309988758818787,0.569594468699321
"2899","session2",-8.45690838364488,8.65261292109831,2.35480454328794,0.0100369542863115,-0.398300094925848,0.501305476674782,0.659026447335995,9,2,100,0.309988758818787,0.569594468699321,29,1.33639227658076,0,-1.87078,245,0,0,20,"both",0.309988758818787,0.569594468699321
"2900","session2",-8.45690838364488,8.65261292109831,2.35480454328794,0.0100369542863115,-0.398300094925848,0.501305476674782,0.659026447335995,9,2,100,0.309988758818787,0.569594468699321,29,1.4269289899063,1,1.63457,245,0,0,20,"both",0.309988758818787,0.569594468699321
"2901","session2",-1.57916394198513,16.3922449369935,2.67607874867069,0.00017955221760302,0.26421012582811,0.424667857209843,0.173354327017032,10,2,100,0.309988758818787,0.569594468699321,30,2.32614708060386,1,6.8057675961,245,0,0,20,"both",0.309988758818787,0.569594468699321
"2902","session2",-1.57916394198513,16.3922449369935,2.67607874867069,0.00017955221760302,0.26421012582811,0.424667857209843,0.173354327017032,10,2,100,0.309988758818787,0.569594468699321,30,1.01503091761425,0,-8.0758412759,245,0,0,20,"both",0.309988758818787,0.569594468699321
"2903","session2",-1.57916394198513,16.3922449369935,2.67607874867069,0.00017955221760302,0.26421012582811,0.424667857209843,0.173354327017032,10,2,100,0.309988758818787,0.569594468699321,30,2.26344872223187,1,-0.8842499086,245,0,0,20,"both",0.309988758818787,0.569594468699321
"2904","session2",-1.57916394198513,16.3922449369935,2.67607874867069,0.00017955221760302,0.26421012582811,0.424667857209843,0.173354327017032,10,2,100,0.309988758818787,0.569594468699321,30,3.38503856781894,1,-3.789278985,245,0,0,20,"both",0.309988758818787,0.569594468699321
"2905","session2",-1.57916394198513,16.3922449369935,2.67607874867069,0.00017955221760302,0.26421012582811,0.424667857209843,0.173354327017032,10,2,100,0.309988758818787,0.569594468699321,30,3.5795897339042,0,-8.49562,245,0,0,20,"both",0.309988758818787,0.569594468699321
"2906","session2",-1.57916394198513,16.3922449369935,2.67607874867069,0.00017955221760302,0.26421012582811,0.424667857209843,0.173354327017032,10,2,100,0.309988758818787,0.569594468699321,30,4.01299711293246,0,-4.99891,245,0,0,20,"both",0.309988758818787,0.569594468699321
"2907","session2",-1.57916394198513,16.3922449369935,2.67607874867069,0.00017955221760302,0.26421012582811,0.424667857209843,0.173354327017032,10,2,100,0.309988758818787,0.569594468699321,30,2.66539673091814,1,-2.68666,245,0,0,20,"both",0.309988758818787,0.569594468699321
"2908","session2",-1.57916394198513,16.3922449369935,2.67607874867069,0.00017955221760302,0.26421012582811,0.424667857209843,0.173354327017032,10,2,100,0.309988758818787,0.569594468699321,30,1.79480773723692,0,11.37022,245,0,0,20,"both",0.309988758818787,0.569594468699321
"2909","session2",-1.57916394198513,16.3922449369935,2.67607874867069,0.00017955221760302,0.26421012582811,0.424667857209843,0.173354327017032,10,2,100,0.309988758818787,0.569594468699321,30,3.76265384632591,0,-4.5433203877,245,0,0,20,"both",0.309988758818787,0.569594468699321
"2910","session2",-1.57916394198513,16.3922449369935,2.67607874867069,0.00017955221760302,0.26421012582811,0.424667857209843,0.173354327017032,10,2,100,0.309988758818787,0.569594468699321,30,2.2839931042731,0,-11.78662,245,0,0,20,"both",0.309988758818787,0.569594468699321
"2911","session2",-1.57916394198513,16.3922449369935,2.67607874867069,0.00017955221760302,0.26421012582811,0.424667857209843,0.173354327017032,10,2,100,0.309988758818787,0.569594468699321,30,1.69002773465427,1,47.677,245,0,0,20,"both",0.309988758818787,0.569594468699321
"2912","session2",-1.57916394198513,16.3922449369935,2.67607874867069,0.00017955221760302,0.26421012582811,0.424667857209843,0.173354327017032,10,2,100,0.309988758818787,0.569594468699321,30,2.58748674118081,0,-12.2277,245,0,0,20,"both",0.309988758818787,0.569594468699321
"2913","session2",-1.57916394198513,16.3922449369935,2.67607874867069,0.00017955221760302,0.26421012582811,0.424667857209843,0.173354327017032,10,2,100,0.309988758818787,0.569594468699321,30,3.18598273527491,0,-1.4042571404,245,0,0,20,"both",0.309988758818787,0.569594468699321
"2914","session2",-1.57916394198513,16.3922449369935,2.67607874867069,0.00017955221760302,0.26421012582811,0.424667857209843,0.173354327017032,10,2,100,0.309988758818787,0.569594468699321,30,2.36345334730289,0,7.25106,245,0,0,20,"both",0.309988758818787,0.569594468699321
"2915","session2",-1.57916394198513,16.3922449369935,2.67607874867069,0.00017955221760302,0.26421012582811,0.424667857209843,0.173354327017032,10,2,100,0.309988758818787,0.569594468699321,30,1.78662592523351,0,-46.62619,245,0,0,20,"both",0.309988758818787,0.569594468699321
"2916","session2",-1.57916394198513,16.3922449369935,2.67607874867069,0.00017955221760302,0.26421012582811,0.424667857209843,0.173354327017032,10,2,100,0.309988758818787,0.569594468699321,30,1.07256517847229,1,10.1249,245,0,0,20,"both",0.309988758818787,0.569594468699321
"2917","session2",-1.57916394198513,16.3922449369935,2.67607874867069,0.00017955221760302,0.26421012582811,0.424667857209843,0.173354327017032,10,2,100,0.309988758818787,0.569594468699321,30,1.76557181503855,1,6.3624491277,245,0,0,20,"both",0.309988758818787,0.569594468699321
"2918","session2",-1.57916394198513,16.3922449369935,2.67607874867069,0.00017955221760302,0.26421012582811,0.424667857209843,0.173354327017032,10,2,100,0.309988758818787,0.569594468699321,30,1.11150379646916,1,14.405064,245,0,0,20,"both",0.309988758818787,0.569594468699321
"2919","session2",-1.57916394198513,16.3922449369935,2.67607874867069,0.00017955221760302,0.26421012582811,0.424667857209843,0.173354327017032,10,2,100,0.309988758818787,0.569594468699321,30,3.59463116650292,0,-0.27966,245,0,0,20,"both",0.309988758818787,0.569594468699321
"2920","session2",-1.57916394198513,16.3922449369935,2.67607874867069,0.00017955221760302,0.26421012582811,0.424667857209843,0.173354327017032,10,2,100,0.309988758818787,0.569594468699321,30,1.09596683369348,0,-46.32944,245,0,0,20,"both",0.309988758818787,0.569594468699321
"2921","session2",-1.57916394198513,16.3922449369935,2.67607874867069,0.00017955221760302,0.26421012582811,0.424667857209843,0.173354327017032,10,2,100,0.309988758818787,0.569594468699321,30,2.48617203977257,0,-14.32865,245,0,0,20,"both",0.309988758818787,0.569594468699321
"2922","session2",-1.57916394198513,16.3922449369935,2.67607874867069,0.00017955221760302,0.26421012582811,0.424667857209843,0.173354327017032,10,2,100,0.309988758818787,0.569594468699321,30,1.42394744877533,1,16.19085,245,0,0,20,"both",0.309988758818787,0.569594468699321
"2923","session2",-1.57916394198513,16.3922449369935,2.67607874867069,0.00017955221760302,0.26421012582811,0.424667857209843,0.173354327017032,10,2,100,0.309988758818787,0.569594468699321,30,1.25795851841217,1,0.66473,245,0,0,20,"both",0.309988758818787,0.569594468699321
"2924","session2",-1.57916394198513,16.3922449369935,2.67607874867069,0.00017955221760302,0.26421012582811,0.424667857209843,0.173354327017032,10,2,100,0.309988758818787,0.569594468699321,30,3.17351195587179,1,2.61694,245,0,0,20,"both",0.309988758818787,0.569594468699321
"2925","session2",-1.57916394198513,16.3922449369935,2.67607874867069,0.00017955221760302,0.26421012582811,0.424667857209843,0.173354327017032,10,2,100,0.309988758818787,0.569594468699321,30,1.80222383900122,0,6.81025,245,0,0,20,"both",0.309988758818787,0.569594468699321
"2926","session2",-1.57916394198513,16.3922449369935,2.67607874867069,0.00017955221760302,0.26421012582811,0.424667857209843,0.173354327017032,10,2,100,0.309988758818787,0.569594468699321,30,2.68213919676354,1,10.10998,245,0,0,20,"both",0.309988758818787,0.569594468699321
"2927","session2",-1.57916394198513,16.3922449369935,2.67607874867069,0.00017955221760302,0.26421012582811,0.424667857209843,0.173354327017032,10,2,100,0.309988758818787,0.569594468699321,30,1.48634145929414,1,42.90374,245,0,0,20,"both",0.309988758818787,0.569594468699321
"2928","session2",-1.57916394198513,16.3922449369935,2.67607874867069,0.00017955221760302,0.26421012582811,0.424667857209843,0.173354327017032,10,2,100,0.309988758818787,0.569594468699321,30,1.19038532645974,1,-9.22428,245,0,0,20,"both",0.309988758818787,0.569594468699321
"2929","session2",-1.57916394198513,16.3922449369935,2.67607874867069,0.00017955221760302,0.26421012582811,0.424667857209843,0.173354327017032,10,2,100,0.309988758818787,0.569594468699321,30,0.802310074449855,1,16.28334,245,0,0,20,"both",0.309988758818787,0.569594468699321
"2930","session2",-1.57916394198513,16.3922449369935,2.67607874867069,0.00017955221760302,0.26421012582811,0.424667857209843,0.173354327017032,10,2,100,0.309988758818787,0.569594468699321,30,2.56992525923662,1,12.34796,245,0,0,20,"both",0.309988758818787,0.569594468699321
"2931","session2",-1.57916394198513,16.3922449369935,2.67607874867069,0.00017955221760302,0.26421012582811,0.424667857209843,0.173354327017032,10,2,100,0.309988758818787,0.569594468699321,30,2.28484194163314,0,-10.75487,245,0,0,20,"both",0.309988758818787,0.569594468699321
"2932","session2",-1.57916394198513,16.3922449369935,2.67607874867069,0.00017955221760302,0.26421012582811,0.424667857209843,0.173354327017032,10,2,100,0.309988758818787,0.569594468699321,30,1.16463128351351,1,17.20055,245,0,0,20,"both",0.309988758818787,0.569594468699321
"2933","session2",-1.57916394198513,16.3922449369935,2.67607874867069,0.00017955221760302,0.26421012582811,0.424667857209843,0.173354327017032,10,2,100,0.309988758818787,0.569594468699321,30,4.97960162824597,1,-10.91145,245,0,0,20,"both",0.309988758818787,0.569594468699321
"2934","session2",-1.57916394198513,16.3922449369935,2.67607874867069,0.00017955221760302,0.26421012582811,0.424667857209843,0.173354327017032,10,2,100,0.309988758818787,0.569594468699321,30,2.99232855438735,1,8.90275,245,0,0,20,"both",0.309988758818787,0.569594468699321
"2935","session2",-1.57916394198513,16.3922449369935,2.67607874867069,0.00017955221760302,0.26421012582811,0.424667857209843,0.173354327017032,10,2,100,0.309988758818787,0.569594468699321,30,1.50605061253416,1,44.88766,245,0,0,20,"both",0.309988758818787,0.569594468699321
"2936","session2",-1.57916394198513,16.3922449369935,2.67607874867069,0.00017955221760302,0.26421012582811,0.424667857209843,0.173354327017032,10,2,100,0.309988758818787,0.569594468699321,30,2.36036452622577,1,0.79175,245,0,0,20,"both",0.309988758818787,0.569594468699321
"2937","session2",-1.57916394198513,16.3922449369935,2.67607874867069,0.00017955221760302,0.26421012582811,0.424667857209843,0.173354327017032,10,2,100,0.309988758818787,0.569594468699321,30,1.99822473361488,1,7.33191,245,0,0,20,"both",0.309988758818787,0.569594468699321
"2938","session2",-1.57916394198513,16.3922449369935,2.67607874867069,0.00017955221760302,0.26421012582811,0.424667857209843,0.173354327017032,10,2,100,0.309988758818787,0.569594468699321,30,4.58658625813207,0,2.83996,245,0,0,20,"both",0.309988758818787,0.569594468699321
"2939","session2",-1.57916394198513,16.3922449369935,2.67607874867069,0.00017955221760302,0.26421012582811,0.424667857209843,0.173354327017032,10,2,100,0.309988758818787,0.569594468699321,30,1.09449572559824,1,-17.48593,245,0,0,20,"both",0.309988758818787,0.569594468699321
"2940","session2",-1.57916394198513,16.3922449369935,2.67607874867069,0.00017955221760302,0.26421012582811,0.424667857209843,0.173354327017032,10,2,100,0.309988758818787,0.569594468699321,30,1.1314502775092,0,-15.57662,245,0,0,20,"both",0.309988758818787,0.569594468699321
"2941","session2",-1.57916394198513,16.3922449369935,2.67607874867069,0.00017955221760302,0.26421012582811,0.424667857209843,0.173354327017032,10,2,100,0.309988758818787,0.569594468699321,30,1.61454653587508,0,-13.14055,245,0,0,20,"both",0.309988758818787,0.569594468699321
"2942","session2",-1.57916394198513,16.3922449369935,2.67607874867069,0.00017955221760302,0.26421012582811,0.424667857209843,0.173354327017032,10,2,100,0.309988758818787,0.569594468699321,30,3.53895073950775,1,-9.46358,245,0,0,20,"both",0.309988758818787,0.569594468699321
"2943","session2",-1.57916394198513,16.3922449369935,2.67607874867069,0.00017955221760302,0.26421012582811,0.424667857209843,0.173354327017032,10,2,100,0.309988758818787,0.569594468699321,30,1.4974797504711,0,-38.37828,245,0,0,20,"both",0.309988758818787,0.569594468699321
"2944","session2",-1.57916394198513,16.3922449369935,2.67607874867069,0.00017955221760302,0.26421012582811,0.424667857209843,0.173354327017032,10,2,100,0.309988758818787,0.569594468699321,30,2.87776189023163,0,11.731668,245,0,0,20,"both",0.309988758818787,0.569594468699321
"2945","session2",-1.57916394198513,16.3922449369935,2.67607874867069,0.00017955221760302,0.26421012582811,0.424667857209843,0.173354327017032,10,2,100,0.309988758818787,0.569594468699321,30,0.787567962148022,0,-36.21754,245,0,0,20,"both",0.309988758818787,0.569594468699321
"2946","session2",-1.57916394198513,16.3922449369935,2.67607874867069,0.00017955221760302,0.26421012582811,0.424667857209843,0.173354327017032,10,2,100,0.309988758818787,0.569594468699321,30,3.14205604551133,1,-16.26601,245,0,0,20,"both",0.309988758818787,0.569594468699321
"2947","session2",-1.57916394198513,16.3922449369935,2.67607874867069,0.00017955221760302,0.26421012582811,0.424667857209843,0.173354327017032,10,2,100,0.309988758818787,0.569594468699321,30,1.90417948939938,1,11.801901,245,0,0,20,"both",0.309988758818787,0.569594468699321
"2948","session2",-1.57916394198513,16.3922449369935,2.67607874867069,0.00017955221760302,0.26421012582811,0.424667857209843,0.173354327017032,10,2,100,0.309988758818787,0.569594468699321,30,1.48703233042499,0,-18.04389,245,0,0,20,"both",0.309988758818787,0.569594468699321
"2949","session2",-1.57916394198513,16.3922449369935,2.67607874867069,0.00017955221760302,0.26421012582811,0.424667857209843,0.173354327017032,10,2,100,0.309988758818787,0.569594468699321,30,3.01848176734345,0,-10.07717,245,0,0,20,"both",0.309988758818787,0.569594468699321
"2950","session2",-1.57916394198513,16.3922449369935,2.67607874867069,0.00017955221760302,0.26421012582811,0.424667857209843,0.173354327017032,10,2,100,0.309988758818787,0.569594468699321,30,2.77388246073598,0,4.03182,245,0,0,20,"both",0.309988758818787,0.569594468699321
"2951","session2",-1.57916394198513,16.3922449369935,2.67607874867069,0.00017955221760302,0.26421012582811,0.424667857209843,0.173354327017032,10,2,100,0.309988758818787,0.569594468699321,30,1.50160031421374,0,-17.24186,245,0,0,20,"both",0.309988758818787,0.569594468699321
"2952","session2",-1.57916394198513,16.3922449369935,2.67607874867069,0.00017955221760302,0.26421012582811,0.424667857209843,0.173354327017032,10,2,100,0.309988758818787,0.569594468699321,30,2.17128025292856,1,19.8435,245,0,0,20,"both",0.309988758818787,0.569594468699321
"2953","session2",-1.57916394198513,16.3922449369935,2.67607874867069,0.00017955221760302,0.26421012582811,0.424667857209843,0.173354327017032,10,2,100,0.309988758818787,0.569594468699321,30,2.76705418424608,1,22.21066,245,0,0,20,"both",0.309988758818787,0.569594468699321
"2954","session2",-1.57916394198513,16.3922449369935,2.67607874867069,0.00017955221760302,0.26421012582811,0.424667857209843,0.173354327017032,10,2,100,0.309988758818787,0.569594468699321,30,4.74503646709535,0,7.30181,245,0,0,20,"both",0.309988758818787,0.569594468699321
"2955","session2",-1.57916394198513,16.3922449369935,2.67607874867069,0.00017955221760302,0.26421012582811,0.424667857209843,0.173354327017032,10,2,100,0.309988758818787,0.569594468699321,30,1.88194398843367,1,12.68493,245,0,0,20,"both",0.309988758818787,0.569594468699321
"2956","session2",-1.57916394198513,16.3922449369935,2.67607874867069,0.00017955221760302,0.26421012582811,0.424667857209843,0.173354327017032,10,2,100,0.309988758818787,0.569594468699321,30,2.68935010621791,1,-16.09512,245,0,0,20,"both",0.309988758818787,0.569594468699321
"2957","session2",-1.57916394198513,16.3922449369935,2.67607874867069,0.00017955221760302,0.26421012582811,0.424667857209843,0.173354327017032,10,2,100,0.309988758818787,0.569594468699321,30,1.71716142165914,0,-32.64215,245,0,0,20,"both",0.309988758818787,0.569594468699321
"2958","session2",-1.57916394198513,16.3922449369935,2.67607874867069,0.00017955221760302,0.26421012582811,0.424667857209843,0.173354327017032,10,2,100,0.309988758818787,0.569594468699321,30,2.29944752537385,0,-25.9102,245,0,0,20,"both",0.309988758818787,0.569594468699321
"2959","session2",-1.57916394198513,16.3922449369935,2.67607874867069,0.00017955221760302,0.26421012582811,0.424667857209843,0.173354327017032,10,2,100,0.309988758818787,0.569594468699321,30,2.01346059633219,0,11.17647,245,0,0,20,"both",0.309988758818787,0.569594468699321
"2960","session2",-1.57916394198513,16.3922449369935,2.67607874867069,0.00017955221760302,0.26421012582811,0.424667857209843,0.173354327017032,10,2,100,0.309988758818787,0.569594468699321,30,1.1343974213937,0,-36.72853,245,0,0,20,"both",0.309988758818787,0.569594468699321
"2961","session2",-1.57916394198513,16.3922449369935,2.67607874867069,0.00017955221760302,0.26421012582811,0.424667857209843,0.173354327017032,10,2,100,0.309988758818787,0.569594468699321,30,1.9668424447071,1,-1.97684471713,245,0,0,20,"both",0.309988758818787,0.569594468699321
"2962","session2",-1.57916394198513,16.3922449369935,2.67607874867069,0.00017955221760302,0.26421012582811,0.424667857209843,0.173354327017032,10,2,100,0.309988758818787,0.569594468699321,30,1.98083529140603,0,-12.31033,245,0,0,20,"both",0.309988758818787,0.569594468699321
"2963","session2",-1.57916394198513,16.3922449369935,2.67607874867069,0.00017955221760302,0.26421012582811,0.424667857209843,0.173354327017032,10,2,100,0.309988758818787,0.569594468699321,30,1.80108661747571,1,6.1657,245,0,0,20,"both",0.309988758818787,0.569594468699321
"2964","session2",-1.57916394198513,16.3922449369935,2.67607874867069,0.00017955221760302,0.26421012582811,0.424667857209843,0.173354327017032,10,2,100,0.309988758818787,0.569594468699321,30,3.75890888699934,1,12.19376,245,0,0,20,"both",0.309988758818787,0.569594468699321
"2965","session2",-1.57916394198513,16.3922449369935,2.67607874867069,0.00017955221760302,0.26421012582811,0.424667857209843,0.173354327017032,10,2,100,0.309988758818787,0.569594468699321,30,1.46146591747463,1,20.69284,245,0,0,20,"both",0.309988758818787,0.569594468699321
"2966","session2",-1.57916394198513,16.3922449369935,2.67607874867069,0.00017955221760302,0.26421012582811,0.424667857209843,0.173354327017032,10,2,100,0.309988758818787,0.569594468699321,30,1.65533786275357,0,-34.9436,245,0,0,20,"both",0.309988758818787,0.569594468699321
"2967","session2",-1.57916394198513,16.3922449369935,2.67607874867069,0.00017955221760302,0.26421012582811,0.424667857209843,0.173354327017032,10,2,100,0.309988758818787,0.569594468699321,30,1.68966783870036,1,21.764941,245,0,0,20,"both",0.309988758818787,0.569594468699321
"2968","session2",-1.57916394198513,16.3922449369935,2.67607874867069,0.00017955221760302,0.26421012582811,0.424667857209843,0.173354327017032,10,2,100,0.309988758818787,0.569594468699321,30,2.06625099085099,1,14.1917,245,0,0,20,"both",0.309988758818787,0.569594468699321
"2969","session2",-1.57916394198513,16.3922449369935,2.67607874867069,0.00017955221760302,0.26421012582811,0.424667857209843,0.173354327017032,10,2,100,0.309988758818787,0.569594468699321,30,3.01280949330203,1,18.346635,245,0,0,20,"both",0.309988758818787,0.569594468699321
"2970","session2",-1.57916394198513,16.3922449369935,2.67607874867069,0.00017955221760302,0.26421012582811,0.424667857209843,0.173354327017032,10,2,100,0.309988758818787,0.569594468699321,30,7.02401918904618,1,7.5533,245,0,0,20,"both",0.309988758818787,0.569594468699321
"2971","session2",-1.57916394198513,16.3922449369935,2.67607874867069,0.00017955221760302,0.26421012582811,0.424667857209843,0.173354327017032,10,2,100,0.309988758818787,0.569594468699321,30,3.981331195551,0,-20.36457,245,0,0,20,"both",0.309988758818787,0.569594468699321
"2972","session2",-1.57916394198513,16.3922449369935,2.67607874867069,0.00017955221760302,0.26421012582811,0.424667857209843,0.173354327017032,10,2,100,0.309988758818787,0.569594468699321,30,1.24211909939248,0,-23.31901,245,0,0,20,"both",0.309988758818787,0.569594468699321
"2973","session2",-1.57916394198513,16.3922449369935,2.67607874867069,0.00017955221760302,0.26421012582811,0.424667857209843,0.173354327017032,10,2,100,0.309988758818787,0.569594468699321,30,1.5833420358143,0,-17.155919,245,0,0,20,"both",0.309988758818787,0.569594468699321
"2974","session2",-1.57916394198513,16.3922449369935,2.67607874867069,0.00017955221760302,0.26421012582811,0.424667857209843,0.173354327017032,10,2,100,0.309988758818787,0.569594468699321,30,3.68935828127259,0,-13.2999295,245,0,0,20,"both",0.309988758818787,0.569594468699321
"2975","session2",-1.57916394198513,16.3922449369935,2.67607874867069,0.00017955221760302,0.26421012582811,0.424667857209843,0.173354327017032,10,2,100,0.309988758818787,0.569594468699321,30,1.81682511264498,1,20.3872,245,0,0,20,"both",0.309988758818787,0.569594468699321
"2976","session2",-1.57916394198513,16.3922449369935,2.67607874867069,0.00017955221760302,0.26421012582811,0.424667857209843,0.173354327017032,10,2,100,0.309988758818787,0.569594468699321,30,1.65255737189914,0,-14.638545,245,0,0,20,"both",0.309988758818787,0.569594468699321
"2977","session2",-1.57916394198513,16.3922449369935,2.67607874867069,0.00017955221760302,0.26421012582811,0.424667857209843,0.173354327017032,10,2,100,0.309988758818787,0.569594468699321,30,1.72104643167494,0,-16.42651,245,0,0,20,"both",0.309988758818787,0.569594468699321
"2978","session2",-1.57916394198513,16.3922449369935,2.67607874867069,0.00017955221760302,0.26421012582811,0.424667857209843,0.173354327017032,10,2,100,0.309988758818787,0.569594468699321,30,1.87559138242317,1,11.440618,245,0,0,20,"both",0.309988758818787,0.569594468699321
"2979","session2",-1.57916394198513,16.3922449369935,2.67607874867069,0.00017955221760302,0.26421012582811,0.424667857209843,0.173354327017032,10,2,100,0.309988758818787,0.569594468699321,30,2.46305790881023,1,-14.95901,245,0,0,20,"both",0.309988758818787,0.569594468699321
"2980","session2",-1.57916394198513,16.3922449369935,2.67607874867069,0.00017955221760302,0.26421012582811,0.424667857209843,0.173354327017032,10,2,100,0.309988758818787,0.569594468699321,30,1.29600487655469,0,-18.761283,245,0,0,20,"both",0.309988758818787,0.569594468699321
"2981","session2",-1.57916394198513,16.3922449369935,2.67607874867069,0.00017955221760302,0.26421012582811,0.424667857209843,0.173354327017032,10,2,100,0.309988758818787,0.569594468699321,30,2.58251066732324,0,-12.261918,245,0,0,20,"both",0.309988758818787,0.569594468699321
"2982","session2",-1.57916394198513,16.3922449369935,2.67607874867069,0.00017955221760302,0.26421012582811,0.424667857209843,0.173354327017032,10,2,100,0.309988758818787,0.569594468699321,30,2.59776306423788,1,-13.485261,245,0,0,20,"both",0.309988758818787,0.569594468699321
"2983","session2",-1.57916394198513,16.3922449369935,2.67607874867069,0.00017955221760302,0.26421012582811,0.424667857209843,0.173354327017032,10,2,100,0.309988758818787,0.569594468699321,30,1.79207871928017,0,-20.91533,245,0,0,20,"both",0.309988758818787,0.569594468699321
"2984","session2",-1.57916394198513,16.3922449369935,2.67607874867069,0.00017955221760302,0.26421012582811,0.424667857209843,0.173354327017032,10,2,100,0.309988758818787,0.569594468699321,30,2.05568775814634,0,4.93608,245,0,0,20,"both",0.309988758818787,0.569594468699321
"2985","session2",-1.57916394198513,16.3922449369935,2.67607874867069,0.00017955221760302,0.26421012582811,0.424667857209843,0.173354327017032,10,2,100,0.309988758818787,0.569594468699321,30,3.0259769288046,0,11.75074,245,0,0,20,"both",0.309988758818787,0.569594468699321
"2986","session2",-1.57916394198513,16.3922449369935,2.67607874867069,0.00017955221760302,0.26421012582811,0.424667857209843,0.173354327017032,10,2,100,0.309988758818787,0.569594468699321,30,1.72754504500636,0,-23.41654,245,0,0,20,"both",0.309988758818787,0.569594468699321
"2987","session2",-1.57916394198513,16.3922449369935,2.67607874867069,0.00017955221760302,0.26421012582811,0.424667857209843,0.173354327017032,10,2,100,0.309988758818787,0.569594468699321,30,2.17615576551877,1,15.098076,245,0,0,20,"both",0.309988758818787,0.569594468699321
"2988","session2",-1.57916394198513,16.3922449369935,2.67607874867069,0.00017955221760302,0.26421012582811,0.424667857209843,0.173354327017032,10,2,100,0.309988758818787,0.569594468699321,30,1.54487081652186,1,19.46511,245,0,0,20,"both",0.309988758818787,0.569594468699321
"2989","session2",-1.57916394198513,16.3922449369935,2.67607874867069,0.00017955221760302,0.26421012582811,0.424667857209843,0.173354327017032,10,2,100,0.309988758818787,0.569594468699321,30,2.26802275260459,0,-22.51929,245,0,0,20,"both",0.309988758818787,0.569594468699321
"2990","session2",-1.57916394198513,16.3922449369935,2.67607874867069,0.00017955221760302,0.26421012582811,0.424667857209843,0.173354327017032,10,2,100,0.309988758818787,0.569594468699321,30,1.63126330026213,0,-16.92884,245,0,0,20,"both",0.309988758818787,0.569594468699321
"2991","session2",-1.57916394198513,16.3922449369935,2.67607874867069,0.00017955221760302,0.26421012582811,0.424667857209843,0.173354327017032,10,2,100,0.309988758818787,0.569594468699321,30,1.5729866940322,0,-13.98403,245,0,0,20,"both",0.309988758818787,0.569594468699321
"2992","session2",-1.57916394198513,16.3922449369935,2.67607874867069,0.00017955221760302,0.26421012582811,0.424667857209843,0.173354327017032,10,2,100,0.309988758818787,0.569594468699321,30,2.19067771801313,1,15.76251,245,0,0,20,"both",0.309988758818787,0.569594468699321
"2993","session2",-1.57916394198513,16.3922449369935,2.67607874867069,0.00017955221760302,0.26421012582811,0.424667857209843,0.173354327017032,10,2,100,0.309988758818787,0.569594468699321,30,0.824650411276643,1,11.19172,245,0,0,20,"both",0.309988758818787,0.569594468699321
"2994","session2",-1.57916394198513,16.3922449369935,2.67607874867069,0.00017955221760302,0.26421012582811,0.424667857209843,0.173354327017032,10,2,100,0.309988758818787,0.569594468699321,30,1.87058517584723,0,-15.91235,245,0,0,20,"both",0.309988758818787,0.569594468699321
"2995","session2",-1.57916394198513,16.3922449369935,2.67607874867069,0.00017955221760302,0.26421012582811,0.424667857209843,0.173354327017032,10,2,100,0.309988758818787,0.569594468699321,30,1.02859075009213,0,-28.38303,245,0,0,20,"both",0.309988758818787,0.569594468699321
"2996","session2",-1.57916394198513,16.3922449369935,2.67607874867069,0.00017955221760302,0.26421012582811,0.424667857209843,0.173354327017032,10,2,100,0.309988758818787,0.569594468699321,30,2.09534087419257,1,-16.28969,245,0,0,20,"both",0.309988758818787,0.569594468699321
"2997","session2",-1.57916394198513,16.3922449369935,2.67607874867069,0.00017955221760302,0.26421012582811,0.424667857209843,0.173354327017032,10,2,100,0.309988758818787,0.569594468699321,30,1.65512649554678,0,-14.40035,245,0,0,20,"both",0.309988758818787,0.569594468699321
"2998","session2",-1.57916394198513,16.3922449369935,2.67607874867069,0.00017955221760302,0.26421012582811,0.424667857209843,0.173354327017032,10,2,100,0.309988758818787,0.569594468699321,30,1.20240698765534,1,13.686976,245,0,0,20,"both",0.309988758818787,0.569594468699321
"2999","session2",-1.57916394198513,16.3922449369935,2.67607874867069,0.00017955221760302,0.26421012582811,0.424667857209843,0.173354327017032,10,2,100,0.309988758818787,0.569594468699321,30,2.49114841767467,0,-14.28895,245,0,0,20,"both",0.309988758818787,0.569594468699321
"3000","session2",-1.57916394198513,16.3922449369935,2.67607874867069,0.00017955221760302,0.26421012582811,0.424667857209843,0.173354327017032,10,2,100,0.309988758818787,0.569594468699321,30,2.68136952388446,0,-11.6312,245,0,0,20,"both",0.309988758818787,0.569594468699321
"3001","session2",-2.07881378949938,8.82759329722445,1.66411908394689,0.00106058901550329,1.1329983790772,0.297904130723463,0.493940357686449,11,2,100,0.309988758818787,0.569594468699321,31,4.32725680608924,1,-10.39152024174,245,0,0,20,"both",0.309988758818787,0.569594468699321
"3002","session2",-2.07881378949938,8.82759329722445,1.66411908394689,0.00106058901550329,1.1329983790772,0.297904130723463,0.493940357686449,11,2,100,0.309988758818787,0.569594468699321,31,3.28572681354108,0,-12.307821911,245,0,0,20,"both",0.309988758818787,0.569594468699321
"3003","session2",-2.07881378949938,8.82759329722445,1.66411908394689,0.00106058901550329,1.1329983790772,0.297904130723463,0.493940357686449,11,2,100,0.309988758818787,0.569594468699321,31,4.07227141699092,1,-2.8795722043,245,0,0,20,"both",0.309988758818787,0.569594468699321
"3004","session2",-2.07881378949938,8.82759329722445,1.66411908394689,0.00106058901550329,1.1329983790772,0.297904130723463,0.493940357686449,11,2,100,0.309988758818787,0.569594468699321,31,4.9084138905392,0,-10.1896122894,245,0,0,20,"both",0.309988758818787,0.569594468699321
"3005","session2",-2.07881378949938,8.82759329722445,1.66411908394689,0.00106058901550329,1.1329983790772,0.297904130723463,0.493940357686449,11,2,100,0.309988758818787,0.569594468699321,31,4.46670548721479,1,-6.7461182621,245,0,0,20,"both",0.309988758818787,0.569594468699321
"3006","session2",-2.07881378949938,8.82759329722445,1.66411908394689,0.00106058901550329,1.1329983790772,0.297904130723463,0.493940357686449,11,2,100,0.309988758818787,0.569594468699321,31,4.99273810741811,1,-15.4545,245,0,0,20,"both",0.309988758818787,0.569594468699321
"3007","session2",-2.07881378949938,8.82759329722445,1.66411908394689,0.00106058901550329,1.1329983790772,0.297904130723463,0.493940357686449,11,2,100,0.309988758818787,0.569594468699321,31,6.1707598914986,1,-12.3773796184,245,0,0,20,"both",0.309988758818787,0.569594468699321
"3008","session2",-2.07881378949938,8.82759329722445,1.66411908394689,0.00106058901550329,1.1329983790772,0.297904130723463,0.493940357686449,11,2,100,0.309988758818787,0.569594468699321,31,4.45164123876773,0,-17.28150138811,245,0,0,20,"both",0.309988758818787,0.569594468699321
"3009","session2",-2.07881378949938,8.82759329722445,1.66411908394689,0.00106058901550329,1.1329983790772,0.297904130723463,0.493940357686449,11,2,100,0.309988758818787,0.569594468699321,31,4.30242644953492,0,-11.0579655781,245,0,0,20,"both",0.309988758818787,0.569594468699321
"3010","session2",-2.07881378949938,8.82759329722445,1.66411908394689,0.00106058901550329,1.1329983790772,0.297904130723463,0.493940357686449,11,2,100,0.309988758818787,0.569594468699321,31,6.14320267267155,1,4.2412,245,0,0,20,"both",0.309988758818787,0.569594468699321
"3011","session2",-2.07881378949938,8.82759329722445,1.66411908394689,0.00106058901550329,1.1329983790772,0.297904130723463,0.493940357686449,11,2,100,0.309988758818787,0.569594468699321,31,4.22815310675579,0,-11.34361,245,0,0,20,"both",0.309988758818787,0.569594468699321
"3012","session2",-2.07881378949938,8.82759329722445,1.66411908394689,0.00106058901550329,1.1329983790772,0.297904130723463,0.493940357686449,11,2,100,0.309988758818787,0.569594468699321,31,4.33367752466616,0,-15.18328,245,0,0,20,"both",0.309988758818787,0.569594468699321
"3013","session2",-2.07881378949938,8.82759329722445,1.66411908394689,0.00106058901550329,1.1329983790772,0.297904130723463,0.493940357686449,11,2,100,0.309988758818787,0.569594468699321,31,3.75174635175126,0,-11.80546,245,0,0,20,"both",0.309988758818787,0.569594468699321
"3014","session2",-2.07881378949938,8.82759329722445,1.66411908394689,0.00106058901550329,1.1329983790772,0.297904130723463,0.493940357686449,11,2,100,0.309988758818787,0.569594468699321,31,6.02194983558658,1,-2.53249,245,0,0,20,"both",0.309988758818787,0.569594468699321
"3015","session2",-2.07881378949938,8.82759329722445,1.66411908394689,0.00106058901550329,1.1329983790772,0.297904130723463,0.493940357686449,11,2,100,0.309988758818787,0.569594468699321,31,3.82305374918505,1,0.0122,245,0,0,20,"both",0.309988758818787,0.569594468699321
"3016","session2",-2.07881378949938,8.82759329722445,1.66411908394689,0.00106058901550329,1.1329983790772,0.297904130723463,0.493940357686449,11,2,100,0.309988758818787,0.569594468699321,31,4.34587442048445,0,-11.61105,245,0,0,20,"both",0.309988758818787,0.569594468699321
"3017","session2",-2.07881378949938,8.82759329722445,1.66411908394689,0.00106058901550329,1.1329983790772,0.297904130723463,0.493940357686449,11,2,100,0.309988758818787,0.569594468699321,31,4.36776518763193,0,-7.82731,245,0,0,20,"both",0.309988758818787,0.569594468699321
"3018","session2",-2.07881378949938,8.82759329722445,1.66411908394689,0.00106058901550329,1.1329983790772,0.297904130723463,0.493940357686449,11,2,100,0.309988758818787,0.569594468699321,31,5.03604381236149,0,0.0388899999999999,245,0,0,20,"both",0.309988758818787,0.569594468699321
"3019","session2",-2.07881378949938,8.82759329722445,1.66411908394689,0.00106058901550329,1.1329983790772,0.297904130723463,0.493940357686449,11,2,100,0.309988758818787,0.569594468699321,31,3.35202702330421,1,6.12095,245,0,0,20,"both",0.309988758818787,0.569594468699321
"3020","session2",-2.07881378949938,8.82759329722445,1.66411908394689,0.00106058901550329,1.1329983790772,0.297904130723463,0.493940357686449,11,2,100,0.309988758818787,0.569594468699321,31,3.92993026208927,0,-10.06073,245,0,0,20,"both",0.309988758818787,0.569594468699321
"3021","session2",-2.07881378949938,8.82759329722445,1.66411908394689,0.00106058901550329,1.1329983790772,0.297904130723463,0.493940357686449,11,2,100,0.309988758818787,0.569594468699321,31,2.53586437496143,1,39.8347,245,0,0,20,"both",0.309988758818787,0.569594468699321
"3022","session2",-2.07881378949938,8.82759329722445,1.66411908394689,0.00106058901550329,1.1329983790772,0.297904130723463,0.493940357686449,11,2,100,0.309988758818787,0.569594468699321,31,5.13065951790791,1,1.07155,245,0,0,20,"both",0.309988758818787,0.569594468699321
"3023","session2",-2.07881378949938,8.82759329722445,1.66411908394689,0.00106058901550329,1.1329983790772,0.297904130723463,0.493940357686449,11,2,100,0.309988758818787,0.569594468699321,31,5.8743665053093,1,6.554588,245,0,0,20,"both",0.309988758818787,0.569594468699321
"3024","session2",-2.07881378949938,8.82759329722445,1.66411908394689,0.00106058901550329,1.1329983790772,0.297904130723463,0.493940357686449,11,2,100,0.309988758818787,0.569594468699321,31,4.07096618249504,1,-11.5069,245,0,0,20,"both",0.309988758818787,0.569594468699321
"3025","session2",-2.07881378949938,8.82759329722445,1.66411908394689,0.00106058901550329,1.1329983790772,0.297904130723463,0.493940357686449,11,2,100,0.309988758818787,0.569594468699321,31,3.46484747904995,0,-13.71362,245,0,0,20,"both",0.309988758818787,0.569594468699321
"3026","session2",-2.07881378949938,8.82759329722445,1.66411908394689,0.00106058901550329,1.1329983790772,0.297904130723463,0.493940357686449,11,2,100,0.309988758818787,0.569594468699321,31,4.17444144262108,1,3.63588,245,0,0,20,"both",0.309988758818787,0.569594468699321
"3027","session2",-2.07881378949938,8.82759329722445,1.66411908394689,0.00106058901550329,1.1329983790772,0.297904130723463,0.493940357686449,11,2,100,0.309988758818787,0.569594468699321,31,2.96116478752215,0,-14.6265,245,0,0,20,"both",0.309988758818787,0.569594468699321
"3028","session2",-2.07881378949938,8.82759329722445,1.66411908394689,0.00106058901550329,1.1329983790772,0.297904130723463,0.493940357686449,11,2,100,0.309988758818787,0.569594468699321,31,3.6834806451029,0,-10.87159,245,0,0,20,"both",0.309988758818787,0.569594468699321
"3029","session2",-2.07881378949938,8.82759329722445,1.66411908394689,0.00106058901550329,1.1329983790772,0.297904130723463,0.493940357686449,11,2,100,0.309988758818787,0.569594468699321,31,3.6373436380622,0,9.35411,245,0,0,20,"both",0.309988758818787,0.569594468699321
"3030","session2",-2.07881378949938,8.82759329722445,1.66411908394689,0.00106058901550329,1.1329983790772,0.297904130723463,0.493940357686449,11,2,100,0.309988758818787,0.569594468699321,31,6.3316262921676,0,3.74707,245,0,0,20,"both",0.309988758818787,0.569594468699321
"3031","session2",-2.07881378949938,8.82759329722445,1.66411908394689,0.00106058901550329,1.1329983790772,0.297904130723463,0.493940357686449,11,2,100,0.309988758818787,0.569594468699321,31,3.30448224342984,0,-27.16235,245,0,0,20,"both",0.309988758818787,0.569594468699321
"3032","session2",-2.07881378949938,8.82759329722445,1.66411908394689,0.00106058901550329,1.1329983790772,0.297904130723463,0.493940357686449,11,2,100,0.309988758818787,0.569594468699321,31,2.86204828828418,1,14.27666,245,0,0,20,"both",0.309988758818787,0.569594468699321
"3033","session2",-2.07881378949938,8.82759329722445,1.66411908394689,0.00106058901550329,1.1329983790772,0.297904130723463,0.493940357686449,11,2,100,0.309988758818787,0.569594468699321,31,3.35141454263943,1,12.35045,245,0,0,20,"both",0.309988758818787,0.569594468699321
"3034","session2",-2.07881378949938,8.82759329722445,1.66411908394689,0.00106058901550329,1.1329983790772,0.297904130723463,0.493940357686449,11,2,100,0.309988758818787,0.569594468699321,31,5.37933686445939,0,-15.93018,245,0,0,20,"both",0.309988758818787,0.569594468699321
"3035","session2",-2.07881378949938,8.82759329722445,1.66411908394689,0.00106058901550329,1.1329983790772,0.297904130723463,0.493940357686449,11,2,100,0.309988758818787,0.569594468699321,31,3.28786857174307,0,-7.76716,245,0,0,20,"both",0.309988758818787,0.569594468699321
"3036","session2",-2.07881378949938,8.82759329722445,1.66411908394689,0.00106058901550329,1.1329983790772,0.297904130723463,0.493940357686449,11,2,100,0.309988758818787,0.569594468699321,31,6.43302546438203,1,4.48236,245,0,0,20,"both",0.309988758818787,0.569594468699321
"3037","session2",-2.07881378949938,8.82759329722445,1.66411908394689,0.00106058901550329,1.1329983790772,0.297904130723463,0.493940357686449,11,2,100,0.309988758818787,0.569594468699321,31,6.26242913295909,0,-1.62719,245,0,0,20,"both",0.309988758818787,0.569594468699321
"3038","session2",-2.07881378949938,8.82759329722445,1.66411908394689,0.00106058901550329,1.1329983790772,0.297904130723463,0.493940357686449,11,2,100,0.309988758818787,0.569594468699321,31,4.58035422952359,1,11.77982,245,0,0,20,"both",0.309988758818787,0.569594468699321
"3039","session2",-2.07881378949938,8.82759329722445,1.66411908394689,0.00106058901550329,1.1329983790772,0.297904130723463,0.493940357686449,11,2,100,0.309988758818787,0.569594468699321,31,4.64445030373524,0,-3.33199,245,0,0,20,"both",0.309988758818787,0.569594468699321
"3040","session2",-2.07881378949938,8.82759329722445,1.66411908394689,0.00106058901550329,1.1329983790772,0.297904130723463,0.493940357686449,11,2,100,0.309988758818787,0.569594468699321,31,5.83358885326437,0,-29.018629,245,0,0,20,"both",0.309988758818787,0.569594468699321
"3041","session2",-2.07881378949938,8.82759329722445,1.66411908394689,0.00106058901550329,1.1329983790772,0.297904130723463,0.493940357686449,11,2,100,0.309988758818787,0.569594468699321,31,5.15786492089743,0,3.48026,245,0,0,20,"both",0.309988758818787,0.569594468699321
"3042","session2",-2.07881378949938,8.82759329722445,1.66411908394689,0.00106058901550329,1.1329983790772,0.297904130723463,0.493940357686449,11,2,100,0.309988758818787,0.569594468699321,31,5.04335220713063,0,-13.088503,245,0,0,20,"both",0.309988758818787,0.569594468699321
"3043","session2",-2.07881378949938,8.82759329722445,1.66411908394689,0.00106058901550329,1.1329983790772,0.297904130723463,0.493940357686449,11,2,100,0.309988758818787,0.569594468699321,31,6.53201796347613,1,3.934014,245,0,0,20,"both",0.309988758818787,0.569594468699321
"3044","session2",-2.07881378949938,8.82759329722445,1.66411908394689,0.00106058901550329,1.1329983790772,0.297904130723463,0.493940357686449,11,2,100,0.309988758818787,0.569594468699321,31,6.97550724720205,1,-0.97313,245,0,0,20,"both",0.309988758818787,0.569594468699321
"3045","session2",-2.07881378949938,8.82759329722445,1.66411908394689,0.00106058901550329,1.1329983790772,0.297904130723463,0.493940357686449,11,2,100,0.309988758818787,0.569594468699321,31,3.2831031762846,0,-19.71154,245,0,0,20,"both",0.309988758818787,0.569594468699321
"3046","session2",-2.07881378949938,8.82759329722445,1.66411908394689,0.00106058901550329,1.1329983790772,0.297904130723463,0.493940357686449,11,2,100,0.309988758818787,0.569594468699321,31,4.83947224387442,0,-22.0451,245,0,0,20,"both",0.309988758818787,0.569594468699321
"3047","session2",-2.07881378949938,8.82759329722445,1.66411908394689,0.00106058901550329,1.1329983790772,0.297904130723463,0.493940357686449,11,2,100,0.309988758818787,0.569594468699321,31,6.25527728838148,1,6.15118,245,0,0,20,"both",0.309988758818787,0.569594468699321
"3048","session2",-2.07881378949938,8.82759329722445,1.66411908394689,0.00106058901550329,1.1329983790772,0.297904130723463,0.493940357686449,11,2,100,0.309988758818787,0.569594468699321,31,5.12955681024688,1,6.595308,245,0,0,20,"both",0.309988758818787,0.569594468699321
"3049","session2",-2.07881378949938,8.82759329722445,1.66411908394689,0.00106058901550329,1.1329983790772,0.297904130723463,0.493940357686449,11,2,100,0.309988758818787,0.569594468699321,31,3.26230150777594,0,-15.44582,245,0,0,20,"both",0.309988758818787,0.569594468699321
"3050","session2",-2.07881378949938,8.82759329722445,1.66411908394689,0.00106058901550329,1.1329983790772,0.297904130723463,0.493940357686449,11,2,100,0.309988758818787,0.569594468699321,31,7.65059582859335,0,-12.71885,245,0,0,20,"both",0.309988758818787,0.569594468699321
"3051","session2",-2.07881378949938,8.82759329722445,1.66411908394689,0.00106058901550329,1.1329983790772,0.297904130723463,0.493940357686449,11,2,100,0.309988758818787,0.569594468699321,31,4.29474395187853,1,9.06357,245,0,0,20,"both",0.309988758818787,0.569594468699321
"3052","session2",-2.07881378949938,8.82759329722445,1.66411908394689,0.00106058901550329,1.1329983790772,0.297904130723463,0.493940357686449,11,2,100,0.309988758818787,0.569594468699321,31,4.96074185634523,1,5.72232,245,0,0,20,"both",0.309988758818787,0.569594468699321
"3053","session2",-2.07881378949938,8.82759329722445,1.66411908394689,0.00106058901550329,1.1329983790772,0.297904130723463,0.493940357686449,11,2,100,0.309988758818787,0.569594468699321,31,3.97325759419833,1,7.59836,245,0,0,20,"both",0.309988758818787,0.569594468699321
"3054","session2",-2.07881378949938,8.82759329722445,1.66411908394689,0.00106058901550329,1.1329983790772,0.297904130723463,0.493940357686449,11,2,100,0.309988758818787,0.569594468699321,31,3.51056511213046,1,11.764691,245,0,0,20,"both",0.309988758818787,0.569594468699321
"3055","session2",-2.07881378949938,8.82759329722445,1.66411908394689,0.00106058901550329,1.1329983790772,0.297904130723463,0.493940357686449,11,2,100,0.309988758818787,0.569594468699321,31,4.63391680290141,1,-7.22894,245,0,0,20,"both",0.309988758818787,0.569594468699321
"3056","session2",-2.07881378949938,8.82759329722445,1.66411908394689,0.00106058901550329,1.1329983790772,0.297904130723463,0.493940357686449,11,2,100,0.309988758818787,0.569594468699321,31,4.60619145833467,0,8.30663,245,0,0,20,"both",0.309988758818787,0.569594468699321
"3057","session2",-2.07881378949938,8.82759329722445,1.66411908394689,0.00106058901550329,1.1329983790772,0.297904130723463,0.493940357686449,11,2,100,0.309988758818787,0.569594468699321,31,4.18951129277658,1,10.19984,245,0,0,20,"both",0.309988758818787,0.569594468699321
"3058","session2",-2.07881378949938,8.82759329722445,1.66411908394689,0.00106058901550329,1.1329983790772,0.297904130723463,0.493940357686449,11,2,100,0.309988758818787,0.569594468699321,31,3.79429868360008,0,-14.17798,245,0,0,20,"both",0.309988758818787,0.569594468699321
"3059","session2",-2.07881378949938,8.82759329722445,1.66411908394689,0.00106058901550329,1.1329983790772,0.297904130723463,0.493940357686449,11,2,100,0.309988758818787,0.569594468699321,31,4.43266075496325,0,-27.32678,245,0,0,20,"both",0.309988758818787,0.569594468699321
"3060","session2",-2.07881378949938,8.82759329722445,1.66411908394689,0.00106058901550329,1.1329983790772,0.297904130723463,0.493940357686449,11,2,100,0.309988758818787,0.569594468699321,31,2.41311551083278,1,18.25589,245,0,0,20,"both",0.309988758818787,0.569594468699321
"3061","session2",-2.07881378949938,8.82759329722445,1.66411908394689,0.00106058901550329,1.1329983790772,0.297904130723463,0.493940357686449,11,2,100,0.309988758818787,0.569594468699321,31,5.93683819391245,0,-20.63059,245,0,0,20,"both",0.309988758818787,0.569594468699321
"3062","session2",-2.07881378949938,8.82759329722445,1.66411908394689,0.00106058901550329,1.1329983790772,0.297904130723463,0.493940357686449,11,2,100,0.309988758818787,0.569594468699321,31,3.34472288568449,0,-11.19703,245,0,0,20,"both",0.309988758818787,0.569594468699321
"3063","session2",-2.07881378949938,8.82759329722445,1.66411908394689,0.00106058901550329,1.1329983790772,0.297904130723463,0.493940357686449,11,2,100,0.309988758818787,0.569594468699321,31,3.43159540311705,1,8.72983,245,0,0,20,"both",0.309988758818787,0.569594468699321
"3064","session2",-2.07881378949938,8.82759329722445,1.66411908394689,0.00106058901550329,1.1329983790772,0.297904130723463,0.493940357686449,11,2,100,0.309988758818787,0.569594468699321,31,3.89386805015799,1,8.13357,245,0,0,20,"both",0.309988758818787,0.569594468699321
"3065","session2",-2.07881378949938,8.82759329722445,1.66411908394689,0.00106058901550329,1.1329983790772,0.297904130723463,0.493940357686449,11,2,100,0.309988758818787,0.569594468699321,31,3.66423034450232,1,11.84708,245,0,0,20,"both",0.309988758818787,0.569594468699321
"3066","session2",-2.07881378949938,8.82759329722445,1.66411908394689,0.00106058901550329,1.1329983790772,0.297904130723463,0.493940357686449,11,2,100,0.309988758818787,0.569594468699321,31,4.60109432901045,0,-16.66462,245,0,0,20,"both",0.309988758818787,0.569594468699321
"3067","session2",-2.07881378949938,8.82759329722445,1.66411908394689,0.00106058901550329,1.1329983790772,0.297904130723463,0.493940357686449,11,2,100,0.309988758818787,0.569594468699321,31,4.15507732607466,1,5.50473,245,0,0,20,"both",0.309988758818787,0.569594468699321
"3068","session2",-2.07881378949938,8.82759329722445,1.66411908394689,0.00106058901550329,1.1329983790772,0.297904130723463,0.493940357686449,11,2,100,0.309988758818787,0.569594468699321,31,4.24689460355444,0,-11.07774,245,0,0,20,"both",0.309988758818787,0.569594468699321
"3069","session2",-2.07881378949938,8.82759329722445,1.66411908394689,0.00106058901550329,1.1329983790772,0.297904130723463,0.493940357686449,11,2,100,0.309988758818787,0.569594468699321,31,3.27039362115608,0,-13.90444,245,0,0,20,"both",0.309988758818787,0.569594468699321
"3070","session2",-2.07881378949938,8.82759329722445,1.66411908394689,0.00106058901550329,1.1329983790772,0.297904130723463,0.493940357686449,11,2,100,0.309988758818787,0.569594468699321,31,6.83796824369902,0,-6.5052337,245,0,0,20,"both",0.309988758818787,0.569594468699321
"3071","session2",-2.07881378949938,8.82759329722445,1.66411908394689,0.00106058901550329,1.1329983790772,0.297904130723463,0.493940357686449,11,2,100,0.309988758818787,0.569594468699321,31,6.13900893686401,0,-12.1745,245,0,0,20,"both",0.309988758818787,0.569594468699321
"3072","session2",-2.07881378949938,8.82759329722445,1.66411908394689,0.00106058901550329,1.1329983790772,0.297904130723463,0.493940357686449,11,2,100,0.309988758818787,0.569594468699321,31,2.59417625795921,1,-5.28401,245,0,0,20,"both",0.309988758818787,0.569594468699321
"3073","session2",-2.07881378949938,8.82759329722445,1.66411908394689,0.00106058901550329,1.1329983790772,0.297904130723463,0.493940357686449,11,2,100,0.309988758818787,0.569594468699321,31,4.5388389526648,1,5.146792,245,0,0,20,"both",0.309988758818787,0.569594468699321
"3074","session2",-2.07881378949938,8.82759329722445,1.66411908394689,0.00106058901550329,1.1329983790772,0.297904130723463,0.493940357686449,11,2,100,0.309988758818787,0.569594468699321,31,7.18249760270739,1,4.05741,245,0,0,20,"both",0.309988758818787,0.569594468699321
"3075","session2",-2.07881378949938,8.82759329722445,1.66411908394689,0.00106058901550329,1.1329983790772,0.297904130723463,0.493940357686449,11,2,100,0.309988758818787,0.569594468699321,31,4.03885491507967,0,-11.53802,245,0,0,20,"both",0.309988758818787,0.569594468699321
"3076","session2",-2.07881378949938,8.82759329722445,1.66411908394689,0.00106058901550329,1.1329983790772,0.297904130723463,0.493940357686449,11,2,100,0.309988758818787,0.569594468699321,31,3.96647563784657,1,5.82855,245,0,0,20,"both",0.309988758818787,0.569594468699321
"3077","session2",-2.07881378949938,8.82759329722445,1.66411908394689,0.00106058901550329,1.1329983790772,0.297904130723463,0.493940357686449,11,2,100,0.309988758818787,0.569594468699321,31,3.71390211312629,0,-13.7354,245,0,0,20,"both",0.309988758818787,0.569594468699321
"3078","session2",-2.07881378949938,8.82759329722445,1.66411908394689,0.00106058901550329,1.1329983790772,0.297904130723463,0.493940357686449,11,2,100,0.309988758818787,0.569594468699321,31,4.43403543351928,0,-16.42329,245,0,0,20,"both",0.309988758818787,0.569594468699321
"3079","session2",-2.07881378949938,8.82759329722445,1.66411908394689,0.00106058901550329,1.1329983790772,0.297904130723463,0.493940357686449,11,2,100,0.309988758818787,0.569594468699321,31,5.89199335668006,1,-6.40333,245,0,0,20,"both",0.309988758818787,0.569594468699321
"3080","session2",-2.07881378949938,8.82759329722445,1.66411908394689,0.00106058901550329,1.1329983790772,0.297904130723463,0.493940357686449,11,2,100,0.309988758818787,0.569594468699321,31,5.57026556330422,1,-6.82691,245,0,0,20,"both",0.309988758818787,0.569594468699321
"3081","session2",-2.07881378949938,8.82759329722445,1.66411908394689,0.00106058901550329,1.1329983790772,0.297904130723463,0.493940357686449,11,2,100,0.309988758818787,0.569594468699321,31,4.29898671200703,1,5.60964,245,0,0,20,"both",0.309988758818787,0.569594468699321
"3082","session2",-2.07881378949938,8.82759329722445,1.66411908394689,0.00106058901550329,1.1329983790772,0.297904130723463,0.493940357686449,11,2,100,0.309988758818787,0.569594468699321,31,4.50042414520772,0,-8.317533,245,0,0,20,"both",0.309988758818787,0.569594468699321
"3083","session2",-2.07881378949938,8.82759329722445,1.66411908394689,0.00106058901550329,1.1329983790772,0.297904130723463,0.493940357686449,11,2,100,0.309988758818787,0.569594468699321,31,3.88373237558363,1,10.79256,245,0,0,20,"both",0.309988758818787,0.569594468699321
"3084","session2",-2.07881378949938,8.82759329722445,1.66411908394689,0.00106058901550329,1.1329983790772,0.297904130723463,0.493940357686449,11,2,100,0.309988758818787,0.569594468699321,31,4.44195330976402,1,3.94269,245,0,0,20,"both",0.309988758818787,0.569594468699321
"3085","session2",-2.07881378949938,8.82759329722445,1.66411908394689,0.00106058901550329,1.1329983790772,0.297904130723463,0.493940357686449,11,2,100,0.309988758818787,0.569594468699321,31,3.83995917943231,1,-9.61927,245,0,0,20,"both",0.309988758818787,0.569594468699321
"3086","session2",-2.07881378949938,8.82759329722445,1.66411908394689,0.00106058901550329,1.1329983790772,0.297904130723463,0.493940357686449,11,2,100,0.309988758818787,0.569594468699321,31,4.73204546507826,0,-16.20858,245,0,0,20,"both",0.309988758818787,0.569594468699321
"3087","session2",-2.07881378949938,8.82759329722445,1.66411908394689,0.00106058901550329,1.1329983790772,0.297904130723463,0.493940357686449,11,2,100,0.309988758818787,0.569594468699321,31,3.70588441367837,0,-9.71933,245,0,0,20,"both",0.309988758818787,0.569594468699321
"3088","session2",-2.07881378949938,8.82759329722445,1.66411908394689,0.00106058901550329,1.1329983790772,0.297904130723463,0.493940357686449,11,2,100,0.309988758818787,0.569594468699321,31,3.8988541106319,0,-10.25169,245,0,0,20,"both",0.309988758818787,0.569594468699321
"3089","session2",-2.07881378949938,8.82759329722445,1.66411908394689,0.00106058901550329,1.1329983790772,0.297904130723463,0.493940357686449,11,2,100,0.309988758818787,0.569594468699321,31,4.42273786201765,0,0.96382,245,0,0,20,"both",0.309988758818787,0.569594468699321
"3090","session2",-2.07881378949938,8.82759329722445,1.66411908394689,0.00106058901550329,1.1329983790772,0.297904130723463,0.493940357686449,11,2,100,0.309988758818787,0.569594468699321,31,4.33846203108138,0,0.0865900000000002,245,0,0,20,"both",0.309988758818787,0.569594468699321
"3091","session2",-2.07881378949938,8.82759329722445,1.66411908394689,0.00106058901550329,1.1329983790772,0.297904130723463,0.493940357686449,11,2,100,0.309988758818787,0.569594468699321,31,5.39402889503824,1,2.09627,245,0,0,20,"both",0.309988758818787,0.569594468699321
"3092","session2",-2.07881378949938,8.82759329722445,1.66411908394689,0.00106058901550329,1.1329983790772,0.297904130723463,0.493940357686449,11,2,100,0.309988758818787,0.569594468699321,31,4.23896307272172,0,-0.55823,245,0,0,20,"both",0.309988758818787,0.569594468699321
"3093","session2",-2.07881378949938,8.82759329722445,1.66411908394689,0.00106058901550329,1.1329983790772,0.297904130723463,0.493940357686449,11,2,100,0.309988758818787,0.569594468699321,31,3.59583297011422,1,7.33111,245,0,0,20,"both",0.309988758818787,0.569594468699321
"3094","session2",-2.07881378949938,8.82759329722445,1.66411908394689,0.00106058901550329,1.1329983790772,0.297904130723463,0.493940357686449,11,2,100,0.309988758818787,0.569594468699321,31,2.89488455267171,1,-9.09014,245,0,0,20,"both",0.309988758818787,0.569594468699321
"3095","session2",-2.07881378949938,8.82759329722445,1.66411908394689,0.00106058901550329,1.1329983790772,0.297904130723463,0.493940357686449,11,2,100,0.309988758818787,0.569594468699321,31,3.82154349597893,0,-14.50163,245,0,0,20,"both",0.309988758818787,0.569594468699321
"3096","session2",-2.07881378949938,8.82759329722445,1.66411908394689,0.00106058901550329,1.1329983790772,0.297904130723463,0.493940357686449,11,2,100,0.309988758818787,0.569594468699321,31,4.56277282646904,1,2.97605,245,0,0,20,"both",0.309988758818787,0.569594468699321
"3097","session2",-2.07881378949938,8.82759329722445,1.66411908394689,0.00106058901550329,1.1329983790772,0.297904130723463,0.493940357686449,11,2,100,0.309988758818787,0.569594468699321,31,4.77616253971962,0,-14.28876,245,0,0,20,"both",0.309988758818787,0.569594468699321
"3098","session2",-2.07881378949938,8.82759329722445,1.66411908394689,0.00106058901550329,1.1329983790772,0.297904130723463,0.493940357686449,11,2,100,0.309988758818787,0.569594468699321,31,4.5888468199093,1,6.763971,245,0,0,20,"both",0.309988758818787,0.569594468699321
"3099","session2",-2.07881378949938,8.82759329722445,1.66411908394689,0.00106058901550329,1.1329983790772,0.297904130723463,0.493940357686449,11,2,100,0.309988758818787,0.569594468699321,31,3.84316930005102,0,-11.45976,245,0,0,20,"both",0.309988758818787,0.569594468699321
"3100","session2",-2.07881378949938,8.82759329722445,1.66411908394689,0.00106058901550329,1.1329983790772,0.297904130723463,0.493940357686449,11,2,100,0.309988758818787,0.569594468699321,31,4.36117622329785,1,-12.28961,245,0,0,20,"both",0.309988758818787,0.569594468699321
"3101","session2",-6.33703532101133,15.2483234703565,2.98206538083937,0.000561672085584924,0.174360626746607,0.43642027192707,0.326370639718626,12,2,100,0.309988758818787,0.569594468699321,32,2.75869110654383,0,-8.5733190956,245,0,0,20,"both",0.309988758818787,0.569594468699321
"3102","session2",-6.33703532101133,15.2483234703565,2.98206538083937,0.000561672085584924,0.174360626746607,0.43642027192707,0.326370639718626,12,2,100,0.309988758818787,0.569594468699321,32,2.5136697097734,1,6.465649548,245,0,0,20,"both",0.309988758818787,0.569594468699321
"3103","session2",-6.33703532101133,15.2483234703565,2.98206538083937,0.000561672085584924,0.174360626746607,0.43642027192707,0.326370639718626,12,2,100,0.309988758818787,0.569594468699321,32,2.19794134842655,0,-0.505294317597,245,0,0,20,"both",0.309988758818787,0.569594468699321
"3104","session2",-6.33703532101133,15.2483234703565,2.98206538083937,0.000561672085584924,0.174360626746607,0.43642027192707,0.326370639718626,12,2,100,0.309988758818787,0.569594468699321,32,2.21486591667192,0,1.85155158408,245,0,0,20,"both",0.309988758818787,0.569594468699321
"3105","session2",-6.33703532101133,15.2483234703565,2.98206538083937,0.000561672085584924,0.174360626746607,0.43642027192707,0.326370639718626,12,2,100,0.309988758818787,0.569594468699321,32,3.67336117933205,1,6.51249,245,0,0,20,"both",0.309988758818787,0.569594468699321
"3106","session2",-6.33703532101133,15.2483234703565,2.98206538083937,0.000561672085584924,0.174360626746607,0.43642027192707,0.326370639718626,12,2,100,0.309988758818787,0.569594468699321,32,1.08147470217811,1,11.53151,245,0,0,20,"both",0.309988758818787,0.569594468699321
"3107","session2",-6.33703532101133,15.2483234703565,2.98206538083937,0.000561672085584924,0.174360626746607,0.43642027192707,0.326370639718626,12,2,100,0.309988758818787,0.569594468699321,32,3.14639495305685,1,-13.1828,245,0,0,20,"both",0.309988758818787,0.569594468699321
"3108","session2",-6.33703532101133,15.2483234703565,2.98206538083937,0.000561672085584924,0.174360626746607,0.43642027192707,0.326370639718626,12,2,100,0.309988758818787,0.569594468699321,32,2.0437276137251,1,44.88252,245,0,0,20,"both",0.309988758818787,0.569594468699321
"3109","session2",-6.33703532101133,15.2483234703565,2.98206538083937,0.000561672085584924,0.174360626746607,0.43642027192707,0.326370639718626,12,2,100,0.309988758818787,0.569594468699321,32,2.2905583435321,1,5.85433,245,0,0,20,"both",0.309988758818787,0.569594468699321
"3110","session2",-6.33703532101133,15.2483234703565,2.98206538083937,0.000561672085584924,0.174360626746607,0.43642027192707,0.326370639718626,12,2,100,0.309988758818787,0.569594468699321,32,1.38077512948345,1,33.65762,245,0,0,20,"both",0.309988758818787,0.569594468699321
"3111","session2",-6.33703532101133,15.2483234703565,2.98206538083937,0.000561672085584924,0.174360626746607,0.43642027192707,0.326370639718626,12,2,100,0.309988758818787,0.569594468699321,32,0.99802466511895,0,-28.86059,245,0,0,20,"both",0.309988758818787,0.569594468699321
"3112","session2",-6.33703532101133,15.2483234703565,2.98206538083937,0.000561672085584924,0.174360626746607,0.43642027192707,0.326370639718626,12,2,100,0.309988758818787,0.569594468699321,32,1.78343987710731,1,-2.476784,245,0,0,20,"both",0.309988758818787,0.569594468699321
"3113","session2",-6.33703532101133,15.2483234703565,2.98206538083937,0.000561672085584924,0.174360626746607,0.43642027192707,0.326370639718626,12,2,100,0.309988758818787,0.569594468699321,32,1.31474577388334,0,-38.99706,245,0,0,20,"both",0.309988758818787,0.569594468699321
"3114","session2",-6.33703532101133,15.2483234703565,2.98206538083937,0.000561672085584924,0.174360626746607,0.43642027192707,0.326370639718626,12,2,100,0.309988758818787,0.569594468699321,32,2.16389162116328,1,4.96228,245,0,0,20,"both",0.309988758818787,0.569594468699321
"3115","session2",-6.33703532101133,15.2483234703565,2.98206538083937,0.000561672085584924,0.174360626746607,0.43642027192707,0.326370639718626,12,2,100,0.309988758818787,0.569594468699321,32,1.48217641099812,0,14.3557,245,0,0,20,"both",0.309988758818787,0.569594468699321
"3116","session2",-6.33703532101133,15.2483234703565,2.98206538083937,0.000561672085584924,0.174360626746607,0.43642027192707,0.326370639718626,12,2,100,0.309988758818787,0.569594468699321,32,1.48752746484218,1,12.41206,245,0,0,20,"both",0.309988758818787,0.569594468699321
"3117","session2",-6.33703532101133,15.2483234703565,2.98206538083937,0.000561672085584924,0.174360626746607,0.43642027192707,0.326370639718626,12,2,100,0.309988758818787,0.569594468699321,32,3.90056397108196,1,12.71365,245,0,0,20,"both",0.309988758818787,0.569594468699321
"3118","session2",-6.33703532101133,15.2483234703565,2.98206538083937,0.000561672085584924,0.174360626746607,0.43642027192707,0.326370639718626,12,2,100,0.309988758818787,0.569594468699321,32,2.84783704196997,1,2.69787,245,0,0,20,"both",0.309988758818787,0.569594468699321
"3119","session2",-6.33703532101133,15.2483234703565,2.98206538083937,0.000561672085584924,0.174360626746607,0.43642027192707,0.326370639718626,12,2,100,0.309988758818787,0.569594468699321,32,1.40779076119854,0,-25.61542,245,0,0,20,"both",0.309988758818787,0.569594468699321
"3120","session2",-6.33703532101133,15.2483234703565,2.98206538083937,0.000561672085584924,0.174360626746607,0.43642027192707,0.326370639718626,12,2,100,0.309988758818787,0.569594468699321,32,1.44435019464469,1,-2.40627,245,0,0,20,"both",0.309988758818787,0.569594468699321
"3121","session2",-6.33703532101133,15.2483234703565,2.98206538083937,0.000561672085584924,0.174360626746607,0.43642027192707,0.326370639718626,12,2,100,0.309988758818787,0.569594468699321,32,1.111663087352,1,5.84274,245,0,0,20,"both",0.309988758818787,0.569594468699321
"3122","session2",-6.33703532101133,15.2483234703565,2.98206538083937,0.000561672085584924,0.174360626746607,0.43642027192707,0.326370639718626,12,2,100,0.309988758818787,0.569594468699321,32,3.73426519790075,1,9.40936,245,0,0,20,"both",0.309988758818787,0.569594468699321
"3123","session2",-6.33703532101133,15.2483234703565,2.98206538083937,0.000561672085584924,0.174360626746607,0.43642027192707,0.326370639718626,12,2,100,0.309988758818787,0.569594468699321,32,1.45365212477406,0,-30.9811,245,0,0,20,"both",0.309988758818787,0.569594468699321
"3124","session2",-6.33703532101133,15.2483234703565,2.98206538083937,0.000561672085584924,0.174360626746607,0.43642027192707,0.326370639718626,12,2,100,0.309988758818787,0.569594468699321,32,1.60702228158201,0,-15.50087,245,0,0,20,"both",0.309988758818787,0.569594468699321
"3125","session2",-6.33703532101133,15.2483234703565,2.98206538083937,0.000561672085584924,0.174360626746607,0.43642027192707,0.326370639718626,12,2,100,0.309988758818787,0.569594468699321,32,2.32988204059288,1,11.74018,245,0,0,20,"both",0.309988758818787,0.569594468699321
"3126","session2",-6.33703532101133,15.2483234703565,2.98206538083937,0.000561672085584924,0.174360626746607,0.43642027192707,0.326370639718626,12,2,100,0.309988758818787,0.569594468699321,32,1.85978166603015,0,-28.2682,245,0,0,20,"both",0.309988758818787,0.569594468699321
"3127","session2",-6.33703532101133,15.2483234703565,2.98206538083937,0.000561672085584924,0.174360626746607,0.43642027192707,0.326370639718626,12,2,100,0.309988758818787,0.569594468699321,32,1.95117157626478,1,23.05736,245,0,0,20,"both",0.309988758818787,0.569594468699321
"3128","session2",-6.33703532101133,15.2483234703565,2.98206538083937,0.000561672085584924,0.174360626746607,0.43642027192707,0.326370639718626,12,2,100,0.309988758818787,0.569594468699321,32,1.55331720928469,1,-23.54518,245,0,0,20,"both",0.309988758818787,0.569594468699321
"3129","session2",-6.33703532101133,15.2483234703565,2.98206538083937,0.000561672085584924,0.174360626746607,0.43642027192707,0.326370639718626,12,2,100,0.309988758818787,0.569594468699321,32,1.34425915925027,0,-35.3794,245,0,0,20,"both",0.309988758818787,0.569594468699321
"3130","session2",-6.33703532101133,15.2483234703565,2.98206538083937,0.000561672085584924,0.174360626746607,0.43642027192707,0.326370639718626,12,2,100,0.309988758818787,0.569594468699321,32,1.40577165879213,1,13.56549,245,0,0,20,"both",0.309988758818787,0.569594468699321
"3131","session2",-6.33703532101133,15.2483234703565,2.98206538083937,0.000561672085584924,0.174360626746607,0.43642027192707,0.326370639718626,12,2,100,0.309988758818787,0.569594468699321,32,1.3007468112079,0,-26.91615,245,0,0,20,"both",0.309988758818787,0.569594468699321
"3132","session2",-6.33703532101133,15.2483234703565,2.98206538083937,0.000561672085584924,0.174360626746607,0.43642027192707,0.326370639718626,12,2,100,0.309988758818787,0.569594468699321,32,3.34904235248135,0,-7.828964,245,0,0,20,"both",0.309988758818787,0.569594468699321
"3133","session2",-6.33703532101133,15.2483234703565,2.98206538083937,0.000561672085584924,0.174360626746607,0.43642027192707,0.326370639718626,12,2,100,0.309988758818787,0.569594468699321,32,2.22328260394349,0,-6.333309,245,0,0,20,"both",0.309988758818787,0.569594468699321
"3134","session2",-6.33703532101133,15.2483234703565,2.98206538083937,0.000561672085584924,0.174360626746607,0.43642027192707,0.326370639718626,12,2,100,0.309988758818787,0.569594468699321,32,1.51514816641174,0,-20.25367,245,0,0,20,"both",0.309988758818787,0.569594468699321
"3135","session2",-6.33703532101133,15.2483234703565,2.98206538083937,0.000561672085584924,0.174360626746607,0.43642027192707,0.326370639718626,12,2,100,0.309988758818787,0.569594468699321,32,1.93941135629653,0,-11.07888,245,0,0,20,"both",0.309988758818787,0.569594468699321
"3136","session2",-6.33703532101133,15.2483234703565,2.98206538083937,0.000561672085584924,0.174360626746607,0.43642027192707,0.326370639718626,12,2,100,0.309988758818787,0.569594468699321,32,1.92510218081019,0,-5.79757,245,0,0,20,"both",0.309988758818787,0.569594468699321
"3137","session2",-6.33703532101133,15.2483234703565,2.98206538083937,0.000561672085584924,0.174360626746607,0.43642027192707,0.326370639718626,12,2,100,0.309988758818787,0.569594468699321,32,1.39689195939001,1,6.71232,245,0,0,20,"both",0.309988758818787,0.569594468699321
"3138","session2",-6.33703532101133,15.2483234703565,2.98206538083937,0.000561672085584924,0.174360626746607,0.43642027192707,0.326370639718626,12,2,100,0.309988758818787,0.569594468699321,32,2.96602066350674,1,-8.07972,245,0,0,20,"both",0.309988758818787,0.569594468699321
"3139","session2",-6.33703532101133,15.2483234703565,2.98206538083937,0.000561672085584924,0.174360626746607,0.43642027192707,0.326370639718626,12,2,100,0.309988758818787,0.569594468699321,32,2.81822910920428,1,-8.05675,245,0,0,20,"both",0.309988758818787,0.569594468699321
"3140","session2",-6.33703532101133,15.2483234703565,2.98206538083937,0.000561672085584924,0.174360626746607,0.43642027192707,0.326370639718626,12,2,100,0.309988758818787,0.569594468699321,32,2.57363975065148,1,-12.20244,245,0,0,20,"both",0.309988758818787,0.569594468699321
"3141","session2",-6.33703532101133,15.2483234703565,2.98206538083937,0.000561672085584924,0.174360626746607,0.43642027192707,0.326370639718626,12,2,100,0.309988758818787,0.569594468699321,32,1.52151322041116,1,19.26859,245,0,0,20,"both",0.309988758818787,0.569594468699321
"3142","session2",-6.33703532101133,15.2483234703565,2.98206538083937,0.000561672085584924,0.174360626746607,0.43642027192707,0.326370639718626,12,2,100,0.309988758818787,0.569594468699321,32,1.85118022039708,1,9.2909,245,0,0,20,"both",0.309988758818787,0.569594468699321
"3143","session2",-6.33703532101133,15.2483234703565,2.98206538083937,0.000561672085584924,0.174360626746607,0.43642027192707,0.326370639718626,12,2,100,0.309988758818787,0.569594468699321,32,1.51126889477829,1,19.6597,245,0,0,20,"both",0.309988758818787,0.569594468699321
"3144","session2",-6.33703532101133,15.2483234703565,2.98206538083937,0.000561672085584924,0.174360626746607,0.43642027192707,0.326370639718626,12,2,100,0.309988758818787,0.569594468699321,32,2.01476583887935,0,-22.4339,245,0,0,20,"both",0.309988758818787,0.569594468699321
"3145","session2",-6.33703532101133,15.2483234703565,2.98206538083937,0.000561672085584924,0.174360626746607,0.43642027192707,0.326370639718626,12,2,100,0.309988758818787,0.569594468699321,32,2.09411328956369,1,-6.17164,245,0,0,20,"both",0.309988758818787,0.569594468699321
"3146","session2",-6.33703532101133,15.2483234703565,2.98206538083937,0.000561672085584924,0.174360626746607,0.43642027192707,0.326370639718626,12,2,100,0.309988758818787,0.569594468699321,32,3.89755626881006,1,-13.47435,245,0,0,20,"both",0.309988758818787,0.569594468699321
"3147","session2",-6.33703532101133,15.2483234703565,2.98206538083937,0.000561672085584924,0.174360626746607,0.43642027192707,0.326370639718626,12,2,100,0.309988758818787,0.569594468699321,32,1.91866567089303,1,7.134,245,0,0,20,"both",0.309988758818787,0.569594468699321
"3148","session2",-6.33703532101133,15.2483234703565,2.98206538083937,0.000561672085584924,0.174360626746607,0.43642027192707,0.326370639718626,12,2,100,0.309988758818787,0.569594468699321,32,1.46668658237051,0,-29.3749,245,0,0,20,"both",0.309988758818787,0.569594468699321
"3149","session2",-6.33703532101133,15.2483234703565,2.98206538083937,0.000561672085584924,0.174360626746607,0.43642027192707,0.326370639718626,12,2,100,0.309988758818787,0.569594468699321,32,1.85710869350027,1,-2.71993,245,0,0,20,"both",0.309988758818787,0.569594468699321
"3150","session2",-6.33703532101133,15.2483234703565,2.98206538083937,0.000561672085584924,0.174360626746607,0.43642027192707,0.326370639718626,12,2,100,0.309988758818787,0.569594468699321,32,1.71214469190479,0,-28.0368,245,0,0,20,"both",0.309988758818787,0.569594468699321
"3151","session2",-6.33703532101133,15.2483234703565,2.98206538083937,0.000561672085584924,0.174360626746607,0.43642027192707,0.326370639718626,12,2,100,0.309988758818787,0.569594468699321,32,2.92071985859868,1,22.09928,245,0,0,20,"both",0.309988758818787,0.569594468699321
"3152","session2",-6.33703532101133,15.2483234703565,2.98206538083937,0.000561672085584924,0.174360626746607,0.43642027192707,0.326370639718626,12,2,100,0.309988758818787,0.569594468699321,32,1.70591217115502,1,-23.58578,245,0,0,20,"both",0.309988758818787,0.569594468699321
"3153","session2",-6.33703532101133,15.2483234703565,2.98206538083937,0.000561672085584924,0.174360626746607,0.43642027192707,0.326370639718626,12,2,100,0.309988758818787,0.569594468699321,32,1.34190197617442,0,-31.6575,245,0,0,20,"both",0.309988758818787,0.569594468699321
"3154","session2",-6.33703532101133,15.2483234703565,2.98206538083937,0.000561672085584924,0.174360626746607,0.43642027192707,0.326370639718626,12,2,100,0.309988758818787,0.569594468699321,32,1.42162242386097,1,7.35108,245,0,0,20,"both",0.309988758818787,0.569594468699321
"3155","session2",-6.33703532101133,15.2483234703565,2.98206538083937,0.000561672085584924,0.174360626746607,0.43642027192707,0.326370639718626,12,2,100,0.309988758818787,0.569594468699321,32,1.61092256531009,1,-0.767199999999999,245,0,0,20,"both",0.309988758818787,0.569594468699321
"3156","session2",-6.33703532101133,15.2483234703565,2.98206538083937,0.000561672085584924,0.174360626746607,0.43642027192707,0.326370639718626,12,2,100,0.309988758818787,0.569594468699321,32,1.6508000659448,0,-25.9007,245,0,0,20,"both",0.309988758818787,0.569594468699321
"3157","session2",-6.33703532101133,15.2483234703565,2.98206538083937,0.000561672085584924,0.174360626746607,0.43642027192707,0.326370639718626,12,2,100,0.309988758818787,0.569594468699321,32,2.02203860538402,1,3.1545,245,0,0,20,"both",0.309988758818787,0.569594468699321
"3158","session2",-6.33703532101133,15.2483234703565,2.98206538083937,0.000561672085584924,0.174360626746607,0.43642027192707,0.326370639718626,12,2,100,0.309988758818787,0.569594468699321,32,3.48584353062277,1,3.1652,245,0,0,20,"both",0.309988758818787,0.569594468699321
"3159","session2",-6.33703532101133,15.2483234703565,2.98206538083937,0.000561672085584924,0.174360626746607,0.43642027192707,0.326370639718626,12,2,100,0.309988758818787,0.569594468699321,32,5.03119574975167,1,-17.82902,245,0,0,20,"both",0.309988758818787,0.569594468699321
"3160","session2",-6.33703532101133,15.2483234703565,2.98206538083937,0.000561672085584924,0.174360626746607,0.43642027192707,0.326370639718626,12,2,100,0.309988758818787,0.569594468699321,32,3.92085753316949,1,-4.09539,245,0,0,20,"both",0.309988758818787,0.569594468699321
"3161","session2",-6.33703532101133,15.2483234703565,2.98206538083937,0.000561672085584924,0.174360626746607,0.43642027192707,0.326370639718626,12,2,100,0.309988758818787,0.569594468699321,32,2.43512730451971,1,-2.6202,245,0,0,20,"both",0.309988758818787,0.569594468699321
"3162","session2",-6.33703532101133,15.2483234703565,2.98206538083937,0.000561672085584924,0.174360626746607,0.43642027192707,0.326370639718626,12,2,100,0.309988758818787,0.569594468699321,32,2.68219960786348,1,-21.79502,245,0,0,20,"both",0.309988758818787,0.569594468699321
"3163","session2",-6.33703532101133,15.2483234703565,2.98206538083937,0.000561672085584924,0.174360626746607,0.43642027192707,0.326370639718626,12,2,100,0.309988758818787,0.569594468699321,32,1.51743204329109,0,-28.9402,245,0,0,20,"both",0.309988758818787,0.569594468699321
"3164","session2",-6.33703532101133,15.2483234703565,2.98206538083937,0.000561672085584924,0.174360626746607,0.43642027192707,0.326370639718626,12,2,100,0.309988758818787,0.569594468699321,32,1.74010918672124,0,-36.4,245,0,0,20,"both",0.309988758818787,0.569594468699321
"3165","session2",-6.33703532101133,15.2483234703565,2.98206538083937,0.000561672085584924,0.174360626746607,0.43642027192707,0.326370639718626,12,2,100,0.309988758818787,0.569594468699321,32,5.98174853751151,0,-8.23232,245,0,0,20,"both",0.309988758818787,0.569594468699321
"3166","session2",-6.33703532101133,15.2483234703565,2.98206538083937,0.000561672085584924,0.174360626746607,0.43642027192707,0.326370639718626,12,2,100,0.309988758818787,0.569594468699321,32,1.1857868701607,0,-24.8621,245,0,0,20,"both",0.309988758818787,0.569594468699321
"3167","session2",-6.33703532101133,15.2483234703565,2.98206538083937,0.000561672085584924,0.174360626746607,0.43642027192707,0.326370639718626,12,2,100,0.309988758818787,0.569594468699321,32,1.14644932054652,0,-28.1024,245,0,0,20,"both",0.309988758818787,0.569594468699321
"3168","session2",-6.33703532101133,15.2483234703565,2.98206538083937,0.000561672085584924,0.174360626746607,0.43642027192707,0.326370639718626,12,2,100,0.309988758818787,0.569594468699321,32,4.26122210168621,1,-2.1709,245,0,0,20,"both",0.309988758818787,0.569594468699321
"3169","session2",-6.33703532101133,15.2483234703565,2.98206538083937,0.000561672085584924,0.174360626746607,0.43642027192707,0.326370639718626,12,2,100,0.309988758818787,0.569594468699321,32,4.66295383450715,0,-11.78818,245,0,0,20,"both",0.309988758818787,0.569594468699321
"3170","session2",-6.33703532101133,15.2483234703565,2.98206538083937,0.000561672085584924,0.174360626746607,0.43642027192707,0.326370639718626,12,2,100,0.309988758818787,0.569594468699321,32,2.16376260550324,0,-34.5091,245,0,0,20,"both",0.309988758818787,0.569594468699321
"3171","session2",-6.33703532101133,15.2483234703565,2.98206538083937,0.000561672085584924,0.174360626746607,0.43642027192707,0.326370639718626,12,2,100,0.309988758818787,0.569594468699321,32,4.95783990661277,0,0.815200000000001,245,0,0,20,"both",0.309988758818787,0.569594468699321
"3172","session2",-6.33703532101133,15.2483234703565,2.98206538083937,0.000561672085584924,0.174360626746607,0.43642027192707,0.326370639718626,12,2,100,0.309988758818787,0.569594468699321,32,2.89049048250467,0,-6.0897,245,0,0,20,"both",0.309988758818787,0.569594468699321
"3173","session2",-6.33703532101133,15.2483234703565,2.98206538083937,0.000561672085584924,0.174360626746607,0.43642027192707,0.326370639718626,12,2,100,0.309988758818787,0.569594468699321,32,1.43645956091866,1,7.1031,245,0,0,20,"both",0.309988758818787,0.569594468699321
"3174","session2",-6.33703532101133,15.2483234703565,2.98206538083937,0.000561672085584924,0.174360626746607,0.43642027192707,0.326370639718626,12,2,100,0.309988758818787,0.569594468699321,32,1.94369163498442,0,-2.769,245,0,0,20,"both",0.309988758818787,0.569594468699321
"3175","session2",-6.33703532101133,15.2483234703565,2.98206538083937,0.000561672085584924,0.174360626746607,0.43642027192707,0.326370639718626,12,2,100,0.309988758818787,0.569594468699321,32,4.29670355201409,1,6.94938,245,0,0,20,"both",0.309988758818787,0.569594468699321
"3176","session2",-6.33703532101133,15.2483234703565,2.98206538083937,0.000561672085584924,0.174360626746607,0.43642027192707,0.326370639718626,12,2,100,0.309988758818787,0.569594468699321,32,2.49227911401618,1,11.59875,245,0,0,20,"both",0.309988758818787,0.569594468699321
"3177","session2",-6.33703532101133,15.2483234703565,2.98206538083937,0.000561672085584924,0.174360626746607,0.43642027192707,0.326370639718626,12,2,100,0.309988758818787,0.569594468699321,32,4.73301543939606,1,7.0484,245,0,0,20,"both",0.309988758818787,0.569594468699321
"3178","session2",-6.33703532101133,15.2483234703565,2.98206538083937,0.000561672085584924,0.174360626746607,0.43642027192707,0.326370639718626,12,2,100,0.309988758818787,0.569594468699321,32,2.58059551439239,1,3.2751,245,0,0,20,"both",0.309988758818787,0.569594468699321
"3179","session2",-6.33703532101133,15.2483234703565,2.98206538083937,0.000561672085584924,0.174360626746607,0.43642027192707,0.326370639718626,12,2,100,0.309988758818787,0.569594468699321,32,2.07444862720807,0,-24.63656,245,0,0,20,"both",0.309988758818787,0.569594468699321
"3180","session2",-6.33703532101133,15.2483234703565,2.98206538083937,0.000561672085584924,0.174360626746607,0.43642027192707,0.326370639718626,12,2,100,0.309988758818787,0.569594468699321,32,1.54387435901428,0,-29.88,245,0,0,20,"both",0.309988758818787,0.569594468699321
"3181","session2",-6.33703532101133,15.2483234703565,2.98206538083937,0.000561672085584924,0.174360626746607,0.43642027192707,0.326370639718626,12,2,100,0.309988758818787,0.569594468699321,32,2.28812105411016,0,-1.41803,245,0,0,20,"both",0.309988758818787,0.569594468699321
"3182","session2",-6.33703532101133,15.2483234703565,2.98206538083937,0.000561672085584924,0.174360626746607,0.43642027192707,0.326370639718626,12,2,100,0.309988758818787,0.569594468699321,32,1.6291823612021,0,-37.7093,245,0,0,20,"both",0.309988758818787,0.569594468699321
"3183","session2",-6.33703532101133,15.2483234703565,2.98206538083937,0.000561672085584924,0.174360626746607,0.43642027192707,0.326370639718626,12,2,100,0.309988758818787,0.569594468699321,32,1.61964411335213,0,-26.92826,245,0,0,20,"both",0.309988758818787,0.569594468699321
"3184","session2",-6.33703532101133,15.2483234703565,2.98206538083937,0.000561672085584924,0.174360626746607,0.43642027192707,0.326370639718626,12,2,100,0.309988758818787,0.569594468699321,32,2.62956068252448,0,2.26645,245,0,0,20,"both",0.309988758818787,0.569594468699321
"3185","session2",-6.33703532101133,15.2483234703565,2.98206538083937,0.000561672085584924,0.174360626746607,0.43642027192707,0.326370639718626,12,2,100,0.309988758818787,0.569594468699321,32,1.29886418210394,1,5.62319,245,0,0,20,"both",0.309988758818787,0.569594468699321
"3186","session2",-6.33703532101133,15.2483234703565,2.98206538083937,0.000561672085584924,0.174360626746607,0.43642027192707,0.326370639718626,12,2,100,0.309988758818787,0.569594468699321,32,1.62659208001036,1,12.15348,245,0,0,20,"both",0.309988758818787,0.569594468699321
"3187","session2",-6.33703532101133,15.2483234703565,2.98206538083937,0.000561672085584924,0.174360626746607,0.43642027192707,0.326370639718626,12,2,100,0.309988758818787,0.569594468699321,32,1.58566564294767,0,12.52197,245,0,0,20,"both",0.309988758818787,0.569594468699321
"3188","session2",-6.33703532101133,15.2483234703565,2.98206538083937,0.000561672085584924,0.174360626746607,0.43642027192707,0.326370639718626,12,2,100,0.309988758818787,0.569594468699321,32,4.94748050709942,1,1.827,245,0,0,20,"both",0.309988758818787,0.569594468699321
"3189","session2",-6.33703532101133,15.2483234703565,2.98206538083937,0.000561672085584924,0.174360626746607,0.43642027192707,0.326370639718626,12,2,100,0.309988758818787,0.569594468699321,32,1.24467250033986,1,9.17224,245,0,0,20,"both",0.309988758818787,0.569594468699321
"3190","session2",-6.33703532101133,15.2483234703565,2.98206538083937,0.000561672085584924,0.174360626746607,0.43642027192707,0.326370639718626,12,2,100,0.309988758818787,0.569594468699321,32,1.36635918178349,0,-21.92081,245,0,0,20,"both",0.309988758818787,0.569594468699321
"3191","session2",-6.33703532101133,15.2483234703565,2.98206538083937,0.000561672085584924,0.174360626746607,0.43642027192707,0.326370639718626,12,2,100,0.309988758818787,0.569594468699321,32,1.27272933471835,0,-29.9082,245,0,0,20,"both",0.309988758818787,0.569594468699321
"3192","session2",-6.33703532101133,15.2483234703565,2.98206538083937,0.000561672085584924,0.174360626746607,0.43642027192707,0.326370639718626,12,2,100,0.309988758818787,0.569594468699321,32,1.29145212751989,0,-20.80497,245,0,0,20,"both",0.309988758818787,0.569594468699321
"3193","session2",-6.33703532101133,15.2483234703565,2.98206538083937,0.000561672085584924,0.174360626746607,0.43642027192707,0.326370639718626,12,2,100,0.309988758818787,0.569594468699321,32,1.8874020330133,1,3.80986,245,0,0,20,"both",0.309988758818787,0.569594468699321
"3194","session2",-6.33703532101133,15.2483234703565,2.98206538083937,0.000561672085584924,0.174360626746607,0.43642027192707,0.326370639718626,12,2,100,0.309988758818787,0.569594468699321,32,4.1501328384009,1,9.45747,245,0,0,20,"both",0.309988758818787,0.569594468699321
"3195","session2",-6.33703532101133,15.2483234703565,2.98206538083937,0.000561672085584924,0.174360626746607,0.43642027192707,0.326370639718626,12,2,100,0.309988758818787,0.569594468699321,32,3.15432276955385,1,8.6012,245,0,0,20,"both",0.309988758818787,0.569594468699321
"3196","session2",-6.33703532101133,15.2483234703565,2.98206538083937,0.000561672085584924,0.174360626746607,0.43642027192707,0.326370639718626,12,2,100,0.309988758818787,0.569594468699321,32,3.26498267866732,1,-20.54903,245,0,0,20,"both",0.309988758818787,0.569594468699321
"3197","session2",-6.33703532101133,15.2483234703565,2.98206538083937,0.000561672085584924,0.174360626746607,0.43642027192707,0.326370639718626,12,2,100,0.309988758818787,0.569594468699321,32,1.69240487224859,0,-15.76656,245,0,0,20,"both",0.309988758818787,0.569594468699321
"3198","session2",-6.33703532101133,15.2483234703565,2.98206538083937,0.000561672085584924,0.174360626746607,0.43642027192707,0.326370639718626,12,2,100,0.309988758818787,0.569594468699321,32,1.7575030185586,1,6.72692,245,0,0,20,"both",0.309988758818787,0.569594468699321
"3199","session2",-6.33703532101133,15.2483234703565,2.98206538083937,0.000561672085584924,0.174360626746607,0.43642027192707,0.326370639718626,12,2,100,0.309988758818787,0.569594468699321,32,1.93806254415551,0,-22.42033,245,0,0,20,"both",0.309988758818787,0.569594468699321
"3200","session2",-6.33703532101133,15.2483234703565,2.98206538083937,0.000561672085584924,0.174360626746607,0.43642027192707,0.326370639718626,12,2,100,0.309988758818787,0.569594468699321,32,1.42011325908123,0,-21.9244,245,0,0,20,"both",0.309988758818787,0.569594468699321
"3201","session2",-11.9910012386973,9.27929371052665,3.97530045289819,4.83120857937009e-05,0.12148280354516,0.459868225336414,0.548234093314927,13,2,100,0.309988758818787,0.569594468699321,33,7.70853168136259,1,-10.45868140394,245,0,0,20,"both",0.309988758818787,0.569594468699321
"3202","session2",-11.9910012386973,9.27929371052665,3.97530045289819,4.83120857937009e-05,0.12148280354516,0.459868225336414,0.548234093314927,13,2,100,0.309988758818787,0.569594468699321,33,4.59527767756305,1,-12.695192656,245,0,0,20,"both",0.309988758818787,0.569594468699321
"3203","session2",-11.9910012386973,9.27929371052665,3.97530045289819,4.83120857937009e-05,0.12148280354516,0.459868225336414,0.548234093314927,13,2,100,0.309988758818787,0.569594468699321,33,5.54179285013238,0,-18.899879154,245,0,0,20,"both",0.309988758818787,0.569594468699321
"3204","session2",-11.9910012386973,9.27929371052665,3.97530045289819,4.83120857937009e-05,0.12148280354516,0.459868225336414,0.548234093314927,13,2,100,0.309988758818787,0.569594468699321,33,2.8947886096105,1,-11.37009461587,245,0,0,20,"both",0.309988758818787,0.569594468699321
"3205","session2",-11.9910012386973,9.27929371052665,3.97530045289819,4.83120857937009e-05,0.12148280354516,0.459868225336414,0.548234093314927,13,2,100,0.309988758818787,0.569594468699321,33,2.64543924920522,0,-28.6221,245,0,0,20,"both",0.309988758818787,0.569594468699321
"3206","session2",-11.9910012386973,9.27929371052665,3.97530045289819,4.83120857937009e-05,0.12148280354516,0.459868225336414,0.548234093314927,13,2,100,0.309988758818787,0.569594468699321,33,1.68813256516513,1,41.5152,245,0,0,20,"both",0.309988758818787,0.569594468699321
"3207","session2",-11.9910012386973,9.27929371052665,3.97530045289819,4.83120857937009e-05,0.12148280354516,0.459868225336414,0.548234093314927,13,2,100,0.309988758818787,0.569594468699321,33,1.32176063220557,1,-4.23731,245,0,0,20,"both",0.309988758818787,0.569594468699321
"3208","session2",-11.9910012386973,9.27929371052665,3.97530045289819,4.83120857937009e-05,0.12148280354516,0.459868225336414,0.548234093314927,13,2,100,0.309988758818787,0.569594468699321,33,4.94098790351247,1,-9.92189,245,0,0,20,"both",0.309988758818787,0.569594468699321
"3209","session2",-11.9910012386973,9.27929371052665,3.97530045289819,4.83120857937009e-05,0.12148280354516,0.459868225336414,0.548234093314927,13,2,100,0.309988758818787,0.569594468699321,33,4.12048061293316,1,-10.04682,245,0,0,20,"both",0.309988758818787,0.569594468699321
"3210","session2",-11.9910012386973,9.27929371052665,3.97530045289819,4.83120857937009e-05,0.12148280354516,0.459868225336414,0.548234093314927,13,2,100,0.309988758818787,0.569594468699321,33,3.9232948329806,0,-14.00735,245,0,0,20,"both",0.309988758818787,0.569594468699321
"3211","session2",-11.9910012386973,9.27929371052665,3.97530045289819,4.83120857937009e-05,0.12148280354516,0.459868225336414,0.548234093314927,13,2,100,0.309988758818787,0.569594468699321,33,3.0272825885853,0,-8.94707,245,0,0,20,"both",0.309988758818787,0.569594468699321
"3212","session2",-11.9910012386973,9.27929371052665,3.97530045289819,4.83120857937009e-05,0.12148280354516,0.459868225336414,0.548234093314927,13,2,100,0.309988758818787,0.569594468699321,33,2.78170000790489,0,-7.94368,245,0,0,20,"both",0.309988758818787,0.569594468699321
"3213","session2",-11.9910012386973,9.27929371052665,3.97530045289819,4.83120857937009e-05,0.12148280354516,0.459868225336414,0.548234093314927,13,2,100,0.309988758818787,0.569594468699321,33,1.27003250601378,0,-39.0476,245,0,0,20,"both",0.309988758818787,0.569594468699321
"3214","session2",-11.9910012386973,9.27929371052665,3.97530045289819,4.83120857937009e-05,0.12148280354516,0.459868225336414,0.548234093314927,13,2,100,0.309988758818787,0.569594468699321,33,1.48824831406472,0,-27.02243,245,0,0,20,"both",0.309988758818787,0.569594468699321
"3215","session2",-11.9910012386973,9.27929371052665,3.97530045289819,4.83120857937009e-05,0.12148280354516,0.459868225336414,0.548234093314927,13,2,100,0.309988758818787,0.569594468699321,33,4.71933030512073,0,-15.70245,245,0,0,20,"both",0.309988758818787,0.569594468699321
"3216","session2",-11.9910012386973,9.27929371052665,3.97530045289819,4.83120857937009e-05,0.12148280354516,0.459868225336414,0.548234093314927,13,2,100,0.309988758818787,0.569594468699321,33,1.84638343651086,0,-17.32684,245,0,0,20,"both",0.309988758818787,0.569594468699321
"3217","session2",-11.9910012386973,9.27929371052665,3.97530045289819,4.83120857937009e-05,0.12148280354516,0.459868225336414,0.548234093314927,13,2,100,0.309988758818787,0.569594468699321,33,2.1256898488354,1,-6.16736,245,0,0,20,"both",0.309988758818787,0.569594468699321
"3218","session2",-11.9910012386973,9.27929371052665,3.97530045289819,4.83120857937009e-05,0.12148280354516,0.459868225336414,0.548234093314927,13,2,100,0.309988758818787,0.569594468699321,33,1.27043910582202,0,-38.7129,245,0,0,20,"both",0.309988758818787,0.569594468699321
"3219","session2",-11.9910012386973,9.27929371052665,3.97530045289819,4.83120857937009e-05,0.12148280354516,0.459868225336414,0.548234093314927,13,2,100,0.309988758818787,0.569594468699321,33,2.96779640907386,1,-8.87904,245,0,0,20,"both",0.309988758818787,0.569594468699321
"3220","session2",-11.9910012386973,9.27929371052665,3.97530045289819,4.83120857937009e-05,0.12148280354516,0.459868225336414,0.548234093314927,13,2,100,0.309988758818787,0.569594468699321,33,2.52680416314623,1,-19.88243,245,0,0,20,"both",0.309988758818787,0.569594468699321
"3221","session2",-11.9910012386973,9.27929371052665,3.97530045289819,4.83120857937009e-05,0.12148280354516,0.459868225336414,0.548234093314927,13,2,100,0.309988758818787,0.569594468699321,33,1.35882808530634,1,-24.3754,245,0,0,20,"both",0.309988758818787,0.569594468699321
"3222","session2",-11.9910012386973,9.27929371052665,3.97530045289819,4.83120857937009e-05,0.12148280354516,0.459868225336414,0.548234093314927,13,2,100,0.309988758818787,0.569594468699321,33,3.59088808264023,1,-4.5466,245,0,0,20,"both",0.309988758818787,0.569594468699321
"3223","session2",-11.9910012386973,9.27929371052665,3.97530045289819,4.83120857937009e-05,0.12148280354516,0.459868225336414,0.548234093314927,13,2,100,0.309988758818787,0.569594468699321,33,1.02794862808409,0,-25.98957,245,0,0,20,"both",0.309988758818787,0.569594468699321
"3224","session2",-11.9910012386973,9.27929371052665,3.97530045289819,4.83120857937009e-05,0.12148280354516,0.459868225336414,0.548234093314927,13,2,100,0.309988758818787,0.569594468699321,33,1.37645865027082,0,-32.65413,245,0,0,20,"both",0.309988758818787,0.569594468699321
"3225","session2",-11.9910012386973,9.27929371052665,3.97530045289819,4.83120857937009e-05,0.12148280354516,0.459868225336414,0.548234093314927,13,2,100,0.309988758818787,0.569594468699321,33,3.95545565314604,1,-9.37963,245,0,0,20,"both",0.309988758818787,0.569594468699321
"3226","session2",-11.9910012386973,9.27929371052665,3.97530045289819,4.83120857937009e-05,0.12148280354516,0.459868225336414,0.548234093314927,13,2,100,0.309988758818787,0.569594468699321,33,1.36165924259725,1,-29.603,245,0,0,20,"both",0.309988758818787,0.569594468699321
"3227","session2",-11.9910012386973,9.27929371052665,3.97530045289819,4.83120857937009e-05,0.12148280354516,0.459868225336414,0.548234093314927,13,2,100,0.309988758818787,0.569594468699321,33,2.6711727383452,0,-23.91769,245,0,0,20,"both",0.309988758818787,0.569594468699321
"3228","session2",-11.9910012386973,9.27929371052665,3.97530045289819,4.83120857937009e-05,0.12148280354516,0.459868225336414,0.548234093314927,13,2,100,0.309988758818787,0.569594468699321,33,2.71929324235835,0,-23.70163,245,0,0,20,"both",0.309988758818787,0.569594468699321
"3229","session2",-11.9910012386973,9.27929371052665,3.97530045289819,4.83120857937009e-05,0.12148280354516,0.459868225336414,0.548234093314927,13,2,100,0.309988758818787,0.569594468699321,33,2.77936893400719,0,-27.66319,245,0,0,20,"both",0.309988758818787,0.569594468699321
"3230","session2",-11.9910012386973,9.27929371052665,3.97530045289819,4.83120857937009e-05,0.12148280354516,0.459868225336414,0.548234093314927,13,2,100,0.309988758818787,0.569594468699321,33,2.86356088163568,1,-9.35996,245,0,0,20,"both",0.309988758818787,0.569594468699321
"3231","session2",-11.9910012386973,9.27929371052665,3.97530045289819,4.83120857937009e-05,0.12148280354516,0.459868225336414,0.548234093314927,13,2,100,0.309988758818787,0.569594468699321,33,2.82778497873492,0,-14.74265,245,0,0,20,"both",0.309988758818787,0.569594468699321
"3232","session2",-11.9910012386973,9.27929371052665,3.97530045289819,4.83120857937009e-05,0.12148280354516,0.459868225336414,0.548234093314927,13,2,100,0.309988758818787,0.569594468699321,33,2.58039040090616,0,-19.55352,245,0,0,20,"both",0.309988758818787,0.569594468699321
"3233","session2",-11.9910012386973,9.27929371052665,3.97530045289819,4.83120857937009e-05,0.12148280354516,0.459868225336414,0.548234093314927,13,2,100,0.309988758818787,0.569594468699321,33,3.32518957471421,0,-21.21439,245,0,0,20,"both",0.309988758818787,0.569594468699321
"3234","session2",-11.9910012386973,9.27929371052665,3.97530045289819,4.83120857937009e-05,0.12148280354516,0.459868225336414,0.548234093314927,13,2,100,0.309988758818787,0.569594468699321,33,3.16415337145202,0,-9.50106,245,0,0,20,"both",0.309988758818787,0.569594468699321
"3235","session2",-11.9910012386973,9.27929371052665,3.97530045289819,4.83120857937009e-05,0.12148280354516,0.459868225336414,0.548234093314927,13,2,100,0.309988758818787,0.569594468699321,33,2.13290552167387,0,-23.77872,245,0,0,20,"both",0.309988758818787,0.569594468699321
"3236","session2",-11.9910012386973,9.27929371052665,3.97530045289819,4.83120857937009e-05,0.12148280354516,0.459868225336414,0.548234093314927,13,2,100,0.309988758818787,0.569594468699321,33,2.97786442599801,0,-29.18857,245,0,0,20,"both",0.309988758818787,0.569594468699321
"3237","session2",-11.9910012386973,9.27929371052665,3.97530045289819,4.83120857937009e-05,0.12148280354516,0.459868225336414,0.548234093314927,13,2,100,0.309988758818787,0.569594468699321,33,2.46559342898078,0,-21.31786,245,0,0,20,"both",0.309988758818787,0.569594468699321
"3238","session2",-11.9910012386973,9.27929371052665,3.97530045289819,4.83120857937009e-05,0.12148280354516,0.459868225336414,0.548234093314927,13,2,100,0.309988758818787,0.569594468699321,33,2.65343244161909,1,-16.90809,245,0,0,20,"both",0.309988758818787,0.569594468699321
"3239","session2",-11.9910012386973,9.27929371052665,3.97530045289819,4.83120857937009e-05,0.12148280354516,0.459868225336414,0.548234093314927,13,2,100,0.309988758818787,0.569594468699321,33,3.29753632444276,1,-8.57811,245,0,0,20,"both",0.309988758818787,0.569594468699321
"3240","session2",-11.9910012386973,9.27929371052665,3.97530045289819,4.83120857937009e-05,0.12148280354516,0.459868225336414,0.548234093314927,13,2,100,0.309988758818787,0.569594468699321,33,4.07658120344645,1,-9.90755,245,0,0,20,"both",0.309988758818787,0.569594468699321
"3241","session2",-11.9910012386973,9.27929371052665,3.97530045289819,4.83120857937009e-05,0.12148280354516,0.459868225336414,0.548234093314927,13,2,100,0.309988758818787,0.569594468699321,33,4.91354819589428,0,-19.28892,245,0,0,20,"both",0.309988758818787,0.569594468699321
"3242","session2",-11.9910012386973,9.27929371052665,3.97530045289819,4.83120857937009e-05,0.12148280354516,0.459868225336414,0.548234093314927,13,2,100,0.309988758818787,0.569594468699321,33,1.75926683806069,0,-18.62011,245,0,0,20,"both",0.309988758818787,0.569594468699321
"3243","session2",-11.9910012386973,9.27929371052665,3.97530045289819,4.83120857937009e-05,0.12148280354516,0.459868225336414,0.548234093314927,13,2,100,0.309988758818787,0.569594468699321,33,2.08286458700888,1,-1.9644,245,0,0,20,"both",0.309988758818787,0.569594468699321
"3244","session2",-11.9910012386973,9.27929371052665,3.97530045289819,4.83120857937009e-05,0.12148280354516,0.459868225336414,0.548234093314927,13,2,100,0.309988758818787,0.569594468699321,33,3.85327894025825,1,-3.7912,245,0,0,20,"both",0.309988758818787,0.569594468699321
"3245","session2",-11.9910012386973,9.27929371052665,3.97530045289819,4.83120857937009e-05,0.12148280354516,0.459868225336414,0.548234093314927,13,2,100,0.309988758818787,0.569594468699321,33,3.18117829558669,1,-13.74562,245,0,0,20,"both",0.309988758818787,0.569594468699321
"3246","session2",-11.9910012386973,9.27929371052665,3.97530045289819,4.83120857937009e-05,0.12148280354516,0.459868225336414,0.548234093314927,13,2,100,0.309988758818787,0.569594468699321,33,4.66706105142766,1,-9.94329,245,0,0,20,"both",0.309988758818787,0.569594468699321
"3247","session2",-11.9910012386973,9.27929371052665,3.97530045289819,4.83120857937009e-05,0.12148280354516,0.459868225336414,0.548234093314927,13,2,100,0.309988758818787,0.569594468699321,33,3.5691013709062,0,-8.91789,245,0,0,20,"both",0.309988758818787,0.569594468699321
"3248","session2",-11.9910012386973,9.27929371052665,3.97530045289819,4.83120857937009e-05,0.12148280354516,0.459868225336414,0.548234093314927,13,2,100,0.309988758818787,0.569594468699321,33,1.80257611325833,0,-19.64797,245,0,0,20,"both",0.309988758818787,0.569594468699321
"3249","session2",-11.9910012386973,9.27929371052665,3.97530045289819,4.83120857937009e-05,0.12148280354516,0.459868225336414,0.548234093314927,13,2,100,0.309988758818787,0.569594468699321,33,6.78566650601323,1,-9.91073,245,0,0,20,"both",0.309988758818787,0.569594468699321
"3250","session2",-11.9910012386973,9.27929371052665,3.97530045289819,4.83120857937009e-05,0.12148280354516,0.459868225336414,0.548234093314927,13,2,100,0.309988758818787,0.569594468699321,33,3.70397722710634,0,-5.88231,245,0,0,20,"both",0.309988758818787,0.569594468699321
"3251","session2",-11.9910012386973,9.27929371052665,3.97530045289819,4.83120857937009e-05,0.12148280354516,0.459868225336414,0.548234093314927,13,2,100,0.309988758818787,0.569594468699321,33,2.24892543711492,1,-6.00332,245,0,0,20,"both",0.309988758818787,0.569594468699321
"3252","session2",-11.9910012386973,9.27929371052665,3.97530045289819,4.83120857937009e-05,0.12148280354516,0.459868225336414,0.548234093314927,13,2,100,0.309988758818787,0.569594468699321,33,2.42824401016923,1,-7.73397,245,0,0,20,"both",0.309988758818787,0.569594468699321
"3253","session2",-11.9910012386973,9.27929371052665,3.97530045289819,4.83120857937009e-05,0.12148280354516,0.459868225336414,0.548234093314927,13,2,100,0.309988758818787,0.569594468699321,33,4.54008687744353,0,-22.40065,245,0,0,20,"both",0.309988758818787,0.569594468699321
"3254","session2",-11.9910012386973,9.27929371052665,3.97530045289819,4.83120857937009e-05,0.12148280354516,0.459868225336414,0.548234093314927,13,2,100,0.309988758818787,0.569594468699321,33,5.59050637069782,0,-23.63594,245,0,0,20,"both",0.309988758818787,0.569594468699321
"3255","session2",-11.9910012386973,9.27929371052665,3.97530045289819,4.83120857937009e-05,0.12148280354516,0.459868225336414,0.548234093314927,13,2,100,0.309988758818787,0.569594468699321,33,2.73980526840794,1,-7.37384,245,0,0,20,"both",0.309988758818787,0.569594468699321
"3256","session2",-11.9910012386973,9.27929371052665,3.97530045289819,4.83120857937009e-05,0.12148280354516,0.459868225336414,0.548234093314927,13,2,100,0.309988758818787,0.569594468699321,33,4.5287434994136,1,-14.70731,245,0,0,20,"both",0.309988758818787,0.569594468699321
"3257","session2",-11.9910012386973,9.27929371052665,3.97530045289819,4.83120857937009e-05,0.12148280354516,0.459868225336414,0.548234093314927,13,2,100,0.309988758818787,0.569594468699321,33,2.26911362033587,0,-21.25137,245,0,0,20,"both",0.309988758818787,0.569594468699321
"3258","session2",-11.9910012386973,9.27929371052665,3.97530045289819,4.83120857937009e-05,0.12148280354516,0.459868225336414,0.548234093314927,13,2,100,0.309988758818787,0.569594468699321,33,2.06358140604107,1,-0.138,245,0,0,20,"both",0.309988758818787,0.569594468699321
"3259","session2",-11.9910012386973,9.27929371052665,3.97530045289819,4.83120857937009e-05,0.12148280354516,0.459868225336414,0.548234093314927,13,2,100,0.309988758818787,0.569594468699321,33,2.4776443409094,1,-8.8477,245,0,0,20,"both",0.309988758818787,0.569594468699321
"3260","session2",-11.9910012386973,9.27929371052665,3.97530045289819,4.83120857937009e-05,0.12148280354516,0.459868225336414,0.548234093314927,13,2,100,0.309988758818787,0.569594468699321,33,2.91470226800558,1,-10.85086,245,0,0,20,"both",0.309988758818787,0.569594468699321
"3261","session2",-11.9910012386973,9.27929371052665,3.97530045289819,4.83120857937009e-05,0.12148280354516,0.459868225336414,0.548234093314927,13,2,100,0.309988758818787,0.569594468699321,33,2.13064522104034,0,-18.57892,245,0,0,20,"both",0.309988758818787,0.569594468699321
"3262","session2",-11.9910012386973,9.27929371052665,3.97530045289819,4.83120857937009e-05,0.12148280354516,0.459868225336414,0.548234093314927,13,2,100,0.309988758818787,0.569594468699321,33,2.75638022908973,1,-7.7654,245,0,0,20,"both",0.309988758818787,0.569594468699321
"3263","session2",-11.9910012386973,9.27929371052665,3.97530045289819,4.83120857937009e-05,0.12148280354516,0.459868225336414,0.548234093314927,13,2,100,0.309988758818787,0.569594468699321,33,1.78307251553217,1,-20.51777,245,0,0,20,"both",0.309988758818787,0.569594468699321
"3264","session2",-11.9910012386973,9.27929371052665,3.97530045289819,4.83120857937009e-05,0.12148280354516,0.459868225336414,0.548234093314927,13,2,100,0.309988758818787,0.569594468699321,33,1.99090105440931,0,-15.13663,245,0,0,20,"both",0.309988758818787,0.569594468699321
"3265","session2",-11.9910012386973,9.27929371052665,3.97530045289819,4.83120857937009e-05,0.12148280354516,0.459868225336414,0.548234093314927,13,2,100,0.309988758818787,0.569594468699321,33,2.18974377300098,0,-26.6309,245,0,0,20,"both",0.309988758818787,0.569594468699321
"3266","session2",-11.9910012386973,9.27929371052665,3.97530045289819,4.83120857937009e-05,0.12148280354516,0.459868225336414,0.548234093314927,13,2,100,0.309988758818787,0.569594468699321,33,4.28747605297631,1,-9.0273,245,0,0,20,"both",0.309988758818787,0.569594468699321
"3267","session2",-11.9910012386973,9.27929371052665,3.97530045289819,4.83120857937009e-05,0.12148280354516,0.459868225336414,0.548234093314927,13,2,100,0.309988758818787,0.569594468699321,33,2.36637045622288,0,-6.49579,245,0,0,20,"both",0.309988758818787,0.569594468699321
"3268","session2",-11.9910012386973,9.27929371052665,3.97530045289819,4.83120857937009e-05,0.12148280354516,0.459868225336414,0.548234093314927,13,2,100,0.309988758818787,0.569594468699321,33,4.52282897546691,0,-14.00762,245,0,0,20,"both",0.309988758818787,0.569594468699321
"3269","session2",-11.9910012386973,9.27929371052665,3.97530045289819,4.83120857937009e-05,0.12148280354516,0.459868225336414,0.548234093314927,13,2,100,0.309988758818787,0.569594468699321,33,1.86480052561575,1,-3.0124,245,0,0,20,"both",0.309988758818787,0.569594468699321
"3270","session2",-11.9910012386973,9.27929371052665,3.97530045289819,4.83120857937009e-05,0.12148280354516,0.459868225336414,0.548234093314927,13,2,100,0.309988758818787,0.569594468699321,33,2.65755736979212,1,-22.75642,245,0,0,20,"both",0.309988758818787,0.569594468699321
"3271","session2",-11.9910012386973,9.27929371052665,3.97530045289819,4.83120857937009e-05,0.12148280354516,0.459868225336414,0.548234093314927,13,2,100,0.309988758818787,0.569594468699321,33,5.3396309844134,0,-19.53587,245,0,0,20,"both",0.309988758818787,0.569594468699321
"3272","session2",-11.9910012386973,9.27929371052665,3.97530045289819,4.83120857937009e-05,0.12148280354516,0.459868225336414,0.548234093314927,13,2,100,0.309988758818787,0.569594468699321,33,2.38363365881627,0,-26.2866,245,0,0,20,"both",0.309988758818787,0.569594468699321
"3273","session2",-11.9910012386973,9.27929371052665,3.97530045289819,4.83120857937009e-05,0.12148280354516,0.459868225336414,0.548234093314927,13,2,100,0.309988758818787,0.569594468699321,33,1.36147609899298,1,-22.8648,245,0,0,20,"both",0.309988758818787,0.569594468699321
"3274","session2",-11.9910012386973,9.27929371052665,3.97530045289819,4.83120857937009e-05,0.12148280354516,0.459868225336414,0.548234093314927,13,2,100,0.309988758818787,0.569594468699321,33,1.73840023448387,1,-3.23881,245,0,0,20,"both",0.309988758818787,0.569594468699321
"3275","session2",-11.9910012386973,9.27929371052665,3.97530045289819,4.83120857937009e-05,0.12148280354516,0.459868225336414,0.548234093314927,13,2,100,0.309988758818787,0.569594468699321,33,4.07086109732306,0,-14.67652,245,0,0,20,"both",0.309988758818787,0.569594468699321
"3276","session2",-11.9910012386973,9.27929371052665,3.97530045289819,4.83120857937009e-05,0.12148280354516,0.459868225336414,0.548234093314927,13,2,100,0.309988758818787,0.569594468699321,33,2.89824649985033,1,-1.8274,245,0,0,20,"both",0.309988758818787,0.569594468699321
"3277","session2",-11.9910012386973,9.27929371052665,3.97530045289819,4.83120857937009e-05,0.12148280354516,0.459868225336414,0.548234093314927,13,2,100,0.309988758818787,0.569594468699321,33,2.65992006883798,0,-4.125,245,0,0,20,"both",0.309988758818787,0.569594468699321
"3278","session2",-11.9910012386973,9.27929371052665,3.97530045289819,4.83120857937009e-05,0.12148280354516,0.459868225336414,0.548234093314927,13,2,100,0.309988758818787,0.569594468699321,33,4.30871204685898,1,-7.72938,245,0,0,20,"both",0.309988758818787,0.569594468699321
"3279","session2",-11.9910012386973,9.27929371052665,3.97530045289819,4.83120857937009e-05,0.12148280354516,0.459868225336414,0.548234093314927,13,2,100,0.309988758818787,0.569594468699321,33,2.53366400678117,0,-8.3625,245,0,0,20,"both",0.309988758818787,0.569594468699321
"3280","session2",-11.9910012386973,9.27929371052665,3.97530045289819,4.83120857937009e-05,0.12148280354516,0.459868225336414,0.548234093314927,13,2,100,0.309988758818787,0.569594468699321,33,1.91500187656035,0,-23.92521,245,0,0,20,"both",0.309988758818787,0.569594468699321
"3281","session2",-11.9910012386973,9.27929371052665,3.97530045289819,4.83120857937009e-05,0.12148280354516,0.459868225336414,0.548234093314927,13,2,100,0.309988758818787,0.569594468699321,33,2.63008032715385,0,-21.3277,245,0,0,20,"both",0.309988758818787,0.569594468699321
"3282","session2",-11.9910012386973,9.27929371052665,3.97530045289819,4.83120857937009e-05,0.12148280354516,0.459868225336414,0.548234093314927,13,2,100,0.309988758818787,0.569594468699321,33,4.20149945511225,0,-4.8187,245,0,0,20,"both",0.309988758818787,0.569594468699321
"3283","session2",-11.9910012386973,9.27929371052665,3.97530045289819,4.83120857937009e-05,0.12148280354516,0.459868225336414,0.548234093314927,13,2,100,0.309988758818787,0.569594468699321,33,1.909912213245,1,-23.97419,245,0,0,20,"both",0.309988758818787,0.569594468699321
"3284","session2",-11.9910012386973,9.27929371052665,3.97530045289819,4.83120857937009e-05,0.12148280354516,0.459868225336414,0.548234093314927,13,2,100,0.309988758818787,0.569594468699321,33,2.01839758527921,1,10.0061,245,0,0,20,"both",0.309988758818787,0.569594468699321
"3285","session2",-11.9910012386973,9.27929371052665,3.97530045289819,4.83120857937009e-05,0.12148280354516,0.459868225336414,0.548234093314927,13,2,100,0.309988758818787,0.569594468699321,33,5.33472040152916,0,-21.93639,245,0,0,20,"both",0.309988758818787,0.569594468699321
"3286","session2",-11.9910012386973,9.27929371052665,3.97530045289819,4.83120857937009e-05,0.12148280354516,0.459868225336414,0.548234093314927,13,2,100,0.309988758818787,0.569594468699321,33,2.69273833932449,0,-26.0283,245,0,0,20,"both",0.309988758818787,0.569594468699321
"3287","session2",-11.9910012386973,9.27929371052665,3.97530045289819,4.83120857937009e-05,0.12148280354516,0.459868225336414,0.548234093314927,13,2,100,0.309988758818787,0.569594468699321,33,3.72955133541869,0,-18.12365,245,0,0,20,"both",0.309988758818787,0.569594468699321
"3288","session2",-11.9910012386973,9.27929371052665,3.97530045289819,4.83120857937009e-05,0.12148280354516,0.459868225336414,0.548234093314927,13,2,100,0.309988758818787,0.569594468699321,33,2.69925442337668,0,-24.0075,245,0,0,20,"both",0.309988758818787,0.569594468699321
"3289","session2",-11.9910012386973,9.27929371052665,3.97530045289819,4.83120857937009e-05,0.12148280354516,0.459868225336414,0.548234093314927,13,2,100,0.309988758818787,0.569594468699321,33,2.13099853542431,0,-25.11316,245,0,0,20,"both",0.309988758818787,0.569594468699321
"3290","session2",-11.9910012386973,9.27929371052665,3.97530045289819,4.83120857937009e-05,0.12148280354516,0.459868225336414,0.548234093314927,13,2,100,0.309988758818787,0.569594468699321,33,2.68209507491867,0,-12.20695,245,0,0,20,"both",0.309988758818787,0.569594468699321
"3291","session2",-11.9910012386973,9.27929371052665,3.97530045289819,4.83120857937009e-05,0.12148280354516,0.459868225336414,0.548234093314927,13,2,100,0.309988758818787,0.569594468699321,33,2.39600955744477,1,-21.34196,245,0,0,20,"both",0.309988758818787,0.569594468699321
"3292","session2",-11.9910012386973,9.27929371052665,3.97530045289819,4.83120857937009e-05,0.12148280354516,0.459868225336414,0.548234093314927,13,2,100,0.309988758818787,0.569594468699321,33,2.20867866554689,1,14.0536,245,0,0,20,"both",0.309988758818787,0.569594468699321
"3293","session2",-11.9910012386973,9.27929371052665,3.97530045289819,4.83120857937009e-05,0.12148280354516,0.459868225336414,0.548234093314927,13,2,100,0.309988758818787,0.569594468699321,33,4.74036691877215,1,-2.875,245,0,0,20,"both",0.309988758818787,0.569594468699321
"3294","session2",-11.9910012386973,9.27929371052665,3.97530045289819,4.83120857937009e-05,0.12148280354516,0.459868225336414,0.548234093314927,13,2,100,0.309988758818787,0.569594468699321,33,2.23875633564521,1,-8.9275,245,0,0,20,"both",0.309988758818787,0.569594468699321
"3295","session2",-11.9910012386973,9.27929371052665,3.97530045289819,4.83120857937009e-05,0.12148280354516,0.459868225336414,0.548234093314927,13,2,100,0.309988758818787,0.569594468699321,33,1.95170537483617,1,-23.7458,245,0,0,20,"both",0.309988758818787,0.569594468699321
"3296","session2",-11.9910012386973,9.27929371052665,3.97530045289819,4.83120857937009e-05,0.12148280354516,0.459868225336414,0.548234093314927,13,2,100,0.309988758818787,0.569594468699321,33,3.24751722522652,0,-22.87397,245,0,0,20,"both",0.309988758818787,0.569594468699321
"3297","session2",-11.9910012386973,9.27929371052665,3.97530045289819,4.83120857937009e-05,0.12148280354516,0.459868225336414,0.548234093314927,13,2,100,0.309988758818787,0.569594468699321,33,1.55575347386961,1,-5.43764,245,0,0,20,"both",0.309988758818787,0.569594468699321
"3298","session2",-11.9910012386973,9.27929371052665,3.97530045289819,4.83120857937009e-05,0.12148280354516,0.459868225336414,0.548234093314927,13,2,100,0.309988758818787,0.569594468699321,33,3.7585956667708,1,2.4744,245,0,0,20,"both",0.309988758818787,0.569594468699321
"3299","session2",-11.9910012386973,9.27929371052665,3.97530045289819,4.83120857937009e-05,0.12148280354516,0.459868225336414,0.548234093314927,13,2,100,0.309988758818787,0.569594468699321,33,2.75442333194504,0,-9.55551,245,0,0,20,"both",0.309988758818787,0.569594468699321
"3300","session2",-11.9910012386973,9.27929371052665,3.97530045289819,4.83120857937009e-05,0.12148280354516,0.459868225336414,0.548234093314927,13,2,100,0.309988758818787,0.569594468699321,33,5.66559469825261,0,-21.07821,245,0,0,20,"both",0.309988758818787,0.569594468699321
"3301","session2",11.4932795687351,11.4397565748871,3.02574519481254,0.000919790227350671,-0.101882227042306,0.635101346774548,0.581684893915239,14,2,100,0.309988758818787,0.569594468699321,34,1.31427253679624,1,7.54243481294,245,0,0,20,"both",0.309988758818787,0.569594468699321
"3302","session2",11.4932795687351,11.4397565748871,3.02574519481254,0.000919790227350671,-0.101882227042306,0.635101346774548,0.581684893915239,14,2,100,0.309988758818787,0.569594468699321,34,0.744702669039931,0,-4.9509910555,245,0,0,20,"both",0.309988758818787,0.569594468699321
"3303","session2",11.4932795687351,11.4397565748871,3.02574519481254,0.000919790227350671,-0.101882227042306,0.635101346774548,0.581684893915239,14,2,100,0.309988758818787,0.569594468699321,34,1.67447381633534,0,1.40466583749,245,0,0,20,"both",0.309988758818787,0.569594468699321
"3304","session2",11.4932795687351,11.4397565748871,3.02574519481254,0.000919790227350671,-0.101882227042306,0.635101346774548,0.581684893915239,14,2,100,0.309988758818787,0.569594468699321,34,1.76782759177237,0,7.5229235537,245,0,0,20,"both",0.309988758818787,0.569594468699321
"3305","session2",11.4932795687351,11.4397565748871,3.02574519481254,0.000919790227350671,-0.101882227042306,0.635101346774548,0.581684893915239,14,2,100,0.309988758818787,0.569594468699321,34,1.73692567517207,0,-8.11767,245,0,0,20,"both",0.309988758818787,0.569594468699321
"3306","session2",11.4932795687351,11.4397565748871,3.02574519481254,0.000919790227350671,-0.101882227042306,0.635101346774548,0.581684893915239,14,2,100,0.309988758818787,0.569594468699321,34,1.87186586585663,1,36.982,245,0,0,20,"both",0.309988758818787,0.569594468699321
"3307","session2",11.4932795687351,11.4397565748871,3.02574519481254,0.000919790227350671,-0.101882227042306,0.635101346774548,0.581684893915239,14,2,100,0.309988758818787,0.569594468699321,34,2.1343978845927,0,16.71322,245,0,0,20,"both",0.309988758818787,0.569594468699321
"3308","session2",11.4932795687351,11.4397565748871,3.02574519481254,0.000919790227350671,-0.101882227042306,0.635101346774548,0.581684893915239,14,2,100,0.309988758818787,0.569594468699321,34,1.7423916419475,1,25.3455,245,0,0,20,"both",0.309988758818787,0.569594468699321
"3309","session2",11.4932795687351,11.4397565748871,3.02574519481254,0.000919790227350671,-0.101882227042306,0.635101346774548,0.581684893915239,14,2,100,0.309988758818787,0.569594468699321,34,3.80052543982189,0,12.88041,245,0,0,20,"both",0.309988758818787,0.569594468699321
"3310","session2",11.4932795687351,11.4397565748871,3.02574519481254,0.000919790227350671,-0.101882227042306,0.635101346774548,0.581684893915239,14,2,100,0.309988758818787,0.569594468699321,34,2.20891790346287,1,10.02585,245,0,0,20,"both",0.309988758818787,0.569594468699321
"3311","session2",11.4932795687351,11.4397565748871,3.02574519481254,0.000919790227350671,-0.101882227042306,0.635101346774548,0.581684893915239,14,2,100,0.309988758818787,0.569594468699321,34,1.18892262608068,1,31.7564,245,0,0,20,"both",0.309988758818787,0.569594468699321
"3312","session2",11.4932795687351,11.4397565748871,3.02574519481254,0.000919790227350671,-0.101882227042306,0.635101346774548,0.581684893915239,14,2,100,0.309988758818787,0.569594468699321,34,3.91842475600653,1,12.61983,245,0,0,20,"both",0.309988758818787,0.569594468699321
"3313","session2",11.4932795687351,11.4397565748871,3.02574519481254,0.000919790227350671,-0.101882227042306,0.635101346774548,0.581684893915239,14,2,100,0.309988758818787,0.569594468699321,34,2.05121407356844,0,10.6798171694,245,0,0,20,"both",0.309988758818787,0.569594468699321
"3314","session2",11.4932795687351,11.4397565748871,3.02574519481254,0.000919790227350671,-0.101882227042306,0.635101346774548,0.581684893915239,14,2,100,0.309988758818787,0.569594468699321,34,1.28678843011831,1,23.41277,245,0,0,20,"both",0.309988758818787,0.569594468699321
"3315","session2",11.4932795687351,11.4397565748871,3.02574519481254,0.000919790227350671,-0.101882227042306,0.635101346774548,0.581684893915239,14,2,100,0.309988758818787,0.569594468699321,34,2.84928202244243,0,-9.708056,245,0,0,20,"both",0.309988758818787,0.569594468699321
"3316","session2",11.4932795687351,11.4397565748871,3.02574519481254,0.000919790227350671,-0.101882227042306,0.635101346774548,0.581684893915239,14,2,100,0.309988758818787,0.569594468699321,34,1.57861603686544,1,-3.3238,245,0,0,20,"both",0.309988758818787,0.569594468699321
"3317","session2",11.4932795687351,11.4397565748871,3.02574519481254,0.000919790227350671,-0.101882227042306,0.635101346774548,0.581684893915239,14,2,100,0.309988758818787,0.569594468699321,34,6.37992930449232,1,11.2934,245,0,0,20,"both",0.309988758818787,0.569594468699321
"3318","session2",11.4932795687351,11.4397565748871,3.02574519481254,0.000919790227350671,-0.101882227042306,0.635101346774548,0.581684893915239,14,2,100,0.309988758818787,0.569594468699321,34,1.35772537772537,1,40.8178,245,0,0,20,"both",0.309988758818787,0.569594468699321
"3319","session2",11.4932795687351,11.4397565748871,3.02574519481254,0.000919790227350671,-0.101882227042306,0.635101346774548,0.581684893915239,14,2,100,0.309988758818787,0.569594468699321,34,2.64936753240005,0,-13.77019,245,0,0,20,"both",0.309988758818787,0.569594468699321
"3320","session2",11.4932795687351,11.4397565748871,3.02574519481254,0.000919790227350671,-0.101882227042306,0.635101346774548,0.581684893915239,14,2,100,0.309988758818787,0.569594468699321,34,2.58575179617376,0,-31.55263,245,0,0,20,"both",0.309988758818787,0.569594468699321
"3321","session2",11.4932795687351,11.4397565748871,3.02574519481254,0.000919790227350671,-0.101882227042306,0.635101346774548,0.581684893915239,14,2,100,0.309988758818787,0.569594468699321,34,1.56050034675146,0,12.77709,245,0,0,20,"both",0.309988758818787,0.569594468699321
"3322","session2",11.4932795687351,11.4397565748871,3.02574519481254,0.000919790227350671,-0.101882227042306,0.635101346774548,0.581684893915239,14,2,100,0.309988758818787,0.569594468699321,34,2.49103528430131,0,-19.1352,245,0,0,20,"both",0.309988758818787,0.569594468699321
"3323","session2",11.4932795687351,11.4397565748871,3.02574519481254,0.000919790227350671,-0.101882227042306,0.635101346774548,0.581684893915239,14,2,100,0.309988758818787,0.569594468699321,34,2.09566462978922,0,-9.03149,245,0,0,20,"both",0.309988758818787,0.569594468699321
"3324","session2",11.4932795687351,11.4397565748871,3.02574519481254,0.000919790227350671,-0.101882227042306,0.635101346774548,0.581684893915239,14,2,100,0.309988758818787,0.569594468699321,34,1.54662131254815,1,20.14144,245,0,0,20,"both",0.309988758818787,0.569594468699321
"3325","session2",11.4932795687351,11.4397565748871,3.02574519481254,0.000919790227350671,-0.101882227042306,0.635101346774548,0.581684893915239,14,2,100,0.309988758818787,0.569594468699321,34,1.78363483190202,1,38.8878,245,0,0,20,"both",0.309988758818787,0.569594468699321
"3326","session2",11.4932795687351,11.4397565748871,3.02574519481254,0.000919790227350671,-0.101882227042306,0.635101346774548,0.581684893915239,14,2,100,0.309988758818787,0.569594468699321,34,4.6838196182629,1,38.8371,245,0,0,20,"both",0.309988758818787,0.569594468699321
"3327","session2",11.4932795687351,11.4397565748871,3.02574519481254,0.000919790227350671,-0.101882227042306,0.635101346774548,0.581684893915239,14,2,100,0.309988758818787,0.569594468699321,34,1.53528073339633,0,21.10764,245,0,0,20,"both",0.309988758818787,0.569594468699321
"3328","session2",11.4932795687351,11.4397565748871,3.02574519481254,0.000919790227350671,-0.101882227042306,0.635101346774548,0.581684893915239,14,2,100,0.309988758818787,0.569594468699321,34,1.44602569812381,0,-7.05412,245,0,0,20,"both",0.309988758818787,0.569594468699321
"3329","session2",11.4932795687351,11.4397565748871,3.02574519481254,0.000919790227350671,-0.101882227042306,0.635101346774548,0.581684893915239,14,2,100,0.309988758818787,0.569594468699321,34,2.87940878553323,1,35.6999,245,0,0,20,"both",0.309988758818787,0.569594468699321
"3330","session2",11.4932795687351,11.4397565748871,3.02574519481254,0.000919790227350671,-0.101882227042306,0.635101346774548,0.581684893915239,14,2,100,0.309988758818787,0.569594468699321,34,2.82121101503378,0,8.00369,245,0,0,20,"both",0.309988758818787,0.569594468699321
"3331","session2",11.4932795687351,11.4397565748871,3.02574519481254,0.000919790227350671,-0.101882227042306,0.635101346774548,0.581684893915239,14,2,100,0.309988758818787,0.569594468699321,34,1.96764382117657,1,26.4333,245,0,0,20,"both",0.309988758818787,0.569594468699321
"3332","session2",11.4932795687351,11.4397565748871,3.02574519481254,0.000919790227350671,-0.101882227042306,0.635101346774548,0.581684893915239,14,2,100,0.309988758818787,0.569594468699321,34,3.00031232741609,0,-4.52115,245,0,0,20,"both",0.309988758818787,0.569594468699321
"3333","session2",11.4932795687351,11.4397565748871,3.02574519481254,0.000919790227350671,-0.101882227042306,0.635101346774548,0.581684893915239,14,2,100,0.309988758818787,0.569594468699321,34,2.08266447308611,1,4.20507,245,0,0,20,"both",0.309988758818787,0.569594468699321
"3334","session2",11.4932795687351,11.4397565748871,3.02574519481254,0.000919790227350671,-0.101882227042306,0.635101346774548,0.581684893915239,14,2,100,0.309988758818787,0.569594468699321,34,1.51284814635279,0,6.7603,245,0,0,20,"both",0.309988758818787,0.569594468699321
"3335","session2",11.4932795687351,11.4397565748871,3.02574519481254,0.000919790227350671,-0.101882227042306,0.635101346774548,0.581684893915239,14,2,100,0.309988758818787,0.569594468699321,34,1.47935014251952,0,-6.62671,245,0,0,20,"both",0.309988758818787,0.569594468699321
"3336","session2",11.4932795687351,11.4397565748871,3.02574519481254,0.000919790227350671,-0.101882227042306,0.635101346774548,0.581684893915239,14,2,100,0.309988758818787,0.569594468699321,34,3.06987768704456,1,22.6894,245,0,0,20,"both",0.309988758818787,0.569594468699321
"3337","session2",11.4932795687351,11.4397565748871,3.02574519481254,0.000919790227350671,-0.101882227042306,0.635101346774548,0.581684893915239,14,2,100,0.309988758818787,0.569594468699321,34,2.0901334246278,1,24.2091,245,0,0,20,"both",0.309988758818787,0.569594468699321
"3338","session2",11.4932795687351,11.4397565748871,3.02574519481254,0.000919790227350671,-0.101882227042306,0.635101346774548,0.581684893915239,14,2,100,0.309988758818787,0.569594468699321,34,2.5370310938521,0,25.6778,245,0,0,20,"both",0.309988758818787,0.569594468699321
"3339","session2",11.4932795687351,11.4397565748871,3.02574519481254,0.000919790227350671,-0.101882227042306,0.635101346774548,0.581684893915239,14,2,100,0.309988758818787,0.569594468699321,34,1.25335744882575,0,0.507400000000001,245,0,0,20,"both",0.309988758818787,0.569594468699321
"3340","session2",11.4932795687351,11.4397565748871,3.02574519481254,0.000919790227350671,-0.101882227042306,0.635101346774548,0.581684893915239,14,2,100,0.309988758818787,0.569594468699321,34,1.30212006538282,1,25.23316,245,0,0,20,"both",0.309988758818787,0.569594468699321
"3341","session2",11.4932795687351,11.4397565748871,3.02574519481254,0.000919790227350671,-0.101882227042306,0.635101346774548,0.581684893915239,14,2,100,0.309988758818787,0.569594468699321,34,3.87076771017505,0,-2.63166,245,0,0,20,"both",0.309988758818787,0.569594468699321
"3342","session2",11.4932795687351,11.4397565748871,3.02574519481254,0.000919790227350671,-0.101882227042306,0.635101346774548,0.581684893915239,14,2,100,0.309988758818787,0.569594468699321,34,4.30079080164227,1,21.1814,245,0,0,20,"both",0.309988758818787,0.569594468699321
"3343","session2",11.4932795687351,11.4397565748871,3.02574519481254,0.000919790227350671,-0.101882227042306,0.635101346774548,0.581684893915239,14,2,100,0.309988758818787,0.569594468699321,34,3.14929774674936,1,8.37694,245,0,0,20,"both",0.309988758818787,0.569594468699321
"3344","session2",11.4932795687351,11.4397565748871,3.02574519481254,0.000919790227350671,-0.101882227042306,0.635101346774548,0.581684893915239,14,2,100,0.309988758818787,0.569594468699321,34,1.98343898565912,1,29.0602,245,0,0,20,"both",0.309988758818787,0.569594468699321
"3345","session2",11.4932795687351,11.4397565748871,3.02574519481254,0.000919790227350671,-0.101882227042306,0.635101346774548,0.581684893915239,14,2,100,0.309988758818787,0.569594468699321,34,5.75727776801332,1,14.74051,245,0,0,20,"both",0.309988758818787,0.569594468699321
"3346","session2",11.4932795687351,11.4397565748871,3.02574519481254,0.000919790227350671,-0.101882227042306,0.635101346774548,0.581684893915239,14,2,100,0.309988758818787,0.569594468699321,34,1.30497271177416,0,4.7044,245,0,0,20,"both",0.309988758818787,0.569594468699321
"3347","session2",11.4932795687351,11.4397565748871,3.02574519481254,0.000919790227350671,-0.101882227042306,0.635101346774548,0.581684893915239,14,2,100,0.309988758818787,0.569594468699321,34,2.10455186023845,1,21.6888,245,0,0,20,"both",0.309988758818787,0.569594468699321
"3348","session2",11.4932795687351,11.4397565748871,3.02574519481254,0.000919790227350671,-0.101882227042306,0.635101346774548,0.581684893915239,14,2,100,0.309988758818787,0.569594468699321,34,2.02894493303332,0,6.16202,245,0,0,20,"both",0.309988758818787,0.569594468699321
"3349","session2",11.4932795687351,11.4397565748871,3.02574519481254,0.000919790227350671,-0.101882227042306,0.635101346774548,0.581684893915239,14,2,100,0.309988758818787,0.569594468699321,34,1.62234002357679,1,20.47088,245,0,0,20,"both",0.309988758818787,0.569594468699321
"3350","session2",11.4932795687351,11.4397565748871,3.02574519481254,0.000919790227350671,-0.101882227042306,0.635101346774548,0.581684893915239,14,2,100,0.309988758818787,0.569594468699321,34,2.39365343273513,0,-0.3957,245,0,0,20,"both",0.309988758818787,0.569594468699321
"3351","session2",11.4932795687351,11.4397565748871,3.02574519481254,0.000919790227350671,-0.101882227042306,0.635101346774548,0.581684893915239,14,2,100,0.309988758818787,0.569594468699321,34,1.07191672592785,0,-7.4943,245,0,0,20,"both",0.309988758818787,0.569594468699321
"3352","session2",11.4932795687351,11.4397565748871,3.02574519481254,0.000919790227350671,-0.101882227042306,0.635101346774548,0.581684893915239,14,2,100,0.309988758818787,0.569594468699321,34,1.22715119625602,1,-2.6017,245,0,0,20,"both",0.309988758818787,0.569594468699321
"3353","session2",11.4932795687351,11.4397565748871,3.02574519481254,0.000919790227350671,-0.101882227042306,0.635101346774548,0.581684893915239,14,2,100,0.309988758818787,0.569594468699321,34,3.74937963064706,1,23.32104,245,0,0,20,"both",0.309988758818787,0.569594468699321
"3354","session2",11.4932795687351,11.4397565748871,3.02574519481254,0.000919790227350671,-0.101882227042306,0.635101346774548,0.581684893915239,14,2,100,0.309988758818787,0.569594468699321,34,1.19562455981342,0,-6.61376,245,0,0,20,"both",0.309988758818787,0.569594468699321
"3355","session2",11.4932795687351,11.4397565748871,3.02574519481254,0.000919790227350671,-0.101882227042306,0.635101346774548,0.581684893915239,14,2,100,0.309988758818787,0.569594468699321,34,1.66911099169939,0,-9.7736,245,0,0,20,"both",0.309988758818787,0.569594468699321
"3356","session2",11.4932795687351,11.4397565748871,3.02574519481254,0.000919790227350671,-0.101882227042306,0.635101346774548,0.581684893915239,14,2,100,0.309988758818787,0.569594468699321,34,2.1652193197076,0,1.83951,245,0,0,20,"both",0.309988758818787,0.569594468699321
"3357","session2",11.4932795687351,11.4397565748871,3.02574519481254,0.000919790227350671,-0.101882227042306,0.635101346774548,0.581684893915239,14,2,100,0.309988758818787,0.569594468699321,34,3.0149692366647,0,15.68079,245,0,0,20,"both",0.309988758818787,0.569594468699321
"3358","session2",11.4932795687351,11.4397565748871,3.02574519481254,0.000919790227350671,-0.101882227042306,0.635101346774548,0.581684893915239,14,2,100,0.309988758818787,0.569594468699321,34,1.46605823712216,1,14.66997,245,0,0,20,"both",0.309988758818787,0.569594468699321
"3359","session2",11.4932795687351,11.4397565748871,3.02574519481254,0.000919790227350671,-0.101882227042306,0.635101346774548,0.581684893915239,14,2,100,0.309988758818787,0.569594468699321,34,2.54784161825643,0,16.89451,245,0,0,20,"both",0.309988758818787,0.569594468699321
"3360","session2",11.4932795687351,11.4397565748871,3.02574519481254,0.000919790227350671,-0.101882227042306,0.635101346774548,0.581684893915239,14,2,100,0.309988758818787,0.569594468699321,34,2.67255052730735,1,24.4455,245,0,0,20,"both",0.309988758818787,0.569594468699321
"3361","session2",11.4932795687351,11.4397565748871,3.02574519481254,0.000919790227350671,-0.101882227042306,0.635101346774548,0.581684893915239,14,2,100,0.309988758818787,0.569594468699321,34,4.08987054876021,1,12.92039,245,0,0,20,"both",0.309988758818787,0.569594468699321
"3362","session2",11.4932795687351,11.4397565748871,3.02574519481254,0.000919790227350671,-0.101882227042306,0.635101346774548,0.581684893915239,14,2,100,0.309988758818787,0.569594468699321,34,1.91052658583248,1,26.4246,245,0,0,20,"both",0.309988758818787,0.569594468699321
"3363","session2",11.4932795687351,11.4397565748871,3.02574519481254,0.000919790227350671,-0.101882227042306,0.635101346774548,0.581684893915239,14,2,100,0.309988758818787,0.569594468699321,34,2.92761744603117,0,26.2058,245,0,0,20,"both",0.309988758818787,0.569594468699321
"3364","session2",11.4932795687351,11.4397565748871,3.02574519481254,0.000919790227350671,-0.101882227042306,0.635101346774548,0.581684893915239,14,2,100,0.309988758818787,0.569594468699321,34,2.30487690088281,0,3.67296,245,0,0,20,"both",0.309988758818787,0.569594468699321
"3365","session2",11.4932795687351,11.4397565748871,3.02574519481254,0.000919790227350671,-0.101882227042306,0.635101346774548,0.581684893915239,14,2,100,0.309988758818787,0.569594468699321,34,1.3783156031727,1,27.1547,245,0,0,20,"both",0.309988758818787,0.569594468699321
"3366","session2",11.4932795687351,11.4397565748871,3.02574519481254,0.000919790227350671,-0.101882227042306,0.635101346774548,0.581684893915239,14,2,100,0.309988758818787,0.569594468699321,34,1.19683609874117,1,29.9233,245,0,0,20,"both",0.309988758818787,0.569594468699321
"3367","session2",11.4932795687351,11.4397565748871,3.02574519481254,0.000919790227350671,-0.101882227042306,0.635101346774548,0.581684893915239,14,2,100,0.309988758818787,0.569594468699321,34,1.80534559212569,1,37.0652,245,0,0,20,"both",0.309988758818787,0.569594468699321
"3368","session2",11.4932795687351,11.4397565748871,3.02574519481254,0.000919790227350671,-0.101882227042306,0.635101346774548,0.581684893915239,14,2,100,0.309988758818787,0.569594468699321,34,5.73831701796486,0,5.14344,245,0,0,20,"both",0.309988758818787,0.569594468699321
"3369","session2",11.4932795687351,11.4397565748871,3.02574519481254,0.000919790227350671,-0.101882227042306,0.635101346774548,0.581684893915239,14,2,100,0.309988758818787,0.569594468699321,34,1.44296201471902,0,3.33232,245,0,0,20,"both",0.309988758818787,0.569594468699321
"3370","session2",11.4932795687351,11.4397565748871,3.02574519481254,0.000919790227350671,-0.101882227042306,0.635101346774548,0.581684893915239,14,2,100,0.309988758818787,0.569594468699321,34,1.84583026239115,1,28.6637,245,0,0,20,"both",0.309988758818787,0.569594468699321
"3371","session2",11.4932795687351,11.4397565748871,3.02574519481254,0.000919790227350671,-0.101882227042306,0.635101346774548,0.581684893915239,14,2,100,0.309988758818787,0.569594468699321,34,5.66305986221877,1,20.77229,245,0,0,20,"both",0.309988758818787,0.569594468699321
"3372","session2",11.4932795687351,11.4397565748871,3.02574519481254,0.000919790227350671,-0.101882227042306,0.635101346774548,0.581684893915239,14,2,100,0.309988758818787,0.569594468699321,34,2.28284259420813,1,19.95191,245,0,0,20,"both",0.309988758818787,0.569594468699321
"3373","session2",11.4932795687351,11.4397565748871,3.02574519481254,0.000919790227350671,-0.101882227042306,0.635101346774548,0.581684893915239,14,2,100,0.309988758818787,0.569594468699321,34,1.4377122262414,0,0.79036,245,0,0,20,"both",0.309988758818787,0.569594468699321
"3374","session2",11.4932795687351,11.4397565748871,3.02574519481254,0.000919790227350671,-0.101882227042306,0.635101346774548,0.581684893915239,14,2,100,0.309988758818787,0.569594468699321,34,2.35600439895952,0,-1.56088,245,0,0,20,"both",0.309988758818787,0.569594468699321
"3375","session2",11.4932795687351,11.4397565748871,3.02574519481254,0.000919790227350671,-0.101882227042306,0.635101346774548,0.581684893915239,14,2,100,0.309988758818787,0.569594468699321,34,5.0578239874087,1,27.27714,245,0,0,20,"both",0.309988758818787,0.569594468699321
"3376","session2",11.4932795687351,11.4397565748871,3.02574519481254,0.000919790227350671,-0.101882227042306,0.635101346774548,0.581684893915239,14,2,100,0.309988758818787,0.569594468699321,34,2.70317723880626,1,16.2118,245,0,0,20,"both",0.309988758818787,0.569594468699321
"3377","session2",11.4932795687351,11.4397565748871,3.02574519481254,0.000919790227350671,-0.101882227042306,0.635101346774548,0.581684893915239,14,2,100,0.309988758818787,0.569594468699321,34,1.29693204905266,1,25.3741,245,0,0,20,"both",0.309988758818787,0.569594468699321
"3378","session2",11.4932795687351,11.4397565748871,3.02574519481254,0.000919790227350671,-0.101882227042306,0.635101346774548,0.581684893915239,14,2,100,0.309988758818787,0.569594468699321,34,2.36535418784576,1,20.13142,245,0,0,20,"both",0.309988758818787,0.569594468699321
"3379","session2",11.4932795687351,11.4397565748871,3.02574519481254,0.000919790227350671,-0.101882227042306,0.635101346774548,0.581684893915239,14,2,100,0.309988758818787,0.569594468699321,34,1.47686089956751,0,1.411,245,0,0,20,"both",0.309988758818787,0.569594468699321
"3380","session2",11.4932795687351,11.4397565748871,3.02574519481254,0.000919790227350671,-0.101882227042306,0.635101346774548,0.581684893915239,14,2,100,0.309988758818787,0.569594468699321,34,2.18847055684215,1,26.3814,245,0,0,20,"both",0.309988758818787,0.569594468699321
"3381","session2",11.4932795687351,11.4397565748871,3.02574519481254,0.000919790227350671,-0.101882227042306,0.635101346774548,0.581684893915239,14,2,100,0.309988758818787,0.569594468699321,34,2.95969043691707,1,18.58693,245,0,0,20,"both",0.309988758818787,0.569594468699321
"3382","session2",11.4932795687351,11.4397565748871,3.02574519481254,0.000919790227350671,-0.101882227042306,0.635101346774548,0.581684893915239,14,2,100,0.309988758818787,0.569594468699321,34,2.08780987179025,0,1.4184,245,0,0,20,"both",0.309988758818787,0.569594468699321
"3383","session2",11.4932795687351,11.4397565748871,3.02574519481254,0.000919790227350671,-0.101882227042306,0.635101346774548,0.581684893915239,14,2,100,0.309988758818787,0.569594468699321,34,2.67275344674305,1,21.32012,245,0,0,20,"both",0.309988758818787,0.569594468699321
"3384","session2",11.4932795687351,11.4397565748871,3.02574519481254,0.000919790227350671,-0.101882227042306,0.635101346774548,0.581684893915239,14,2,100,0.309988758818787,0.569594468699321,34,3.43237407515464,0,-0.115939999999998,245,0,0,20,"both",0.309988758818787,0.569594468699321
"3385","session2",11.4932795687351,11.4397565748871,3.02574519481254,0.000919790227350671,-0.101882227042306,0.635101346774548,0.581684893915239,14,2,100,0.309988758818787,0.569594468699321,34,2.68693035170947,0,4.49067,245,0,0,20,"both",0.309988758818787,0.569594468699321
"3386","session2",11.4932795687351,11.4397565748871,3.02574519481254,0.000919790227350671,-0.101882227042306,0.635101346774548,0.581684893915239,14,2,100,0.309988758818787,0.569594468699321,34,1.0617646467936,1,19.16889,245,0,0,20,"both",0.309988758818787,0.569594468699321
"3387","session2",11.4932795687351,11.4397565748871,3.02574519481254,0.000919790227350671,-0.101882227042306,0.635101346774548,0.581684893915239,14,2,100,0.309988758818787,0.569594468699321,34,2.17057785241147,1,-0.709900000000001,245,0,0,20,"both",0.309988758818787,0.569594468699321
"3388","session2",11.4932795687351,11.4397565748871,3.02574519481254,0.000919790227350671,-0.101882227042306,0.635101346774548,0.581684893915239,14,2,100,0.309988758818787,0.569594468699321,34,1.78209197199196,0,-0.921609999999999,245,0,0,20,"both",0.309988758818787,0.569594468699321
"3389","session2",11.4932795687351,11.4397565748871,3.02574519481254,0.000919790227350671,-0.101882227042306,0.635101346774548,0.581684893915239,14,2,100,0.309988758818787,0.569594468699321,34,1.15033675700423,0,0.880400000000002,245,0,0,20,"both",0.309988758818787,0.569594468699321
"3390","session2",11.4932795687351,11.4397565748871,3.02574519481254,0.000919790227350671,-0.101882227042306,0.635101346774548,0.581684893915239,14,2,100,0.309988758818787,0.569594468699321,34,3.52831236440179,1,20.87111,245,0,0,20,"both",0.309988758818787,0.569594468699321
"3391","session2",11.4932795687351,11.4397565748871,3.02574519481254,0.000919790227350671,-0.101882227042306,0.635101346774548,0.581684893915239,14,2,100,0.309988758818787,0.569594468699321,34,1.02299324830693,1,20.01909,245,0,0,20,"both",0.309988758818787,0.569594468699321
"3392","session2",11.4932795687351,11.4397565748871,3.02574519481254,0.000919790227350671,-0.101882227042306,0.635101346774548,0.581684893915239,14,2,100,0.309988758818787,0.569594468699321,34,2.27905212920521,0,5.32185,245,0,0,20,"both",0.309988758818787,0.569594468699321
"3393","session2",11.4932795687351,11.4397565748871,3.02574519481254,0.000919790227350671,-0.101882227042306,0.635101346774548,0.581684893915239,14,2,100,0.309988758818787,0.569594468699321,34,2.66909350541572,0,7.38759,245,0,0,20,"both",0.309988758818787,0.569594468699321
"3394","session2",11.4932795687351,11.4397565748871,3.02574519481254,0.000919790227350671,-0.101882227042306,0.635101346774548,0.581684893915239,14,2,100,0.309988758818787,0.569594468699321,34,1.75104208457364,0,2.23127,245,0,0,20,"both",0.309988758818787,0.569594468699321
"3395","session2",11.4932795687351,11.4397565748871,3.02574519481254,0.000919790227350671,-0.101882227042306,0.635101346774548,0.581684893915239,14,2,100,0.309988758818787,0.569594468699321,34,4.22663903946541,0,5.90206,245,0,0,20,"both",0.309988758818787,0.569594468699321
"3396","session2",11.4932795687351,11.4397565748871,3.02574519481254,0.000919790227350671,-0.101882227042306,0.635101346774548,0.581684893915239,14,2,100,0.309988758818787,0.569594468699321,34,2.64199849161523,1,25.1568,245,0,0,20,"both",0.309988758818787,0.569594468699321
"3397","session2",11.4932795687351,11.4397565748871,3.02574519481254,0.000919790227350671,-0.101882227042306,0.635101346774548,0.581684893915239,14,2,100,0.309988758818787,0.569594468699321,34,1.94515827587954,0,4.93783,245,0,0,20,"both",0.309988758818787,0.569594468699321
"3398","session2",11.4932795687351,11.4397565748871,3.02574519481254,0.000919790227350671,-0.101882227042306,0.635101346774548,0.581684893915239,14,2,100,0.309988758818787,0.569594468699321,34,5.49733372205175,0,-0.152900000000001,245,0,0,20,"both",0.309988758818787,0.569594468699321
"3399","session2",11.4932795687351,11.4397565748871,3.02574519481254,0.000919790227350671,-0.101882227042306,0.635101346774548,0.581684893915239,14,2,100,0.309988758818787,0.569594468699321,34,1.62488685313199,1,8.51995,245,0,0,20,"both",0.309988758818787,0.569594468699321
"3400","session2",11.4932795687351,11.4397565748871,3.02574519481254,0.000919790227350671,-0.101882227042306,0.635101346774548,0.581684893915239,14,2,100,0.309988758818787,0.569594468699321,34,4.84160325480833,1,17.88684,245,0,0,20,"both",0.309988758818787,0.569594468699321
"3401","session2",-17.413058302697,13.9102152697094,3.40033769485896,9.72986626532287e-05,-0.478981480449701,0.667181037388792,0.691875843764637,15,2,100,0.309988758818787,0.569594468699321,35,1.10620288388825,0,-10.9196377509,245,0,0,20,"both",0.309988758818787,0.569594468699321
"3402","session2",-17.413058302697,13.9102152697094,3.40033769485896,9.72986626532287e-05,-0.478981480449701,0.667181037388792,0.691875843764637,15,2,100,0.309988758818787,0.569594468699321,35,1.82976675903656,1,6.62718996808,245,0,0,20,"both",0.309988758818787,0.569594468699321
"3403","session2",-17.413058302697,13.9102152697094,3.40033769485896,9.72986626532287e-05,-0.478981480449701,0.667181037388792,0.691875843764637,15,2,100,0.309988758818787,0.569594468699321,35,1.07048112576966,1,-2.69505574603,245,0,0,20,"both",0.309988758818787,0.569594468699321
"3404","session2",-17.413058302697,13.9102152697094,3.40033769485896,9.72986626532287e-05,-0.478981480449701,0.667181037388792,0.691875843764637,15,2,100,0.309988758818787,0.569594468699321,35,2.65487000257771,1,-6.55123302992,245,0,0,20,"both",0.309988758818787,0.569594468699321
"3405","session2",-17.413058302697,13.9102152697094,3.40033769485896,9.72986626532287e-05,-0.478981480449701,0.667181037388792,0.691875843764637,15,2,100,0.309988758818787,0.569594468699321,35,1.27988145586861,0,-11.98078,245,0,0,20,"both",0.309988758818787,0.569594468699321
"3406","session2",-17.413058302697,13.9102152697094,3.40033769485896,9.72986626532287e-05,-0.478981480449701,0.667181037388792,0.691875843764637,15,2,100,0.309988758818787,0.569594468699321,35,0.925621610213741,1,-7.04342,245,0,0,20,"both",0.309988758818787,0.569594468699321
"3407","session2",-17.413058302697,13.9102152697094,3.40033769485896,9.72986626532287e-05,-0.478981480449701,0.667181037388792,0.691875843764637,15,2,100,0.309988758818787,0.569594468699321,35,1.13907872229089,0,-15.50379,245,0,0,20,"both",0.309988758818787,0.569594468699321
"3408","session2",-17.413058302697,13.9102152697094,3.40033769485896,9.72986626532287e-05,-0.478981480449701,0.667181037388792,0.691875843764637,15,2,100,0.309988758818787,0.569594468699321,35,1.09996033806168,1,11.3137,245,0,0,20,"both",0.309988758818787,0.569594468699321
"3409","session2",-17.413058302697,13.9102152697094,3.40033769485896,9.72986626532287e-05,-0.478981480449701,0.667181037388792,0.691875843764637,15,2,100,0.309988758818787,0.569594468699321,35,2.82578930268343,1,-0.160360000000001,245,0,0,20,"both",0.309988758818787,0.569594468699321
"3410","session2",-17.413058302697,13.9102152697094,3.40033769485896,9.72986626532287e-05,-0.478981480449701,0.667181037388792,0.691875843764637,15,2,100,0.309988758818787,0.569594468699321,35,1.25373418198054,1,-5.24391,245,0,0,20,"both",0.309988758818787,0.569594468699321
"3411","session2",-17.413058302697,13.9102152697094,3.40033769485896,9.72986626532287e-05,-0.478981480449701,0.667181037388792,0.691875843764637,15,2,100,0.309988758818787,0.569594468699321,35,2.6458440326877,0,-13.48367,245,0,0,20,"both",0.309988758818787,0.569594468699321
"3412","session2",-17.413058302697,13.9102152697094,3.40033769485896,9.72986626532287e-05,-0.478981480449701,0.667181037388792,0.691875843764637,15,2,100,0.309988758818787,0.569594468699321,35,1.53989946276082,1,-6.26682,245,0,0,20,"both",0.309988758818787,0.569594468699321
"3413","session2",-17.413058302697,13.9102152697094,3.40033769485896,9.72986626532287e-05,-0.478981480449701,0.667181037388792,0.691875843764637,15,2,100,0.309988758818787,0.569594468699321,35,3.39055191956546,0,-8.21889,245,0,0,20,"both",0.309988758818787,0.569594468699321
"3414","session2",-17.413058302697,13.9102152697094,3.40033769485896,9.72986626532287e-05,-0.478981480449701,0.667181037388792,0.691875843764637,15,2,100,0.309988758818787,0.569594468699321,35,3.50490222441127,1,0.0141999999999998,245,0,0,20,"both",0.309988758818787,0.569594468699321
"3415","session2",-17.413058302697,13.9102152697094,3.40033769485896,9.72986626532287e-05,-0.478981480449701,0.667181037388792,0.691875843764637,15,2,100,0.309988758818787,0.569594468699321,35,2.72803656479312,0,-8.03457,245,0,0,20,"both",0.309988758818787,0.569594468699321
"3416","session2",-17.413058302697,13.9102152697094,3.40033769485896,9.72986626532287e-05,-0.478981480449701,0.667181037388792,0.691875843764637,15,2,100,0.309988758818787,0.569594468699321,35,1.49076700083623,1,-6.37039,245,0,0,20,"both",0.309988758818787,0.569594468699321
"3417","session2",-17.413058302697,13.9102152697094,3.40033769485896,9.72986626532287e-05,-0.478981480449701,0.667181037388792,0.691875843764637,15,2,100,0.309988758818787,0.569594468699321,35,1.64466016564221,1,-7.70421,245,0,0,20,"both",0.309988758818787,0.569594468699321
"3418","session2",-17.413058302697,13.9102152697094,3.40033769485896,9.72986626532287e-05,-0.478981480449701,0.667181037388792,0.691875843764637,15,2,100,0.309988758818787,0.569594468699321,35,1.81234742513979,0,-10.4904,245,0,0,20,"both",0.309988758818787,0.569594468699321
"3419","session2",-17.413058302697,13.9102152697094,3.40033769485896,9.72986626532287e-05,-0.478981480449701,0.667181037388792,0.691875843764637,15,2,100,0.309988758818787,0.569594468699321,35,1.53920975266807,1,-7.79634,245,0,0,20,"both",0.309988758818787,0.569594468699321
"3420","session2",-17.413058302697,13.9102152697094,3.40033769485896,9.72986626532287e-05,-0.478981480449701,0.667181037388792,0.691875843764637,15,2,100,0.309988758818787,0.569594468699321,35,1.80919549852098,1,-4.89399,245,0,0,20,"both",0.309988758818787,0.569594468699321
"3421","session2",-17.413058302697,13.9102152697094,3.40033769485896,9.72986626532287e-05,-0.478981480449701,0.667181037388792,0.691875843764637,15,2,100,0.309988758818787,0.569594468699321,35,3.12597190959711,1,-6.1626,245,0,0,20,"both",0.309988758818787,0.569594468699321
"3422","session2",-17.413058302697,13.9102152697094,3.40033769485896,9.72986626532287e-05,-0.478981480449701,0.667181037388792,0.691875843764637,15,2,100,0.309988758818787,0.569594468699321,35,2.37008578191144,0,-9.42385,245,0,0,20,"both",0.309988758818787,0.569594468699321
"3423","session2",-17.413058302697,13.9102152697094,3.40033769485896,9.72986626532287e-05,-0.478981480449701,0.667181037388792,0.691875843764637,15,2,100,0.309988758818787,0.569594468699321,35,2.68489225502039,0,-7.18068,245,0,0,20,"both",0.309988758818787,0.569594468699321
"3424","session2",-17.413058302697,13.9102152697094,3.40033769485896,9.72986626532287e-05,-0.478981480449701,0.667181037388792,0.691875843764637,15,2,100,0.309988758818787,0.569594468699321,35,1.91528709410048,1,-6.69533,245,0,0,20,"both",0.309988758818787,0.569594468699321
"3425","session2",-17.413058302697,13.9102152697094,3.40033769485896,9.72986626532287e-05,-0.478981480449701,0.667181037388792,0.691875843764637,15,2,100,0.309988758818787,0.569594468699321,35,1.19171746403933,0,-9.711,245,0,0,20,"both",0.309988758818787,0.569594468699321
"3426","session2",-17.413058302697,13.9102152697094,3.40033769485896,9.72986626532287e-05,-0.478981480449701,0.667181037388792,0.691875843764637,15,2,100,0.309988758818787,0.569594468699321,35,1.45629259311295,0,-6.08883,245,0,0,20,"both",0.309988758818787,0.569594468699321
"3427","session2",-17.413058302697,13.9102152697094,3.40033769485896,9.72986626532287e-05,-0.478981480449701,0.667181037388792,0.691875843764637,15,2,100,0.309988758818787,0.569594468699321,35,1.88456733138943,0,-9.17884,245,0,0,20,"both",0.309988758818787,0.569594468699321
"3428","session2",-17.413058302697,13.9102152697094,3.40033769485896,9.72986626532287e-05,-0.478981480449701,0.667181037388792,0.691875843764637,15,2,100,0.309988758818787,0.569594468699321,35,2.42221848887677,1,-4.52685,245,0,0,20,"both",0.309988758818787,0.569594468699321
"3429","session2",-17.413058302697,13.9102152697094,3.40033769485896,9.72986626532287e-05,-0.478981480449701,0.667181037388792,0.691875843764637,15,2,100,0.309988758818787,0.569594468699321,35,2.69361490524535,1,-9.56321,245,0,0,20,"both",0.309988758818787,0.569594468699321
"3430","session2",-17.413058302697,13.9102152697094,3.40033769485896,9.72986626532287e-05,-0.478981480449701,0.667181037388792,0.691875843764637,15,2,100,0.309988758818787,0.569594468699321,35,2.63908010080531,1,-10.05328,245,0,0,20,"both",0.309988758818787,0.569594468699321
"3431","session2",-17.413058302697,13.9102152697094,3.40033769485896,9.72986626532287e-05,-0.478981480449701,0.667181037388792,0.691875843764637,15,2,100,0.309988758818787,0.569594468699321,35,1.53501639000617,1,-10.01755,245,0,0,20,"both",0.309988758818787,0.569594468699321
"3432","session2",-17.413058302697,13.9102152697094,3.40033769485896,9.72986626532287e-05,-0.478981480449701,0.667181037388792,0.691875843764637,15,2,100,0.309988758818787,0.569594468699321,35,2.6154354669065,1,-18.56223,245,0,0,20,"both",0.309988758818787,0.569594468699321
"3433","session2",-17.413058302697,13.9102152697094,3.40033769485896,9.72986626532287e-05,-0.478981480449701,0.667181037388792,0.691875843764637,15,2,100,0.309988758818787,0.569594468699321,35,1.19759623443881,1,-11.73324,245,0,0,20,"both",0.309988758818787,0.569594468699321
"3434","session2",-17.413058302697,13.9102152697094,3.40033769485896,9.72986626532287e-05,-0.478981480449701,0.667181037388792,0.691875843764637,15,2,100,0.309988758818787,0.569594468699321,35,1.37809753643163,1,-2.39708,245,0,0,20,"both",0.309988758818787,0.569594468699321
"3435","session2",-17.413058302697,13.9102152697094,3.40033769485896,9.72986626532287e-05,-0.478981480449701,0.667181037388792,0.691875843764637,15,2,100,0.309988758818787,0.569594468699321,35,2.34460429751839,0,-6.7715,245,0,0,20,"both",0.309988758818787,0.569594468699321
"3436","session2",-17.413058302697,13.9102152697094,3.40033769485896,9.72986626532287e-05,-0.478981480449701,0.667181037388792,0.691875843764637,15,2,100,0.309988758818787,0.569594468699321,35,1.50495945078878,1,-10.66773,245,0,0,20,"both",0.309988758818787,0.569594468699321
"3437","session2",-17.413058302697,13.9102152697094,3.40033769485896,9.72986626532287e-05,-0.478981480449701,0.667181037388792,0.691875843764637,15,2,100,0.309988758818787,0.569594468699321,35,1.67735311230758,0,-25.8085,245,0,0,20,"both",0.309988758818787,0.569594468699321
"3438","session2",-17.413058302697,13.9102152697094,3.40033769485896,9.72986626532287e-05,-0.478981480449701,0.667181037388792,0.691875843764637,15,2,100,0.309988758818787,0.569594468699321,35,1.22784061889564,1,7.0418,245,0,0,20,"both",0.309988758818787,0.569594468699321
"3439","session2",-17.413058302697,13.9102152697094,3.40033769485896,9.72986626532287e-05,-0.478981480449701,0.667181037388792,0.691875843764637,15,2,100,0.309988758818787,0.569594468699321,35,1.30193073876699,0,-16.66837,245,0,0,20,"both",0.309988758818787,0.569594468699321
"3440","session2",-17.413058302697,13.9102152697094,3.40033769485896,9.72986626532287e-05,-0.478981480449701,0.667181037388792,0.691875843764637,15,2,100,0.309988758818787,0.569594468699321,35,2.00470928407129,1,1.23972,245,0,0,20,"both",0.309988758818787,0.569594468699321
"3441","session2",-17.413058302697,13.9102152697094,3.40033769485896,9.72986626532287e-05,-0.478981480449701,0.667181037388792,0.691875843764637,15,2,100,0.309988758818787,0.569594468699321,35,1.24152594254411,1,-3.46484,245,0,0,20,"both",0.309988758818787,0.569594468699321
"3442","session2",-17.413058302697,13.9102152697094,3.40033769485896,9.72986626532287e-05,-0.478981480449701,0.667181037388792,0.691875843764637,15,2,100,0.309988758818787,0.569594468699321,35,1.46672699978369,1,-4.66686,245,0,0,20,"both",0.309988758818787,0.569594468699321
"3443","session2",-17.413058302697,13.9102152697094,3.40033769485896,9.72986626532287e-05,-0.478981480449701,0.667181037388792,0.691875843764637,15,2,100,0.309988758818787,0.569594468699321,35,1.54436387414694,1,-9.83274,245,0,0,20,"both",0.309988758818787,0.569594468699321
"3444","session2",-17.413058302697,13.9102152697094,3.40033769485896,9.72986626532287e-05,-0.478981480449701,0.667181037388792,0.691875843764637,15,2,100,0.309988758818787,0.569594468699321,35,2.29000284449105,1,-7.27871,245,0,0,20,"both",0.309988758818787,0.569594468699321
"3445","session2",-17.413058302697,13.9102152697094,3.40033769485896,9.72986626532287e-05,-0.478981480449701,0.667181037388792,0.691875843764637,15,2,100,0.309988758818787,0.569594468699321,35,2.60736593679632,0,-20.05775,245,0,0,20,"both",0.309988758818787,0.569594468699321
"3446","session2",-17.413058302697,13.9102152697094,3.40033769485896,9.72986626532287e-05,-0.478981480449701,0.667181037388792,0.691875843764637,15,2,100,0.309988758818787,0.569594468699321,35,2.04528356708973,1,-16.28052,245,0,0,20,"both",0.309988758818787,0.569594468699321
"3447","session2",-17.413058302697,13.9102152697094,3.40033769485896,9.72986626532287e-05,-0.478981480449701,0.667181037388792,0.691875843764637,15,2,100,0.309988758818787,0.569594468699321,35,2.5480985075447,1,-4.52557,245,0,0,20,"both",0.309988758818787,0.569594468699321
"3448","session2",-17.413058302697,13.9102152697094,3.40033769485896,9.72986626532287e-05,-0.478981480449701,0.667181037388792,0.691875843764637,15,2,100,0.309988758818787,0.569594468699321,35,3.32250314843498,0,-20.77386,245,0,0,20,"both",0.309988758818787,0.569594468699321
"3449","session2",-17.413058302697,13.9102152697094,3.40033769485896,9.72986626532287e-05,-0.478981480449701,0.667181037388792,0.691875843764637,15,2,100,0.309988758818787,0.569594468699321,35,1.51484913553804,1,-15.24917,245,0,0,20,"both",0.309988758818787,0.569594468699321
"3450","session2",-17.413058302697,13.9102152697094,3.40033769485896,9.72986626532287e-05,-0.478981480449701,0.667181037388792,0.691875843764637,15,2,100,0.309988758818787,0.569594468699321,35,2.46827150660981,0,-7.19779,245,0,0,20,"both",0.309988758818787,0.569594468699321
"3451","session2",-17.413058302697,13.9102152697094,3.40033769485896,9.72986626532287e-05,-0.478981480449701,0.667181037388792,0.691875843764637,15,2,100,0.309988758818787,0.569594468699321,35,1.12257079835692,1,0.2102,245,0,0,20,"both",0.309988758818787,0.569594468699321
"3452","session2",-17.413058302697,13.9102152697094,3.40033769485896,9.72986626532287e-05,-0.478981480449701,0.667181037388792,0.691875843764637,15,2,100,0.309988758818787,0.569594468699321,35,1.4821120680029,1,-3.2339,245,0,0,20,"both",0.309988758818787,0.569594468699321
"3453","session2",-17.413058302697,13.9102152697094,3.40033769485896,9.72986626532287e-05,-0.478981480449701,0.667181037388792,0.691875843764637,15,2,100,0.309988758818787,0.569594468699321,35,8,0,-19.72102,245,0,0,20,"both",0.309988758818787,0.569594468699321
"3454","session2",-17.413058302697,13.9102152697094,3.40033769485896,9.72986626532287e-05,-0.478981480449701,0.667181037388792,0.691875843764637,15,2,100,0.309988758818787,0.569594468699321,35,2.36176420859442,0,-11.49365,245,0,0,20,"both",0.309988758818787,0.569594468699321
"3455","session2",-17.413058302697,13.9102152697094,3.40033769485896,9.72986626532287e-05,-0.478981480449701,0.667181037388792,0.691875843764637,15,2,100,0.309988758818787,0.569594468699321,35,1.54197704989006,0,-30.359,245,0,0,20,"both",0.309988758818787,0.569594468699321
"3456","session2",-17.413058302697,13.9102152697094,3.40033769485896,9.72986626532287e-05,-0.478981480449701,0.667181037388792,0.691875843764637,15,2,100,0.309988758818787,0.569594468699321,35,2.16999388845565,0,-15.38779,245,0,0,20,"both",0.309988758818787,0.569594468699321
"3457","session2",-17.413058302697,13.9102152697094,3.40033769485896,9.72986626532287e-05,-0.478981480449701,0.667181037388792,0.691875843764637,15,2,100,0.309988758818787,0.569594468699321,35,3.67786842158571,1,-18.7863,245,0,0,20,"both",0.309988758818787,0.569594468699321
"3458","session2",-17.413058302697,13.9102152697094,3.40033769485896,9.72986626532287e-05,-0.478981480449701,0.667181037388792,0.691875843764637,15,2,100,0.309988758818787,0.569594468699321,35,1.18312527096641,0,-0.8003,245,0,0,20,"both",0.309988758818787,0.569594468699321
"3459","session2",-17.413058302697,13.9102152697094,3.40033769485896,9.72986626532287e-05,-0.478981480449701,0.667181037388792,0.691875843764637,15,2,100,0.309988758818787,0.569594468699321,35,0.901223467598772,1,4.3909,245,0,0,20,"both",0.309988758818787,0.569594468699321
"3460","session2",-17.413058302697,13.9102152697094,3.40033769485896,9.72986626532287e-05,-0.478981480449701,0.667181037388792,0.691875843764637,15,2,100,0.309988758818787,0.569594468699321,35,3.2508988814149,0,-25.5034,245,0,0,20,"both",0.309988758818787,0.569594468699321
"3461","session2",-17.413058302697,13.9102152697094,3.40033769485896,9.72986626532287e-05,-0.478981480449701,0.667181037388792,0.691875843764637,15,2,100,0.309988758818787,0.569594468699321,35,2.60565901771775,0,-14.72202,245,0,0,20,"both",0.309988758818787,0.569594468699321
"3462","session2",-17.413058302697,13.9102152697094,3.40033769485896,9.72986626532287e-05,-0.478981480449701,0.667181037388792,0.691875843764637,15,2,100,0.309988758818787,0.569594468699321,35,1.32043526432493,1,-8.19636,245,0,0,20,"both",0.309988758818787,0.569594468699321
"3463","session2",-17.413058302697,13.9102152697094,3.40033769485896,9.72986626532287e-05,-0.478981480449701,0.667181037388792,0.691875843764637,15,2,100,0.309988758818787,0.569594468699321,35,2.22008836552893,1,-17.68512,245,0,0,20,"both",0.309988758818787,0.569594468699321
"3464","session2",-17.413058302697,13.9102152697094,3.40033769485896,9.72986626532287e-05,-0.478981480449701,0.667181037388792,0.691875843764637,15,2,100,0.309988758818787,0.569594468699321,35,2.32140176130684,1,-6.70183,245,0,0,20,"both",0.309988758818787,0.569594468699321
"3465","session2",-17.413058302697,13.9102152697094,3.40033769485896,9.72986626532287e-05,-0.478981480449701,0.667181037388792,0.691875843764637,15,2,100,0.309988758818787,0.569594468699321,35,2.04604842411432,1,0.82677,245,0,0,20,"both",0.309988758818787,0.569594468699321
"3466","session2",-17.413058302697,13.9102152697094,3.40033769485896,9.72986626532287e-05,-0.478981480449701,0.667181037388792,0.691875843764637,15,2,100,0.309988758818787,0.569594468699321,35,3.09498828316731,1,-6.44005,245,0,0,20,"both",0.309988758818787,0.569594468699321
"3467","session2",-17.413058302697,13.9102152697094,3.40033769485896,9.72986626532287e-05,-0.478981480449701,0.667181037388792,0.691875843764637,15,2,100,0.309988758818787,0.569594468699321,35,2.73312683348555,0,-30.15485,245,0,0,20,"both",0.309988758818787,0.569594468699321
"3468","session2",-17.413058302697,13.9102152697094,3.40033769485896,9.72986626532287e-05,-0.478981480449701,0.667181037388792,0.691875843764637,15,2,100,0.309988758818787,0.569594468699321,35,2.25246186259918,0,-17.90114,245,0,0,20,"both",0.309988758818787,0.569594468699321
"3469","session2",-17.413058302697,13.9102152697094,3.40033769485896,9.72986626532287e-05,-0.478981480449701,0.667181037388792,0.691875843764637,15,2,100,0.309988758818787,0.569594468699321,35,2.54930071060273,0,-24.38164,245,0,0,20,"both",0.309988758818787,0.569594468699321
"3470","session2",-17.413058302697,13.9102152697094,3.40033769485896,9.72986626532287e-05,-0.478981480449701,0.667181037388792,0.691875843764637,15,2,100,0.309988758818787,0.569594468699321,35,1.40141920965769,1,-25.6228,245,0,0,20,"both",0.309988758818787,0.569594468699321
"3471","session2",-17.413058302697,13.9102152697094,3.40033769485896,9.72986626532287e-05,-0.478981480449701,0.667181037388792,0.691875843764637,15,2,100,0.309988758818787,0.569594468699321,35,1.90826316282562,1,-17.29089,245,0,0,20,"both",0.309988758818787,0.569594468699321
"3472","session2",-17.413058302697,13.9102152697094,3.40033769485896,9.72986626532287e-05,-0.478981480449701,0.667181037388792,0.691875843764637,15,2,100,0.309988758818787,0.569594468699321,35,1.14025646743988,1,-10.86552,245,0,0,20,"both",0.309988758818787,0.569594468699321
"3473","session2",-17.413058302697,13.9102152697094,3.40033769485896,9.72986626532287e-05,-0.478981480449701,0.667181037388792,0.691875843764637,15,2,100,0.309988758818787,0.569594468699321,35,2.5134923161467,0,-28.43,245,0,0,20,"both",0.309988758818787,0.569594468699321
"3474","session2",-17.413058302697,13.9102152697094,3.40033769485896,9.72986626532287e-05,-0.478981480449701,0.667181037388792,0.691875843764637,15,2,100,0.309988758818787,0.569594468699321,35,1.38747463457662,0,-20.41175,245,0,0,20,"both",0.309988758818787,0.569594468699321
"3475","session2",-17.413058302697,13.9102152697094,3.40033769485896,9.72986626532287e-05,-0.478981480449701,0.667181037388792,0.691875843764637,15,2,100,0.309988758818787,0.569594468699321,35,2.50652186667995,1,-9.8483,245,0,0,20,"both",0.309988758818787,0.569594468699321
"3476","session2",-17.413058302697,13.9102152697094,3.40033769485896,9.72986626532287e-05,-0.478981480449701,0.667181037388792,0.691875843764637,15,2,100,0.309988758818787,0.569594468699321,35,2.38661595860129,1,-5.55918,245,0,0,20,"both",0.309988758818787,0.569594468699321
"3477","session2",-17.413058302697,13.9102152697094,3.40033769485896,9.72986626532287e-05,-0.478981480449701,0.667181037388792,0.691875843764637,15,2,100,0.309988758818787,0.569594468699321,35,1.22572193987071,1,-23.45169,245,0,0,20,"both",0.309988758818787,0.569594468699321
"3478","session2",-17.413058302697,13.9102152697094,3.40033769485896,9.72986626532287e-05,-0.478981480449701,0.667181037388792,0.691875843764637,15,2,100,0.309988758818787,0.569594468699321,35,2.06726634141799,0,-20.85073,245,0,0,20,"both",0.309988758818787,0.569594468699321
"3479","session2",-17.413058302697,13.9102152697094,3.40033769485896,9.72986626532287e-05,-0.478981480449701,0.667181037388792,0.691875843764637,15,2,100,0.309988758818787,0.569594468699321,35,1.87639191197439,1,-9.29963,245,0,0,20,"both",0.309988758818787,0.569594468699321
"3480","session2",-17.413058302697,13.9102152697094,3.40033769485896,9.72986626532287e-05,-0.478981480449701,0.667181037388792,0.691875843764637,15,2,100,0.309988758818787,0.569594468699321,35,4.17627413834305,1,-18.96725,245,0,0,20,"both",0.309988758818787,0.569594468699321
"3481","session2",-17.413058302697,13.9102152697094,3.40033769485896,9.72986626532287e-05,-0.478981480449701,0.667181037388792,0.691875843764637,15,2,100,0.309988758818787,0.569594468699321,35,3.84178204636472,0,-25.5418,245,0,0,20,"both",0.309988758818787,0.569594468699321
"3482","session2",-17.413058302697,13.9102152697094,3.40033769485896,9.72986626532287e-05,-0.478981480449701,0.667181037388792,0.691875843764637,15,2,100,0.309988758818787,0.569594468699321,35,0.90680654245013,1,-4.80033,245,0,0,20,"both",0.309988758818787,0.569594468699321
"3483","session2",-17.413058302697,13.9102152697094,3.40033769485896,9.72986626532287e-05,-0.478981480449701,0.667181037388792,0.691875843764637,15,2,100,0.309988758818787,0.569594468699321,35,3.37211637618204,0,-5.6651,245,0,0,20,"both",0.309988758818787,0.569594468699321
"3484","session2",-17.413058302697,13.9102152697094,3.40033769485896,9.72986626532287e-05,-0.478981480449701,0.667181037388792,0.691875843764637,15,2,100,0.309988758818787,0.569594468699321,35,1.86517930156813,1,-17.73809,245,0,0,20,"both",0.309988758818787,0.569594468699321
"3485","session2",-17.413058302697,13.9102152697094,3.40033769485896,9.72986626532287e-05,-0.478981480449701,0.667181037388792,0.691875843764637,15,2,100,0.309988758818787,0.569594468699321,35,2.85536271982413,0,-27.3032,245,0,0,20,"both",0.309988758818787,0.569594468699321
"3486","session2",-17.413058302697,13.9102152697094,3.40033769485896,9.72986626532287e-05,-0.478981480449701,0.667181037388792,0.691875843764637,15,2,100,0.309988758818787,0.569594468699321,35,1.03669426429633,1,0.8566,245,0,0,20,"both",0.309988758818787,0.569594468699321
"3487","session2",-17.413058302697,13.9102152697094,3.40033769485896,9.72986626532287e-05,-0.478981480449701,0.667181037388792,0.691875843764637,15,2,100,0.309988758818787,0.569594468699321,35,1.00251588159811,1,-7.35498,245,0,0,20,"both",0.309988758818787,0.569594468699321
"3488","session2",-17.413058302697,13.9102152697094,3.40033769485896,9.72986626532287e-05,-0.478981480449701,0.667181037388792,0.691875843764637,15,2,100,0.309988758818787,0.569594468699321,35,2.75590414711368,1,7.7218,245,0,0,20,"both",0.309988758818787,0.569594468699321
"3489","session2",-17.413058302697,13.9102152697094,3.40033769485896,9.72986626532287e-05,-0.478981480449701,0.667181037388792,0.691875843764637,15,2,100,0.309988758818787,0.569594468699321,35,1.97185963324105,0,-28.6791,245,0,0,20,"both",0.309988758818787,0.569594468699321
"3490","session2",-17.413058302697,13.9102152697094,3.40033769485896,9.72986626532287e-05,-0.478981480449701,0.667181037388792,0.691875843764637,15,2,100,0.309988758818787,0.569594468699321,35,1.0429341302063,1,-1.3527,245,0,0,20,"both",0.309988758818787,0.569594468699321
"3491","session2",-17.413058302697,13.9102152697094,3.40033769485896,9.72986626532287e-05,-0.478981480449701,0.667181037388792,0.691875843764637,15,2,100,0.309988758818787,0.569594468699321,35,1.15658789396943,0,-21.10724,245,0,0,20,"both",0.309988758818787,0.569594468699321
"3492","session2",-17.413058302697,13.9102152697094,3.40033769485896,9.72986626532287e-05,-0.478981480449701,0.667181037388792,0.691875843764637,15,2,100,0.309988758818787,0.569594468699321,35,1.37426548353384,0,-29.0595,245,0,0,20,"both",0.309988758818787,0.569594468699321
"3493","session2",-17.413058302697,13.9102152697094,3.40033769485896,9.72986626532287e-05,-0.478981480449701,0.667181037388792,0.691875843764637,15,2,100,0.309988758818787,0.569594468699321,35,1.62388421742871,0,-6.99765,245,0,0,20,"both",0.309988758818787,0.569594468699321
"3494","session2",-17.413058302697,13.9102152697094,3.40033769485896,9.72986626532287e-05,-0.478981480449701,0.667181037388792,0.691875843764637,15,2,100,0.309988758818787,0.569594468699321,35,1.20342413689868,1,-22.88513,245,0,0,20,"both",0.309988758818787,0.569594468699321
"3495","session2",-17.413058302697,13.9102152697094,3.40033769485896,9.72986626532287e-05,-0.478981480449701,0.667181037388792,0.691875843764637,15,2,100,0.309988758818787,0.569594468699321,35,1.06146778052353,0,-27.9431,245,0,0,20,"both",0.309988758818787,0.569594468699321
"3496","session2",-17.413058302697,13.9102152697094,3.40033769485896,9.72986626532287e-05,-0.478981480449701,0.667181037388792,0.691875843764637,15,2,100,0.309988758818787,0.569594468699321,35,1.13080634462361,1,30.8867,245,0,0,20,"both",0.309988758818787,0.569594468699321
"3497","session2",-17.413058302697,13.9102152697094,3.40033769485896,9.72986626532287e-05,-0.478981480449701,0.667181037388792,0.691875843764637,15,2,100,0.309988758818787,0.569594468699321,35,1.42436792526201,0,-27.7635,245,0,0,20,"both",0.309988758818787,0.569594468699321
"3498","session2",-17.413058302697,13.9102152697094,3.40033769485896,9.72986626532287e-05,-0.478981480449701,0.667181037388792,0.691875843764637,15,2,100,0.309988758818787,0.569594468699321,35,0.974008139978287,1,-3.3424,245,0,0,20,"both",0.309988758818787,0.569594468699321
"3499","session2",-17.413058302697,13.9102152697094,3.40033769485896,9.72986626532287e-05,-0.478981480449701,0.667181037388792,0.691875843764637,15,2,100,0.309988758818787,0.569594468699321,35,2.15548695826731,0,-24.13322,245,0,0,20,"both",0.309988758818787,0.569594468699321
"3500","session2",-17.413058302697,13.9102152697094,3.40033769485896,9.72986626532287e-05,-0.478981480449701,0.667181037388792,0.691875843764637,15,2,100,0.309988758818787,0.569594468699321,35,2.69302822875458,0,-25.6443,245,0,0,20,"both",0.309988758818787,0.569594468699321
"3501","session2",-13.8919395030921,11.9977147727253,1.38364797145707,0.00438348316414575,0.199994286598172,0.502386492226281,0.599817281665201,16,2,100,0.309988758818787,0.569594468699321,36,2.44515693143209,1,-6.17880230049,245,0,0,20,"both",0.309988758818787,0.569594468699321
"3502","session2",-13.8919395030921,11.9977147727253,1.38364797145707,0.00438348316414575,0.199994286598172,0.502386492226281,0.599817281665201,16,2,100,0.309988758818787,0.569594468699321,36,3.68719018440319,0,-10.9827302523,245,0,0,20,"both",0.309988758818787,0.569594468699321
"3503","session2",-13.8919395030921,11.9977147727253,1.38364797145707,0.00438348316414575,0.199994286598172,0.502386492226281,0.599817281665201,16,2,100,0.309988758818787,0.569594468699321,36,1.77842380716432,1,-1.7976070236,245,0,0,20,"both",0.309988758818787,0.569594468699321
"3504","session2",-13.8919395030921,11.9977147727253,1.38364797145707,0.00438348316414575,0.199994286598172,0.502386492226281,0.599817281665201,16,2,100,0.309988758818787,0.569594468699321,36,2.06345975857732,1,-7.9202497946,245,0,0,20,"both",0.309988758818787,0.569594468699321
"3505","session2",-13.8919395030921,11.9977147727253,1.38364797145707,0.00438348316414575,0.199994286598172,0.502386492226281,0.599817281665201,16,2,100,0.309988758818787,0.569594468699321,36,1.62669297304208,1,-2.17538,245,0,0,20,"both",0.309988758818787,0.569594468699321
"3506","session2",-13.8919395030921,11.9977147727253,1.38364797145707,0.00438348316414575,0.199994286598172,0.502386492226281,0.599817281665201,16,2,100,0.309988758818787,0.569594468699321,36,1.77281407679839,1,-7.76901,245,0,0,20,"both",0.309988758818787,0.569594468699321
"3507","session2",-13.8919395030921,11.9977147727253,1.38364797145707,0.00438348316414575,0.199994286598172,0.502386492226281,0.599817281665201,16,2,100,0.309988758818787,0.569594468699321,36,2.12704159569564,0,-17.26121,245,0,0,20,"both",0.309988758818787,0.569594468699321
"3508","session2",-13.8919395030921,11.9977147727253,1.38364797145707,0.00438348316414575,0.199994286598172,0.502386492226281,0.599817281665201,16,2,100,0.309988758818787,0.569594468699321,36,3.15124045629818,1,-10.06958,245,0,0,20,"both",0.309988758818787,0.569594468699321
"3509","session2",-13.8919395030921,11.9977147727253,1.38364797145707,0.00438348316414575,0.199994286598172,0.502386492226281,0.599817281665201,16,2,100,0.309988758818787,0.569594468699321,36,2.47566453414163,0,-10.52101,245,0,0,20,"both",0.309988758818787,0.569594468699321
"3510","session2",-13.8919395030921,11.9977147727253,1.38364797145707,0.00438348316414575,0.199994286598172,0.502386492226281,0.599817281665201,16,2,100,0.309988758818787,0.569594468699321,36,5.29535721946582,1,-5.98788,245,0,0,20,"both",0.309988758818787,0.569594468699321
"3511","session2",-13.8919395030921,11.9977147727253,1.38364797145707,0.00438348316414575,0.199994286598172,0.502386492226281,0.599817281665201,16,2,100,0.309988758818787,0.569594468699321,36,1.65301000322493,1,-9.61901,245,0,0,20,"both",0.309988758818787,0.569594468699321
"3512","session2",-13.8919395030921,11.9977147727253,1.38364797145707,0.00438348316414575,0.199994286598172,0.502386492226281,0.599817281665201,16,2,100,0.309988758818787,0.569594468699321,36,3.30059505563301,1,-21.3035,245,0,0,20,"both",0.309988758818787,0.569594468699321
"3513","session2",-13.8919395030921,11.9977147727253,1.38364797145707,0.00438348316414575,0.199994286598172,0.502386492226281,0.599817281665201,16,2,100,0.309988758818787,0.569594468699321,36,1.60453278330775,1,32.90398,245,0,0,20,"both",0.309988758818787,0.569594468699321
"3514","session2",-13.8919395030921,11.9977147727253,1.38364797145707,0.00438348316414575,0.199994286598172,0.502386492226281,0.599817281665201,16,2,100,0.309988758818787,0.569594468699321,36,1.11456472501603,1,-11.49022,245,0,0,20,"both",0.309988758818787,0.569594468699321
"3515","session2",-13.8919395030921,11.9977147727253,1.38364797145707,0.00438348316414575,0.199994286598172,0.502386492226281,0.599817281665201,16,2,100,0.309988758818787,0.569594468699321,36,1.65820714266745,0,-25.35703,245,0,0,20,"both",0.309988758818787,0.569594468699321
"3516","session2",-13.8919395030921,11.9977147727253,1.38364797145707,0.00438348316414575,0.199994286598172,0.502386492226281,0.599817281665201,16,2,100,0.309988758818787,0.569594468699321,36,2.3728597471903,0,-20.46969,245,0,0,20,"both",0.309988758818787,0.569594468699321
"3517","session2",-13.8919395030921,11.9977147727253,1.38364797145707,0.00438348316414575,0.199994286598172,0.502386492226281,0.599817281665201,16,2,100,0.309988758818787,0.569594468699321,36,1.41537927134658,1,-26.1958,245,0,0,20,"both",0.309988758818787,0.569594468699321
"3518","session2",-13.8919395030921,11.9977147727253,1.38364797145707,0.00438348316414575,0.199994286598172,0.502386492226281,0.599817281665201,16,2,100,0.309988758818787,0.569594468699321,36,1.9994772775472,0,-32.07642,245,0,0,20,"both",0.309988758818787,0.569594468699321
"3519","session2",-13.8919395030921,11.9977147727253,1.38364797145707,0.00438348316414575,0.199994286598172,0.502386492226281,0.599817281665201,16,2,100,0.309988758818787,0.569594468699321,36,1.9377457741609,0,-36.3924,245,0,0,20,"both",0.309988758818787,0.569594468699321
"3520","session2",-13.8919395030921,11.9977147727253,1.38364797145707,0.00438348316414575,0.199994286598172,0.502386492226281,0.599817281665201,16,2,100,0.309988758818787,0.569594468699321,36,2.49095663596214,1,-9.4244,245,0,0,20,"both",0.309988758818787,0.569594468699321
"3521","session2",-13.8919395030921,11.9977147727253,1.38364797145707,0.00438348316414575,0.199994286598172,0.502386492226281,0.599817281665201,16,2,100,0.309988758818787,0.569594468699321,36,3.76267969366757,0,-31.9975,245,0,0,20,"both",0.309988758818787,0.569594468699321
"3522","session2",-13.8919395030921,11.9977147727253,1.38364797145707,0.00438348316414575,0.199994286598172,0.502386492226281,0.599817281665201,16,2,100,0.309988758818787,0.569594468699321,36,2.3282343009645,0,-32.4916,245,0,0,20,"both",0.309988758818787,0.569594468699321
"3523","session2",-13.8919395030921,11.9977147727253,1.38364797145707,0.00438348316414575,0.199994286598172,0.502386492226281,0.599817281665201,16,2,100,0.309988758818787,0.569594468699321,36,1.65195121630714,0,-20.92217,245,0,0,20,"both",0.309988758818787,0.569594468699321
"3524","session2",-13.8919395030921,11.9977147727253,1.38364797145707,0.00438348316414575,0.199994286598172,0.502386492226281,0.599817281665201,16,2,100,0.309988758818787,0.569594468699321,36,2.60065310553436,0,-8.78224,245,0,0,20,"both",0.309988758818787,0.569594468699321
"3525","session2",-13.8919395030921,11.9977147727253,1.38364797145707,0.00438348316414575,0.199994286598172,0.502386492226281,0.599817281665201,16,2,100,0.309988758818787,0.569594468699321,36,1.99972112357873,0,-32.9214,245,0,0,20,"both",0.309988758818787,0.569594468699321
"3526","session2",-13.8919395030921,11.9977147727253,1.38364797145707,0.00438348316414575,0.199994286598172,0.502386492226281,0.599817281665201,16,2,100,0.309988758818787,0.569594468699321,36,2.15254190414684,1,-7.37552,245,0,0,20,"both",0.309988758818787,0.569594468699321
"3527","session2",-13.8919395030921,11.9977147727253,1.38364797145707,0.00438348316414575,0.199994286598172,0.502386492226281,0.599817281665201,16,2,100,0.309988758818787,0.569594468699321,36,2.40329834027222,0,-15.96487,245,0,0,20,"both",0.309988758818787,0.569594468699321
"3528","session2",-13.8919395030921,11.9977147727253,1.38364797145707,0.00438348316414575,0.199994286598172,0.502386492226281,0.599817281665201,16,2,100,0.309988758818787,0.569594468699321,36,1.83004316678443,0,-25.76426,245,0,0,20,"both",0.309988758818787,0.569594468699321
"3529","session2",-13.8919395030921,11.9977147727253,1.38364797145707,0.00438348316414575,0.199994286598172,0.502386492226281,0.599817281665201,16,2,100,0.309988758818787,0.569594468699321,36,1.01258604245392,1,-32.8023,245,0,0,20,"both",0.309988758818787,0.569594468699321
"3530","session2",-13.8919395030921,11.9977147727253,1.38364797145707,0.00438348316414575,0.199994286598172,0.502386492226281,0.599817281665201,16,2,100,0.309988758818787,0.569594468699321,36,3.05734478481446,0,-18.08774,245,0,0,20,"both",0.309988758818787,0.569594468699321
"3531","session2",-13.8919395030921,11.9977147727253,1.38364797145707,0.00438348316414575,0.199994286598172,0.502386492226281,0.599817281665201,16,2,100,0.309988758818787,0.569594468699321,36,1.87353885035165,0,-10.38423,245,0,0,20,"both",0.309988758818787,0.569594468699321
"3532","session2",-13.8919395030921,11.9977147727253,1.38364797145707,0.00438348316414575,0.199994286598172,0.502386492226281,0.599817281665201,16,2,100,0.309988758818787,0.569594468699321,36,1.92650987215794,0,-19.81847,245,0,0,20,"both",0.309988758818787,0.569594468699321
"3533","session2",-13.8919395030921,11.9977147727253,1.38364797145707,0.00438348316414575,0.199994286598172,0.502386492226281,0.599817281665201,16,2,100,0.309988758818787,0.569594468699321,36,2.16353464435388,0,-17.41482,245,0,0,20,"both",0.309988758818787,0.569594468699321
"3534","session2",-13.8919395030921,11.9977147727253,1.38364797145707,0.00438348316414575,0.199994286598172,0.502386492226281,0.599817281665201,16,2,100,0.309988758818787,0.569594468699321,36,2.09496760514595,1,-11.56515,245,0,0,20,"both",0.309988758818787,0.569594468699321
"3535","session2",-13.8919395030921,11.9977147727253,1.38364797145707,0.00438348316414575,0.199994286598172,0.502386492226281,0.599817281665201,16,2,100,0.309988758818787,0.569594468699321,36,2.1445826821139,0,-6.92445,245,0,0,20,"both",0.309988758818787,0.569594468699321
"3536","session2",-13.8919395030921,11.9977147727253,1.38364797145707,0.00438348316414575,0.199994286598172,0.502386492226281,0.599817281665201,16,2,100,0.309988758818787,0.569594468699321,36,2.20002775076744,1,-18.43193,245,0,0,20,"both",0.309988758818787,0.569594468699321
"3537","session2",-13.8919395030921,11.9977147727253,1.38364797145707,0.00438348316414575,0.199994286598172,0.502386492226281,0.599817281665201,16,2,100,0.309988758818787,0.569594468699321,36,2.5425070889858,0,-4.178,245,0,0,20,"both",0.309988758818787,0.569594468699321
"3538","session2",-13.8919395030921,11.9977147727253,1.38364797145707,0.00438348316414575,0.199994286598172,0.502386492226281,0.599817281665201,16,2,100,0.309988758818787,0.569594468699321,36,1.74830504397346,0,-7.2916,245,0,0,20,"both",0.309988758818787,0.569594468699321
"3539","session2",-13.8919395030921,11.9977147727253,1.38364797145707,0.00438348316414575,0.199994286598172,0.502386492226281,0.599817281665201,16,2,100,0.309988758818787,0.569594468699321,36,2.82817524156089,1,-3.04731,245,0,0,20,"both",0.309988758818787,0.569594468699321
"3540","session2",-13.8919395030921,11.9977147727253,1.38364797145707,0.00438348316414575,0.199994286598172,0.502386492226281,0.599817281665201,16,2,100,0.309988758818787,0.569594468699321,36,1.68794935626026,0,-20.80172,245,0,0,20,"both",0.309988758818787,0.569594468699321
"3541","session2",-13.8919395030921,11.9977147727253,1.38364797145707,0.00438348316414575,0.199994286598172,0.502386492226281,0.599817281665201,16,2,100,0.309988758818787,0.569594468699321,36,2.58780213941188,1,-11.07995276735,245,0,0,20,"both",0.309988758818787,0.569594468699321
"3542","session2",-13.8919395030921,11.9977147727253,1.38364797145707,0.00438348316414575,0.199994286598172,0.502386492226281,0.599817281665201,16,2,100,0.309988758818787,0.569594468699321,36,1.6206563758042,0,-12.15951,245,0,0,20,"both",0.309988758818787,0.569594468699321
"3543","session2",-13.8919395030921,11.9977147727253,1.38364797145707,0.00438348316414575,0.199994286598172,0.502386492226281,0.599817281665201,16,2,100,0.309988758818787,0.569594468699321,36,3.95512840818413,0,-11.8891,245,0,0,20,"both",0.309988758818787,0.569594468699321
"3544","session2",-13.8919395030921,11.9977147727253,1.38364797145707,0.00438348316414575,0.199994286598172,0.502386492226281,0.599817281665201,16,2,100,0.309988758818787,0.569594468699321,36,1.62843766794226,1,-12.89588,245,0,0,20,"both",0.309988758818787,0.569594468699321
"3545","session2",-13.8919395030921,11.9977147727253,1.38364797145707,0.00438348316414575,0.199994286598172,0.502386492226281,0.599817281665201,16,2,100,0.309988758818787,0.569594468699321,36,2.99091287099409,1,-2.48457,245,0,0,20,"both",0.309988758818787,0.569594468699321
"3546","session2",-13.8919395030921,11.9977147727253,1.38364797145707,0.00438348316414575,0.199994286598172,0.502386492226281,0.599817281665201,16,2,100,0.309988758818787,0.569594468699321,36,1.52267398526108,1,3.7513,245,0,0,20,"both",0.309988758818787,0.569594468699321
"3547","session2",-13.8919395030921,11.9977147727253,1.38364797145707,0.00438348316414575,0.199994286598172,0.502386492226281,0.599817281665201,16,2,100,0.309988758818787,0.569594468699321,36,1.64668094085382,1,-18.92403,245,0,0,20,"both",0.309988758818787,0.569594468699321
"3548","session2",-13.8919395030921,11.9977147727253,1.38364797145707,0.00438348316414575,0.199994286598172,0.502386492226281,0.599817281665201,16,2,100,0.309988758818787,0.569594468699321,36,3.42651707272929,0,-21.99867,245,0,0,20,"both",0.309988758818787,0.569594468699321
"3549","session2",-13.8919395030921,11.9977147727253,1.38364797145707,0.00438348316414575,0.199994286598172,0.502386492226281,0.599817281665201,16,2,100,0.309988758818787,0.569594468699321,36,1.62151879884285,1,11.32833,245,0,0,20,"both",0.309988758818787,0.569594468699321
"3550","session2",-13.8919395030921,11.9977147727253,1.38364797145707,0.00438348316414575,0.199994286598172,0.502386492226281,0.599817281665201,16,2,100,0.309988758818787,0.569594468699321,36,1.44508603775916,0,6.5012,245,0,0,20,"both",0.309988758818787,0.569594468699321
"3551","session2",-13.8919395030921,11.9977147727253,1.38364797145707,0.00438348316414575,0.199994286598172,0.502386492226281,0.599817281665201,16,2,100,0.309988758818787,0.569594468699321,36,2.26781858668468,0,-18.52423,245,0,0,20,"both",0.309988758818787,0.569594468699321
"3552","session2",-13.8919395030921,11.9977147727253,1.38364797145707,0.00438348316414575,0.199994286598172,0.502386492226281,0.599817281665201,16,2,100,0.309988758818787,0.569594468699321,36,2.08150327385563,1,18.92324,245,0,0,20,"both",0.309988758818787,0.569594468699321
"3553","session2",-13.8919395030921,11.9977147727253,1.38364797145707,0.00438348316414575,0.199994286598172,0.502386492226281,0.599817281665201,16,2,100,0.309988758818787,0.569594468699321,36,1.64077134108104,1,-14.25455,245,0,0,20,"both",0.309988758818787,0.569594468699321
"3554","session2",-13.8919395030921,11.9977147727253,1.38364797145707,0.00438348316414575,0.199994286598172,0.502386492226281,0.599817281665201,16,2,100,0.309988758818787,0.569594468699321,36,1.56814953148878,0,-16.4595,245,0,0,20,"both",0.309988758818787,0.569594468699321
"3555","session2",-13.8919395030921,11.9977147727253,1.38364797145707,0.00438348316414575,0.199994286598172,0.502386492226281,0.599817281665201,16,2,100,0.309988758818787,0.569594468699321,36,1.19583222854808,0,-7.47252,245,0,0,20,"both",0.309988758818787,0.569594468699321
"3556","session2",-13.8919395030921,11.9977147727253,1.38364797145707,0.00438348316414575,0.199994286598172,0.502386492226281,0.599817281665201,16,2,100,0.309988758818787,0.569594468699321,36,2.95626196039738,0,-7.9123,245,0,0,20,"both",0.309988758818787,0.569594468699321
"3557","session2",-13.8919395030921,11.9977147727253,1.38364797145707,0.00438348316414575,0.199994286598172,0.502386492226281,0.599817281665201,16,2,100,0.309988758818787,0.569594468699321,36,1.59247336584858,1,-4.2468,245,0,0,20,"both",0.309988758818787,0.569594468699321
"3558","session2",-13.8919395030921,11.9977147727253,1.38364797145707,0.00438348316414575,0.199994286598172,0.502386492226281,0.599817281665201,16,2,100,0.309988758818787,0.569594468699321,36,4.37604928991437,1,-10.9444,245,0,0,20,"both",0.309988758818787,0.569594468699321
"3559","session2",-13.8919395030921,11.9977147727253,1.38364797145707,0.00438348316414575,0.199994286598172,0.502386492226281,0.599817281665201,16,2,100,0.309988758818787,0.569594468699321,36,1.58416451701476,0,-18.46082,245,0,0,20,"both",0.309988758818787,0.569594468699321
"3560","session2",-13.8919395030921,11.9977147727253,1.38364797145707,0.00438348316414575,0.199994286598172,0.502386492226281,0.599817281665201,16,2,100,0.309988758818787,0.569594468699321,36,1.65576255513335,1,4.55461,245,0,0,20,"both",0.309988758818787,0.569594468699321
"3561","session2",-13.8919395030921,11.9977147727253,1.38364797145707,0.00438348316414575,0.199994286598172,0.502386492226281,0.599817281665201,16,2,100,0.309988758818787,0.569594468699321,36,2.18843990175315,0,-26.3065,245,0,0,20,"both",0.309988758818787,0.569594468699321
"3562","session2",-13.8919395030921,11.9977147727253,1.38364797145707,0.00438348316414575,0.199994286598172,0.502386492226281,0.599817281665201,16,2,100,0.309988758818787,0.569594468699321,36,1.9331260968241,0,-12.01647,245,0,0,20,"both",0.309988758818787,0.569594468699321
"3563","session2",-13.8919395030921,11.9977147727253,1.38364797145707,0.00438348316414575,0.199994286598172,0.502386492226281,0.599817281665201,16,2,100,0.309988758818787,0.569594468699321,36,1.54817724210059,1,-19.08629,245,0,0,20,"both",0.309988758818787,0.569594468699321
"3564","session2",-13.8919395030921,11.9977147727253,1.38364797145707,0.00438348316414575,0.199994286598172,0.502386492226281,0.599817281665201,16,2,100,0.309988758818787,0.569594468699321,36,1.96659403162504,1,-20.77558,245,0,0,20,"both",0.309988758818787,0.569594468699321
"3565","session2",-13.8919395030921,11.9977147727253,1.38364797145707,0.00438348316414575,0.199994286598172,0.502386492226281,0.599817281665201,16,2,100,0.309988758818787,0.569594468699321,36,2.05775178690942,1,14.962531,245,0,0,20,"both",0.309988758818787,0.569594468699321
"3566","session2",-13.8919395030921,11.9977147727253,1.38364797145707,0.00438348316414575,0.199994286598172,0.502386492226281,0.599817281665201,16,2,100,0.309988758818787,0.569594468699321,36,1.02746249838719,1,9.1202,245,0,0,20,"both",0.309988758818787,0.569594468699321
"3567","session2",-13.8919395030921,11.9977147727253,1.38364797145707,0.00438348316414575,0.199994286598172,0.502386492226281,0.599817281665201,16,2,100,0.309988758818787,0.569594468699321,36,2.59432588331477,1,20.863865,245,0,0,20,"both",0.309988758818787,0.569594468699321
"3568","session2",-13.8919395030921,11.9977147727253,1.38364797145707,0.00438348316414575,0.199994286598172,0.502386492226281,0.599817281665201,16,2,100,0.309988758818787,0.569594468699321,36,2.5812698908571,1,-6.48001,245,0,0,20,"both",0.309988758818787,0.569594468699321
"3569","session2",-13.8919395030921,11.9977147727253,1.38364797145707,0.00438348316414575,0.199994286598172,0.502386492226281,0.599817281665201,16,2,100,0.309988758818787,0.569594468699321,36,1.76273943674103,1,-5.94154,245,0,0,20,"both",0.309988758818787,0.569594468699321
"3570","session2",-13.8919395030921,11.9977147727253,1.38364797145707,0.00438348316414575,0.199994286598172,0.502386492226281,0.599817281665201,16,2,100,0.309988758818787,0.569594468699321,36,2.02548660521357,0,-20.35874,245,0,0,20,"both",0.309988758818787,0.569594468699321
"3571","session2",-13.8919395030921,11.9977147727253,1.38364797145707,0.00438348316414575,0.199994286598172,0.502386492226281,0.599817281665201,16,2,100,0.309988758818787,0.569594468699321,36,2.23588744596785,0,-23.4681,245,0,0,20,"both",0.309988758818787,0.569594468699321
"3572","session2",-13.8919395030921,11.9977147727253,1.38364797145707,0.00438348316414575,0.199994286598172,0.502386492226281,0.599817281665201,16,2,100,0.309988758818787,0.569594468699321,36,2.42739946380138,1,12.72911,245,0,0,20,"both",0.309988758818787,0.569594468699321
"3573","session2",-13.8919395030921,11.9977147727253,1.38364797145707,0.00438348316414575,0.199994286598172,0.502386492226281,0.599817281665201,16,2,100,0.309988758818787,0.569594468699321,36,4.1540794932129,0,-19.48801,245,0,0,20,"both",0.309988758818787,0.569594468699321
"3574","session2",-13.8919395030921,11.9977147727253,1.38364797145707,0.00438348316414575,0.199994286598172,0.502386492226281,0.599817281665201,16,2,100,0.309988758818787,0.569594468699321,36,2.17483584956738,0,-3.39576,245,0,0,20,"both",0.309988758818787,0.569594468699321
"3575","session2",-13.8919395030921,11.9977147727253,1.38364797145707,0.00438348316414575,0.199994286598172,0.502386492226281,0.599817281665201,16,2,100,0.309988758818787,0.569594468699321,36,4.37561979763929,1,-21.53601,245,0,0,20,"both",0.309988758818787,0.569594468699321
"3576","session2",-13.8919395030921,11.9977147727253,1.38364797145707,0.00438348316414575,0.199994286598172,0.502386492226281,0.599817281665201,16,2,100,0.309988758818787,0.569594468699321,36,2.16971095078542,0,-28.8819,245,0,0,20,"both",0.309988758818787,0.569594468699321
"3577","session2",-13.8919395030921,11.9977147727253,1.38364797145707,0.00438348316414575,0.199994286598172,0.502386492226281,0.599817281665201,16,2,100,0.309988758818787,0.569594468699321,36,1.47277734908327,0,-33.30266,245,0,0,20,"both",0.309988758818787,0.569594468699321
"3578","session2",-13.8919395030921,11.9977147727253,1.38364797145707,0.00438348316414575,0.199994286598172,0.502386492226281,0.599817281665201,16,2,100,0.309988758818787,0.569594468699321,36,3.91159422838891,1,8.7268,245,0,0,20,"both",0.309988758818787,0.569594468699321
"3579","session2",-13.8919395030921,11.9977147727253,1.38364797145707,0.00438348316414575,0.199994286598172,0.502386492226281,0.599817281665201,16,2,100,0.309988758818787,0.569594468699321,36,2.74897692660422,0,-2.2849,245,0,0,20,"both",0.309988758818787,0.569594468699321
"3580","session2",-13.8919395030921,11.9977147727253,1.38364797145707,0.00438348316414575,0.199994286598172,0.502386492226281,0.599817281665201,16,2,100,0.309988758818787,0.569594468699321,36,1.16573595770417,1,-33.0317,245,0,0,20,"both",0.309988758818787,0.569594468699321
"3581","session2",-13.8919395030921,11.9977147727253,1.38364797145707,0.00438348316414575,0.199994286598172,0.502386492226281,0.599817281665201,16,2,100,0.309988758818787,0.569594468699321,36,2.2054852384409,0,-24.6843,245,0,0,20,"both",0.309988758818787,0.569594468699321
"3582","session2",-13.8919395030921,11.9977147727253,1.38364797145707,0.00438348316414575,0.199994286598172,0.502386492226281,0.599817281665201,16,2,100,0.309988758818787,0.569594468699321,36,2.48438214634884,1,-20.98448,245,0,0,20,"both",0.309988758818787,0.569594468699321
"3583","session2",-13.8919395030921,11.9977147727253,1.38364797145707,0.00438348316414575,0.199994286598172,0.502386492226281,0.599817281665201,16,2,100,0.309988758818787,0.569594468699321,36,2.06935150192965,1,1.1639,245,0,0,20,"both",0.309988758818787,0.569594468699321
"3584","session2",-13.8919395030921,11.9977147727253,1.38364797145707,0.00438348316414575,0.199994286598172,0.502386492226281,0.599817281665201,16,2,100,0.309988758818787,0.569594468699321,36,2.65406108628614,1,4.1331,245,0,0,20,"both",0.309988758818787,0.569594468699321
"3585","session2",-13.8919395030921,11.9977147727253,1.38364797145707,0.00438348316414575,0.199994286598172,0.502386492226281,0.599817281665201,16,2,100,0.309988758818787,0.569594468699321,36,1.60448429530661,0,-32.7853,245,0,0,20,"both",0.309988758818787,0.569594468699321
"3586","session2",-13.8919395030921,11.9977147727253,1.38364797145707,0.00438348316414575,0.199994286598172,0.502386492226281,0.599817281665201,16,2,100,0.309988758818787,0.569594468699321,36,1.57087182425983,1,1.9938,245,0,0,20,"both",0.309988758818787,0.569594468699321
"3587","session2",-13.8919395030921,11.9977147727253,1.38364797145707,0.00438348316414575,0.199994286598172,0.502386492226281,0.599817281665201,16,2,100,0.309988758818787,0.569594468699321,36,2.88424501834158,1,11.9003,245,0,0,20,"both",0.309988758818787,0.569594468699321
"3588","session2",-13.8919395030921,11.9977147727253,1.38364797145707,0.00438348316414575,0.199994286598172,0.502386492226281,0.599817281665201,16,2,100,0.309988758818787,0.569594468699321,36,1.69991204871132,0,-28.02355,245,0,0,20,"both",0.309988758818787,0.569594468699321
"3589","session2",-13.8919395030921,11.9977147727253,1.38364797145707,0.00438348316414575,0.199994286598172,0.502386492226281,0.599817281665201,16,2,100,0.309988758818787,0.569594468699321,36,2.29284241034441,1,-19.1462,245,0,0,20,"both",0.309988758818787,0.569594468699321
"3590","session2",-13.8919395030921,11.9977147727253,1.38364797145707,0.00438348316414575,0.199994286598172,0.502386492226281,0.599817281665201,16,2,100,0.309988758818787,0.569594468699321,36,1.19270946924799,1,11.3099,245,0,0,20,"both",0.309988758818787,0.569594468699321
"3591","session2",-13.8919395030921,11.9977147727253,1.38364797145707,0.00438348316414575,0.199994286598172,0.502386492226281,0.599817281665201,16,2,100,0.309988758818787,0.569594468699321,36,2.00160327707418,1,1.4747,245,0,0,20,"both",0.309988758818787,0.569594468699321
"3592","session2",-13.8919395030921,11.9977147727253,1.38364797145707,0.00438348316414575,0.199994286598172,0.502386492226281,0.599817281665201,16,2,100,0.309988758818787,0.569594468699321,36,1.43994961617818,1,10.793,245,0,0,20,"both",0.309988758818787,0.569594468699321
"3593","session2",-13.8919395030921,11.9977147727253,1.38364797145707,0.00438348316414575,0.199994286598172,0.502386492226281,0.599817281665201,16,2,100,0.309988758818787,0.569594468699321,36,1.91930065969922,1,-1.3953,245,0,0,20,"both",0.309988758818787,0.569594468699321
"3594","session2",-13.8919395030921,11.9977147727253,1.38364797145707,0.00438348316414575,0.199994286598172,0.502386492226281,0.599817281665201,16,2,100,0.309988758818787,0.569594468699321,36,1.33566233899604,0,-47.304,245,0,0,20,"both",0.309988758818787,0.569594468699321
"3595","session2",-13.8919395030921,11.9977147727253,1.38364797145707,0.00438348316414575,0.199994286598172,0.502386492226281,0.599817281665201,16,2,100,0.309988758818787,0.569594468699321,36,3.46746154263109,1,-1.74663,245,0,0,20,"both",0.309988758818787,0.569594468699321
"3596","session2",-13.8919395030921,11.9977147727253,1.38364797145707,0.00438348316414575,0.199994286598172,0.502386492226281,0.599817281665201,16,2,100,0.309988758818787,0.569594468699321,36,1.91892289507843,1,-0.4297,245,0,0,20,"both",0.309988758818787,0.569594468699321
"3597","session2",-13.8919395030921,11.9977147727253,1.38364797145707,0.00438348316414575,0.199994286598172,0.502386492226281,0.599817281665201,16,2,100,0.309988758818787,0.569594468699321,36,3.80299871008781,0,-27.0578,245,0,0,20,"both",0.309988758818787,0.569594468699321
"3598","session2",-13.8919395030921,11.9977147727253,1.38364797145707,0.00438348316414575,0.199994286598172,0.502386492226281,0.599817281665201,16,2,100,0.309988758818787,0.569594468699321,36,2.30471629811885,1,10.2032,245,0,0,20,"both",0.309988758818787,0.569594468699321
"3599","session2",-13.8919395030921,11.9977147727253,1.38364797145707,0.00438348316414575,0.199994286598172,0.502386492226281,0.599817281665201,16,2,100,0.309988758818787,0.569594468699321,36,2.22032529805224,1,-8.71152,245,0,0,20,"both",0.309988758818787,0.569594468699321
"3600","session2",-13.8919395030921,11.9977147727253,1.38364797145707,0.00438348316414575,0.199994286598172,0.502386492226281,0.599817281665201,16,2,100,0.309988758818787,0.569594468699321,36,1.99623894098571,1,2.8241,245,0,0,20,"both",0.309988758818787,0.569594468699321
"3601","session2",-18.9224702128998,8.19144478248438,3.29959154153664,0.000196520922910335,0.171245467742793,0.493595950382206,0.406623013922893,17,2,100,0.309988758818787,0.569594468699321,37,2.32308178835216,1,-9.3039059759,245,0,0,20,"both",0.309988758818787,0.569594468699321
"3602","session2",-18.9224702128998,8.19144478248438,3.29959154153664,0.000196520922910335,0.171245467742793,0.493595950382206,0.406623013922893,17,2,100,0.309988758818787,0.569594468699321,37,1.94471094621169,0,-9.41346011637,245,0,0,20,"both",0.309988758818787,0.569594468699321
"3603","session2",-18.9224702128998,8.19144478248438,3.29959154153664,0.000196520922910335,0.171245467742793,0.493595950382206,0.406623013922893,17,2,100,0.309988758818787,0.569594468699321,37,1.47017098329982,1,-2.96952378265,245,0,0,20,"both",0.309988758818787,0.569594468699321
"3604","session2",-18.9224702128998,8.19144478248438,3.29959154153664,0.000196520922910335,0.171245467742793,0.493595950382206,0.406623013922893,17,2,100,0.309988758818787,0.569594468699321,37,1.58207021175858,1,-8.265240196408,245,0,0,20,"both",0.309988758818787,0.569594468699321
"3605","session2",-18.9224702128998,8.19144478248438,3.29959154153664,0.000196520922910335,0.171245467742793,0.493595950382206,0.406623013922893,17,2,100,0.309988758818787,0.569594468699321,37,2.43361752298496,0,-16.07021,245,0,0,20,"both",0.309988758818787,0.569594468699321
"3606","session2",-18.9224702128998,8.19144478248438,3.29959154153664,0.000196520922910335,0.171245467742793,0.493595950382206,0.406623013922893,17,2,100,0.309988758818787,0.569594468699321,37,1.40411867218091,0,-31.68757,245,0,0,20,"both",0.309988758818787,0.569594468699321
"3607","session2",-18.9224702128998,8.19144478248438,3.29959154153664,0.000196520922910335,0.171245467742793,0.493595950382206,0.406623013922893,17,2,100,0.309988758818787,0.569594468699321,37,2.35654269679613,1,-13.09323,245,0,0,20,"both",0.309988758818787,0.569594468699321
"3608","session2",-18.9224702128998,8.19144478248438,3.29959154153664,0.000196520922910335,0.171245467742793,0.493595950382206,0.406623013922893,17,2,100,0.309988758818787,0.569594468699321,37,2.13907135111247,0,-14.616222164,245,0,0,20,"both",0.309988758818787,0.569594468699321
"3609","session2",-18.9224702128998,8.19144478248438,3.29959154153664,0.000196520922910335,0.171245467742793,0.493595950382206,0.406623013922893,17,2,100,0.309988758818787,0.569594468699321,37,8,0,-20.27405,245,0,0,20,"both",0.309988758818787,0.569594468699321
"3610","session2",-18.9224702128998,8.19144478248438,3.29959154153664,0.000196520922910335,0.171245467742793,0.493595950382206,0.406623013922893,17,2,100,0.309988758818787,0.569594468699321,37,1.99948375888606,1,-6.00828,245,0,0,20,"both",0.309988758818787,0.569594468699321
"3611","session2",-18.9224702128998,8.19144478248438,3.29959154153664,0.000196520922910335,0.171245467742793,0.493595950382206,0.406623013922893,17,2,100,0.309988758818787,0.569594468699321,37,1.85976991391734,1,4.75973,245,0,0,20,"both",0.309988758818787,0.569594468699321
"3612","session2",-18.9224702128998,8.19144478248438,3.29959154153664,0.000196520922910335,0.171245467742793,0.493595950382206,0.406623013922893,17,2,100,0.309988758818787,0.569594468699321,37,2.35779526087528,1,-15.5867,245,0,0,20,"both",0.309988758818787,0.569594468699321
"3613","session2",-18.9224702128998,8.19144478248438,3.29959154153664,0.000196520922910335,0.171245467742793,0.493595950382206,0.406623013922893,17,2,100,0.309988758818787,0.569594468699321,37,3.67633801768233,0,-19.35248,245,0,0,20,"both",0.309988758818787,0.569594468699321
"3614","session2",-18.9224702128998,8.19144478248438,3.29959154153664,0.000196520922910335,0.171245467742793,0.493595950382206,0.406623013922893,17,2,100,0.309988758818787,0.569594468699321,37,3.66808899540789,1,-13.31326,245,0,0,20,"both",0.309988758818787,0.569594468699321
"3615","session2",-18.9224702128998,8.19144478248438,3.29959154153664,0.000196520922910335,0.171245467742793,0.493595950382206,0.406623013922893,17,2,100,0.309988758818787,0.569594468699321,37,2.92903994783227,1,-14.92099733,245,0,0,20,"both",0.309988758818787,0.569594468699321
"3616","session2",-18.9224702128998,8.19144478248438,3.29959154153664,0.000196520922910335,0.171245467742793,0.493595950382206,0.406623013922893,17,2,100,0.309988758818787,0.569594468699321,37,5.82821208653207,1,-6.87014,245,0,0,20,"both",0.309988758818787,0.569594468699321
"3617","session2",-18.9224702128998,8.19144478248438,3.29959154153664,0.000196520922910335,0.171245467742793,0.493595950382206,0.406623013922893,17,2,100,0.309988758818787,0.569594468699321,37,2.60961982658105,0,-18.0369,245,0,0,20,"both",0.309988758818787,0.569594468699321
"3618","session2",-18.9224702128998,8.19144478248438,3.29959154153664,0.000196520922910335,0.171245467742793,0.493595950382206,0.406623013922893,17,2,100,0.309988758818787,0.569594468699321,37,3.15641909870665,1,-19.01253,245,0,0,20,"both",0.309988758818787,0.569594468699321
"3619","session2",-18.9224702128998,8.19144478248438,3.29959154153664,0.000196520922910335,0.171245467742793,0.493595950382206,0.406623013922893,17,2,100,0.309988758818787,0.569594468699321,37,1.4049296788829,1,28.4153,245,0,0,20,"both",0.309988758818787,0.569594468699321
"3620","session2",-18.9224702128998,8.19144478248438,3.29959154153664,0.000196520922910335,0.171245467742793,0.493595950382206,0.406623013922893,17,2,100,0.309988758818787,0.569594468699321,37,2.5729172681042,0,-23.7896,245,0,0,20,"both",0.309988758818787,0.569594468699321
"3621","session2",-18.9224702128998,8.19144478248438,3.29959154153664,0.000196520922910335,0.171245467742793,0.493595950382206,0.406623013922893,17,2,100,0.309988758818787,0.569594468699321,37,1.52607090717032,0,-28.29074,245,0,0,20,"both",0.309988758818787,0.569594468699321
"3622","session2",-18.9224702128998,8.19144478248438,3.29959154153664,0.000196520922910335,0.171245467742793,0.493595950382206,0.406623013922893,17,2,100,0.309988758818787,0.569594468699321,37,3.25331090916284,0,-23.99731,245,0,0,20,"both",0.309988758818787,0.569594468699321
"3623","session2",-18.9224702128998,8.19144478248438,3.29959154153664,0.000196520922910335,0.171245467742793,0.493595950382206,0.406623013922893,17,2,100,0.309988758818787,0.569594468699321,37,1.99974607062913,0,-14.77669,245,0,0,20,"both",0.309988758818787,0.569594468699321
"3624","session2",-18.9224702128998,8.19144478248438,3.29959154153664,0.000196520922910335,0.171245467742793,0.493595950382206,0.406623013922893,17,2,100,0.309988758818787,0.569594468699321,37,4.81388841109287,0,-14.06888,245,0,0,20,"both",0.309988758818787,0.569594468699321
"3625","session2",-18.9224702128998,8.19144478248438,3.29959154153664,0.000196520922910335,0.171245467742793,0.493595950382206,0.406623013922893,17,2,100,0.309988758818787,0.569594468699321,37,2.94258716525832,1,-6.35156,245,0,0,20,"both",0.309988758818787,0.569594468699321
"3626","session2",-18.9224702128998,8.19144478248438,3.29959154153664,0.000196520922910335,0.171245467742793,0.493595950382206,0.406623013922893,17,2,100,0.309988758818787,0.569594468699321,37,4.25536850190888,0,-20.66039,245,0,0,20,"both",0.309988758818787,0.569594468699321
"3627","session2",-18.9224702128998,8.19144478248438,3.29959154153664,0.000196520922910335,0.171245467742793,0.493595950382206,0.406623013922893,17,2,100,0.309988758818787,0.569594468699321,37,5.97057643375601,0,-18.27757,245,0,0,20,"both",0.309988758818787,0.569594468699321
"3628","session2",-18.9224702128998,8.19144478248438,3.29959154153664,0.000196520922910335,0.171245467742793,0.493595950382206,0.406623013922893,17,2,100,0.309988758818787,0.569594468699321,37,1.8472221082965,0,-19.34178,245,0,0,20,"both",0.309988758818787,0.569594468699321
"3629","session2",-18.9224702128998,8.19144478248438,3.29959154153664,0.000196520922910335,0.171245467742793,0.493595950382206,0.406623013922893,17,2,100,0.309988758818787,0.569594468699321,37,1.7729259089063,1,-8.60914,245,0,0,20,"both",0.309988758818787,0.569594468699321
"3630","session2",-18.9224702128998,8.19144478248438,3.29959154153664,0.000196520922910335,0.171245467742793,0.493595950382206,0.406623013922893,17,2,100,0.309988758818787,0.569594468699321,37,2.95548668702977,1,-14.23649,245,0,0,20,"both",0.309988758818787,0.569594468699321
"3631","session2",-18.9224702128998,8.19144478248438,3.29959154153664,0.000196520922910335,0.171245467742793,0.493595950382206,0.406623013922893,17,2,100,0.309988758818787,0.569594468699321,37,8,0,-17.71885,245,0,0,20,"both",0.309988758818787,0.569594468699321
"3632","session2",-18.9224702128998,8.19144478248438,3.29959154153664,0.000196520922910335,0.171245467742793,0.493595950382206,0.406623013922893,17,2,100,0.309988758818787,0.569594468699321,37,3.91612836469582,1,-11.14675,245,0,0,20,"both",0.309988758818787,0.569594468699321
"3633","session2",-18.9224702128998,8.19144478248438,3.29959154153664,0.000196520922910335,0.171245467742793,0.493595950382206,0.406623013922893,17,2,100,0.309988758818787,0.569594468699321,37,1.82984778241496,0,-15.69914,245,0,0,20,"both",0.309988758818787,0.569594468699321
"3634","session2",-18.9224702128998,8.19144478248438,3.29959154153664,0.000196520922910335,0.171245467742793,0.493595950382206,0.406623013922893,17,2,100,0.309988758818787,0.569594468699321,37,2.41699307599008,1,-11.98552,245,0,0,20,"both",0.309988758818787,0.569594468699321
"3635","session2",-18.9224702128998,8.19144478248438,3.29959154153664,0.000196520922910335,0.171245467742793,0.493595950382206,0.406623013922893,17,2,100,0.309988758818787,0.569594468699321,37,4.4284884951361,0,-17.89055,245,0,0,20,"both",0.309988758818787,0.569594468699321
"3636","session2",-18.9224702128998,8.19144478248438,3.29959154153664,0.000196520922910335,0.171245467742793,0.493595950382206,0.406623013922893,17,2,100,0.309988758818787,0.569594468699321,37,2.25274040455085,0,-16.21105,245,0,0,20,"both",0.309988758818787,0.569594468699321
"3637","session2",-18.9224702128998,8.19144478248438,3.29959154153664,0.000196520922910335,0.171245467742793,0.493595950382206,0.406623013922893,17,2,100,0.309988758818787,0.569594468699321,37,1.20006607289133,1,-9.56206,245,0,0,20,"both",0.309988758818787,0.569594468699321
"3638","session2",-18.9224702128998,8.19144478248438,3.29959154153664,0.000196520922910335,0.171245467742793,0.493595950382206,0.406623013922893,17,2,100,0.309988758818787,0.569594468699321,37,3.09020945043491,0,-17.09437,245,0,0,20,"both",0.309988758818787,0.569594468699321
"3639","session2",-18.9224702128998,8.19144478248438,3.29959154153664,0.000196520922910335,0.171245467742793,0.493595950382206,0.406623013922893,17,2,100,0.309988758818787,0.569594468699321,37,2.25484751706939,0,-9.28702,245,0,0,20,"both",0.309988758818787,0.569594468699321
"3640","session2",-18.9224702128998,8.19144478248438,3.29959154153664,0.000196520922910335,0.171245467742793,0.493595950382206,0.406623013922893,17,2,100,0.309988758818787,0.569594468699321,37,3.3177025274088,0,-12.1637,245,0,0,20,"both",0.309988758818787,0.569594468699321
"3641","session2",-18.9224702128998,8.19144478248438,3.29959154153664,0.000196520922910335,0.171245467742793,0.493595950382206,0.406623013922893,17,2,100,0.309988758818787,0.569594468699321,37,1.44899331360205,1,-13.12167,245,0,0,20,"both",0.309988758818787,0.569594468699321
"3642","session2",-18.9224702128998,8.19144478248438,3.29959154153664,0.000196520922910335,0.171245467742793,0.493595950382206,0.406623013922893,17,2,100,0.309988758818787,0.569594468699321,37,1.14867386098556,1,-7.04323,245,0,0,20,"both",0.309988758818787,0.569594468699321
"3643","session2",-18.9224702128998,8.19144478248438,3.29959154153664,0.000196520922910335,0.171245467742793,0.493595950382206,0.406623013922893,17,2,100,0.309988758818787,0.569594468699321,37,2.31356032387835,1,-12.03513,245,0,0,20,"both",0.309988758818787,0.569594468699321
"3644","session2",-18.9224702128998,8.19144478248438,3.29959154153664,0.000196520922910335,0.171245467742793,0.493595950382206,0.406623013922893,17,2,100,0.309988758818787,0.569594468699321,37,1.85691147164651,0,-18.03768,245,0,0,20,"both",0.309988758818787,0.569594468699321
"3645","session2",-18.9224702128998,8.19144478248438,3.29959154153664,0.000196520922910335,0.171245467742793,0.493595950382206,0.406623013922893,17,2,100,0.309988758818787,0.569594468699321,37,2.41962843662308,0,-19.29759,245,0,0,20,"both",0.309988758818787,0.569594468699321
"3646","session2",-18.9224702128998,8.19144478248438,3.29959154153664,0.000196520922910335,0.171245467742793,0.493595950382206,0.406623013922893,17,2,100,0.309988758818787,0.569594468699321,37,2.33633732484459,1,-16.48957,245,0,0,20,"both",0.309988758818787,0.569594468699321
"3647","session2",-18.9224702128998,8.19144478248438,3.29959154153664,0.000196520922910335,0.171245467742793,0.493595950382206,0.406623013922893,17,2,100,0.309988758818787,0.569594468699321,37,8,1,-21.01121,245,0,0,20,"both",0.309988758818787,0.569594468699321
"3648","session2",-18.9224702128998,8.19144478248438,3.29959154153664,0.000196520922910335,0.171245467742793,0.493595950382206,0.406623013922893,17,2,100,0.309988758818787,0.569594468699321,37,1.03235837008177,1,-3.41245,245,0,0,20,"both",0.309988758818787,0.569594468699321
"3649","session2",-18.9224702128998,8.19144478248438,3.29959154153664,0.000196520922910335,0.171245467742793,0.493595950382206,0.406623013922893,17,2,100,0.309988758818787,0.569594468699321,37,2.41569306316572,1,-16.44048,245,0,0,20,"both",0.309988758818787,0.569594468699321
"3650","session2",-18.9224702128998,8.19144478248438,3.29959154153664,0.000196520922910335,0.171245467742793,0.493595950382206,0.406623013922893,17,2,100,0.309988758818787,0.569594468699321,37,3.77435606626797,1,-18.94943,245,0,0,20,"both",0.309988758818787,0.569594468699321
"3651","session2",-18.9224702128998,8.19144478248438,3.29959154153664,0.000196520922910335,0.171245467742793,0.493595950382206,0.406623013922893,17,2,100,0.309988758818787,0.569594468699321,37,2.91631836478523,0,-17.16122,245,0,0,20,"both",0.309988758818787,0.569594468699321
"3652","session2",-18.9224702128998,8.19144478248438,3.29959154153664,0.000196520922910335,0.171245467742793,0.493595950382206,0.406623013922893,17,2,100,0.309988758818787,0.569594468699321,37,1.92928331084754,0,-29.1814,245,0,0,20,"both",0.309988758818787,0.569594468699321
"3653","session2",-18.9224702128998,8.19144478248438,3.29959154153664,0.000196520922910335,0.171245467742793,0.493595950382206,0.406623013922893,17,2,100,0.309988758818787,0.569594468699321,37,2.24552499391086,1,-19.55042,245,0,0,20,"both",0.309988758818787,0.569594468699321
"3654","session2",-18.9224702128998,8.19144478248438,3.29959154153664,0.000196520922910335,0.171245467742793,0.493595950382206,0.406623013922893,17,2,100,0.309988758818787,0.569594468699321,37,2.44597767585423,0,-20.53579,245,0,0,20,"both",0.309988758818787,0.569594468699321
"3655","session2",-18.9224702128998,8.19144478248438,3.29959154153664,0.000196520922910335,0.171245467742793,0.493595950382206,0.406623013922893,17,2,100,0.309988758818787,0.569594468699321,37,1.48642988519191,1,-6.94364,245,0,0,20,"both",0.309988758818787,0.569594468699321
"3656","session2",-18.9224702128998,8.19144478248438,3.29959154153664,0.000196520922910335,0.171245467742793,0.493595950382206,0.406623013922893,17,2,100,0.309988758818787,0.569594468699321,37,2.14078788413285,0,-10.09551,245,0,0,20,"both",0.309988758818787,0.569594468699321
"3657","session2",-18.9224702128998,8.19144478248438,3.29959154153664,0.000196520922910335,0.171245467742793,0.493595950382206,0.406623013922893,17,2,100,0.309988758818787,0.569594468699321,37,3.9389910907309,1,-13.91472,245,0,0,20,"both",0.309988758818787,0.569594468699321
"3658","session2",-18.9224702128998,8.19144478248438,3.29959154153664,0.000196520922910335,0.171245467742793,0.493595950382206,0.406623013922893,17,2,100,0.309988758818787,0.569594468699321,37,1.53280868476072,0,-7.80395,245,0,0,20,"both",0.309988758818787,0.569594468699321
"3659","session2",-18.9224702128998,8.19144478248438,3.29959154153664,0.000196520922910335,0.171245467742793,0.493595950382206,0.406623013922893,17,2,100,0.309988758818787,0.569594468699321,37,1.23427651741989,1,-8.85997,245,0,0,20,"both",0.309988758818787,0.569594468699321
"3660","session2",-18.9224702128998,8.19144478248438,3.29959154153664,0.000196520922910335,0.171245467742793,0.493595950382206,0.406623013922893,17,2,100,0.309988758818787,0.569594468699321,37,1.91950317694732,1,-5.9836,245,0,0,20,"both",0.309988758818787,0.569594468699321
"3661","session2",-18.9224702128998,8.19144478248438,3.29959154153664,0.000196520922910335,0.171245467742793,0.493595950382206,0.406623013922893,17,2,100,0.309988758818787,0.569594468699321,37,5.21557088910528,1,-13.19885,245,0,0,20,"both",0.309988758818787,0.569594468699321
"3662","session2",-18.9224702128998,8.19144478248438,3.29959154153664,0.000196520922910335,0.171245467742793,0.493595950382206,0.406623013922893,17,2,100,0.309988758818787,0.569594468699321,37,3.56876633078714,0,-23.4449,245,0,0,20,"both",0.309988758818787,0.569594468699321
"3663","session2",-18.9224702128998,8.19144478248438,3.29959154153664,0.000196520922910335,0.171245467742793,0.493595950382206,0.406623013922893,17,2,100,0.309988758818787,0.569594468699321,37,1.96523610492023,0,-20.19392,245,0,0,20,"both",0.309988758818787,0.569594468699321
"3664","session2",-18.9224702128998,8.19144478248438,3.29959154153664,0.000196520922910335,0.171245467742793,0.493595950382206,0.406623013922893,17,2,100,0.309988758818787,0.569594468699321,37,1.52307693182509,1,-6.72353,245,0,0,20,"both",0.309988758818787,0.569594468699321
"3665","session2",-18.9224702128998,8.19144478248438,3.29959154153664,0.000196520922910335,0.171245467742793,0.493595950382206,0.406623013922893,17,2,100,0.309988758818787,0.569594468699321,37,1.86562452089149,0,-10.45295,245,0,0,20,"both",0.309988758818787,0.569594468699321
"3666","session2",-18.9224702128998,8.19144478248438,3.29959154153664,0.000196520922910335,0.171245467742793,0.493595950382206,0.406623013922893,17,2,100,0.309988758818787,0.569594468699321,37,4.56539649517256,1,-15.74388,245,0,0,20,"both",0.309988758818787,0.569594468699321
"3667","session2",-18.9224702128998,8.19144478248438,3.29959154153664,0.000196520922910335,0.171245467742793,0.493595950382206,0.406623013922893,17,2,100,0.309988758818787,0.569594468699321,37,3.00406467192074,1,-6.24752,245,0,0,20,"both",0.309988758818787,0.569594468699321
"3668","session2",-18.9224702128998,8.19144478248438,3.29959154153664,0.000196520922910335,0.171245467742793,0.493595950382206,0.406623013922893,17,2,100,0.309988758818787,0.569594468699321,37,1.61948375962943,1,-8.03381,245,0,0,20,"both",0.309988758818787,0.569594468699321
"3669","session2",-18.9224702128998,8.19144478248438,3.29959154153664,0.000196520922910335,0.171245467742793,0.493595950382206,0.406623013922893,17,2,100,0.309988758818787,0.569594468699321,37,3.59591467035992,0,-22.33614,245,0,0,20,"both",0.309988758818787,0.569594468699321
"3670","session2",-18.9224702128998,8.19144478248438,3.29959154153664,0.000196520922910335,0.171245467742793,0.493595950382206,0.406623013922893,17,2,100,0.309988758818787,0.569594468699321,37,4.28723170894731,0,-21.61946,245,0,0,20,"both",0.309988758818787,0.569594468699321
"3671","session2",-18.9224702128998,8.19144478248438,3.29959154153664,0.000196520922910335,0.171245467742793,0.493595950382206,0.406623013922893,17,2,100,0.309988758818787,0.569594468699321,37,3.81131570105017,0,-19.53905,245,0,0,20,"both",0.309988758818787,0.569594468699321
"3672","session2",-18.9224702128998,8.19144478248438,3.29959154153664,0.000196520922910335,0.171245467742793,0.493595950382206,0.406623013922893,17,2,100,0.309988758818787,0.569594468699321,37,3.58977549344984,1,-7.34608,245,0,0,20,"both",0.309988758818787,0.569594468699321
"3673","session2",-18.9224702128998,8.19144478248438,3.29959154153664,0.000196520922910335,0.171245467742793,0.493595950382206,0.406623013922893,17,2,100,0.309988758818787,0.569594468699321,37,2.02206578621474,0,-9.39117,245,0,0,20,"both",0.309988758818787,0.569594468699321
"3674","session2",-18.9224702128998,8.19144478248438,3.29959154153664,0.000196520922910335,0.171245467742793,0.493595950382206,0.406623013922893,17,2,100,0.309988758818787,0.569594468699321,37,2.2623812089921,0,-21.22304,245,0,0,20,"both",0.309988758818787,0.569594468699321
"3675","session2",-18.9224702128998,8.19144478248438,3.29959154153664,0.000196520922910335,0.171245467742793,0.493595950382206,0.406623013922893,17,2,100,0.309988758818787,0.569594468699321,37,2.35284531774924,1,-7.35711,245,0,0,20,"both",0.309988758818787,0.569594468699321
"3676","session2",-18.9224702128998,8.19144478248438,3.29959154153664,0.000196520922910335,0.171245467742793,0.493595950382206,0.406623013922893,17,2,100,0.309988758818787,0.569594468699321,37,5.48744083875637,0,-21.63563,245,0,0,20,"both",0.309988758818787,0.569594468699321
"3677","session2",-18.9224702128998,8.19144478248438,3.29959154153664,0.000196520922910335,0.171245467742793,0.493595950382206,0.406623013922893,17,2,100,0.309988758818787,0.569594468699321,37,4.64393671619314,1,-17.62662,245,0,0,20,"both",0.309988758818787,0.569594468699321
"3678","session2",-18.9224702128998,8.19144478248438,3.29959154153664,0.000196520922910335,0.171245467742793,0.493595950382206,0.406623013922893,17,2,100,0.309988758818787,0.569594468699321,37,1.55886203502887,1,-10.18968,245,0,0,20,"both",0.309988758818787,0.569594468699321
"3679","session2",-18.9224702128998,8.19144478248438,3.29959154153664,0.000196520922910335,0.171245467742793,0.493595950382206,0.406623013922893,17,2,100,0.309988758818787,0.569594468699321,37,1.57782369916082,1,-7.2451,245,0,0,20,"both",0.309988758818787,0.569594468699321
"3680","session2",-18.9224702128998,8.19144478248438,3.29959154153664,0.000196520922910335,0.171245467742793,0.493595950382206,0.406623013922893,17,2,100,0.309988758818787,0.569594468699321,37,1.91247606568158,0,-17.31131,245,0,0,20,"both",0.309988758818787,0.569594468699321
"3681","session2",-18.9224702128998,8.19144478248438,3.29959154153664,0.000196520922910335,0.171245467742793,0.493595950382206,0.406623013922893,17,2,100,0.309988758818787,0.569594468699321,37,1.42421357547116,1,-8.38155,245,0,0,20,"both",0.309988758818787,0.569594468699321
"3682","session2",-18.9224702128998,8.19144478248438,3.29959154153664,0.000196520922910335,0.171245467742793,0.493595950382206,0.406623013922893,17,2,100,0.309988758818787,0.569594468699321,37,3.47970008161828,0,-22.61246,245,0,0,20,"both",0.309988758818787,0.569594468699321
"3683","session2",-18.9224702128998,8.19144478248438,3.29959154153664,0.000196520922910335,0.171245467742793,0.493595950382206,0.406623013922893,17,2,100,0.309988758818787,0.569594468699321,37,3.9913591597251,1,-21.98045,245,0,0,20,"both",0.309988758818787,0.569594468699321
"3684","session2",-18.9224702128998,8.19144478248438,3.29959154153664,0.000196520922910335,0.171245467742793,0.493595950382206,0.406623013922893,17,2,100,0.309988758818787,0.569594468699321,37,1.64422462748279,1,-19.86257,245,0,0,20,"both",0.309988758818787,0.569594468699321
"3685","session2",-18.9224702128998,8.19144478248438,3.29959154153664,0.000196520922910335,0.171245467742793,0.493595950382206,0.406623013922893,17,2,100,0.309988758818787,0.569594468699321,37,1.30550561426248,1,-9.07231,245,0,0,20,"both",0.309988758818787,0.569594468699321
"3686","session2",-18.9224702128998,8.19144478248438,3.29959154153664,0.000196520922910335,0.171245467742793,0.493595950382206,0.406623013922893,17,2,100,0.309988758818787,0.569594468699321,37,2.2603713057494,1,-17.11038,245,0,0,20,"both",0.309988758818787,0.569594468699321
"3687","session2",-18.9224702128998,8.19144478248438,3.29959154153664,0.000196520922910335,0.171245467742793,0.493595950382206,0.406623013922893,17,2,100,0.309988758818787,0.569594468699321,37,3.28295178322888,0,-21.0793,245,0,0,20,"both",0.309988758818787,0.569594468699321
"3688","session2",-18.9224702128998,8.19144478248438,3.29959154153664,0.000196520922910335,0.171245467742793,0.493595950382206,0.406623013922893,17,2,100,0.309988758818787,0.569594468699321,37,3.91669654795981,1,-21.14816,245,0,0,20,"both",0.309988758818787,0.569594468699321
"3689","session2",-18.9224702128998,8.19144478248438,3.29959154153664,0.000196520922910335,0.171245467742793,0.493595950382206,0.406623013922893,17,2,100,0.309988758818787,0.569594468699321,37,2.98962163962023,0,-26.41943,245,0,0,20,"both",0.309988758818787,0.569594468699321
"3690","session2",-18.9224702128998,8.19144478248438,3.29959154153664,0.000196520922910335,0.171245467742793,0.493595950382206,0.406623013922893,17,2,100,0.309988758818787,0.569594468699321,37,1.73172333508082,0,-10.51157,245,0,0,20,"both",0.309988758818787,0.569594468699321
"3691","session2",-18.9224702128998,8.19144478248438,3.29959154153664,0.000196520922910335,0.171245467742793,0.493595950382206,0.406623013922893,17,2,100,0.309988758818787,0.569594468699321,37,1.97980956955182,0,-26.77467,245,0,0,20,"both",0.309988758818787,0.569594468699321
"3692","session2",-18.9224702128998,8.19144478248438,3.29959154153664,0.000196520922910335,0.171245467742793,0.493595950382206,0.406623013922893,17,2,100,0.309988758818787,0.569594468699321,37,2.56489651120695,1,-20.3111,245,0,0,20,"both",0.309988758818787,0.569594468699321
"3693","session2",-18.9224702128998,8.19144478248438,3.29959154153664,0.000196520922910335,0.171245467742793,0.493595950382206,0.406623013922893,17,2,100,0.309988758818787,0.569594468699321,37,2.01963540407698,0,-25.41725,245,0,0,20,"both",0.309988758818787,0.569594468699321
"3694","session2",-18.9224702128998,8.19144478248438,3.29959154153664,0.000196520922910335,0.171245467742793,0.493595950382206,0.406623013922893,17,2,100,0.309988758818787,0.569594468699321,37,2.07725152448502,0,-22.1004,245,0,0,20,"both",0.309988758818787,0.569594468699321
"3695","session2",-18.9224702128998,8.19144478248438,3.29959154153664,0.000196520922910335,0.171245467742793,0.493595950382206,0.406623013922893,17,2,100,0.309988758818787,0.569594468699321,37,4.71419561552904,0,-22.63319,245,0,0,20,"both",0.309988758818787,0.569594468699321
"3696","session2",-18.9224702128998,8.19144478248438,3.29959154153664,0.000196520922910335,0.171245467742793,0.493595950382206,0.406623013922893,17,2,100,0.309988758818787,0.569594468699321,37,2.25254094620983,1,-18.75055,245,0,0,20,"both",0.309988758818787,0.569594468699321
"3697","session2",-18.9224702128998,8.19144478248438,3.29959154153664,0.000196520922910335,0.171245467742793,0.493595950382206,0.406623013922893,17,2,100,0.309988758818787,0.569594468699321,37,2.93044149673077,1,-10.70941,245,0,0,20,"both",0.309988758818787,0.569594468699321
"3698","session2",-18.9224702128998,8.19144478248438,3.29959154153664,0.000196520922910335,0.171245467742793,0.493595950382206,0.406623013922893,17,2,100,0.309988758818787,0.569594468699321,37,1.61228989303368,1,-7.51044,245,0,0,20,"both",0.309988758818787,0.569594468699321
"3699","session2",-18.9224702128998,8.19144478248438,3.29959154153664,0.000196520922910335,0.171245467742793,0.493595950382206,0.406623013922893,17,2,100,0.309988758818787,0.569594468699321,37,1.91534346809166,1,-24.30063,245,0,0,20,"both",0.309988758818787,0.569594468699321
"3700","session2",-18.9224702128998,8.19144478248438,3.29959154153664,0.000196520922910335,0.171245467742793,0.493595950382206,0.406623013922893,17,2,100,0.309988758818787,0.569594468699321,37,2.55212721338221,1,-20.42983,245,0,0,20,"both",0.309988758818787,0.569594468699321
"3701","session2",-18.4876172716026,11.427419152953,2.56690091634838,0.00101382620935393,0.089612080065982,0.44018725081704,0.845471818656148,18,2,100,0.309988758818787,0.569594468699321,38,1.70108529765941,1,-9.0155305911,245,0,0,20,"both",0.309988758818787,0.569594468699321
"3702","session2",-18.4876172716026,11.427419152953,2.56690091634838,0.00101382620935393,0.089612080065982,0.44018725081704,0.845471818656148,18,2,100,0.309988758818787,0.569594468699321,38,3.38653380923898,0,-8.2828788032,245,0,0,20,"both",0.309988758818787,0.569594468699321
"3703","session2",-18.4876172716026,11.427419152953,2.56690091634838,0.00101382620935393,0.089612080065982,0.44018725081704,0.845471818656148,18,2,100,0.309988758818787,0.569594468699321,38,2.27831705780678,1,-1.899669168,245,0,0,20,"both",0.309988758818787,0.569594468699321
"3704","session2",-18.4876172716026,11.427419152953,2.56690091634838,0.00101382620935393,0.089612080065982,0.44018725081704,0.845471818656148,18,2,100,0.309988758818787,0.569594468699321,38,2.86883208266789,1,-7.2351864178,245,0,0,20,"both",0.309988758818787,0.569594468699321
"3705","session2",-18.4876172716026,11.427419152953,2.56690091634838,0.00101382620935393,0.089612080065982,0.44018725081704,0.845471818656148,18,2,100,0.309988758818787,0.569594468699321,38,2.54360427247689,0,-23.58821,245,0,0,20,"both",0.309988758818787,0.569594468699321
"3706","session2",-18.4876172716026,11.427419152953,2.56690091634838,0.00101382620935393,0.089612080065982,0.44018725081704,0.845471818656148,18,2,100,0.309988758818787,0.569594468699321,38,2.4375991007431,0,-18.53783,245,0,0,20,"both",0.309988758818787,0.569594468699321
"3707","session2",-18.4876172716026,11.427419152953,2.56690091634838,0.00101382620935393,0.089612080065982,0.44018725081704,0.845471818656148,18,2,100,0.309988758818787,0.569594468699321,38,1.33729842044567,1,13.0806,245,0,0,20,"both",0.309988758818787,0.569594468699321
"3708","session2",-18.4876172716026,11.427419152953,2.56690091634838,0.00101382620935393,0.089612080065982,0.44018725081704,0.845471818656148,18,2,100,0.309988758818787,0.569594468699321,38,2.07836930524721,1,-2.19605,245,0,0,20,"both",0.309988758818787,0.569594468699321
"3709","session2",-18.4876172716026,11.427419152953,2.56690091634838,0.00101382620935393,0.089612080065982,0.44018725081704,0.845471818656148,18,2,100,0.309988758818787,0.569594468699321,38,1.81853277724618,1,-8.24877,245,0,0,20,"both",0.309988758818787,0.569594468699321
"3710","session2",-18.4876172716026,11.427419152953,2.56690091634838,0.00101382620935393,0.089612080065982,0.44018725081704,0.845471818656148,18,2,100,0.309988758818787,0.569594468699321,38,2.56791653675385,0,-19.31266,245,0,0,20,"both",0.309988758818787,0.569594468699321
"3711","session2",-18.4876172716026,11.427419152953,2.56690091634838,0.00101382620935393,0.089612080065982,0.44018725081704,0.845471818656148,18,2,100,0.309988758818787,0.569594468699321,38,3.51923399353457,1,-14.50246,245,0,0,20,"both",0.309988758818787,0.569594468699321
"3712","session2",-18.4876172716026,11.427419152953,2.56690091634838,0.00101382620935393,0.089612080065982,0.44018725081704,0.845471818656148,18,2,100,0.309988758818787,0.569594468699321,38,3.91012199471388,1,-17.77357,245,0,0,20,"both",0.309988758818787,0.569594468699321
"3713","session2",-18.4876172716026,11.427419152953,2.56690091634838,0.00101382620935393,0.089612080065982,0.44018725081704,0.845471818656148,18,2,100,0.309988758818787,0.569594468699321,38,2.78459368593668,0,-20.26924,245,0,0,20,"both",0.309988758818787,0.569594468699321
"3714","session2",-18.4876172716026,11.427419152953,2.56690091634838,0.00101382620935393,0.089612080065982,0.44018725081704,0.845471818656148,18,2,100,0.309988758818787,0.569594468699321,38,3.01861240611059,1,-6.6403,245,0,0,20,"both",0.309988758818787,0.569594468699321
"3715","session2",-18.4876172716026,11.427419152953,2.56690091634838,0.00101382620935393,0.089612080065982,0.44018725081704,0.845471818656148,18,2,100,0.309988758818787,0.569594468699321,38,3.62330808882586,1,-14.8215217,245,0,0,20,"both",0.309988758818787,0.569594468699321
"3716","session2",-18.4876172716026,11.427419152953,2.56690091634838,0.00101382620935393,0.089612080065982,0.44018725081704,0.845471818656148,18,2,100,0.309988758818787,0.569594468699321,38,1.79365245920712,1,-21.53118,245,0,0,20,"both",0.309988758818787,0.569594468699321
"3717","session2",-18.4876172716026,11.427419152953,2.56690091634838,0.00101382620935393,0.089612080065982,0.44018725081704,0.845471818656148,18,2,100,0.309988758818787,0.569594468699321,38,1.62910173237498,1,-32.59879,245,0,0,20,"both",0.309988758818787,0.569594468699321
"3718","session2",-18.4876172716026,11.427419152953,2.56690091634838,0.00101382620935393,0.089612080065982,0.44018725081704,0.845471818656148,18,2,100,0.309988758818787,0.569594468699321,38,1.54140422009788,0,-48.7105,245,0,0,20,"both",0.309988758818787,0.569594468699321
"3719","session2",-18.4876172716026,11.427419152953,2.56690091634838,0.00101382620935393,0.089612080065982,0.44018725081704,0.845471818656148,18,2,100,0.309988758818787,0.569594468699321,38,2.42936631651824,0,-38.97324,245,0,0,20,"both",0.309988758818787,0.569594468699321
"3720","session2",-18.4876172716026,11.427419152953,2.56690091634838,0.00101382620935393,0.089612080065982,0.44018725081704,0.845471818656148,18,2,100,0.309988758818787,0.569594468699321,38,1.4669453895666,0,-42.02525,245,0,0,20,"both",0.309988758818787,0.569594468699321
"3721","session2",-18.4876172716026,11.427419152953,2.56690091634838,0.00101382620935393,0.089612080065982,0.44018725081704,0.845471818656148,18,2,100,0.309988758818787,0.569594468699321,38,2.72201908101459,0,-24.7598,245,0,0,20,"both",0.309988758818787,0.569594468699321
"3722","session2",-18.4876172716026,11.427419152953,2.56690091634838,0.00101382620935393,0.089612080065982,0.44018725081704,0.845471818656148,18,2,100,0.309988758818787,0.569594468699321,38,2.23499060855532,1,-26.00332,245,0,0,20,"both",0.309988758818787,0.569594468699321
"3723","session2",-18.4876172716026,11.427419152953,2.56690091634838,0.00101382620935393,0.089612080065982,0.44018725081704,0.845471818656148,18,2,100,0.309988758818787,0.569594468699321,38,2.02325447835657,0,-22.46838,245,0,0,20,"both",0.309988758818787,0.569594468699321
"3724","session2",-18.4876172716026,11.427419152953,2.56690091634838,0.00101382620935393,0.089612080065982,0.44018725081704,0.845471818656148,18,2,100,0.309988758818787,0.569594468699321,38,1.98855236220445,0,-12.11064,245,0,0,20,"both",0.309988758818787,0.569594468699321
"3725","session2",-18.4876172716026,11.427419152953,2.56690091634838,0.00101382620935393,0.089612080065982,0.44018725081704,0.845471818656148,18,2,100,0.309988758818787,0.569594468699321,38,2.36682093844966,1,0.398099999999999,245,0,0,20,"both",0.309988758818787,0.569594468699321
"3726","session2",-18.4876172716026,11.427419152953,2.56690091634838,0.00101382620935393,0.089612080065982,0.44018725081704,0.845471818656148,18,2,100,0.309988758818787,0.569594468699321,38,1.58496248118035,0,-48.3338,245,0,0,20,"both",0.309988758818787,0.569594468699321
"3727","session2",-18.4876172716026,11.427419152953,2.56690091634838,0.00101382620935393,0.089612080065982,0.44018725081704,0.845471818656148,18,2,100,0.309988758818787,0.569594468699321,38,4.05260870459057,1,-22.24691,245,0,0,20,"both",0.309988758818787,0.569594468699321
"3728","session2",-18.4876172716026,11.427419152953,2.56690091634838,0.00101382620935393,0.089612080065982,0.44018725081704,0.845471818656148,18,2,100,0.309988758818787,0.569594468699321,38,2.07715471118112,1,-19.62903914,245,0,0,20,"both",0.309988758818787,0.569594468699321
"3729","session2",-18.4876172716026,11.427419152953,2.56690091634838,0.00101382620935393,0.089612080065982,0.44018725081704,0.845471818656148,18,2,100,0.309988758818787,0.569594468699321,38,2.13791534470804,0,-33.18787,245,0,0,20,"both",0.309988758818787,0.569594468699321
"3730","session2",-18.4876172716026,11.427419152953,2.56690091634838,0.00101382620935393,0.089612080065982,0.44018725081704,0.845471818656148,18,2,100,0.309988758818787,0.569594468699321,38,1.89356416022563,0,-1.7879,245,0,0,20,"both",0.309988758818787,0.569594468699321
"3731","session2",-18.4876172716026,11.427419152953,2.56690091634838,0.00101382620935393,0.089612080065982,0.44018725081704,0.845471818656148,18,2,100,0.309988758818787,0.569594468699321,38,8,1,-16.94883043,245,0,0,20,"both",0.309988758818787,0.569594468699321
"3732","session2",-18.4876172716026,11.427419152953,2.56690091634838,0.00101382620935393,0.089612080065982,0.44018725081704,0.845471818656148,18,2,100,0.309988758818787,0.569594468699321,38,2.51139939319507,0,-19.633961344,245,0,0,20,"both",0.309988758818787,0.569594468699321
"3733","session2",-18.4876172716026,11.427419152953,2.56690091634838,0.00101382620935393,0.089612080065982,0.44018725081704,0.845471818656148,18,2,100,0.309988758818787,0.569594468699321,38,1.64416850799145,0,-42.2644,245,0,0,20,"both",0.309988758818787,0.569594468699321
"3734","session2",-18.4876172716026,11.427419152953,2.56690091634838,0.00101382620935393,0.089612080065982,0.44018725081704,0.845471818656148,18,2,100,0.309988758818787,0.569594468699321,38,2.44275497621388,1,-17.292168142,245,0,0,20,"both",0.309988758818787,0.569594468699321
"3735","session2",-18.4876172716026,11.427419152953,2.56690091634838,0.00101382620935393,0.089612080065982,0.44018725081704,0.845471818656148,18,2,100,0.309988758818787,0.569594468699321,38,2.08260164448512,1,3.8847,245,0,0,20,"both",0.309988758818787,0.569594468699321
"3736","session2",-18.4876172716026,11.427419152953,2.56690091634838,0.00101382620935393,0.089612080065982,0.44018725081704,0.845471818656148,18,2,100,0.309988758818787,0.569594468699321,38,1.83100844671033,1,-19.96543241,245,0,0,20,"both",0.309988758818787,0.569594468699321
"3737","session2",-18.4876172716026,11.427419152953,2.56690091634838,0.00101382620935393,0.089612080065982,0.44018725081704,0.845471818656148,18,2,100,0.309988758818787,0.569594468699321,38,2.48281344914359,0,-32.1365,245,0,0,20,"both",0.309988758818787,0.569594468699321
"3738","session2",-18.4876172716026,11.427419152953,2.56690091634838,0.00101382620935393,0.089612080065982,0.44018725081704,0.845471818656148,18,2,100,0.309988758818787,0.569594468699321,38,2.11021396794825,1,-3.6987,245,0,0,20,"both",0.309988758818787,0.569594468699321
"3739","session2",-18.4876172716026,11.427419152953,2.56690091634838,0.00101382620935393,0.089612080065982,0.44018725081704,0.845471818656148,18,2,100,0.309988758818787,0.569594468699321,38,3.01844935203299,1,-23.77092,245,0,0,20,"both",0.309988758818787,0.569594468699321
"3740","session2",-18.4876172716026,11.427419152953,2.56690091634838,0.00101382620935393,0.089612080065982,0.44018725081704,0.845471818656148,18,2,100,0.309988758818787,0.569594468699321,38,2.54013319178431,1,16.6168,245,0,0,20,"both",0.309988758818787,0.569594468699321
"3741","session2",-18.4876172716026,11.427419152953,2.56690091634838,0.00101382620935393,0.089612080065982,0.44018725081704,0.845471818656148,18,2,100,0.309988758818787,0.569594468699321,38,2.53604630114889,1,-6.80182,245,0,0,20,"both",0.309988758818787,0.569594468699321
"3742","session2",-18.4876172716026,11.427419152953,2.56690091634838,0.00101382620935393,0.089612080065982,0.44018725081704,0.845471818656148,18,2,100,0.309988758818787,0.569594468699321,38,2.43026036176911,1,0.395499999999998,245,0,0,20,"both",0.309988758818787,0.569594468699321
"3743","session2",-18.4876172716026,11.427419152953,2.56690091634838,0.00101382620935393,0.089612080065982,0.44018725081704,0.845471818656148,18,2,100,0.309988758818787,0.569594468699321,38,2.18281118721657,0,-37.7855,245,0,0,20,"both",0.309988758818787,0.569594468699321
"3744","session2",-18.4876172716026,11.427419152953,2.56690091634838,0.00101382620935393,0.089612080065982,0.44018725081704,0.845471818656148,18,2,100,0.309988758818787,0.569594468699321,38,2.84425169509984,0,-22.78543,245,0,0,20,"both",0.309988758818787,0.569594468699321
"3745","session2",-18.4876172716026,11.427419152953,2.56690091634838,0.00101382620935393,0.089612080065982,0.44018725081704,0.845471818656148,18,2,100,0.309988758818787,0.569594468699321,38,2.83437480545677,0,-30.8686,245,0,0,20,"both",0.309988758818787,0.569594468699321
"3746","session2",-18.4876172716026,11.427419152953,2.56690091634838,0.00101382620935393,0.089612080065982,0.44018725081704,0.845471818656148,18,2,100,0.309988758818787,0.569594468699321,38,2.42646785356236,0,-37.8608,245,0,0,20,"both",0.309988758818787,0.569594468699321
"3747","session2",-18.4876172716026,11.427419152953,2.56690091634838,0.00101382620935393,0.089612080065982,0.44018725081704,0.845471818656148,18,2,100,0.309988758818787,0.569594468699321,38,1.51908709040665,0,-29.6645,245,0,0,20,"both",0.309988758818787,0.569594468699321
"3748","session2",-18.4876172716026,11.427419152953,2.56690091634838,0.00101382620935393,0.089612080065982,0.44018725081704,0.845471818656148,18,2,100,0.309988758818787,0.569594468699321,38,2.17701533755652,1,-28.0728,245,0,0,20,"both",0.309988758818787,0.569594468699321
"3749","session2",-18.4876172716026,11.427419152953,2.56690091634838,0.00101382620935393,0.089612080065982,0.44018725081704,0.845471818656148,18,2,100,0.309988758818787,0.569594468699321,38,2.37479670821351,1,-14.6822,245,0,0,20,"both",0.309988758818787,0.569594468699321
"3750","session2",-18.4876172716026,11.427419152953,2.56690091634838,0.00101382620935393,0.089612080065982,0.44018725081704,0.845471818656148,18,2,100,0.309988758818787,0.569594468699321,38,3.66433209132135,1,-18.11774,245,0,0,20,"both",0.309988758818787,0.569594468699321
"3751","session2",-18.4876172716026,11.427419152953,2.56690091634838,0.00101382620935393,0.089612080065982,0.44018725081704,0.845471818656148,18,2,100,0.309988758818787,0.569594468699321,38,1.76478159070869,1,-3.128,245,0,0,20,"both",0.309988758818787,0.569594468699321
"3752","session2",-18.4876172716026,11.427419152953,2.56690091634838,0.00101382620935393,0.089612080065982,0.44018725081704,0.845471818656148,18,2,100,0.309988758818787,0.569594468699321,38,1.53825250723007,1,-2.4063,245,0,0,20,"both",0.309988758818787,0.569594468699321
"3753","session2",-18.4876172716026,11.427419152953,2.56690091634838,0.00101382620935393,0.089612080065982,0.44018725081704,0.845471818656148,18,2,100,0.309988758818787,0.569594468699321,38,3.06300948287712,1,-31.325,245,0,0,20,"both",0.309988758818787,0.569594468699321
"3754","session2",-18.4876172716026,11.427419152953,2.56690091634838,0.00101382620935393,0.089612080065982,0.44018725081704,0.845471818656148,18,2,100,0.309988758818787,0.569594468699321,38,5.01788137795184,1,-17.3151,245,0,0,20,"both",0.309988758818787,0.569594468699321
"3755","session2",-18.4876172716026,11.427419152953,2.56690091634838,0.00101382620935393,0.089612080065982,0.44018725081704,0.845471818656148,18,2,100,0.309988758818787,0.569594468699321,38,2.21025153798355,1,-3.9616,245,0,0,20,"both",0.309988758818787,0.569594468699321
"3756","session2",-18.4876172716026,11.427419152953,2.56690091634838,0.00101382620935393,0.089612080065982,0.44018725081704,0.845471818656148,18,2,100,0.309988758818787,0.569594468699321,38,2.06026475504618,0,-37.4917,245,0,0,20,"both",0.309988758818787,0.569594468699321
"3757","session2",-18.4876172716026,11.427419152953,2.56690091634838,0.00101382620935393,0.089612080065982,0.44018725081704,0.845471818656148,18,2,100,0.309988758818787,0.569594468699321,38,1.99512099108953,0,-44.7019,245,0,0,20,"both",0.309988758818787,0.569594468699321
"3758","session2",-18.4876172716026,11.427419152953,2.56690091634838,0.00101382620935393,0.089612080065982,0.44018725081704,0.845471818656148,18,2,100,0.309988758818787,0.569594468699321,38,2.70255929109006,1,-7.3763,245,0,0,20,"both",0.309988758818787,0.569594468699321
"3759","session2",-18.4876172716026,11.427419152953,2.56690091634838,0.00101382620935393,0.089612080065982,0.44018725081704,0.845471818656148,18,2,100,0.309988758818787,0.569594468699321,38,1.53653826634066,1,6.5231,245,0,0,20,"both",0.309988758818787,0.569594468699321
"3760","session2",-18.4876172716026,11.427419152953,2.56690091634838,0.00101382620935393,0.089612080065982,0.44018725081704,0.845471818656148,18,2,100,0.309988758818787,0.569594468699321,38,2.28953456371701,1,-30.7996,245,0,0,20,"both",0.309988758818787,0.569594468699321
"3761","session2",-18.4876172716026,11.427419152953,2.56690091634838,0.00101382620935393,0.089612080065982,0.44018725081704,0.845471818656148,18,2,100,0.309988758818787,0.569594468699321,38,2.03704431692342,1,-5.892,245,0,0,20,"both",0.309988758818787,0.569594468699321
"3762","session2",-18.4876172716026,11.427419152953,2.56690091634838,0.00101382620935393,0.089612080065982,0.44018725081704,0.845471818656148,18,2,100,0.309988758818787,0.569594468699321,38,2.24688636205734,0,-40.0841,245,0,0,20,"both",0.309988758818787,0.569594468699321
"3763","session2",-18.4876172716026,11.427419152953,2.56690091634838,0.00101382620935393,0.089612080065982,0.44018725081704,0.845471818656148,18,2,100,0.309988758818787,0.569594468699321,38,2.31787013941778,0,-35.5618,245,0,0,20,"both",0.309988758818787,0.569594468699321
"3764","session2",-18.4876172716026,11.427419152953,2.56690091634838,0.00101382620935393,0.089612080065982,0.44018725081704,0.845471818656148,18,2,100,0.309988758818787,0.569594468699321,38,1.3745405345447,0,-39.3874,245,0,0,20,"both",0.309988758818787,0.569594468699321
"3765","session2",-18.4876172716026,11.427419152953,2.56690091634838,0.00101382620935393,0.089612080065982,0.44018725081704,0.845471818656148,18,2,100,0.309988758818787,0.569594468699321,38,1.99012690229287,0,-45.021,245,0,0,20,"both",0.309988758818787,0.569594468699321
"3766","session2",-18.4876172716026,11.427419152953,2.56690091634838,0.00101382620935393,0.089612080065982,0.44018725081704,0.845471818656148,18,2,100,0.309988758818787,0.569594468699321,38,4.12516789001085,1,-17.98148,245,0,0,20,"both",0.309988758818787,0.569594468699321
"3767","session2",-18.4876172716026,11.427419152953,2.56690091634838,0.00101382620935393,0.089612080065982,0.44018725081704,0.845471818656148,18,2,100,0.309988758818787,0.569594468699321,38,1.64887356708431,0,-34.55421,245,0,0,20,"both",0.309988758818787,0.569594468699321
"3768","session2",-18.4876172716026,11.427419152953,2.56690091634838,0.00101382620935393,0.089612080065982,0.44018725081704,0.845471818656148,18,2,100,0.309988758818787,0.569594468699321,38,2.28204373147621,1,-9.482,245,0,0,20,"both",0.309988758818787,0.569594468699321
"3769","session2",-18.4876172716026,11.427419152953,2.56690091634838,0.00101382620935393,0.089612080065982,0.44018725081704,0.845471818656148,18,2,100,0.309988758818787,0.569594468699321,38,3.18861243827747,1,-10.8694,245,0,0,20,"both",0.309988758818787,0.569594468699321
"3770","session2",-18.4876172716026,11.427419152953,2.56690091634838,0.00101382620935393,0.089612080065982,0.44018725081704,0.845471818656148,18,2,100,0.309988758818787,0.569594468699321,38,2.02235589648242,1,-35.1777,245,0,0,20,"both",0.309988758818787,0.569594468699321
"3771","session2",-18.4876172716026,11.427419152953,2.56690091634838,0.00101382620935393,0.089612080065982,0.44018725081704,0.845471818656148,18,2,100,0.309988758818787,0.569594468699321,38,3.69116676340275,0,-24.6559412,245,0,0,20,"both",0.309988758818787,0.569594468699321
"3772","session2",-18.4876172716026,11.427419152953,2.56690091634838,0.00101382620935393,0.089612080065982,0.44018725081704,0.845471818656148,18,2,100,0.309988758818787,0.569594468699321,38,2.15167085396175,1,-31.53048,245,0,0,20,"both",0.309988758818787,0.569594468699321
"3773","session2",-18.4876172716026,11.427419152953,2.56690091634838,0.00101382620935393,0.089612080065982,0.44018725081704,0.845471818656148,18,2,100,0.309988758818787,0.569594468699321,38,2.97019407396575,1,-12.12541,245,0,0,20,"both",0.309988758818787,0.569594468699321
"3774","session2",-18.4876172716026,11.427419152953,2.56690091634838,0.00101382620935393,0.089612080065982,0.44018725081704,0.845471818656148,18,2,100,0.309988758818787,0.569594468699321,38,2.22330770368001,1,-11.3393,245,0,0,20,"both",0.309988758818787,0.569594468699321
"3775","session2",-18.4876172716026,11.427419152953,2.56690091634838,0.00101382620935393,0.089612080065982,0.44018725081704,0.845471818656148,18,2,100,0.309988758818787,0.569594468699321,38,4.00234280837039,1,-13.98273,245,0,0,20,"both",0.309988758818787,0.569594468699321
"3776","session2",-18.4876172716026,11.427419152953,2.56690091634838,0.00101382620935393,0.089612080065982,0.44018725081704,0.845471818656148,18,2,100,0.309988758818787,0.569594468699321,38,3.22750069864951,1,-15.27235,245,0,0,20,"both",0.309988758818787,0.569594468699321
"3777","session2",-18.4876172716026,11.427419152953,2.56690091634838,0.00101382620935393,0.089612080065982,0.44018725081704,0.845471818656148,18,2,100,0.309988758818787,0.569594468699321,38,2.10207384651973,0,-43.5816,245,0,0,20,"both",0.309988758818787,0.569594468699321
"3778","session2",-18.4876172716026,11.427419152953,2.56690091634838,0.00101382620935393,0.089612080065982,0.44018725081704,0.845471818656148,18,2,100,0.309988758818787,0.569594468699321,38,2.29363082876046,0,-42.9018,245,0,0,20,"both",0.309988758818787,0.569594468699321
"3779","session2",-18.4876172716026,11.427419152953,2.56690091634838,0.00101382620935393,0.089612080065982,0.44018725081704,0.845471818656148,18,2,100,0.309988758818787,0.569594468699321,38,2.53308287488157,0,-30.70354,245,0,0,20,"both",0.309988758818787,0.569594468699321
"3780","session2",-18.4876172716026,11.427419152953,2.56690091634838,0.00101382620935393,0.089612080065982,0.44018725081704,0.845471818656148,18,2,100,0.309988758818787,0.569594468699321,38,3.75430237279273,1,-31.4109,245,0,0,20,"both",0.309988758818787,0.569594468699321
"3781","session2",-18.4876172716026,11.427419152953,2.56690091634838,0.00101382620935393,0.089612080065982,0.44018725081704,0.845471818656148,18,2,100,0.309988758818787,0.569594468699321,38,2.7856998966468,0,-40.3904,245,0,0,20,"both",0.309988758818787,0.569594468699321
"3782","session2",-18.4876172716026,11.427419152953,2.56690091634838,0.00101382620935393,0.089612080065982,0.44018725081704,0.845471818656148,18,2,100,0.309988758818787,0.569594468699321,38,1.43763199988821,0,-39.7186,245,0,0,20,"both",0.309988758818787,0.569594468699321
"3783","session2",-18.4876172716026,11.427419152953,2.56690091634838,0.00101382620935393,0.089612080065982,0.44018725081704,0.845471818656148,18,2,100,0.309988758818787,0.569594468699321,38,4.55227864760314,0,-12.258,245,0,0,20,"both",0.309988758818787,0.569594468699321
"3784","session2",-18.4876172716026,11.427419152953,2.56690091634838,0.00101382620935393,0.089612080065982,0.44018725081704,0.845471818656148,18,2,100,0.309988758818787,0.569594468699321,38,2.06108874092572,0,-36.1802,245,0,0,20,"both",0.309988758818787,0.569594468699321
"3785","session2",-18.4876172716026,11.427419152953,2.56690091634838,0.00101382620935393,0.089612080065982,0.44018725081704,0.845471818656148,18,2,100,0.309988758818787,0.569594468699321,38,4.93130301234825,0,-20.02496,245,0,0,20,"both",0.309988758818787,0.569594468699321
"3786","session2",-18.4876172716026,11.427419152953,2.56690091634838,0.00101382620935393,0.089612080065982,0.44018725081704,0.845471818656148,18,2,100,0.309988758818787,0.569594468699321,38,1.89172575725589,1,-7.375,245,0,0,20,"both",0.309988758818787,0.569594468699321
"3787","session2",-18.4876172716026,11.427419152953,2.56690091634838,0.00101382620935393,0.089612080065982,0.44018725081704,0.845471818656148,18,2,100,0.309988758818787,0.569594468699321,38,2.43684072052615,1,-8.6871,245,0,0,20,"both",0.309988758818787,0.569594468699321
"3788","session2",-18.4876172716026,11.427419152953,2.56690091634838,0.00101382620935393,0.089612080065982,0.44018725081704,0.845471818656148,18,2,100,0.309988758818787,0.569594468699321,38,2.50644689357468,1,-10.8973,245,0,0,20,"both",0.309988758818787,0.569594468699321
"3789","session2",-18.4876172716026,11.427419152953,2.56690091634838,0.00101382620935393,0.089612080065982,0.44018725081704,0.845471818656148,18,2,100,0.309988758818787,0.569594468699321,38,1.77693830512301,1,-9.78548,245,0,0,20,"both",0.309988758818787,0.569594468699321
"3790","session2",-18.4876172716026,11.427419152953,2.56690091634838,0.00101382620935393,0.089612080065982,0.44018725081704,0.845471818656148,18,2,100,0.309988758818787,0.569594468699321,38,2.10998832669695,1,-32.3284,245,0,0,20,"both",0.309988758818787,0.569594468699321
"3791","session2",-18.4876172716026,11.427419152953,2.56690091634838,0.00101382620935393,0.089612080065982,0.44018725081704,0.845471818656148,18,2,100,0.309988758818787,0.569594468699321,38,1.73572152541926,1,-10.3603,245,0,0,20,"both",0.309988758818787,0.569594468699321
"3792","session2",-18.4876172716026,11.427419152953,2.56690091634838,0.00101382620935393,0.089612080065982,0.44018725081704,0.845471818656148,18,2,100,0.309988758818787,0.569594468699321,38,2.60091664224434,0,-17.52371,245,0,0,20,"both",0.309988758818787,0.569594468699321
"3793","session2",-18.4876172716026,11.427419152953,2.56690091634838,0.00101382620935393,0.089612080065982,0.44018725081704,0.845471818656148,18,2,100,0.309988758818787,0.569594468699321,38,3.25483744287108,0,-34.1302,245,0,0,20,"both",0.309988758818787,0.569594468699321
"3794","session2",-18.4876172716026,11.427419152953,2.56690091634838,0.00101382620935393,0.089612080065982,0.44018725081704,0.845471818656148,18,2,100,0.309988758818787,0.569594468699321,38,1.82019279133883,0,-35.3655,245,0,0,20,"both",0.309988758818787,0.569594468699321
"3795","session2",-18.4876172716026,11.427419152953,2.56690091634838,0.00101382620935393,0.089612080065982,0.44018725081704,0.845471818656148,18,2,100,0.309988758818787,0.569594468699321,38,2.96752500947582,1,-11.5361,245,0,0,20,"both",0.309988758818787,0.569594468699321
"3796","session2",-18.4876172716026,11.427419152953,2.56690091634838,0.00101382620935393,0.089612080065982,0.44018725081704,0.845471818656148,18,2,100,0.309988758818787,0.569594468699321,38,1.53401626186086,0,-44.0814,245,0,0,20,"both",0.309988758818787,0.569594468699321
"3797","session2",-18.4876172716026,11.427419152953,2.56690091634838,0.00101382620935393,0.089612080065982,0.44018725081704,0.845471818656148,18,2,100,0.309988758818787,0.569594468699321,38,2.74393006294744,0,-17.77917,245,0,0,20,"both",0.309988758818787,0.569594468699321
"3798","session2",-18.4876172716026,11.427419152953,2.56690091634838,0.00101382620935393,0.089612080065982,0.44018725081704,0.845471818656148,18,2,100,0.309988758818787,0.569594468699321,38,1.74971480421668,0,-47.7332,245,0,0,20,"both",0.309988758818787,0.569594468699321
"3799","session2",-18.4876172716026,11.427419152953,2.56690091634838,0.00101382620935393,0.089612080065982,0.44018725081704,0.845471818656148,18,2,100,0.309988758818787,0.569594468699321,38,2.82900705484264,1,-9.6323,245,0,0,20,"both",0.309988758818787,0.569594468699321
"3800","session2",-18.4876172716026,11.427419152953,2.56690091634838,0.00101382620935393,0.089612080065982,0.44018725081704,0.845471818656148,18,2,100,0.309988758818787,0.569594468699321,38,2.02345116967253,0,-37.7331,245,0,0,20,"both",0.309988758818787,0.569594468699321
"3801","session2",-6.85222019845247,10.0939425909746,3.13066596177098,0.000378642715424979,-0.562875120036736,0.744707741543692,0.934674538246587,19,2,100,0.309988758818787,0.569594468699321,39,1.56539872789706,1,-9.75864693782,245,0,0,20,"both",0.309988758818787,0.569594468699321
"3802","session2",-6.85222019845247,10.0939425909746,3.13066596177098,0.000378642715424979,-0.562875120036736,0.744707741543692,0.934674538246587,19,2,100,0.309988758818787,0.569594468699321,39,2.51300760717184,1,-10.3408165245,245,0,0,20,"both",0.309988758818787,0.569594468699321
"3803","session2",-6.85222019845247,10.0939425909746,3.13066596177098,0.000378642715424979,-0.562875120036736,0.744707741543692,0.934674538246587,19,2,100,0.309988758818787,0.569594468699321,39,2.69783935264533,1,-17.4847918949,245,0,0,20,"both",0.309988758818787,0.569594468699321
"3804","session2",-6.85222019845247,10.0939425909746,3.13066596177098,0.000378642715424979,-0.562875120036736,0.744707741543692,0.934674538246587,19,2,100,0.309988758818787,0.569594468699321,39,1.33591755969662,0,-26.6355127,245,0,0,20,"both",0.309988758818787,0.569594468699321
"3805","session2",-6.85222019845247,10.0939425909746,3.13066596177098,0.000378642715424979,-0.562875120036736,0.744707741543692,0.934674538246587,19,2,100,0.309988758818787,0.569594468699321,39,1.98794177867143,0,-11.0245,245,0,0,20,"both",0.309988758818787,0.569594468699321
"3806","session2",-6.85222019845247,10.0939425909746,3.13066596177098,0.000378642715424979,-0.562875120036736,0.744707741543692,0.934674538246587,19,2,100,0.309988758818787,0.569594468699321,39,1.82390272490698,1,1.0698,245,0,0,20,"both",0.309988758818787,0.569594468699321
"3807","session2",-6.85222019845247,10.0939425909746,3.13066596177098,0.000378642715424979,-0.562875120036736,0.744707741543692,0.934674538246587,19,2,100,0.309988758818787,0.569594468699321,39,2.28096595307913,1,-16.20579,245,0,0,20,"both",0.309988758818787,0.569594468699321
"3808","session2",-6.85222019845247,10.0939425909746,3.13066596177098,0.000378642715424979,-0.562875120036736,0.744707741543692,0.934674538246587,19,2,100,0.309988758818787,0.569594468699321,39,3.29761209580547,0,-27.10989,245,0,0,20,"both",0.309988758818787,0.569594468699321
"3809","session2",-6.85222019845247,10.0939425909746,3.13066596177098,0.000378642715424979,-0.562875120036736,0.744707741543692,0.934674538246587,19,2,100,0.309988758818787,0.569594468699321,39,1.88109703860551,1,-12.06283,245,0,0,20,"both",0.309988758818787,0.569594468699321
"3810","session2",-6.85222019845247,10.0939425909746,3.13066596177098,0.000378642715424979,-0.562875120036736,0.744707741543692,0.934674538246587,19,2,100,0.309988758818787,0.569594468699321,39,2.27876366630616,0,-17.84752,245,0,0,20,"both",0.309988758818787,0.569594468699321
"3811","session2",-6.85222019845247,10.0939425909746,3.13066596177098,0.000378642715424979,-0.562875120036736,0.744707741543692,0.934674538246587,19,2,100,0.309988758818787,0.569594468699321,39,2.92148326350427,0,-43.4317,245,0,0,20,"both",0.309988758818787,0.569594468699321
"3812","session2",-6.85222019845247,10.0939425909746,3.13066596177098,0.000378642715424979,-0.562875120036736,0.744707741543692,0.934674538246587,19,2,100,0.309988758818787,0.569594468699321,39,3.18271312377849,0,-7.18394,245,0,0,20,"both",0.309988758818787,0.569594468699321
"3813","session2",-6.85222019845247,10.0939425909746,3.13066596177098,0.000378642715424979,-0.562875120036736,0.744707741543692,0.934674538246587,19,2,100,0.309988758818787,0.569594468699321,39,1.30897884930142,1,45.205015,245,0,0,20,"both",0.309988758818787,0.569594468699321
"3814","session2",-6.85222019845247,10.0939425909746,3.13066596177098,0.000378642715424979,-0.562875120036736,0.744707741543692,0.934674538246587,19,2,100,0.309988758818787,0.569594468699321,39,1.33034344758758,0,-28.397,245,0,0,20,"both",0.309988758818787,0.569594468699321
"3815","session2",-6.85222019845247,10.0939425909746,3.13066596177098,0.000378642715424979,-0.562875120036736,0.744707741543692,0.934674538246587,19,2,100,0.309988758818787,0.569594468699321,39,3.00975106810328,0,-10.19591,245,0,0,20,"both",0.309988758818787,0.569594468699321
"3816","session2",-6.85222019845247,10.0939425909746,3.13066596177098,0.000378642715424979,-0.562875120036736,0.744707741543692,0.934674538246587,19,2,100,0.309988758818787,0.569594468699321,39,1.61101934305794,1,-10.5043108282,245,0,0,20,"both",0.309988758818787,0.569594468699321
"3817","session2",-6.85222019845247,10.0939425909746,3.13066596177098,0.000378642715424979,-0.562875120036736,0.744707741543692,0.934674538246587,19,2,100,0.309988758818787,0.569594468699321,39,2.63314557844394,1,-1.30526,245,0,0,20,"both",0.309988758818787,0.569594468699321
"3818","session2",-6.85222019845247,10.0939425909746,3.13066596177098,0.000378642715424979,-0.562875120036736,0.744707741543692,0.934674538246587,19,2,100,0.309988758818787,0.569594468699321,39,1.25710313775632,0,-20.28014,245,0,0,20,"both",0.309988758818787,0.569594468699321
"3819","session2",-6.85222019845247,10.0939425909746,3.13066596177098,0.000378642715424979,-0.562875120036736,0.744707741543692,0.934674538246587,19,2,100,0.309988758818787,0.569594468699321,39,1.56172549202798,0,-18.31768,245,0,0,20,"both",0.309988758818787,0.569594468699321
"3820","session2",-6.85222019845247,10.0939425909746,3.13066596177098,0.000378642715424979,-0.562875120036736,0.744707741543692,0.934674538246587,19,2,100,0.309988758818787,0.569594468699321,39,1.2554951775735,0,-31.7057,245,0,0,20,"both",0.309988758818787,0.569594468699321
"3821","session2",-6.85222019845247,10.0939425909746,3.13066596177098,0.000378642715424979,-0.562875120036736,0.744707741543692,0.934674538246587,19,2,100,0.309988758818787,0.569594468699321,39,1.22820229593108,1,0.475800000000001,245,0,0,20,"both",0.309988758818787,0.569594468699321
"3822","session2",-6.85222019845247,10.0939425909746,3.13066596177098,0.000378642715424979,-0.562875120036736,0.744707741543692,0.934674538246587,19,2,100,0.309988758818787,0.569594468699321,39,2.00872928709409,1,-6.02149,245,0,0,20,"both",0.309988758818787,0.569594468699321
"3823","session2",-6.85222019845247,10.0939425909746,3.13066596177098,0.000378642715424979,-0.562875120036736,0.744707741543692,0.934674538246587,19,2,100,0.309988758818787,0.569594468699321,39,1.52462355339355,0,-20.40449,245,0,0,20,"both",0.309988758818787,0.569594468699321
"3824","session2",-6.85222019845247,10.0939425909746,3.13066596177098,0.000378642715424979,-0.562875120036736,0.744707741543692,0.934674538246587,19,2,100,0.309988758818787,0.569594468699321,39,2.1020311372716,0,-23.03355,245,0,0,20,"both",0.309988758818787,0.569594468699321
"3825","session2",-6.85222019845247,10.0939425909746,3.13066596177098,0.000378642715424979,-0.562875120036736,0.744707741543692,0.934674538246587,19,2,100,0.309988758818787,0.569594468699321,39,1.52407714973386,0,-25.1626,245,0,0,20,"both",0.309988758818787,0.569594468699321
"3826","session2",-6.85222019845247,10.0939425909746,3.13066596177098,0.000378642715424979,-0.562875120036736,0.744707741543692,0.934674538246587,19,2,100,0.309988758818787,0.569594468699321,39,1.81929104617066,0,-19.2715,245,0,0,20,"both",0.309988758818787,0.569594468699321
"3827","session2",-6.85222019845247,10.0939425909746,3.13066596177098,0.000378642715424979,-0.562875120036736,0.744707741543692,0.934674538246587,19,2,100,0.309988758818787,0.569594468699321,39,1.00958457020884,1,29.2578,245,0,0,20,"both",0.309988758818787,0.569594468699321
"3828","session2",-6.85222019845247,10.0939425909746,3.13066596177098,0.000378642715424979,-0.562875120036736,0.744707741543692,0.934674538246587,19,2,100,0.309988758818787,0.569594468699321,39,1.88014946435704,0,-19.23004,245,0,0,20,"both",0.309988758818787,0.569594468699321
"3829","session2",-6.85222019845247,10.0939425909746,3.13066596177098,0.000378642715424979,-0.562875120036736,0.744707741543692,0.934674538246587,19,2,100,0.309988758818787,0.569594468699321,39,1.93264512220664,1,-1.10975,245,0,0,20,"both",0.309988758818787,0.569594468699321
"3830","session2",-6.85222019845247,10.0939425909746,3.13066596177098,0.000378642715424979,-0.562875120036736,0.744707741543692,0.934674538246587,19,2,100,0.309988758818787,0.569594468699321,39,1.84574107581444,0,-17.76099,245,0,0,20,"both",0.309988758818787,0.569594468699321
"3831","session2",-6.85222019845247,10.0939425909746,3.13066596177098,0.000378642715424979,-0.562875120036736,0.744707741543692,0.934674538246587,19,2,100,0.309988758818787,0.569594468699321,39,1.44463643615201,0,-18.61553,245,0,0,20,"both",0.309988758818787,0.569594468699321
"3832","session2",-6.85222019845247,10.0939425909746,3.13066596177098,0.000378642715424979,-0.562875120036736,0.744707741543692,0.934674538246587,19,2,100,0.309988758818787,0.569594468699321,39,1.4262565048885,1,-5.53659,245,0,0,20,"both",0.309988758818787,0.569594468699321
"3833","session2",-6.85222019845247,10.0939425909746,3.13066596177098,0.000378642715424979,-0.562875120036736,0.744707741543692,0.934674538246587,19,2,100,0.309988758818787,0.569594468699321,39,2.16695842666713,0,-27.9106,245,0,0,20,"both",0.309988758818787,0.569594468699321
"3834","session2",-6.85222019845247,10.0939425909746,3.13066596177098,0.000378642715424979,-0.562875120036736,0.744707741543692,0.934674538246587,19,2,100,0.309988758818787,0.569594468699321,39,1.55256747493338,1,-9.96088,245,0,0,20,"both",0.309988758818787,0.569594468699321
"3835","session2",-6.85222019845247,10.0939425909746,3.13066596177098,0.000378642715424979,-0.562875120036736,0.744707741543692,0.934674538246587,19,2,100,0.309988758818787,0.569594468699321,39,1.49650038991494,1,-7.44047,245,0,0,20,"both",0.309988758818787,0.569594468699321
"3836","session2",-6.85222019845247,10.0939425909746,3.13066596177098,0.000378642715424979,-0.562875120036736,0.744707741543692,0.934674538246587,19,2,100,0.309988758818787,0.569594468699321,39,2.90518704366279,0,-21.63971,245,0,0,20,"both",0.309988758818787,0.569594468699321
"3837","session2",-6.85222019845247,10.0939425909746,3.13066596177098,0.000378642715424979,-0.562875120036736,0.744707741543692,0.934674538246587,19,2,100,0.309988758818787,0.569594468699321,39,2.64601057668929,1,-4.21087,245,0,0,20,"both",0.309988758818787,0.569594468699321
"3838","session2",-6.85222019845247,10.0939425909746,3.13066596177098,0.000378642715424979,-0.562875120036736,0.744707741543692,0.934674538246587,19,2,100,0.309988758818787,0.569594468699321,39,3.02066588196184,0,-20.40928,245,0,0,20,"both",0.309988758818787,0.569594468699321
"3839","session2",-6.85222019845247,10.0939425909746,3.13066596177098,0.000378642715424979,-0.562875120036736,0.744707741543692,0.934674538246587,19,2,100,0.309988758818787,0.569594468699321,39,2.31732535861991,0,-19.39107,245,0,0,20,"both",0.309988758818787,0.569594468699321
"3840","session2",-6.85222019845247,10.0939425909746,3.13066596177098,0.000378642715424979,-0.562875120036736,0.744707741543692,0.934674538246587,19,2,100,0.309988758818787,0.569594468699321,39,2.71741819044294,0,-7.17833,245,0,0,20,"both",0.309988758818787,0.569594468699321
"3841","session2",-6.85222019845247,10.0939425909746,3.13066596177098,0.000378642715424979,-0.562875120036736,0.744707741543692,0.934674538246587,19,2,100,0.309988758818787,0.569594468699321,39,1.66167368362654,1,-3.92482,245,0,0,20,"both",0.309988758818787,0.569594468699321
"3842","session2",-6.85222019845247,10.0939425909746,3.13066596177098,0.000378642715424979,-0.562875120036736,0.744707741543692,0.934674538246587,19,2,100,0.309988758818787,0.569594468699321,39,2.43264310891283,1,-5.81932,245,0,0,20,"both",0.309988758818787,0.569594468699321
"3843","session2",-6.85222019845247,10.0939425909746,3.13066596177098,0.000378642715424979,-0.562875120036736,0.744707741543692,0.934674538246587,19,2,100,0.309988758818787,0.569594468699321,39,1.65325403999172,0,-16.77273,245,0,0,20,"both",0.309988758818787,0.569594468699321
"3844","session2",-6.85222019845247,10.0939425909746,3.13066596177098,0.000378642715424979,-0.562875120036736,0.744707741543692,0.934674538246587,19,2,100,0.309988758818787,0.569594468699321,39,3.58952645219217,0,-19.87529,245,0,0,20,"both",0.309988758818787,0.569594468699321
"3845","session2",-6.85222019845247,10.0939425909746,3.13066596177098,0.000378642715424979,-0.562875120036736,0.744707741543692,0.934674538246587,19,2,100,0.309988758818787,0.569594468699321,39,2.14362048054885,0,-17.80074,245,0,0,20,"both",0.309988758818787,0.569594468699321
"3846","session2",-6.85222019845247,10.0939425909746,3.13066596177098,0.000378642715424979,-0.562875120036736,0.744707741543692,0.934674538246587,19,2,100,0.309988758818787,0.569594468699321,39,2.37842549059057,0,-8.70547,245,0,0,20,"both",0.309988758818787,0.569594468699321
"3847","session2",-6.85222019845247,10.0939425909746,3.13066596177098,0.000378642715424979,-0.562875120036736,0.744707741543692,0.934674538246587,19,2,100,0.309988758818787,0.569594468699321,39,1.39819064565806,0,-19.25516,245,0,0,20,"both",0.309988758818787,0.569594468699321
"3848","session2",-6.85222019845247,10.0939425909746,3.13066596177098,0.000378642715424979,-0.562875120036736,0.744707741543692,0.934674538246587,19,2,100,0.309988758818787,0.569594468699321,39,1.60028789646841,1,-6.08752,245,0,0,20,"both",0.309988758818787,0.569594468699321
"3849","session2",-6.85222019845247,10.0939425909746,3.13066596177098,0.000378642715424979,-0.562875120036736,0.744707741543692,0.934674538246587,19,2,100,0.309988758818787,0.569594468699321,39,1.9310431252109,0,-14.14204,245,0,0,20,"both",0.309988758818787,0.569594468699321
"3850","session2",-6.85222019845247,10.0939425909746,3.13066596177098,0.000378642715424979,-0.562875120036736,0.744707741543692,0.934674538246587,19,2,100,0.309988758818787,0.569594468699321,39,2.79181180229764,0,-17.02783,245,0,0,20,"both",0.309988758818787,0.569594468699321
"3851","session2",-6.85222019845247,10.0939425909746,3.13066596177098,0.000378642715424979,-0.562875120036736,0.744707741543692,0.934674538246587,19,2,100,0.309988758818787,0.569594468699321,39,3.5661692724765,0,-16.10363,245,0,0,20,"both",0.309988758818787,0.569594468699321
"3852","session2",-6.85222019845247,10.0939425909746,3.13066596177098,0.000378642715424979,-0.562875120036736,0.744707741543692,0.934674538246587,19,2,100,0.309988758818787,0.569594468699321,39,1.36797522615744,0,-18.291,245,0,0,20,"both",0.309988758818787,0.569594468699321
"3853","session2",-6.85222019845247,10.0939425909746,3.13066596177098,0.000378642715424979,-0.562875120036736,0.744707741543692,0.934674538246587,19,2,100,0.309988758818787,0.569594468699321,39,1.7423747003233,0,-12.7285,245,0,0,20,"both",0.309988758818787,0.569594468699321
"3854","session2",-6.85222019845247,10.0939425909746,3.13066596177098,0.000378642715424979,-0.562875120036736,0.744707741543692,0.934674538246587,19,2,100,0.309988758818787,0.569594468699321,39,2.05394554663372,1,-16.71179,245,0,0,20,"both",0.309988758818787,0.569594468699321
"3855","session2",-6.85222019845247,10.0939425909746,3.13066596177098,0.000378642715424979,-0.562875120036736,0.744707741543692,0.934674538246587,19,2,100,0.309988758818787,0.569594468699321,39,1.78855317801302,0,-17.09529,245,0,0,20,"both",0.309988758818787,0.569594468699321
"3856","session2",-6.85222019845247,10.0939425909746,3.13066596177098,0.000378642715424979,-0.562875120036736,0.744707741543692,0.934674538246587,19,2,100,0.309988758818787,0.569594468699321,39,1.56172535984663,0,-17.65514,245,0,0,20,"both",0.309988758818787,0.569594468699321
"3857","session2",-6.85222019845247,10.0939425909746,3.13066596177098,0.000378642715424979,-0.562875120036736,0.744707741543692,0.934674538246587,19,2,100,0.309988758818787,0.569594468699321,39,1.72115420989429,1,-7.01685,245,0,0,20,"both",0.309988758818787,0.569594468699321
"3858","session2",-6.85222019845247,10.0939425909746,3.13066596177098,0.000378642715424979,-0.562875120036736,0.744707741543692,0.934674538246587,19,2,100,0.309988758818787,0.569594468699321,39,1.57155882700145,1,-0.574689999999999,245,0,0,20,"both",0.309988758818787,0.569594468699321
"3859","session2",-6.85222019845247,10.0939425909746,3.13066596177098,0.000378642715424979,-0.562875120036736,0.744707741543692,0.934674538246587,19,2,100,0.309988758818787,0.569594468699321,39,2.91971064704608,1,-15.79167,245,0,0,20,"both",0.309988758818787,0.569594468699321
"3860","session2",-6.85222019845247,10.0939425909746,3.13066596177098,0.000378642715424979,-0.562875120036736,0.744707741543692,0.934674538246587,19,2,100,0.309988758818787,0.569594468699321,39,1.38256889618811,0,-16.84202,245,0,0,20,"both",0.309988758818787,0.569594468699321
"3861","session2",-6.85222019845247,10.0939425909746,3.13066596177098,0.000378642715424979,-0.562875120036736,0.744707741543692,0.934674538246587,19,2,100,0.309988758818787,0.569594468699321,39,2.42278099065845,0,-5.56838,245,0,0,20,"both",0.309988758818787,0.569594468699321
"3862","session2",-6.85222019845247,10.0939425909746,3.13066596177098,0.000378642715424979,-0.562875120036736,0.744707741543692,0.934674538246587,19,2,100,0.309988758818787,0.569594468699321,39,1.90757285801868,1,-16.57909,245,0,0,20,"both",0.309988758818787,0.569594468699321
"3863","session2",-6.85222019845247,10.0939425909746,3.13066596177098,0.000378642715424979,-0.562875120036736,0.744707741543692,0.934674538246587,19,2,100,0.309988758818787,0.569594468699321,39,2.73311985456359,0,-15.43782,245,0,0,20,"both",0.309988758818787,0.569594468699321
"3864","session2",-6.85222019845247,10.0939425909746,3.13066596177098,0.000378642715424979,-0.562875120036736,0.744707741543692,0.934674538246587,19,2,100,0.309988758818787,0.569594468699321,39,1.81828138851489,0,-20.9467,245,0,0,20,"both",0.309988758818787,0.569594468699321
"3865","session2",-6.85222019845247,10.0939425909746,3.13066596177098,0.000378642715424979,-0.562875120036736,0.744707741543692,0.934674538246587,19,2,100,0.309988758818787,0.569594468699321,39,1.69840546138069,0,-16.7028,245,0,0,20,"both",0.309988758818787,0.569594468699321
"3866","session2",-6.85222019845247,10.0939425909746,3.13066596177098,0.000378642715424979,-0.562875120036736,0.744707741543692,0.934674538246587,19,2,100,0.309988758818787,0.569594468699321,39,1.55317690877441,0,-19.09515,245,0,0,20,"both",0.309988758818787,0.569594468699321
"3867","session2",-6.85222019845247,10.0939425909746,3.13066596177098,0.000378642715424979,-0.562875120036736,0.744707741543692,0.934674538246587,19,2,100,0.309988758818787,0.569594468699321,39,2.09511480702487,1,-3.72882,245,0,0,20,"both",0.309988758818787,0.569594468699321
"3868","session2",-6.85222019845247,10.0939425909746,3.13066596177098,0.000378642715424979,-0.562875120036736,0.744707741543692,0.934674538246587,19,2,100,0.309988758818787,0.569594468699321,39,2.34694033261506,1,-7.53006,245,0,0,20,"both",0.309988758818787,0.569594468699321
"3869","session2",-6.85222019845247,10.0939425909746,3.13066596177098,0.000378642715424979,-0.562875120036736,0.744707741543692,0.934674538246587,19,2,100,0.309988758818787,0.569594468699321,39,2.41863554467018,0,-20.29255,245,0,0,20,"both",0.309988758818787,0.569594468699321
"3870","session2",-6.85222019845247,10.0939425909746,3.13066596177098,0.000378642715424979,-0.562875120036736,0.744707741543692,0.934674538246587,19,2,100,0.309988758818787,0.569594468699321,39,4.66759802432478,1,-5.88454,245,0,0,20,"both",0.309988758818787,0.569594468699321
"3871","session2",-6.85222019845247,10.0939425909746,3.13066596177098,0.000378642715424979,-0.562875120036736,0.744707741543692,0.934674538246587,19,2,100,0.309988758818787,0.569594468699321,39,2.01507530359551,0,-14.35198,245,0,0,20,"both",0.309988758818787,0.569594468699321
"3872","session2",-6.85222019845247,10.0939425909746,3.13066596177098,0.000378642715424979,-0.562875120036736,0.744707741543692,0.934674538246587,19,2,100,0.309988758818787,0.569594468699321,39,1.50594508353793,1,-14.594,245,0,0,20,"both",0.309988758818787,0.569594468699321
"3873","session2",-6.85222019845247,10.0939425909746,3.13066596177098,0.000378642715424979,-0.562875120036736,0.744707741543692,0.934674538246587,19,2,100,0.309988758818787,0.569594468699321,39,2.33032474089262,0,-15.29648,245,0,0,20,"both",0.309988758818787,0.569594468699321
"3874","session2",-6.85222019845247,10.0939425909746,3.13066596177098,0.000378642715424979,-0.562875120036736,0.744707741543692,0.934674538246587,19,2,100,0.309988758818787,0.569594468699321,39,2.61832922329011,1,-9.11888,245,0,0,20,"both",0.309988758818787,0.569594468699321
"3875","session2",-6.85222019845247,10.0939425909746,3.13066596177098,0.000378642715424979,-0.562875120036736,0.744707741543692,0.934674538246587,19,2,100,0.309988758818787,0.569594468699321,39,1.52923984027535,0,-16.21358,245,0,0,20,"both",0.309988758818787,0.569594468699321
"3876","session2",-6.85222019845247,10.0939425909746,3.13066596177098,0.000378642715424979,-0.562875120036736,0.744707741543692,0.934674538246587,19,2,100,0.309988758818787,0.569594468699321,39,1.90510269856925,0,-19.38122,245,0,0,20,"both",0.309988758818787,0.569594468699321
"3877","session2",-6.85222019845247,10.0939425909746,3.13066596177098,0.000378642715424979,-0.562875120036736,0.744707741543692,0.934674538246587,19,2,100,0.309988758818787,0.569594468699321,39,1.35730261516637,0,-17.43966,245,0,0,20,"both",0.309988758818787,0.569594468699321
"3878","session2",-6.85222019845247,10.0939425909746,3.13066596177098,0.000378642715424979,-0.562875120036736,0.744707741543692,0.934674538246587,19,2,100,0.309988758818787,0.569594468699321,39,3.21236555882586,0,-18.50741,245,0,0,20,"both",0.309988758818787,0.569594468699321
"3879","session2",-6.85222019845247,10.0939425909746,3.13066596177098,0.000378642715424979,-0.562875120036736,0.744707741543692,0.934674538246587,19,2,100,0.309988758818787,0.569594468699321,39,2.54053656517789,0,-19.47503,245,0,0,20,"both",0.309988758818787,0.569594468699321
"3880","session2",-6.85222019845247,10.0939425909746,3.13066596177098,0.000378642715424979,-0.562875120036736,0.744707741543692,0.934674538246587,19,2,100,0.309988758818787,0.569594468699321,39,5.05724657701283,1,-7.88621,245,0,0,20,"both",0.309988758818787,0.569594468699321
"3881","session2",-6.85222019845247,10.0939425909746,3.13066596177098,0.000378642715424979,-0.562875120036736,0.744707741543692,0.934674538246587,19,2,100,0.309988758818787,0.569594468699321,39,3.10452977350056,1,-4.75582,245,0,0,20,"both",0.309988758818787,0.569594468699321
"3882","session2",-6.85222019845247,10.0939425909746,3.13066596177098,0.000378642715424979,-0.562875120036736,0.744707741543692,0.934674538246587,19,2,100,0.309988758818787,0.569594468699321,39,2.72658429012114,0,-14.88815,245,0,0,20,"both",0.309988758818787,0.569594468699321
"3883","session2",-6.85222019845247,10.0939425909746,3.13066596177098,0.000378642715424979,-0.562875120036736,0.744707741543692,0.934674538246587,19,2,100,0.309988758818787,0.569594468699321,39,1.65718172295172,0,-17.09113,245,0,0,20,"both",0.309988758818787,0.569594468699321
"3884","session2",-6.85222019845247,10.0939425909746,3.13066596177098,0.000378642715424979,-0.562875120036736,0.744707741543692,0.934674538246587,19,2,100,0.309988758818787,0.569594468699321,39,1.37627094586839,1,-8.16016,245,0,0,20,"both",0.309988758818787,0.569594468699321
"3885","session2",-6.85222019845247,10.0939425909746,3.13066596177098,0.000378642715424979,-0.562875120036736,0.744707741543692,0.934674538246587,19,2,100,0.309988758818787,0.569594468699321,39,1.52985738706071,1,-6.31385,245,0,0,20,"both",0.309988758818787,0.569594468699321
"3886","session2",-6.85222019845247,10.0939425909746,3.13066596177098,0.000378642715424979,-0.562875120036736,0.744707741543692,0.934674538246587,19,2,100,0.309988758818787,0.569594468699321,39,2.33008297282301,0,-6.37336,245,0,0,20,"both",0.309988758818787,0.569594468699321
"3887","session2",-6.85222019845247,10.0939425909746,3.13066596177098,0.000378642715424979,-0.562875120036736,0.744707741543692,0.934674538246587,19,2,100,0.309988758818787,0.569594468699321,39,2.15562887828869,0,-19.18427,245,0,0,20,"both",0.309988758818787,0.569594468699321
"3888","session2",-6.85222019845247,10.0939425909746,3.13066596177098,0.000378642715424979,-0.562875120036736,0.744707741543692,0.934674538246587,19,2,100,0.309988758818787,0.569594468699321,39,2.12008633059069,1,-14.75393,245,0,0,20,"both",0.309988758818787,0.569594468699321
"3889","session2",-6.85222019845247,10.0939425909746,3.13066596177098,0.000378642715424979,-0.562875120036736,0.744707741543692,0.934674538246587,19,2,100,0.309988758818787,0.569594468699321,39,2.30087379850879,0,-17.94027,245,0,0,20,"both",0.309988758818787,0.569594468699321
"3890","session2",-6.85222019845247,10.0939425909746,3.13066596177098,0.000378642715424979,-0.562875120036736,0.744707741543692,0.934674538246587,19,2,100,0.309988758818787,0.569594468699321,39,2.05936656959757,0,-16.78782,245,0,0,20,"both",0.309988758818787,0.569594468699321
"3891","session2",-6.85222019845247,10.0939425909746,3.13066596177098,0.000378642715424979,-0.562875120036736,0.744707741543692,0.934674538246587,19,2,100,0.309988758818787,0.569594468699321,39,1.32426469917045,0,-6.42366,245,0,0,20,"both",0.309988758818787,0.569594468699321
"3892","session2",-6.85222019845247,10.0939425909746,3.13066596177098,0.000378642715424979,-0.562875120036736,0.744707741543692,0.934674538246587,19,2,100,0.309988758818787,0.569594468699321,39,1.23555850423915,0,-17.61792,245,0,0,20,"both",0.309988758818787,0.569594468699321
"3893","session2",-6.85222019845247,10.0939425909746,3.13066596177098,0.000378642715424979,-0.562875120036736,0.744707741543692,0.934674538246587,19,2,100,0.309988758818787,0.569594468699321,39,2.7516810893102,0,-5.73352,245,0,0,20,"both",0.309988758818787,0.569594468699321
"3894","session2",-6.85222019845247,10.0939425909746,3.13066596177098,0.000378642715424979,-0.562875120036736,0.744707741543692,0.934674538246587,19,2,100,0.309988758818787,0.569594468699321,39,1.44191235827246,0,-3.88439,245,0,0,20,"both",0.309988758818787,0.569594468699321
"3895","session2",-6.85222019845247,10.0939425909746,3.13066596177098,0.000378642715424979,-0.562875120036736,0.744707741543692,0.934674538246587,19,2,100,0.309988758818787,0.569594468699321,39,4.4245895767972,1,-1.94124,245,0,0,20,"both",0.309988758818787,0.569594468699321
"3896","session2",-6.85222019845247,10.0939425909746,3.13066596177098,0.000378642715424979,-0.562875120036736,0.744707741543692,0.934674538246587,19,2,100,0.309988758818787,0.569594468699321,39,1.22328872312632,0,-5.09477,245,0,0,20,"both",0.309988758818787,0.569594468699321
"3897","session2",-6.85222019845247,10.0939425909746,3.13066596177098,0.000378642715424979,-0.562875120036736,0.744707741543692,0.934674538246587,19,2,100,0.309988758818787,0.569594468699321,39,1.43751885193941,0,-16.915,245,0,0,20,"both",0.309988758818787,0.569594468699321
"3898","session2",-6.85222019845247,10.0939425909746,3.13066596177098,0.000378642715424979,-0.562875120036736,0.744707741543692,0.934674538246587,19,2,100,0.309988758818787,0.569594468699321,39,1.58558780828529,0,-16.56544,245,0,0,20,"both",0.309988758818787,0.569594468699321
"3899","session2",-6.85222019845247,10.0939425909746,3.13066596177098,0.000378642715424979,-0.562875120036736,0.744707741543692,0.934674538246587,19,2,100,0.309988758818787,0.569594468699321,39,7.22067948037658,0,-6.70441,245,0,0,20,"both",0.309988758818787,0.569594468699321
"3900","session2",-6.85222019845247,10.0939425909746,3.13066596177098,0.000378642715424979,-0.562875120036736,0.744707741543692,0.934674538246587,19,2,100,0.309988758818787,0.569594468699321,39,1.24037309100763,1,-5.08365,245,0,0,20,"both",0.309988758818787,0.569594468699321
"3901","session2",22.5219648780529,10.1947977983307,1.58772835932999,0.000223030935533938,0.602954575794051,0.453584053697357,0.614288437466964,20,2,100,0.309988758818787,0.569594468699321,40,2.58754297040362,0,9.6917220501,245,0,0,20,"both",0.309988758818787,0.569594468699321
"3902","session2",22.5219648780529,10.1947977983307,1.58772835932999,0.000223030935533938,0.602954575794051,0.453584053697357,0.614288437466964,20,2,100,0.309988758818787,0.569594468699321,40,3.90130694680787,0,11.107995405,245,0,0,20,"both",0.309988758818787,0.569594468699321
"3903","session2",22.5219648780529,10.1947977983307,1.58772835932999,0.000223030935533938,0.602954575794051,0.453584053697357,0.614288437466964,20,2,100,0.309988758818787,0.569594468699321,40,1.87854105873693,0,17.4606106378,245,0,0,20,"both",0.309988758818787,0.569594468699321
"3904","session2",22.5219648780529,10.1947977983307,1.58772835932999,0.000223030935533938,0.602954575794051,0.453584053697357,0.614288437466964,20,2,100,0.309988758818787,0.569594468699321,40,3.65413343788424,0,22.976349458,245,0,0,20,"both",0.309988758818787,0.569594468699321
"3905","session2",22.5219648780529,10.1947977983307,1.58772835932999,0.000223030935533938,0.602954575794051,0.453584053697357,0.614288437466964,20,2,100,0.309988758818787,0.569594468699321,40,2.44144838283726,0,-20.8129,245,0,0,20,"both",0.309988758818787,0.569594468699321
"3906","session2",22.5219648780529,10.1947977983307,1.58772835932999,0.000223030935533938,0.602954575794051,0.453584053697357,0.614288437466964,20,2,100,0.309988758818787,0.569594468699321,40,3.41159025682979,1,30.27897511,245,0,0,20,"both",0.309988758818787,0.569594468699321
"3907","session2",22.5219648780529,10.1947977983307,1.58772835932999,0.000223030935533938,0.602954575794051,0.453584053697357,0.614288437466964,20,2,100,0.309988758818787,0.569594468699321,40,2.81818930398792,1,26.38906,245,0,0,20,"both",0.309988758818787,0.569594468699321
"3908","session2",22.5219648780529,10.1947977983307,1.58772835932999,0.000223030935533938,0.602954575794051,0.453584053697357,0.614288437466964,20,2,100,0.309988758818787,0.569594468699321,40,2.83875752255764,0,19.92531,245,0,0,20,"both",0.309988758818787,0.569594468699321
"3909","session2",22.5219648780529,10.1947977983307,1.58772835932999,0.000223030935533938,0.602954575794051,0.453584053697357,0.614288437466964,20,2,100,0.309988758818787,0.569594468699321,40,8,0,16.2192,245,0,0,20,"both",0.309988758818787,0.569594468699321
"3910","session2",22.5219648780529,10.1947977983307,1.58772835932999,0.000223030935533938,0.602954575794051,0.453584053697357,0.614288437466964,20,2,100,0.309988758818787,0.569594468699321,40,2.3926983131825,0,24.6677347,245,0,0,20,"both",0.309988758818787,0.569594468699321
"3911","session2",22.5219648780529,10.1947977983307,1.58772835932999,0.000223030935533938,0.602954575794051,0.453584053697357,0.614288437466964,20,2,100,0.309988758818787,0.569594468699321,40,1.85937787058702,0,15.38221,245,0,0,20,"both",0.309988758818787,0.569594468699321
"3912","session2",22.5219648780529,10.1947977983307,1.58772835932999,0.000223030935533938,0.602954575794051,0.453584053697357,0.614288437466964,20,2,100,0.309988758818787,0.569594468699321,40,4.56076122159366,0,22.27697,245,0,0,20,"both",0.309988758818787,0.569594468699321
"3913","session2",22.5219648780529,10.1947977983307,1.58772835932999,0.000223030935533938,0.602954575794051,0.453584053697357,0.614288437466964,20,2,100,0.309988758818787,0.569594468699321,40,3.64265884532483,1,24.98366,245,0,0,20,"both",0.309988758818787,0.569594468699321
"3914","session2",22.5219648780529,10.1947977983307,1.58772835932999,0.000223030935533938,0.602954575794051,0.453584053697357,0.614288437466964,20,2,100,0.309988758818787,0.569594468699321,40,2.34153051036886,0,15.23242,245,0,0,20,"both",0.309988758818787,0.569594468699321
"3915","session2",22.5219648780529,10.1947977983307,1.58772835932999,0.000223030935533938,0.602954575794051,0.453584053697357,0.614288437466964,20,2,100,0.309988758818787,0.569594468699321,40,4.96807090488578,1,26.5887,245,0,0,20,"both",0.309988758818787,0.569594468699321
"3916","session2",22.5219648780529,10.1947977983307,1.58772835932999,0.000223030935533938,0.602954575794051,0.453584053697357,0.614288437466964,20,2,100,0.309988758818787,0.569594468699321,40,5.27823887408828,1,15.03975,245,0,0,20,"both",0.309988758818787,0.569594468699321
"3917","session2",22.5219648780529,10.1947977983307,1.58772835932999,0.000223030935533938,0.602954575794051,0.453584053697357,0.614288437466964,20,2,100,0.309988758818787,0.569594468699321,40,4.31147376166187,1,35.56484,245,0,0,20,"both",0.309988758818787,0.569594468699321
"3918","session2",22.5219648780529,10.1947977983307,1.58772835932999,0.000223030935533938,0.602954575794051,0.453584053697357,0.614288437466964,20,2,100,0.309988758818787,0.569594468699321,40,4.43350473201044,1,20.61746,245,0,0,20,"both",0.309988758818787,0.569594468699321
"3919","session2",22.5219648780529,10.1947977983307,1.58772835932999,0.000223030935533938,0.602954575794051,0.453584053697357,0.614288437466964,20,2,100,0.309988758818787,0.569594468699321,40,2.78816591755407,0,27.46906,245,0,0,20,"both",0.309988758818787,0.569594468699321
"3920","session2",22.5219648780529,10.1947977983307,1.58772835932999,0.000223030935533938,0.602954575794051,0.453584053697357,0.614288437466964,20,2,100,0.309988758818787,0.569594468699321,40,2.86946043213152,1,21.00265,245,0,0,20,"both",0.309988758818787,0.569594468699321
"3921","session2",22.5219648780529,10.1947977983307,1.58772835932999,0.000223030935533938,0.602954575794051,0.453584053697357,0.614288437466964,20,2,100,0.309988758818787,0.569594468699321,40,7.48967057603268,0,26.18191,245,0,0,20,"both",0.309988758818787,0.569594468699321
"3922","session2",22.5219648780529,10.1947977983307,1.58772835932999,0.000223030935533938,0.602954575794051,0.453584053697357,0.614288437466964,20,2,100,0.309988758818787,0.569594468699321,40,2.94699457903537,0,-31.2555,245,0,0,20,"both",0.309988758818787,0.569594468699321
"3923","session2",22.5219648780529,10.1947977983307,1.58772835932999,0.000223030935533938,0.602954575794051,0.453584053697357,0.614288437466964,20,2,100,0.309988758818787,0.569594468699321,40,6.15209652564397,0,22.18042,245,0,0,20,"both",0.309988758818787,0.569594468699321
"3924","session2",22.5219648780529,10.1947977983307,1.58772835932999,0.000223030935533938,0.602954575794051,0.453584053697357,0.614288437466964,20,2,100,0.309988758818787,0.569594468699321,40,1.42554584128835,1,42.988,245,0,0,20,"both",0.309988758818787,0.569594468699321
"3925","session2",22.5219648780529,10.1947977983307,1.58772835932999,0.000223030935533938,0.602954575794051,0.453584053697357,0.614288437466964,20,2,100,0.309988758818787,0.569594468699321,40,3.06471799542898,0,19.18785,245,0,0,20,"both",0.309988758818787,0.569594468699321
"3926","session2",22.5219648780529,10.1947977983307,1.58772835932999,0.000223030935533938,0.602954575794051,0.453584053697357,0.614288437466964,20,2,100,0.309988758818787,0.569594468699321,40,4.47150759735195,1,25.058244,245,0,0,20,"both",0.309988758818787,0.569594468699321
"3927","session2",22.5219648780529,10.1947977983307,1.58772835932999,0.000223030935533938,0.602954575794051,0.453584053697357,0.614288437466964,20,2,100,0.309988758818787,0.569594468699321,40,1.54781840374944,0,-9.4092,245,0,0,20,"both",0.309988758818787,0.569594468699321
"3928","session2",22.5219648780529,10.1947977983307,1.58772835932999,0.000223030935533938,0.602954575794051,0.453584053697357,0.614288437466964,20,2,100,0.309988758818787,0.569594468699321,40,2.0768571414221,1,24.41768,245,0,0,20,"both",0.309988758818787,0.569594468699321
"3929","session2",22.5219648780529,10.1947977983307,1.58772835932999,0.000223030935533938,0.602954575794051,0.453584053697357,0.614288437466964,20,2,100,0.309988758818787,0.569594468699321,40,2.45446125505864,1,17.57846,245,0,0,20,"both",0.309988758818787,0.569594468699321
"3930","session2",22.5219648780529,10.1947977983307,1.58772835932999,0.000223030935533938,0.602954575794051,0.453584053697357,0.614288437466964,20,2,100,0.309988758818787,0.569594468699321,40,1.57457452079516,1,37.92468,245,0,0,20,"both",0.309988758818787,0.569594468699321
"3931","session2",22.5219648780529,10.1947977983307,1.58772835932999,0.000223030935533938,0.602954575794051,0.453584053697357,0.614288437466964,20,2,100,0.309988758818787,0.569594468699321,40,3.27295862417518,0,11.61021,245,0,0,20,"both",0.309988758818787,0.569594468699321
"3932","session2",22.5219648780529,10.1947977983307,1.58772835932999,0.000223030935533938,0.602954575794051,0.453584053697357,0.614288437466964,20,2,100,0.309988758818787,0.569594468699321,40,3.92305255733457,0,11.3317,245,0,0,20,"both",0.309988758818787,0.569594468699321
"3933","session2",22.5219648780529,10.1947977983307,1.58772835932999,0.000223030935533938,0.602954575794051,0.453584053697357,0.614288437466964,20,2,100,0.309988758818787,0.569594468699321,40,2.13676141005616,1,23.6316,245,0,0,20,"both",0.309988758818787,0.569594468699321
"3934","session2",22.5219648780529,10.1947977983307,1.58772835932999,0.000223030935533938,0.602954575794051,0.453584053697357,0.614288437466964,20,2,100,0.309988758818787,0.569594468699321,40,2.52034279439553,0,9.0079,245,0,0,20,"both",0.309988758818787,0.569594468699321
"3935","session2",22.5219648780529,10.1947977983307,1.58772835932999,0.000223030935533938,0.602954575794051,0.453584053697357,0.614288437466964,20,2,100,0.309988758818787,0.569594468699321,40,4.15886891378525,0,24.26763,245,0,0,20,"both",0.309988758818787,0.569594468699321
"3936","session2",22.5219648780529,10.1947977983307,1.58772835932999,0.000223030935533938,0.602954575794051,0.453584053697357,0.614288437466964,20,2,100,0.309988758818787,0.569594468699321,40,4.65005515806772,0,18.38657,245,0,0,20,"both",0.309988758818787,0.569594468699321
"3937","session2",22.5219648780529,10.1947977983307,1.58772835932999,0.000223030935533938,0.602954575794051,0.453584053697357,0.614288437466964,20,2,100,0.309988758818787,0.569594468699321,40,3.1612524995641,1,18.77233,245,0,0,20,"both",0.309988758818787,0.569594468699321
"3938","session2",22.5219648780529,10.1947977983307,1.58772835932999,0.000223030935533938,0.602954575794051,0.453584053697357,0.614288437466964,20,2,100,0.309988758818787,0.569594468699321,40,3.79765662767809,1,29.92903,245,0,0,20,"both",0.309988758818787,0.569594468699321
"3939","session2",22.5219648780529,10.1947977983307,1.58772835932999,0.000223030935533938,0.602954575794051,0.453584053697357,0.614288437466964,20,2,100,0.309988758818787,0.569594468699321,40,7.81244475036833,0,12.3396,245,0,0,20,"both",0.309988758818787,0.569594468699321
"3940","session2",22.5219648780529,10.1947977983307,1.58772835932999,0.000223030935533938,0.602954575794051,0.453584053697357,0.614288437466964,20,2,100,0.309988758818787,0.569594468699321,40,3.02296402369898,0,12.6198,245,0,0,20,"both",0.309988758818787,0.569594468699321
"3941","session2",22.5219648780529,10.1947977983307,1.58772835932999,0.000223030935533938,0.602954575794051,0.453584053697357,0.614288437466964,20,2,100,0.309988758818787,0.569594468699321,40,3.97184908103128,0,17.45897,245,0,0,20,"both",0.309988758818787,0.569594468699321
"3942","session2",22.5219648780529,10.1947977983307,1.58772835932999,0.000223030935533938,0.602954575794051,0.453584053697357,0.614288437466964,20,2,100,0.309988758818787,0.569594468699321,40,1.47515881538379,0,13.73575,245,0,0,20,"both",0.309988758818787,0.569594468699321
"3943","session2",22.5219648780529,10.1947977983307,1.58772835932999,0.000223030935533938,0.602954575794051,0.453584053697357,0.614288437466964,20,2,100,0.309988758818787,0.569594468699321,40,2.47693329290089,1,27.36693,245,0,0,20,"both",0.309988758818787,0.569594468699321
"3944","session2",22.5219648780529,10.1947977983307,1.58772835932999,0.000223030935533938,0.602954575794051,0.453584053697357,0.614288437466964,20,2,100,0.309988758818787,0.569594468699321,40,4.92450139887199,1,26.72855,245,0,0,20,"both",0.309988758818787,0.569594468699321
"3945","session2",22.5219648780529,10.1947977983307,1.58772835932999,0.000223030935533938,0.602954575794051,0.453584053697357,0.614288437466964,20,2,100,0.309988758818787,0.569594468699321,40,1.487239774884,0,34.78877,245,0,0,20,"both",0.309988758818787,0.569594468699321
"3946","session2",22.5219648780529,10.1947977983307,1.58772835932999,0.000223030935533938,0.602954575794051,0.453584053697357,0.614288437466964,20,2,100,0.309988758818787,0.569594468699321,40,3.25114280082198,0,7.3884,245,0,0,20,"both",0.309988758818787,0.569594468699321
"3947","session2",22.5219648780529,10.1947977983307,1.58772835932999,0.000223030935533938,0.602954575794051,0.453584053697357,0.614288437466964,20,2,100,0.309988758818787,0.569594468699321,40,3.48387734144102,1,25.55959,245,0,0,20,"both",0.309988758818787,0.569594468699321
"3948","session2",22.5219648780529,10.1947977983307,1.58772835932999,0.000223030935533938,0.602954575794051,0.453584053697357,0.614288437466964,20,2,100,0.309988758818787,0.569594468699321,40,4.85808749367696,1,18.61058,245,0,0,20,"both",0.309988758818787,0.569594468699321
"3949","session2",22.5219648780529,10.1947977983307,1.58772835932999,0.000223030935533938,0.602954575794051,0.453584053697357,0.614288437466964,20,2,100,0.309988758818787,0.569594468699321,40,2.79250877652261,0,22.8087488,245,0,0,20,"both",0.309988758818787,0.569594468699321
"3950","session2",22.5219648780529,10.1947977983307,1.58772835932999,0.000223030935533938,0.602954575794051,0.453584053697357,0.614288437466964,20,2,100,0.309988758818787,0.569594468699321,40,1.60262799684043,1,32.91514,245,0,0,20,"both",0.309988758818787,0.569594468699321
"3951","session2",22.5219648780529,10.1947977983307,1.58772835932999,0.000223030935533938,0.602954575794051,0.453584053697357,0.614288437466964,20,2,100,0.309988758818787,0.569594468699321,40,2.01348367344087,1,38.8464,245,0,0,20,"both",0.309988758818787,0.569594468699321
"3952","session2",22.5219648780529,10.1947977983307,1.58772835932999,0.000223030935533938,0.602954575794051,0.453584053697357,0.614288437466964,20,2,100,0.309988758818787,0.569594468699321,40,3.3207634769724,0,15.3368,245,0,0,20,"both",0.309988758818787,0.569594468699321
"3953","session2",22.5219648780529,10.1947977983307,1.58772835932999,0.000223030935533938,0.602954575794051,0.453584053697357,0.614288437466964,20,2,100,0.309988758818787,0.569594468699321,40,2.14648283505768,0,16.46694,245,0,0,20,"both",0.309988758818787,0.569594468699321
"3954","session2",22.5219648780529,10.1947977983307,1.58772835932999,0.000223030935533938,0.602954575794051,0.453584053697357,0.614288437466964,20,2,100,0.309988758818787,0.569594468699321,40,3.36822254933268,0,10.9082,245,0,0,20,"both",0.309988758818787,0.569594468699321
"3955","session2",22.5219648780529,10.1947977983307,1.58772835932999,0.000223030935533938,0.602954575794051,0.453584053697357,0.614288437466964,20,2,100,0.309988758818787,0.569594468699321,40,2.29496395299463,0,15.86268,245,0,0,20,"both",0.309988758818787,0.569594468699321
"3956","session2",22.5219648780529,10.1947977983307,1.58772835932999,0.000223030935533938,0.602954575794051,0.453584053697357,0.614288437466964,20,2,100,0.309988758818787,0.569594468699321,40,1.70339259958892,0,8.6338,245,0,0,20,"both",0.309988758818787,0.569594468699321
"3957","session2",22.5219648780529,10.1947977983307,1.58772835932999,0.000223030935533938,0.602954575794051,0.453584053697357,0.614288437466964,20,2,100,0.309988758818787,0.569594468699321,40,3.0577424060078,1,35.3934,245,0,0,20,"both",0.309988758818787,0.569594468699321
"3958","session2",22.5219648780529,10.1947977983307,1.58772835932999,0.000223030935533938,0.602954575794051,0.453584053697357,0.614288437466964,20,2,100,0.309988758818787,0.569594468699321,40,2.4162069561785,1,36.03693,245,0,0,20,"both",0.309988758818787,0.569594468699321
"3959","session2",22.5219648780529,10.1947977983307,1.58772835932999,0.000223030935533938,0.602954575794051,0.453584053697357,0.614288437466964,20,2,100,0.309988758818787,0.569594468699321,40,3.30030779949765,1,29.80592,245,0,0,20,"both",0.309988758818787,0.569594468699321
"3960","session2",22.5219648780529,10.1947977983307,1.58772835932999,0.000223030935533938,0.602954575794051,0.453584053697357,0.614288437466964,20,2,100,0.309988758818787,0.569594468699321,40,2.59620050351653,1,35.7334,245,0,0,20,"both",0.309988758818787,0.569594468699321
"3961","session2",22.5219648780529,10.1947977983307,1.58772835932999,0.000223030935533938,0.602954575794051,0.453584053697357,0.614288437466964,20,2,100,0.309988758818787,0.569594468699321,40,1.73015136215584,0,8.8087,245,0,0,20,"both",0.309988758818787,0.569594468699321
"3962","session2",22.5219648780529,10.1947977983307,1.58772835932999,0.000223030935533938,0.602954575794051,0.453584053697357,0.614288437466964,20,2,100,0.309988758818787,0.569594468699321,40,3.0107934797654,1,30.61504,245,0,0,20,"both",0.309988758818787,0.569594468699321
"3963","session2",22.5219648780529,10.1947977983307,1.58772835932999,0.000223030935533938,0.602954575794051,0.453584053697357,0.614288437466964,20,2,100,0.309988758818787,0.569594468699321,40,4.82551631893111,0,18.98199,245,0,0,20,"both",0.309988758818787,0.569594468699321
"3964","session2",22.5219648780529,10.1947977983307,1.58772835932999,0.000223030935533938,0.602954575794051,0.453584053697357,0.614288437466964,20,2,100,0.309988758818787,0.569594468699321,40,3.99569576953996,0,14.07098,245,0,0,20,"both",0.309988758818787,0.569594468699321
"3965","session2",22.5219648780529,10.1947977983307,1.58772835932999,0.000223030935533938,0.602954575794051,0.453584053697357,0.614288437466964,20,2,100,0.309988758818787,0.569594468699321,40,2.16083459643065,0,16.77512,245,0,0,20,"both",0.309988758818787,0.569594468699321
"3966","session2",22.5219648780529,10.1947977983307,1.58772835932999,0.000223030935533938,0.602954575794051,0.453584053697357,0.614288437466964,20,2,100,0.309988758818787,0.569594468699321,40,2.37081943583067,1,28.66966,245,0,0,20,"both",0.309988758818787,0.569594468699321
"3967","session2",22.5219648780529,10.1947977983307,1.58772835932999,0.000223030935533938,0.602954575794051,0.453584053697357,0.614288437466964,20,2,100,0.309988758818787,0.569594468699321,40,2.48491920486213,1,29.24475,245,0,0,20,"both",0.309988758818787,0.569594468699321
"3968","session2",22.5219648780529,10.1947977983307,1.58772835932999,0.000223030935533938,0.602954575794051,0.453584053697357,0.614288437466964,20,2,100,0.309988758818787,0.569594468699321,40,3.65063371210961,0,14.46194,245,0,0,20,"both",0.309988758818787,0.569594468699321
"3969","session2",22.5219648780529,10.1947977983307,1.58772835932999,0.000223030935533938,0.602954575794051,0.453584053697357,0.614288437466964,20,2,100,0.309988758818787,0.569594468699321,40,5.53929082019647,1,28.60893,245,0,0,20,"both",0.309988758818787,0.569594468699321
"3970","session2",22.5219648780529,10.1947977983307,1.58772835932999,0.000223030935533938,0.602954575794051,0.453584053697357,0.614288437466964,20,2,100,0.309988758818787,0.569594468699321,40,1.8411754218289,0,30.1819,245,0,0,20,"both",0.309988758818787,0.569594468699321
"3971","session2",22.5219648780529,10.1947977983307,1.58772835932999,0.000223030935533938,0.602954575794051,0.453584053697357,0.614288437466964,20,2,100,0.309988758818787,0.569594468699321,40,2.55220794139042,1,30.39253,245,0,0,20,"both",0.309988758818787,0.569594468699321
"3972","session2",22.5219648780529,10.1947977983307,1.58772835932999,0.000223030935533938,0.602954575794051,0.453584053697357,0.614288437466964,20,2,100,0.309988758818787,0.569594468699321,40,2.5939620119372,0,27.88128,245,0,0,20,"both",0.309988758818787,0.569594468699321
"3973","session2",22.5219648780529,10.1947977983307,1.58772835932999,0.000223030935533938,0.602954575794051,0.453584053697357,0.614288437466964,20,2,100,0.309988758818787,0.569594468699321,40,3.55421536215364,1,26.86523,245,0,0,20,"both",0.309988758818787,0.569594468699321
"3974","session2",22.5219648780529,10.1947977983307,1.58772835932999,0.000223030935533938,0.602954575794051,0.453584053697357,0.614288437466964,20,2,100,0.309988758818787,0.569594468699321,40,1.84636642878919,0,15.50711,245,0,0,20,"both",0.309988758818787,0.569594468699321
"3975","session2",22.5219648780529,10.1947977983307,1.58772835932999,0.000223030935533938,0.602954575794051,0.453584053697357,0.614288437466964,20,2,100,0.309988758818787,0.569594468699321,40,2.06151209843687,0,15.56254,245,0,0,20,"both",0.309988758818787,0.569594468699321
"3976","session2",22.5219648780529,10.1947977983307,1.58772835932999,0.000223030935533938,0.602954575794051,0.453584053697357,0.614288437466964,20,2,100,0.309988758818787,0.569594468699321,40,2.27489592385195,1,33.42917,245,0,0,20,"both",0.309988758818787,0.569594468699321
"3977","session2",22.5219648780529,10.1947977983307,1.58772835932999,0.000223030935533938,0.602954575794051,0.453584053697357,0.614288437466964,20,2,100,0.309988758818787,0.569594468699321,40,2.44122861356956,1,27.71433,245,0,0,20,"both",0.309988758818787,0.569594468699321
"3978","session2",22.5219648780529,10.1947977983307,1.58772835932999,0.000223030935533938,0.602954575794051,0.453584053697357,0.614288437466964,20,2,100,0.309988758818787,0.569594468699321,40,2.21432732777403,1,34.77607,245,0,0,20,"both",0.309988758818787,0.569594468699321
"3979","session2",22.5219648780529,10.1947977983307,1.58772835932999,0.000223030935533938,0.602954575794051,0.453584053697357,0.614288437466964,20,2,100,0.309988758818787,0.569594468699321,40,2.34186420417773,1,36.5817,245,0,0,20,"both",0.309988758818787,0.569594468699321
"3980","session2",22.5219648780529,10.1947977983307,1.58772835932999,0.000223030935533938,0.602954575794051,0.453584053697357,0.614288437466964,20,2,100,0.309988758818787,0.569594468699321,40,2.39762581233362,1,30.09457,245,0,0,20,"both",0.309988758818787,0.569594468699321
"3981","session2",22.5219648780529,10.1947977983307,1.58772835932999,0.000223030935533938,0.602954575794051,0.453584053697357,0.614288437466964,20,2,100,0.309988758818787,0.569594468699321,40,6.44929049326385,1,26.97765,245,0,0,20,"both",0.309988758818787,0.569594468699321
"3982","session2",22.5219648780529,10.1947977983307,1.58772835932999,0.000223030935533938,0.602954575794051,0.453584053697357,0.614288437466964,20,2,100,0.309988758818787,0.569594468699321,40,2.37752273172635,1,18.79678,245,0,0,20,"both",0.309988758818787,0.569594468699321
"3983","session2",22.5219648780529,10.1947977983307,1.58772835932999,0.000223030935533938,0.602954575794051,0.453584053697357,0.614288437466964,20,2,100,0.309988758818787,0.569594468699321,40,3.04414535967597,1,28.60357,245,0,0,20,"both",0.309988758818787,0.569594468699321
"3984","session2",22.5219648780529,10.1947977983307,1.58772835932999,0.000223030935533938,0.602954575794051,0.453584053697357,0.614288437466964,20,2,100,0.309988758818787,0.569594468699321,40,3.45729870982118,1,28.45823,245,0,0,20,"both",0.309988758818787,0.569594468699321
"3985","session2",22.5219648780529,10.1947977983307,1.58772835932999,0.000223030935533938,0.602954575794051,0.453584053697357,0.614288437466964,20,2,100,0.309988758818787,0.569594468699321,40,3.15638485173571,0,17.01312,245,0,0,20,"both",0.309988758818787,0.569594468699321
"3986","session2",22.5219648780529,10.1947977983307,1.58772835932999,0.000223030935533938,0.602954575794051,0.453584053697357,0.614288437466964,20,2,100,0.309988758818787,0.569594468699321,40,3.89593084018794,1,28.71859,245,0,0,20,"both",0.309988758818787,0.569594468699321
"3987","session2",22.5219648780529,10.1947977983307,1.58772835932999,0.000223030935533938,0.602954575794051,0.453584053697357,0.614288437466964,20,2,100,0.309988758818787,0.569594468699321,40,3.10607404366844,0,27.09409,245,0,0,20,"both",0.309988758818787,0.569594468699321
"3988","session2",22.5219648780529,10.1947977983307,1.58772835932999,0.000223030935533938,0.602954575794051,0.453584053697357,0.614288437466964,20,2,100,0.309988758818787,0.569594468699321,40,2.70089223283881,1,32.64636,245,0,0,20,"both",0.309988758818787,0.569594468699321
"3989","session2",22.5219648780529,10.1947977983307,1.58772835932999,0.000223030935533938,0.602954575794051,0.453584053697357,0.614288437466964,20,2,100,0.309988758818787,0.569594468699321,40,1.53112759114088,0,14.72913,245,0,0,20,"both",0.309988758818787,0.569594468699321
"3990","session2",22.5219648780529,10.1947977983307,1.58772835932999,0.000223030935533938,0.602954575794051,0.453584053697357,0.614288437466964,20,2,100,0.309988758818787,0.569594468699321,40,3.0760882792637,0,28.51366,245,0,0,20,"both",0.309988758818787,0.569594468699321
"3991","session2",22.5219648780529,10.1947977983307,1.58772835932999,0.000223030935533938,0.602954575794051,0.453584053697357,0.614288437466964,20,2,100,0.309988758818787,0.569594468699321,40,3.28894827395009,1,31.78268,245,0,0,20,"both",0.309988758818787,0.569594468699321
"3992","session2",22.5219648780529,10.1947977983307,1.58772835932999,0.000223030935533938,0.602954575794051,0.453584053697357,0.614288437466964,20,2,100,0.309988758818787,0.569594468699321,40,4.74263710458623,1,29.40894,245,0,0,20,"both",0.309988758818787,0.569594468699321
"3993","session2",22.5219648780529,10.1947977983307,1.58772835932999,0.000223030935533938,0.602954575794051,0.453584053697357,0.614288437466964,20,2,100,0.309988758818787,0.569594468699321,40,2.20647314251677,1,28.69444,245,0,0,20,"both",0.309988758818787,0.569594468699321
"3994","session2",22.5219648780529,10.1947977983307,1.58772835932999,0.000223030935533938,0.602954575794051,0.453584053697357,0.614288437466964,20,2,100,0.309988758818787,0.569594468699321,40,2.36665387684299,0,19.36162,245,0,0,20,"both",0.309988758818787,0.569594468699321
"3995","session2",22.5219648780529,10.1947977983307,1.58772835932999,0.000223030935533938,0.602954575794051,0.453584053697357,0.614288437466964,20,2,100,0.309988758818787,0.569594468699321,40,3.2419850657868,1,19.95479,245,0,0,20,"both",0.309988758818787,0.569594468699321
"3996","session2",22.5219648780529,10.1947977983307,1.58772835932999,0.000223030935533938,0.602954575794051,0.453584053697357,0.614288437466964,20,2,100,0.309988758818787,0.569594468699321,40,2.95055550518465,0,15.86278,245,0,0,20,"both",0.309988758818787,0.569594468699321
"3997","session2",22.5219648780529,10.1947977983307,1.58772835932999,0.000223030935533938,0.602954575794051,0.453584053697357,0.614288437466964,20,2,100,0.309988758818787,0.569594468699321,40,2.4270673773215,0,15.28597,245,0,0,20,"both",0.309988758818787,0.569594468699321
"3998","session2",22.5219648780529,10.1947977983307,1.58772835932999,0.000223030935533938,0.602954575794051,0.453584053697357,0.614288437466964,20,2,100,0.309988758818787,0.569594468699321,40,2.24618739527556,0,18.02655,245,0,0,20,"both",0.309988758818787,0.569594468699321
"3999","session2",22.5219648780529,10.1947977983307,1.58772835932999,0.000223030935533938,0.602954575794051,0.453584053697357,0.614288437466964,20,2,100,0.309988758818787,0.569594468699321,40,5.57873083359789,0,19.32624,245,0,0,20,"both",0.309988758818787,0.569594468699321
"4000","session2",22.5219648780529,10.1947977983307,1.58772835932999,0.000223030935533938,0.602954575794051,0.453584053697357,0.614288437466964,20,2,100,0.309988758818787,0.569594468699321,40,1.59834290335146,0,16.82768,245,0,0,20,"both",0.309988758818787,0.569594468699321
